AvaFrame/avaframe/data/avaAlr/Avaflow_Input_fs/alr_results/alr_ascii/alr_elev_mod.asc
ncols 104
nrows 229
xllcenter 255202.08
yllcenter 377301.00
cellsize 20.00
NODATA_value -9999.000
[rows 174 to 202 of 229, columns 0 to 64 of 104]
-9999.000 -9999.000 -9999.000 -9999.000 -9999.000 708.999 716.669 727.595 750.321 750.000 750.634 754.616 760.730 770.560 780.312 791.424 793.425 794.086 792.215 789.093 785.526 784.363 783.087 775.187 764.441 752.533 741.441 740.203 734.564 730.954 729.091 730.314 732.740 731.936 732.081 732.269 732.941 731.596 731.605 732.141 732.485 735.309 740.039 744.966 749.336 754.197 757.569 755.965 753.830 753.754 759.054 762.081 754.771 758.429 755.791 746.286 744.821 751.433 747.736 750.454 756.667 753.845 744.163 734.451 724.143
-9999.000 -9999.000 -9999.000 -9999.000 -9999.000 709.052 716.596 732.222 748.022 746.126 746.825 749.461 756.650 766.147 777.014 788.164 783.114 782.473 781.919 779.709 776.972 774.693 772.420 770.242 766.135 757.570 745.754 734.200 727.802 724.591 721.765 721.381 724.566 724.567 725.249 725.050 726.054 728.282 728.852 727.394 727.353 726.999 730.402 735.722 739.679 743.909 746.246 746.908 744.243 742.983 750.660 751.029 746.380 747.022 746.709 739.317 735.461 741.608 740.382 741.188 746.311 745.630 736.637 727.329 717.772
-9999.000 -9999.000 -9999.000 -9999.000 -9999.000 712.964 721.059 733.376 741.428 738.504 738.602 745.676 751.748 761.763 773.702 778.501 775.487 772.754 771.118 769.737 767.252 764.713 761.679 760.214 758.390 756.692 750.466 739.140 725.996 721.393 720.407 718.415 715.664 717.277 719.990 721.817 721.634 722.381 724.115 723.367 724.463 724.365 722.881 725.146 729.502 734.369 735.846 737.146 736.679 734.812 740.440 739.776 736.412 736.255 736.532 731.428 728.324 731.796 732.293 732.668 736.003 736.351 729.148 719.510 712.749
-9999.000 -9999.000 -9999.000 -9999.000 -9999.000 713.086 716.900 721.997 725.634 728.090 730.753 737.362 747.376 755.477 764.329 768.225 765.206 763.886 761.303 759.929 756.728 755.731 752.944 750.748 748.671 747.547 746.694 742.956 732.157 722.032 718.867 715.475 713.816 715.694 718.440 717.690 718.179 719.477 719.554 719.054 722.719 723.598 720.032 717.725 717.882 724.100 725.346 726.639 726.029 729.090 729.426 728.693 726.411 725.913 725.669 722.804 722.047 722.417 723.170 724.255 725.556 727.615 724.883 713.191 709.423
-9999.000 -9999.000 -9999.000 -9999.000 -9999.000 708.932 708.307 712.467 715.251 717.287 723.214 730.762 738.826 746.314 754.878 759.206 757.242 755.868 754.228 752.977 749.686 748.426 744.849 742.409 741.305 739.786 738.200 737.193 736.141 727.664 716.014 713.074 710.482 710.706 712.574 715.000 714.823 715.892 715.567 714.727 715.392 719.013 716.182 713.743 712.931 712.428 715.821 719.434 718.990 718.421 718.900 718.386 717.653 716.535 715.609 715.433 715.379 714.658 715.171 715.792 716.622 721.648 720.162 709.195 705.438
-9999.000 -9999.000 -9999.000 -9999.000 -9999.000 -9999.000 705.450 704.066 706.428 711.423 714.689 722.492 729.788 738.347 747.283 751.669 751.362 748.129 748.616 748.296 747.258 741.461 738.595 736.785 734.704 734.152 732.279 731.882 730.404 729.074 725.922 714.080 707.760 708.099 706.761 707.580 712.410 712.291 710.861 710.447 712.152 709.839 711.862 709.552 708.615 709.001 709.895 714.385 713.207 711.769 708.733 707.418 707.357 707.526 707.069 707.648 708.303 707.866 708.764 709.263 709.934 713.607 709.773 702.111 701.302
-9999.000 -9999.000 -9999.000 -9999.000 -9999.000 -9999.000 704.086 702.407 701.337 702.128 707.182 713.610 722.967 731.439 741.722 746.248 745.403 744.049 743.240 743.600 741.564 738.172 735.775 734.289 735.434 732.756 732.153 731.870 729.200 728.899 726.799 723.679 710.681 704.432 704.430 703.390 705.052 709.128 709.495 709.341 708.876 708.254 706.711 705.627 705.408 704.784 703.325 705.677 706.375 704.259 701.348 699.601 699.984 700.341 700.121 701.026 701.602 701.340 701.102 701.203 701.578 701.842 699.186 696.401 697.391
-9999.000 -9999.000 -9999.000 -9999.000 -9999.000 -9999.000 705.285 701.271 699.620 698.453 699.579 706.419 714.880 726.219 739.376 744.804 743.368 742.110 741.028 739.934 738.741 735.929 734.593 733.332 732.071 731.689 731.130 729.583 728.196 726.856 725.936 724.040 714.833 702.987 702.880 701.194 701.142 706.242 704.630 704.182 704.135 703.839 703.092 701.644 701.534 700.375 699.526 699.463 698.659 697.302 695.659 694.342 693.935 693.983 694.073 694.360 694.906 695.036 694.535 694.213 692.645 690.629 690.321 691.569 692.366
-9999.000 -9999.000 -9999.000 -9999.000 -9999.000 -9999.000 710.343 703.132 698.165 696.666 695.875 700.447 711.059 718.183 734.000 742.660 742.218 741.606 740.150 738.546 736.829 734.760 732.267 731.301 728.194 726.105 725.472 725.289 726.704 726.401 724.468 722.299 710.045 700.505 699.582 699.561 699.062 701.074 702.168 701.763 700.907 699.960 698.698 698.730 697.114 696.199 695.643 695.795 693.672 691.347 689.847 687.737 686.955 688.004 688.230 688.781 689.312 688.933 688.238 687.967 686.601 684.781 685.429 687.426 688.546
-9999.000 -9999.000 -9999.000 -9999.000 -9999.000 -9999.000 711.845 707.940 699.668 694.168 693.337 696.235 701.364 714.172 724.283 740.729 742.184 739.987 738.572 737.326 733.606 728.948 722.707 720.118 717.509 715.237 713.818 714.838 717.728 718.481 715.496 710.974 701.469 699.742 698.262 696.217 697.407 698.459 699.036 697.828 698.289 697.158 695.694 694.779 693.569 692.624 691.818 691.201 688.964 686.268 683.782 682.210 681.501 682.083 682.450 682.876 683.545 683.459 682.617 681.513 680.693 680.685 682.227 683.842 684.430
-9999.000 -9999.000 -9999.000 -9999.000 -9999.000 -9999.000 721.519 712.978 702.704 692.382 690.292 691.411 696.375 705.291 718.419 735.041 740.964 736.196 730.839 726.993 723.638 719.162 713.200 708.230 707.391 706.641 705.840 705.961 706.347 704.775 702.950 701.211 698.111 693.022 693.482 693.374 692.653 696.584 697.252 694.472 693.182 693.004 692.847 692.018 690.175 689.555 688.467 688.238 685.979 682.721 680.838 679.203 677.941 676.869 676.942 677.577 677.671 677.656 677.175 676.385 676.631 677.032 677.841 678.858 679.653
-9999.000 -9999.000 -9999.000 -9999.000 -9999.000 -9999.000 723.341 712.770 703.834 692.702 688.017 689.177 692.876 698.693 714.575 721.521 729.974 725.010 719.355 715.363 711.582 709.734 705.893 703.042 700.098 698.703 697.718 697.118 696.644 695.668 695.088 694.980 692.073 686.966 688.374 689.234 692.538 691.057 692.126 692.208 691.395 690.766 690.241 689.167 687.957 687.250 685.763 684.656 682.708 679.894 677.811 676.166 674.736 673.448 672.428 672.151 672.582 672.372 671.688 671.253 672.389 673.108 674.005 674.788 675.492
-9999.000 -9999.000 -9999.000 -9999.000 -9999.000 -9999.000 -9999.000 704.957 702.962 691.494 686.378 687.021 689.119 695.980 707.819 718.376 717.348 715.865 711.514 706.602 702.587 700.429 699.894 694.589 692.756 692.836 691.935 691.010 690.225 690.092 690.879 691.388 684.590 684.515 685.235 686.871 691.637 688.019 692.058 689.895 688.699 687.981 687.687 687.410 684.767 683.511 682.912 680.626 680.093 677.410 675.120 673.374 671.691 670.513 668.048 666.796 668.238 667.037 667.163 667.210 668.371 669.222 670.091 670.332 670.339
-9999.000 -9999.000 -9999.000 -9999.000 -9999.000 -9999.000 -9999.000 698.831 699.776 689.647 684.132 684.166 686.116 693.100 703.550 711.254 711.354 706.397 702.734 700.048 695.852 692.815 689.960 688.117 686.052 685.638 685.214 685.159 685.657 686.486 687.555 687.377 681.199 681.663 682.338 685.829 688.741 686.368 688.208 686.385 685.818 685.654 685.050 683.691 682.217 679.996 678.747 678.391 677.641 675.269 672.852 669.213 666.862 666.770 665.392 665.471 665.516 663.993 663.946 664.229 664.512 667.940 668.993 669.936 670.027
-9999.000 -9999.000 -9999.000 -9999.000 -9999.000 -9999.000 -9999.000 702.584 696.513 687.645 681.744 681.511 682.284 688.543 697.285 704.932 703.437 699.507 695.713 691.867 689.261 686.695 684.810 683.370 682.312 681.955 681.611 682.139 682.830 683.703 684.803 683.398 678.688 678.869 679.429 683.936 686.691 686.455 684.371 684.177 682.908 681.963 680.867 680.810 678.933 678.092 676.818 676.580 674.390 672.547 670.902 668.461 666.098 664.914 662.674 661.488 660.886 661.562 660.668 661.246 661.759 660.119 663.430 663.373 663.484
-9999.000 -9999.000 -9999.000 -9999.000 -9999.000 -9999.000 -9999.000 704.159 693.186 686.074 679.446 678.843 679.238 682.528 690.762 699.641 697.648 693.162 690.310 688.006 685.753 683.472 681.862 680.560 679.796 679.387 679.179 679.690 680.581 681.716 682.676 680.951 676.561 676.484 677.097 682.527 685.556 684.141 682.103 682.012 681.277 680.202 678.138 677.880 677.579 676.320 673.736 672.468 671.938 670.477 668.248 665.334 664.126 662.246 658.210 657.939 657.272 657.729 656.511 654.967 656.921 655.594 656.407 656.533 657.985
-9999.000 -9999.000 -9999.000 -9999.000 -9999.000 -9999.000 -9999.000 707.182 693.698 684.842 677.298 676.362 676.547 679.895 687.077 694.837 693.203 690.891 687.938 686.262 684.122 682.263 680.457 678.967 677.787 677.625 677.240 677.588 678.386 679.584 680.579 679.366 673.855 673.718 674.612 679.233 681.548 680.825 680.518 678.595 679.202 677.029 675.862 675.922 672.098 673.382 670.348 669.487 667.678 667.352 666.680 664.665 661.503 659.500 657.963 657.658 652.507 651.499 651.494 650.746 651.336 654.157 653.933 653.533 652.938
-9999.000 -9999.000 -9999.000 -9999.000 -9999.000 -9999.000 -9999.000 -9999.000 695.985 687.212 675.573 674.130 674.037 678.101 685.633 693.781 691.700 689.722 687.649 685.391 683.337 681.276 679.514 677.924 676.746 676.292 675.678 675.814 676.529 677.214 677.723 675.572 670.945 670.967 671.463 677.752 678.201 678.315 677.552 677.170 675.557 673.729 674.397 671.320 671.839 668.794 668.002 666.303 665.251 666.264 663.272 663.785 659.703 658.855 655.014 651.495 650.360 649.166 648.737 648.856 648.587 650.411 650.503 650.447 650.993
-9999.000 -9999.000 -9999.000 -9999.000 -9999.000 -9999.000 -9999.000 -9999.000 693.727 684.664 675.175 671.988 671.441 676.260 682.968 689.725 691.018 688.759 686.695 684.731 682.678 680.728 678.800 677.229 675.885 674.995 674.322 674.084 674.573 674.905 675.169 670.711 668.195 668.408 669.039 673.521 676.461 675.770 673.656 673.538 672.231 670.712 670.738 668.113 667.037 667.202 665.321 665.246 663.260 662.568 661.862 660.154 658.709 655.397 651.354 649.813 648.504 647.307 646.736 646.402 646.499 647.033 646.734 647.457 648.243
-9999.000 -9999.000 -9999.000 -9999.000 -9999.000 -9999.000 -9999.000 -9999.000 690.372 682.238 673.954 669.195 668.744 673.617 677.285 683.286 689.384 687.880 685.956 683.853 682.118 680.242 678.318 676.498 675.114 674.093 673.321 672.810 672.753 672.828 672.408 666.574 665.542 666.006 666.615 671.719 673.445 673.051 673.618 672.032 670.791 669.452 668.393 667.325 665.875 663.890 663.663 662.680 661.865 660.994 659.042 657.181 655.470 652.775 650.493 648.053 646.462 645.585 644.780 644.526 644.468 645.686 645.094 645.217 646.961
-9999.000 -9999.000 -9999.000 -9999.000 -9999.000 -9999.000 -9999.000 -9999.000 692.713 680.755 672.814 667.269 666.479 667.992 672.810 677.468 680.852 685.217 685.217 683.321 681.047 679.462 677.728 675.881 674.521 673.663 672.614 671.539 670.984 670.685 669.757 663.538 663.321 663.644 664.956 671.110 671.586 671.486 670.409 670.077 668.301 667.052 667.076 666.050 664.218 662.324 660.371 660.653 659.823 657.179 655.547 654.663 653.266 651.545 648.726 646.470 644.955 643.236 643.370 642.624 642.231 642.240 640.708 641.566 642.512
-9999.000 -9999.000 -9999.000 -9999.000 -9999.000 -9999.000 -9999.000 -9999.000 691.950 681.836 673.511 665.753 664.403 663.709 668.148 672.720 675.912 678.325 683.107 682.332 680.499 678.952 677.194 675.558 673.966 672.719 671.569 670.409 669.450 667.731 663.849 661.051 661.241 661.522 663.724 669.012 668.881 668.428 669.556 668.760 666.995 666.386 665.398 663.551 662.389 661.224 658.603 659.017 655.686 654.431 652.660 650.927 650.117 649.611 647.461 644.137 643.645 640.757 639.216 638.791 638.351 638.612 639.084 639.750 640.375
-9999.000 -9999.000 -9999.000 -9999.000 -9999.000 -9999.000 -9999.000 -9999.000 -9999.000 679.691 673.129 665.885 661.007 660.782 663.427 668.183 670.561 673.572 677.883 681.150 679.922 678.314 676.721 674.952 673.380 671.986 670.439 669.303 668.049 664.076 660.243 658.778 658.880 659.261 661.296 667.046 666.327 666.598 666.136 666.282 664.984 663.812 663.153 662.067 660.759 659.548 657.806 654.990 654.771 652.280 651.287 647.956 647.853 646.420 644.730 641.710 640.785 638.347 637.294 637.093 636.240 635.879 636.981 637.291 638.482
-9999.000 -9999.000 -9999.000 -9999.000 -9999.000 -9999.000 -9999.000 -9999.000 -9999.000 680.110 672.111 664.582 659.352 658.232 657.866 662.838 665.972 670.399 673.462 678.666 678.323 677.126 675.668 674.159 672.783 671.536 670.149 668.999 667.329 662.195 657.195 655.738 656.008 656.087 656.554 665.296 664.510 664.202 663.589 663.513 661.924 663.100 661.383 659.917 658.592 657.823 655.895 654.626 652.226 650.356 649.576 647.175 646.624 644.496 642.604 641.565 639.385 636.787 636.432 634.613 634.514 634.698 635.350 634.851 635.271
-9999.000 -9999.000 -9999.000 -9999.000 -9999.000 -9999.000 -9999.000 -9999.000 -9999.000 679.193 671.437 664.971 658.387 654.952 654.040 657.095 661.481 665.090 668.719 672.202 676.550 675.533 674.278 672.725 671.944 670.936 669.844 668.536 667.275 661.496 654.633 653.076 652.723 652.094 654.096 660.370 663.056 662.010 661.577 660.327 661.372 659.890 659.466 658.935 656.528 655.907 654.764 653.150 650.687 649.598 647.759 646.930 644.500 643.668 642.251 640.513 637.632 636.221 634.533 634.523 633.768 633.970 633.877 633.200 633.733
-9999.000 -9999.000 -9999.000 -9999.000 -9999.000 -9999.000 -9999.000 -9999.000 -9999.000 675.634 670.352 664.882 658.201 652.716 651.318 651.667 654.444 659.313 662.922 667.247 671.295 673.670 672.741 671.440 670.232 668.991 668.932 667.605 664.769 660.735 654.390 651.387 651.309 650.601 651.267 652.874 659.641 660.768 659.606 659.789 659.498 657.936 657.938 656.819 656.491 653.522 652.231 651.026 648.743 646.908 646.437 645.266 643.102 642.781 641.197 639.821 637.453 635.526 634.715 633.825 632.291 632.288 632.294 631.751 631.324
-9999.000 -9999.000 -9999.000 -9999.000 -9999.000 -9999.000 -9999.000 -9999.000 -9999.000 671.256 665.999 662.735 656.331 652.102 649.861 648.813 649.818 653.084 657.653 662.676 668.162 670.200 669.564 668.741 667.482 666.268 663.500 662.257 661.513 658.170 650.634 649.085 648.634 647.583 648.897 649.401 654.087 658.831 658.717 656.166 656.272 655.667 656.007 654.485 652.916 650.781 649.631 648.489 647.198 644.939 643.938 642.575 641.391 641.559 639.945 638.032 636.849 635.614 634.620 633.617 632.416 631.278 630.822 630.051 630.513
-9999.000 -9999.000 -9999.000 -9999.000 -9999.000 -9999.000 -9999.000 -9999.000 -9999.000 665.129 661.183 658.638 655.387 651.291 648.995 646.406 645.655 646.771 652.343 659.527 664.335 668.694 667.668 666.556 664.143 662.510 661.806 657.636 654.464 648.232 645.220 644.981 646.204 646.123 646.099 646.970 649.451 654.725 654.387 656.544 653.711 653.983 652.206 651.512 651.513 649.190 648.078 646.667 645.357 644.012 642.297 640.940 640.101 639.127 639.017 636.788 635.520 634.521 634.595 634.632 632.114 630.819 629.899 628.873 628.790
-9999.000 -9999.000 -9999.000 -9999.000 -9999.000 -9999.000 -9999.000 -9999.000 -9999.000 -9999.000 657.158 654.944 653.314 649.914 647.216 645.087 643.842 643.157 643.245 648.938 644.617 650.907 654.268 655.282 654.398 652.403 649.524 646.225 640.850 640.478 641.927 641.969 642.471 642.200 642.884 642.584 646.855 651.571 653.108 652.884 652.408 650.362 650.985 648.572 648.268 648.030 645.914 644.720 644.200 643.402 640.507 639.561 638.441 637.659 636.543 636.709 635.526 633.880 632.892 632.372 631.768 631.179 630.988 630.490 629.740
