AvaFrame/avaframe/data/avaAlr/Avaflow_Input_fs/alr_results/alr_ascii/alr_elev_mod.asc
ncols 104
nrows 229
xllcenter 255202.08
yllcenter 377301.00
cellsize 20.00
NODATA_value -9999.000
[rows 87 to 115 of 229, columns 0 to 64 of 104]
1243.151 1257.206 1267.029 1272.134 1274.619 1277.483 1282.556 1285.483 1288.763 1293.983 1296.694 1298.903 1298.840 1300.938 1302.619 1310.603 1315.425 1319.330 1322.410 1323.771 1323.778 1318.692 1311.290 1310.838 1315.716 1320.545 1325.332 1327.333 1330.997 1335.689 1336.147 1328.377 1324.327 1323.766 1321.696 1318.789 1318.523 1315.929 1315.523 1314.368 1306.629 1297.317 1279.676 1276.818 1271.635 1263.214 1244.057 1226.754 1210.489 1194.664 1178.512 1160.756 1142.603 1144.093 1136.667 1141.294 1122.280 1142.773 1143.541 1151.051 1150.174 1136.789 1126.792 1121.259 1116.782
1242.377 1251.933 1256.564 1261.175 1263.787 1268.026 1271.943 1275.398 1278.868 1284.419 1286.372 1286.525 1286.793 1290.023 1297.841 1302.536 1307.178 1311.033 1312.664 1313.733 1313.814 1310.860 1303.377 1301.518 1307.049 1312.848 1314.287 1318.415 1324.250 1326.304 1325.655 1318.264 1316.334 1315.419 1313.615 1309.960 1307.064 1306.635 1307.861 1308.680 1294.772 1283.513 1268.827 1259.256 1255.286 1248.922 1251.945 1232.934 1219.796 1204.827 1189.897 1162.390 1141.814 1125.599 1124.559 1117.956 1110.836 1128.098 1127.236 1131.902 1139.621 1131.159 1115.583 1109.117 1104.864
1235.590 1242.142 1248.044 1250.181 1251.880 1260.668 1264.007 1265.527 1270.216 1274.557 1274.510 1274.543 1278.416 1285.682 1291.532 1294.009 1299.256 1302.228 1304.193 1304.483 1304.425 1302.312 1300.675 1292.337 1296.338 1301.019 1305.372 1312.986 1315.497 1316.284 1313.680 1307.562 1308.052 1307.605 1305.602 1301.308 1293.732 1292.764 1294.482 1296.066 1283.388 1270.700 1260.335 1245.382 1240.300 1237.112 1243.427 1222.573 1215.155 1198.837 1182.275 1168.185 1150.960 1131.671 1115.928 1103.952 1096.917 1105.985 1111.978 1114.969 1123.618 1127.239 1112.505 1096.622 1093.029
1224.705 1231.855 1237.035 1237.734 1243.487 1253.142 1256.880 1257.198 1261.409 1262.814 1263.717 1267.738 1274.806 1278.733 1282.578 1287.369 1291.794 1293.871 1294.823 1296.141 1294.626 1293.872 1293.850 1286.120 1284.443 1291.469 1300.913 1305.430 1305.818 1305.782 1303.188 1300.554 1300.565 1299.901 1297.055 1287.337 1277.398 1277.530 1280.877 1280.382 1269.761 1259.457 1249.122 1234.635 1227.118 1226.459 1227.853 1209.569 1199.481 1192.998 1168.824 1155.659 1142.337 1126.397 1112.281 1105.927 1093.109 1093.975 1095.935 1106.551 1108.401 1113.753 1101.193 1087.780 1081.634
1215.399 1222.980 1224.375 1227.329 1236.104 1246.537 1251.704 1250.665 1251.692 1253.102 1257.235 1262.135 1268.446 1271.194 1276.048 1280.904 1283.643 1285.429 1286.151 1288.771 1286.620 1284.242 1284.194 1279.160 1277.706 1285.230 1291.448 1293.507 1294.012 1295.707 1294.837 1293.174 1294.329 1286.970 1278.720 1269.564 1263.273 1261.833 1271.153 1271.406 1256.351 1246.971 1232.672 1222.964 1216.105 1220.591 1215.478 1199.293 1185.342 1177.251 1166.079 1149.303 1134.952 1122.068 1107.650 1100.141 1092.461 1083.247 1085.779 1097.027 1091.399 1100.422 1096.790 1080.015 1071.262
1206.394 1213.526 1213.088 1218.828 1230.269 1241.374 1246.090 1246.651 1245.458 1248.085 1251.868 1257.939 1261.544 1264.112 1269.675 1273.603 1274.989 1276.583 1278.968 1280.825 1278.713 1275.744 1273.998 1268.080 1272.676 1278.137 1280.151 1280.435 1282.169 1286.734 1288.360 1284.924 1280.406 1270.826 1264.817 1254.886 1250.143 1248.167 1257.319 1260.324 1251.128 1233.568 1221.038 1209.570 1204.222 1211.733 1216.056 1203.412 1177.826 1163.063 1156.723 1150.471 1133.820 1118.462 1106.151 1095.873 1087.763 1077.285 1076.977 1076.695 1076.636 1080.523 1080.854 1078.296 1063.181
1199.412 1201.149 1203.347 1213.741 1226.382 1234.137 1240.898 1245.406 1248.152 1244.078 1246.989 1251.520 1253.871 1258.744 1262.535 1264.830 1266.710 1268.567 1271.900 1272.974 1270.411 1268.711 1264.850 1261.435 1268.500 1269.821 1269.261 1270.680 1272.915 1277.563 1276.784 1270.399 1265.660 1257.944 1252.458 1245.907 1236.330 1234.153 1241.651 1248.649 1241.188 1230.511 1212.891 1198.791 1194.104 1201.663 1203.126 1187.204 1171.985 1155.824 1143.577 1133.564 1122.173 1108.931 1097.919 1089.408 1081.615 1075.839 1067.595 1068.476 1066.861 1061.265 1064.939 1068.167 1054.985
-9999.000 1189.615 1196.925 1209.283 1219.992 1226.468 1233.864 1238.663 1241.441 1238.766 1240.461 1244.322 1247.379 1252.678 1254.959 1256.521 1259.455 1262.090 1264.163 1265.346 1263.476 1260.626 1257.408 1254.624 1261.702 1261.727 1261.539 1264.055 1265.830 1264.677 1261.019 1254.573 1247.574 1245.032 1239.631 1235.231 1224.390 1221.540 1229.996 1232.708 1226.099 1220.238 1207.330 1191.581 1183.544 1192.750 1195.655 1180.857 1166.055 1152.181 1136.838 1125.984 1113.896 1102.403 1091.960 1084.018 1076.971 1072.267 1066.828 1060.650 1058.617 1055.785 1051.375 1049.078 1045.604
-9999.000 1182.796 1192.963 1204.632 1213.890 1219.575 1225.854 1229.479 1231.080 1230.799 1234.635 1238.056 1242.586 1245.121 1247.057 1249.569 1252.919 1256.492 1257.517 1258.633 1256.557 1253.233 1249.170 1248.361 1254.250 1255.254 1255.288 1254.601 1251.506 1249.798 1246.919 1240.939 1233.419 1230.928 1223.841 1220.925 1214.976 1208.049 1217.341 1217.152 1212.474 1207.307 1197.293 1184.803 1173.819 1186.484 1193.954 1177.595 1163.440 1148.291 1138.441 1124.564 1112.740 1100.976 1090.428 1081.928 1074.389 1069.225 1064.054 1057.729 1051.991 1050.880 1046.740 1042.189 1040.218
-9999.000 1179.614 1192.497 1203.026 1209.331 1213.780 1217.594 1219.069 1221.977 1226.231 1230.275 1232.977 1235.251 1241.982 1242.345 1245.156 1247.626 1250.417 1251.932 1250.186 1248.888 1246.052 1240.045 1244.612 1248.154 1246.837 1243.128 1241.163 1238.448 1238.015 1235.404 1228.814 1221.653 1218.579 1212.295 1207.481 1203.669 1195.695 1205.224 1203.770 1199.781 1196.613 1184.279 1172.520 1165.647 1178.048 1182.705 1181.115 1168.764 1157.177 1144.922 1132.262 1117.017 1105.774 1097.820 1088.645 1078.940 1068.993 1061.791 1056.187 1050.933 1043.096 1039.631 1039.160 1035.867
-9999.000 1180.658 1192.689 1197.347 1202.713 1207.957 1210.121 1213.518 1218.396 1220.398 1223.739 1225.280 1232.191 1233.271 1235.385 1239.519 1241.623 1243.343 1243.165 1242.161 1243.315 1240.219 1231.605 1236.778 1235.835 1232.977 1232.838 1228.837 1225.205 1224.196 1221.642 1219.140 1213.461 1207.301 1203.040 1194.328 1188.684 1184.033 1192.244 1190.881 1187.700 1185.222 1171.661 1159.731 1159.294 1172.531 1169.156 1170.514 1175.374 1161.129 1147.225 1136.148 1127.220 1120.686 1111.925 1102.701 1090.491 1078.334 1064.665 1053.788 1047.989 1044.045 1039.885 1033.983 1026.232
-9999.000 1180.554 1187.045 1191.481 1195.997 1200.907 1205.556 1210.742 1212.795 1215.421 1218.347 1221.364 1225.733 1227.487 1230.725 1233.944 1236.633 1237.132 1236.208 1237.795 1237.791 1236.907 1225.355 1222.979 1222.079 1219.993 1220.903 1215.150 1211.392 1209.614 1207.426 1205.643 1201.273 1195.640 1193.634 1185.594 1176.438 1173.640 1179.664 1178.379 1176.515 1174.056 1161.720 1146.897 1151.792 1160.852 1154.223 1160.423 1165.551 1160.984 1158.497 1153.166 1147.078 1139.167 1129.251 1114.273 1101.314 1089.187 1070.740 1055.101 1046.659 1042.588 1040.625 1037.372 1029.503
-9999.000 1176.988 1181.615 1187.126 1191.801 1197.652 1201.796 1203.696 1208.236 1211.722 1210.619 1216.423 1219.252 1222.921 1226.419 1230.777 1233.814 1232.322 1232.527 1229.503 1227.996 1222.033 1218.673 1213.263 1207.009 1206.360 1206.579 1202.930 1198.443 1195.592 1193.522 1191.841 1188.452 1184.534 1180.925 1178.575 1168.153 1164.150 1168.479 1167.767 1166.377 1165.391 1153.482 1136.246 1136.042 1141.038 1141.670 1147.020 1152.512 1148.313 1148.584 1146.295 1141.965 1137.045 1133.537 1125.801 1109.479 1090.323 1075.274 1060.595 1049.892 1044.490 1040.512 1038.878 1032.543
-9999.000 1171.011 1178.551 1184.441 1188.088 1193.027 1196.211 1202.743 1204.456 1206.246 1203.640 1209.839 1213.473 1219.974 1222.921 1224.759 1226.952 1225.198 1222.259 1215.085 1211.017 1205.416 1198.932 1182.726 1177.117 1188.979 1190.656 1190.067 1185.923 1183.096 1181.085 1179.389 1176.811 1173.689 1167.084 1167.627 1159.424 1154.570 1158.797 1158.907 1157.454 1158.138 1147.168 1129.990 1120.539 1124.816 1128.165 1137.194 1139.883 1136.830 1139.187 1136.759 1131.469 1126.975 1121.177 1116.269 1110.932 1099.820 1085.447 1074.075 1060.618 1054.763 1056.078 1053.786 1047.609
-9999.000 1169.764 1177.177 1182.789 1185.798 1189.877 1195.059 1200.247 1198.790 1200.207 1199.470 1204.853 1209.688 1211.550 1211.354 1213.006 1215.371 1210.832 1207.694 1200.405 1194.880 1189.633 1179.096 1163.146 1171.257 1177.230 1176.127 1175.820 1172.945 1170.255 1169.171 1166.912 1164.539 1162.537 1157.206 1156.760 1149.782 1145.205 1149.328 1150.137 1149.407 1150.861 1140.952 1124.646 1111.505 1109.512 1116.667 1124.115 1127.075 1125.171 1128.027 1125.340 1117.880 1114.620 1109.009 1106.974 1099.552 1098.500 1095.642 1087.796 1078.160 1074.448 1075.162 1076.661 1071.653
-9999.000 1170.898 1175.994 1179.883 1182.754 1186.158 1190.281 1194.988 1194.732 1192.901 1194.835 1198.015 1200.611 1200.730 1200.619 1199.707 1198.115 1193.247 1188.953 1184.222 1180.195 1176.484 1168.293 1149.389 1159.374 1166.347 1164.577 1163.639 1161.260 1157.541 1156.947 1155.339 1153.219 1152.238 1149.212 1147.435 1143.713 1135.406 1141.029 1142.788 1142.607 1141.762 1136.111 1126.610 1112.575 1095.683 1103.690 1113.292 1118.725 1114.301 1115.372 1112.707 1105.827 1103.032 1097.557 1096.545 1088.737 1088.730 1084.810 1079.292 1074.666 1066.047 1070.280 1070.056 1066.722
-9999.000 1165.579 1170.087 1175.847 1177.705 1179.203 1182.268 1187.483 1191.262 1185.006 1186.731 1188.206 1188.864 1189.440 1190.424 1186.279 1182.803 1179.580 1175.133 1170.891 1166.989 1163.435 1156.530 1139.931 1146.166 1154.333 1153.425 1153.076 1151.018 1146.104 1145.985 1143.760 1142.311 1141.677 1140.175 1139.493 1134.865 1127.041 1133.194 1135.505 1134.882 1129.695 1126.280 1122.333 1109.653 1091.143 1086.683 1100.864 1106.564 1104.062 1103.626 1102.733 1097.996 1093.959 1087.658 1085.893 1075.725 1076.303 1072.008 1069.077 1062.981 1056.146 1052.282 1048.196 1043.377
-9999.000 1159.133 1164.905 1168.573 1171.803 1173.576 1176.018 1177.016 1181.718 1182.641 1173.055 1175.469 1175.834 1178.094 1177.628 1174.612 1170.665 1167.895 1163.806 1159.523 1154.784 1151.087 1145.769 1132.653 1135.147 1145.417 1143.749 1143.565 1141.069 1135.688 1135.027 1132.672 1130.639 1131.096 1131.044 1129.171 1123.411 1117.497 1127.948 1128.763 1123.020 1119.498 1111.450 1111.005 1098.437 1081.764 1070.052 1086.132 1095.085 1093.612 1092.312 1089.733 1086.607 1080.588 1078.110 1067.704 1062.285 1057.406 1059.118 1056.318 1053.919 1048.631 1039.324 1033.353 1026.771
-9999.000 1152.368 1157.783 1161.168 1164.642 1165.734 1168.901 1169.489 1170.630 1172.907 1174.382 1162.477 1164.027 1166.263 1166.710 1164.770 1159.961 1156.043 1151.661 1147.917 1143.314 1140.409 1136.404 1125.884 1128.113 1135.270 1134.485 1134.667 1130.286 1124.173 1125.406 1121.402 1119.250 1120.500 1121.297 1120.349 1113.413 1110.787 1123.693 1119.769 1114.715 1111.388 1100.368 1097.160 1085.116 1069.542 1061.818 1074.291 1081.754 1080.492 1078.701 1076.146 1074.031 1067.807 1062.865 1052.127 1047.131 1038.765 1040.407 1040.373 1037.586 1031.465 1026.268 1018.018 1010.877
-9999.000 1145.762 1150.379 1155.088 1157.725 1158.745 1160.738 1161.916 1160.920 1162.492 1167.481 1166.331 1153.781 1155.057 1155.129 1153.798 1150.075 1144.480 1141.087 1136.173 1132.597 1130.875 1128.999 1119.859 1117.189 1123.551 1124.930 1124.589 1119.803 1114.106 1112.122 1110.659 1108.127 1110.318 1110.647 1106.215 1099.341 1107.590 1114.271 1108.875 1102.950 1097.892 1091.414 1084.522 1073.753 1057.533 1049.407 1052.796 1059.891 1062.817 1054.651 1052.583 1051.711 1047.297 1042.242 1036.672 1029.534 1024.385 1021.575 1020.382 1017.198 1011.655 1007.487 999.655 995.391
-9999.000 1140.547 1141.588 1146.891 1149.400 1154.268 1153.058 1154.120 1154.050 1154.079 1157.575 1159.040 1155.247 1141.627 1144.175 1142.771 1142.263 1134.920 1130.145 1126.832 1123.301 1121.295 1121.301 1118.525 1105.484 1112.236 1115.782 1115.613 1114.247 1104.706 1101.522 1103.335 1097.806 1099.981 1098.090 1091.021 1088.433 1096.859 1099.805 1105.051 1092.694 1083.357 1081.480 1073.339 1065.635 1051.610 1040.763 1039.433 1042.382 1048.957 1041.542 1035.743 1034.267 1030.765 1024.449 1019.255 1015.883 1010.290 1005.492 1002.355 999.930 994.614 989.592 985.531 981.528
-9999.000 1130.661 1135.857 1137.965 1141.338 1144.448 1144.638 1147.592 1148.275 1146.816 1147.447 1147.077 1143.422 1139.181 1133.300 1132.056 1131.334 1125.354 1121.678 1118.293 1114.816 1112.990 1111.440 1109.263 1106.606 1104.622 1106.952 1107.323 1107.167 1097.885 1089.754 1094.564 1088.898 1089.155 1087.412 1079.507 1079.134 1083.626 1085.936 1090.904 1084.428 1073.345 1070.416 1068.990 1054.411 1049.628 1034.735 1029.646 1031.111 1034.717 1034.405 1023.875 1019.239 1018.279 1011.218 1004.632 1001.920 997.609 993.262 988.339 985.196 980.307 975.360 972.547 969.277
-9999.000 1121.550 1127.851 1130.245 1131.681 1135.445 1135.888 1138.962 1139.587 1138.365 1137.085 1135.765 1132.936 1132.669 1129.738 1122.827 1121.098 1116.376 1111.946 1109.288 1105.770 1104.351 1103.577 1101.740 1097.858 1098.521 1100.054 1098.750 1098.382 1092.954 1081.171 1084.588 1082.907 1080.523 1078.396 1069.586 1066.602 1069.889 1072.636 1075.825 1075.307 1066.789 1057.490 1058.342 1048.379 1043.569 1035.942 1024.513 1020.007 1025.032 1029.529 1017.956 1007.524 1007.096 1001.146 994.692 989.344 986.650 982.700 977.010 975.645 968.534 964.484 968.160 960.028
-9999.000 1114.235 1120.917 1122.335 1121.074 1122.343 1124.163 1125.424 1126.275 1124.844 1121.634 1118.299 1117.035 1117.211 1118.199 1117.878 1114.661 1109.024 1104.118 1101.379 1098.406 1097.034 1097.215 1096.369 1091.534 1091.591 1091.520 1089.713 1089.349 1085.765 1075.862 1072.611 1072.660 1071.026 1073.030 1059.586 1050.931 1057.307 1058.793 1060.178 1060.108 1058.455 1047.539 1047.955 1042.995 1032.554 1034.503 1024.456 1014.333 1014.185 1019.927 1015.362 1003.286 995.184 992.663 989.434 977.185 973.059 970.266 966.687 965.101 960.257 955.948 961.327 953.827
-9999.000 1107.755 1111.992 1112.155 1110.120 1110.389 1110.536 1109.857 1108.550 1106.605 1104.697 1103.168 1104.511 1107.932 1110.508 1111.309 1110.016 1108.323 1099.991 1095.829 1092.544 1091.382 1090.452 1089.271 1087.061 1083.782 1081.824 1081.549 1079.486 1079.665 1071.483 1061.627 1063.187 1062.511 1061.239 1052.885 1040.389 1041.782 1045.943 1043.322 1043.509 1042.956 1040.316 1034.879 1032.828 1022.789 1023.676 1019.801 1013.458 1007.790 1009.066 1006.956 1003.688 991.942 983.928 982.871 970.411 963.479 959.941 956.709 954.782 954.311 947.960 953.067 952.064
-9999.000 1100.572 1102.181 1101.747 1100.778 1099.489 1098.606 1096.943 1094.342 1093.935 1093.986 1097.071 1099.797 1102.596 1104.555 1104.885 1104.590 1102.388 1097.735 1092.755 1088.332 1085.681 1083.660 1081.908 1081.477 1076.538 1070.925 1068.215 1068.479 1068.560 1063.015 1054.768 1054.528 1049.574 1047.938 1042.032 1029.603 1030.828 1035.501 1032.702 1029.636 1027.176 1028.889 1024.602 1022.740 1016.118 1013.732 1015.648 1010.105 1000.048 998.507 997.381 993.756 987.874 979.169 975.817 970.525 957.322 952.544 949.972 947.857 949.859 941.468 945.840 947.624
-9999.000 1093.808 1093.724 1092.723 1093.495 1091.540 1089.933 1087.438 1085.593 1086.582 1090.203 1093.446 1096.194 1097.297 1097.780 1098.520 1098.209 1096.141 1093.943 1089.116 1084.353 1079.485 1077.060 1074.657 1073.565 1072.466 1066.001 1053.440 1055.597 1057.319 1053.624 1046.097 1040.761 1037.667 1036.301 1036.009 1021.462 1019.632 1022.064 1023.639 1017.013 1016.472 1014.138 1014.097 1011.083 1008.303 1005.281 1003.249 1000.714 992.965 989.492 985.979 983.827 978.505 973.592 967.554 965.147 953.500 945.712 943.044 941.119 940.273 936.442 938.598 940.655
-9999.000 1088.632 1088.803 1086.865 1087.598 1086.082 1085.125 1082.309 1081.451 1084.225 1087.480 1089.365 1091.113 1093.188 1092.213 1091.757 1092.583 1093.229 1087.134 1086.176 1080.471 1076.866 1071.579 1068.471 1064.869 1061.737 1056.632 1050.015 1047.591 1043.814 1041.693 1035.884 1026.913 1027.931 1025.497 1021.866 1016.739 1005.883 1006.862 1011.817 1008.604 1004.518 1001.846 1002.724 1001.280 998.910 996.879 993.135 991.720 987.820 973.409 971.211 972.052 968.807 964.727 957.722 955.177 950.754 939.818 936.898 935.732 933.247 931.656 933.409 932.524
-9999.000 1083.496 1083.193 1082.917 1083.545 1082.304 1081.145 1080.082 1079.690 1080.810 1083.810 1086.198 1086.978 1089.364 1087.994 1089.070 1088.642 1087.070 1085.929 1079.727 1077.969 1071.683 1066.651 1061.878 1056.319 1051.591 1047.831 1036.197 1038.389 1030.232 1028.177 1023.863 1014.729 1012.176 1013.379 1007.774 1006.700 997.194 992.671 997.224 997.014 993.717 990.766 990.850 988.368 985.467 984.495 980.786 979.505 972.083 963.047 961.382 957.842 954.091 949.344 946.004 943.796 946.519 936.721 931.689 930.124 928.757 926.900 926.938 924.796
