AvaFrame/avaframe/data/avaAlr/Avaflow_Input_fs/alr_results/alr_ascii/alr_elev_mod.asc
ncols 104
nrows 229
xllcenter 255202.08
yllcenter 377301.00
cellsize 20.00
NODATA_value -9999.000
[rows 29 to 57 of 229, columns 0 to 64 of 104]
-9999.000 -9999.000 -9999.000 -9999.000 -9999.000 -9999.000 -9999.000 -9999.000 -9999.000 -9999.000 -9999.000 -9999.000 -9999.000 1984.905 1982.743 1987.375 1993.709 1990.557 1981.725 1972.045 1973.968 1981.324 1978.015 1958.144 1949.776 1959.457 1968.494 1952.023 1949.596 1954.845 1962.381 1979.486 1999.320 2015.670 2029.421 2036.765 2045.261 2045.119 2040.466 2032.897 2027.323 2033.582 2042.824 2050.230 2051.686 2049.931 2049.681 2030.641 2016.942 1999.402 1975.393 1960.300 1934.182 1914.587 1895.203 1903.102 -9999.000 -9999.000 -9999.000 -9999.000 -9999.000 -9999.000 -9999.000 -9999.000 -9999.000
-9999.000 -9999.000 -9999.000 -9999.000 -9999.000 -9999.000 -9999.000 -9999.000 -9999.000 -9999.000 -9999.000 -9999.000 -9999.000 1967.489 1964.743 1974.775 1977.107 1974.649 1969.028 1958.330 1957.331 1965.365 1965.060 1954.905 1939.378 1944.217 1938.761 1936.047 1935.812 1953.984 1969.525 1987.219 2002.210 2013.797 2017.724 2023.883 2030.902 2028.866 2024.959 2019.522 2014.024 2017.000 2029.642 2034.425 2038.081 2033.245 2031.351 2020.594 2002.705 1994.440 1973.692 1949.236 1926.860 1895.073 1880.717 1871.861 1889.053 -9999.000 -9999.000 -9999.000 -9999.000 -9999.000 -9999.000 -9999.000 -9999.000
-9999.000 -9999.000 -9999.000 -9999.000 -9999.000 -9999.000 -9999.000 -9999.000 -9999.000 -9999.000 -9999.000 -9999.000 -9999.000 1949.549 1949.693 1959.397 1959.582 1956.827 1949.011 1944.825 1944.092 1953.655 1954.381 1943.827 1931.306 1930.663 1926.457 1922.449 1925.519 1955.161 1971.051 1986.789 1995.817 1995.164 2001.396 2011.478 2009.856 2011.356 2008.848 2005.534 2000.503 2006.290 2017.343 2021.726 2023.804 2018.979 2015.418 2011.080 1995.232 1977.666 1966.647 1954.903 1941.628 1914.102 1877.935 1860.931 1857.050 -9999.000 -9999.000 -9999.000 -9999.000 -9999.000 -9999.000 -9999.000 -9999.000
-9999.000 -9999.000 -9999.000 -9999.000 -9999.000 -9999.000 -9999.000 -9999.000 -9999.000 -9999.000 -9999.000 -9999.000 1924.418 1930.928 1935.431 1943.283 1942.898 1942.358 1935.847 1930.395 1929.869 1940.195 1941.124 1934.367 1922.722 1918.464 1920.151 1909.400 1924.156 1942.698 1960.505 1977.560 1979.301 1979.974 1991.131 1997.097 1993.978 1994.014 1992.217 1992.497 1988.001 1989.656 2003.169 2009.723 2010.033 2006.681 1999.175 1996.690 1988.312 1963.769 1957.256 1962.476 1936.197 1901.039 1882.644 1844.059 1843.679 -9999.000 -9999.000 -9999.000 -9999.000 -9999.000 -9999.000 -9999.000 -9999.000
-9999.000 -9999.000 -9999.000 -9999.000 -9999.000 -9999.000 -9999.000 -9999.000 -9999.000 -9999.000 -9999.000 -9999.000 1907.022 1912.077 1927.507 1925.981 1924.572 1927.522 1921.528 1916.777 1914.752 1922.885 1926.137 1925.709 1913.030 1905.350 1902.911 1895.571 1911.862 1936.337 1952.508 1961.346 1961.794 1971.792 1981.715 1983.119 1979.594 1978.305 1975.516 1978.356 1973.417 1976.392 1992.064 1999.628 1997.083 1994.828 1986.798 1981.336 1979.112 1950.115 1934.521 1952.786 1933.412 1897.619 1863.458 1840.845 1823.990 1829.242 -9999.000 -9999.000 -9999.000 -9999.000 -9999.000 -9999.000 -9999.000
-9999.000 -9999.000 -9999.000 -9999.000 -9999.000 -9999.000 -9999.000 -9999.000 -9999.000 -9999.000 -9999.000 -9999.000 1891.017 1907.046 1911.341 1908.850 1907.817 1910.739 1908.689 1902.933 1897.743 1905.232 1915.310 1911.146 1901.193 1897.680 1886.084 1885.008 1912.313 1927.717 1941.244 1945.035 1949.816 1959.410 1968.801 1971.424 1965.312 1963.791 1961.657 1965.484 1960.310 1965.756 1979.666 1985.991 1983.171 1979.920 1975.091 1965.874 1965.992 1955.856 1930.755 1911.192 1912.137 1885.247 1862.053 1834.979 1822.926 1804.298 -9999.000 -9999.000 -9999.000 -9999.000 -9999.000 -9999.000 -9999.000
-9999.000 -9999.000 -9999.000 -9999.000 -9999.000 -9999.000 -9999.000 -9999.000 -9999.000 -9999.000 -9999.000 1872.284 1883.102 1896.433 1897.195 1894.700 1891.813 1893.175 1893.444 1888.688 1882.691 1892.382 1898.123 1897.920 1889.809 1886.380 1869.951 1882.832 1904.080 1920.713 1927.331 1928.866 1937.478 1947.225 1953.487 1953.000 1953.871 1945.283 1945.298 1949.980 1945.174 1956.023 1968.184 1973.319 1968.981 1964.939 1962.491 1953.033 1952.144 1949.270 1932.072 1901.962 1885.597 1899.341 1861.121 1842.741 1816.611 1793.509 1795.702 -9999.000 -9999.000 -9999.000 -9999.000 -9999.000 -9999.000
-9999.000 -9999.000 -9999.000 -9999.000 -9999.000 -9999.000 -9999.000 -9999.000 -9999.000 -9999.000 -9999.000 1858.807 1876.220 1884.330 1881.709 1878.459 1876.271 1877.107 1879.354 1876.090 1867.932 1876.885 1880.353 1884.177 1876.407 1874.701 1857.945 1879.633 1902.301 1905.526 1911.008 1917.166 1927.090 1934.348 1939.017 1933.538 1942.915 1934.953 1928.485 1931.662 1934.877 1949.703 1959.482 1961.298 1956.366 1950.847 1945.080 1942.643 1932.124 1935.303 1917.755 1906.295 1884.854 1863.391 1847.795 1841.953 1814.490 1804.989 1775.310 -9999.000 -9999.000 -9999.000 -9999.000 -9999.000 -9999.000
-9999.000 -9999.000 -9999.000 -9999.000 -9999.000 -9999.000 -9999.000 -9999.000 -9999.000 -9999.000 -9999.000 1854.738 1861.133 1868.376 1865.110 1863.098 1861.443 1861.469 1864.292 1862.676 1854.287 1862.472 1865.474 1868.703 1863.665 1852.513 1847.624 1872.441 1887.359 1890.808 1894.820 1909.229 1919.700 1918.059 1924.673 1916.774 1920.591 1915.070 1914.613 1915.290 1925.757 1939.427 1943.165 1944.399 1942.611 1938.345 1931.559 1928.902 1921.026 1919.328 1920.363 1911.793 1879.629 1860.958 1835.279 1811.098 1797.908 1778.407 1763.723 -9999.000 -9999.000 -9999.000 -9999.000 -9999.000 -9999.000
-9999.000 -9999.000 -9999.000 -9999.000 -9999.000 -9999.000 -9999.000 -9999.000 -9999.000 -9999.000 1825.510 1839.429 1846.006 1852.029 1851.081 1849.304 1845.938 1846.263 1850.070 1849.293 1841.763 1847.276 1849.167 1850.701 1849.314 1835.420 1836.760 1862.591 1871.931 1875.626 1893.299 1902.698 1904.792 1903.920 1906.379 1902.619 1902.298 1898.821 1898.683 1902.741 1915.993 1926.303 1928.609 1927.891 1926.817 1924.959 1918.929 1913.031 1910.743 1901.446 1903.149 1902.857 1889.445 1882.333 1851.097 1819.954 1802.734 1787.967 1764.559 1740.274 -9999.000 -9999.000 -9999.000 -9999.000 -9999.000
-9999.000 -9999.000 -9999.000 -9999.000 -9999.000 -9999.000 -9999.000 -9999.000 -9999.000 -9999.000 1815.262 1825.077 1833.404 1838.325 1835.779 1833.389 1830.979 1831.833 1835.313 1836.710 1830.361 1833.710 1834.388 1835.577 1831.304 1823.336 1826.149 1846.789 1855.756 1873.669 1887.159 1886.676 1886.022 1886.706 1890.530 1891.106 1885.920 1882.725 1886.508 1897.124 1910.219 1910.552 1908.681 1912.535 1913.572 1907.364 1905.237 1899.153 1894.410 1885.315 1887.250 1890.559 1884.541 1885.010 1863.883 1824.078 1801.462 1779.547 1755.808 1730.851 -9999.000 -9999.000 -9999.000 -9999.000 -9999.000
-9999.000 -9999.000 -9999.000 -9999.000 -9999.000 -9999.000 -9999.000 -9999.000 -9999.000 -9999.000 1803.141 1812.664 1819.266 1824.040 1820.479 1819.317 1816.744 1817.278 1821.023 1822.582 1818.320 1816.393 1816.002 1819.375 1818.966 1812.258 1816.004 1836.784 1848.355 1862.539 1868.982 1868.772 1868.777 1868.544 1873.321 1875.662 1866.665 1868.038 1879.718 1894.227 1899.620 1893.175 1893.245 1899.162 1896.922 1893.038 1892.097 1886.090 1881.361 1874.700 1870.784 1876.213 1871.581 1862.716 1858.629 1833.899 1790.179 1763.267 1746.636 1723.623 -9999.000 -9999.000 -9999.000 -9999.000 -9999.000
-9999.000 -9999.000 -9999.000 -9999.000 -9999.000 -9999.000 -9999.000 -9999.000 -9999.000 1783.735 1792.977 1798.987 1807.732 1810.662 1807.078 1805.148 1802.784 1805.119 1807.680 1810.003 1808.541 1801.911 1799.396 1802.172 1810.443 1800.817 1807.674 1826.545 1836.849 1848.381 1850.073 1849.488 1851.461 1853.918 1858.415 1858.478 1850.178 1859.014 1870.872 1877.177 1881.026 1874.944 1879.898 1883.947 1881.436 1880.275 1880.487 1878.389 1866.075 1861.959 1854.505 1857.171 1849.247 1843.183 1844.479 1829.314 1792.695 1753.851 1740.958 1726.824 1711.934 -9999.000 -9999.000 -9999.000 -9999.000
-9999.000 -9999.000 -9999.000 -9999.000 -9999.000 -9999.000 -9999.000 -9999.000 -9999.000 1766.702 1776.338 1786.216 1794.268 1797.396 1793.868 1790.990 1789.530 1791.165 1794.460 1796.885 1796.990 1786.200 1779.901 1782.901 1790.807 1788.970 1808.618 1812.220 1823.229 1834.743 1834.166 1834.323 1835.332 1838.780 1845.289 1843.002 1837.637 1843.021 1850.896 1859.969 1861.299 1859.700 1868.214 1871.861 1867.345 1862.426 1861.196 1865.621 1860.896 1842.337 1840.009 1841.551 1833.398 1822.884 1820.961 1813.829 1795.348 1753.927 1732.838 1721.883 1707.896 -9999.000 -9999.000 -9999.000 -9999.000
-9999.000 -9999.000 -9999.000 -9999.000 -9999.000 -9999.000 -9999.000 -9999.000 -9999.000 1746.614 1758.232 1772.100 1781.068 1783.661 1779.509 1777.112 1775.651 1778.014 1780.692 1784.489 1783.677 1778.386 1763.097 1767.689 1779.787 1778.561 1787.301 1799.087 1816.079 1824.092 1819.631 1819.596 1821.007 1826.166 1835.368 1830.179 1827.005 1829.681 1837.547 1843.635 1840.912 1845.663 1853.797 1851.054 1850.429 1840.501 1838.382 1840.760 1833.822 1828.386 1827.586 1824.885 1817.034 1809.194 1801.400 1797.648 1784.433 1754.063 1725.900 1712.074 1700.411 -9999.000 -9999.000 -9999.000 -9999.000
-9999.000 -9999.000 -9999.000 -9999.000 -9999.000 -9999.000 -9999.000 -9999.000 1723.025 1728.591 1747.102 1761.085 1770.054 1769.634 1766.998 1763.754 1762.390 1762.793 1767.752 1771.304 1772.763 1762.125 1751.386 1751.223 1761.549 1768.769 1781.875 1799.849 1813.540 1808.988 1804.348 1804.118 1807.948 1817.615 1828.016 1817.452 1811.877 1816.478 1824.981 1828.807 1825.767 1826.125 1831.258 1826.634 1825.403 1819.776 1815.302 1817.442 1816.555 1815.898 1814.507 1809.488 1802.765 1795.746 1782.534 1776.958 1765.138 1753.813 1723.240 1704.287 1691.561 1678.859 -9999.000 -9999.000 -9999.000
-9999.000 -9999.000 -9999.000 -9999.000 -9999.000 -9999.000 -9999.000 -9999.000 1712.190 1729.188 1739.928 1753.684 1756.708 1756.315 1753.305 1751.278 1747.782 1750.267 1755.369 1758.854 1759.245 1747.682 1740.054 1743.428 1758.550 1769.963 1779.980 1793.016 1797.495 1794.866 1789.799 1789.482 1795.087 1808.100 1818.174 1812.657 1797.823 1797.327 1799.812 1805.628 1809.459 1804.115 1803.232 1807.834 1809.415 1801.234 1800.743 1801.625 1802.023 1800.539 1793.533 1791.613 1788.405 1782.452 1770.437 1760.859 1750.728 1738.125 1719.186 1695.497 1683.323 1671.369 -9999.000 -9999.000 -9999.000
-9999.000 -9999.000 -9999.000 -9999.000 -9999.000 -9999.000 -9999.000 -9999.000 1703.672 1718.019 1731.699 1739.867 1741.495 1741.800 1739.657 1739.002 1736.165 1738.136 1742.233 1745.936 1747.049 1739.361 1728.983 1730.923 1749.654 1759.304 1772.056 1782.875 1781.734 1778.979 1776.684 1774.828 1781.874 1795.080 1797.155 1794.190 1788.272 1780.325 1784.347 1791.781 1796.481 1790.358 1786.615 1790.776 1793.872 1787.747 1782.524 1785.907 1788.357 1785.838 1780.763 1777.208 1774.116 1766.627 1757.765 1748.198 1739.017 1728.156 1706.177 1689.054 1673.533 1662.486 -9999.000 -9999.000 -9999.000
-9999.000 -9999.000 -9999.000 -9999.000 -9999.000 -9999.000 -9999.000 1670.596 1691.663 1708.803 1721.253 1727.739 1728.861 1727.659 1726.078 1725.484 1723.690 1724.227 1729.104 1733.021 1734.734 1734.815 1718.634 1717.213 1726.157 1743.422 1758.141 1766.197 1763.444 1761.995 1760.815 1759.560 1764.452 1769.547 1770.753 1767.291 1769.161 1768.282 1771.877 1781.852 1778.490 1769.880 1769.301 1770.979 1775.226 1770.498 1766.905 1770.031 1771.926 1772.891 1767.749 1764.773 1759.109 1754.167 1746.607 1738.230 1730.070 1720.615 1706.547 1685.843 1667.934 1653.154 1642.887 -9999.000 -9999.000
-9999.000 -9999.000 -9999.000 -9999.000 -9999.000 -9999.000 -9999.000 1669.399 1687.531 1701.094 1712.603 1714.811 1714.578 1714.954 1712.810 1710.635 1709.962 1711.597 1714.903 1719.172 1720.782 1722.948 1713.415 1706.233 1706.198 1720.748 1736.202 1747.539 1743.904 1743.484 1744.598 1744.798 1748.118 1748.900 1749.732 1752.465 1756.635 1756.263 1755.166 1758.548 1758.653 1754.609 1753.194 1753.511 1755.508 1750.380 1750.523 1753.337 1755.957 1755.227 1753.273 1751.781 1746.490 1739.654 1733.832 1726.449 1716.516 1710.167 1700.294 1683.245 1662.009 1648.960 1634.205 -9999.000 -9999.000
-9999.000 -9999.000 -9999.000 -9999.000 -9999.000 -9999.000 -9999.000 1667.140 1680.229 1690.959 1695.478 1700.319 1700.083 1701.881 1700.306 1695.875 1697.962 1699.285 1701.701 1705.908 1707.047 1711.690 1698.140 1694.633 1697.450 1714.828 1724.210 1727.519 1728.126 1729.616 1732.259 1732.130 1734.208 1735.265 1736.797 1739.401 1740.372 1743.633 1742.338 1742.112 1740.142 1737.633 1738.993 1738.003 1734.704 1735.126 1736.069 1735.455 1738.986 1738.662 1738.696 1739.400 1735.151 1729.981 1722.394 1714.059 1696.616 1692.682 1689.420 1677.936 1660.059 1645.413 1632.070 -9999.000 -9999.000
-9999.000 -9999.000 -9999.000 -9999.000 -9999.000 -9999.000 1639.054 1659.702 1667.613 1675.091 1677.441 1684.314 1685.298 1686.172 1685.630 1684.291 1686.956 1688.419 1691.526 1693.723 1697.900 1702.086 1691.102 1682.633 1691.031 1704.486 1711.605 1715.039 1714.380 1717.858 1719.031 1718.353 1721.940 1721.617 1722.795 1725.153 1727.201 1731.364 1730.492 1727.329 1724.629 1723.541 1722.722 1721.477 1719.425 1720.722 1723.313 1722.690 1723.961 1723.788 1724.705 1727.509 1723.215 1718.131 1711.032 1686.094 1679.443 1673.900 1679.562 1669.766 1661.548 1649.854 1635.933 1626.443 -9999.000
-9999.000 -9999.000 -9999.000 -9999.000 -9999.000 -9999.000 1634.115 1649.508 1653.591 1657.335 1661.494 1664.881 1667.294 1670.084 1671.501 1671.782 1674.868 1676.555 1680.425 1681.878 1688.287 1691.410 1681.689 1670.899 1677.907 1688.538 1697.190 1702.763 1701.833 1704.897 1706.053 1706.249 1708.409 1708.740 1710.318 1712.691 1716.391 1719.336 1719.877 1715.236 1711.361 1710.090 1708.978 1707.919 1705.967 1708.724 1709.192 1709.611 1711.568 1711.630 1714.067 1715.627 1709.304 1703.956 1696.322 1677.096 1663.162 1659.450 1657.383 1659.627 1652.217 1642.578 1633.989 1623.533 -9999.000
-9999.000 -9999.000 -9999.000 -9999.000 -9999.000 -9999.000 1631.638 1639.724 1641.005 1643.739 1646.902 1650.401 1654.037 1657.508 1658.797 1661.144 1664.377 1665.904 1669.967 1673.413 1678.270 1679.839 1672.667 1663.184 1662.559 1674.204 1688.019 1689.865 1690.971 1691.752 1692.211 1694.445 1695.031 1696.116 1698.085 1700.917 1705.469 1708.174 1707.151 1704.324 1698.671 1696.347 1695.824 1694.160 1693.778 1695.716 1697.040 1697.713 1699.350 1701.582 1703.442 1705.174 1696.089 1688.039 1679.710 1661.383 1649.832 1644.002 1640.645 1641.491 1646.523 1634.902 1624.746 1616.287 -9999.000
-9999.000 -9999.000 -9999.000 -9999.000 -9999.000 1611.971 1625.453 1627.970 1627.851 1630.529 1633.841 1638.734 1640.963 1644.735 1646.517 1650.160 1652.514 1655.539 1657.633 1663.480 1668.768 1669.586 1657.114 1650.172 1649.823 1663.349 1677.736 1678.471 1678.369 1678.844 1681.389 1682.374 1682.884 1683.572 1686.675 1691.099 1694.083 1696.587 1696.161 1692.317 1687.818 1683.759 1683.161 1681.618 1681.370 1682.810 1684.573 1686.677 1688.798 1690.747 1691.791 1692.340 1690.779 1673.004 1662.627 1646.302 1639.490 1631.368 1625.059 1626.036 1632.340 1631.935 1619.586 1606.204 1597.553
-9999.000 -9999.000 -9999.000 -9999.000 -9999.000 1606.703 1615.745 1616.363 1615.897 1618.561 1621.779 1626.212 1629.663 1632.560 1635.484 1638.753 1642.006 1644.988 1648.410 1653.043 1659.202 1655.977 1646.838 1638.403 1639.520 1654.774 1666.437 1666.374 1666.569 1667.000 1668.928 1670.999 1669.850 1671.988 1676.428 1680.996 1683.459 1684.494 1684.133 1680.391 1677.521 1671.945 1669.906 1668.773 1668.971 1670.656 1671.899 1675.412 1677.558 1678.942 1679.376 1680.769 1680.941 1671.659 1650.068 1631.715 1626.312 1617.806 1611.049 1610.891 1616.807 1625.542 1616.849 1606.102 1595.522
-9999.000 -9999.000 -9999.000 -9999.000 -9999.000 1599.037 1604.479 1604.869 1604.983 1606.571 1609.788 1613.921 1617.516 1620.678 1624.603 1628.511 1631.515 1634.332 1637.789 1644.784 1648.286 1642.732 1632.509 1627.574 1629.306 1643.990 1654.930 1654.198 1654.298 1655.544 1657.852 1659.165 1659.151 1661.299 1665.176 1669.401 1671.979 1672.855 1672.386 1668.740 1664.873 1660.714 1657.965 1657.043 1657.192 1657.397 1659.655 1664.598 1666.008 1666.564 1668.894 1670.293 1669.746 1663.042 1651.228 1618.131 1611.184 1607.346 1598.989 1596.314 1600.564 1615.692 1613.330 1603.514 1593.198
-9999.000 -9999.000 -9999.000 -9999.000 1578.117 1588.455 1593.308 1593.763 1593.659 1595.153 1598.596 1602.905 1606.119 1609.797 1613.404 1617.038 1621.072 1622.022 1629.095 1635.439 1636.815 1630.903 1616.144 1617.205 1622.658 1642.280 1645.471 1643.272 1641.911 1644.660 1647.349 1647.319 1647.871 1650.309 1654.167 1657.956 1659.610 1660.776 1660.642 1658.129 1654.722 1649.620 1645.476 1644.275 1644.232 1645.091 1647.071 1651.303 1654.050 1654.628 1658.123 1660.557 1658.500 1644.728 1634.435 1613.005 1597.377 1593.896 1584.853 1582.594 1588.838 1597.463 1605.188 1601.078 1592.331
-9999.000 -9999.000 -9999.000 -9999.000 1567.875 1579.173 1581.651 1582.769 1582.061 1583.961 1587.715 1592.234 1594.562 1598.561 1602.574 1605.966 1609.992 1614.160 1619.982 1625.079 1628.042 1620.253 1605.473 1608.024 1616.771 1628.101 1634.025 1632.490 1631.550 1633.590 1634.100 1635.858 1637.190 1639.525 1643.872 1647.229 1648.414 1648.931 1649.385 1647.249 1642.886 1637.887 1633.399 1631.879 1631.770 1631.482 1634.866 1638.913 1641.172 1642.795 1646.061 1648.403 1646.185 1638.258 1622.676 1609.579 1585.893 1578.713 1571.420 1569.503 1575.804 1585.201 1590.406 1601.295 1592.961
