AvaFrame/avaframe/data/avaAlr/Avaflow_Input_fs/alr_results/alr_ascii/alr_elev_mod.asc
ncols 104
nrows 229
xllcenter 255202.08
yllcenter 377301.00
cellsize 20.00
NODATA_value -9999.000
[rows 58 to 86 of 229, columns 0 to 64 of 104]
-9999.000 -9999.000 -9999.000 -9999.000 1561.984 1569.337 1571.003 1571.616 1570.752 1572.889 1577.466 1581.283 1584.432 1587.774 1592.665 1595.792 1599.130 1605.194 1611.305 1613.357 1618.788 1610.253 1595.549 1600.301 1605.207 1620.244 1622.728 1620.893 1620.678 1622.610 1623.659 1624.728 1626.652 1628.904 1632.385 1635.416 1636.618 1637.755 1638.348 1636.496 1631.393 1627.441 1622.181 1619.371 1619.831 1618.643 1623.065 1627.032 1629.713 1631.833 1635.898 1636.784 1633.412 1622.268 1616.818 1593.364 1580.792 1566.325 1561.151 1558.209 1564.897 1568.498 1574.840 1591.772 1594.489
-9999.000 -9999.000 -9999.000 1540.527 1554.336 1558.490 1560.405 1560.644 1560.132 1562.606 1566.578 1570.366 1573.663 1577.612 1582.553 1584.869 1589.605 1595.765 1601.488 1603.747 1609.228 1602.714 1585.451 1588.937 1596.555 1607.528 1611.815 1610.384 1609.749 1611.681 1613.887 1613.945 1615.145 1618.327 1622.228 1624.666 1626.531 1627.422 1627.010 1625.277 1621.069 1616.787 1611.010 1606.851 1606.904 1607.199 1611.731 1615.297 1618.520 1620.806 1625.164 1626.885 1622.984 1607.464 1601.213 1585.001 1566.438 1555.571 1548.158 1543.925 1549.246 1552.524 1566.788 1574.799 1577.694
-9999.000 -9999.000 -9999.000 1532.839 1544.450 1548.293 1549.772 1549.727 1549.644 1552.327 1555.127 1559.474 1562.250 1567.902 1572.557 1574.729 1579.896 1586.457 1590.074 1594.048 1597.969 1591.944 1576.193 1576.042 1583.807 1594.432 1601.201 1599.697 1599.761 1601.172 1602.631 1602.858 1605.015 1607.902 1611.248 1613.145 1614.784 1614.967 1616.086 1613.906 1609.539 1606.130 1600.082 1594.674 1594.038 1593.797 1600.165 1602.996 1604.262 1610.418 1614.780 1615.394 1614.605 1597.394 1584.704 1571.800 1554.352 1542.755 1533.948 1530.462 1530.610 1545.634 1555.056 1556.165 1561.637
-9999.000 -9999.000 -9999.000 1528.667 1534.489 1538.286 1539.371 1539.539 1538.965 1541.127 1544.368 1547.939 1552.304 1557.902 1561.087 1564.752 1572.124 1577.413 1579.112 1584.274 1586.845 1585.327 1567.560 1565.909 1572.275 1583.969 1591.041 1588.870 1589.003 1589.971 1591.658 1591.360 1594.179 1597.448 1600.172 1602.797 1603.530 1604.043 1604.459 1603.153 1598.526 1592.845 1589.137 1582.971 1581.659 1582.425 1588.346 1591.599 1593.765 1600.924 1604.461 1604.351 1602.599 1591.982 1574.904 1561.735 1546.127 1529.082 1523.245 1514.832 1529.891 1532.808 1544.610 1540.373 1548.454
-9999.000 -9999.000 1510.901 1519.616 1525.154 1527.885 1529.042 1529.215 1527.989 1530.291 1533.436 1537.795 1542.664 1547.693 1550.387 1555.161 1561.565 1566.737 1569.882 1573.810 1575.362 1574.515 1561.787 1555.064 1561.977 1575.803 1580.545 1578.613 1579.088 1578.768 1580.126 1581.316 1584.081 1586.706 1589.508 1590.770 1591.610 1592.437 1592.770 1591.423 1587.694 1582.511 1577.184 1571.077 1568.046 1570.570 1576.854 1578.610 1584.958 1591.043 1594.120 1593.283 1591.829 1584.925 1566.638 1550.948 1538.917 1526.580 1509.379 1504.369 1516.182 1521.534 1534.418 1524.215 1533.417
-9999.000 -9999.000 1502.400 1510.349 1515.419 1517.419 1518.767 1517.880 1513.711 1518.139 1522.873 1527.781 1533.943 1537.309 1540.338 1547.544 1552.250 1555.950 1560.680 1562.822 1565.015 1559.353 1549.759 1544.467 1551.466 1565.988 1570.527 1568.712 1567.985 1569.431 1569.601 1569.417 1572.794 1576.169 1578.377 1580.035 1580.390 1580.576 1581.957 1580.862 1576.097 1571.702 1564.503 1559.070 1555.465 1559.416 1564.411 1568.532 1572.071 1580.300 1582.739 1581.221 1579.960 1575.432 1559.731 1542.482 1526.620 1515.011 1500.865 1492.345 1496.652 1510.861 1512.016 1508.932 1514.768
-9999.000 -9999.000 1494.440 1501.214 1505.278 1507.577 1507.086 1503.386 1500.437 1506.928 1512.334 1518.232 1524.267 1526.169 1531.181 1538.171 1542.783 1545.828 1550.419 1552.325 1554.156 1545.299 1536.810 1533.888 1545.260 1560.219 1559.832 1559.297 1556.559 1557.357 1558.421 1559.097 1562.175 1564.448 1567.394 1568.375 1569.814 1568.999 1568.505 1568.674 1564.799 1560.340 1553.266 1546.718 1542.703 1548.916 1552.379 1556.625 1559.124 1568.384 1569.673 1568.639 1567.243 1563.543 1557.296 1544.760 1525.361 1507.409 1491.597 1482.077 1485.143 1497.147 1499.272 1496.142 1508.183
-9999.000 1478.367 1485.722 1492.179 1495.841 1497.292 1495.331 1490.161 1488.873 1495.064 1500.914 1507.581 1513.505 1516.340 1522.584 1528.869 1532.719 1537.273 1540.472 1542.137 1544.529 1533.387 1523.353 1525.452 1545.543 1549.522 1549.116 1547.898 1545.242 1546.854 1548.331 1548.530 1552.108 1554.542 1556.392 1557.722 1557.793 1554.602 1552.036 1553.557 1552.931 1547.497 1542.586 1533.780 1531.159 1536.346 1542.850 1543.752 1547.902 1548.604 1554.170 1554.530 1553.499 1551.523 1546.629 1537.323 1518.303 1501.524 1484.684 1469.573 1475.291 1486.599 1482.000 1486.115 1498.672
-9999.000 1469.455 1477.771 1482.834 1485.542 1485.490 1482.590 1477.284 1477.529 1484.807 1490.000 1497.562 1501.701 1506.890 1514.247 1518.452 1522.729 1527.950 1530.259 1532.490 1534.618 1525.009 1511.293 1524.755 1538.041 1538.960 1538.797 1538.187 1534.733 1536.160 1537.204 1538.351 1541.082 1543.802 1545.346 1546.423 1546.066 1537.119 1535.057 1538.609 1540.887 1535.391 1531.705 1523.047 1519.244 1524.202 1532.089 1534.790 1533.381 1531.034 1540.627 1539.012 1538.353 1539.072 1534.894 1540.123 1524.385 1515.597 1471.146 1460.455 1461.816 1467.529 1465.069 1476.987 1494.682
-9999.000 1461.621 1468.740 1472.905 1472.280 1472.696 1468.697 1463.750 1466.446 1472.294 1480.029 1487.587 1491.565 1499.551 1505.488 1509.426 1514.842 1518.287 1520.069 1522.488 1524.324 1516.243 1500.217 1518.118 1527.209 1528.470 1528.248 1527.973 1525.388 1525.683 1526.350 1529.055 1530.841 1533.133 1534.147 1535.005 1535.668 1524.920 1518.014 1515.980 1526.386 1523.549 1519.471 1510.537 1507.972 1513.889 1522.454 1522.594 1516.734 1516.393 1530.417 1525.449 1524.705 1526.573 1523.372 1529.817 1529.879 1523.134 1450.915 1450.249 1451.095 1450.278 1462.596 1475.097 1488.104
1446.140 1453.771 1459.324 1463.013 1458.190 1458.948 1454.948 1449.641 1455.211 1463.836 1471.262 1477.257 1483.557 1491.174 1495.587 1501.344 1505.356 1507.795 1510.170 1512.618 1510.123 1506.023 1490.002 1505.181 1518.557 1518.389 1517.764 1518.240 1515.432 1515.632 1517.347 1519.612 1520.883 1522.227 1523.603 1524.369 1524.767 1514.670 1502.982 1497.797 1501.698 1509.634 1507.393 1497.154 1495.987 1504.346 1508.460 1507.906 1481.838 1490.384 1511.054 1518.125 1510.641 1513.642 1514.492 1524.796 1509.929 1449.708 1432.240 1433.343 1431.655 1432.764 1450.404 1463.230 1469.015
1438.494 1444.943 1449.363 1450.893 1444.209 1445.393 1441.099 1436.139 1447.044 1452.482 1457.618 1467.195 1476.535 1482.284 1487.236 1491.918 1495.599 1497.890 1500.557 1502.947 1497.280 1490.535 1480.345 1496.086 1508.787 1508.488 1507.820 1507.668 1506.740 1505.754 1507.905 1509.181 1510.355 1512.436 1512.700 1514.086 1514.619 1506.525 1490.298 1481.306 1481.066 1484.794 1490.323 1484.149 1485.664 1490.491 1490.440 1492.240 1456.495 1465.855 1474.065 1500.441 1496.457 1501.571 1505.189 1504.155 1486.730 1424.445 1415.969 1415.216 1411.700 1410.017 1409.537 1427.145 1434.574
1428.535 1433.478 1435.738 1437.303 1430.704 1432.192 1426.753 1427.423 1435.792 1438.802 1446.690 1460.229 1468.331 1471.730 1478.506 1483.066 1486.113 1488.702 1491.276 1493.526 1484.178 1473.485 1470.870 1485.584 1497.603 1499.066 1498.618 1497.862 1496.705 1494.824 1498.337 1498.997 1499.760 1501.291 1502.151 1502.765 1501.823 1501.143 1480.162 1465.504 1460.814 1463.756 1476.383 1471.870 1476.468 1471.360 1469.574 1467.070 1427.936 1439.611 1446.205 1464.108 1474.128 1469.964 1456.055 1445.088 1415.545 1410.129 1401.727 1396.869 1395.648 1392.987 1389.160 1387.364 1413.985
1420.059 1418.073 1422.016 1424.011 1417.932 1417.849 1411.988 1416.991 1423.382 1429.332 1441.539 1453.885 1458.567 1462.571 1469.175 1473.482 1476.437 1479.458 1482.081 1484.058 1472.803 1462.633 1462.043 1473.826 1485.974 1489.173 1488.912 1488.155 1484.250 1483.326 1489.092 1488.813 1490.326 1490.878 1491.207 1491.794 1490.428 1490.127 1489.108 1454.219 1443.776 1450.986 1455.633 1458.740 1461.420 1449.834 1438.524 1425.630 1396.758 1397.530 1406.031 1408.529 1406.426 1421.361 1409.750 1419.472 1401.305 1395.472 1387.687 1379.771 1377.425 1374.390 1371.261 1367.533 1369.429
1406.989 1404.120 1411.055 1411.057 1404.867 1402.881 1398.140 1405.775 1411.207 1424.183 1438.297 1445.144 1447.641 1454.961 1460.465 1463.986 1466.933 1470.259 1472.628 1474.176 1466.777 1453.876 1453.003 1462.226 1475.683 1479.650 1479.478 1478.068 1473.970 1473.325 1479.622 1479.805 1479.791 1478.474 1478.913 1480.208 1478.658 1478.910 1472.623 1459.511 1428.313 1434.285 1437.586 1439.650 1449.505 1440.006 1424.586 1400.673 1387.503 1380.699 1386.487 1386.767 1389.937 1397.946 1405.341 1384.824 1383.787 1380.460 1375.231 1366.574 1361.557 1357.964 1354.372 1354.829 1353.897
1392.463 1391.317 1399.118 1398.859 1392.744 1387.819 1388.737 1394.927 1407.329 1420.965 1430.622 1433.726 1439.032 1446.560 1450.607 1454.362 1457.995 1461.121 1463.532 1464.679 1456.934 1444.136 1443.992 1452.841 1468.496 1470.486 1469.773 1467.779 1462.572 1463.192 1469.731 1470.417 1468.969 1465.148 1467.697 1468.599 1467.081 1467.928 1454.633 1432.421 1413.861 1415.941 1419.038 1420.445 1435.369 1425.679 1414.333 1389.641 1369.984 1361.282 1368.821 1370.453 1375.298 1384.750 1387.557 1377.709 1364.295 1365.208 1359.761 1352.926 1346.536 1344.135 1342.215 1345.214 1342.793
1378.269 1379.644 1385.608 1385.447 1379.989 1374.826 1379.185 1392.733 1405.863 1414.062 1420.188 1425.212 1431.901 1436.584 1441.703 1444.874 1449.636 1453.005 1454.443 1454.750 1444.903 1434.137 1434.630 1443.577 1459.560 1461.057 1459.386 1455.593 1452.363 1453.705 1460.027 1459.661 1457.894 1452.498 1456.262 1456.646 1453.709 1456.694 1448.620 1420.981 1401.875 1398.965 1404.254 1410.716 1419.796 1410.541 1386.371 1369.653 1358.043 1344.307 1348.686 1355.979 1361.401 1363.271 1372.408 1367.328 1348.001 1347.147 1344.847 1340.337 1330.174 1330.658 1334.780 1334.122 1330.062
1364.136 1367.571 1372.271 1371.484 1365.817 1362.616 1375.953 1389.249 1397.555 1404.895 1409.876 1415.714 1422.550 1427.905 1431.633 1435.718 1440.729 1444.075 1444.900 1443.901 1433.900 1425.160 1425.870 1435.933 1450.922 1451.141 1449.441 1444.531 1440.688 1444.514 1449.415 1447.860 1446.403 1441.517 1445.271 1443.789 1441.380 1444.619 1443.710 1410.534 1393.617 1381.861 1389.512 1392.771 1380.890 1381.516 1371.692 1355.097 1343.939 1333.367 1333.115 1341.744 1346.221 1344.957 1357.566 1370.107 1354.768 1326.101 1317.725 1318.352 1309.129 1308.207 1319.618 1317.918 1313.782
1350.947 1354.874 1358.186 1356.721 1351.924 1356.722 1370.407 1381.687 1389.295 1392.776 1400.909 1407.497 1412.807 1418.738 1421.848 1427.395 1432.260 1434.080 1434.179 1430.687 1422.932 1415.423 1416.658 1431.914 1441.216 1441.225 1438.628 1433.060 1430.578 1435.594 1438.529 1436.193 1436.568 1430.108 1433.927 1431.352 1430.388 1432.498 1420.085 1398.422 1382.051 1365.555 1369.831 1358.676 1363.182 1352.993 1356.768 1343.732 1331.917 1321.957 1315.747 1327.217 1323.301 1321.396 1351.259 1335.777 1337.846 1323.521 1294.035 1292.976 1282.109 1297.591 1300.507 1293.378 1286.268
1337.336 1342.802 1343.961 1341.030 1340.201 1350.901 1363.780 1375.132 1377.902 1383.783 1391.008 1397.471 1404.007 1408.993 1413.034 1419.261 1422.542 1423.924 1423.078 1418.085 1408.003 1406.403 1408.804 1425.827 1430.816 1431.271 1427.937 1422.657 1421.211 1427.011 1427.596 1424.016 1427.225 1419.609 1422.617 1419.694 1418.666 1417.758 1412.665 1398.933 1377.686 1356.726 1342.899 1336.152 1339.898 1322.867 1332.575 1333.147 1319.864 1310.939 1295.401 1301.576 1306.734 1302.068 1302.206 1310.143 1317.219 1308.401 1292.873 1270.604 1256.698 1268.324 1280.858 1274.564 1265.631
1322.909 1329.509 1328.711 1328.154 1332.103 1345.445 1357.939 1362.063 1366.128 1376.378 1382.539 1388.350 1395.137 1399.494 1404.912 1409.290 1412.260 1413.103 1411.395 1406.482 1396.784 1396.344 1401.196 1414.932 1420.179 1420.500 1417.724 1413.602 1411.507 1418.368 1418.286 1412.216 1414.626 1408.646 1411.192 1407.904 1407.298 1402.018 1399.763 1398.910 1380.221 1358.967 1337.930 1320.355 1312.129 1307.937 1304.022 1308.558 1307.883 1299.263 1282.805 1286.148 1287.061 1284.362 1291.821 1292.332 1288.836 1271.774 1269.906 1253.516 1243.338 1260.269 1267.293 1256.740 1255.090
1310.274 1316.388 1314.781 1316.240 1326.282 1338.816 1345.689 1349.309 1360.980 1367.268 1373.065 1379.641 1385.901 1391.002 1395.333 1398.971 1400.922 1401.860 1401.271 1396.702 1386.060 1386.230 1390.872 1405.686 1408.411 1409.263 1406.870 1403.576 1402.869 1409.225 1411.470 1401.758 1402.192 1399.163 1399.881 1396.835 1396.592 1390.771 1388.008 1386.941 1375.237 1350.600 1336.314 1322.115 1300.052 1292.286 1287.515 1290.980 1288.163 1289.101 1273.021 1268.270 1270.574 1266.814 1270.213 1267.817 1261.191 1247.525 1232.833 1224.573 1237.809 1249.097 1250.608 1244.063 1238.690
1296.780 1302.534 1302.297 1306.413 1319.410 1327.847 1333.333 1346.441 1353.124 1358.803 1364.450 1370.450 1376.538 1381.184 1384.523 1387.479 1389.523 1389.798 1389.052 1386.542 1378.140 1375.493 1383.336 1394.973 1396.507 1396.803 1396.009 1393.625 1393.919 1400.577 1402.052 1393.652 1390.152 1389.173 1388.075 1386.069 1385.639 1380.591 1377.152 1376.109 1372.514 1350.089 1330.288 1313.512 1297.747 1279.521 1272.000 1268.344 1265.234 1266.743 1258.800 1254.799 1255.113 1253.034 1253.643 1256.033 1241.820 1232.783 1217.965 1215.177 1229.637 1236.472 1239.266 1227.114 1218.775
1284.132 1287.989 1290.686 1298.678 1308.000 1318.876 1332.261 1340.056 1344.962 1349.625 1354.829 1361.502 1366.337 1370.944 1373.100 1376.020 1377.903 1376.660 1376.212 1377.166 1369.174 1365.113 1374.701 1382.881 1384.531 1383.451 1384.775 1384.606 1384.646 1390.854 1391.143 1384.554 1378.338 1378.191 1376.994 1375.232 1373.914 1370.733 1366.942 1365.571 1364.666 1351.081 1330.594 1311.304 1293.441 1276.575 1260.223 1249.249 1246.252 1245.059 1248.982 1232.714 1241.753 1240.150 1236.781 1239.012 1226.673 1217.913 1200.163 1205.789 1216.971 1226.483 1226.958 1213.934 1205.768
1272.007 1275.406 1282.143 1291.908 1306.469 1319.472 1326.775 1331.658 1336.184 1340.318 1346.339 1352.036 1356.211 1359.834 1361.873 1364.782 1365.831 1363.794 1363.722 1368.551 1361.307 1355.244 1364.097 1370.797 1372.751 1370.523 1376.273 1377.443 1375.165 1381.308 1380.530 1374.050 1368.508 1368.292 1365.629 1365.686 1361.490 1360.812 1357.518 1355.194 1352.360 1349.144 1326.144 1307.993 1289.667 1274.843 1259.712 1246.172 1228.812 1228.194 1227.326 1221.623 1220.527 1224.848 1221.872 1229.263 1210.504 1199.598 1193.336 1193.637 1206.202 1225.140 1218.678 1201.382 1191.754
1261.528 1269.505 1276.768 1291.426 1305.439 1312.197 1317.608 1322.825 1326.666 1331.667 1337.769 1342.126 1345.620 1348.646 1350.704 1351.973 1354.816 1352.254 1356.964 1359.198 1353.394 1346.477 1352.652 1360.445 1360.981 1359.318 1366.951 1368.920 1365.143 1371.001 1369.834 1363.130 1359.752 1358.848 1356.531 1356.384 1352.099 1350.290 1347.904 1345.083 1341.032 1341.168 1325.989 1312.128 1310.480 1309.257 1272.688 1252.646 1234.467 1212.083 1208.286 1214.013 1207.134 1199.405 1210.352 1215.936 1208.113 1192.402 1173.780 1186.218 1198.227 1208.093 1195.532 1190.990 1179.089
1253.420 1261.907 1275.629 1289.518 1298.930 1305.257 1310.419 1313.810 1317.795 1323.010 1328.659 1332.197 1334.993 1337.201 1338.094 1340.452 1343.329 1342.988 1349.019 1350.249 1349.458 1338.461 1341.109 1348.250 1348.566 1351.469 1356.412 1359.985 1356.254 1361.346 1359.258 1353.506 1350.795 1349.933 1347.966 1347.699 1344.051 1341.248 1339.375 1335.995 1329.979 1326.113 1324.267 1316.514 1302.210 1303.508 1277.238 1253.798 1238.907 1226.262 1190.755 1189.019 1185.786 1182.550 1188.633 1192.915 1178.755 1164.740 1165.547 1188.699 1183.484 1193.344 1179.757 1173.608 1164.930
1246.740 1260.265 1273.667 1285.369 1292.621 1298.036 1301.206 1304.782 1308.676 1314.148 1318.874 1321.510 1323.977 1325.121 1326.649 1329.972 1331.505 1335.491 1338.983 1341.245 1342.133 1330.242 1328.529 1335.714 1335.532 1341.134 1345.401 1350.196 1347.090 1352.526 1351.094 1343.755 1341.094 1341.351 1338.607 1340.038 1336.530 1332.654 1331.051 1327.539 1322.177 1315.591 1306.905 1310.668 1289.238 1269.060 1250.121 1232.837 1221.164 1205.112 1190.103 1170.230 1177.806 1175.864 1168.637 1179.647 1168.162 1147.281 1174.064 1179.852 1169.461 1171.797 1158.409 1154.464 1144.144
1244.022 1258.361 1271.370 1280.641 1286.832 1287.149 1291.891 1294.753 1299.395 1304.617 1307.670 1310.830 1311.729 1312.908 1312.704 1318.483 1323.198 1327.487 1330.581 1332.715 1332.799 1324.721 1318.642 1322.600 1325.007 1329.728 1335.299 1338.283 1338.555 1344.849 1342.918 1334.744 1332.551 1332.498 1330.172 1329.660 1329.668 1324.544 1323.172 1320.294 1314.783 1305.979 1291.700 1296.010 1285.526 1270.199 1248.064 1229.770 1214.199 1196.760 1178.781 1164.127 1161.375 1162.388 1150.182 1161.966 1148.754 1140.347 1160.445 1167.901 1158.061 1147.879 1141.609 1136.674 1130.612
