AvaFrame/avaframe/data/avaAlr/Outputs/r_avaflow_1311_new_paramflag1/alr_results/alr_ascii/alr_vhmax.asc
ncols 104
nrows 229
xllcenter 255202.08
yllcenter 377301.00
cellsize 20.00
NODATA_value -9999.000
[rows 87 to 115 of 229, columns 0 to 64 of 104]
-9999.000 -nan -nan 1.359 1.772 1.955 1.946 1.831 1.709 1.719 1.869 1.733 3.110 5.151 6.790 8.135 9.506 10.182 11.175 12.061 12.537 11.386 11.836 10.550 9.212 3.891 2.524 2.087 1.805 1.611 2.239 2.488 2.298 1.972 1.855 1.312 1.014 0.681 0.271 -nan -9999.000 -9999.000 -9999.000 -9999.000 -9999.000 -9999.000 -9999.000 -9999.000 -9999.000 -9999.000 -9999.000 -9999.000 -9999.000 -9999.000 -9999.000 -9999.000 -9999.000 -9999.000 -9999.000 -9999.000 -9999.000 -9999.000 -9999.000 -9999.000 -9999.000
-9999.000 -nan -nan 1.389 1.865 1.961 2.044 1.950 1.891 1.906 1.699 3.068 5.065 6.430 7.403 8.368 9.376 9.887 10.857 11.729 12.174 11.018 11.384 10.487 9.538 4.794 2.604 1.975 1.776 1.432 2.125 2.132 2.241 1.754 1.996 1.939 1.301 0.767 0.367 -nan -nan -9999.000 -9999.000 -9999.000 -9999.000 -9999.000 -9999.000 -9999.000 -9999.000 -9999.000 -9999.000 -9999.000 -9999.000 -9999.000 -9999.000 -9999.000 -9999.000 -9999.000 -9999.000 -9999.000 -9999.000 -9999.000 -9999.000 -9999.000 -9999.000
-9999.000 -nan -nan 1.516 1.961 2.126 1.891 2.149 1.950 1.877 2.942 4.630 5.993 6.785 7.415 8.320 8.927 9.286 10.090 10.902 11.363 10.571 10.805 9.852 9.589 7.138 3.377 1.845 1.598 1.547 1.938 2.169 1.793 1.550 2.126 1.895 1.659 1.027 0.396 0.164 -nan -9999.000 -9999.000 -9999.000 -9999.000 -9999.000 -9999.000 -9999.000 -9999.000 -9999.000 -9999.000 -9999.000 -9999.000 -9999.000 -9999.000 -9999.000 -9999.000 -9999.000 -9999.000 -9999.000 -9999.000 -9999.000 -9999.000 -9999.000 -9999.000
-9999.000 -nan -nan 1.677 2.091 2.557 1.804 1.951 2.752 2.948 4.385 5.414 5.947 6.752 7.443 8.080 8.427 9.077 8.916 9.540 10.238 11.522 10.174 10.052 9.093 8.293 4.284 2.316 1.326 1.409 1.663 1.697 1.478 2.121 2.014 2.004 1.913 1.099 0.844 0.231 -nan -9999.000 -9999.000 -9999.000 -9999.000 -9999.000 -9999.000 -9999.000 -9999.000 -9999.000 -9999.000 -9999.000 -9999.000 -9999.000 -9999.000 -9999.000 -9999.000 -9999.000 -9999.000 -9999.000 -9999.000 -9999.000 -9999.000 -9999.000 -9999.000
-9999.000 -nan -nan 1.747 2.104 2.479 1.283 0.421 1.417 3.521 4.818 5.347 5.818 6.622 7.126 7.563 7.975 8.435 7.999 8.632 9.542 11.302 11.426 10.598 8.635 6.755 6.173 3.292 2.007 1.253 1.420 1.318 1.904 1.971 2.020 2.122 2.103 1.682 0.695 0.270 -nan -9999.000 -9999.000 -9999.000 -9999.000 -9999.000 -9999.000 -9999.000 -9999.000 -9999.000 -9999.000 -9999.000 -9999.000 -9999.000 -9999.000 -9999.000 -9999.000 -9999.000 -9999.000 -9999.000 -9999.000 -9999.000 -9999.000 -9999.000 -9999.000
-9999.000 -nan -nan 1.707 2.022 2.273 1.085 0.193 0.375 2.688 4.559 5.141 5.648 6.227 6.491 7.008 7.801 7.711 7.914 7.778 8.620 10.794 10.794 10.580 7.940 5.871 6.492 3.397 1.890 1.259 1.389 1.599 1.724 1.890 2.009 2.164 2.252 1.881 0.802 0.406 -nan -nan -9999.000 -9999.000 -9999.000 -9999.000 -9999.000 -9999.000 -9999.000 -9999.000 -9999.000 -9999.000 -9999.000 -9999.000 -9999.000 -9999.000 -9999.000 -9999.000 -9999.000 -9999.000 -9999.000 -9999.000 -9999.000 -9999.000 -9999.000
-9999.000 -nan -nan 1.621 1.975 2.147 1.521 0.419 0.190 1.819 4.085 5.015 5.461 5.648 6.002 6.950 7.062 7.149 7.308 7.065 9.055 10.636 9.610 9.400 7.362 5.702 5.957 3.764 2.242 1.469 1.462 1.530 1.665 1.809 1.922 2.121 2.185 2.009 1.017 0.557 0.210 -nan -9999.000 -9999.000 -9999.000 -9999.000 -9999.000 -9999.000 -9999.000 -9999.000 -9999.000 -9999.000 -9999.000 -9999.000 -9999.000 -9999.000 -9999.000 -9999.000 -9999.000 -9999.000 -9999.000 -9999.000 -9999.000 -9999.000 -9999.000
-9999.000 -nan -nan 1.604 2.016 2.195 2.401 2.182 1.175 1.713 3.717 4.739 5.167 5.213 5.900 6.321 6.191 6.663 6.719 6.878 9.100 10.333 8.913 8.639 7.116 5.751 5.541 4.212 2.606 2.176 1.921 1.556 1.673 1.754 1.849 2.037 2.318 1.757 1.154 0.631 0.240 -nan -9999.000 -9999.000 -9999.000 -9999.000 -9999.000 -9999.000 -9999.000 -9999.000 -9999.000 -9999.000 -9999.000 -9999.000 -9999.000 -9999.000 -9999.000 -9999.000 -9999.000 -9999.000 -9999.000 -9999.000 -9999.000 -9999.000 -9999.000
-9999.000 -nan -nan 1.593 2.143 2.434 2.303 2.494 1.848 1.788 3.032 4.027 4.414 3.968 4.589 4.981 5.737 5.644 5.964 7.009 8.786 9.939 8.405 8.017 6.548 5.882 5.658 4.895 3.228 2.797 2.428 1.809 1.691 1.759 1.849 1.981 2.272 1.649 1.268 0.721 0.271 -nan -9999.000 -9999.000 -9999.000 -9999.000 -9999.000 -9999.000 -9999.000 -9999.000 -9999.000 -9999.000 -9999.000 -9999.000 -9999.000 -9999.000 -9999.000 -9999.000 -9999.000 -9999.000 -9999.000 -9999.000 -9999.000 -9999.000 -9999.000
-9999.000 -nan -nan 1.575 2.139 2.127 1.924 2.539 2.173 1.316 2.033 2.852 3.064 3.035 3.471 3.804 4.183 4.584 5.647 6.815 8.606 9.100 8.376 7.686 6.336 6.489 7.289 5.757 4.044 3.387 2.649 2.234 1.670 1.739 1.840 2.011 2.225 1.718 1.270 0.789 0.396 -nan -nan -9999.000 -9999.000 -9999.000 -9999.000 -9999.000 -9999.000 -9999.000 -9999.000 -9999.000 -9999.000 -9999.000 -9999.000 -9999.000 -9999.000 -9999.000 -9999.000 -9999.000 -9999.000 -9999.000 -9999.000 -9999.000 -9999.000
-9999.000 -nan -nan 1.627 1.943 1.915 1.627 1.288 0.943 0.869 1.057 1.010 1.785 1.829 1.722 1.768 2.403 3.566 4.964 6.103 7.651 8.334 9.029 8.324 8.503 9.129 8.426 6.672 5.249 4.210 2.735 2.425 1.823 1.666 1.763 2.065 2.252 1.788 1.350 0.990 0.511 0.209 -nan -9999.000 -9999.000 -9999.000 -9999.000 -9999.000 -9999.000 -9999.000 -9999.000 -9999.000 -9999.000 -9999.000 -9999.000 -9999.000 -9999.000 -9999.000 -9999.000 -9999.000 -9999.000 -9999.000 -9999.000 -9999.000 -9999.000
-9999.000 -nan -nan 1.273 1.777 1.303 0.749 0.667 0.617 0.816 1.228 1.152 1.010 0.943 0.800 0.685 0.702 1.893 3.957 6.047 7.898 9.336 10.766 12.603 11.781 11.025 8.887 7.478 6.228 5.034 3.699 2.439 2.148 1.574 1.660 2.008 2.349 1.770 1.363 1.017 0.459 0.186 -nan -9999.000 -9999.000 -9999.000 -9999.000 -9999.000 -9999.000 -9999.000 -9999.000 -9999.000 -9999.000 -9999.000 -9999.000 -9999.000 -9999.000 -9999.000 -9999.000 -9999.000 -9999.000 -9999.000 -9999.000 -9999.000 -9999.000
-9999.000 -nan -nan 1.013 0.781 0.811 0.645 0.513 0.569 0.557 1.213 1.278 1.103 0.855 0.636 0.641 0.654 2.043 4.834 7.423 10.452 12.480 15.079 16.600 14.171 10.808 8.436 7.653 7.076 5.649 3.856 3.214 2.347 1.910 1.652 1.914 2.475 1.928 1.359 0.976 0.512 0.192 -nan -9999.000 -9999.000 -9999.000 -9999.000 -9999.000 -9999.000 -9999.000 -9999.000 -9999.000 -9999.000 -9999.000 -9999.000 -9999.000 -9999.000 -9999.000 -9999.000 -9999.000 -9999.000 -9999.000 -9999.000 -9999.000 -9999.000
-9999.000 -nan -nan 0.548 0.502 0.566 0.338 0.154 0.318 0.494 1.153 1.249 1.153 2.013 2.486 2.781 2.908 3.678 5.223 7.086 10.104 15.209 19.299 17.080 16.844 11.453 8.450 7.335 7.013 6.191 4.403 3.827 2.469 2.227 1.681 1.909 2.374 2.058 1.375 1.002 0.532 0.200 -nan -9999.000 -9999.000 -9999.000 -9999.000 -9999.000 -9999.000 -9999.000 -9999.000 -9999.000 -9999.000 -9999.000 -9999.000 -9999.000 -9999.000 -9999.000 -9999.000 -9999.000 -9999.000 -9999.000 -9999.000 -9999.000 -9999.000
-9999.000 -nan -nan 0.329 0.487 0.801 0.302 0.041 0.048 0.476 1.482 2.011 2.727 2.689 2.613 2.423 2.730 3.626 4.999 6.637 9.358 14.924 17.592 15.903 15.904 13.247 8.704 6.968 7.552 6.649 4.790 3.673 2.683 2.241 1.889 1.922 2.329 2.018 1.397 0.997 0.535 0.201 -nan -9999.000 -9999.000 -9999.000 -9999.000 -9999.000 -9999.000 -9999.000 -9999.000 -9999.000 -9999.000 -9999.000 -9999.000 -9999.000 -9999.000 -9999.000 -9999.000 -9999.000 -9999.000 -9999.000 -9999.000 -9999.000 -9999.000
-9999.000 -nan -nan 0.495 0.653 1.315 1.633 0.471 0.169 1.481 2.634 2.668 2.563 2.311 2.351 2.287 2.795 3.404 4.100 5.362 8.087 13.398 15.409 14.357 14.576 13.104 8.600 7.180 7.298 6.735 5.047 4.010 2.863 2.109 1.704 1.868 2.454 2.063 1.385 1.026 0.529 0.214 -nan -9999.000 -9999.000 -9999.000 -9999.000 -9999.000 -9999.000 -9999.000 -9999.000 -9999.000 -9999.000 -9999.000 -9999.000 -9999.000 -9999.000 -9999.000 -9999.000 -9999.000 -9999.000 -9999.000 -9999.000 -9999.000 -9999.000
-9999.000 -nan -nan 0.721 0.793 1.260 1.883 1.794 1.184 1.999 2.684 2.713 2.318 2.154 2.441 2.748 2.831 3.079 3.590 4.192 6.474 11.854 14.395 13.536 14.410 12.238 8.085 7.469 7.498 6.999 5.797 4.384 3.105 2.165 1.551 1.838 2.422 2.100 1.302 0.955 1.035 0.282 -nan -9999.000 -9999.000 -9999.000 -9999.000 -9999.000 -9999.000 -9999.000 -9999.000 -9999.000 -9999.000 -9999.000 -9999.000 -9999.000 -9999.000 -9999.000 -9999.000 -9999.000 -9999.000 -9999.000 -9999.000 -9999.000 -9999.000
-9999.000 -nan -nan 0.724 1.240 1.429 1.693 1.979 1.923 1.579 2.440 2.902 2.624 1.997 2.224 2.697 2.811 2.979 3.257 3.709 5.232 10.842 14.032 12.799 12.945 12.189 8.347 7.261 7.996 7.410 6.258 4.891 3.472 2.332 1.587 1.923 2.173 1.802 1.215 0.905 0.751 0.281 -nan -9999.000 -9999.000 -9999.000 -9999.000 -9999.000 -9999.000 -9999.000 -9999.000 -9999.000 -9999.000 -9999.000 -9999.000 -9999.000 -9999.000 -9999.000 -9999.000 -9999.000 -9999.000 -9999.000 -9999.000 -9999.000 -9999.000
-9999.000 -nan -nan 0.708 1.210 1.506 1.657 1.791 2.000 1.950 1.680 2.296 2.621 2.210 1.995 2.508 2.895 2.987 3.162 3.384 4.834 10.303 11.952 11.999 12.267 11.456 7.864 7.662 7.961 7.963 6.963 5.513 3.952 2.592 1.752 2.082 2.158 1.290 1.312 1.429 0.726 0.270 -nan -9999.000 -9999.000 -9999.000 -9999.000 -9999.000 -9999.000 -9999.000 -9999.000 -9999.000 -9999.000 -9999.000 -9999.000 -9999.000 -9999.000 -9999.000 -9999.000 -9999.000 -9999.000 -9999.000 -9999.000 -9999.000 -9999.000
-9999.000 -nan -nan 0.671 0.993 1.357 1.678 1.845 2.042 2.120 1.780 2.011 2.873 2.389 1.904 2.135 2.487 2.790 3.053 3.299 4.809 9.805 10.862 11.070 11.983 12.362 7.584 6.674 7.803 8.137 7.262 5.547 4.371 2.936 2.647 2.198 1.956 1.374 1.247 0.954 0.656 0.238 -nan -9999.000 -9999.000 -9999.000 -9999.000 -9999.000 -9999.000 -9999.000 -9999.000 -9999.000 -9999.000 -9999.000 -9999.000 -9999.000 -9999.000 -9999.000 -9999.000 -9999.000 -9999.000 -9999.000 -9999.000 -9999.000 -9999.000
-9999.000 -nan -nan 0.908 1.246 1.409 1.667 1.763 1.751 1.780 1.767 2.370 3.148 3.031 2.187 1.799 2.413 2.641 3.027 3.199 4.750 9.152 10.751 9.905 10.507 10.468 7.856 6.257 7.809 8.081 8.397 5.886 4.749 3.482 3.279 2.657 2.021 1.502 1.099 1.021 0.430 0.150 -nan -9999.000 -9999.000 -9999.000 -9999.000 -9999.000 -9999.000 -9999.000 -9999.000 -9999.000 -9999.000 -9999.000 -9999.000 -9999.000 -9999.000 -9999.000 -9999.000 -9999.000 -9999.000 -9999.000 -9999.000 -9999.000 -9999.000
-9999.000 -nan -nan 0.904 1.463 1.499 1.638 1.645 1.652 1.470 1.502 1.901 2.542 3.136 2.819 2.300 2.446 3.012 3.450 3.040 4.899 9.102 9.869 9.350 9.250 8.318 7.712 6.490 7.871 8.309 8.370 6.396 5.026 3.770 3.897 3.248 1.978 1.517 1.049 0.637 0.268 0.052 -nan -9999.000 -9999.000 -9999.000 -9999.000 -9999.000 -9999.000 -9999.000 -9999.000 -9999.000 -9999.000 -9999.000 -9999.000 -9999.000 -9999.000 -9999.000 -9999.000 -9999.000 -9999.000 -9999.000 -9999.000 -9999.000 -9999.000
-9999.000 -nan -nan 0.927 1.464 1.619 1.639 1.426 1.329 1.416 1.861 1.849 2.297 2.770 2.720 2.255 2.499 2.817 3.152 2.710 5.157 8.281 9.293 8.602 8.682 7.632 6.509 6.403 5.707 8.351 8.233 7.083 5.321 4.073 3.582 4.297 2.769 1.385 1.071 0.633 0.250 -nan -nan -9999.000 -9999.000 -9999.000 -9999.000 -9999.000 -9999.000 -9999.000 -9999.000 -9999.000 -9999.000 -9999.000 -9999.000 -9999.000 -9999.000 -9999.000 -9999.000 -9999.000 -9999.000 -9999.000 -9999.000 -9999.000 -9999.000
-9999.000 -nan -nan 0.660 1.172 1.402 1.485 1.446 1.490 1.910 2.134 2.045 2.523 2.852 3.077 1.842 1.390 1.772 1.874 1.995 5.172 7.163 8.035 7.389 7.943 7.236 6.855 7.499 5.694 7.966 8.063 7.528 5.848 4.029 4.786 4.807 3.862 2.261 1.409 0.843 0.370 -nan -nan -9999.000 -9999.000 -9999.000 -9999.000 -9999.000 -9999.000 -9999.000 -9999.000 -9999.000 -9999.000 -9999.000 -9999.000 -9999.000 -9999.000 -9999.000 -9999.000 -9999.000 -9999.000 -9999.000 -9999.000 -9999.000 -9999.000
-9999.000 -nan -nan 0.655 1.061 1.399 1.562 1.834 1.754 2.085 2.733 1.841 2.782 2.554 1.813 0.693 0.362 0.575 0.622 0.813 4.236 5.849 6.978 6.619 6.846 6.673 8.959 9.179 5.955 7.532 8.508 8.251 6.589 4.612 4.881 5.010 4.877 2.826 1.474 0.884 0.748 0.344 -nan -nan -9999.000 -9999.000 -9999.000 -9999.000 -9999.000 -9999.000 -9999.000 -9999.000 -9999.000 -9999.000 -9999.000 -9999.000 -9999.000 -9999.000 -9999.000 -9999.000 -9999.000 -9999.000 -9999.000 -9999.000 -9999.000
-9999.000 -nan -nan 0.666 1.130 1.456 1.746 2.109 2.282 2.901 2.408 1.517 1.250 0.927 0.446 0.294 0.288 0.735 0.600 0.618 3.093 4.872 6.053 6.497 6.245 7.605 9.857 10.381 7.685 4.940 8.577 8.794 8.266 6.403 5.070 5.280 5.253 2.956 1.745 1.344 0.971 0.551 0.220 -nan -9999.000 -9999.000 -9999.000 -9999.000 -9999.000 -9999.000 -9999.000 -9999.000 -9999.000 -9999.000 -9999.000 -9999.000 -9999.000 -9999.000 -9999.000 -9999.000 -9999.000 -9999.000 -9999.000 -9999.000 -9999.000
-9999.000 -nan -nan 0.557 0.629 0.816 1.261 1.628 1.659 1.054 0.444 0.109 0.042 0.276 0.014 0.030 0.387 0.389 0.409 0.578 1.751 3.289 4.833 6.209 7.240 9.056 10.438 10.429 10.715 5.715 7.903 9.086 8.955 6.879 4.586 5.436 5.138 3.839 2.132 1.243 1.227 0.753 0.370 -nan -nan -9999.000 -9999.000 -9999.000 -9999.000 -9999.000 -9999.000 -9999.000 -9999.000 -9999.000 -9999.000 -9999.000 -9999.000 -9999.000 -9999.000 -9999.000 -9999.000 -9999.000 -9999.000 -9999.000 -9999.000
-9999.000 -nan -nan 0.324 0.406 0.460 0.584 0.221 0.326 0.171 0.073 0.040 0.008 0.006 0.018 0.043 0.307 0.424 0.387 0.545 0.596 2.220 3.856 6.040 8.083 10.012 11.477 13.107 10.687 9.422 7.240 9.040 9.012 7.421 5.258 5.134 5.346 4.885 3.276 1.700 1.629 0.991 0.570 0.416 -nan -nan -nan -nan -9999.000 -9999.000 -9999.000 -9999.000 -9999.000 -9999.000 -9999.000 -9999.000 -9999.000 -9999.000 -9999.000 -9999.000 -9999.000 -9999.000 -9999.000 -9999.000 -9999.000
-9999.000 -nan -nan 0.026 0.214 0.303 0.234 0.024 0.127 0.103 0.016 0.025 0.002 0.003 0.009 0.017 0.490 0.471 0.441 0.631 0.895 0.878 3.112 4.619 7.129 10.797 13.966 15.823 14.211 11.010 8.031 7.875 9.088 8.222 6.580 4.311 4.961 5.025 3.855 2.318 1.535 1.241 0.771 0.597 0.616 0.610 0.414 -nan -nan -nan -nan -9999.000 -9999.000 -9999.000 -9999.000 -9999.000 -9999.000 -9999.000 -9999.000 -9999.000 -9999.000 -9999.000 -9999.000 -9999.000 -9999.000
