AvaFrame/avaframe/data/avaAlr/Outputs/r_avaflow_1311_new_paramflag1/alr_results/alr_ascii/alr_(null).asc
ncols 104
nrows 229
xllcenter 255202.08
yllcenter 377301.00
cellsize 20.00
NODATA_value -9999.000
[rows 29 to 57 of 229, columns 0 to 64 of 104]
-9999.000 -9999.000 -9999.000 -9999.000 -9999.000 -9999.000 -9999.000 -9999.000 -9999.000 -9999.000 -9999.000 -9999.000 -9999.000 -9999.000 0.000 0.000 0.001 0.001 0.002 0.003 0.008 0.018 0.075 0.302 0.438 0.780 2.376 24.889 57.799 68.043 70.707 50.802 16.230 3.353 0.748 0.189 0.070 0.036 0.054 0.077 0.073 0.051 0.022 0.009 0.005 0.004 0.004 0.006 0.008 0.011 0.013 0.012 0.006 0.001 0.000 0.000 -9999.000 -9999.000 -9999.000 -9999.000 -9999.000 -9999.000 -9999.000 -9999.000 -9999.000
-9999.000 -9999.000 -9999.000 -9999.000 -9999.000 -9999.000 -9999.000 -9999.000 -9999.000 -9999.000 -9999.000 -9999.000 -9999.000 -9999.000 0.000 0.000 0.001 0.001 0.002 0.005 0.010 0.014 0.051 0.238 0.476 1.575 19.995 56.882 71.450 69.355 53.784 23.144 5.567 1.387 0.335 0.104 0.044 0.027 0.045 0.068 0.070 0.051 0.020 0.008 0.003 0.003 0.003 0.004 0.005 0.007 0.008 0.008 0.005 0.001 0.000 0.000 -9999.000 -9999.000 -9999.000 -9999.000 -9999.000 -9999.000 -9999.000 -9999.000 -9999.000
-9999.000 -9999.000 -9999.000 -9999.000 -9999.000 -9999.000 -9999.000 -9999.000 -9999.000 -9999.000 -9999.000 -9999.000 -9999.000 -9999.000 0.000 0.001 0.001 0.001 0.004 0.007 0.012 0.013 0.035 0.187 0.879 11.463 52.012 75.106 74.013 59.221 24.091 6.210 1.774 0.530 0.169 0.064 0.027 0.021 0.037 0.061 0.067 0.048 0.019 0.007 0.003 0.003 0.003 0.003 0.003 0.004 0.004 0.003 0.003 0.001 0.000 0.000 -9999.000 -9999.000 -9999.000 -9999.000 -9999.000 -9999.000 -9999.000 -9999.000 -9999.000
-9999.000 -9999.000 -9999.000 -9999.000 -9999.000 -9999.000 -9999.000 -9999.000 -9999.000 -9999.000 -9999.000 -9999.000 -9999.000 0.000 0.000 0.001 0.001 0.002 0.005 0.008 0.013 0.013 0.046 0.323 4.347 37.743 70.695 73.547 67.265 28.680 7.204 1.997 0.658 0.237 0.094 0.041 0.019 0.021 0.035 0.053 0.060 0.045 0.017 0.007 0.003 0.003 0.002 0.002 0.002 0.003 0.003 0.002 0.001 0.000 0.000 0.000 -9999.000 -9999.000 -9999.000 -9999.000 -9999.000 -9999.000 -9999.000 -9999.000 -9999.000
-9999.000 -9999.000 -9999.000 -9999.000 -9999.000 -9999.000 -9999.000 -9999.000 -9999.000 -9999.000 -9999.000 -9999.000 -9999.000 0.000 0.000 0.001 0.001 0.002 0.006 0.010 0.015 0.016 0.099 1.059 17.343 61.878 77.748 75.038 42.167 9.487 2.461 0.821 0.319 0.127 0.052 0.023 0.018 0.022 0.036 0.050 0.055 0.040 0.015 0.006 0.003 0.002 0.002 0.002 0.002 0.002 0.002 0.001 0.000 0.000 0.000 0.000 -9999.000 -9999.000 -9999.000 -9999.000 -9999.000 -9999.000 -9999.000 -9999.000 -9999.000
-9999.000 -9999.000 -9999.000 -9999.000 -9999.000 -9999.000 -9999.000 -9999.000 -9999.000 -9999.000 -9999.000 -9999.000 0.000 0.000 0.001 0.001 0.001 0.002 0.007 0.012 0.018 0.042 0.254 3.937 33.386 70.884 76.299 62.438 18.943 3.479 1.048 0.410 0.171 0.069 0.030 0.014 0.017 0.025 0.037 0.045 0.051 0.037 0.013 0.005 0.003 0.002 0.002 0.002 0.001 0.001 0.001 0.001 0.000 0.000 0.000 0.000 -9999.000 -9999.000 -9999.000 -9999.000 -9999.000 -9999.000 -9999.000 -9999.000 -9999.000
-9999.000 -9999.000 -9999.000 -9999.000 -9999.000 -9999.000 -9999.000 -9999.000 -9999.000 -9999.000 -9999.000 -9999.000 0.000 0.000 0.001 0.001 0.001 0.002 0.008 0.014 0.040 0.104 0.705 8.596 44.776 75.412 76.425 46.570 9.611 1.699 0.531 0.220 0.095 0.040 0.020 0.010 0.016 0.030 0.043 0.049 0.045 0.028 0.010 0.004 0.003 0.002 0.002 0.001 0.001 0.000 0.000 0.000 0.000 0.000 -9999.000 -9999.000 -9999.000 -9999.000 -9999.000 -9999.000 -9999.000 -9999.000 -9999.000 -9999.000 -9999.000
-9999.000 -9999.000 -9999.000 -9999.000 -9999.000 -9999.000 -9999.000 -9999.000 -9999.000 -9999.000 -9999.000 -9999.000 0.000 0.000 0.001 0.001 0.001 0.003 0.008 0.019 0.075 0.224 1.454 14.187 54.181 80.746 76.302 37.726 5.908 1.023 0.304 0.126 0.054 0.024 0.013 0.009 0.015 0.036 0.051 0.060 0.040 0.019 0.007 0.003 0.002 0.002 0.001 0.001 0.000 0.000 0.000 0.000 0.000 0.000 -9999.000 -9999.000 -9999.000 -9999.000 -9999.000 -9999.000 -9999.000 -9999.000 -9999.000 -9999.000 -9999.000
-9999.000 -9999.000 -9999.000 -9999.000 -9999.000 -9999.000 -9999.000 -9999.000 -9999.000 -9999.000 -9999.000 0.000 0.000 0.001 0.001 0.001 0.002 0.004 0.010 0.030 0.111 0.368 2.513 19.254 62.551 84.549 78.128 32.481 4.329 0.695 0.184 0.073 0.031 0.016 0.008 0.009 0.017 0.042 0.061 0.061 0.030 0.012 0.005 0.002 0.002 0.001 0.001 0.000 0.000 0.000 0.000 -9999.000 -9999.000 -9999.000 -9999.000 -9999.000 -9999.000 -9999.000 -9999.000 -9999.000 -9999.000 -9999.000 -9999.000 -9999.000 -9999.000
-9999.000 -9999.000 -9999.000 -9999.000 -9999.000 -9999.000 -9999.000 -9999.000 -9999.000 -9999.000 -9999.000 0.000 0.000 0.001 0.001 0.001 0.003 0.005 0.012 0.037 0.133 0.503 3.610 24.385 67.664 85.925 78.058 28.959 3.293 0.503 0.112 0.042 0.021 0.009 0.007 0.011 0.027 0.055 0.070 0.050 0.022 0.008 0.004 0.002 0.001 0.001 0.001 0.000 0.000 0.000 -9999.000 -9999.000 -9999.000 -9999.000 -9999.000 -9999.000 -9999.000 -9999.000 -9999.000 -9999.000 -9999.000 -9999.000 -9999.000 -9999.000 -9999.000
-9999.000 -9999.000 -9999.000 -9999.000 -9999.000 -9999.000 -9999.000 -9999.000 -9999.000 -9999.000 -9999.000 0.000 0.000 0.001 0.001 0.002 0.003 0.007 0.013 0.041 0.148 0.656 4.851 27.209 69.403 84.233 74.281 25.814 2.699 0.377 0.073 0.028 0.012 0.008 0.007 0.017 0.041 0.068 0.055 0.034 0.015 0.007 0.003 0.001 0.001 0.001 0.000 0.000 0.000 0.000 -9999.000 -9999.000 -9999.000 -9999.000 -9999.000 -9999.000 -9999.000 -9999.000 -9999.000 -9999.000 -9999.000 -9999.000 -9999.000 -9999.000 -9999.000
-9999.000 -9999.000 -9999.000 -9999.000 -9999.000 -9999.000 -9999.000 -9999.000 -9999.000 -9999.000 -9999.000 0.000 0.001 0.001 0.001 0.002 0.004 0.007 0.013 0.042 0.172 0.911 6.986 32.268 68.911 78.533 68.513 21.687 2.193 0.301 0.057 0.017 0.010 0.008 0.008 0.026 0.056 0.067 0.041 0.019 0.009 0.004 0.003 0.002 0.001 0.000 0.000 0.000 0.000 -9999.000 -9999.000 -9999.000 -9999.000 -9999.000 -9999.000 -9999.000 -9999.000 -9999.000 -9999.000 -9999.000 -9999.000 -9999.000 -9999.000 -9999.000 -9999.000
-9999.000 -9999.000 -9999.000 -9999.000 -9999.000 -9999.000 -9999.000 -9999.000 -9999.000 -9999.000 0.000 0.000 0.001 0.001 0.001 0.002 0.005 0.008 0.012 0.043 0.239 1.593 12.021 42.172 69.676 74.940 56.848 17.657 1.795 0.255 0.050 0.015 0.010 0.010 0.013 0.034 0.065 0.055 0.027 0.012 0.006 0.003 0.002 0.001 0.000 0.000 0.000 0.000 -9999.000 -9999.000 -9999.000 -9999.000 -9999.000 -9999.000 -9999.000 -9999.000 -9999.000 -9999.000 -9999.000 -9999.000 -9999.000 -9999.000 -9999.000 -9999.000 -9999.000
-9999.000 -9999.000 -9999.000 -9999.000 -9999.000 -9999.000 -9999.000 -9999.000 -9999.000 -9999.000 0.000 0.000 0.001 0.001 0.002 0.003 0.005 0.009 0.012 0.051 0.371 3.362 22.203 55.471 72.068 72.145 47.064 12.272 1.456 0.221 0.043 0.014 0.013 0.012 0.015 0.036 0.054 0.048 0.022 0.010 0.005 0.003 0.002 0.001 0.000 0.000 0.000 -9999.000 -9999.000 -9999.000 -9999.000 -9999.000 -9999.000 -9999.000 -9999.000 -9999.000 -9999.000 -9999.000 -9999.000 -9999.000 -9999.000 -9999.000 -9999.000 -9999.000 -9999.000
-9999.000 -9999.000 -9999.000 -9999.000 -9999.000 -9999.000 -9999.000 -9999.000 -9999.000 0.000 0.000 0.001 0.001 0.001 0.002 0.004 0.006 0.010 0.014 0.070 0.655 7.725 38.541 66.626 69.753 67.745 37.684 7.690 1.035 0.184 0.033 0.015 0.015 0.014 0.015 0.033 0.041 0.035 0.019 0.009 0.005 0.003 0.001 0.000 0.000 0.000 0.000 -9999.000 -9999.000 -9999.000 -9999.000 -9999.000 -9999.000 -9999.000 -9999.000 -9999.000 -9999.000 -9999.000 -9999.000 -9999.000 -9999.000 -9999.000 -9999.000 -9999.000 -9999.000
-9999.000 -9999.000 -9999.000 -9999.000 -9999.000 -9999.000 -9999.000 -9999.000 -9999.000 0.000 0.000 0.001 0.001 0.001 0.003 0.005 0.008 0.012 0.016 0.132 1.537 17.697 55.476 70.436 72.760 56.705 23.262 4.341 0.675 0.125 0.031 0.019 0.015 0.013 0.013 0.034 0.037 0.033 0.017 0.007 0.003 0.002 0.001 0.000 0.000 0.000 -9999.000 -9999.000 -9999.000 -9999.000 -9999.000 -9999.000 -9999.000 -9999.000 -9999.000 -9999.000 -9999.000 -9999.000 -9999.000 -9999.000 -9999.000 -9999.000 -9999.000 -9999.000 -9999.000
-9999.000 -9999.000 -9999.000 -9999.000 -9999.000 -9999.000 -9999.000 -9999.000 -9999.000 0.000 0.000 0.001 0.001 0.001 0.003 0.006 0.010 0.016 0.028 0.317 4.968 34.007 67.349 69.657 64.230 36.553 11.623 2.103 0.400 0.073 0.037 0.023 0.014 0.011 0.009 0.024 0.042 0.033 0.019 0.007 0.003 0.002 0.001 0.000 0.000 -9999.000 -9999.000 -9999.000 -9999.000 -9999.000 -9999.000 -9999.000 -9999.000 -9999.000 -9999.000 -9999.000 -9999.000 -9999.000 -9999.000 -9999.000 -9999.000 -9999.000 -9999.000 -9999.000 -9999.000
-9999.000 -9999.000 -9999.000 -9999.000 -9999.000 -9999.000 -9999.000 -9999.000 -9999.000 0.000 0.001 0.001 0.001 0.001 0.003 0.007 0.011 0.026 0.088 0.851 10.668 47.154 75.281 74.957 52.848 17.553 4.327 0.950 0.213 0.058 0.037 0.024 0.014 0.009 0.008 0.018 0.035 0.038 0.020 0.008 0.003 0.002 0.001 0.000 0.000 -9999.000 -9999.000 -9999.000 -9999.000 -9999.000 -9999.000 -9999.000 -9999.000 -9999.000 -9999.000 -9999.000 -9999.000 -9999.000 -9999.000 -9999.000 -9999.000 -9999.000 -9999.000 -9999.000 -9999.000
-9999.000 -9999.000 -9999.000 -9999.000 -9999.000 -9999.000 -9999.000 -9999.000 0.000 0.000 0.001 0.001 0.001 0.002 0.004 0.008 0.016 0.066 0.281 2.523 17.763 52.761 70.249 71.647 35.557 6.686 1.657 0.442 0.106 0.049 0.035 0.022 0.014 0.010 0.008 0.014 0.026 0.030 0.021 0.008 0.003 0.002 0.001 0.000 0.000 -9999.000 -9999.000 -9999.000 -9999.000 -9999.000 -9999.000 -9999.000 -9999.000 -9999.000 -9999.000 -9999.000 -9999.000 -9999.000 -9999.000 -9999.000 -9999.000 -9999.000 -9999.000 -9999.000 -9999.000
-9999.000 -9999.000 -9999.000 -9999.000 -9999.000 -9999.000 -9999.000 0.000 0.000 0.000 0.001 0.001 0.001 0.002 0.005 0.011 0.040 0.170 0.808 5.537 24.018 55.204 65.594 61.064 25.323 3.879 0.789 0.230 0.066 0.042 0.031 0.021 0.013 0.011 0.013 0.017 0.020 0.021 0.018 0.009 0.003 0.002 0.001 0.000 0.000 -9999.000 -9999.000 -9999.000 -9999.000 -9999.000 -9999.000 -9999.000 -9999.000 -9999.000 -9999.000 -9999.000 -9999.000 -9999.000 -9999.000 -9999.000 -9999.000 -9999.000 -9999.000 -9999.000 -9999.000
-9999.000 -9999.000 -9999.000 -9999.000 -9999.000 -9999.000 -9999.000 0.000 0.000 0.001 0.001 0.001 0.001 0.002 0.007 0.022 0.094 0.395 1.802 8.911 27.178 52.352 62.594 58.799 24.042 4.209 0.542 0.144 0.046 0.035 0.027 0.018 0.012 0.013 0.015 0.018 0.018 0.016 0.014 0.008 0.005 0.002 0.001 0.000 0.000 -9999.000 -9999.000 -9999.000 -9999.000 -9999.000 -9999.000 -9999.000 -9999.000 -9999.000 -9999.000 -9999.000 -9999.000 -9999.000 -9999.000 -9999.000 -9999.000 -9999.000 -9999.000 -9999.000 -9999.000
-9999.000 -9999.000 -9999.000 -9999.000 -9999.000 -9999.000 -9999.000 0.000 0.000 0.001 0.001 0.002 0.002 0.004 0.014 0.051 0.207 0.797 3.396 11.401 27.008 47.866 58.192 57.527 30.130 5.297 0.524 0.102 0.038 0.029 0.022 0.016 0.013 0.014 0.017 0.018 0.016 0.013 0.011 0.010 0.007 0.003 0.001 0.000 0.000 -9999.000 -9999.000 -9999.000 -9999.000 -9999.000 -9999.000 -9999.000 -9999.000 -9999.000 -9999.000 -9999.000 -9999.000 -9999.000 -9999.000 -9999.000 -9999.000 -9999.000 -9999.000 -9999.000 -9999.000
-9999.000 -9999.000 -9999.000 -9999.000 -9999.000 -9999.000 0.000 0.000 0.000 0.001 0.001 0.003 0.005 0.009 0.031 0.115 0.423 1.450 5.268 12.823 25.512 43.470 56.023 57.667 37.265 7.451 0.706 0.101 0.033 0.025 0.019 0.014 0.014 0.016 0.019 0.018 0.015 0.010 0.009 0.010 0.008 0.005 0.002 0.000 0.000 0.000 -9999.000 -9999.000 -9999.000 -9999.000 -9999.000 -9999.000 -9999.000 -9999.000 -9999.000 -9999.000 -9999.000 -9999.000 -9999.000 -9999.000 -9999.000 -9999.000 -9999.000 -9999.000 -9999.000
-9999.000 -9999.000 -9999.000 -9999.000 -9999.000 -9999.000 0.000 0.000 0.001 0.001 0.002 0.005 0.009 0.021 0.071 0.248 0.804 2.336 6.235 12.518 22.000 38.465 55.492 57.934 43.866 12.680 1.214 0.140 0.030 0.022 0.018 0.013 0.016 0.019 0.019 0.016 0.012 0.007 0.007 0.008 0.008 0.006 0.003 0.001 0.000 0.000 -9999.000 -9999.000 -9999.000 -9999.000 -9999.000 -9999.000 -9999.000 -9999.000 -9999.000 -9999.000 -9999.000 -9999.000 -9999.000 -9999.000 -9999.000 -9999.000 -9999.000 -9999.000 -9999.000
-9999.000 -9999.000 -9999.000 -9999.000 -9999.000 -9999.000 0.000 0.000 0.001 0.002 0.004 0.009 0.017 0.047 0.155 0.509 1.391 3.353 6.620 10.958 17.884 33.760 55.106 61.325 50.713 18.272 2.127 0.226 0.030 0.021 0.016 0.014 0.019 0.021 0.019 0.014 0.009 0.005 0.006 0.007 0.007 0.006 0.003 0.001 0.000 0.000 -9999.000 -9999.000 -9999.000 -9999.000 -9999.000 -9999.000 -9999.000 -9999.000 -9999.000 -9999.000 -9999.000 -9999.000 -9999.000 -9999.000 -9999.000 -9999.000 -9999.000 -9999.000 -9999.000
-9999.000 -9999.000 -9999.000 -9999.000 -9999.000 0.000 0.000 0.000 0.001 0.003 0.008 0.016 0.034 0.100 0.318 0.898 2.084 4.211 6.462 8.875 14.170 30.221 52.200 61.178 52.242 21.633 3.212 0.346 0.044 0.020 0.015 0.016 0.020 0.022 0.017 0.011 0.007 0.004 0.005 0.006 0.006 0.006 0.004 0.002 0.000 0.000 -9999.000 -9999.000 -9999.000 -9999.000 -9999.000 -9999.000 -9999.000 -9999.000 -9999.000 -9999.000 -9999.000 -9999.000 -9999.000 -9999.000 -9999.000 -9999.000 -9999.000 -9999.000 -9999.000
-9999.000 -9999.000 -9999.000 -9999.000 -9999.000 0.000 0.000 0.001 0.001 0.006 0.015 0.029 0.070 0.207 0.584 1.356 2.733 4.383 5.318 6.493 9.750 23.656 48.692 58.892 51.409 21.319 3.642 0.423 0.057 0.020 0.014 0.017 0.021 0.021 0.015 0.008 0.005 0.003 0.004 0.005 0.006 0.006 0.004 0.002 0.000 0.000 0.000 -9999.000 -9999.000 -9999.000 -9999.000 -9999.000 -9999.000 -9999.000 -9999.000 -9999.000 -9999.000 -9999.000 -9999.000 -9999.000 -9999.000 -9999.000 -9999.000 -9999.000 -9999.000
-9999.000 -9999.000 -9999.000 -9999.000 0.000 0.000 0.000 0.001 0.003 0.011 0.026 0.053 0.143 0.404 0.954 1.890 3.269 3.977 4.493 4.807 6.832 20.277 44.955 52.855 46.507 18.642 3.042 0.379 0.064 0.020 0.014 0.018 0.020 0.019 0.013 0.007 0.005 0.003 0.003 0.004 0.005 0.005 0.004 0.002 0.000 0.000 0.000 -9999.000 -9999.000 -9999.000 -9999.000 -9999.000 -9999.000 -9999.000 -9999.000 -9999.000 -9999.000 -9999.000 -9999.000 -9999.000 -9999.000 -9999.000 -9999.000 -9999.000 -9999.000
-9999.000 -9999.000 -9999.000 -9999.000 0.000 0.000 0.000 0.001 0.007 0.021 0.046 0.100 0.288 0.700 1.406 2.504 3.213 3.450 3.427 3.115 4.835 19.741 47.865 52.846 43.031 15.121 2.254 0.295 0.066 0.020 0.016 0.019 0.020 0.016 0.010 0.006 0.004 0.003 0.003 0.003 0.004 0.005 0.004 0.002 0.001 0.000 0.000 -9999.000 -9999.000 -9999.000 -9999.000 -9999.000 -9999.000 -9999.000 -9999.000 -9999.000 -9999.000 -9999.000 -9999.000 -9999.000 -9999.000 -9999.000 -9999.000 -9999.000 -9999.000
