AvaFrame/avaframe/data/avaAlr/Outputs/r_avaflow_1311_new_paramflag1/alr_results/alr_ascii/alr_(null).asc
ncols 104
nrows 229
xllcenter 255202.08
yllcenter 377301.00
cellsize 20.00
NODATA_value -9999.000
[rows 87 to 115 of 229, columns 0 to 64 of 104]
-9999.000 0.000 0.000 0.003 0.008 0.009 0.009 0.009 0.007 0.006 0.006 0.012 0.052 0.186 0.391 0.748 1.683 3.557 6.657 10.946 18.373 25.244 28.332 21.827 6.338 0.580 0.070 0.024 0.019 0.012 0.014 0.022 0.023 0.017 0.013 0.008 0.003 0.001 0.000 0.000 -9999.000 -9999.000 -9999.000 -9999.000 -9999.000 -9999.000 -9999.000 -9999.000 -9999.000 -9999.000 -9999.000 -9999.000 -9999.000 -9999.000 -9999.000 -9999.000 -9999.000 -9999.000 -9999.000 -9999.000 -9999.000 -9999.000 -9999.000 -9999.000 -9999.000
-9999.000 0.000 0.000 0.003 0.008 0.009 0.010 0.009 0.008 0.007 0.011 0.053 0.173 0.332 0.528 0.918 1.817 3.509 6.228 9.765 15.117 21.180 26.117 24.048 11.244 1.318 0.137 0.020 0.013 0.008 0.012 0.018 0.021 0.016 0.013 0.009 0.005 0.001 0.000 0.000 0.000 -9999.000 -9999.000 -9999.000 -9999.000 -9999.000 -9999.000 -9999.000 -9999.000 -9999.000 -9999.000 -9999.000 -9999.000 -9999.000 -9999.000 -9999.000 -9999.000 -9999.000 -9999.000 -9999.000 -9999.000 -9999.000 -9999.000 -9999.000 -9999.000
-9999.000 0.000 0.000 0.004 0.009 0.012 0.014 0.016 0.012 0.014 0.048 0.143 0.269 0.408 0.598 1.004 1.782 3.203 5.438 8.443 12.640 17.242 21.991 22.728 15.424 2.966 0.282 0.031 0.008 0.007 0.012 0.016 0.016 0.013 0.012 0.010 0.007 0.002 0.000 0.000 0.000 -9999.000 -9999.000 -9999.000 -9999.000 -9999.000 -9999.000 -9999.000 -9999.000 -9999.000 -9999.000 -9999.000 -9999.000 -9999.000 -9999.000 -9999.000 -9999.000 -9999.000 -9999.000 -9999.000 -9999.000 -9999.000 -9999.000 -9999.000 -9999.000
-9999.000 0.000 0.000 0.006 0.011 0.015 0.014 0.030 0.050 0.055 0.126 0.207 0.297 0.447 0.647 1.004 1.643 2.666 4.289 6.645 10.212 14.817 18.606 20.739 17.890 6.588 0.594 0.054 0.008 0.006 0.010 0.012 0.012 0.012 0.010 0.010 0.009 0.004 0.001 0.000 0.000 -9999.000 -9999.000 -9999.000 -9999.000 -9999.000 -9999.000 -9999.000 -9999.000 -9999.000 -9999.000 -9999.000 -9999.000 -9999.000 -9999.000 -9999.000 -9999.000 -9999.000 -9999.000 -9999.000 -9999.000 -9999.000 -9999.000 -9999.000 -9999.000
-9999.000 0.000 0.000 0.007 0.012 0.015 0.010 0.006 0.034 0.093 0.169 0.223 0.309 0.443 0.606 0.912 1.514 2.368 3.464 5.304 8.794 13.296 18.046 19.584 17.517 7.358 1.372 0.136 0.017 0.005 0.006 0.007 0.009 0.010 0.010 0.012 0.011 0.006 0.001 0.000 0.000 -9999.000 -9999.000 -9999.000 -9999.000 -9999.000 -9999.000 -9999.000 -9999.000 -9999.000 -9999.000 -9999.000 -9999.000 -9999.000 -9999.000 -9999.000 -9999.000 -9999.000 -9999.000 -9999.000 -9999.000 -9999.000 -9999.000 -9999.000 -9999.000
-9999.000 0.000 0.000 0.006 0.010 0.013 0.008 0.003 0.011 0.076 0.171 0.225 0.303 0.392 0.511 0.818 1.404 2.073 2.726 4.069 6.964 12.197 17.777 19.590 15.327 6.322 1.862 0.255 0.039 0.008 0.004 0.005 0.006 0.008 0.010 0.013 0.014 0.009 0.002 0.000 0.000 0.000 -9999.000 -9999.000 -9999.000 -9999.000 -9999.000 -9999.000 -9999.000 -9999.000 -9999.000 -9999.000 -9999.000 -9999.000 -9999.000 -9999.000 -9999.000 -9999.000 -9999.000 -9999.000 -9999.000 -9999.000 -9999.000 -9999.000 -9999.000
-9999.000 0.000 0.000 0.005 0.010 0.012 0.011 0.005 0.003 0.049 0.158 0.227 0.283 0.332 0.454 0.785 1.199 1.637 2.167 3.072 5.636 10.664 15.495 17.074 12.508 5.376 2.011 0.413 0.071 0.014 0.004 0.004 0.006 0.007 0.009 0.012 0.016 0.011 0.003 0.000 0.000 0.000 -9999.000 -9999.000 -9999.000 -9999.000 -9999.000 -9999.000 -9999.000 -9999.000 -9999.000 -9999.000 -9999.000 -9999.000 -9999.000 -9999.000 -9999.000 -9999.000 -9999.000 -9999.000 -9999.000 -9999.000 -9999.000 -9999.000 -9999.000
-9999.000 0.000 0.000 0.005 0.010 0.013 0.018 0.024 0.025 0.043 0.141 0.214 0.251 0.317 0.499 0.763 0.994 1.266 1.611 2.264 4.511 10.089 14.112 14.963 10.597 4.666 1.939 0.538 0.100 0.022 0.009 0.005 0.006 0.007 0.008 0.011 0.017 0.011 0.005 0.001 0.000 0.000 -9999.000 -9999.000 -9999.000 -9999.000 -9999.000 -9999.000 -9999.000 -9999.000 -9999.000 -9999.000 -9999.000 -9999.000 -9999.000 -9999.000 -9999.000 -9999.000 -9999.000 -9999.000 -9999.000 -9999.000 -9999.000 -9999.000 -9999.000
-9999.000 0.000 0.000 0.005 0.012 0.018 0.022 0.036 0.043 0.039 0.104 0.164 0.213 0.274 0.456 0.622 0.789 0.943 1.166 1.858 4.175 10.014 12.842 13.153 8.725 4.047 1.823 0.633 0.161 0.047 0.018 0.007 0.006 0.007 0.008 0.010 0.016 0.012 0.006 0.001 0.000 0.000 -9999.000 -9999.000 -9999.000 -9999.000 -9999.000 -9999.000 -9999.000 -9999.000 -9999.000 -9999.000 -9999.000 -9999.000 -9999.000 -9999.000 -9999.000 -9999.000 -9999.000 -9999.000 -9999.000 -9999.000 -9999.000 -9999.000 -9999.000
-9999.000 0.000 0.000 0.005 0.014 0.022 0.029 0.038 0.047 0.042 0.055 0.106 0.144 0.183 0.288 0.443 0.549 0.645 0.902 1.564 3.883 9.725 12.417 11.686 7.002 3.825 2.205 0.862 0.284 0.087 0.031 0.014 0.006 0.007 0.008 0.010 0.016 0.013 0.007 0.002 0.000 0.000 0.000 -9999.000 -9999.000 -9999.000 -9999.000 -9999.000 -9999.000 -9999.000 -9999.000 -9999.000 -9999.000 -9999.000 -9999.000 -9999.000 -9999.000 -9999.000 -9999.000 -9999.000 -9999.000 -9999.000 -9999.000 -9999.000 -9999.000
-9999.000 0.000 0.000 0.005 0.015 0.018 0.022 0.025 0.025 0.033 0.047 0.052 0.063 0.088 0.117 0.168 0.258 0.408 0.699 1.270 3.266 8.573 12.338 11.493 7.714 4.580 2.503 1.145 0.476 0.170 0.054 0.024 0.010 0.006 0.007 0.011 0.018 0.013 0.008 0.002 0.000 0.000 0.000 -9999.000 -9999.000 -9999.000 -9999.000 -9999.000 -9999.000 -9999.000 -9999.000 -9999.000 -9999.000 -9999.000 -9999.000 -9999.000 -9999.000 -9999.000 -9999.000 -9999.000 -9999.000 -9999.000 -9999.000 -9999.000 -9999.000
-9999.000 0.000 0.000 0.004 0.010 0.013 0.013 0.015 0.019 0.030 0.052 0.055 0.053 0.055 0.051 0.047 0.044 0.157 0.468 1.059 2.746 7.460 12.911 14.430 10.976 5.530 2.713 1.398 0.753 0.323 0.114 0.037 0.017 0.007 0.006 0.010 0.020 0.015 0.009 0.003 0.001 0.000 0.000 -9999.000 -9999.000 -9999.000 -9999.000 -9999.000 -9999.000 -9999.000 -9999.000 -9999.000 -9999.000 -9999.000 -9999.000 -9999.000 -9999.000 -9999.000 -9999.000 -9999.000 -9999.000 -9999.000 -9999.000 -9999.000 -9999.000
-9999.000 0.000 0.000 0.003 0.005 0.008 0.008 0.009 0.014 0.019 0.050 0.055 0.051 0.040 0.029 0.028 0.025 0.094 0.375 0.968 2.795 7.621 14.561 19.528 15.085 7.426 3.051 1.523 0.945 0.521 0.211 0.071 0.026 0.012 0.006 0.009 0.020 0.016 0.009 0.004 0.001 0.000 0.000 -9999.000 -9999.000 -9999.000 -9999.000 -9999.000 -9999.000 -9999.000 -9999.000 -9999.000 -9999.000 -9999.000 -9999.000 -9999.000 -9999.000 -9999.000 -9999.000 -9999.000 -9999.000 -9999.000 -9999.000 -9999.000 -9999.000
-9999.000 0.000 0.000 0.001 0.003 0.005 0.004 0.002 0.007 0.014 0.042 0.050 0.042 0.045 0.053 0.054 0.063 0.105 0.257 0.670 2.112 6.901 18.143 24.691 22.174 10.648 3.562 1.493 1.000 0.674 0.337 0.127 0.042 0.019 0.008 0.009 0.019 0.017 0.010 0.004 0.001 0.000 0.000 -9999.000 -9999.000 -9999.000 -9999.000 -9999.000 -9999.000 -9999.000 -9999.000 -9999.000 -9999.000 -9999.000 -9999.000 -9999.000 -9999.000 -9999.000 -9999.000 -9999.000 -9999.000 -9999.000 -9999.000 -9999.000 -9999.000
-9999.000 0.000 0.000 0.001 0.003 0.006 0.003 0.000 0.001 0.008 0.033 0.045 0.049 0.048 0.051 0.046 0.043 0.071 0.156 0.403 1.349 5.532 16.717 24.800 23.759 13.197 4.074 1.466 1.035 0.759 0.437 0.193 0.069 0.027 0.012 0.009 0.018 0.017 0.011 0.005 0.001 0.000 0.000 -9999.000 -9999.000 -9999.000 -9999.000 -9999.000 -9999.000 -9999.000 -9999.000 -9999.000 -9999.000 -9999.000 -9999.000 -9999.000 -9999.000 -9999.000 -9999.000 -9999.000 -9999.000 -9999.000 -9999.000 -9999.000 -9999.000
-9999.000 0.000 0.000 0.001 0.003 0.009 0.011 0.003 0.001 0.021 0.043 0.044 0.044 0.038 0.040 0.037 0.037 0.049 0.086 0.199 0.737 3.662 13.493 24.701 24.828 14.595 4.156 1.528 1.081 0.855 0.524 0.259 0.103 0.035 0.013 0.008 0.018 0.018 0.011 0.005 0.001 0.000 0.000 -9999.000 -9999.000 -9999.000 -9999.000 -9999.000 -9999.000 -9999.000 -9999.000 -9999.000 -9999.000 -9999.000 -9999.000 -9999.000 -9999.000 -9999.000 -9999.000 -9999.000 -9999.000 -9999.000 -9999.000 -9999.000 -9999.000
-9999.000 0.000 0.000 0.001 0.003 0.008 0.012 0.011 0.009 0.028 0.047 0.044 0.036 0.030 0.031 0.035 0.036 0.039 0.058 0.103 0.342 2.154 11.763 24.760 26.412 15.116 3.905 1.553 1.167 0.961 0.624 0.328 0.142 0.047 0.015 0.008 0.019 0.018 0.010 0.004 0.001 0.000 0.000 -9999.000 -9999.000 -9999.000 -9999.000 -9999.000 -9999.000 -9999.000 -9999.000 -9999.000 -9999.000 -9999.000 -9999.000 -9999.000 -9999.000 -9999.000 -9999.000 -9999.000 -9999.000 -9999.000 -9999.000 -9999.000 -9999.000
-9999.000 0.000 0.000 0.001 0.005 0.008 0.011 0.013 0.012 0.019 0.049 0.061 0.041 0.025 0.023 0.030 0.035 0.037 0.043 0.068 0.179 1.593 11.388 23.923 25.439 14.894 3.631 1.483 1.275 1.095 0.734 0.411 0.194 0.065 0.019 0.009 0.018 0.016 0.009 0.004 0.002 0.000 0.000 -9999.000 -9999.000 -9999.000 -9999.000 -9999.000 -9999.000 -9999.000 -9999.000 -9999.000 -9999.000 -9999.000 -9999.000 -9999.000 -9999.000 -9999.000 -9999.000 -9999.000 -9999.000 -9999.000 -9999.000 -9999.000 -9999.000
-9999.000 0.000 0.000 0.001 0.004 0.008 0.011 0.014 0.017 0.018 0.024 0.050 0.055 0.031 0.018 0.023 0.031 0.035 0.040 0.046 0.141 1.625 10.902 22.248 23.255 14.222 3.352 1.368 1.313 1.284 0.896 0.513 0.263 0.094 0.025 0.011 0.014 0.010 0.008 0.004 0.001 0.000 0.000 -9999.000 -9999.000 -9999.000 -9999.000 -9999.000 -9999.000 -9999.000 -9999.000 -9999.000 -9999.000 -9999.000 -9999.000 -9999.000 -9999.000 -9999.000 -9999.000 -9999.000 -9999.000 -9999.000 -9999.000 -9999.000 -9999.000
-9999.000 0.000 0.000 0.001 0.003 0.007 0.012 0.016 0.020 0.020 0.017 0.026 0.052 0.041 0.021 0.017 0.022 0.029 0.036 0.043 0.160 1.826 9.727 20.722 23.064 15.701 3.294 1.154 1.259 1.428 1.094 0.643 0.343 0.133 0.038 0.017 0.014 0.009 0.005 0.003 0.001 0.000 0.000 -9999.000 -9999.000 -9999.000 -9999.000 -9999.000 -9999.000 -9999.000 -9999.000 -9999.000 -9999.000 -9999.000 -9999.000 -9999.000 -9999.000 -9999.000 -9999.000 -9999.000 -9999.000 -9999.000 -9999.000 -9999.000 -9999.000
-9999.000 0.000 0.000 0.001 0.003 0.007 0.011 0.014 0.016 0.017 0.015 0.017 0.039 0.051 0.031 0.016 0.018 0.021 0.030 0.039 0.203 1.899 8.777 17.215 21.064 16.770 4.400 0.926 1.089 1.463 1.417 0.808 0.430 0.187 0.070 0.032 0.014 0.009 0.003 0.001 0.001 0.000 0.000 -9999.000 -9999.000 -9999.000 -9999.000 -9999.000 -9999.000 -9999.000 -9999.000 -9999.000 -9999.000 -9999.000 -9999.000 -9999.000 -9999.000 -9999.000 -9999.000 -9999.000 -9999.000 -9999.000 -9999.000 -9999.000 -9999.000
-9999.000 0.000 0.000 0.001 0.004 0.007 0.009 0.011 0.011 0.012 0.011 0.011 0.021 0.040 0.041 0.025 0.020 0.023 0.030 0.051 0.254 1.998 7.365 14.083 17.395 14.535 6.175 1.344 0.887 1.410 1.672 1.061 0.518 0.249 0.114 0.058 0.021 0.009 0.003 0.001 0.000 0.000 0.000 -9999.000 -9999.000 -9999.000 -9999.000 -9999.000 -9999.000 -9999.000 -9999.000 -9999.000 -9999.000 -9999.000 -9999.000 -9999.000 -9999.000 -9999.000 -9999.000 -9999.000 -9999.000 -9999.000 -9999.000 -9999.000 -9999.000
-9999.000 0.000 0.000 0.001 0.004 0.006 0.007 0.007 0.007 0.008 0.009 0.011 0.015 0.026 0.040 0.041 0.052 0.071 0.112 0.177 0.320 1.854 6.187 11.224 14.034 12.397 6.359 2.194 0.721 1.188 1.601 1.319 0.624 0.296 0.147 0.107 0.048 0.010 0.003 0.001 0.000 0.000 0.000 -9999.000 -9999.000 -9999.000 -9999.000 -9999.000 -9999.000 -9999.000 -9999.000 -9999.000 -9999.000 -9999.000 -9999.000 -9999.000 -9999.000 -9999.000 -9999.000 -9999.000 -9999.000 -9999.000 -9999.000 -9999.000 -9999.000
-9999.000 0.000 0.000 0.001 0.003 0.005 0.006 0.006 0.006 0.009 0.013 0.021 0.038 0.056 0.047 0.040 0.039 0.060 0.086 0.149 0.375 1.688 4.958 8.181 11.054 10.396 6.611 3.308 0.947 0.869 1.365 1.415 0.836 0.339 0.163 0.139 0.098 0.026 0.006 0.001 0.000 0.000 0.000 -9999.000 -9999.000 -9999.000 -9999.000 -9999.000 -9999.000 -9999.000 -9999.000 -9999.000 -9999.000 -9999.000 -9999.000 -9999.000 -9999.000 -9999.000 -9999.000 -9999.000 -9999.000 -9999.000 -9999.000 -9999.000 -9999.000
-9999.000 0.000 0.000 0.001 0.003 0.005 0.006 0.007 0.010 0.021 0.051 0.055 0.063 0.071 0.059 0.022 0.013 0.035 0.054 0.081 0.324 1.324 3.707 5.901 7.728 8.227 7.474 5.145 1.316 0.638 1.203 1.479 1.084 0.456 0.185 0.157 0.139 0.056 0.012 0.002 0.001 0.000 0.000 0.000 -9999.000 -9999.000 -9999.000 -9999.000 -9999.000 -9999.000 -9999.000 -9999.000 -9999.000 -9999.000 -9999.000 -9999.000 -9999.000 -9999.000 -9999.000 -9999.000 -9999.000 -9999.000 -9999.000 -9999.000 -9999.000
-9999.000 0.000 0.000 0.001 0.004 0.008 0.013 0.023 0.038 0.040 0.052 0.046 0.033 0.028 0.019 0.001 0.005 0.027 0.054 0.078 0.215 0.996 2.775 4.228 5.494 6.936 9.044 7.836 2.813 0.550 0.927 1.404 1.298 0.689 0.275 0.185 0.165 0.094 0.024 0.005 0.002 0.000 0.000 0.000 -9999.000 -9999.000 -9999.000 -9999.000 -9999.000 -9999.000 -9999.000 -9999.000 -9999.000 -9999.000 -9999.000 -9999.000 -9999.000 -9999.000 -9999.000 -9999.000 -9999.000 -9999.000 -9999.000 -9999.000 -9999.000
-9999.000 0.000 0.000 0.000 0.001 0.004 0.009 0.018 0.027 0.024 0.012 0.002 0.000 0.000 0.001 0.001 0.002 0.010 0.037 0.071 0.097 0.557 1.813 3.245 4.262 6.096 9.224 10.096 7.297 1.233 0.648 1.206 1.441 0.995 0.433 0.212 0.189 0.138 0.045 0.008 0.003 0.001 0.000 0.000 0.000 -9999.000 -9999.000 -9999.000 -9999.000 -9999.000 -9999.000 -9999.000 -9999.000 -9999.000 -9999.000 -9999.000 -9999.000 -9999.000 -9999.000 -9999.000 -9999.000 -9999.000 -9999.000 -9999.000 -9999.000
-9999.000 0.000 0.000 0.000 0.000 0.001 0.001 0.002 0.000 0.000 0.000 0.000 0.000 0.000 0.001 0.002 0.001 0.004 0.019 0.056 0.075 0.217 0.951 2.461 3.879 5.583 9.268 12.249 9.948 4.188 1.052 0.943 1.383 1.148 0.557 0.243 0.191 0.185 0.087 0.019 0.005 0.002 0.000 0.000 0.000 0.000 0.000 0.000 -9999.000 -9999.000 -9999.000 -9999.000 -9999.000 -9999.000 -9999.000 -9999.000 -9999.000 -9999.000 -9999.000 -9999.000 -9999.000 -9999.000 -9999.000 -9999.000 -9999.000
-9999.000 0.000 0.000 0.000 0.000 0.000 0.000 0.000 0.000 0.000 0.000 0.000 0.000 0.000 0.000 0.000 0.001 0.002 0.016 0.041 0.077 0.098 0.401 1.263 2.842 5.695 10.741 14.790 13.544 8.217 2.798 1.042 1.252 1.265 0.698 0.297 0.167 0.196 0.144 0.047 0.009 0.003 0.001 0.000 0.000 0.000 0.000 0.000 0.000 0.000 0.000 -9999.000 -9999.000 -9999.000 -9999.000 -9999.000 -9999.000 -9999.000 -9999.000 -9999.000 -9999.000 -9999.000 -9999.000 -9999.000 -9999.000
