AvaFrame/avaframe/data/avaAlr/Outputs/r_avaflow_1311_new_paramflag1/alr_results/alr_ascii/alr_vhmax.asc
ncols 104
nrows 229
xllcenter 255202.08
yllcenter 377301.00
cellsize 20.00
NODATA_value -9999.000
[rows 29 to 57 of 229, columns 0 to 64 of 104]
-9999.000 -9999.000 -9999.000 -9999.000 -9999.000 -9999.000 -9999.000 -9999.000 -9999.000 -9999.000 -9999.000 -9999.000 -9999.000 -9999.000 -nan -nan 0.869 0.883 1.104 1.096 1.580 2.268 3.917 5.487 5.925 7.288 10.232 22.481 22.566 21.018 21.539 18.155 12.006 7.313 4.799 3.389 2.987 2.635 3.510 3.498 3.120 2.552 2.029 1.581 1.208 1.351 1.362 1.640 1.889 1.902 1.939 1.799 1.368 0.567 -nan -nan -9999.000 -9999.000 -9999.000 -9999.000 -9999.000 -9999.000 -9999.000 -9999.000 -9999.000
-9999.000 -9999.000 -9999.000 -9999.000 -9999.000 -9999.000 -9999.000 -9999.000 -9999.000 -9999.000 -9999.000 -9999.000 -9999.000 -9999.000 -nan -nan 0.885 0.939 1.251 1.235 1.783 1.792 3.452 5.754 5.758 8.891 20.840 23.323 22.534 21.752 18.375 12.621 7.963 5.618 3.914 3.016 2.541 2.386 3.296 3.259 3.111 2.495 2.008 1.556 1.019 1.349 1.356 1.421 1.586 1.755 1.566 1.478 1.205 0.554 -nan -nan -9999.000 -9999.000 -9999.000 -9999.000 -9999.000 -9999.000 -9999.000 -9999.000 -9999.000
-9999.000 -9999.000 -9999.000 -9999.000 -9999.000 -9999.000 -9999.000 -9999.000 -9999.000 -9999.000 -9999.000 -9999.000 -9999.000 -9999.000 -nan 0.726 0.900 1.008 1.479 1.407 2.028 1.969 3.032 5.305 7.089 17.215 21.656 22.650 22.881 20.472 13.465 7.886 6.194 4.495 3.389 2.752 2.016 2.087 2.731 3.009 3.074 2.451 1.927 1.519 1.149 1.338 1.272 1.263 1.367 1.503 1.240 1.279 0.888 0.492 -nan -nan -9999.000 -9999.000 -9999.000 -9999.000 -9999.000 -9999.000 -9999.000 -9999.000 -9999.000
-9999.000 -9999.000 -9999.000 -9999.000 -9999.000 -9999.000 -9999.000 -9999.000 -9999.000 -9999.000 -9999.000 -9999.000 -9999.000 -nan -nan 0.770 0.890 1.107 1.628 1.496 2.166 2.154 3.320 5.307 12.308 21.450 21.683 21.738 21.282 15.422 9.375 6.984 5.198 3.676 2.929 2.546 1.998 2.062 2.440 2.810 2.983 2.475 1.865 1.427 1.154 1.288 1.215 1.075 1.219 1.372 1.064 0.848 0.631 0.324 0.144 -nan -9999.000 -9999.000 -9999.000 -9999.000 -9999.000 -9999.000 -9999.000 -9999.000 -9999.000
-9999.000 -9999.000 -9999.000 -9999.000 -9999.000 -9999.000 -9999.000 -9999.000 -9999.000 -9999.000 -9999.000 -9999.000 -9999.000 -nan -nan 0.807 0.876 1.209 1.713 1.603 2.220 1.982 3.738 7.522 19.252 21.051 20.577 20.972 16.802 9.813 7.287 5.790 4.256 3.178 2.538 1.871 2.015 2.103 2.435 2.711 2.936 2.269 1.716 1.407 1.218 1.238 1.173 1.098 1.110 1.180 1.101 0.987 0.341 0.138 0.051 -nan -9999.000 -9999.000 -9999.000 -9999.000 -9999.000 -9999.000 -9999.000 -9999.000 -9999.000
-9999.000 -9999.000 -9999.000 -9999.000 -9999.000 -9999.000 -9999.000 -9999.000 -9999.000 -9999.000 -9999.000 -9999.000 -nan -nan 0.819 0.850 0.902 1.051 1.782 1.803 2.439 2.765 4.795 11.635 20.283 19.861 20.056 18.172 12.865 7.909 6.277 4.726 3.592 2.706 2.252 1.828 2.100 2.165 2.456 2.629 2.975 2.328 1.658 1.297 1.251 1.192 1.125 1.064 0.997 0.806 1.029 0.863 0.171 -nan -nan -nan -9999.000 -9999.000 -9999.000 -9999.000 -9999.000 -9999.000 -9999.000 -9999.000 -9999.000
-9999.000 -9999.000 -9999.000 -9999.000 -9999.000 -9999.000 -9999.000 -9999.000 -9999.000 -9999.000 -9999.000 -9999.000 -nan -nan 0.880 0.960 1.059 0.995 1.773 1.894 3.162 3.752 6.572 15.094 21.043 19.223 18.737 15.643 10.459 6.802 5.108 4.008 2.993 2.323 2.069 1.456 2.155 2.404 2.583 2.846 2.985 2.067 1.516 1.211 1.266 1.162 1.095 0.963 0.580 0.349 0.273 0.188 0.063 -nan -9999.000 -9999.000 -9999.000 -9999.000 -9999.000 -9999.000 -9999.000 -9999.000 -9999.000 -9999.000 -9999.000
-9999.000 -9999.000 -9999.000 -9999.000 -9999.000 -9999.000 -9999.000 -9999.000 -9999.000 -9999.000 -9999.000 -9999.000 -nan -nan 0.902 1.087 0.830 1.052 1.662 2.047 3.687 4.818 8.348 17.849 21.977 19.302 18.421 14.025 9.498 5.903 4.273 3.293 2.539 2.091 1.714 1.526 2.079 2.680 2.751 3.392 2.475 1.770 1.366 1.054 1.206 1.138 1.047 0.878 0.288 0.073 -nan -nan -nan -nan -9999.000 -9999.000 -9999.000 -9999.000 -9999.000 -9999.000 -9999.000 -9999.000 -9999.000 -9999.000 -9999.000
-9999.000 -9999.000 -9999.000 -9999.000 -9999.000 -9999.000 -9999.000 -9999.000 -9999.000 -9999.000 -9999.000 -nan -nan 0.848 0.887 1.189 0.926 1.172 1.723 2.343 3.849 5.497 10.017 19.564 21.859 18.939 18.133 14.145 9.234 5.290 3.528 2.756 2.252 1.975 1.377 1.562 2.064 2.614 2.999 3.613 2.105 1.572 1.235 0.832 1.130 1.053 0.958 0.686 0.149 -nan -nan -9999.000 -9999.000 -9999.000 -9999.000 -9999.000 -9999.000 -9999.000 -9999.000 -9999.000 -9999.000 -9999.000 -9999.000 -9999.000 -9999.000
-9999.000 -9999.000 -9999.000 -9999.000 -9999.000 -9999.000 -9999.000 -9999.000 -9999.000 -9999.000 -9999.000 -nan -nan 0.875 0.921 0.946 1.024 1.339 1.727 2.478 3.901 5.943 11.313 20.052 21.020 19.195 17.711 15.031 7.968 4.462 2.897 2.496 2.079 1.388 1.412 1.860 2.339 2.821 3.405 2.609 1.862 1.521 1.233 0.781 1.049 0.978 0.764 0.242 0.067 -nan -9999.000 -9999.000 -9999.000 -9999.000 -9999.000 -9999.000 -9999.000 -9999.000 -9999.000 -9999.000 -9999.000 -9999.000 -9999.000 -9999.000 -9999.000
-9999.000 -9999.000 -9999.000 -9999.000 -9999.000 -9999.000 -9999.000 -9999.000 -9999.000 -9999.000 -9999.000 -nan -nan 0.897 0.942 0.966 1.107 1.478 1.716 2.581 3.904 6.408 12.495 19.831 19.540 18.311 17.489 13.991 6.799 3.899 2.597 2.374 1.456 1.535 1.427 2.248 2.547 3.304 3.209 2.111 1.730 1.439 1.049 0.805 0.895 0.784 0.266 0.074 -nan -nan -9999.000 -9999.000 -9999.000 -9999.000 -9999.000 -9999.000 -9999.000 -9999.000 -9999.000 -9999.000 -9999.000 -9999.000 -9999.000 -9999.000 -9999.000
-9999.000 -9999.000 -9999.000 -9999.000 -9999.000 -9999.000 -9999.000 -9999.000 -9999.000 -9999.000 -9999.000 -nan 0.777 0.890 0.960 0.960 1.182 1.549 1.732 2.670 4.150 7.142 14.086 19.254 18.944 18.624 16.692 12.858 7.067 3.979 2.437 1.664 1.638 1.694 1.924 2.340 2.903 3.773 2.350 1.848 1.549 0.991 1.210 0.883 0.651 0.286 0.074 -nan -nan -9999.000 -9999.000 -9999.000 -9999.000 -9999.000 -9999.000 -9999.000 -9999.000 -9999.000 -9999.000 -9999.000 -9999.000 -9999.000 -9999.000 -9999.000 -9999.000
-9999.000 -9999.000 -9999.000 -9999.000 -9999.000 -9999.000 -9999.000 -9999.000 -9999.000 -9999.000 -nan -nan 0.844 0.889 0.997 1.003 1.260 1.601 1.736 2.930 4.877 8.605 16.973 20.739 18.685 18.117 14.661 13.393 6.280 3.715 2.325 1.565 1.723 1.903 1.752 2.443 3.262 2.794 2.173 1.802 1.284 1.217 1.186 0.749 0.329 0.138 -nan -nan -9999.000 -9999.000 -9999.000 -9999.000 -9999.000 -9999.000 -9999.000 -9999.000 -9999.000 -9999.000 -9999.000 -9999.000 -9999.000 -9999.000 -9999.000 -9999.000 -9999.000
-9999.000 -9999.000 -9999.000 -9999.000 -9999.000 -9999.000 -9999.000 -9999.000 -9999.000 -9999.000 -nan -nan 0.863 0.901 1.116 1.095 1.324 1.688 1.766 3.435 5.917 11.038 20.634 21.919 19.528 18.162 14.814 12.118 6.281 3.682 2.081 1.579 2.193 2.120 1.824 2.504 2.930 2.641 2.060 1.716 1.447 1.389 0.833 0.500 0.168 0.056 -nan -9999.000 -9999.000 -9999.000 -9999.000 -9999.000 -9999.000 -9999.000 -9999.000 -9999.000 -9999.000 -9999.000 -9999.000 -9999.000 -9999.000 -9999.000 -9999.000 -9999.000 -9999.000
-9999.000 -9999.000 -9999.000 -9999.000 -9999.000 -9999.000 -9999.000 -9999.000 -9999.000 -nan -nan 0.679 0.866 0.936 1.179 1.214 1.401 1.819 1.887 3.705 6.856 14.576 20.681 20.637 20.508 18.598 15.359 9.334 5.788 3.526 1.779 1.889 2.274 2.227 1.920 2.462 2.588 2.338 1.971 1.584 1.528 1.057 0.675 0.293 0.065 -nan -nan -9999.000 -9999.000 -9999.000 -9999.000 -9999.000 -9999.000 -9999.000 -9999.000 -9999.000 -9999.000 -9999.000 -9999.000 -9999.000 -9999.000 -9999.000 -9999.000 -9999.000 -9999.000
-9999.000 -9999.000 -9999.000 -9999.000 -9999.000 -9999.000 -9999.000 -9999.000 -9999.000 -nan -nan 0.669 0.874 0.945 1.293 1.349 1.502 2.010 2.020 4.562 8.727 17.850 20.257 19.228 20.039 16.583 12.376 8.050 4.647 2.791 2.185 2.120 2.282 2.061 2.022 2.993 2.575 2.370 1.905 1.483 1.024 1.036 0.669 0.236 -nan -nan -9999.000 -9999.000 -9999.000 -9999.000 -9999.000 -9999.000 -9999.000 -9999.000 -9999.000 -9999.000 -9999.000 -9999.000 -9999.000 -9999.000 -9999.000 -9999.000 -9999.000 -9999.000 -9999.000
-9999.000 -9999.000 -9999.000 -9999.000 -9999.000 -9999.000 -9999.000 -9999.000 -9999.000 -nan -nan 0.863 0.969 0.908 1.322 1.419 1.607 2.228 2.250 5.430 12.597 17.924 19.276 19.538 18.213 14.913 11.103 5.774 4.156 2.165 2.434 2.275 1.972 1.878 1.773 2.667 2.958 2.396 2.024 1.532 0.915 1.117 0.461 0.237 -nan -9999.000 -9999.000 -9999.000 -9999.000 -9999.000 -9999.000 -9999.000 -9999.000 -9999.000 -9999.000 -9999.000 -9999.000 -9999.000 -9999.000 -9999.000 -9999.000 -9999.000 -9999.000 -9999.000 -9999.000
-9999.000 -9999.000 -9999.000 -9999.000 -9999.000 -9999.000 -9999.000 -9999.000 -9999.000 -nan 0.632 0.734 0.948 0.869 1.194 1.449 1.685 2.759 3.362 6.998 14.970 16.500 18.503 19.996 19.057 11.854 7.540 4.925 3.233 2.192 2.418 2.285 1.938 1.839 1.769 2.431 2.699 2.587 1.758 1.526 1.065 1.153 0.586 0.150 -nan -9999.000 -9999.000 -9999.000 -9999.000 -9999.000 -9999.000 -9999.000 -9999.000 -9999.000 -9999.000 -9999.000 -9999.000 -9999.000 -9999.000 -9999.000 -9999.000 -9999.000 -9999.000 -9999.000 -9999.000
-9999.000 -9999.000 -9999.000 -9999.000 -9999.000 -9999.000 -9999.000 -9999.000 -nan -nan 0.665 0.722 0.708 0.928 1.232 1.504 2.025 3.599 5.105 10.078 16.492 16.466 16.516 17.928 16.172 9.819 6.201 4.080 2.440 2.333 2.237 2.149 2.074 2.146 1.530 1.790 2.186 2.359 1.806 1.531 1.366 1.124 0.560 0.210 -nan -9999.000 -9999.000 -9999.000 -9999.000 -9999.000 -9999.000 -9999.000 -9999.000 -9999.000 -9999.000 -9999.000 -9999.000 -9999.000 -9999.000 -9999.000 -9999.000 -9999.000 -9999.000 -9999.000 -9999.000
-9999.000 -9999.000 -9999.000 -9999.000 -9999.000 -9999.000 -9999.000 -nan -nan -nan 0.764 0.854 0.743 1.007 1.380 1.617 2.769 4.680 7.298 13.143 16.915 16.936 16.055 15.686 13.668 9.013 5.252 3.739 2.184 2.567 2.332 1.747 1.910 1.998 1.908 2.050 2.030 1.805 1.887 1.637 1.344 0.935 0.558 0.211 -nan -9999.000 -9999.000 -9999.000 -9999.000 -9999.000 -9999.000 -9999.000 -9999.000 -9999.000 -9999.000 -9999.000 -9999.000 -9999.000 -9999.000 -9999.000 -9999.000 -9999.000 -9999.000 -9999.000 -9999.000
-9999.000 -9999.000 -9999.000 -9999.000 -9999.000 -9999.000 -9999.000 -nan -nan 0.880 0.899 0.996 0.818 1.031 1.408 2.125 3.714 6.059 9.576 14.782 17.133 17.050 16.106 15.712 12.088 9.168 4.960 3.461 2.685 2.429 1.952 1.682 1.814 1.811 1.979 2.118 2.036 1.755 1.560 1.638 1.469 1.030 0.586 0.221 -nan -9999.000 -9999.000 -9999.000 -9999.000 -9999.000 -9999.000 -9999.000 -9999.000 -9999.000 -9999.000 -9999.000 -9999.000 -9999.000 -9999.000 -9999.000 -9999.000 -9999.000 -9999.000 -9999.000 -9999.000
-9999.000 -9999.000 -9999.000 -9999.000 -9999.000 -9999.000 -9999.000 -nan -nan 0.880 0.948 1.068 1.037 1.208 1.777 2.930 4.881 7.553 11.661 15.187 17.036 17.161 15.684 15.540 12.549 8.866 4.674 2.723 2.530 2.052 1.906 1.672 1.832 1.854 2.073 2.212 1.958 1.674 1.787 1.933 1.525 1.191 0.655 0.254 -nan -9999.000 -9999.000 -9999.000 -9999.000 -9999.000 -9999.000 -9999.000 -9999.000 -9999.000 -9999.000 -9999.000 -9999.000 -9999.000 -9999.000 -9999.000 -9999.000 -9999.000 -9999.000 -9999.000 -9999.000
-9999.000 -9999.000 -9999.000 -9999.000 -9999.000 -9999.000 -nan -nan -nan 0.859 1.061 1.297 1.443 1.655 2.466 3.934 6.284 9.281 13.457 14.927 16.773 17.439 16.792 15.949 13.213 9.121 4.954 2.808 2.212 2.018 1.831 1.623 1.833 1.957 2.179 2.299 1.983 1.584 1.766 2.006 1.734 1.485 0.851 0.422 -nan -nan -9999.000 -9999.000 -9999.000 -9999.000 -9999.000 -9999.000 -9999.000 -9999.000 -9999.000 -9999.000 -9999.000 -9999.000 -9999.000 -9999.000 -9999.000 -9999.000 -9999.000 -9999.000 -9999.000
-9999.000 -9999.000 -9999.000 -9999.000 -9999.000 -9999.000 -nan -nan 0.764 0.916 1.231 1.578 1.821 2.264 3.380 5.111 7.625 10.885 13.605 14.235 15.891 17.459 17.752 16.473 13.869 11.238 5.654 3.137 2.086 1.937 1.811 1.780 1.905 2.102 2.277 1.968 1.814 1.426 1.681 1.888 1.868 1.477 1.005 0.587 0.216 -nan -9999.000 -9999.000 -9999.000 -9999.000 -9999.000 -9999.000 -9999.000 -9999.000 -9999.000 -9999.000 -9999.000 -9999.000 -9999.000 -9999.000 -9999.000 -9999.000 -9999.000 -9999.000 -9999.000
-9999.000 -9999.000 -9999.000 -9999.000 -9999.000 -9999.000 -nan -nan 0.657 1.105 1.506 1.858 2.207 3.001 4.435 6.479 9.063 12.035 13.318 13.344 15.125 17.488 18.319 17.680 14.843 11.875 6.588 3.638 1.787 2.090 1.705 1.803 2.010 2.336 2.334 1.884 1.664 1.297 1.615 1.770 1.808 1.566 1.124 0.686 0.246 -nan -9999.000 -9999.000 -9999.000 -9999.000 -9999.000 -9999.000 -9999.000 -9999.000 -9999.000 -9999.000 -9999.000 -9999.000 -9999.000 -9999.000 -9999.000 -9999.000 -9999.000 -9999.000 -9999.000
-9999.000 -9999.000 -9999.000 -9999.000 -9999.000 -nan -nan -nan 0.656 1.367 1.866 2.263 2.769 3.945 5.636 7.854 10.340 12.855 12.790 12.407 14.638 17.850 18.061 17.627 15.193 11.882 8.381 4.070 1.837 2.053 1.719 1.855 2.095 2.439 2.032 1.701 1.525 1.151 1.565 1.673 1.724 1.697 1.320 0.778 0.291 -nan -9999.000 -9999.000 -9999.000 -9999.000 -9999.000 -9999.000 -9999.000 -9999.000 -9999.000 -9999.000 -9999.000 -9999.000 -9999.000 -9999.000 -9999.000 -9999.000 -9999.000 -9999.000 -9999.000
-9999.000 -9999.000 -9999.000 -9999.000 -9999.000 -nan -nan 0.851 0.921 1.614 2.255 2.768 3.608 5.045 6.932 8.958 11.202 12.586 11.722 12.136 13.171 16.516 17.190 17.182 14.019 11.143 8.430 4.143 2.027 2.047 1.585 1.913 2.130 2.337 1.884 1.590 1.433 1.054 1.496 1.582 1.648 1.658 1.362 0.826 0.309 -nan -nan -9999.000 -9999.000 -9999.000 -9999.000 -9999.000 -9999.000 -9999.000 -9999.000 -9999.000 -9999.000 -9999.000 -9999.000 -9999.000 -9999.000 -9999.000 -9999.000 -9999.000 -9999.000
-9999.000 -9999.000 -9999.000 -9999.000 -nan -nan -nan 0.650 1.196 1.976 2.654 3.265 4.537 6.279 8.167 10.005 11.845 11.758 12.379 12.136 12.256 17.250 16.355 15.662 13.523 10.882 8.168 3.677 1.992 1.801 1.831 1.973 2.163 2.287 1.765 1.527 1.405 1.064 1.356 1.485 1.570 1.617 1.386 0.813 0.522 0.193 -nan -9999.000 -9999.000 -9999.000 -9999.000 -9999.000 -9999.000 -9999.000 -9999.000 -9999.000 -9999.000 -9999.000 -9999.000 -9999.000 -9999.000 -9999.000 -9999.000 -9999.000 -9999.000
-9999.000 -9999.000 -9999.000 -9999.000 -nan -nan -nan 0.795 1.500 2.425 3.154 4.007 5.648 7.518 9.268 11.030 11.497 11.606 11.252 10.042 12.885 17.180 15.306 15.051 13.426 11.406 7.059 3.376 2.051 1.844 1.930 2.043 2.175 2.196 1.666 1.473 1.294 1.020 1.322 1.393 1.498 1.558 1.374 0.876 0.586 0.222 -nan -9999.000 -9999.000 -9999.000 -9999.000 -9999.000 -9999.000 -9999.000 -9999.000 -9999.000 -9999.000 -9999.000 -9999.000 -9999.000 -9999.000 -9999.000 -9999.000 -9999.000 -9999.000
