AvaFrame/avaframe/data/avaAlr/Outputs/r_avaflow_1311_new_paramflag1/alr_results/alr_ascii/alr_vhmax.asc
ncols 104
nrows 229
xllcenter 255202.08
yllcenter 377301.00
cellsize 20.00
NODATA_value -9999.000
[rows 58 to 86 of 229, columns 0 to 64 of 104]
-9999.000 -9999.000 -9999.000 -9999.000 -nan -nan 0.639 1.057 1.862 2.895 3.743 5.032 6.896 8.564 10.110 11.135 11.399 10.261 9.462 9.406 12.926 16.529 15.373 15.054 13.653 10.203 5.897 2.894 2.100 1.603 1.924 2.040 2.189 1.793 1.602 1.413 1.223 0.945 1.291 1.316 1.412 1.481 1.467 1.080 0.589 0.236 -nan -9999.000 -9999.000 -9999.000 -9999.000 -9999.000 -9999.000 -9999.000 -9999.000 -9999.000 -9999.000 -9999.000 -9999.000 -9999.000 -9999.000 -9999.000 -9999.000 -9999.000 -9999.000
-9999.000 -9999.000 -9999.000 -nan -nan -nan 0.743 1.378 2.260 3.386 4.625 6.302 8.019 9.311 10.540 10.202 10.202 9.493 8.678 8.041 13.040 16.277 15.473 15.118 13.657 10.300 5.532 2.609 2.041 1.619 1.902 2.019 2.200 1.774 1.536 1.360 1.204 0.925 1.221 1.247 1.318 1.383 1.402 1.127 0.600 0.249 -nan -9999.000 -9999.000 -9999.000 -9999.000 -9999.000 -9999.000 -9999.000 -9999.000 -9999.000 -9999.000 -9999.000 -9999.000 -9999.000 -9999.000 -9999.000 -9999.000 -9999.000 -9999.000
-9999.000 -9999.000 -9999.000 -nan -nan -nan 0.962 1.718 2.727 3.981 5.750 7.471 8.716 9.747 9.850 9.768 9.024 7.996 7.431 7.513 13.593 16.050 15.220 15.178 13.275 8.836 4.705 2.409 2.096 1.602 1.915 2.072 2.186 1.756 1.472 1.307 1.147 0.905 1.170 1.179 1.239 1.299 1.333 1.251 0.681 0.258 -nan -9999.000 -9999.000 -9999.000 -9999.000 -9999.000 -9999.000 -9999.000 -9999.000 -9999.000 -9999.000 -9999.000 -9999.000 -9999.000 -9999.000 -9999.000 -9999.000 -9999.000 -9999.000
-9999.000 -9999.000 -9999.000 -nan -nan 0.642 1.252 2.104 3.347 5.067 6.932 8.240 9.011 9.279 9.467 8.656 7.942 7.012 6.636 6.601 13.532 15.833 15.095 14.777 13.135 8.098 4.132 2.386 2.034 1.728 1.963 2.102 2.147 1.668 1.420 1.249 1.062 0.834 1.119 1.111 1.166 1.232 1.261 1.216 0.690 0.256 -nan -9999.000 -9999.000 -9999.000 -9999.000 -9999.000 -9999.000 -9999.000 -9999.000 -9999.000 -9999.000 -9999.000 -9999.000 -9999.000 -9999.000 -9999.000 -9999.000 -9999.000 -9999.000
-9999.000 -9999.000 -nan -nan -nan 0.871 1.595 2.631 4.334 6.405 7.885 8.664 8.981 8.690 8.532 7.770 6.851 6.503 6.070 6.688 13.458 16.629 15.596 14.760 12.527 9.055 4.693 2.234 2.002 1.708 1.978 2.126 2.099 1.593 1.370 1.179 0.989 0.822 1.070 1.055 1.089 1.159 1.200 1.165 0.658 0.233 -nan -9999.000 -9999.000 -9999.000 -9999.000 -9999.000 -9999.000 -9999.000 -9999.000 -9999.000 -9999.000 -9999.000 -9999.000 -9999.000 -9999.000 -9999.000 -9999.000 -9999.000 -9999.000
-9999.000 -9999.000 -nan -nan -nan 1.085 2.088 3.472 5.810 7.761 8.455 8.733 8.799 8.657 7.778 7.025 6.127 5.520 5.437 6.618 13.654 17.357 16.175 15.212 12.106 9.775 5.525 2.397 2.055 1.684 1.950 2.092 1.699 1.540 1.309 1.085 0.895 0.744 0.961 1.000 1.013 1.074 1.129 1.099 0.588 0.159 -nan -9999.000 -9999.000 -9999.000 -9999.000 -9999.000 -9999.000 -9999.000 -9999.000 -9999.000 -9999.000 -9999.000 -9999.000 -9999.000 -9999.000 -9999.000 -9999.000 -9999.000 -9999.000
-9999.000 -9999.000 -nan -nan 0.676 1.577 2.787 4.630 7.058 8.509 8.660 8.481 8.448 7.669 6.913 6.205 5.558 4.940 4.593 6.384 13.432 19.257 15.445 14.982 10.998 9.714 5.715 2.520 2.111 1.737 1.962 2.061 1.647 1.489 1.279 1.036 1.063 1.025 0.837 0.940 0.948 0.987 1.025 0.926 0.441 0.162 -nan -9999.000 -9999.000 -9999.000 -9999.000 -9999.000 -9999.000 -9999.000 -9999.000 -9999.000 -9999.000 -9999.000 -9999.000 -9999.000 -9999.000 -9999.000 -9999.000 -9999.000 -9999.000
-9999.000 -nan -nan -nan 0.955 2.271 3.583 5.607 7.724 8.742 8.655 8.506 7.724 6.827 6.185 5.432 4.825 4.148 3.723 6.370 14.289 16.765 14.111 13.697 10.018 9.284 5.076 2.698 2.195 1.753 1.971 2.052 1.580 1.432 1.201 1.019 1.099 1.048 0.784 0.615 0.379 0.335 0.331 0.296 0.178 0.059 -nan -9999.000 -9999.000 -9999.000 -9999.000 -9999.000 -9999.000 -9999.000 -9999.000 -9999.000 -9999.000 -9999.000 -9999.000 -9999.000 -9999.000 -9999.000 -9999.000 -9999.000 -9999.000
-9999.000 -nan -nan -nan 1.275 2.850 4.399 6.321 8.050 8.561 8.501 8.200 7.177 6.373 5.493 4.705 4.100 3.652 3.317 6.285 14.617 15.404 13.615 12.741 9.979 8.282 4.176 2.799 2.310 1.795 2.026 2.013 1.572 1.396 1.080 1.076 1.082 1.079 0.712 0.316 0.073 -nan -nan -nan -nan -nan -nan -9999.000 -9999.000 -9999.000 -9999.000 -9999.000 -9999.000 -9999.000 -9999.000 -9999.000 -9999.000 -9999.000 -9999.000 -9999.000 -9999.000 -9999.000 -9999.000 -9999.000 -9999.000
-9999.000 -nan -nan 0.859 1.681 3.383 5.220 6.996 8.326 8.118 7.903 7.344 6.684 5.523 4.749 4.200 3.730 3.314 3.443 6.782 15.387 14.724 13.912 12.919 11.166 6.474 3.856 2.721 2.329 1.799 2.048 1.635 1.507 1.354 0.987 1.051 1.046 1.068 0.897 0.237 -nan -nan -9999.000 -9999.000 -9999.000 -9999.000 -9999.000 -9999.000 -9999.000 -9999.000 -9999.000 -9999.000 -9999.000 -9999.000 -9999.000 -9999.000 -9999.000 -9999.000 -9999.000 -9999.000 -9999.000 -9999.000 -9999.000 -9999.000 -9999.000
-9999.000 -nan -nan 1.225 2.129 3.887 6.032 7.621 8.221 7.760 7.114 6.298 5.519 4.725 4.099 3.760 3.342 2.970 3.059 7.477 16.653 14.857 13.916 13.440 11.813 5.917 3.667 2.894 2.432 1.848 2.029 1.594 1.385 1.190 0.906 1.034 0.984 0.968 0.802 0.172 -nan -9999.000 -9999.000 -9999.000 -9999.000 -9999.000 -9999.000 -9999.000 -9999.000 -9999.000 -9999.000 -9999.000 -9999.000 -9999.000 -9999.000 -9999.000 -9999.000 -9999.000 -9999.000 -9999.000 -9999.000 -9999.000 -9999.000 -9999.000 -9999.000
-9999.000 -nan -nan 1.479 2.561 4.392 6.754 7.750 7.362 7.311 6.310 5.264 4.739 4.103 3.643 3.394 2.947 2.763 3.349 9.065 18.808 15.393 14.633 12.847 9.901 5.364 3.388 2.966 2.548 1.959 1.964 1.535 1.653 1.091 0.837 0.747 0.894 0.776 0.239 0.073 -nan -9999.000 -9999.000 -9999.000 -9999.000 -9999.000 -9999.000 -9999.000 -9999.000 -9999.000 -9999.000 -9999.000 -9999.000 -9999.000 -9999.000 -9999.000 -9999.000 -9999.000 -9999.000 -9999.000 -9999.000 -9999.000 -9999.000 -9999.000 -9999.000
-9999.000 -nan -nan 1.754 3.054 5.183 7.419 7.866 7.086 6.348 5.273 4.560 4.017 3.624 3.330 3.070 2.736 2.618 4.583 11.203 17.483 15.321 15.109 13.304 9.448 4.647 3.563 3.009 2.756 2.106 1.937 1.458 1.256 1.045 0.785 0.505 0.356 0.172 0.064 -nan -nan -9999.000 -9999.000 -9999.000 -9999.000 -9999.000 -9999.000 -9999.000 -9999.000 -9999.000 -9999.000 -9999.000 -9999.000 -9999.000 -9999.000 -9999.000 -9999.000 -9999.000 -9999.000 -9999.000 -9999.000 -9999.000 -9999.000 -9999.000 -9999.000
-9999.000 -nan -nan 2.023 3.686 6.195 8.067 7.201 6.649 5.199 4.351 3.991 3.541 3.256 3.167 2.967 2.612 2.543 5.703 13.025 16.571 15.207 15.243 13.669 7.885 4.109 3.319 3.133 3.027 2.577 1.637 1.411 1.145 0.963 0.678 0.357 0.115 -nan -nan -nan -9999.000 -9999.000 -9999.000 -9999.000 -9999.000 -9999.000 -9999.000 -9999.000 -9999.000 -9999.000 -9999.000 -9999.000 -9999.000 -9999.000 -9999.000 -9999.000 -9999.000 -9999.000 -9999.000 -9999.000 -9999.000 -9999.000 -9999.000 -9999.000 -9999.000
-9999.000 -nan -nan 2.352 4.494 7.461 7.674 6.846 5.501 4.212 3.847 3.588 3.269 3.078 3.058 2.741 2.524 2.487 5.983 13.817 16.543 14.782 14.351 12.181 7.726 4.059 3.021 3.447 3.200 2.238 1.792 1.316 1.071 0.850 0.532 0.241 0.051 -nan -9999.000 -9999.000 -9999.000 -9999.000 -9999.000 -9999.000 -9999.000 -9999.000 -9999.000 -9999.000 -9999.000 -9999.000 -9999.000 -9999.000 -9999.000 -9999.000 -9999.000 -9999.000 -9999.000 -9999.000 -9999.000 -9999.000 -9999.000 -9999.000 -9999.000 -9999.000 -9999.000
-9999.000 -nan -nan 2.884 5.626 7.779 7.538 6.130 4.410 3.734 3.455 3.293 3.054 2.960 2.921 2.583 2.408 2.465 6.594 14.571 16.408 14.775 14.174 11.713 6.946 4.107 3.285 3.418 3.235 2.301 1.902 1.228 1.457 0.916 0.478 0.222 -nan -nan -9999.000 -9999.000 -9999.000 -9999.000 -9999.000 -9999.000 -9999.000 -9999.000 -9999.000 -9999.000 -9999.000 -9999.000 -9999.000 -9999.000 -9999.000 -9999.000 -9999.000 -9999.000 -9999.000 -9999.000 -9999.000 -9999.000 -9999.000 -9999.000 -9999.000 -9999.000 -9999.000
-9999.000 -nan -nan 4.130 7.222 7.210 6.489 4.805 3.699 3.606 3.313 3.044 2.889 2.831 2.697 2.478 2.342 2.574 6.854 15.010 16.352 14.480 13.760 10.907 7.677 3.936 3.228 3.456 3.219 2.307 1.948 1.275 1.538 1.034 0.459 0.198 -nan -9999.000 -9999.000 -9999.000 -9999.000 -9999.000 -9999.000 -9999.000 -9999.000 -9999.000 -9999.000 -9999.000 -9999.000 -9999.000 -9999.000 -9999.000 -9999.000 -9999.000 -9999.000 -9999.000 -9999.000 -9999.000 -9999.000 -9999.000 -9999.000 -9999.000 -9999.000 -9999.000 -9999.000
-9999.000 -nan -nan 5.005 7.574 7.202 6.019 4.112 3.620 3.290 3.016 2.847 2.760 2.689 2.529 2.291 2.219 2.707 7.036 14.600 15.717 13.874 13.256 10.346 7.562 3.867 3.363 3.507 3.406 2.364 1.966 1.226 1.509 1.016 0.419 0.151 -nan -9999.000 -9999.000 -9999.000 -9999.000 -9999.000 -9999.000 -9999.000 -9999.000 -9999.000 -9999.000 -9999.000 -9999.000 -9999.000 -9999.000 -9999.000 -9999.000 -9999.000 -9999.000 -9999.000 -9999.000 -9999.000 -9999.000 -9999.000 -9999.000 -9999.000 -9999.000 -9999.000 -9999.000
-9999.000 -nan -nan 6.631 7.250 6.500 4.737 3.532 3.262 3.059 2.805 2.678 2.602 2.491 2.297 2.072 2.033 2.780 7.181 14.412 15.718 13.152 12.805 9.979 8.061 3.497 3.490 3.553 3.244 2.405 1.921 1.284 1.177 0.963 0.529 0.167 -nan -9999.000 -9999.000 -9999.000 -9999.000 -9999.000 -9999.000 -9999.000 -9999.000 -9999.000 -9999.000 -9999.000 -9999.000 -9999.000 -9999.000 -9999.000 -9999.000 -9999.000 -9999.000 -9999.000 -9999.000 -9999.000 -9999.000 -9999.000 -9999.000 -9999.000 -9999.000 -9999.000 -9999.000
-9999.000 -nan -nan 7.579 7.220 5.790 3.699 3.645 3.190 2.882 2.686 2.524 2.374 2.195 1.987 2.025 1.840 2.905 7.192 15.252 14.737 12.522 12.372 10.004 7.563 3.367 3.498 3.574 3.007 2.369 1.817 1.375 1.203 1.017 0.523 0.195 -nan -9999.000 -9999.000 -9999.000 -9999.000 -9999.000 -9999.000 -9999.000 -9999.000 -9999.000 -9999.000 -9999.000 -9999.000 -9999.000 -9999.000 -9999.000 -9999.000 -9999.000 -9999.000 -9999.000 -9999.000 -9999.000 -9999.000 -9999.000 -9999.000 -9999.000 -9999.000 -9999.000 -9999.000
-9999.000 -nan -nan 6.895 6.309 4.289 3.942 3.362 2.923 2.686 2.494 2.308 2.135 2.001 1.934 1.960 1.707 3.078 7.909 15.204 14.239 13.815 11.975 11.212 6.833 2.942 3.340 3.507 2.819 2.364 1.759 1.630 1.351 1.176 0.679 0.273 -nan -9999.000 -9999.000 -9999.000 -9999.000 -9999.000 -9999.000 -9999.000 -9999.000 -9999.000 -9999.000 -9999.000 -9999.000 -9999.000 -9999.000 -9999.000 -9999.000 -9999.000 -9999.000 -9999.000 -9999.000 -9999.000 -9999.000 -9999.000 -9999.000 -9999.000 -9999.000 -9999.000 -9999.000
-9999.000 -nan -nan 5.348 4.981 4.094 3.467 2.976 2.693 2.489 2.280 2.102 1.967 1.875 1.852 1.788 1.720 3.795 9.276 14.994 14.234 13.933 12.612 10.557 5.935 2.579 3.276 3.413 2.800 2.346 1.734 2.225 1.749 1.239 0.886 0.432 -nan -nan -9999.000 -9999.000 -9999.000 -9999.000 -9999.000 -9999.000 -9999.000 -9999.000 -9999.000 -9999.000 -9999.000 -9999.000 -9999.000 -9999.000 -9999.000 -9999.000 -9999.000 -9999.000 -9999.000 -9999.000 -9999.000 -9999.000 -9999.000 -9999.000 -9999.000 -9999.000 -9999.000
-9999.000 -nan -nan 5.089 3.845 3.667 2.961 2.656 2.505 2.299 2.100 1.936 1.824 1.784 1.803 1.684 1.811 4.369 10.409 14.362 14.096 13.816 12.649 8.955 5.018 2.414 3.234 3.414 2.751 2.372 2.207 2.485 2.176 1.422 1.137 0.700 0.359 -nan -nan -9999.000 -9999.000 -9999.000 -9999.000 -9999.000 -9999.000 -9999.000 -9999.000 -9999.000 -9999.000 -9999.000 -9999.000 -9999.000 -9999.000 -9999.000 -9999.000 -9999.000 -9999.000 -9999.000 -9999.000 -9999.000 -9999.000 -9999.000 -9999.000 -9999.000 -9999.000
-9999.000 -nan -nan 3.780 3.717 3.045 2.632 2.473 2.339 2.119 1.923 1.795 1.737 1.739 1.673 1.719 2.379 5.127 11.854 14.345 13.830 13.592 12.073 9.024 4.209 2.253 3.233 3.266 2.718 2.310 2.256 2.527 2.455 1.614 1.202 0.984 0.547 0.206 -nan -9999.000 -9999.000 -9999.000 -9999.000 -9999.000 -9999.000 -9999.000 -9999.000 -9999.000 -9999.000 -9999.000 -9999.000 -9999.000 -9999.000 -9999.000 -9999.000 -9999.000 -9999.000 -9999.000 -9999.000 -9999.000 -9999.000 -9999.000 -9999.000 -9999.000 -9999.000
-9999.000 -nan -nan 2.571 2.783 2.449 2.509 2.342 2.138 1.939 1.783 1.710 1.705 1.736 1.641 1.718 3.213 6.661 12.578 14.000 13.332 13.485 11.582 8.051 3.945 3.409 3.220 3.018 2.624 2.142 2.312 2.564 2.535 1.727 1.510 1.366 0.870 0.259 -nan -9999.000 -9999.000 -9999.000 -9999.000 -9999.000 -9999.000 -9999.000 -9999.000 -9999.000 -9999.000 -9999.000 -9999.000 -9999.000 -9999.000 -9999.000 -9999.000 -9999.000 -9999.000 -9999.000 -9999.000 -9999.000 -9999.000 -9999.000 -9999.000 -9999.000 -9999.000
-9999.000 -nan -nan 2.048 2.581 2.403 2.278 2.176 1.983 1.778 1.686 1.668 1.708 1.682 1.657 2.465 4.506 8.440 11.956 13.218 12.604 12.733 11.641 8.323 3.661 3.494 3.054 2.839 2.504 2.044 2.296 2.654 2.436 1.749 1.401 1.425 0.773 0.386 -nan -nan -9999.000 -9999.000 -9999.000 -9999.000 -9999.000 -9999.000 -9999.000 -9999.000 -9999.000 -9999.000 -9999.000 -9999.000 -9999.000 -9999.000 -9999.000 -9999.000 -9999.000 -9999.000 -9999.000 -9999.000 -9999.000 -9999.000 -9999.000 -9999.000 -9999.000
-9999.000 -nan -nan 1.858 2.134 2.183 2.172 2.063 1.826 1.669 1.625 1.651 1.725 1.715 2.233 3.549 6.073 9.841 12.072 12.898 12.289 12.114 11.396 8.386 4.344 2.023 3.066 2.600 2.295 1.975 2.325 2.387 2.295 1.864 1.437 1.115 0.885 0.517 0.193 -nan -9999.000 -9999.000 -9999.000 -9999.000 -9999.000 -9999.000 -9999.000 -9999.000 -9999.000 -9999.000 -9999.000 -9999.000 -9999.000 -9999.000 -9999.000 -9999.000 -9999.000 -9999.000 -9999.000 -9999.000 -9999.000 -9999.000 -9999.000 -9999.000 -9999.000
-9999.000 -nan -nan 1.518 1.940 2.039 2.023 1.908 1.708 1.621 1.615 1.708 1.746 2.025 3.493 5.184 7.622 10.245 11.841 12.822 12.388 12.193 11.585 11.554 4.817 2.615 2.994 2.396 2.086 1.835 2.405 2.410 2.225 1.882 1.476 1.448 1.023 0.577 0.216 -nan -9999.000 -9999.000 -9999.000 -9999.000 -9999.000 -9999.000 -9999.000 -9999.000 -9999.000 -9999.000 -9999.000 -9999.000 -9999.000 -9999.000 -9999.000 -9999.000 -9999.000 -9999.000 -9999.000 -9999.000 -9999.000 -9999.000 -9999.000 -9999.000 -9999.000
-9999.000 -nan -nan 1.368 1.664 1.878 1.964 1.830 1.678 1.630 1.695 1.780 1.766 3.218 5.416 7.178 8.770 10.325 11.460 11.164 12.562 12.049 11.648 10.465 5.878 3.191 2.932 2.297 1.859 1.654 2.391 2.465 2.213 1.939 1.733 1.162 1.060 0.622 0.234 -nan -9999.000 -9999.000 -9999.000 -9999.000 -9999.000 -9999.000 -9999.000 -9999.000 -9999.000 -9999.000 -9999.000 -9999.000 -9999.000 -9999.000 -9999.000 -9999.000 -9999.000 -9999.000 -9999.000 -9999.000 -9999.000 -9999.000 -9999.000 -9999.000 -9999.000
