AvaFrame/avaframe/data/avaAlr/Outputs/r_avaflow_1311_new_paramflag1/alr_results/alr_ascii/alr_(null).asc
ncols 104
nrows 229
xllcenter 255202.08
yllcenter 377301.00
cellsize 20.00
NODATA_value -9999.000
[rows 58 to 86 of 229, columns 0 to 64 of 104]
-9999.000 -9999.000 -9999.000 -9999.000 0.000 0.000 0.001 0.003 0.013 0.038 0.080 0.202 0.523 1.058 1.901 2.729 2.910 2.836 2.371 1.983 4.262 22.834 51.649 52.339 37.259 10.002 1.442 0.222 0.061 0.020 0.017 0.019 0.019 0.015 0.009 0.005 0.003 0.002 0.003 0.003 0.004 0.004 0.004 0.002 0.001 0.000 0.000 -9999.000 -9999.000 -9999.000 -9999.000 -9999.000 -9999.000 -9999.000 -9999.000 -9999.000 -9999.000 -9999.000 -9999.000 -9999.000 -9999.000 -9999.000 -9999.000 -9999.000 -9999.000
-9999.000 -9999.000 -9999.000 0.000 0.000 0.000 0.001 0.006 0.024 0.066 0.152 0.391 0.806 1.410 2.206 2.455 2.541 2.167 1.533 1.225 4.102 26.972 55.329 55.297 32.248 6.120 0.899 0.158 0.054 0.021 0.016 0.018 0.018 0.013 0.007 0.004 0.003 0.002 0.002 0.002 0.003 0.003 0.003 0.002 0.001 0.000 0.000 -9999.000 -9999.000 -9999.000 -9999.000 -9999.000 -9999.000 -9999.000 -9999.000 -9999.000 -9999.000 -9999.000 -9999.000 -9999.000 -9999.000 -9999.000 -9999.000 -9999.000 -9999.000
-9999.000 -9999.000 -9999.000 0.000 0.000 0.000 0.002 0.012 0.043 0.117 0.304 0.635 1.061 1.670 2.079 2.170 1.947 1.429 0.939 0.781 5.007 29.523 56.005 56.270 29.251 4.432 0.631 0.114 0.048 0.020 0.017 0.019 0.017 0.012 0.006 0.004 0.003 0.002 0.002 0.002 0.002 0.003 0.003 0.002 0.001 0.000 0.000 -9999.000 -9999.000 -9999.000 -9999.000 -9999.000 -9999.000 -9999.000 -9999.000 -9999.000 -9999.000 -9999.000 -9999.000 -9999.000 -9999.000 -9999.000 -9999.000 -9999.000 -9999.000
-9999.000 -9999.000 -9999.000 0.000 0.000 0.001 0.005 0.023 0.083 0.232 0.517 0.849 1.236 1.614 1.790 1.719 1.356 0.864 0.581 0.704 5.645 29.649 55.038 56.117 28.711 4.161 0.486 0.083 0.039 0.020 0.017 0.018 0.016 0.010 0.005 0.003 0.002 0.002 0.002 0.002 0.002 0.002 0.003 0.002 0.001 0.000 0.000 -9999.000 -9999.000 -9999.000 -9999.000 -9999.000 -9999.000 -9999.000 -9999.000 -9999.000 -9999.000 -9999.000 -9999.000 -9999.000 -9999.000 -9999.000 -9999.000 -9999.000 -9999.000
-9999.000 -9999.000 0.000 0.000 0.000 0.002 0.010 0.045 0.168 0.420 0.711 1.010 1.287 1.392 1.423 1.245 0.860 0.529 0.415 0.716 5.803 29.321 54.296 55.738 31.520 5.107 0.491 0.073 0.034 0.019 0.018 0.018 0.014 0.009 0.005 0.003 0.002 0.001 0.002 0.001 0.002 0.002 0.002 0.002 0.001 0.000 0.000 -9999.000 -9999.000 -9999.000 -9999.000 -9999.000 -9999.000 -9999.000 -9999.000 -9999.000 -9999.000 -9999.000 -9999.000 -9999.000 -9999.000 -9999.000 -9999.000 -9999.000 -9999.000
-9999.000 -9999.000 0.000 0.000 0.000 0.003 0.021 0.104 0.363 0.628 0.843 1.084 1.234 1.254 1.149 0.878 0.544 0.352 0.307 0.665 5.707 28.918 54.707 56.928 34.313 7.131 0.732 0.085 0.033 0.019 0.018 0.018 0.013 0.007 0.004 0.003 0.002 0.001 0.001 0.001 0.001 0.002 0.002 0.002 0.001 0.000 0.000 -9999.000 -9999.000 -9999.000 -9999.000 -9999.000 -9999.000 -9999.000 -9999.000 -9999.000 -9999.000 -9999.000 -9999.000 -9999.000 -9999.000 -9999.000 -9999.000 -9999.000 -9999.000
-9999.000 -9999.000 0.000 0.000 0.001 0.008 0.047 0.245 0.573 0.770 0.900 1.031 1.070 1.036 0.893 0.598 0.358 0.246 0.213 0.547 5.146 28.724 53.386 56.457 32.086 8.069 0.961 0.114 0.035 0.019 0.018 0.017 0.012 0.007 0.004 0.002 0.002 0.001 0.001 0.001 0.001 0.001 0.001 0.001 0.001 0.000 0.000 -9999.000 -9999.000 -9999.000 -9999.000 -9999.000 -9999.000 -9999.000 -9999.000 -9999.000 -9999.000 -9999.000 -9999.000 -9999.000 -9999.000 -9999.000 -9999.000 -9999.000 -9999.000
-9999.000 0.000 0.000 0.000 0.002 0.018 0.105 0.430 0.721 0.836 0.893 0.907 0.875 0.793 0.634 0.384 0.242 0.171 0.140 0.457 5.202 28.478 49.113 49.473 25.334 6.885 0.933 0.134 0.041 0.020 0.017 0.016 0.011 0.006 0.003 0.002 0.002 0.001 0.001 0.001 0.000 0.000 0.000 0.000 0.000 0.000 0.000 -9999.000 -9999.000 -9999.000 -9999.000 -9999.000 -9999.000 -9999.000 -9999.000 -9999.000 -9999.000 -9999.000 -9999.000 -9999.000 -9999.000 -9999.000 -9999.000 -9999.000 -9999.000
-9999.000 0.000 0.000 0.000 0.004 0.035 0.203 0.597 0.819 0.829 0.821 0.801 0.716 0.601 0.423 0.251 0.161 0.112 0.088 0.378 5.568 30.598 45.310 43.266 19.541 4.573 0.702 0.146 0.049 0.022 0.018 0.015 0.010 0.005 0.003 0.002 0.002 0.002 0.001 0.000 0.000 0.000 0.000 0.000 0.000 0.000 0.000 -9999.000 -9999.000 -9999.000 -9999.000 -9999.000 -9999.000 -9999.000 -9999.000 -9999.000 -9999.000 -9999.000 -9999.000 -9999.000 -9999.000 -9999.000 -9999.000 -9999.000 -9999.000
-9999.000 0.000 0.000 0.001 0.008 0.061 0.345 0.778 0.884 0.803 0.725 0.650 0.559 0.422 0.270 0.166 0.111 0.080 0.071 0.404 7.236 34.799 47.187 39.890 14.001 2.503 0.514 0.136 0.054 0.025 0.018 0.013 0.009 0.005 0.002 0.002 0.001 0.002 0.001 0.000 0.000 0.000 -9999.000 -9999.000 -9999.000 -9999.000 -9999.000 -9999.000 -9999.000 -9999.000 -9999.000 -9999.000 -9999.000 -9999.000 -9999.000 -9999.000 -9999.000 -9999.000 -9999.000 -9999.000 -9999.000 -9999.000 -9999.000 -9999.000 -9999.000
-9999.000 0.000 0.000 0.002 0.016 0.107 0.546 0.938 0.861 0.757 0.594 0.489 0.384 0.268 0.169 0.114 0.078 0.061 0.059 0.535 10.306 39.491 45.682 36.108 9.063 1.478 0.357 0.122 0.056 0.027 0.018 0.012 0.007 0.004 0.002 0.001 0.001 0.001 0.001 0.000 0.000 -9999.000 -9999.000 -9999.000 -9999.000 -9999.000 -9999.000 -9999.000 -9999.000 -9999.000 -9999.000 -9999.000 -9999.000 -9999.000 -9999.000 -9999.000 -9999.000 -9999.000 -9999.000 -9999.000 -9999.000 -9999.000 -9999.000 -9999.000 -9999.000
-9999.000 0.000 0.000 0.004 0.030 0.187 0.766 1.007 0.874 0.644 0.459 0.337 0.241 0.163 0.109 0.077 0.056 0.049 0.073 1.055 16.809 43.831 45.227 30.988 6.164 0.953 0.255 0.116 0.060 0.030 0.016 0.011 0.007 0.004 0.002 0.001 0.001 0.001 0.000 0.000 0.000 -9999.000 -9999.000 -9999.000 -9999.000 -9999.000 -9999.000 -9999.000 -9999.000 -9999.000 -9999.000 -9999.000 -9999.000 -9999.000 -9999.000 -9999.000 -9999.000 -9999.000 -9999.000 -9999.000 -9999.000 -9999.000 -9999.000 -9999.000 -9999.000
-9999.000 0.000 0.000 0.007 0.052 0.338 0.984 1.041 0.831 0.523 0.333 0.221 0.151 0.104 0.074 0.055 0.044 0.041 0.120 2.244 23.673 46.212 46.603 27.268 4.720 0.704 0.189 0.109 0.066 0.035 0.015 0.010 0.006 0.003 0.002 0.001 0.000 0.000 0.000 0.000 0.000 -9999.000 -9999.000 -9999.000 -9999.000 -9999.000 -9999.000 -9999.000 -9999.000 -9999.000 -9999.000 -9999.000 -9999.000 -9999.000 -9999.000 -9999.000 -9999.000 -9999.000 -9999.000 -9999.000 -9999.000 -9999.000 -9999.000 -9999.000 -9999.000
-9999.000 0.000 0.000 0.010 0.091 0.592 1.255 1.045 0.752 0.379 0.221 0.141 0.098 0.071 0.054 0.044 0.038 0.036 0.232 3.917 27.122 48.040 46.858 23.813 3.335 0.502 0.146 0.102 0.075 0.043 0.018 0.009 0.005 0.003 0.001 0.000 0.000 0.000 0.000 0.000 -9999.000 -9999.000 -9999.000 -9999.000 -9999.000 -9999.000 -9999.000 -9999.000 -9999.000 -9999.000 -9999.000 -9999.000 -9999.000 -9999.000 -9999.000 -9999.000 -9999.000 -9999.000 -9999.000 -9999.000 -9999.000 -9999.000 -9999.000 -9999.000 -9999.000
-9999.000 0.000 0.000 0.016 0.179 1.038 1.369 1.090 0.580 0.244 0.136 0.092 0.068 0.052 0.043 0.036 0.033 0.032 0.309 5.090 29.081 47.710 47.127 21.092 2.628 0.382 0.108 0.092 0.081 0.049 0.023 0.007 0.004 0.002 0.001 0.000 0.000 0.000 -9999.000 -9999.000 -9999.000 -9999.000 -9999.000 -9999.000 -9999.000 -9999.000 -9999.000 -9999.000 -9999.000 -9999.000 -9999.000 -9999.000 -9999.000 -9999.000 -9999.000 -9999.000 -9999.000 -9999.000 -9999.000 -9999.000 -9999.000 -9999.000 -9999.000 -9999.000 -9999.000
-9999.000 0.000 0.000 0.030 0.410 1.424 1.398 0.984 0.365 0.148 0.086 0.065 0.052 0.041 0.036 0.031 0.028 0.033 0.419 6.080 30.361 48.951 46.719 19.643 2.390 0.302 0.081 0.086 0.084 0.052 0.025 0.008 0.005 0.003 0.001 0.000 0.000 0.000 -9999.000 -9999.000 -9999.000 -9999.000 -9999.000 -9999.000 -9999.000 -9999.000 -9999.000 -9999.000 -9999.000 -9999.000 -9999.000 -9999.000 -9999.000 -9999.000 -9999.000 -9999.000 -9999.000 -9999.000 -9999.000 -9999.000 -9999.000 -9999.000 -9999.000 -9999.000 -9999.000
-9999.000 0.000 0.000 0.088 0.937 1.544 1.336 0.647 0.195 0.091 0.063 0.050 0.040 0.034 0.030 0.027 0.025 0.036 0.458 6.557 30.729 48.971 46.651 19.756 2.573 0.292 0.068 0.088 0.086 0.054 0.027 0.008 0.005 0.003 0.001 0.000 0.000 -9999.000 -9999.000 -9999.000 -9999.000 -9999.000 -9999.000 -9999.000 -9999.000 -9999.000 -9999.000 -9999.000 -9999.000 -9999.000 -9999.000 -9999.000 -9999.000 -9999.000 -9999.000 -9999.000 -9999.000 -9999.000 -9999.000 -9999.000 -9999.000 -9999.000 -9999.000 -9999.000 -9999.000
-9999.000 0.000 0.000 0.293 1.355 1.529 1.100 0.320 0.116 0.067 0.049 0.040 0.033 0.029 0.025 0.022 0.020 0.036 0.462 6.286 29.766 47.257 45.439 19.480 2.783 0.308 0.066 0.094 0.096 0.058 0.027 0.008 0.005 0.003 0.001 0.000 0.000 -9999.000 -9999.000 -9999.000 -9999.000 -9999.000 -9999.000 -9999.000 -9999.000 -9999.000 -9999.000 -9999.000 -9999.000 -9999.000 -9999.000 -9999.000 -9999.000 -9999.000 -9999.000 -9999.000 -9999.000 -9999.000 -9999.000 -9999.000 -9999.000 -9999.000 -9999.000 -9999.000 -9999.000
-9999.000 0.000 0.000 0.723 1.383 1.275 0.616 0.167 0.077 0.051 0.039 0.032 0.027 0.024 0.021 0.017 0.014 0.033 0.463 6.127 29.460 44.648 43.705 17.938 2.539 0.298 0.072 0.104 0.095 0.060 0.027 0.009 0.005 0.003 0.001 0.000 0.000 -9999.000 -9999.000 -9999.000 -9999.000 -9999.000 -9999.000 -9999.000 -9999.000 -9999.000 -9999.000 -9999.000 -9999.000 -9999.000 -9999.000 -9999.000 -9999.000 -9999.000 -9999.000 -9999.000 -9999.000 -9999.000 -9999.000 -9999.000 -9999.000 -9999.000 -9999.000 -9999.000 -9999.000
-9999.000 0.000 0.000 1.091 1.246 0.949 0.294 0.105 0.061 0.042 0.032 0.026 0.022 0.019 0.015 0.013 0.011 0.032 0.465 7.329 31.206 41.607 40.521 15.703 2.079 0.265 0.076 0.110 0.093 0.057 0.025 0.010 0.005 0.002 0.001 0.000 0.000 -9999.000 -9999.000 -9999.000 -9999.000 -9999.000 -9999.000 -9999.000 -9999.000 -9999.000 -9999.000 -9999.000 -9999.000 -9999.000 -9999.000 -9999.000 -9999.000 -9999.000 -9999.000 -9999.000 -9999.000 -9999.000 -9999.000 -9999.000 -9999.000 -9999.000 -9999.000 -9999.000 -9999.000
-9999.000 0.000 0.000 0.999 1.065 0.506 0.164 0.079 0.049 0.035 0.026 0.021 0.017 0.014 0.012 0.010 0.009 0.036 0.618 10.013 34.049 40.047 34.829 12.757 1.577 0.211 0.077 0.107 0.087 0.054 0.023 0.013 0.006 0.003 0.001 0.000 0.000 -9999.000 -9999.000 -9999.000 -9999.000 -9999.000 -9999.000 -9999.000 -9999.000 -9999.000 -9999.000 -9999.000 -9999.000 -9999.000 -9999.000 -9999.000 -9999.000 -9999.000 -9999.000 -9999.000 -9999.000 -9999.000 -9999.000 -9999.000 -9999.000 -9999.000 -9999.000 -9999.000 -9999.000
-9999.000 0.000 0.000 0.478 0.628 0.267 0.108 0.059 0.039 0.027 0.021 0.016 0.013 0.011 0.009 0.008 0.008 0.068 1.321 14.432 37.479 40.313 31.248 8.670 1.116 0.161 0.080 0.099 0.080 0.050 0.021 0.017 0.010 0.005 0.002 0.000 0.000 0.000 -9999.000 -9999.000 -9999.000 -9999.000 -9999.000 -9999.000 -9999.000 -9999.000 -9999.000 -9999.000 -9999.000 -9999.000 -9999.000 -9999.000 -9999.000 -9999.000 -9999.000 -9999.000 -9999.000 -9999.000 -9999.000 -9999.000 -9999.000 -9999.000 -9999.000 -9999.000 -9999.000
-9999.000 0.000 0.000 0.165 0.220 0.135 0.072 0.043 0.029 0.021 0.017 0.013 0.010 0.009 0.008 0.007 0.012 0.141 2.465 18.327 39.646 41.421 26.686 5.556 0.775 0.121 0.084 0.098 0.078 0.047 0.019 0.019 0.016 0.007 0.003 0.001 0.000 0.000 0.000 -9999.000 -9999.000 -9999.000 -9999.000 -9999.000 -9999.000 -9999.000 -9999.000 -9999.000 -9999.000 -9999.000 -9999.000 -9999.000 -9999.000 -9999.000 -9999.000 -9999.000 -9999.000 -9999.000 -9999.000 -9999.000 -9999.000 -9999.000 -9999.000 -9999.000 -9999.000
-9999.000 0.000 0.000 0.085 0.112 0.081 0.046 0.030 0.022 0.017 0.013 0.010 0.008 0.007 0.007 0.007 0.031 0.320 4.047 20.683 39.659 41.442 23.704 4.121 0.563 0.096 0.084 0.089 0.074 0.042 0.019 0.020 0.019 0.011 0.005 0.002 0.000 0.000 0.000 -9999.000 -9999.000 -9999.000 -9999.000 -9999.000 -9999.000 -9999.000 -9999.000 -9999.000 -9999.000 -9999.000 -9999.000 -9999.000 -9999.000 -9999.000 -9999.000 -9999.000 -9999.000 -9999.000 -9999.000 -9999.000 -9999.000 -9999.000 -9999.000 -9999.000 -9999.000
-9999.000 0.000 0.000 0.035 0.057 0.044 0.031 0.022 0.017 0.013 0.010 0.008 0.007 0.007 0.006 0.012 0.083 0.739 5.696 21.715 37.878 40.380 22.477 3.664 0.444 0.088 0.078 0.078 0.066 0.037 0.019 0.021 0.021 0.013 0.007 0.003 0.001 0.000 0.000 -9999.000 -9999.000 -9999.000 -9999.000 -9999.000 -9999.000 -9999.000 -9999.000 -9999.000 -9999.000 -9999.000 -9999.000 -9999.000 -9999.000 -9999.000 -9999.000 -9999.000 -9999.000 -9999.000 -9999.000 -9999.000 -9999.000 -9999.000 -9999.000 -9999.000 -9999.000
-9999.000 0.000 0.000 0.013 0.021 0.024 0.021 0.017 0.014 0.011 0.008 0.007 0.006 0.006 0.008 0.034 0.215 1.466 6.811 20.498 34.168 37.648 23.376 3.877 0.423 0.086 0.072 0.063 0.056 0.033 0.021 0.022 0.021 0.014 0.009 0.004 0.001 0.000 0.000 0.000 -9999.000 -9999.000 -9999.000 -9999.000 -9999.000 -9999.000 -9999.000 -9999.000 -9999.000 -9999.000 -9999.000 -9999.000 -9999.000 -9999.000 -9999.000 -9999.000 -9999.000 -9999.000 -9999.000 -9999.000 -9999.000 -9999.000 -9999.000 -9999.000 -9999.000
-9999.000 0.000 0.000 0.008 0.014 0.016 0.016 0.014 0.011 0.008 0.007 0.006 0.006 0.006 0.020 0.090 0.469 2.262 7.289 18.129 29.937 33.830 25.340 5.498 0.545 0.079 0.062 0.048 0.044 0.030 0.021 0.022 0.021 0.015 0.010 0.005 0.002 0.000 0.000 0.000 -9999.000 -9999.000 -9999.000 -9999.000 -9999.000 -9999.000 -9999.000 -9999.000 -9999.000 -9999.000 -9999.000 -9999.000 -9999.000 -9999.000 -9999.000 -9999.000 -9999.000 -9999.000 -9999.000 -9999.000 -9999.000 -9999.000 -9999.000 -9999.000 -9999.000
-9999.000 0.000 0.000 0.004 0.009 0.012 0.012 0.012 0.009 0.007 0.006 0.006 0.006 0.015 0.061 0.228 0.841 2.897 7.366 15.351 26.269 31.225 28.053 10.276 0.962 0.128 0.050 0.037 0.032 0.024 0.021 0.024 0.022 0.016 0.011 0.005 0.002 0.001 0.000 0.000 -9999.000 -9999.000 -9999.000 -9999.000 -9999.000 -9999.000 -9999.000 -9999.000 -9999.000 -9999.000 -9999.000 -9999.000 -9999.000 -9999.000 -9999.000 -9999.000 -9999.000 -9999.000 -9999.000 -9999.000 -9999.000 -9999.000 -9999.000 -9999.000 -9999.000
-9999.000 0.000 0.000 0.003 0.007 0.009 0.010 0.010 0.008 0.006 0.006 0.006 0.012 0.055 0.199 0.488 1.303 3.362 7.041 12.972 22.243 28.458 29.066 16.611 2.346 0.262 0.042 0.030 0.024 0.018 0.018 0.024 0.022 0.017 0.012 0.006 0.003 0.001 0.000 0.000 -9999.000 -9999.000 -9999.000 -9999.000 -9999.000 -9999.000 -9999.000 -9999.000 -9999.000 -9999.000 -9999.000 -9999.000 -9999.000 -9999.000 -9999.000 -9999.000 -9999.000 -9999.000 -9999.000 -9999.000 -9999.000 -9999.000 -9999.000 -9999.000 -9999.000
