AvaFrame/avaframe/data/avaParabola/Avaflow_Input_Output/alr_results/alr_ascii/alr_basechange1_fin.asc
ncols 250
nrows 100
xllcenter 997.50
yllcenter -4997.50
cellsize 20.00
NODATA_value -9999.000
[rows 34 to 67 of 100, columns 75 to 149 of 250]
0.000 0.000 0.000 0.000 0.000 0.000 -0.000 -0.000 -0.000 -0.000 -0.000 -0.000 -0.000 -0.000 -0.000 -0.000 -0.000 -0.000 -0.000 -0.000 -0.000 -0.000 -0.000 -0.000 -0.000 -0.000 -0.000 -0.000 -0.000 -0.000 -0.000 -0.000 -0.000 -0.000 -0.000 -0.000 -0.000 -0.000 -0.000 -0.000 -0.001 -0.001 -0.001 -0.001 -0.001 -0.000 -0.001 -0.001 -0.001 -0.001 -0.001 -0.001 -0.001 -0.000 -0.000 -0.000 -0.000 -0.000 -0.000 0.000 0.000 0.000 0.000 0.000 0.000 0.000 0.000 0.000 0.000 0.000 0.000 0.000 0.000 0.000 0.000
0.000 0.000 0.000 0.000 -0.000 -0.000 -0.000 -0.000 -0.000 -0.000 -0.000 -0.000 -0.000 -0.000 -0.000 -0.000 -0.000 -0.000 -0.000 -0.000 -0.000 -0.000 -0.000 -0.000 -0.000 -0.000 -0.000 -0.000 -0.000 -0.000 -0.000 -0.000 -0.001 -0.001 -0.001 -0.001 -0.001 -0.001 -0.001 -0.001 -0.001 -0.001 -0.002 -0.002 -0.001 -0.001 -0.001 -0.001 -0.001 -0.002 -0.002 -0.002 -0.001 -0.001 -0.001 -0.000 -0.000 -0.000 -0.000 -0.000 0.000 0.000 0.000 0.000 0.000 0.000 0.000 0.000 0.000 0.000 0.000 0.000 0.000 0.000 0.000
0.000 0.000 -0.000 -0.000 -0.000 -0.000 -0.000 -0.000 -0.000 -0.000 -0.000 -0.000 -0.000 -0.000 -0.000 -0.000 -0.000 -0.000 -0.000 -0.000 -0.000 -0.000 -0.000 -0.000 -0.001 -0.001 -0.001 -0.001 -0.001 -0.001 -0.001 -0.001 -0.001 -0.001 -0.001 -0.001 -0.001 -0.001 -0.001 -0.002 -0.002 -0.002 -0.003 -0.004 -0.002 -0.002 -0.002 -0.002 -0.002 -0.003 -0.003 -0.003 -0.002 -0.002 -0.001 -0.001 -0.000 -0.000 -0.000 -0.000 -0.000 0.000 0.000 0.000 0.000 0.000 0.000 0.000 0.000 0.000 0.000 0.000 0.000 0.000 0.000
0.000 -0.000 -0.000 -0.000 -0.000 -0.000 -0.000 -0.000 -0.000 -0.000 -0.000 -0.000 -0.000 -0.000 -0.000 -0.000 -0.000 -0.000 -0.000 -0.001 -0.001 -0.001 -0.001 -0.001 -0.001 -0.001 -0.001 -0.001 -0.001 -0.002 -0.002 -0.002 -0.002 -0.002 -0.002 -0.002 -0.002 -0.003 -0.003 -0.003 -0.003 -0.004 -0.005 -0.005 -0.003 -0.003 -0.003 -0.004 -0.004 -0.004 -0.005 -0.005 -0.004 -0.003 -0.002 -0.001 -0.001 -0.000 -0.000 -0.000 -0.000 -0.000 0.000 0.000 0.000 0.000 0.000 0.000 0.000 0.000 0.000 0.000 0.000 0.000 0.000
-0.000 -0.000 -0.000 -0.000 -0.000 -0.000 -0.000 -0.000 -0.000 -0.000 -0.000 -0.000 -0.000 -0.000 -0.001 -0.001 -0.001 -0.001 -0.001 -0.001 -0.001 -0.001 -0.002 -0.002 -0.002 -0.002 -0.002 -0.003 -0.003 -0.003 -0.003 -0.003 -0.004 -0.004 -0.004 -0.004 -0.004 -0.005 -0.005 -0.005 -0.006 -0.006 -0.009 -0.009 -0.006 -0.006 -0.007 -0.007 -0.008 -0.008 -0.008 -0.008 -0.006 -0.005 -0.003 -0.002 -0.001 -0.001 -0.000 -0.000 -0.000 -0.000 -0.000 0.000 0.000 0.000 0.000 0.000 0.000 0.000 0.000 0.000 0.000 0.000 0.000
-0.000 -0.000 -0.000 -0.000 -0.000 -0.000 -0.000 -0.000 -0.000 -0.000 -0.001 -0.001 -0.001 -0.001 -0.001 -0.001 -0.002 -0.002 -0.002 -0.002 -0.003 -0.003 -0.003 -0.004 -0.004 -0.004 -0.005 -0.005 -0.005 -0.006 -0.006 -0.006 -0.007 -0.007 -0.007 -0.008 -0.008 -0.009 -0.009 -0.009 -0.010 -0.011 -0.014 -0.014 -0.012 -0.011 -0.012 -0.014 -0.014 -0.013 -0.013 -0.013 -0.010 -0.007 -0.005 -0.003 -0.002 -0.001 -0.001 -0.000 -0.000 -0.000 -0.000 0.000 0.000 0.000 0.000 0.000 0.000 0.000 0.000 0.000 0.000 0.000 0.000
-0.000 -0.000 -0.000 -0.000 -0.000 -0.000 -0.000 -0.001 -0.001 -0.001 -0.001 -0.002 -0.002 -0.002 -0.003 -0.003 -0.004 -0.004 -0.005 -0.005 -0.006 -0.006 -0.007 -0.007 -0.008 -0.008 -0.009 -0.009 -0.010 -0.010 -0.011 -0.012 -0.012 -0.013 -0.013 -0.014 -0.014 -0.015 -0.016 -0.016 -0.017 -0.019 -0.022 -0.021 -0.019 -0.020 -0.022 -0.023 -0.023 -0.022 -0.021 -0.020 -0.016 -0.011 -0.008 -0.005 -0.004 -0.002 -0.001 -0.000 -0.000 -0.000 -0.000 -0.000 0.000 0.000 0.000 0.000 0.000 0.000 0.000 0.000 0.000 0.000 0.000
-0.000 -0.000 -0.000 -0.000 -0.001 -0.001 -0.001 -0.002 -0.002 -0.003 -0.003 -0.004 -0.005 -0.006 -0.006 -0.007 -0.008 -0.009 -0.010 -0.011 -0.012 -0.013 -0.013 -0.014 -0.015 -0.016 -0.016 -0.017 -0.018 -0.019 -0.019 -0.020 -0.021 -0.022 -0.023 -0.023 -0.024 -0.025 -0.026 -0.027 -0.028 -0.031 -0.033 -0.031 -0.031 -0.033 -0.035 -0.036 -0.035 -0.033 -0.032 -0.029 -0.023 -0.017 -0.012 -0.008 -0.005 -0.003 -0.001 -0.001 -0.000 -0.000 -0.000 -0.000 0.000 0.000 0.000 0.000 0.000 0.000 0.000 0.000 0.000 0.000 0.000
-0.000 -0.000 -0.001 -0.002 -0.002 -0.003 -0.004 -0.005 -0.007 -0.008 -0.009 -0.011 -0.012 -0.013 -0.015 -0.017 -0.018 -0.020 -0.021 -0.022 -0.023 -0.024 -0.025 -0.026 -0.027 -0.027 -0.028 -0.029 -0.030 -0.031 -0.032 -0.033 -0.033 -0.034 -0.035 -0.036 -0.037 -0.038 -0.039 -0.040 -0.042 -0.046 -0.047 -0.045 -0.048 -0.051 -0.051 -0.053 -0.050 -0.045 -0.042 -0.038 -0.032 -0.024 -0.017 -0.011 -0.006 -0.003 -0.001 -0.001 -0.000 -0.000 -0.000 -0.000 -0.000 0.000 0.000 0.000 0.000 0.000 0.000 0.000 0.000 0.000 0.000
-0.001 -0.002 -0.004 -0.006 -0.009 -0.011 -0.013 -0.016 -0.018 -0.020 -0.023 -0.025 -0.028 -0.030 -0.033 -0.035 -0.038 -0.040 -0.041 -0.041 -0.041 -0.042 -0.042 -0.043 -0.043 -0.044 -0.044 -0.045 -0.045 -0.046 -0.047 -0.047 -0.048 -0.049 -0.050 -0.051 -0.052 -0.053 -0.054 -0.055 -0.057 -0.061 -0.061 -0.059 -0.060 -0.062 -0.064 -0.062 -0.055 -0.049 -0.047 -0.045 -0.038 -0.030 -0.020 -0.012 -0.006 -0.003 -0.001 -0.001 -0.000 -0.000 -0.000 -0.000 -0.000 0.000 0.000 0.000 0.000 0.000 0.000 0.000 0.000 0.000 0.000
-0.001 -0.004 -0.008 -0.012 -0.016 -0.020 -0.024 -0.028 -0.031 -0.035 -0.039 -0.042 -0.046 -0.050 -0.053 -0.057 -0.060 -0.063 -0.064 -0.063 -0.062 -0.062 -0.061 -0.061 -0.061 -0.061 -0.061 -0.061 -0.061 -0.062 -0.062 -0.063 -0.063 -0.064 -0.064 -0.065 -0.066 -0.067 -0.067 -0.068 -0.070 -0.073 -0.072 -0.069 -0.067 -0.068 -0.069 -0.064 -0.059 -0.055 -0.056 -0.053 -0.044 -0.033 -0.020 -0.011 -0.006 -0.003 -0.001 -0.001 -0.000 -0.000 -0.000 -0.000 -0.000 0.000 0.000 0.000 0.000 0.000 0.000 0.000 0.000 0.000 0.000
-0.001 -0.005 -0.010 -0.015 -0.019 -0.024 -0.029 -0.034 -0.038 -0.043 -0.047 -0.052 -0.056 -0.061 -0.065 -0.070 -0.074 -0.077 -0.078 -0.077 -0.077 -0.076 -0.076 -0.075 -0.075 -0.075 -0.074 -0.074 -0.074 -0.074 -0.074 -0.075 -0.075 -0.075 -0.075 -0.076 -0.076 -0.077 -0.077 -0.077 -0.079 -0.082 -0.079 -0.077 -0.076 -0.079 -0.078 -0.072 -0.068 -0.065 -0.063 -0.056 -0.044 -0.030 -0.017 -0.008 -0.004 -0.002 -0.001 -0.000 -0.000 -0.000 -0.000 -0.000 -0.000 0.000 0.000 0.000 0.000 0.000 0.000 0.000 0.000 0.000 0.000
-0.001 -0.005 -0.010 -0.015 -0.021 -0.026 -0.031 -0.036 -0.041 -0.046 -0.051 -0.056 -0.062 -0.067 -0.072 -0.077 -0.081 -0.085 -0.086 -0.086 -0.085 -0.085 -0.085 -0.084 -0.084 -0.083 -0.083 -0.083 -0.083 -0.083 -0.083 -0.083 -0.083 -0.083 -0.083 -0.083 -0.084 -0.084 -0.084 -0.084 -0.086 -0.088 -0.085 -0.084 -0.087 -0.092 -0.090 -0.084 -0.077 -0.070 -0.062 -0.051 -0.036 -0.021 -0.010 -0.004 -0.002 -0.001 -0.000 -0.000 -0.000 -0.000 -0.000 -0.000 -0.000 0.000 0.000 0.000 0.000 0.000 0.000 0.000 0.000 0.000 0.000
-0.001 -0.005 -0.010 -0.015 -0.021 -0.026 -0.032 -0.037 -0.042 -0.048 -0.053 -0.058 -0.064 -0.069 -0.074 -0.080 -0.085 -0.089 -0.091 -0.091 -0.090 -0.090 -0.090 -0.090 -0.090 -0.089 -0.089 -0.089 -0.089 -0.089 -0.089 -0.089 -0.089 -0.089 -0.089 -0.089 -0.089 -0.088 -0.088 -0.088 -0.090 -0.092 -0.089 -0.089 -0.093 -0.097 -0.092 -0.083 -0.073 -0.061 -0.049 -0.036 -0.022 -0.011 -0.004 -0.001 -0.000 -0.000 -0.000 -0.000 -0.000 -0.000 -0.000 -0.000 -0.000 0.000 0.000 0.000 0.000 0.000 0.000 0.000 0.000 0.000 0.000
-0.001 -0.005 -0.010 -0.015 -0.021 -0.026 -0.032 -0.037 -0.043 -0.048 -0.054 -0.059 -0.065 -0.070 -0.076 -0.081 -0.086 -0.091 -0.093 -0.093 -0.092 -0.092 -0.093 -0.093 -0.093 -0.093 -0.093 -0.093 -0.093 -0.093 -0.093 -0.093 -0.092 -0.092 -0.092 -0.091 -0.091 -0.091 -0.090 -0.090 -0.092 -0.093 -0.090 -0.089 -0.090 -0.090 -0.082 -0.070 -0.059 -0.045 -0.032 -0.021 -0.012 -0.006 -0.002 -0.001 -0.000 -0.000 -0.000 -0.000 -0.000 -0.000 -0.000 -0.000 -0.000 0.000 0.000 0.000 0.000 0.000 0.000 0.000 0.000 0.000 0.000
-0.001 -0.005 -0.010 -0.015 -0.021 -0.026 -0.032 -0.037 -0.043 -0.048 -0.054 -0.059 -0.065 -0.071 -0.076 -0.082 -0.087 -0.091 -0.093 -0.093 -0.093 -0.094 -0.094 -0.095 -0.095 -0.095 -0.095 -0.095 -0.095 -0.094 -0.094 -0.094 -0.093 -0.093 -0.092 -0.092 -0.091 -0.091 -0.090 -0.090 -0.093 -0.094 -0.090 -0.087 -0.085 -0.081 -0.071 -0.060 -0.049 -0.038 -0.028 -0.021 -0.015 -0.011 -0.007 -0.004 -0.002 -0.001 -0.001 -0.000 -0.000 -0.000 -0.000 -0.000 -0.000 0.000 0.000 0.000 0.000 0.000 0.000 0.000 0.000 0.000 0.000
-0.001 -0.005 -0.010 -0.015 -0.021 -0.026 -0.032 -0.037 -0.043 -0.048 -0.054 -0.059 -0.065 -0.071 -0.076 -0.082 -0.087 -0.091 -0.094 -0.094 -0.094 -0.094 -0.094 -0.095 -0.095 -0.095 -0.095 -0.094 -0.094 -0.093 -0.093 -0.092 -0.092 -0.091 -0.090 -0.090 -0.089 -0.089 -0.088 -0.089 -0.092 -0.092 -0.088 -0.084 -0.081 -0.076 -0.066 -0.058 -0.050 -0.043 -0.037 -0.032 -0.028 -0.022 -0.016 -0.009 -0.005 -0.002 -0.001 -0.001 -0.000 -0.000 -0.000 -0.000 -0.000 0.000 0.000 0.000 0.000 0.000 0.000 0.000 0.000 0.000 0.000
-0.001 -0.005 -0.010 -0.015 -0.021 -0.026 -0.032 -0.037 -0.043 -0.048 -0.054 -0.059 -0.065 -0.070 -0.076 -0.081 -0.086 -0.091 -0.093 -0.093 -0.093 -0.093 -0.093 -0.093 -0.093 -0.092 -0.091 -0.091 -0.090 -0.090 -0.089 -0.088 -0.088 -0.087 -0.087 -0.086 -0.086 -0.085 -0.085 -0.085 -0.088 -0.089 -0.085 -0.082 -0.079 -0.076 -0.070 -0.064 -0.060 -0.056 -0.051 -0.046 -0.040 -0.031 -0.021 -0.011 -0.006 -0.003 -0.001 -0.001 -0.000 -0.000 -0.000 -0.000 -0.000 0.000 0.000 0.000 0.000 0.000 0.000 0.000 0.000 0.000 0.000
-0.001 -0.005 -0.010 -0.015 -0.021 -0.026 -0.032 -0.037 -0.042 -0.048 -0.053 -0.058 -0.064 -0.069 -0.074 -0.079 -0.084 -0.088 -0.090 -0.090 -0.090 -0.090 -0.089 -0.088 -0.087 -0.086 -0.085 -0.084 -0.084 -0.083 -0.082 -0.082 -0.081 -0.081 -0.081 -0.080 -0.080 -0.080 -0.080 -0.080 -0.083 -0.084 -0.079 -0.077 -0.078 -0.078 -0.074 -0.070 -0.068 -0.065 -0.060 -0.054 -0.044 -0.033 -0.021 -0.012 -0.006 -0.003 -0.001 -0.001 -0.000 -0.000 -0.000 -0.000 -0.000 0.000 0.000 0.000 0.000 0.000 0.000 0.000 0.000 0.000 0.000
-0.001 -0.005 -0.010 -0.015 -0.020 -0.025 -0.031 -0.036 -0.041 -0.046 -0.051 -0.055 -0.060 -0.065 -0.070 -0.075 -0.079 -0.082 -0.084 -0.083 -0.082 -0.081 -0.080 -0.079 -0.078 -0.077 -0.076 -0.075 -0.075 -0.074 -0.074 -0.073 -0.073 -0.073 -0.073 -0.073 -0.073 -0.073 -0.073 -0.073 -0.076 -0.078 -0.075 -0.073 -0.075 -0.079 -0.076 -0.070 -0.066 -0.062 -0.057 -0.050 -0.040 -0.028 -0.018 -0.011 -0.006 -0.003 -0.001 -0.001 -0.000 -0.000 -0.000 -0.000 -0.000 0.000 0.000 0.000 0.000 0.000 0.000 0.000 0.000 0.000 0.000
-0.001 -0.005 -0.009 -0.014 -0.018 -0.023 -0.027 -0.032 -0.036 -0.040 -0.044 -0.048 -0.052 -0.056 -0.060 -0.064 -0.067 -0.070 -0.071 -0.070 -0.068 -0.067 -0.066 -0.065 -0.064 -0.064 -0.063 -0.063 -0.063 -0.063 -0.063 -0.063 -0.063 -0.063 -0.063 -0.063 -0.064 -0.064 -0.064 -0.064 -0.067 -0.070 -0.069 -0.066 -0.067 -0.070 -0.068 -0.062 -0.055 -0.050 -0.044 -0.036 -0.028 -0.020 -0.014 -0.009 -0.005 -0.003 -0.001 -0.001 -0.000 -0.000 -0.000 -0.000 0.000 0.000 0.000 0.000 0.000 0.000 0.000 0.000 0.000 0.000 0.000
-0.001 -0.003 -0.006 -0.009 -0.012 -0.015 -0.018 -0.020 -0.023 -0.026 -0.029 -0.032 -0.034 -0.037 -0.040 -0.043 -0.046 -0.048 -0.048 -0.048 -0.048 -0.048 -0.048 -0.049 -0.049 -0.049 -0.049 -0.050 -0.050 -0.050 -0.051 -0.051 -0.051 -0.052 -0.052 -0.053 -0.053 -0.054 -0.054 -0.054 -0.057 -0.061 -0.060 -0.056 -0.054 -0.054 -0.051 -0.046 -0.040 -0.038 -0.034 -0.028 -0.022 -0.016 -0.011 -0.007 -0.004 -0.002 -0.001 -0.001 -0.000 -0.000 -0.000 -0.000 0.000 0.000 0.000 0.000 0.000 0.000 0.000 0.000 0.000 0.000 0.000
-0.000 -0.001 -0.002 -0.003 -0.004 -0.005 -0.007 -0.008 -0.010 -0.011 -0.013 -0.015 -0.017 -0.018 -0.020 -0.022 -0.024 -0.026 -0.027 -0.028 -0.029 -0.030 -0.031 -0.033 -0.034 -0.035 -0.035 -0.036 -0.037 -0.038 -0.038 -0.039 -0.040 -0.040 -0.041 -0.042 -0.042 -0.043 -0.043 -0.044 -0.046 -0.050 -0.049 -0.047 -0.047 -0.045 -0.039 -0.034 -0.032 -0.031 -0.030 -0.024 -0.018 -0.013 -0.009 -0.006 -0.003 -0.002 -0.001 -0.000 -0.000 -0.000 -0.000 0.000 0.000 0.000 0.000 0.000 0.000 0.000 0.000 0.000 0.000 0.000 0.000
-0.000 -0.000 -0.000 -0.001 -0.001 -0.002 -0.002 -0.003 -0.004 -0.005 -0.006 -0.007 -0.008 -0.009 -0.010 -0.011 -0.012 -0.013 -0.015 -0.016 -0.017 -0.018 -0.019 -0.020 -0.021 -0.022 -0.023 -0.024 -0.025 -0.026 -0.027 -0.028 -0.029 -0.029 -0.030 -0.031 -0.032 -0.032 -0.033 -0.034 -0.035 -0.040 -0.040 -0.038 -0.040 -0.041 -0.036 -0.030 -0.028 -0.025 -0.024 -0.019 -0.014 -0.009 -0.006 -0.004 -0.002 -0.001 -0.000 -0.000 -0.000 -0.000 -0.000 0.000 0.000 0.000 0.000 0.000 0.000 0.000 0.000 0.000 0.000 0.000 0.000
-0.000 -0.000 -0.000 -0.000 -0.000 -0.001 -0.001 -0.001 -0.002 -0.002 -0.003 -0.003 -0.004 -0.004 -0.005 -0.006 -0.006 -0.007 -0.008 -0.009 -0.009 -0.010 -0.011 -0.012 -0.012 -0.013 -0.014 -0.015 -0.016 -0.017 -0.018 -0.018 -0.019 -0.020 -0.021 -0.022 -0.022 -0.023 -0.024 -0.025 -0.026 -0.030 -0.031 -0.028 -0.029 -0.029 -0.028 -0.025 -0.021 -0.017 -0.015 -0.012 -0.009 -0.006 -0.004 -0.002 -0.001 -0.001 -0.000 -0.000 -0.000 -0.000 0.000 0.000 0.000 0.000 0.000 0.000 0.000 0.000 0.000 0.000 0.000 0.000 0.000
-0.000 -0.000 -0.000 -0.000 -0.000 -0.000 -0.000 -0.001 -0.001 -0.001 -0.001 -0.002 -0.002 -0.002 -0.003 -0.003 -0.003 -0.004 -0.004 -0.005 -0.005 -0.006 -0.006 -0.007 -0.007 -0.008 -0.008 -0.009 -0.009 -0.010 -0.011 -0.011 -0.012 -0.013 -0.013 -0.014 -0.015 -0.016 -0.016 -0.017 -0.018 -0.021 -0.023 -0.020 -0.019 -0.019 -0.018 -0.016 -0.015 -0.013 -0.011 -0.008 -0.006 -0.004 -0.003 -0.002 -0.001 -0.000 -0.000 -0.000 -0.000 -0.000 0.000 0.000 0.000 0.000 0.000 0.000 0.000 0.000 0.000 0.000 0.000 0.000 0.000
0.000 -0.000 -0.000 -0.000 -0.000 -0.000 -0.000 -0.000 -0.000 -0.000 -0.001 -0.001 -0.001 -0.001 -0.001 -0.001 -0.002 -0.002 -0.002 -0.002 -0.003 -0.003 -0.003 -0.004 -0.004 -0.004 -0.005 -0.005 -0.005 -0.006 -0.006 -0.007 -0.007 -0.008 -0.008 -0.009 -0.009 -0.010 -0.010 -0.011 -0.011 -0.013 -0.016 -0.015 -0.013 -0.013 -0.012 -0.011 -0.010 -0.009 -0.008 -0.005 -0.004 -0.003 -0.002 -0.001 -0.000 -0.000 -0.000 -0.000 -0.000 0.000 0.000 0.000 0.000 0.000 0.000 0.000 0.000 0.000 0.000 0.000 0.000 0.000 0.000
0.000 0.000 0.000 -0.000 -0.000 -0.000 -0.000 -0.000 -0.000 -0.000 -0.000 -0.000 -0.000 -0.000 -0.001 -0.001 -0.001 -0.001 -0.001 -0.001 -0.001 -0.002 -0.002 -0.002 -0.002 -0.002 -0.002 -0.003 -0.003 -0.003 -0.003 -0.004 -0.004 -0.004 -0.005 -0.005 -0.005 -0.006 -0.006 -0.007 -0.007 -0.008 -0.011 -0.012 -0.009 -0.008 -0.007 -0.007 -0.006 -0.006 -0.005 -0.003 -0.002 -0.002 -0.001 -0.001 -0.000 -0.000 -0.000 -0.000 -0.000 0.000 0.000 0.000 0.000 0.000 0.000 0.000 0.000 0.000 0.000 0.000 0.000 0.000 0.000
0.000 0.000 0.000 0.000 -0.000 -0.000 -0.000 -0.000 -0.000 -0.000 -0.000 -0.000 -0.000 -0.000 -0.000 -0.000 -0.000 -0.000 -0.000 -0.001 -0.001 -0.001 -0.001 -0.001 -0.001 -0.001 -0.001 -0.001 -0.001 -0.002 -0.002 -0.002 -0.002 -0.002 -0.002 -0.003 -0.003 -0.003 -0.003 -0.004 -0.004 -0.004 -0.007 -0.008 -0.005 -0.004 -0.004 -0.004 -0.004 -0.003 -0.003 -0.002 -0.001 -0.001 -0.001 -0.000 -0.000 -0.000 -0.000 -0.000 0.000 0.000 0.000 0.000 0.000 0.000 0.000 0.000 0.000 0.000 0.000 0.000 0.000 0.000 0.000
0.000 0.000 0.000 0.000 0.000 0.000 0.000 -0.000 -0.000 -0.000 -0.000 -0.000 -0.000 -0.000 -0.000 -0.000 -0.000 -0.000 -0.000 -0.000 -0.000 -0.000 -0.000 -0.000 -0.000 -0.001 -0.001 -0.001 -0.001 -0.001 -0.001 -0.001 -0.001 -0.001 -0.001 -0.001 -0.001 -0.002 -0.002 -0.002 -0.002 -0.002 -0.004 -0.005 -0.002 -0.002 -0.002 -0.002 -0.002 -0.002 -0.002 -0.001 -0.001 -0.000 -0.000 -0.000 -0.000 -0.000 -0.000 0.000 0.000 0.000 0.000 0.000 0.000 0.000 0.000 0.000 0.000 0.000 0.000 0.000 0.000 0.000 0.000
0.000 0.000 0.000 0.000 0.000 0.000 0.000 0.000 0.000 -0.000 -0.000 -0.000 -0.000 -0.000 -0.000 -0.000 -0.000 -0.000 -0.000 -0.000 -0.000 -0.000 -0.000 -0.000 -0.000 -0.000 -0.000 -0.000 -0.000 -0.000 -0.000 -0.000 -0.000 -0.001 -0.001 -0.001 -0.001 -0.001 -0.001 -0.001 -0.001 -0.001 -0.002 -0.003 -0.001 -0.001 -0.001 -0.002 -0.001 -0.001 -0.001 -0.001 -0.000 -0.000 -0.000 -0.000 -0.000 -0.000 0.000 0.000 0.000 0.000 0.000 0.000 0.000 0.000 0.000 0.000 0.000 0.000 0.000 0.000 0.000 0.000 0.000
0.000 0.000 0.000 0.000 0.000 0.000 0.000 0.000 0.000 0.000 0.000 0.000 0.000 0.000 -0.000 -0.000 -0.000 -0.000 -0.000 -0.000 -0.000 -0.000 -0.000 -0.000 -0.000 -0.000 -0.000 -0.000 -0.000 -0.000 -0.000 -0.000 -0.000 -0.000 -0.000 -0.000 -0.000 -0.000 -0.000 -0.000 -0.000 -0.000 -0.001 -0.002 -0.001 -0.000 -0.001 -0.001 -0.001 -0.001 -0.000 -0.000 -0.000 -0.000 -0.000 -0.000 -0.000 0.000 0.000 0.000 0.000 0.000 0.000 0.000 0.000 0.000 0.000 0.000 0.000 0.000 0.000 0.000 0.000 0.000 0.000
0.000 0.000 0.000 0.000 0.000 0.000 0.000 0.000 0.000 0.000 0.000 0.000 0.000 0.000 0.000 0.000 0.000 0.000 0.000 0.000 0.000 -0.000 -0.000 -0.000 -0.000 -0.000 -0.000 -0.000 -0.000 -0.000 -0.000 -0.000 -0.000 -0.000 -0.000 -0.000 -0.000 -0.000 -0.000 -0.000 -0.000 -0.000 -0.000 -0.001 -0.000 -0.000 -0.000 -0.000 -0.000 -0.000 -0.000 -0.000 -0.000 -0.000 -0.000 -0.000 0.000 0.000 0.000 0.000 0.000 0.000 0.000 0.000 0.000 0.000 0.000 0.000 0.000 0.000 0.000 0.000 0.000 0.000 0.000
0.000 0.000 0.000 0.000 0.000 0.000 0.000 0.000 0.000 0.000 0.000 0.000 0.000 0.000 0.000 0.000 0.000 0.000 0.000 0.000 0.000 0.000 0.000 0.000 0.000 0.000 0.000 0.000 0.000 0.000 0.000 0.000 -0.000 -0.000 -0.000 -0.000 -0.000 -0.000 -0.000 -0.000 -0.000 -0.000 -0.000 -0.000 -0.000 -0.000 -0.000 -0.000 -0.000 -0.000 -0.000 -0.000 -0.000 -0.000 -0.000 0.000 0.000 0.000 0.000 0.000 0.000 0.000 0.000 0.000 0.000 0.000 0.000 0.000 0.000 0.000 0.000 0.000 0.000 0.000 0.000
