AvaFrame/avaframe/data/avaParabola/Avaflow_Input_Output/alr_results/alr_ascii/alr_hflow10012.asc
ncols 250
nrows 100
xllcenter 997.50
yllcenter -4997.50
cellsize 20.00
NODATA_value -9999.000
[rows 34 to 67 of 100, columns 77 to 153 of 250]
0.000 0.001 0.001 0.001 0.000 0.000 0.000 0.000 0.000 0.000 0.000 0.000 0.000 0.000 0.000 0.001 0.001 0.001 0.001 0.002 0.002 0.002 0.003 0.003 0.003 0.003 0.003 0.004 0.004 0.004 0.004 0.005 0.005 0.005 0.005 0.005 0.006 0.006 0.006 0.006 0.007 0.008 0.014 0.016 0.016 0.014 0.013 0.012 0.011 0.009 0.006 0.004 0.002 0.001 0.000 0.000 0.000 0.000 0.000 0.000 0.000 0.000 0.000 0.000 0.000 0.000 0.000 0.000 0.000 0.000 0.000 0.000 0.000 0.000 0.000 0.000 0.000
0.001 0.001 0.000 0.000 0.000 0.000 0.000 0.000 0.000 0.000 0.000 0.000 0.000 0.000 0.001 0.001 0.001 0.002 0.002 0.002 0.003 0.003 0.003 0.004 0.004 0.004 0.005 0.005 0.006 0.006 0.006 0.007 0.007 0.007 0.008 0.008 0.008 0.009 0.009 0.010 0.011 0.013 0.024 0.033 0.032 0.030 0.028 0.026 0.024 0.020 0.015 0.009 0.005 0.002 0.001 0.000 0.000 0.000 0.000 0.000 0.000 0.000 0.000 0.000 0.000 0.000 0.000 0.000 0.000 0.000 0.000 0.000 0.000 0.000 0.000 0.000 0.000
0.000 0.000 0.000 0.000 0.000 0.000 0.000 0.000 0.000 0.000 0.000 0.000 0.000 0.001 0.001 0.001 0.002 0.002 0.003 0.003 0.004 0.004 0.004 0.005 0.005 0.006 0.006 0.007 0.007 0.008 0.009 0.009 0.010 0.010 0.011 0.011 0.012 0.013 0.014 0.015 0.016 0.019 0.041 0.062 0.061 0.059 0.056 0.053 0.049 0.042 0.032 0.020 0.011 0.006 0.003 0.001 0.000 0.000 0.000 0.000 0.000 0.000 0.000 0.000 0.000 0.000 0.000 0.000 0.000 0.000 0.000 0.000 0.000 0.000 0.000 0.000 0.000
0.000 0.000 0.000 0.000 0.000 0.000 0.000 0.000 0.000 0.000 0.000 0.000 0.001 0.001 0.001 0.002 0.003 0.003 0.004 0.004 0.005 0.005 0.006 0.006 0.007 0.008 0.008 0.009 0.010 0.011 0.011 0.012 0.013 0.014 0.015 0.016 0.017 0.018 0.019 0.021 0.022 0.027 0.064 0.107 0.109 0.107 0.105 0.101 0.094 0.082 0.064 0.041 0.024 0.012 0.006 0.003 0.001 0.000 0.000 0.000 0.000 0.000 0.000 0.000 0.000 0.000 0.000 0.000 0.000 0.000 0.000 0.000 0.000 0.000 0.000 0.000 0.000
0.000 0.000 0.000 0.000 0.000 0.000 0.000 0.000 0.000 0.000 0.000 0.001 0.001 0.001 0.002 0.003 0.003 0.004 0.005 0.005 0.006 0.006 0.007 0.008 0.009 0.009 0.010 0.011 0.012 0.013 0.015 0.016 0.017 0.018 0.019 0.021 0.022 0.024 0.025 0.027 0.030 0.037 0.100 0.171 0.180 0.183 0.182 0.178 0.169 0.151 0.121 0.080 0.047 0.025 0.012 0.006 0.002 0.001 0.000 0.000 0.000 0.000 0.000 0.000 0.000 0.000 0.000 0.000 0.000 0.000 0.000 0.000 0.000 0.000 0.000 0.000 0.000
0.000 0.000 0.000 0.000 0.000 0.000 0.000 0.000 0.000 0.000 0.001 0.001 0.001 0.002 0.003 0.004 0.004 0.005 0.006 0.006 0.007 0.008 0.009 0.010 0.011 0.012 0.013 0.014 0.015 0.017 0.018 0.020 0.021 0.023 0.024 0.026 0.028 0.030 0.032 0.034 0.036 0.050 0.150 0.247 0.276 0.290 0.296 0.294 0.285 0.261 0.215 0.148 0.087 0.047 0.024 0.011 0.005 0.002 0.001 0.000 0.000 0.000 0.000 0.000 0.000 0.000 0.000 0.000 0.000 0.000 0.000 0.000 0.000 0.000 0.000 0.000 0.000
0.000 0.000 0.000 0.000 0.000 0.000 0.000 0.000 0.000 0.001 0.001 0.001 0.002 0.003 0.004 0.005 0.005 0.006 0.007 0.007 0.008 0.009 0.010 0.011 0.013 0.014 0.015 0.017 0.018 0.020 0.021 0.023 0.025 0.027 0.028 0.030 0.032 0.035 0.037 0.039 0.042 0.069 0.213 0.333 0.395 0.433 0.452 0.455 0.448 0.420 0.358 0.255 0.152 0.084 0.043 0.021 0.009 0.004 0.001 0.000 0.000 0.000 0.000 0.000 0.000 0.000 0.000 0.000 0.000 0.000 0.000 0.000 0.000 0.000 0.000 0.000 0.000
0.000 0.000 0.000 0.000 0.000 0.000 0.000 0.000 0.000 0.001 0.001 0.002 0.003 0.004 0.005 0.005 0.006 0.007 0.008 0.008 0.009 0.011 0.012 0.013 0.014 0.016 0.017 0.019 0.020 0.022 0.024 0.026 0.028 0.030 0.032 0.034 0.036 0.039 0.041 0.044 0.046 0.096 0.281 0.425 0.532 0.607 0.645 0.668 0.664 0.635 0.556 0.412 0.251 0.141 0.073 0.035 0.016 0.006 0.002 0.001 0.000 0.000 0.000 0.000 0.000 0.000 0.000 0.000 0.000 0.000 0.000 0.000 0.000 0.000 0.000 0.000 0.000
0.000 0.000 0.000 0.000 0.000 0.000 0.000 0.000 0.001 0.001 0.001 0.003 0.004 0.004 0.005 0.006 0.007 0.007 0.008 0.009 0.010 0.012 0.013 0.014 0.016 0.017 0.019 0.020 0.022 0.024 0.026 0.028 0.030 0.032 0.034 0.037 0.039 0.042 0.044 0.047 0.050 0.133 0.349 0.516 0.667 0.794 0.868 0.911 0.906 0.875 0.783 0.609 0.384 0.219 0.116 0.057 0.026 0.011 0.004 0.001 0.000 0.000 0.000 0.000 0.000 0.000 0.000 0.000 0.000 0.000 0.000 0.000 0.000 0.000 0.000 0.000 0.000
0.000 0.000 0.000 0.000 0.000 0.000 0.000 0.000 0.001 0.001 0.002 0.003 0.004 0.005 0.006 0.006 0.007 0.008 0.009 0.010 0.011 0.012 0.014 0.015 0.017 0.018 0.020 0.022 0.023 0.025 0.027 0.029 0.032 0.034 0.036 0.039 0.041 0.044 0.047 0.049 0.058 0.186 0.417 0.620 0.814 0.973 1.065 1.105 1.102 1.067 0.967 0.774 0.501 0.288 0.154 0.076 0.035 0.015 0.006 0.002 0.000 0.000 0.000 0.000 0.000 0.000 0.000 0.000 0.000 0.000 0.000 0.000 0.000 0.000 0.000 0.000 0.000
0.000 0.000 0.000 0.000 0.000 0.000 0.000 0.001 0.001 0.001 0.002 0.003 0.004 0.005 0.006 0.007 0.007 0.008 0.009 0.010 0.012 0.013 0.014 0.016 0.017 0.019 0.021 0.022 0.024 0.026 0.028 0.031 0.033 0.035 0.038 0.040 0.043 0.045 0.048 0.051 0.076 0.258 0.501 0.735 0.958 1.126 1.215 1.242 1.244 1.212 1.105 0.890 0.580 0.333 0.178 0.088 0.040 0.017 0.007 0.002 0.001 0.000 0.000 0.000 0.000 0.000 0.000 0.000 0.000 0.000 0.000 0.000 0.000 0.000 0.000 0.000 0.000
0.000 0.000 0.000 0.000 0.000 0.000 0.000 0.001 0.001 0.001 0.003 0.004 0.005 0.005 0.006 0.007 0.008 0.009 0.010 0.011 0.012 0.013 0.015 0.016 0.018 0.020 0.021 0.023 0.025 0.027 0.029 0.031 0.034 0.036 0.039 0.041 0.044 0.047 0.050 0.051 0.105 0.337 0.589 0.841 1.073 1.239 1.332 1.366 1.365 1.325 1.202 0.963 0.623 0.357 0.191 0.094 0.043 0.018 0.007 0.002 0.001 0.000 0.000 0.000 0.000 0.000 0.000 0.000 0.000 0.000 0.000 0.000 0.000 0.000 0.000 0.000 0.000
0.000 0.000 0.000 0.000 0.000 0.000 0.000 0.001 0.001 0.002 0.003 0.004 0.005 0.005 0.006 0.007 0.008 0.009 0.010 0.011 0.012 0.014 0.015 0.017 0.018 0.020 0.022 0.023 0.025 0.027 0.030 0.032 0.034 0.037 0.039 0.042 0.044 0.047 0.050 0.052 0.140 0.409 0.661 0.923 1.162 1.335 1.428 1.458 1.453 1.401 1.261 1.000 0.640 0.367 0.195 0.097 0.044 0.019 0.007 0.002 0.001 0.000 0.000 0.000 0.000 0.000 0.000 0.000 0.000 0.000 0.000 0.000 0.000 0.000 0.000 0.000 0.000
0.000 0.000 0.000 0.000 0.000 0.000 0.000 0.001 0.001 0.002 0.003 0.004 0.005 0.005 0.006 0.007 0.008 0.009 0.010 0.011 0.012 0.014 0.015 0.017 0.018 0.020 0.022 0.024 0.026 0.028 0.030 0.032 0.035 0.037 0.040 0.042 0.045 0.048 0.051 0.055 0.173 0.465 0.720 0.991 1.233 1.402 1.488 1.512 1.504 1.444 1.290 1.012 0.643 0.369 0.196 0.097 0.044 0.019 0.007 0.002 0.001 0.000 0.000 0.000 0.000 0.000 0.000 0.000 0.000 0.000 0.000 0.000 0.000 0.000 0.000 0.000 0.000
0.000 0.000 0.000 0.000 0.000 0.000 0.000 0.001 0.001 0.002 0.003 0.004 0.005 0.006 0.006 0.007 0.008 0.009 0.010 0.011 0.012 0.014 0.015 0.017 0.019 0.020 0.022 0.024 0.026 0.028 0.030 0.032 0.035 0.037 0.040 0.042 0.045 0.048 0.051 0.057 0.199 0.501 0.759 1.034 1.274 1.437 1.517 1.538 1.527 1.460 1.298 1.011 0.641 0.367 0.195 0.096 0.044 0.018 0.007 0.002 0.001 0.000 0.000 0.000 0.000 0.000 0.000 0.000 0.000 0.000 0.000 0.000 0.000 0.000 0.000 0.000 0.000
0.000 0.000 0.000 0.000 0.000 0.000 0.000 0.001 0.001 0.002 0.003 0.004 0.005 0.006 0.006 0.007 0.008 0.009 0.010 0.011 0.013 0.014 0.015 0.017 0.019 0.020 0.022 0.024 0.026 0.028 0.030 0.032 0.035 0.037 0.040 0.043 0.045 0.048 0.051 0.058 0.215 0.521 0.779 1.055 1.292 1.450 1.526 1.545 1.532 1.462 1.295 0.999 0.628 0.357 0.189 0.092 0.042 0.017 0.007 0.002 0.001 0.000 0.000 0.000 0.000 0.000 0.000 0.000 0.000 0.000 0.000 0.000 0.000 0.000 0.000 0.000 0.000
0.000 0.000 0.000 0.000 0.000 0.000 0.000 0.001 0.001 0.002 0.003 0.004 0.005 0.006 0.006 0.007 0.008 0.009 0.010 0.011 0.013 0.014 0.015 0.017 0.019 0.020 0.022 0.024 0.026 0.028 0.030 0.033 0.035 0.037 0.040 0.043 0.045 0.048 0.051 0.059 0.221 0.529 0.786 1.061 1.295 1.451 1.525 1.542 1.529 1.454 1.277 0.969 0.600 0.338 0.176 0.085 0.038 0.016 0.006 0.002 0.000 0.000 0.000 0.000 0.000 0.000 0.000 0.000 0.000 0.000 0.000 0.000 0.000 0.000 0.000 0.000 0.000
0.000 0.000 0.000 0.000 0.000 0.000 0.000 0.001 0.001 0.002 0.003 0.004 0.005 0.006 0.006 0.007 0.008 0.009 0.010 0.011 0.013 0.014 0.015 0.017 0.019 0.020 0.022 0.024 0.026 0.028 0.030 0.033 0.035 0.037 0.040 0.043 0.045 0.048 0.051 0.059 0.222 0.530 0.787 1.061 1.291 1.442 1.512 1.527 1.511 1.429 1.238 0.914 0.554 0.307 0.157 0.074 0.032 0.013 0.005 0.001 0.000 0.000 0.000 0.000 0.000 0.000 0.000 0.000 0.000 0.000 0.000 0.000 0.000 0.000 0.000 0.000 0.000
0.000 0.000 0.000 0.000 0.000 0.000 0.000 0.001 0.001 0.002 0.003 0.004 0.005 0.006 0.006 0.007 0.008 0.009 0.010 0.011 0.013 0.014 0.015 0.017 0.019 0.020 0.022 0.024 0.026 0.028 0.030 0.032 0.035 0.037 0.040 0.043 0.045 0.048 0.051 0.059 0.219 0.526 0.784 1.053 1.274 1.416 1.480 1.491 1.468 1.375 1.169 0.831 0.490 0.265 0.132 0.060 0.025 0.010 0.003 0.001 0.000 0.000 0.000 0.000 0.000 0.000 0.000 0.000 0.000 0.000 0.000 0.000 0.000 0.000 0.000 0.000 0.000
0.000 0.000 0.000 0.000 0.000 0.000 0.000 0.001 0.001 0.002 0.003 0.004 0.005 0.006 0.006 0.007 0.008 0.009 0.010 0.011 0.013 0.014 0.015 0.017 0.019 0.020 0.022 0.024 0.026 0.028 0.030 0.032 0.035 0.037 0.040 0.042 0.045 0.048 0.051 0.058 0.207 0.511 0.771 1.030 1.238 1.366 1.418 1.424 1.393 1.287 1.066 0.723 0.412 0.216 0.103 0.046 0.018 0.007 0.002 0.001 0.000 0.000 0.000 0.000 0.000 0.000 0.000 0.000 0.000 0.000 0.000 0.000 0.000 0.000 0.000 0.000 0.000
0.000 0.000 0.000 0.000 0.000 0.000 0.000 0.001 0.001 0.002 0.003 0.004 0.005 0.005 0.006 0.007 0.008 0.009 0.010 0.011 0.012 0.014 0.015 0.017 0.018 0.020 0.022 0.024 0.026 0.028 0.030 0.032 0.035 0.037 0.040 0.042 0.045 0.048 0.051 0.055 0.183 0.480 0.742 0.988 1.177 1.286 1.324 1.323 1.282 1.162 0.929 0.593 0.326 0.165 0.077 0.033 0.013 0.005 0.001 0.000 0.000 0.000 0.000 0.000 0.000 0.000 0.000 0.000 0.000 0.000 0.000 0.000 0.000 0.000 0.000 0.000 0.000
0.000 0.000 0.000 0.000 0.000 0.000 0.000 0.001 0.001 0.001 0.003 0.004 0.005 0.005 0.006 0.007 0.008 0.009 0.010 0.011 0.012 0.014 0.015 0.017 0.018 0.020 0.022 0.024 0.026 0.028 0.030 0.032 0.034 0.037 0.039 0.042 0.045 0.048 0.051 0.052 0.148 0.431 0.693 0.921 1.085 1.173 1.200 1.195 1.147 1.014 0.774 0.464 0.245 0.119 0.054 0.022 0.008 0.003 0.001 0.000 0.000 0.000 0.000 0.000 0.000 0.000 0.000 0.000 0.000 0.000 0.000 0.000 0.000 0.000 0.000 0.000 0.000
0.000 0.000 0.000 0.000 0.000 0.000 0.000 0.001 0.001 0.001 0.002 0.004 0.004 0.005 0.006 0.007 0.008 0.009 0.010 0.011 0.012 0.013 0.015 0.016 0.018 0.020 0.021 0.023 0.025 0.027 0.029 0.032 0.034 0.036 0.039 0.041 0.044 0.047 0.050 0.051 0.113 0.360 0.627 0.839 0.982 1.058 1.079 1.067 0.999 0.857 0.625 0.353 0.176 0.082 0.035 0.014 0.005 0.002 0.000 0.000 0.000 0.000 0.000 0.000 0.000 0.000 0.000 0.000 0.000 0.000 0.000 0.000 0.000 0.000 0.000 0.000 0.000
0.000 0.000 0.000 0.000 0.000 0.000 0.000 0.001 0.001 0.001 0.002 0.003 0.004 0.005 0.006 0.006 0.007 0.008 0.009 0.010 0.012 0.013 0.014 0.016 0.017 0.019 0.021 0.023 0.025 0.027 0.029 0.031 0.033 0.036 0.038 0.041 0.043 0.046 0.049 0.051 0.083 0.283 0.552 0.747 0.865 0.926 0.939 0.913 0.818 0.668 0.463 0.244 0.116 0.052 0.022 0.008 0.003 0.001 0.000 0.000 0.000 0.000 0.000 0.000 0.000 0.000 0.000 0.000 0.000 0.000 0.000 0.000 0.000 0.000 0.000 0.000 0.000
0.000 0.000 0.000 0.000 0.000 0.000 0.000 0.000 0.001 0.001 0.001 0.003 0.004 0.004 0.005 0.006 0.007 0.008 0.009 0.010 0.011 0.012 0.014 0.015 0.017 0.018 0.020 0.022 0.024 0.026 0.028 0.030 0.032 0.034 0.037 0.039 0.042 0.045 0.048 0.051 0.063 0.213 0.471 0.628 0.720 0.767 0.772 0.730 0.614 0.458 0.290 0.149 0.070 0.030 0.012 0.005 0.002 0.000 0.000 0.000 0.000 0.000 0.000 0.000 0.000 0.000 0.000 0.000 0.000 0.000 0.000 0.000 0.000 0.000 0.000 0.000 0.000
0.000 0.000 0.000 0.000 0.000 0.000 0.000 0.000 0.001 0.001 0.001 0.002 0.003 0.004 0.005 0.006 0.006 0.007 0.008 0.009 0.011 0.012 0.013 0.014 0.016 0.017 0.019 0.021 0.023 0.024 0.026 0.028 0.031 0.033 0.035 0.038 0.040 0.043 0.046 0.049 0.051 0.149 0.380 0.506 0.573 0.594 0.567 0.569 0.428 0.293 0.163 0.083 0.038 0.016 0.007 0.002 0.001 0.000 0.000 0.000 0.000 0.000 0.000 0.000 0.000 0.000 0.000 0.000 0.000 0.000 0.000 0.000 0.000 0.000 0.000 0.000 0.000
0.000 0.000 0.000 0.000 0.000 0.000 0.000 0.000 0.001 0.001 0.001 0.001 0.002 0.003 0.004 0.005 0.006 0.007 0.007 0.008 0.010 0.011 0.012 0.013 0.015 0.016 0.018 0.019 0.021 0.023 0.025 0.026 0.029 0.031 0.033 0.035 0.038 0.040 0.043 0.045 0.046 0.095 0.282 0.396 0.431 0.434 0.391 0.388 0.269 0.169 0.088 0.043 0.020 0.008 0.003 0.001 0.000 0.000 0.000 0.000 0.000 0.000 0.000 0.000 0.000 0.000 0.000 0.000 0.000 0.000 0.000 0.000 0.000 0.000 0.000 0.000 0.000
0.000 0.000 0.000 0.000 0.000 0.000 0.000 0.000 0.000 0.001 0.001 0.001 0.001 0.002 0.003 0.004 0.005 0.006 0.006 0.007 0.008 0.009 0.011 0.012 0.013 0.014 0.016 0.017 0.019 0.020 0.022 0.024 0.026 0.027 0.029 0.032 0.034 0.036 0.038 0.040 0.041 0.062 0.193 0.288 0.297 0.295 0.273 0.225 0.155 0.087 0.045 0.021 0.009 0.004 0.001 0.000 0.000 0.000 0.000 0.000 0.000 0.000 0.000 0.000 0.000 0.000 0.000 0.000 0.000 0.000 0.000 0.000 0.000 0.000 0.000 0.000 0.000
0.000 0.000 0.000 0.000 0.000 0.000 0.000 0.000 0.000 0.000 0.001 0.001 0.001 0.001 0.002 0.003 0.004 0.004 0.005 0.006 0.007 0.008 0.009 0.010 0.011 0.012 0.013 0.014 0.016 0.017 0.019 0.020 0.022 0.023 0.025 0.026 0.028 0.029 0.031 0.033 0.035 0.044 0.121 0.190 0.190 0.186 0.165 0.125 0.078 0.042 0.021 0.010 0.004 0.002 0.000 0.000 0.000 0.000 0.000 0.000 0.000 0.000 0.000 0.000 0.000 0.000 0.000 0.000 0.000 0.000 0.000 0.000 0.000 0.000 0.000 0.000 0.000
0.000 0.000 0.000 0.000 0.000 0.000 0.000 0.000 0.000 0.000 0.000 0.001 0.001 0.001 0.001 0.002 0.002 0.003 0.004 0.004 0.005 0.006 0.006 0.007 0.008 0.009 0.010 0.011 0.012 0.013 0.014 0.015 0.016 0.017 0.018 0.019 0.020 0.021 0.023 0.026 0.028 0.032 0.071 0.113 0.110 0.104 0.090 0.062 0.036 0.019 0.009 0.004 0.002 0.001 0.000 0.000 0.000 0.000 0.000 0.000 0.000 0.000 0.000 0.000 0.000 0.000 0.000 0.000 0.000 0.000 0.000 0.000 0.000 0.000 0.000 0.000 0.000
0.000 0.000 0.000 0.000 0.000 0.000 0.000 0.000 0.000 0.000 0.000 0.001 0.001 0.001 0.001 0.001 0.001 0.002 0.002 0.003 0.003 0.004 0.004 0.005 0.005 0.006 0.007 0.007 0.008 0.009 0.009 0.010 0.010 0.011 0.012 0.012 0.013 0.014 0.016 0.018 0.019 0.021 0.040 0.059 0.057 0.052 0.044 0.028 0.016 0.008 0.004 0.002 0.001 0.000 0.000 0.000 0.000 0.000 0.000 0.000 0.000 0.000 0.000 0.000 0.000 0.000 0.000 0.000 0.000 0.000 0.000 0.000 0.000 0.000 0.000 0.000 0.000
0.000 0.000 0.000 0.000 0.000 0.000 0.000 0.000 0.000 0.000 0.000 0.000 0.000 0.000 0.001 0.001 0.001 0.001 0.001 0.001 0.002 0.002 0.003 0.003 0.003 0.004 0.004 0.004 0.005 0.005 0.005 0.006 0.006 0.007 0.007 0.007 0.008 0.008 0.009 0.010 0.010 0.012 0.021 0.028 0.026 0.024 0.019 0.011 0.006 0.003 0.001 0.000 0.000 0.000 0.000 0.000 0.000 0.000 0.000 0.000 0.000 0.000 0.000 0.000 0.000 0.000 0.000 0.000 0.000 0.000 0.000 0.000 0.000 0.000 0.000 0.000 0.000
0.000 0.000 0.000 0.000 0.000 0.000 0.000 0.000 0.000 0.000 0.000 0.000 0.000 0.000 0.000 0.000 0.000 0.000 0.001 0.001 0.001 0.001 0.001 0.001 0.002 0.002 0.002 0.002 0.002 0.003 0.003 0.003 0.003 0.003 0.004 0.004 0.004 0.004 0.005 0.005 0.005 0.006 0.010 0.012 0.011 0.010 0.007 0.004 0.002 0.001 0.000 0.000 0.000 0.000 0.000 0.000 0.000 0.000 0.000 0.000 0.000 0.000 0.000 0.000 0.000 0.000 0.000 0.000 0.000 0.000 0.000 0.000 0.000 0.000 0.000 0.000 0.000
0.000 0.000 0.000 0.000 0.000 0.000 0.000 0.000 0.000 0.000 0.000 0.000 0.000 0.000 0.000 0.000 0.000 0.000 0.000 0.000 0.000 0.000 0.000 0.000 0.000 0.000 0.001 0.001 0.001 0.001 0.001 0.001 0.001 0.002 0.002 0.002 0.002 0.002 0.002 0.002 0.002 0.003 0.004 0.004 0.004 0.003 0.002 0.001 0.001 0.000 0.000 0.000 0.000 0.000 0.000 0.000 0.000 0.000 0.000 0.000 0.000 0.000 0.000 0.000 0.000 0.000 0.000 0.000 0.000 0.000 0.000 0.000 0.000 0.000 0.000 0.000 0.000
