AvaFrame/avaframe/data/avaParabola/Avaflow_Input_Output/alr_results/alr_ascii/alr_vhmax.asc
ncols 250
nrows 100
xllcenter 997.50
yllcenter -4997.50
cellsize 20.00
NODATA_value -9999.000
[rows 28 to 55 of 100, columns 63 to 125 of 250]
-9999.000 -9999.000 -9999.000 -9999.000 -9999.000 -9999.000 -9999.000 -9999.000 -9999.000 -9999.000 -9999.000 -9999.000 -9999.000 -9999.000 -9999.000 -9999.000 -9999.000 -9999.000 -9999.000 -9999.000 -9999.000 -9999.000 -9999.000 -9999.000 -9999.000 -9999.000 -9999.000 -9999.000 -9999.000 -9999.000 -nan -nan -nan -nan -nan -nan -nan -nan -nan -nan -nan -nan -nan 0.364 0.517 0.568 0.575 0.594 0.613 0.631 0.676 0.873 0.893 0.876 0.684 0.769 0.903 0.802 0.616 0.566 0.193 0.609 0.605
-9999.000 -9999.000 -9999.000 -9999.000 -9999.000 -9999.000 -9999.000 -9999.000 -9999.000 -9999.000 -9999.000 -9999.000 -9999.000 -9999.000 -9999.000 -9999.000 -9999.000 -9999.000 -9999.000 -9999.000 -9999.000 -9999.000 -9999.000 -9999.000 -nan -nan -nan -nan -nan -nan -nan 0.474 0.469 0.458 0.476 0.470 0.433 0.381 0.395 0.579 0.606 0.621 0.660 0.776 0.828 0.861 0.903 0.900 0.794 0.678 0.654 0.952 0.986 1.093 0.830 0.996 0.622 0.744 0.630 0.682 0.206 0.207 0.618
-9999.000 -9999.000 -9999.000 -9999.000 -9999.000 -9999.000 -9999.000 -9999.000 -9999.000 -9999.000 -9999.000 -9999.000 -9999.000 -9999.000 -9999.000 -9999.000 -9999.000 -9999.000 -9999.000 -9999.000 -nan -nan -nan -nan -nan 0.432 0.563 0.596 0.609 0.617 0.627 0.678 0.737 0.663 0.710 0.747 0.749 0.727 0.645 0.640 0.630 0.716 0.768 0.732 1.011 1.052 1.030 1.033 1.048 1.037 0.724 0.736 0.754 0.794 1.038 0.828 1.751 0.085 0.198 0.287 0.350 0.393 0.411
-9999.000 -9999.000 -9999.000 -9999.000 -9999.000 -9999.000 -9999.000 -9999.000 -9999.000 -9999.000 -9999.000 -9999.000 -9999.000 -9999.000 -9999.000 -9999.000 -9999.000 -nan -nan -nan -nan 0.515 0.537 0.589 0.630 0.659 0.667 0.641 0.675 0.641 0.639 0.736 0.876 0.695 0.700 1.030 1.044 1.052 0.971 0.727 0.729 0.741 0.757 0.992 0.766 0.796 0.826 0.847 0.864 0.882 0.895 0.901 0.903 0.942 1.311 0.638 0.444 0.692 0.277 0.393 0.473 0.540 0.593
-9999.000 -9999.000 -9999.000 -9999.000 -9999.000 -9999.000 -9999.000 -9999.000 -9999.000 -9999.000 -9999.000 -9999.000 -9999.000 -9999.000 -9999.000 -9999.000 -nan -nan 0.685 0.647 0.663 0.805 0.899 0.892 0.872 0.902 0.867 0.862 0.872 0.708 0.720 0.742 0.772 0.793 0.811 0.831 0.851 0.869 0.885 0.900 0.916 0.932 0.943 0.958 0.973 0.985 0.996 1.020 1.047 1.071 1.092 1.109 1.125 1.159 1.587 0.698 0.441 0.625 0.351 0.477 0.559 0.625 0.684
-9999.000 -9999.000 -9999.000 -9999.000 -9999.000 -9999.000 -9999.000 -9999.000 -9999.000 -9999.000 -9999.000 -9999.000 -9999.000 -9999.000 -nan -nan -nan 0.802 0.875 0.899 0.885 0.894 0.870 0.993 1.008 0.939 0.752 0.795 0.829 0.858 0.885 0.912 0.937 0.960 0.982 1.004 1.027 1.060 1.090 1.116 1.141 1.165 1.187 1.209 1.231 1.251 1.270 1.288 1.306 1.325 1.344 1.373 1.406 1.446 1.604 0.666 1.104 0.204 0.433 0.601 0.705 0.664 0.726
-9999.000 -9999.000 -9999.000 -9999.000 -9999.000 -9999.000 -9999.000 -9999.000 -9999.000 -9999.000 -9999.000 -9999.000 -nan -nan -nan 0.701 0.761 0.885 0.880 1.012 0.977 0.968 0.772 0.814 0.854 0.895 0.934 0.971 1.010 1.057 1.103 1.147 1.188 1.228 1.265 1.301 1.335 1.368 1.400 1.431 1.459 1.487 1.514 1.540 1.565 1.590 1.616 1.643 1.671 1.702 1.732 1.763 1.790 1.824 1.496 0.675 0.862 1.114 0.461 0.618 0.706 0.741 0.728
-9999.000 -9999.000 -9999.000 -9999.000 -9999.000 -9999.000 -9999.000 -9999.000 -9999.000 -9999.000 -9999.000 -nan -nan 0.704 0.791 0.888 0.734 0.917 0.972 0.972 0.803 0.871 0.936 0.998 1.057 1.124 1.194 1.258 1.319 1.378 1.435 1.489 1.542 1.592 1.639 1.687 1.731 1.774 1.814 1.852 1.888 1.925 1.959 1.995 2.026 2.061 2.096 2.130 2.164 2.197 2.229 2.262 2.294 2.324 1.358 1.257 1.321 0.845 0.474 0.590 0.670 0.722 0.812
-9999.000 -9999.000 -9999.000 -9999.000 -9999.000 -9999.000 -9999.000 -9999.000 -9999.000 -9999.000 -nan -nan 0.668 0.709 0.744 0.895 0.977 0.761 0.840 0.922 1.010 1.106 1.204 1.305 1.402 1.492 1.577 1.659 1.738 1.816 1.890 1.961 2.030 2.096 2.161 2.224 2.283 2.338 2.391 2.441 2.488 2.533 2.575 2.616 2.655 2.693 2.730 2.764 2.799 2.833 2.865 2.898 2.931 2.962 2.994 2.469 2.072 1.741 0.527 0.831 1.558 0.791 0.798
-9999.000 -9999.000 -9999.000 -9999.000 -9999.000 -9999.000 -9999.000 -9999.000 -9999.000 -nan -nan 0.663 0.687 0.775 0.895 0.735 0.828 0.947 1.081 1.215 1.351 1.497 1.639 1.772 1.896 2.014 2.126 2.234 2.337 2.440 2.540 2.634 2.725 2.811 2.892 2.968 3.041 3.108 3.172 3.233 3.288 3.341 3.390 3.437 3.481 3.524 3.564 3.603 3.640 3.676 3.712 3.747 3.781 3.816 3.846 3.880 2.932 2.830 2.574 1.010 1.647 0.730 0.775
-9999.000 -9999.000 -9999.000 -9999.000 -9999.000 -9999.000 -9999.000 -9999.000 -nan -nan 0.628 0.692 0.813 0.913 0.785 0.920 1.086 1.289 1.497 1.703 1.903 2.103 2.290 2.464 2.627 2.780 2.930 3.074 3.211 3.340 3.464 3.581 3.694 3.799 3.900 3.994 4.083 4.165 4.240 4.310 4.376 4.437 4.494 4.548 4.597 4.644 4.689 4.730 4.773 4.813 4.851 4.890 4.927 4.961 4.995 5.034 5.029 4.729 5.316 5.037 1.845 1.720 2.900
-9999.000 -9999.000 -9999.000 -9999.000 -9999.000 -9999.000 -9999.000 -nan -nan 0.622 0.719 0.795 0.961 0.829 1.020 1.274 1.587 1.919 2.241 2.533 2.805 3.064 3.302 3.524 3.730 3.927 4.114 4.292 4.459 4.619 4.770 4.914 5.049 5.177 5.298 5.410 5.514 5.612 5.700 5.781 5.858 5.927 5.991 6.050 6.104 6.154 6.201 6.248 6.292 6.334 6.373 6.412 6.450 6.486 6.867 7.336 7.493 7.290 6.952 6.487 5.814 4.951 3.880
-9999.000 -9999.000 -9999.000 -9999.000 -9999.000 -9999.000 -nan -nan 0.625 0.712 0.800 1.006 0.860 1.123 1.502 2.069 2.623 3.118 3.549 3.931 4.275 4.591 4.882 5.147 5.392 5.625 5.843 6.046 6.239 6.421 6.595 6.758 6.913 7.058 7.194 7.321 7.437 7.545 7.643 7.735 7.819 7.900 7.972 8.040 8.100 8.161 8.217 8.268 8.316 8.613 9.056 9.532 9.832 9.800 9.649 9.371 9.045 8.620 8.084 7.450 6.702 5.832 4.475
-9999.000 -9999.000 -9999.000 -9999.000 -9999.000 -9999.000 -nan 0.366 0.663 0.757 0.954 0.859 1.181 2.007 3.114 4.045 4.760 5.342 5.854 6.272 6.659 6.989 7.300 7.573 7.833 8.067 8.291 8.492 8.688 8.870 9.043 9.205 9.362 9.507 9.647 9.775 9.897 10.008 10.117 10.223 10.319 10.411 10.495 10.753 11.138 11.561 11.898 12.004 12.064 11.991 11.895 11.769 11.583 11.277 10.911 10.464 9.930 9.390 8.723 7.994 7.185 6.297 5.339
-9999.000 -9999.000 -9999.000 -9999.000 -9999.000 -9999.000 -nan 0.591 0.633 0.855 0.819 1.174 4.470 5.866 7.176 8.033 8.669 9.185 9.619 9.966 10.249 10.507 10.749 10.961 11.164 11.352 11.520 11.686 11.839 11.991 12.132 12.272 12.403 12.523 12.646 12.810 13.165 13.605 13.768 14.321 14.324 14.329 14.383 14.271 14.695 14.563 14.392 14.229 14.007 13.694 13.391 13.078 12.703 12.204 11.659 11.084 10.442 9.789 9.128 8.420 7.673 6.865 5.990
-9999.000 -9999.000 -9999.000 -9999.000 -9999.000 -9999.000 -nan 0.619 0.627 0.733 1.024 2.994 7.077 9.517 11.820 11.844 13.958 14.535 14.721 14.825 14.932 15.018 15.114 15.162 15.222 15.282 15.345 15.411 15.476 15.543 15.606 15.704 16.284 16.054 16.414 16.173 16.804 16.652 16.431 16.321 16.212 16.691 16.387 16.128 15.866 15.577 15.210 14.829 14.535 14.212 13.858 13.392 12.883 12.294 11.679 11.021 10.341 9.817 9.188 8.473 7.738 7.503 6.317
-9999.000 -9999.000 -9999.000 -9999.000 -9999.000 -9999.000 -nan 0.626 0.639 0.793 1.180 4.130 6.910 9.421 11.876 14.244 16.201 16.213 17.748 18.200 18.372 18.469 18.541 18.581 18.581 18.619 18.646 18.679 18.683 18.685 18.729 19.170 19.563 18.418 19.171 18.601 17.853 17.576 17.357 17.849 17.521 17.183 16.791 17.239 16.609 16.000 15.438 15.081 14.842 14.477 13.930 13.331 12.709 12.073 11.424 10.783 10.384 9.773 9.630 8.977 8.292 7.595 6.792
-9999.000 -9999.000 -9999.000 -9999.000 -9999.000 -9999.000 -nan 0.627 0.648 0.817 1.221 4.226 6.851 9.339 11.836 14.198 16.213 17.966 19.095 19.321 19.798 19.985 19.926 20.213 20.257 20.313 20.342 20.396 20.440 20.471 20.484 20.796 20.745 20.788 20.491 18.622 18.900 18.335 18.084 18.540 17.958 17.492 17.286 16.847 16.175 16.106 15.648 15.171 14.661 14.117 13.594 13.039 12.393 11.748 11.828 11.286 10.739 10.170 9.602 8.993 8.338 7.639 6.868
-9999.000 -9999.000 -9999.000 -9999.000 -9999.000 -9999.000 -nan 0.626 0.652 0.826 1.228 4.227 6.842 9.318 11.843 14.202 16.217 17.978 19.512 20.007 20.503 20.616 20.828 20.992 21.104 21.162 21.228 21.290 21.361 21.421 21.499 21.505 22.412 21.346 21.126 19.063 18.359 18.637 18.473 17.853 18.152 17.715 17.129 16.609 16.415 15.865 15.362 14.959 14.478 13.734 12.989 13.349 12.830 12.298 11.783 11.269 10.757 10.167 9.523 8.847 8.188 7.512 6.321
-9999.000 -9999.000 -9999.000 -9999.000 -9999.000 -9999.000 -nan 0.624 0.653 0.829 1.229 4.227 6.842 9.315 11.839 14.214 16.231 17.988 19.508 20.290 20.607 20.953 21.152 21.242 21.488 21.537 21.652 21.691 21.823 21.903 22.000 22.205 22.985 21.499 21.353 20.736 19.447 18.687 18.315 18.528 17.902 17.526 17.006 16.729 16.193 15.694 15.015 14.973 14.685 14.183 13.604 13.109 12.585 12.005 11.389 10.753 10.319 9.696 9.092 8.480 7.917 7.244 6.418
-9999.000 -9999.000 -9999.000 -9999.000 -9999.000 -9999.000 -nan 0.618 0.653 0.830 1.230 4.227 6.842 9.315 11.838 14.213 16.230 17.976 19.503 20.368 20.606 21.058 21.256 21.381 21.615 21.694 21.803 21.868 21.988 22.099 22.181 22.453 23.108 21.460 21.325 20.394 19.165 18.560 17.991 18.172 17.624 17.629 16.972 16.257 16.273 15.894 15.325 14.769 14.220 13.576 13.156 12.641 12.189 11.736 11.285 10.808 10.235 9.616 8.981 8.364 7.491 6.786 6.144
-9999.000 -9999.000 -9999.000 -9999.000 -9999.000 -9999.000 -nan 0.607 0.654 0.830 1.230 4.227 6.842 9.315 11.838 14.212 16.229 17.975 19.502 20.381 20.606 21.073 21.272 21.527 21.632 21.716 21.825 21.892 22.013 22.126 22.174 22.516 23.081 21.280 20.871 19.768 18.744 19.077 18.046 17.328 17.470 16.690 16.734 16.487 15.756 15.268 14.582 14.241 13.713 13.364 12.853 12.287 11.847 11.351 10.942 10.497 10.012 9.495 8.875 8.231 7.601 6.917 6.271
-9999.000 -9999.000 -9999.000 -9999.000 -9999.000 -9999.000 -nan 0.584 0.654 0.830 1.230 4.227 6.842 9.315 11.838 14.213 16.230 17.976 19.503 20.368 20.605 21.036 21.251 21.466 21.591 21.658 21.771 21.827 21.954 22.011 22.157 22.492 22.900 20.778 20.062 18.805 17.658 17.738 17.678 17.630 17.037 16.940 16.220 15.712 15.313 14.770 14.357 13.685 13.326 12.938 12.628 12.149 11.612 11.063 10.632 10.186 9.755 9.261 8.681 8.045 7.362 6.681 5.433
-9999.000 -9999.000 -9999.000 -9999.000 -9999.000 -9999.000 -nan 0.536 0.653 0.830 1.231 4.227 6.842 9.315 11.839 14.214 16.231 17.988 19.506 20.286 20.601 20.934 21.121 21.220 21.408 21.352 21.402 21.490 21.539 21.551 21.850 22.287 22.166 19.863 18.804 18.517 18.243 17.420 17.201 17.196 16.519 16.510 15.674 15.204 14.862 14.278 13.942 13.378 12.949 12.626 12.312 11.861 11.359 10.833 10.372 9.993 9.557 9.036 8.432 7.768 7.052 6.291 5.647
-9999.000 -9999.000 -9999.000 -9999.000 -9999.000 -9999.000 -nan 0.446 0.645 0.825 1.234 4.227 6.842 9.318 11.842 14.196 16.213 17.966 19.479 20.144 20.335 20.408 20.553 20.497 20.645 20.684 20.727 20.777 20.704 20.829 21.526 20.861 20.836 19.657 19.183 18.036 17.464 17.370 16.507 16.599 15.775 15.816 14.998 15.125 14.207 13.803 13.372 13.066 12.648 12.277 11.866 11.391 11.060 10.607 10.207 9.797 9.316 8.749 8.123 7.476 6.769 6.148 5.013
-9999.000 -9999.000 -9999.000 -9999.000 -9999.000 -9999.000 -nan 0.297 0.616 0.809 1.234 4.226 6.853 9.335 11.823 14.159 16.125 17.766 18.692 18.563 19.226 19.328 19.342 19.391 19.404 19.421 19.450 19.400 19.311 19.592 20.273 19.242 18.560 18.582 18.158 17.775 17.577 16.389 16.448 15.486 15.693 15.669 14.957 13.981 13.497 13.592 12.918 12.507 12.073 12.065 11.571 11.089 10.680 10.306 9.871 9.384 8.861 8.307 7.717 7.082 6.547 5.570 4.740
-9999.000 -9999.000 -9999.000 -9999.000 -9999.000 -9999.000 -nan -nan 0.542 0.759 1.213 4.132 6.881 9.324 11.682 13.006 15.034 16.630 16.612 16.855 16.914 16.944 16.955 16.971 16.972 16.975 16.964 16.891 17.038 17.978 19.225 18.717 18.061 17.716 16.104 15.839 15.812 15.906 15.947 14.937 15.105 14.207 14.432 13.718 12.934 13.290 12.706 12.129 11.690 11.294 10.862 10.904 10.422 9.929 9.459 8.996 8.511 8.009 7.425 6.813 6.102 5.101 4.612
-9999.000 -9999.000 -9999.000 -9999.000 -9999.000 -9999.000 -9999.000 -nan 0.529 0.693 1.108 3.064 6.212 8.005 10.027 10.023 11.423 11.461 11.747 12.146 12.315 12.461 12.701 12.918 13.030 13.230 13.306 13.451 13.535 13.533 14.123 14.879 15.196 15.416 14.167 14.238 14.383 14.568 14.729 13.746 14.009 13.207 13.523 12.885 12.269 12.652 12.171 11.669 11.189 10.779 10.408 10.014 10.067 9.600 9.105 8.617 8.100 7.560 7.014 6.364 5.692 4.834 4.088
