AvaFrame/avaframe/data/avaParabola/Avaflow_Input_Output/alr_results/alr_ascii/alr_hflow10007.asc
ncols 250
nrows 100
xllcenter 997.50
yllcenter -4997.50
cellsize 20.00
NODATA_value -9999.000
[rows 34 to 67 of 100, columns 77 to 153 of 250]
0.000 0.001 0.001 0.001 0.000 0.000 0.000 0.001 0.001 0.001 0.001 0.001 0.001 0.002 0.002 0.002 0.002 0.002 0.003 0.003 0.003 0.003 0.003 0.004 0.004 0.004 0.004 0.004 0.004 0.004 0.004 0.004 0.004 0.004 0.004 0.004 0.004 0.004 0.003 0.003 0.003 0.003 0.002 0.002 0.002 0.002 0.002 0.002 0.001 0.001 0.000 0.000 0.000 0.000 0.000 0.000 0.000 0.000 0.000 0.000 0.000 0.000 0.000 0.000 0.000 0.000 0.000 0.000 0.000 0.000 0.000 0.000 0.000 0.000 0.000 0.000 0.000
0.001 0.001 0.000 0.000 0.000 0.000 0.001 0.001 0.001 0.001 0.001 0.002 0.002 0.002 0.003 0.003 0.003 0.004 0.004 0.004 0.005 0.005 0.005 0.006 0.006 0.006 0.007 0.007 0.007 0.007 0.008 0.008 0.008 0.008 0.008 0.008 0.008 0.007 0.007 0.007 0.006 0.006 0.006 0.006 0.006 0.006 0.006 0.006 0.005 0.003 0.001 0.000 0.000 0.000 0.000 0.000 0.000 0.000 0.000 0.000 0.000 0.000 0.000 0.000 0.000 0.000 0.000 0.000 0.000 0.000 0.000 0.000 0.000 0.000 0.000 0.000 0.000
0.000 0.000 0.000 0.000 0.000 0.001 0.001 0.001 0.001 0.002 0.002 0.002 0.003 0.003 0.004 0.004 0.005 0.005 0.006 0.006 0.007 0.008 0.008 0.009 0.010 0.010 0.011 0.011 0.012 0.013 0.013 0.014 0.014 0.014 0.015 0.015 0.015 0.015 0.014 0.014 0.014 0.014 0.013 0.013 0.013 0.015 0.017 0.017 0.016 0.012 0.006 0.002 0.001 0.000 0.000 0.000 0.000 0.000 0.000 0.000 0.000 0.000 0.000 0.000 0.000 0.000 0.000 0.000 0.000 0.000 0.000 0.000 0.000 0.000 0.000 0.000 0.000
0.000 0.000 0.000 0.000 0.001 0.001 0.001 0.001 0.002 0.002 0.003 0.003 0.004 0.005 0.005 0.006 0.007 0.008 0.008 0.009 0.010 0.011 0.012 0.013 0.014 0.015 0.017 0.018 0.019 0.020 0.021 0.022 0.023 0.024 0.025 0.026 0.026 0.027 0.027 0.027 0.027 0.027 0.027 0.027 0.028 0.033 0.043 0.048 0.045 0.037 0.021 0.008 0.002 0.001 0.000 0.000 0.000 0.000 0.000 0.000 0.000 0.000 0.000 0.000 0.000 0.000 0.000 0.000 0.000 0.000 0.000 0.000 0.000 0.000 0.000 0.000 0.000
0.000 0.000 0.000 0.001 0.001 0.001 0.002 0.002 0.003 0.003 0.004 0.005 0.005 0.006 0.007 0.008 0.009 0.010 0.012 0.013 0.014 0.016 0.017 0.019 0.021 0.022 0.024 0.026 0.028 0.030 0.032 0.034 0.036 0.038 0.040 0.041 0.043 0.044 0.046 0.047 0.048 0.048 0.049 0.051 0.055 0.066 0.094 0.115 0.111 0.096 0.061 0.026 0.008 0.002 0.000 0.000 0.000 0.000 0.000 0.000 0.000 0.000 0.000 0.000 0.000 0.000 0.000 0.000 0.000 0.000 0.000 0.000 0.000 0.000 0.000 0.000 0.000
0.000 0.000 0.001 0.001 0.001 0.002 0.002 0.003 0.004 0.004 0.005 0.006 0.007 0.008 0.009 0.011 0.012 0.014 0.016 0.018 0.019 0.022 0.024 0.026 0.028 0.031 0.034 0.037 0.040 0.043 0.046 0.049 0.053 0.056 0.059 0.062 0.065 0.068 0.071 0.074 0.077 0.079 0.082 0.088 0.096 0.118 0.183 0.241 0.242 0.213 0.150 0.071 0.025 0.007 0.001 0.000 0.000 0.000 0.000 0.000 0.000 0.000 0.000 0.000 0.000 0.000 0.000 0.000 0.000 0.000 0.000 0.000 0.000 0.000 0.000 0.000 0.000
0.000 0.001 0.001 0.001 0.002 0.002 0.003 0.004 0.005 0.006 0.007 0.008 0.009 0.011 0.012 0.014 0.016 0.018 0.020 0.023 0.025 0.028 0.031 0.034 0.037 0.040 0.044 0.048 0.052 0.056 0.060 0.064 0.069 0.073 0.078 0.083 0.088 0.093 0.098 0.103 0.108 0.113 0.119 0.129 0.143 0.186 0.325 0.443 0.456 0.408 0.313 0.174 0.067 0.019 0.004 0.001 0.000 0.000 0.000 0.000 0.000 0.000 0.000 0.000 0.000 0.000 0.000 0.000 0.000 0.000 0.000 0.000 0.000 0.000 0.000 0.000 0.000
0.000 0.001 0.001 0.002 0.002 0.003 0.004 0.005 0.006 0.007 0.008 0.010 0.011 0.013 0.015 0.017 0.019 0.022 0.025 0.027 0.030 0.034 0.037 0.041 0.044 0.048 0.052 0.057 0.061 0.066 0.071 0.076 0.081 0.087 0.092 0.099 0.105 0.111 0.118 0.125 0.131 0.138 0.146 0.157 0.176 0.265 0.541 0.721 0.743 0.683 0.561 0.365 0.154 0.047 0.010 0.002 0.000 0.000 0.000 0.000 0.000 0.000 0.000 0.000 0.000 0.000 0.000 0.000 0.000 0.000 0.000 0.000 0.000 0.000 0.000 0.000 0.000
0.001 0.001 0.001 0.002 0.003 0.004 0.005 0.006 0.007 0.008 0.010 0.011 0.013 0.015 0.017 0.020 0.022 0.025 0.028 0.031 0.034 0.038 0.042 0.046 0.050 0.054 0.059 0.063 0.068 0.074 0.079 0.085 0.090 0.096 0.103 0.109 0.117 0.124 0.132 0.139 0.147 0.155 0.164 0.176 0.202 0.392 0.819 1.009 1.019 0.967 0.857 0.631 0.303 0.100 0.023 0.004 0.000 0.000 0.000 0.000 0.000 0.000 0.000 0.000 0.000 0.000 0.000 0.000 0.000 0.000 0.000 0.000 0.000 0.000 0.000 0.000 0.000
0.001 0.001 0.002 0.003 0.003 0.004 0.005 0.006 0.008 0.009 0.011 0.012 0.014 0.017 0.019 0.022 0.024 0.027 0.030 0.034 0.037 0.041 0.045 0.049 0.054 0.058 0.063 0.068 0.074 0.079 0.085 0.091 0.097 0.103 0.110 0.117 0.125 0.133 0.141 0.149 0.157 0.166 0.176 0.190 0.242 0.602 1.085 1.225 1.224 1.190 1.096 0.838 0.444 0.162 0.039 0.006 0.001 0.000 0.000 0.000 0.000 0.000 0.000 0.000 0.000 0.000 0.000 0.000 0.000 0.000 0.000 0.000 0.000 0.000 0.000 0.000 0.000
0.001 0.001 0.002 0.003 0.004 0.005 0.006 0.007 0.008 0.010 0.011 0.013 0.015 0.018 0.020 0.023 0.026 0.029 0.032 0.036 0.039 0.043 0.047 0.052 0.056 0.061 0.066 0.072 0.077 0.083 0.089 0.095 0.102 0.108 0.115 0.123 0.130 0.138 0.147 0.155 0.164 0.173 0.183 0.199 0.327 0.870 1.293 1.390 1.398 1.373 1.266 0.964 0.537 0.204 0.049 0.008 0.001 0.000 0.000 0.000 0.000 0.000 0.000 0.000 0.000 0.000 0.000 0.000 0.000 0.000 0.000 0.000 0.000 0.000 0.000 0.000 0.000
0.001 0.001 0.002 0.003 0.004 0.005 0.006 0.007 0.009 0.010 0.012 0.014 0.016 0.018 0.021 0.024 0.027 0.030 0.033 0.037 0.041 0.045 0.049 0.054 0.058 0.063 0.069 0.074 0.080 0.086 0.092 0.098 0.105 0.112 0.119 0.126 0.134 0.142 0.150 0.159 0.168 0.177 0.189 0.214 0.480 1.132 1.439 1.530 1.549 1.513 1.372 1.035 0.588 0.227 0.052 0.008 0.001 0.000 0.000 0.000 0.000 0.000 0.000 0.000 0.000 0.000 0.000 0.000 0.000 0.000 0.000 0.000 0.000 0.000 0.000 0.000 0.000
0.001 0.001 0.002 0.003 0.004 0.005 0.006 0.007 0.009 0.010 0.012 0.014 0.017 0.019 0.022 0.024 0.027 0.031 0.034 0.038 0.042 0.046 0.050 0.055 0.059 0.065 0.070 0.075 0.081 0.087 0.093 0.100 0.107 0.114 0.121 0.129 0.136 0.144 0.152 0.161 0.171 0.180 0.193 0.247 0.686 1.325 1.546 1.645 1.667 1.610 1.431 1.070 0.609 0.234 0.052 0.008 0.001 0.000 0.000 0.000 0.000 0.000 0.000 0.000 0.000 0.000 0.000 0.000 0.000 0.000 0.000 0.000 0.000 0.000 0.000 0.000 0.000
0.001 0.001 0.002 0.003 0.004 0.005 0.006 0.007 0.009 0.011 0.013 0.015 0.017 0.019 0.022 0.025 0.028 0.031 0.035 0.038 0.042 0.046 0.051 0.055 0.060 0.065 0.071 0.076 0.082 0.088 0.094 0.101 0.108 0.115 0.123 0.130 0.137 0.145 0.154 0.163 0.173 0.183 0.197 0.306 0.887 1.441 1.631 1.727 1.753 1.671 1.453 1.083 0.609 0.227 0.047 0.006 0.001 0.000 0.000 0.000 0.000 0.000 0.000 0.000 0.000 0.000 0.000 0.000 0.000 0.000 0.000 0.000 0.000 0.000 0.000 0.000 0.000
0.001 0.002 0.002 0.003 0.004 0.005 0.006 0.008 0.009 0.011 0.013 0.015 0.017 0.019 0.022 0.025 0.028 0.031 0.035 0.038 0.042 0.047 0.051 0.056 0.061 0.066 0.071 0.077 0.083 0.089 0.095 0.102 0.109 0.116 0.123 0.131 0.138 0.146 0.155 0.164 0.174 0.184 0.201 0.378 1.040 1.503 1.689 1.781 1.800 1.703 1.453 1.075 0.579 0.199 0.036 0.004 0.000 0.000 0.000 0.000 0.000 0.000 0.000 0.000 0.000 0.000 0.000 0.000 0.000 0.000 0.000 0.000 0.000 0.000 0.000 0.000 0.000
0.001 0.002 0.002 0.003 0.004 0.005 0.006 0.008 0.009 0.011 0.013 0.015 0.017 0.019 0.022 0.025 0.028 0.031 0.035 0.039 0.043 0.047 0.051 0.056 0.061 0.066 0.071 0.077 0.083 0.089 0.095 0.102 0.109 0.116 0.123 0.131 0.138 0.147 0.156 0.165 0.175 0.185 0.207 0.444 1.137 1.528 1.713 1.811 1.809 1.710 1.438 1.029 0.513 0.154 0.023 0.002 0.000 0.000 0.000 0.000 0.000 0.000 0.000 0.000 0.000 0.000 0.000 0.000 0.000 0.000 0.000 0.000 0.000 0.000 0.000 0.000 0.000
0.001 0.002 0.002 0.003 0.004 0.005 0.006 0.008 0.009 0.011 0.013 0.015 0.017 0.019 0.022 0.025 0.028 0.031 0.035 0.039 0.043 0.047 0.051 0.056 0.061 0.066 0.071 0.077 0.083 0.089 0.096 0.102 0.109 0.116 0.123 0.131 0.139 0.148 0.157 0.166 0.175 0.186 0.215 0.503 1.182 1.527 1.716 1.817 1.805 1.692 1.395 0.936 0.419 0.105 0.013 0.001 0.000 0.000 0.000 0.000 0.000 0.000 0.000 0.000 0.000 0.000 0.000 0.000 0.000 0.000 0.000 0.000 0.000 0.000 0.000 0.000 0.000
0.001 0.002 0.002 0.003 0.004 0.005 0.006 0.008 0.009 0.011 0.013 0.015 0.017 0.019 0.022 0.025 0.028 0.031 0.035 0.039 0.043 0.047 0.051 0.056 0.061 0.066 0.071 0.077 0.083 0.089 0.096 0.102 0.109 0.116 0.123 0.131 0.140 0.149 0.157 0.165 0.174 0.186 0.224 0.552 1.194 1.511 1.706 1.800 1.788 1.641 1.309 0.797 0.307 0.060 0.006 0.000 0.000 0.000 0.000 0.000 0.000 0.000 0.000 0.000 0.000 0.000 0.000 0.000 0.000 0.000 0.000 0.000 0.000 0.000 0.000 0.000 0.000
0.001 0.001 0.002 0.003 0.004 0.005 0.006 0.008 0.009 0.011 0.013 0.015 0.017 0.019 0.022 0.025 0.028 0.031 0.035 0.039 0.043 0.047 0.051 0.056 0.061 0.066 0.071 0.077 0.083 0.089 0.096 0.102 0.108 0.115 0.123 0.132 0.141 0.149 0.156 0.164 0.173 0.185 0.231 0.586 1.183 1.486 1.674 1.755 1.742 1.554 1.172 0.616 0.192 0.028 0.002 0.000 0.000 0.000 0.000 0.000 0.000 0.000 0.000 0.000 0.000 0.000 0.000 0.000 0.000 0.000 0.000 0.000 0.000 0.000 0.000 0.000 0.000
0.001 0.001 0.002 0.003 0.004 0.005 0.006 0.008 0.009 0.011 0.013 0.015 0.017 0.019 0.022 0.025 0.028 0.031 0.035 0.039 0.042 0.047 0.051 0.056 0.061 0.066 0.071 0.077 0.083 0.089 0.095 0.101 0.108 0.116 0.124 0.133 0.140 0.147 0.154 0.162 0.172 0.186 0.240 0.607 1.158 1.444 1.618 1.679 1.654 1.421 0.970 0.413 0.096 0.010 0.001 0.000 0.000 0.000 0.000 0.000 0.000 0.000 0.000 0.000 0.000 0.000 0.000 0.000 0.000 0.000 0.000 0.000 0.000 0.000 0.000 0.000 0.000
0.001 0.001 0.002 0.003 0.004 0.005 0.006 0.007 0.009 0.011 0.013 0.015 0.017 0.019 0.022 0.025 0.028 0.031 0.035 0.038 0.042 0.046 0.051 0.055 0.060 0.065 0.071 0.076 0.082 0.088 0.094 0.101 0.108 0.116 0.125 0.132 0.138 0.144 0.152 0.162 0.174 0.189 0.250 0.616 1.126 1.383 1.533 1.574 1.512 1.224 0.695 0.221 0.036 0.003 0.000 0.000 0.000 0.000 0.000 0.000 0.000 0.000 0.000 0.000 0.000 0.000 0.000 0.000 0.000 0.000 0.000 0.000 0.000 0.000 0.000 0.000 0.000
0.001 0.001 0.002 0.003 0.004 0.005 0.006 0.007 0.009 0.010 0.012 0.014 0.017 0.019 0.021 0.024 0.027 0.031 0.034 0.038 0.042 0.046 0.050 0.055 0.060 0.065 0.070 0.076 0.081 0.087 0.093 0.100 0.108 0.116 0.123 0.128 0.133 0.141 0.153 0.166 0.177 0.191 0.260 0.618 1.085 1.304 1.416 1.429 1.305 0.928 0.393 0.087 0.010 0.001 0.000 0.000 0.000 0.000 0.000 0.000 0.000 0.000 0.000 0.000 0.000 0.000 0.000 0.000 0.000 0.000 0.000 0.000 0.000 0.000 0.000 0.000 0.000
0.001 0.001 0.002 0.003 0.004 0.005 0.006 0.007 0.008 0.010 0.012 0.014 0.016 0.018 0.021 0.024 0.027 0.030 0.033 0.037 0.041 0.045 0.049 0.054 0.059 0.064 0.069 0.074 0.080 0.086 0.092 0.100 0.108 0.114 0.118 0.123 0.131 0.143 0.160 0.171 0.176 0.188 0.266 0.622 1.028 1.196 1.263 1.235 1.005 0.545 0.160 0.025 0.003 0.000 0.000 0.000 0.000 0.000 0.000 0.000 0.000 0.000 0.000 0.000 0.000 0.000 0.000 0.000 0.000 0.000 0.000 0.000 0.000 0.000 0.000 0.000 0.000
0.001 0.001 0.002 0.003 0.003 0.004 0.005 0.007 0.008 0.010 0.011 0.013 0.015 0.018 0.020 0.023 0.026 0.029 0.032 0.036 0.039 0.043 0.048 0.052 0.057 0.062 0.067 0.072 0.078 0.084 0.091 0.098 0.104 0.108 0.113 0.121 0.134 0.152 0.164 0.168 0.166 0.179 0.275 0.625 0.942 1.052 1.071 0.950 0.591 0.217 0.044 0.006 0.001 0.000 0.000 0.000 0.000 0.000 0.000 0.000 0.000 0.000 0.000 0.000 0.000 0.000 0.000 0.000 0.000 0.000 0.000 0.000 0.000 0.000 0.000 0.000 0.000
0.001 0.001 0.001 0.002 0.003 0.004 0.005 0.006 0.007 0.009 0.010 0.012 0.014 0.016 0.019 0.021 0.024 0.027 0.030 0.034 0.037 0.041 0.045 0.050 0.054 0.059 0.064 0.069 0.075 0.081 0.087 0.093 0.097 0.102 0.111 0.124 0.140 0.154 0.154 0.147 0.144 0.169 0.295 0.611 0.815 0.867 0.790 0.533 0.224 0.057 0.009 0.001 0.000 0.000 0.000 0.000 0.000 0.000 0.000 0.000 0.000 0.000 0.000 0.000 0.000 0.000 0.000 0.000 0.000 0.000 0.000 0.000 0.000 0.000 0.000 0.000 0.000
0.001 0.001 0.001 0.002 0.002 0.003 0.004 0.005 0.006 0.008 0.009 0.011 0.013 0.015 0.017 0.020 0.022 0.025 0.028 0.031 0.035 0.038 0.042 0.046 0.050 0.055 0.060 0.064 0.069 0.075 0.080 0.085 0.090 0.098 0.112 0.125 0.135 0.131 0.122 0.117 0.126 0.175 0.328 0.541 0.624 0.579 0.404 0.185 0.055 0.010 0.001 0.000 0.000 0.000 0.000 0.000 0.000 0.000 0.000 0.000 0.000 0.000 0.000 0.000 0.000 0.000 0.000 0.000 0.000 0.000 0.000 0.000 0.000 0.000 0.000 0.000 0.000
0.000 0.001 0.001 0.001 0.002 0.002 0.003 0.004 0.005 0.006 0.008 0.009 0.011 0.013 0.015 0.017 0.019 0.022 0.025 0.028 0.031 0.034 0.037 0.041 0.045 0.048 0.052 0.057 0.061 0.065 0.070 0.076 0.084 0.094 0.105 0.108 0.101 0.092 0.089 0.095 0.119 0.188 0.312 0.384 0.356 0.258 0.126 0.041 0.009 0.002 0.000 0.000 0.000 0.000 0.000 0.000 0.000 0.000 0.000 0.000 0.000 0.000 0.000 0.000 0.000 0.000 0.000 0.000 0.000 0.000 0.000 0.000 0.000 0.000 0.000 0.000 0.000
0.000 0.000 0.001 0.001 0.001 0.001 0.002 0.003 0.004 0.005 0.006 0.007 0.009 0.010 0.012 0.014 0.016 0.018 0.020 0.022 0.025 0.028 0.030 0.033 0.036 0.039 0.042 0.045 0.049 0.053 0.058 0.064 0.070 0.075 0.073 0.068 0.063 0.062 0.068 0.082 0.117 0.172 0.206 0.190 0.137 0.071 0.025 0.006 0.001 0.000 0.000 0.000 0.000 0.000 0.000 0.000 0.000 0.000 0.000 0.000 0.000 0.000 0.000 0.000 0.000 0.000 0.000 0.000 0.000 0.000 0.000 0.000 0.000 0.000 0.000 0.000 0.000
0.000 0.000 0.000 0.000 0.001 0.001 0.001 0.002 0.002 0.003 0.004 0.005 0.006 0.007 0.008 0.010 0.011 0.013 0.014 0.016 0.018 0.019 0.021 0.023 0.024 0.026 0.028 0.030 0.033 0.036 0.040 0.042 0.043 0.042 0.040 0.038 0.038 0.042 0.051 0.069 0.089 0.097 0.086 0.064 0.033 0.012 0.004 0.001 0.000 0.000 0.000 0.000 0.000 0.000 0.000 0.000 0.000 0.000 0.000 0.000 0.000 0.000 0.000 0.000 0.000 0.000 0.000 0.000 0.000 0.000 0.000 0.000 0.000 0.000 0.000 0.000 0.000
0.000 0.000 0.000 0.000 0.000 0.001 0.001 0.001 0.001 0.002 0.002 0.003 0.004 0.005 0.005 0.006 0.007 0.008 0.009 0.010 0.011 0.012 0.013 0.014 0.015 0.016 0.017 0.018 0.020 0.021 0.022 0.022 0.022 0.022 0.021 0.021 0.022 0.025 0.031 0.037 0.038 0.035 0.025 0.013 0.005 0.002 0.000 0.000 0.000 0.000 0.000 0.000 0.000 0.000 0.000 0.000 0.000 0.000 0.000 0.000 0.000 0.000 0.000 0.000 0.000 0.000 0.000 0.000 0.000 0.000 0.000 0.000 0.000 0.000 0.000 0.000 0.000
0.000 0.000 0.000 0.000 0.000 0.000 0.000 0.001 0.001 0.001 0.001 0.002 0.002 0.003 0.003 0.004 0.004 0.005 0.005 0.006 0.006 0.007 0.007 0.008 0.008 0.009 0.009 0.010 0.010 0.011 0.011 0.011 0.010 0.010 0.010 0.010 0.011 0.012 0.014 0.014 0.012 0.009 0.005 0.002 0.001 0.000 0.000 0.000 0.000 0.000 0.000 0.000 0.000 0.000 0.000 0.000 0.000 0.000 0.000 0.000 0.000 0.000 0.000 0.000 0.000 0.000 0.000 0.000 0.000 0.000 0.000 0.000 0.000 0.000 0.000 0.000 0.000
0.000 0.000 0.000 0.000 0.000 0.000 0.000 0.000 0.000 0.000 0.000 0.001 0.001 0.001 0.002 0.002 0.002 0.002 0.003 0.003 0.003 0.003 0.004 0.004 0.004 0.004 0.005 0.005 0.005 0.005 0.005 0.005 0.004 0.004 0.004 0.004 0.005 0.005 0.005 0.004 0.003 0.002 0.001 0.000 0.000 0.000 0.000 0.000 0.000 0.000 0.000 0.000 0.000 0.000 0.000 0.000 0.000 0.000 0.000 0.000 0.000 0.000 0.000 0.000 0.000 0.000 0.000 0.000 0.000 0.000 0.000 0.000 0.000 0.000 0.000 0.000 0.000
0.000 0.000 0.000 0.000 0.000 0.000 0.000 0.000 0.000 0.000 0.000 0.000 0.000 0.000 0.000 0.001 0.001 0.001 0.001 0.001 0.001 0.001 0.002 0.002 0.002 0.002 0.002 0.002 0.002 0.002 0.002 0.002 0.002 0.002 0.002 0.002 0.001 0.001 0.001 0.001 0.001 0.000 0.000 0.000 0.000 0.000 0.000 0.000 0.000 0.000 0.000 0.000 0.000 0.000 0.000 0.000 0.000 0.000 0.000 0.000 0.000 0.000 0.000 0.000 0.000 0.000 0.000 0.000 0.000 0.000 0.000 0.000 0.000 0.000 0.000 0.000 0.000
0.000 0.000 0.000 0.000 0.000 0.000 0.000 0.000 0.000 0.000 0.000 0.000 0.000 0.000 0.000 0.000 0.000 0.000 0.000 0.000 0.000 0.000 0.000 0.000 0.000 0.001 0.001 0.001 0.001 0.001 0.000 0.000 0.000 0.000 0.000 0.000 0.000 0.000 0.000 0.000 0.000 0.000 0.000 0.000 0.000 0.000 0.000 0.000 0.000 0.000 0.000 0.000 0.000 0.000 0.000 0.000 0.000 0.000 0.000 0.000 0.000 0.000 0.000 0.000 0.000 0.000 0.000 0.000 0.000 0.000 0.000 0.000 0.000 0.000 0.000 0.000 0.000
