AvaFrame/avaframe/data/avaParabola/Avaflow_Input_Output/alr_results/alr_ascii/alr_hflow10018.asc
ncols 250
nrows 100
xllcenter 997.50
yllcenter -4997.50
cellsize 20.00
NODATA_value -9999.000
[rows 34 to 67 of 100, columns 77 to 153 of 250]
0.000 0.001 0.001 0.001 0.000 0.000 0.000 0.000 0.000 0.000 0.000 0.000 0.000 0.000 0.000 0.000 0.000 0.000 0.000 0.000 0.000 0.000 0.000 0.000 0.001 0.001 0.001 0.001 0.002 0.003 0.003 0.003 0.003 0.004 0.004 0.004 0.004 0.005 0.005 0.005 0.006 0.016 0.032 0.033 0.030 0.027 0.024 0.022 0.019 0.017 0.014 0.009 0.006 0.003 0.002 0.001 0.000 0.000 0.000 0.000 0.000 0.000 0.000 0.000 0.000 0.000 0.000 0.000 0.000 0.000 0.000 0.000 0.000 0.000 0.000 0.000 0.000
0.001 0.001 0.000 0.000 0.000 0.000 0.000 0.000 0.000 0.000 0.000 0.000 0.000 0.000 0.000 0.000 0.000 0.000 0.000 0.000 0.000 0.000 0.000 0.001 0.001 0.001 0.002 0.002 0.003 0.003 0.004 0.004 0.004 0.005 0.005 0.005 0.006 0.006 0.007 0.007 0.009 0.027 0.053 0.056 0.052 0.048 0.044 0.040 0.037 0.033 0.026 0.019 0.011 0.007 0.004 0.002 0.001 0.000 0.000 0.000 0.000 0.000 0.000 0.000 0.000 0.000 0.000 0.000 0.000 0.000 0.000 0.000 0.000 0.000 0.000 0.000 0.000
0.000 0.000 0.000 0.000 0.000 0.000 0.000 0.000 0.000 0.000 0.000 0.000 0.000 0.000 0.000 0.000 0.000 0.000 0.000 0.000 0.000 0.000 0.001 0.001 0.001 0.002 0.003 0.003 0.004 0.004 0.005 0.005 0.006 0.006 0.007 0.007 0.008 0.008 0.009 0.009 0.013 0.045 0.083 0.088 0.086 0.080 0.076 0.072 0.067 0.060 0.049 0.035 0.022 0.013 0.007 0.004 0.002 0.001 0.000 0.000 0.000 0.000 0.000 0.000 0.000 0.000 0.000 0.000 0.000 0.000 0.000 0.000 0.000 0.000 0.000 0.000 0.000
0.000 0.000 0.000 0.000 0.000 0.000 0.000 0.000 0.000 0.000 0.000 0.000 0.000 0.000 0.000 0.000 0.000 0.000 0.000 0.000 0.000 0.001 0.001 0.001 0.002 0.003 0.004 0.004 0.005 0.005 0.006 0.006 0.007 0.007 0.008 0.009 0.009 0.010 0.011 0.012 0.021 0.075 0.124 0.132 0.131 0.127 0.125 0.123 0.118 0.106 0.088 0.064 0.040 0.024 0.014 0.007 0.004 0.002 0.001 0.000 0.000 0.000 0.000 0.000 0.000 0.000 0.000 0.000 0.000 0.000 0.000 0.000 0.000 0.000 0.000 0.000 0.000
0.000 0.000 0.000 0.000 0.000 0.000 0.000 0.000 0.000 0.000 0.000 0.000 0.000 0.000 0.000 0.000 0.000 0.000 0.000 0.000 0.000 0.001 0.001 0.002 0.003 0.004 0.005 0.005 0.006 0.006 0.007 0.007 0.008 0.009 0.010 0.010 0.011 0.012 0.013 0.014 0.035 0.121 0.176 0.187 0.191 0.194 0.199 0.201 0.197 0.180 0.149 0.110 0.071 0.043 0.025 0.013 0.007 0.003 0.001 0.000 0.000 0.000 0.000 0.000 0.000 0.000 0.000 0.000 0.000 0.000 0.000 0.000 0.000 0.000 0.000 0.000 0.000
0.000 0.000 0.000 0.000 0.000 0.000 0.000 0.000 0.000 0.000 0.000 0.000 0.000 0.000 0.000 0.000 0.000 0.000 0.000 0.000 0.001 0.001 0.002 0.003 0.004 0.005 0.005 0.006 0.007 0.007 0.008 0.008 0.009 0.010 0.011 0.012 0.013 0.014 0.015 0.017 0.055 0.172 0.239 0.260 0.275 0.288 0.303 0.315 0.313 0.290 0.242 0.182 0.119 0.072 0.042 0.023 0.012 0.006 0.003 0.001 0.000 0.000 0.000 0.000 0.000 0.000 0.000 0.000 0.000 0.000 0.000 0.000 0.000 0.000 0.000 0.000 0.000
0.000 0.000 0.000 0.000 0.000 0.000 0.000 0.000 0.000 0.000 0.000 0.000 0.000 0.000 0.000 0.000 0.000 0.000 0.000 0.001 0.001 0.001 0.003 0.004 0.005 0.005 0.006 0.007 0.007 0.008 0.009 0.009 0.010 0.011 0.012 0.013 0.014 0.015 0.016 0.019 0.078 0.224 0.298 0.347 0.389 0.418 0.445 0.469 0.472 0.444 0.375 0.286 0.191 0.117 0.069 0.038 0.020 0.010 0.005 0.002 0.001 0.000 0.000 0.000 0.000 0.000 0.000 0.000 0.000 0.000 0.000 0.000 0.000 0.000 0.000 0.000 0.000
0.000 0.000 0.000 0.000 0.000 0.000 0.000 0.000 0.000 0.000 0.000 0.000 0.000 0.000 0.000 0.000 0.000 0.000 0.000 0.001 0.001 0.002 0.004 0.005 0.005 0.006 0.007 0.007 0.008 0.009 0.009 0.010 0.011 0.012 0.013 0.014 0.016 0.017 0.018 0.024 0.107 0.267 0.351 0.437 0.550 0.603 0.639 0.668 0.675 0.643 0.553 0.432 0.293 0.182 0.107 0.060 0.032 0.016 0.008 0.003 0.001 0.000 0.000 0.000 0.000 0.000 0.000 0.000 0.000 0.000 0.000 0.000 0.000 0.000 0.000 0.000 0.000
0.000 0.000 0.000 0.000 0.000 0.000 0.000 0.000 0.000 0.000 0.000 0.000 0.000 0.000 0.000 0.000 0.000 0.000 0.001 0.001 0.001 0.003 0.004 0.005 0.006 0.006 0.007 0.008 0.009 0.009 0.010 0.011 0.012 0.013 0.014 0.015 0.017 0.018 0.019 0.031 0.138 0.301 0.417 0.557 0.727 0.813 0.850 0.859 0.858 0.829 0.748 0.609 0.424 0.265 0.158 0.089 0.048 0.024 0.012 0.005 0.002 0.001 0.000 0.000 0.000 0.000 0.000 0.000 0.000 0.000 0.000 0.000 0.000 0.000 0.000 0.000 0.000
0.000 0.000 0.000 0.000 0.000 0.000 0.000 0.000 0.000 0.000 0.000 0.000 0.000 0.000 0.000 0.000 0.000 0.000 0.001 0.001 0.002 0.004 0.005 0.005 0.006 0.007 0.007 0.008 0.009 0.010 0.011 0.011 0.013 0.014 0.015 0.016 0.017 0.019 0.020 0.043 0.170 0.351 0.518 0.697 0.861 0.962 1.013 1.028 1.023 0.991 0.910 0.756 0.533 0.335 0.200 0.113 0.061 0.031 0.015 0.007 0.003 0.001 0.000 0.000 0.000 0.000 0.000 0.000 0.000 0.000 0.000 0.000 0.000 0.000 0.000 0.000 0.000
0.000 0.000 0.000 0.000 0.000 0.000 0.000 0.000 0.000 0.000 0.000 0.000 0.000 0.000 0.000 0.000 0.000 0.000 0.001 0.001 0.003 0.004 0.005 0.006 0.006 0.007 0.008 0.008 0.009 0.010 0.011 0.012 0.013 0.014 0.015 0.017 0.018 0.019 0.021 0.057 0.217 0.427 0.623 0.807 0.971 1.090 1.154 1.171 1.166 1.129 1.034 0.860 0.607 0.381 0.227 0.129 0.069 0.036 0.017 0.008 0.003 0.001 0.000 0.000 0.000 0.000 0.000 0.000 0.000 0.000 0.000 0.000 0.000 0.000 0.000 0.000 0.000
0.000 0.000 0.000 0.000 0.000 0.000 0.000 0.000 0.000 0.000 0.000 0.000 0.000 0.000 0.000 0.000 0.000 0.000 0.001 0.001 0.003 0.004 0.005 0.006 0.007 0.007 0.008 0.009 0.009 0.010 0.011 0.012 0.013 0.014 0.016 0.017 0.018 0.020 0.021 0.073 0.267 0.500 0.713 0.912 1.083 1.202 1.261 1.277 1.271 1.228 1.120 0.926 0.650 0.407 0.243 0.137 0.074 0.038 0.018 0.008 0.003 0.001 0.000 0.000 0.000 0.000 0.000 0.000 0.000 0.000 0.000 0.000 0.000 0.000 0.000 0.000 0.000
0.000 0.000 0.000 0.000 0.000 0.000 0.000 0.000 0.000 0.000 0.000 0.000 0.000 0.000 0.000 0.000 0.000 0.001 0.001 0.002 0.003 0.004 0.005 0.006 0.007 0.007 0.008 0.009 0.010 0.010 0.011 0.012 0.013 0.015 0.016 0.017 0.019 0.020 0.022 0.094 0.313 0.563 0.792 1.001 1.171 1.283 1.337 1.350 1.341 1.291 1.172 0.963 0.670 0.419 0.249 0.141 0.076 0.039 0.019 0.009 0.003 0.001 0.000 0.000 0.000 0.000 0.000 0.000 0.000 0.000 0.000 0.000 0.000 0.000 0.000 0.000 0.000
0.000 0.000 0.000 0.000 0.000 0.000 0.000 0.000 0.000 0.000 0.000 0.000 0.000 0.000 0.000 0.000 0.000 0.001 0.001 0.002 0.004 0.005 0.005 0.006 0.007 0.007 0.008 0.009 0.010 0.010 0.011 0.012 0.013 0.015 0.016 0.017 0.019 0.020 0.024 0.117 0.349 0.609 0.847 1.059 1.226 1.333 1.382 1.392 1.380 1.325 1.198 0.977 0.675 0.422 0.251 0.142 0.076 0.039 0.019 0.009 0.003 0.001 0.000 0.000 0.000 0.000 0.000 0.000 0.000 0.000 0.000 0.000 0.000 0.000 0.000 0.000 0.000
0.000 0.000 0.000 0.000 0.000 0.000 0.000 0.000 0.000 0.000 0.000 0.000 0.000 0.000 0.000 0.000 0.000 0.001 0.001 0.002 0.004 0.005 0.005 0.006 0.007 0.007 0.008 0.009 0.010 0.010 0.011 0.012 0.014 0.015 0.016 0.017 0.019 0.020 0.027 0.131 0.367 0.645 0.880 1.092 1.255 1.358 1.403 1.411 1.397 1.338 1.206 0.980 0.674 0.421 0.250 0.142 0.076 0.039 0.019 0.008 0.003 0.001 0.000 0.000 0.000 0.000 0.000 0.000 0.000 0.000 0.000 0.000 0.000 0.000 0.000 0.000 0.000
0.000 0.000 0.000 0.000 0.000 0.000 0.000 0.000 0.000 0.000 0.000 0.000 0.000 0.000 0.000 0.000 0.000 0.001 0.001 0.002 0.004 0.005 0.005 0.006 0.007 0.007 0.008 0.009 0.010 0.011 0.011 0.012 0.014 0.015 0.016 0.017 0.019 0.020 0.029 0.139 0.381 0.663 0.895 1.105 1.266 1.365 1.409 1.416 1.401 1.340 1.206 0.976 0.666 0.416 0.247 0.139 0.075 0.038 0.018 0.008 0.003 0.001 0.000 0.000 0.000 0.000 0.000 0.000 0.000 0.000 0.000 0.000 0.000 0.000 0.000 0.000 0.000
0.000 0.000 0.000 0.000 0.000 0.000 0.000 0.000 0.000 0.000 0.000 0.000 0.000 0.000 0.000 0.000 0.000 0.001 0.001 0.002 0.004 0.005 0.005 0.006 0.007 0.007 0.008 0.009 0.010 0.011 0.011 0.013 0.014 0.015 0.016 0.018 0.019 0.020 0.030 0.147 0.395 0.662 0.899 1.108 1.267 1.365 1.407 1.415 1.399 1.336 1.197 0.960 0.648 0.403 0.238 0.133 0.071 0.036 0.017 0.008 0.003 0.001 0.000 0.000 0.000 0.000 0.000 0.000 0.000 0.000 0.000 0.000 0.000 0.000 0.000 0.000 0.000
0.000 0.000 0.000 0.000 0.000 0.000 0.000 0.000 0.000 0.000 0.000 0.000 0.000 0.000 0.000 0.000 0.000 0.001 0.001 0.002 0.004 0.005 0.005 0.006 0.007 0.007 0.008 0.009 0.010 0.011 0.011 0.013 0.014 0.015 0.016 0.018 0.019 0.020 0.030 0.151 0.397 0.660 0.899 1.106 1.262 1.358 1.398 1.404 1.386 1.318 1.170 0.924 0.615 0.379 0.222 0.123 0.065 0.033 0.015 0.007 0.003 0.001 0.000 0.000 0.000 0.000 0.000 0.000 0.000 0.000 0.000 0.000 0.000 0.000 0.000 0.000 0.000
0.000 0.000 0.000 0.000 0.000 0.000 0.000 0.000 0.000 0.000 0.000 0.000 0.000 0.000 0.000 0.000 0.000 0.001 0.001 0.002 0.004 0.005 0.005 0.006 0.007 0.007 0.008 0.009 0.010 0.011 0.011 0.013 0.014 0.015 0.016 0.018 0.019 0.020 0.029 0.149 0.393 0.656 0.895 1.096 1.246 1.335 1.371 1.375 1.354 1.278 1.120 0.863 0.564 0.343 0.198 0.109 0.056 0.028 0.013 0.005 0.002 0.001 0.000 0.000 0.000 0.000 0.000 0.000 0.000 0.000 0.000 0.000 0.000 0.000 0.000 0.000 0.000
0.000 0.000 0.000 0.000 0.000 0.000 0.000 0.000 0.000 0.000 0.000 0.000 0.000 0.000 0.000 0.000 0.000 0.001 0.001 0.002 0.004 0.005 0.005 0.006 0.007 0.007 0.008 0.009 0.010 0.011 0.011 0.012 0.014 0.015 0.016 0.017 0.019 0.020 0.027 0.138 0.378 0.648 0.883 1.073 1.210 1.290 1.320 1.321 1.294 1.209 1.039 0.775 0.495 0.296 0.167 0.089 0.045 0.022 0.010 0.004 0.001 0.000 0.000 0.000 0.000 0.000 0.000 0.000 0.000 0.000 0.000 0.000 0.000 0.000 0.000 0.000 0.000
0.000 0.000 0.000 0.000 0.000 0.000 0.000 0.000 0.000 0.000 0.000 0.000 0.000 0.000 0.000 0.000 0.000 0.001 0.001 0.001 0.003 0.004 0.005 0.006 0.007 0.007 0.008 0.009 0.010 0.010 0.011 0.012 0.014 0.015 0.016 0.017 0.019 0.020 0.025 0.120 0.352 0.625 0.859 1.034 1.147 1.213 1.239 1.238 1.204 1.107 0.927 0.662 0.410 0.239 0.131 0.068 0.034 0.016 0.007 0.003 0.001 0.000 0.000 0.000 0.000 0.000 0.000 0.000 0.000 0.000 0.000 0.000 0.000 0.000 0.000 0.000 0.000
0.000 0.000 0.000 0.000 0.000 0.000 0.000 0.000 0.000 0.000 0.000 0.000 0.000 0.000 0.000 0.000 0.000 0.001 0.001 0.001 0.003 0.004 0.005 0.006 0.007 0.007 0.008 0.009 0.010 0.010 0.011 0.012 0.014 0.015 0.016 0.017 0.019 0.020 0.023 0.105 0.325 0.577 0.805 0.981 1.068 1.117 1.135 1.127 1.084 0.976 0.787 0.530 0.319 0.181 0.098 0.050 0.024 0.011 0.005 0.002 0.001 0.000 0.000 0.000 0.000 0.000 0.000 0.000 0.000 0.000 0.000 0.000 0.000 0.000 0.000 0.000 0.000
0.000 0.000 0.000 0.000 0.000 0.000 0.000 0.000 0.000 0.000 0.000 0.000 0.000 0.000 0.000 0.000 0.000 0.001 0.001 0.001 0.003 0.004 0.005 0.006 0.006 0.007 0.008 0.009 0.009 0.010 0.011 0.012 0.013 0.015 0.016 0.017 0.018 0.020 0.022 0.090 0.286 0.514 0.724 0.895 0.980 1.010 1.012 0.989 0.939 0.822 0.625 0.398 0.236 0.132 0.070 0.035 0.017 0.008 0.003 0.001 0.000 0.000 0.000 0.000 0.000 0.000 0.000 0.000 0.000 0.000 0.000 0.000 0.000 0.000 0.000 0.000 0.000
0.000 0.000 0.000 0.000 0.000 0.000 0.000 0.000 0.000 0.000 0.000 0.000 0.000 0.000 0.000 0.000 0.000 0.000 0.001 0.001 0.002 0.004 0.005 0.006 0.006 0.007 0.008 0.008 0.009 0.010 0.011 0.012 0.013 0.014 0.016 0.017 0.018 0.019 0.021 0.072 0.246 0.458 0.628 0.760 0.843 0.860 0.853 0.833 0.781 0.657 0.464 0.286 0.167 0.092 0.048 0.024 0.011 0.005 0.002 0.001 0.000 0.000 0.000 0.000 0.000 0.000 0.000 0.000 0.000 0.000 0.000 0.000 0.000 0.000 0.000 0.000 0.000
0.000 0.000 0.000 0.000 0.000 0.000 0.000 0.000 0.000 0.000 0.000 0.000 0.000 0.000 0.000 0.000 0.000 0.000 0.001 0.001 0.002 0.003 0.004 0.005 0.006 0.007 0.007 0.008 0.009 0.010 0.011 0.012 0.013 0.014 0.015 0.016 0.018 0.019 0.020 0.053 0.202 0.403 0.536 0.623 0.675 0.696 0.698 0.684 0.624 0.493 0.324 0.196 0.112 0.061 0.031 0.015 0.007 0.003 0.001 0.000 0.000 0.000 0.000 0.000 0.000 0.000 0.000 0.000 0.000 0.000 0.000 0.000 0.000 0.000 0.000 0.000 0.000
0.000 0.000 0.000 0.000 0.000 0.000 0.000 0.000 0.000 0.000 0.000 0.000 0.000 0.000 0.000 0.000 0.000 0.000 0.001 0.001 0.001 0.002 0.004 0.005 0.006 0.006 0.007 0.008 0.009 0.009 0.010 0.011 0.012 0.013 0.015 0.016 0.017 0.018 0.019 0.035 0.133 0.323 0.455 0.514 0.542 0.553 0.552 0.529 0.462 0.340 0.213 0.127 0.072 0.038 0.019 0.009 0.004 0.002 0.001 0.000 0.000 0.000 0.000 0.000 0.000 0.000 0.000 0.000 0.000 0.000 0.000 0.000 0.000 0.000 0.000 0.000 0.000
0.000 0.000 0.000 0.000 0.000 0.000 0.000 0.000 0.000 0.000 0.000 0.000 0.000 0.000 0.000 0.000 0.000 0.000 0.000 0.001 0.001 0.002 0.003 0.004 0.005 0.006 0.007 0.007 0.008 0.009 0.010 0.011 0.012 0.013 0.014 0.015 0.016 0.017 0.018 0.023 0.082 0.248 0.366 0.410 0.421 0.414 0.402 0.371 0.313 0.218 0.133 0.078 0.043 0.023 0.011 0.005 0.002 0.001 0.000 0.000 0.000 0.000 0.000 0.000 0.000 0.000 0.000 0.000 0.000 0.000 0.000 0.000 0.000 0.000 0.000 0.000 0.000
0.000 0.000 0.000 0.000 0.000 0.000 0.000 0.000 0.000 0.000 0.000 0.000 0.000 0.000 0.000 0.000 0.000 0.000 0.000 0.001 0.001 0.001 0.002 0.004 0.004 0.005 0.006 0.007 0.007 0.008 0.009 0.010 0.011 0.012 0.013 0.014 0.015 0.016 0.017 0.019 0.057 0.189 0.271 0.303 0.305 0.289 0.268 0.243 0.204 0.135 0.079 0.046 0.025 0.013 0.006 0.003 0.001 0.000 0.000 0.000 0.000 0.000 0.000 0.000 0.000 0.000 0.000 0.000 0.000 0.000 0.000 0.000 0.000 0.000 0.000 0.000 0.000
0.000 0.000 0.000 0.000 0.000 0.000 0.000 0.000 0.000 0.000 0.000 0.000 0.000 0.000 0.000 0.000 0.000 0.000 0.000 0.001 0.001 0.001 0.001 0.003 0.004 0.004 0.005 0.006 0.006 0.007 0.008 0.009 0.010 0.010 0.011 0.012 0.013 0.015 0.016 0.017 0.038 0.134 0.197 0.210 0.208 0.192 0.168 0.151 0.126 0.079 0.044 0.025 0.014 0.007 0.003 0.001 0.000 0.000 0.000 0.000 0.000 0.000 0.000 0.000 0.000 0.000 0.000 0.000 0.000 0.000 0.000 0.000 0.000 0.000 0.000 0.000 0.000
0.000 0.000 0.000 0.000 0.000 0.000 0.000 0.000 0.000 0.000 0.000 0.000 0.000 0.000 0.000 0.000 0.000 0.000 0.000 0.000 0.001 0.001 0.001 0.002 0.003 0.003 0.004 0.005 0.005 0.006 0.007 0.007 0.008 0.009 0.010 0.010 0.011 0.012 0.013 0.014 0.023 0.086 0.137 0.140 0.136 0.122 0.102 0.088 0.070 0.042 0.024 0.013 0.007 0.003 0.002 0.001 0.000 0.000 0.000 0.000 0.000 0.000 0.000 0.000 0.000 0.000 0.000 0.000 0.000 0.000 0.000 0.000 0.000 0.000 0.000 0.000 0.000
0.000 0.000 0.000 0.000 0.000 0.000 0.000 0.000 0.000 0.000 0.000 0.001 0.000 0.001 0.001 0.000 0.000 0.000 0.000 0.000 0.000 0.001 0.001 0.001 0.002 0.002 0.003 0.003 0.004 0.004 0.005 0.005 0.006 0.007 0.007 0.008 0.009 0.010 0.010 0.011 0.014 0.050 0.087 0.089 0.084 0.074 0.060 0.048 0.035 0.021 0.012 0.007 0.003 0.002 0.001 0.000 0.000 0.000 0.000 0.000 0.000 0.000 0.000 0.000 0.000 0.000 0.000 0.000 0.000 0.000 0.000 0.000 0.000 0.000 0.000 0.000 0.000
0.000 0.000 0.000 0.000 0.000 0.000 0.000 0.000 0.000 0.000 0.000 0.000 0.000 0.000 0.000 0.000 0.000 0.000 0.000 0.001 0.000 0.001 0.001 0.001 0.001 0.001 0.002 0.002 0.002 0.003 0.003 0.003 0.004 0.004 0.005 0.005 0.006 0.006 0.007 0.007 0.008 0.027 0.051 0.052 0.049 0.042 0.034 0.024 0.016 0.010 0.006 0.003 0.001 0.001 0.000 0.000 0.000 0.000 0.000 0.000 0.000 0.000 0.000 0.000 0.000 0.000 0.000 0.000 0.000 0.000 0.000 0.000 0.000 0.000 0.000 0.000 0.000
0.000 0.000 0.000 0.000 0.000 0.000 0.000 0.000 0.000 0.000 0.000 0.000 0.000 0.000 0.000 0.000 0.000 0.000 0.000 0.000 0.000 0.000 0.000 0.000 0.001 0.001 0.001 0.001 0.001 0.001 0.002 0.002 0.002 0.003 0.003 0.003 0.003 0.004 0.004 0.004 0.005 0.014 0.027 0.028 0.026 0.022 0.017 0.012 0.008 0.005 0.003 0.001 0.001 0.000 0.000 0.000 0.000 0.000 0.000 0.000 0.000 0.000 0.000 0.000 0.000 0.000 0.000 0.000 0.000 0.000 0.000 0.000 0.000 0.000 0.000 0.000 0.000
0.000 0.000 0.000 0.000 0.000 0.000 0.000 0.000 0.000 0.000 0.000 0.000 0.000 0.000 0.000 0.000 0.000 0.000 0.000 0.000 0.000 0.000 0.000 0.000 0.000 0.000 0.000 0.000 0.000 0.001 0.001 0.001 0.001 0.001 0.002 0.002 0.002 0.002 0.002 0.002 0.003 0.007 0.013 0.013 0.013 0.011 0.008 0.005 0.003 0.002 0.001 0.000 0.000 0.000 0.000 0.000 0.000 0.000 0.000 0.000 0.000 0.000 0.000 0.000 0.000 0.000 0.000 0.000 0.000 0.000 0.000 0.000 0.000 0.000 0.000 0.000 0.000
