AvaFrame/avaframe/data/avaParabola/Avaflow_Input_Output/alr_results/alr_ascii/alr_hflow_max0016.asc
ncols 250
nrows 100
xllcenter 997.50
yllcenter -4997.50
cellsize 20.00
NODATA_value -9999.000
[rows 34 to 67 of 100, columns 77 to 153 of 250]
0.000 0.001 0.001 0.001 0.001 0.001 0.001 0.001 0.001 0.002 0.002 0.002 0.002 0.002 0.003 0.003 0.003 0.003 0.004 0.004 0.004 0.004 0.004 0.005 0.005 0.005 0.005 0.006 0.006 0.006 0.006 0.006 0.007 0.007 0.007 0.007 0.008 0.008 0.008 0.008 0.010 0.025 0.037 0.037 0.034 0.030 0.027 0.024 0.022 0.019 0.013 0.008 0.005 0.002 0.001 0.000 0.000 0.000 0.000 0.000 0.000 0.000 0.000 0.000 0.000 0.000 0.000 0.000 0.000 0.000 0.000 0.000 0.000 0.000 0.000 0.000 0.000
0.001 0.001 0.001 0.001 0.001 0.001 0.002 0.002 0.002 0.002 0.003 0.003 0.004 0.004 0.004 0.005 0.005 0.006 0.006 0.006 0.007 0.007 0.007 0.008 0.008 0.009 0.009 0.009 0.010 0.010 0.010 0.011 0.011 0.011 0.012 0.012 0.012 0.013 0.013 0.014 0.015 0.044 0.062 0.065 0.059 0.055 0.050 0.047 0.043 0.037 0.027 0.017 0.010 0.005 0.003 0.001 0.000 0.000 0.000 0.000 0.000 0.000 0.000 0.000 0.000 0.000 0.000 0.000 0.000 0.000 0.000 0.000 0.000 0.000 0.000 0.000 0.000
0.001 0.001 0.001 0.001 0.002 0.002 0.003 0.003 0.004 0.004 0.005 0.006 0.006 0.007 0.008 0.008 0.009 0.010 0.010 0.011 0.012 0.012 0.013 0.014 0.014 0.015 0.015 0.016 0.017 0.017 0.018 0.018 0.019 0.019 0.020 0.020 0.021 0.021 0.022 0.022 0.024 0.075 0.098 0.102 0.098 0.097 0.090 0.084 0.079 0.069 0.052 0.032 0.019 0.011 0.006 0.003 0.001 0.000 0.000 0.000 0.000 0.000 0.000 0.000 0.000 0.000 0.000 0.000 0.000 0.000 0.000 0.000 0.000 0.000 0.000 0.000 0.000
0.001 0.001 0.002 0.002 0.003 0.004 0.005 0.006 0.007 0.008 0.009 0.010 0.011 0.012 0.014 0.015 0.016 0.017 0.019 0.020 0.021 0.022 0.023 0.024 0.025 0.026 0.027 0.028 0.029 0.030 0.030 0.031 0.032 0.033 0.033 0.034 0.035 0.035 0.036 0.036 0.039 0.116 0.147 0.152 0.160 0.158 0.152 0.146 0.137 0.122 0.093 0.060 0.036 0.021 0.011 0.006 0.003 0.001 0.000 0.000 0.000 0.000 0.000 0.000 0.000 0.000 0.000 0.000 0.000 0.000 0.000 0.000 0.000 0.000 0.000 0.000 0.000
0.002 0.002 0.003 0.004 0.006 0.007 0.009 0.011 0.013 0.015 0.017 0.019 0.021 0.024 0.026 0.028 0.030 0.032 0.034 0.036 0.038 0.040 0.042 0.043 0.045 0.047 0.048 0.049 0.051 0.052 0.053 0.054 0.055 0.056 0.057 0.058 0.059 0.060 0.061 0.062 0.065 0.167 0.205 0.225 0.236 0.249 0.244 0.242 0.232 0.205 0.159 0.106 0.064 0.037 0.021 0.011 0.005 0.002 0.001 0.000 0.000 0.000 0.000 0.000 0.000 0.000 0.000 0.000 0.000 0.000 0.000 0.000 0.000 0.000 0.000 0.000 0.000
0.003 0.004 0.006 0.009 0.013 0.016 0.020 0.023 0.027 0.031 0.035 0.039 0.042 0.046 0.050 0.053 0.057 0.060 0.064 0.067 0.070 0.073 0.076 0.079 0.081 0.084 0.086 0.088 0.090 0.092 0.093 0.095 0.096 0.098 0.099 0.101 0.102 0.103 0.104 0.105 0.118 0.226 0.280 0.319 0.351 0.373 0.389 0.391 0.380 0.329 0.260 0.177 0.109 0.065 0.037 0.019 0.010 0.004 0.002 0.001 0.000 0.000 0.000 0.000 0.000 0.000 0.000 0.000 0.000 0.000 0.000 0.000 0.000 0.000 0.000 0.000 0.000
0.006 0.011 0.017 0.024 0.031 0.039 0.046 0.053 0.060 0.066 0.073 0.079 0.085 0.091 0.097 0.103 0.109 0.114 0.120 0.125 0.129 0.134 0.138 0.142 0.146 0.150 0.153 0.156 0.159 0.162 0.164 0.167 0.169 0.171 0.173 0.184 0.204 0.226 0.252 0.282 0.314 0.348 0.380 0.425 0.504 0.562 0.615 0.623 0.578 0.504 0.404 0.282 0.179 0.107 0.061 0.033 0.017 0.008 0.003 0.001 0.000 0.000 0.000 0.000 0.000 0.000 0.000 0.000 0.000 0.000 0.000 0.000 0.000 0.000 0.000 0.000 0.000
0.024 0.041 0.056 0.071 0.085 0.098 0.111 0.122 0.133 0.143 0.153 0.163 0.172 0.180 0.189 0.197 0.204 0.212 0.219 0.226 0.233 0.239 0.245 0.251 0.256 0.262 0.267 0.271 0.276 0.288 0.309 0.332 0.360 0.393 0.430 0.467 0.508 0.552 0.599 0.645 0.691 0.738 0.775 0.801 0.820 0.832 0.890 0.918 0.873 0.781 0.621 0.426 0.278 0.169 0.097 0.053 0.027 0.013 0.006 0.002 0.001 0.000 0.000 0.000 0.000 0.000 0.000 0.000 0.000 0.000 0.000 0.000 0.000 0.000 0.000 0.000 0.000
0.129 0.161 0.188 0.211 0.231 0.248 0.262 0.276 0.289 0.300 0.311 0.322 0.332 0.341 0.350 0.359 0.368 0.377 0.385 0.392 0.400 0.410 0.433 0.462 0.491 0.518 0.546 0.578 0.614 0.652 0.693 0.739 0.790 0.844 0.901 0.960 1.020 1.082 1.148 1.212 1.262 1.299 1.315 1.321 1.306 1.272 1.218 1.167 1.115 1.051 0.889 0.634 0.408 0.251 0.146 0.080 0.041 0.020 0.009 0.004 0.001 0.000 0.000 0.000 0.000 0.000 0.000 0.000 0.000 0.000 0.000 0.000 0.000 0.000 0.000 0.000 0.000
0.504 0.512 0.522 0.533 0.544 0.551 0.559 0.565 0.572 0.576 0.580 0.585 0.590 0.595 0.600 0.605 0.610 0.618 0.672 0.746 0.799 0.853 0.895 0.936 0.982 1.022 1.068 1.119 1.171 1.229 1.295 1.364 1.437 1.510 1.579 1.643 1.706 1.763 1.805 1.834 1.846 1.841 1.806 1.749 1.678 1.604 1.514 1.438 1.360 1.268 1.100 0.840 0.522 0.322 0.187 0.102 0.053 0.026 0.012 0.005 0.002 0.000 0.000 0.000 0.000 0.000 0.000 0.000 0.000 0.000 0.000 0.000 0.000 0.000 0.000 0.000 0.000
1.000 1.000 1.000 1.000 1.000 1.000 1.000 1.000 1.000 1.000 1.000 1.000 1.000 1.000 1.000 1.000 0.880 0.923 1.027 1.166 1.293 1.396 1.491 1.549 1.604 1.675 1.741 1.802 1.855 1.942 2.029 2.111 2.170 2.195 2.229 2.265 2.276 2.300 2.309 2.298 2.266 2.215 2.140 2.048 1.948 1.842 1.726 1.648 1.550 1.424 1.266 0.969 0.599 0.368 0.214 0.117 0.061 0.030 0.014 0.006 0.002 0.001 0.000 0.000 0.000 0.000 0.000 0.000 0.000 0.000 0.000 0.000 0.000 0.000 0.000 0.000 0.000
1.000 1.002 1.002 1.003 1.003 1.003 1.003 1.010 1.019 1.026 1.031 1.036 1.039 1.045 1.049 1.052 1.054 1.098 1.232 1.420 1.625 1.786 1.943 2.048 2.130 2.199 2.301 2.393 2.430 2.508 2.604 2.681 2.704 2.691 2.692 2.690 2.692 2.682 2.656 2.616 2.557 2.482 2.386 2.268 2.129 2.002 1.896 1.807 1.686 1.560 1.372 1.040 0.643 0.394 0.228 0.125 0.065 0.032 0.015 0.006 0.002 0.001 0.000 0.000 0.000 0.000 0.000 0.000 0.000 0.000 0.000 0.000 0.000 0.000 0.000 0.000 0.000
1.000 1.005 1.014 1.024 1.036 1.049 1.062 1.077 1.092 1.107 1.119 1.125 1.132 1.139 1.146 1.153 1.161 1.189 1.337 1.560 1.827 2.032 2.234 2.376 2.487 2.570 2.703 2.793 2.823 2.934 3.005 3.039 3.049 3.022 3.023 3.028 3.018 2.996 2.949 2.874 2.766 2.653 2.558 2.440 2.303 2.149 2.022 1.922 1.807 1.658 1.431 1.074 0.662 0.405 0.234 0.128 0.067 0.033 0.015 0.006 0.002 0.001 0.000 0.000 0.000 0.000 0.000 0.000 0.000 0.000 0.000 0.000 0.000 0.000 0.000 0.000 0.000
1.000 1.005 1.017 1.033 1.050 1.067 1.086 1.105 1.124 1.141 1.160 1.165 1.178 1.182 1.197 1.205 1.216 1.239 1.391 1.632 1.942 2.185 2.428 2.591 2.704 2.850 2.969 3.058 3.140 3.248 3.314 3.313 3.304 3.327 3.339 3.298 3.215 3.134 3.080 3.012 2.934 2.841 2.718 2.566 2.414 2.266 2.120 2.010 1.882 1.716 1.457 1.083 0.666 0.407 0.236 0.129 0.067 0.033 0.015 0.006 0.002 0.001 0.000 0.000 0.000 0.000 0.000 0.000 0.000 0.000 0.000 0.000 0.000 0.000 0.000 0.000 0.000
1.000 1.005 1.017 1.035 1.053 1.072 1.093 1.114 1.135 1.152 1.174 1.183 1.194 1.202 1.215 1.227 1.237 1.267 1.417 1.682 2.014 2.294 2.555 2.738 2.876 3.065 3.181 3.291 3.420 3.460 3.476 3.530 3.524 3.458 3.416 3.383 3.341 3.272 3.175 3.051 2.974 2.890 2.772 2.637 2.483 2.344 2.189 2.054 1.930 1.740 1.461 1.077 0.665 0.406 0.235 0.128 0.066 0.032 0.015 0.006 0.002 0.001 0.000 0.000 0.000 0.000 0.000 0.000 0.000 0.000 0.000 0.000 0.000 0.000 0.000 0.000 0.000
1.000 1.005 1.017 1.035 1.053 1.073 1.094 1.116 1.137 1.154 1.176 1.185 1.197 1.204 1.218 1.230 1.241 1.274 1.435 1.722 2.072 2.391 2.654 2.830 3.043 3.164 3.316 3.419 3.484 3.556 3.552 3.539 3.537 3.504 3.431 3.374 3.331 3.261 3.179 3.079 2.987 2.892 2.795 2.676 2.532 2.365 2.211 2.075 1.936 1.735 1.442 1.044 0.656 0.400 0.231 0.126 0.065 0.031 0.014 0.006 0.002 0.001 0.000 0.000 0.000 0.000 0.000 0.000 0.000 0.000 0.000 0.000 0.000 0.000 0.000 0.000 0.000
1.000 1.005 1.017 1.035 1.053 1.072 1.093 1.114 1.135 1.152 1.171 1.181 1.191 1.200 1.211 1.223 1.235 1.271 1.457 1.773 2.141 2.472 2.698 2.902 3.039 3.186 3.291 3.393 3.431 3.479 3.497 3.483 3.471 3.439 3.392 3.337 3.288 3.227 3.151 3.053 2.949 2.852 2.755 2.645 2.516 2.364 2.188 2.057 1.911 1.704 1.395 0.985 0.636 0.386 0.221 0.120 0.061 0.030 0.013 0.006 0.002 0.001 0.000 0.000 0.000 0.000 0.000 0.000 0.000 0.000 0.000 0.000 0.000 0.000 0.000 0.000 0.000
1.000 1.005 1.017 1.033 1.050 1.067 1.085 1.105 1.121 1.140 1.158 1.170 1.179 1.187 1.197 1.208 1.217 1.270 1.502 1.848 2.199 2.486 2.671 2.822 2.930 3.061 3.154 3.241 3.312 3.356 3.372 3.362 3.348 3.303 3.264 3.233 3.171 3.104 3.037 2.949 2.855 2.777 2.679 2.572 2.445 2.299 2.149 2.006 1.860 1.644 1.322 0.923 0.599 0.360 0.204 0.109 0.055 0.026 0.012 0.005 0.002 0.000 0.000 0.000 0.000 0.000 0.000 0.000 0.000 0.000 0.000 0.000 0.000 0.000 0.000 0.000 0.000
1.000 1.005 1.014 1.024 1.037 1.052 1.068 1.085 1.101 1.117 1.131 1.137 1.145 1.151 1.160 1.166 1.167 1.283 1.562 1.906 2.198 2.362 2.503 2.624 2.754 2.868 2.976 3.038 3.101 3.129 3.128 3.148 3.110 3.071 3.057 3.027 2.967 2.913 2.845 2.771 2.726 2.644 2.550 2.450 2.333 2.197 2.066 1.914 1.772 1.560 1.229 0.856 0.544 0.322 0.180 0.094 0.047 0.022 0.009 0.004 0.001 0.000 0.000 0.000 0.000 0.000 0.000 0.000 0.000 0.000 0.000 0.000 0.000 0.000 0.000 0.000 0.000
1.000 1.002 1.006 1.011 1.016 1.024 1.033 1.043 1.052 1.061 1.067 1.071 1.075 1.079 1.084 1.079 1.097 1.291 1.565 1.823 1.995 2.158 2.281 2.395 2.492 2.562 2.672 2.701 2.778 2.767 2.809 2.802 2.760 2.774 2.761 2.723 2.680 2.636 2.611 2.571 2.512 2.440 2.364 2.274 2.162 2.053 1.915 1.799 1.658 1.457 1.129 0.761 0.472 0.273 0.149 0.076 0.036 0.016 0.007 0.003 0.001 0.000 0.000 0.000 0.000 0.000 0.000 0.000 0.000 0.000 0.000 0.000 0.000 0.000 0.000 0.000 0.000
1.000 1.000 1.000 1.000 1.000 1.000 1.001 1.001 1.001 1.001 1.001 1.001 1.001 1.001 1.000 1.000 1.002 1.177 1.377 1.593 1.732 1.831 1.915 1.991 2.081 2.174 2.221 2.284 2.305 2.350 2.342 2.372 2.383 2.361 2.354 2.367 2.358 2.338 2.310 2.263 2.212 2.174 2.120 2.052 1.970 1.863 1.739 1.630 1.512 1.318 0.986 0.644 0.386 0.217 0.115 0.057 0.027 0.012 0.005 0.002 0.000 0.000 0.000 0.000 0.000 0.000 0.000 0.000 0.000 0.000 0.000 0.000 0.000 0.000 0.000 0.000 0.000
1.000 1.000 1.000 1.000 1.000 1.000 1.000 1.000 1.000 1.000 1.000 1.000 1.000 1.000 1.000 1.000 0.827 0.951 1.082 1.185 1.276 1.357 1.433 1.502 1.586 1.660 1.703 1.768 1.790 1.842 1.862 1.881 1.913 1.927 1.928 1.931 1.951 1.956 1.951 1.938 1.912 1.876 1.831 1.776 1.717 1.640 1.542 1.439 1.337 1.141 0.783 0.512 0.298 0.164 0.085 0.041 0.019 0.008 0.003 0.001 0.000 0.000 0.000 0.000 0.000 0.000 0.000 0.000 0.000 0.000 0.000 0.000 0.000 0.000 0.000 0.000 0.000
0.242 0.288 0.318 0.342 0.362 0.381 0.399 0.415 0.429 0.443 0.454 0.465 0.475 0.490 0.504 0.518 0.524 0.548 0.627 0.710 0.788 0.863 0.934 1.006 1.071 1.141 1.197 1.250 1.290 1.337 1.365 1.398 1.430 1.456 1.475 1.490 1.520 1.542 1.556 1.561 1.562 1.549 1.522 1.488 1.444 1.387 1.314 1.235 1.131 0.925 0.640 0.385 0.220 0.118 0.060 0.029 0.013 0.005 0.002 0.001 0.000 0.000 0.000 0.000 0.000 0.000 0.000 0.000 0.000 0.000 0.000 0.000 0.000 0.000 0.000 0.000 0.000
0.057 0.087 0.112 0.139 0.164 0.186 0.206 0.224 0.238 0.253 0.266 0.277 0.289 0.301 0.313 0.326 0.337 0.344 0.347 0.352 0.402 0.457 0.516 0.576 0.634 0.695 0.748 0.800 0.848 0.883 0.922 0.959 0.989 1.015 1.043 1.075 1.104 1.132 1.156 1.175 1.189 1.195 1.197 1.191 1.166 1.123 1.075 1.007 0.909 0.693 0.494 0.275 0.153 0.081 0.040 0.019 0.008 0.003 0.001 0.000 0.000 0.000 0.000 0.000 0.000 0.000 0.000 0.000 0.000 0.000 0.000 0.000 0.000 0.000 0.000 0.000 0.000
0.014 0.026 0.041 0.057 0.073 0.088 0.101 0.114 0.125 0.136 0.146 0.155 0.164 0.173 0.181 0.191 0.200 0.210 0.217 0.223 0.226 0.228 0.247 0.284 0.324 0.369 0.411 0.451 0.492 0.529 0.562 0.592 0.627 0.658 0.688 0.715 0.740 0.765 0.788 0.812 0.842 0.867 0.881 0.887 0.885 0.867 0.866 0.812 0.659 0.534 0.323 0.184 0.101 0.052 0.025 0.012 0.005 0.002 0.001 0.000 0.000 0.000 0.000 0.000 0.000 0.000 0.000 0.000 0.000 0.000 0.000 0.000 0.000 0.000 0.000 0.000 0.000
0.005 0.009 0.015 0.023 0.031 0.039 0.047 0.055 0.063 0.070 0.077 0.083 0.089 0.095 0.100 0.107 0.113 0.120 0.126 0.132 0.138 0.143 0.148 0.151 0.153 0.171 0.197 0.226 0.255 0.282 0.308 0.333 0.357 0.379 0.404 0.430 0.455 0.479 0.502 0.525 0.549 0.571 0.592 0.611 0.624 0.677 0.673 0.596 0.477 0.346 0.201 0.116 0.063 0.032 0.015 0.007 0.003 0.001 0.000 0.000 0.000 0.000 0.000 0.000 0.000 0.000 0.000 0.000 0.000 0.000 0.000 0.000 0.000 0.000 0.000 0.000 0.000
0.002 0.004 0.006 0.010 0.013 0.018 0.022 0.026 0.031 0.035 0.039 0.043 0.047 0.050 0.054 0.057 0.061 0.065 0.069 0.074 0.078 0.083 0.087 0.091 0.095 0.098 0.101 0.104 0.115 0.132 0.149 0.167 0.186 0.203 0.219 0.236 0.253 0.270 0.289 0.309 0.329 0.348 0.364 0.408 0.448 0.480 0.463 0.388 0.303 0.200 0.122 0.069 0.036 0.018 0.008 0.004 0.001 0.000 0.000 0.000 0.000 0.000 0.000 0.000 0.000 0.000 0.000 0.000 0.000 0.000 0.000 0.000 0.000 0.000 0.000 0.000 0.000
0.001 0.002 0.003 0.004 0.006 0.008 0.010 0.013 0.015 0.017 0.020 0.022 0.024 0.027 0.029 0.031 0.033 0.035 0.037 0.040 0.043 0.045 0.048 0.051 0.054 0.057 0.060 0.062 0.065 0.067 0.069 0.074 0.085 0.097 0.108 0.120 0.132 0.143 0.155 0.167 0.182 0.195 0.262 0.305 0.307 0.310 0.283 0.240 0.180 0.116 0.070 0.039 0.020 0.010 0.004 0.002 0.001 0.000 0.000 0.000 0.000 0.000 0.000 0.000 0.000 0.000 0.000 0.000 0.000 0.000 0.000 0.000 0.000 0.000 0.000 0.000 0.000
0.000 0.001 0.001 0.002 0.003 0.004 0.005 0.006 0.007 0.009 0.010 0.011 0.013 0.014 0.015 0.016 0.018 0.019 0.020 0.022 0.023 0.025 0.026 0.028 0.029 0.031 0.033 0.035 0.036 0.038 0.040 0.042 0.044 0.046 0.047 0.053 0.061 0.068 0.076 0.083 0.092 0.130 0.189 0.214 0.209 0.203 0.177 0.143 0.101 0.064 0.037 0.020 0.010 0.005 0.002 0.001 0.000 0.000 0.000 0.000 0.000 0.000 0.000 0.000 0.000 0.000 0.000 0.000 0.000 0.000 0.000 0.000 0.000 0.000 0.000 0.000 0.000
0.000 0.000 0.000 0.001 0.001 0.002 0.002 0.003 0.003 0.004 0.005 0.006 0.006 0.007 0.008 0.009 0.009 0.010 0.011 0.012 0.012 0.013 0.014 0.015 0.016 0.017 0.018 0.019 0.020 0.021 0.022 0.023 0.024 0.025 0.027 0.028 0.029 0.031 0.033 0.037 0.041 0.079 0.126 0.137 0.133 0.121 0.103 0.079 0.054 0.033 0.019 0.010 0.005 0.002 0.001 0.000 0.000 0.000 0.000 0.000 0.000 0.000 0.000 0.000 0.000 0.000 0.000 0.000 0.000 0.000 0.000 0.000 0.000 0.000 0.000 0.000 0.000
0.000 0.000 0.000 0.000 0.000 0.000 0.001 0.001 0.002 0.002 0.002 0.003 0.003 0.003 0.004 0.004 0.005 0.005 0.006 0.006 0.007 0.007 0.007 0.008 0.008 0.009 0.009 0.010 0.010 0.011 0.012 0.012 0.013 0.014 0.014 0.015 0.016 0.017 0.018 0.019 0.019 0.043 0.078 0.083 0.079 0.070 0.056 0.041 0.027 0.016 0.009 0.005 0.002 0.001 0.000 0.000 0.000 0.000 0.000 0.000 0.000 0.000 0.000 0.000 0.000 0.000 0.000 0.000 0.000 0.000 0.000 0.000 0.000 0.000 0.000 0.000 0.000
0.000 0.000 0.000 0.000 0.000 0.000 0.000 0.000 0.000 0.001 0.001 0.001 0.001 0.002 0.002 0.002 0.002 0.002 0.003 0.003 0.003 0.003 0.004 0.004 0.004 0.005 0.005 0.005 0.006 0.006 0.006 0.006 0.007 0.007 0.008 0.008 0.008 0.009 0.010 0.010 0.010 0.022 0.043 0.047 0.044 0.037 0.029 0.020 0.013 0.008 0.004 0.002 0.001 0.000 0.000 0.000 0.000 0.000 0.000 0.000 0.000 0.000 0.000 0.000 0.000 0.000 0.000 0.000 0.000 0.000 0.000 0.000 0.000 0.000 0.000 0.000 0.000
0.000 0.000 0.000 0.000 0.000 0.000 0.000 0.000 0.000 0.000 0.000 0.000 0.000 0.000 0.001 0.001 0.001 0.001 0.001 0.001 0.001 0.002 0.002 0.002 0.002 0.002 0.002 0.002 0.003 0.003 0.003 0.003 0.003 0.003 0.004 0.004 0.004 0.004 0.005 0.005 0.006 0.011 0.021 0.024 0.022 0.018 0.014 0.009 0.006 0.003 0.002 0.001 0.000 0.000 0.000 0.000 0.000 0.000 0.000 0.000 0.000 0.000 0.000 0.000 0.000 0.000 0.000 0.000 0.000 0.000 0.000 0.000 0.000 0.000 0.000 0.000 0.000
0.000 0.000 0.000 0.000 0.000 0.000 0.000 0.000 0.000 0.000 0.000 0.000 0.000 0.000 0.000 0.000 0.000 0.000 0.000 0.000 0.000 0.000 0.000 0.001 0.001 0.001 0.001 0.001 0.001 0.001 0.001 0.001 0.002 0.002 0.002 0.002 0.002 0.002 0.002 0.002 0.003 0.005 0.010 0.011 0.010 0.008 0.006 0.004 0.002 0.001 0.001 0.000 0.000 0.000 0.000 0.000 0.000 0.000 0.000 0.000 0.000 0.000 0.000 0.000 0.000 0.000 0.000 0.000 0.000 0.000 0.000 0.000 0.000 0.000 0.000 0.000 0.000
