AvaFrame/avaframe/data/avaParabola/Avaflow_Input_Output/alr_results/alr_ascii/alr_hflow0017.asc
ncols 250
nrows 100
xllcenter 997.50
yllcenter -4997.50
cellsize 20.00
NODATA_value -9999.000
[rows 34 to 67 of 100, columns 77 to 153 of 250]
0.000 0.001 0.001 0.001 0.000 0.000 0.000 0.000 0.000 0.000 0.000 0.000 0.000 0.000 0.000 0.000 0.000 0.000 0.000 0.000 0.000 0.000 0.000 0.001 0.001 0.001 0.002 0.002 0.003 0.003 0.003 0.003 0.004 0.004 0.004 0.004 0.005 0.005 0.005 0.006 0.006 0.014 0.028 0.031 0.028 0.025 0.022 0.020 0.018 0.016 0.012 0.008 0.005 0.003 0.001 0.001 0.000 0.000 0.000 0.000 0.000 0.000 0.000 0.000 0.000 0.000 0.000 0.000 0.000 0.000 0.000 0.000 0.000 0.000 0.000 0.000 0.000
0.001 0.001 0.000 0.000 0.000 0.000 0.000 0.000 0.000 0.000 0.000 0.000 0.000 0.000 0.000 0.000 0.000 0.000 0.000 0.000 0.000 0.001 0.001 0.001 0.001 0.002 0.003 0.003 0.004 0.004 0.004 0.005 0.005 0.005 0.006 0.006 0.006 0.007 0.007 0.008 0.009 0.023 0.048 0.054 0.049 0.045 0.041 0.038 0.034 0.030 0.025 0.017 0.010 0.006 0.003 0.001 0.001 0.000 0.000 0.000 0.000 0.000 0.000 0.000 0.000 0.000 0.000 0.000 0.000 0.000 0.000 0.000 0.000 0.000 0.000 0.000 0.000
0.000 0.000 0.000 0.000 0.000 0.000 0.000 0.000 0.000 0.000 0.000 0.000 0.000 0.000 0.000 0.000 0.000 0.000 0.000 0.000 0.001 0.001 0.001 0.001 0.002 0.003 0.004 0.004 0.005 0.005 0.005 0.006 0.006 0.007 0.007 0.008 0.008 0.009 0.009 0.010 0.012 0.040 0.079 0.085 0.081 0.077 0.073 0.069 0.064 0.057 0.047 0.033 0.020 0.012 0.006 0.003 0.001 0.001 0.000 0.000 0.000 0.000 0.000 0.000 0.000 0.000 0.000 0.000 0.000 0.000 0.000 0.000 0.000 0.000 0.000 0.000 0.000
0.000 0.000 0.000 0.000 0.000 0.000 0.000 0.000 0.000 0.000 0.000 0.000 0.000 0.000 0.000 0.000 0.000 0.000 0.000 0.001 0.001 0.001 0.002 0.003 0.003 0.004 0.005 0.005 0.005 0.006 0.006 0.007 0.008 0.008 0.009 0.010 0.010 0.011 0.012 0.013 0.018 0.068 0.121 0.127 0.127 0.126 0.123 0.119 0.112 0.102 0.085 0.060 0.037 0.022 0.012 0.006 0.003 0.001 0.000 0.000 0.000 0.000 0.000 0.000 0.000 0.000 0.000 0.000 0.000 0.000 0.000 0.000 0.000 0.000 0.000 0.000 0.000
0.000 0.000 0.000 0.000 0.000 0.000 0.000 0.000 0.000 0.000 0.000 0.000 0.000 0.000 0.000 0.000 0.000 0.000 0.000 0.001 0.001 0.001 0.003 0.004 0.004 0.005 0.005 0.006 0.006 0.007 0.008 0.008 0.009 0.010 0.011 0.012 0.013 0.014 0.015 0.016 0.030 0.108 0.172 0.183 0.191 0.196 0.198 0.196 0.189 0.174 0.147 0.106 0.066 0.040 0.022 0.012 0.006 0.003 0.001 0.000 0.000 0.000 0.000 0.000 0.000 0.000 0.000 0.000 0.000 0.000 0.000 0.000 0.000 0.000 0.000 0.000 0.000
0.000 0.000 0.000 0.000 0.000 0.000 0.000 0.000 0.000 0.000 0.000 0.000 0.000 0.000 0.000 0.000 0.000 0.000 0.001 0.001 0.001 0.003 0.004 0.004 0.005 0.006 0.006 0.007 0.007 0.008 0.009 0.010 0.011 0.012 0.013 0.014 0.015 0.016 0.017 0.018 0.048 0.161 0.232 0.255 0.275 0.293 0.304 0.307 0.302 0.283 0.241 0.176 0.113 0.068 0.039 0.021 0.011 0.005 0.002 0.001 0.000 0.000 0.000 0.000 0.000 0.000 0.000 0.000 0.000 0.000 0.000 0.000 0.000 0.000 0.000 0.000 0.000
0.000 0.000 0.000 0.000 0.000 0.000 0.000 0.000 0.000 0.000 0.000 0.000 0.000 0.000 0.000 0.000 0.000 0.001 0.001 0.001 0.002 0.004 0.004 0.005 0.006 0.006 0.007 0.008 0.008 0.009 0.010 0.011 0.012 0.013 0.014 0.015 0.016 0.018 0.019 0.021 0.075 0.208 0.292 0.348 0.378 0.424 0.455 0.462 0.459 0.435 0.376 0.281 0.182 0.111 0.064 0.035 0.018 0.009 0.004 0.002 0.000 0.000 0.000 0.000 0.000 0.000 0.000 0.000 0.000 0.000 0.000 0.000 0.000 0.000 0.000 0.000 0.000
0.000 0.000 0.000 0.000 0.000 0.000 0.000 0.000 0.000 0.000 0.000 0.000 0.000 0.000 0.000 0.000 0.000 0.001 0.001 0.002 0.003 0.004 0.005 0.006 0.006 0.007 0.008 0.008 0.009 0.010 0.011 0.012 0.013 0.014 0.015 0.017 0.018 0.019 0.020 0.024 0.104 0.247 0.351 0.448 0.502 0.604 0.669 0.667 0.660 0.626 0.548 0.432 0.286 0.174 0.102 0.056 0.029 0.014 0.007 0.003 0.001 0.000 0.000 0.000 0.000 0.000 0.000 0.000 0.000 0.000 0.000 0.000 0.000 0.000 0.000 0.000 0.000
0.000 0.000 0.000 0.000 0.000 0.000 0.000 0.000 0.000 0.000 0.000 0.000 0.000 0.000 0.000 0.000 0.001 0.001 0.001 0.003 0.004 0.005 0.006 0.006 0.007 0.008 0.008 0.009 0.010 0.011 0.012 0.013 0.014 0.015 0.017 0.018 0.019 0.021 0.022 0.030 0.135 0.300 0.401 0.542 0.679 0.811 0.893 0.887 0.868 0.825 0.744 0.621 0.424 0.256 0.151 0.084 0.044 0.022 0.010 0.004 0.002 0.000 0.000 0.000 0.000 0.000 0.000 0.000 0.000 0.000 0.000 0.000 0.000 0.000 0.000 0.000 0.000
0.000 0.000 0.000 0.000 0.000 0.000 0.000 0.000 0.000 0.000 0.000 0.000 0.000 0.000 0.000 0.000 0.001 0.001 0.002 0.003 0.004 0.005 0.006 0.007 0.007 0.008 0.009 0.009 0.010 0.011 0.012 0.014 0.015 0.016 0.017 0.019 0.020 0.022 0.023 0.040 0.170 0.351 0.469 0.667 0.865 0.977 1.047 1.055 1.041 1.002 0.912 0.757 0.530 0.327 0.192 0.107 0.057 0.028 0.013 0.006 0.002 0.001 0.000 0.000 0.000 0.000 0.000 0.000 0.000 0.000 0.000 0.000 0.000 0.000 0.000 0.000 0.000
0.000 0.000 0.000 0.000 0.000 0.000 0.000 0.000 0.000 0.000 0.000 0.000 0.000 0.000 0.000 0.000 0.001 0.001 0.002 0.004 0.005 0.005 0.006 0.007 0.008 0.008 0.009 0.010 0.011 0.012 0.013 0.014 0.015 0.017 0.018 0.019 0.021 0.022 0.023 0.053 0.206 0.411 0.586 0.795 0.969 1.091 1.166 1.186 1.180 1.142 1.046 0.864 0.602 0.374 0.220 0.122 0.065 0.032 0.015 0.007 0.003 0.001 0.000 0.000 0.000 0.000 0.000 0.000 0.000 0.000 0.000 0.000 0.000 0.000 0.000 0.000 0.000
0.000 0.000 0.000 0.000 0.000 0.000 0.000 0.000 0.000 0.000 0.000 0.000 0.000 0.000 0.000 0.000 0.001 0.001 0.003 0.004 0.005 0.006 0.006 0.007 0.008 0.008 0.009 0.010 0.011 0.012 0.013 0.014 0.016 0.017 0.018 0.020 0.021 0.023 0.025 0.066 0.244 0.453 0.738 0.895 1.076 1.206 1.273 1.292 1.286 1.243 1.133 0.932 0.646 0.400 0.235 0.131 0.069 0.034 0.016 0.007 0.003 0.001 0.000 0.000 0.000 0.000 0.000 0.000 0.000 0.000 0.000 0.000 0.000 0.000 0.000 0.000 0.000
0.000 0.000 0.000 0.000 0.000 0.000 0.000 0.000 0.000 0.000 0.000 0.000 0.000 0.000 0.000 0.001 0.001 0.001 0.003 0.004 0.005 0.006 0.006 0.007 0.008 0.009 0.009 0.010 0.011 0.012 0.013 0.015 0.016 0.017 0.019 0.020 0.022 0.023 0.026 0.083 0.295 0.516 0.815 0.986 1.171 1.292 1.351 1.366 1.358 1.308 1.186 0.969 0.665 0.411 0.241 0.134 0.071 0.035 0.017 0.007 0.003 0.001 0.000 0.000 0.000 0.000 0.000 0.000 0.000 0.000 0.000 0.000 0.000 0.000 0.000 0.000 0.000
0.000 0.000 0.000 0.000 0.000 0.000 0.000 0.000 0.000 0.000 0.000 0.000 0.000 0.000 0.000 0.001 0.001 0.002 0.003 0.004 0.005 0.006 0.006 0.007 0.008 0.009 0.009 0.010 0.011 0.012 0.013 0.015 0.016 0.017 0.019 0.020 0.022 0.023 0.025 0.097 0.339 0.603 0.831 1.048 1.229 1.345 1.399 1.410 1.399 1.344 1.212 0.983 0.670 0.414 0.242 0.135 0.071 0.035 0.017 0.007 0.003 0.001 0.000 0.000 0.000 0.000 0.000 0.000 0.000 0.000 0.000 0.000 0.000 0.000 0.000 0.000 0.000
0.000 0.000 0.000 0.000 0.000 0.000 0.000 0.000 0.000 0.000 0.000 0.000 0.000 0.000 0.000 0.001 0.001 0.002 0.003 0.004 0.005 0.006 0.007 0.007 0.008 0.009 0.009 0.010 0.011 0.012 0.014 0.015 0.016 0.017 0.019 0.020 0.022 0.023 0.024 0.099 0.358 0.641 0.877 1.082 1.258 1.371 1.421 1.431 1.417 1.357 1.220 0.986 0.669 0.413 0.242 0.134 0.071 0.035 0.016 0.007 0.003 0.001 0.000 0.000 0.000 0.000 0.000 0.000 0.000 0.000 0.000 0.000 0.000 0.000 0.000 0.000 0.000
0.000 0.000 0.000 0.000 0.000 0.000 0.000 0.000 0.000 0.000 0.000 0.000 0.000 0.000 0.000 0.001 0.001 0.002 0.003 0.004 0.005 0.006 0.007 0.007 0.008 0.009 0.010 0.010 0.011 0.012 0.014 0.015 0.016 0.018 0.019 0.020 0.022 0.023 0.023 0.099 0.371 0.660 0.893 1.097 1.270 1.380 1.427 1.436 1.422 1.360 1.220 0.981 0.661 0.407 0.238 0.132 0.069 0.034 0.016 0.007 0.003 0.001 0.000 0.000 0.000 0.000 0.000 0.000 0.000 0.000 0.000 0.000 0.000 0.000 0.000 0.000 0.000
0.000 0.000 0.000 0.000 0.000 0.000 0.000 0.000 0.000 0.000 0.000 0.000 0.000 0.000 0.000 0.001 0.001 0.002 0.003 0.004 0.005 0.006 0.007 0.007 0.008 0.009 0.010 0.010 0.011 0.012 0.014 0.015 0.016 0.018 0.019 0.020 0.022 0.023 0.024 0.106 0.390 0.664 0.894 1.102 1.272 1.379 1.426 1.435 1.419 1.355 1.210 0.963 0.641 0.393 0.228 0.126 0.066 0.032 0.015 0.006 0.002 0.001 0.000 0.000 0.000 0.000 0.000 0.000 0.000 0.000 0.000 0.000 0.000 0.000 0.000 0.000 0.000
0.000 0.000 0.000 0.000 0.000 0.000 0.000 0.000 0.000 0.000 0.000 0.000 0.000 0.000 0.000 0.001 0.001 0.002 0.003 0.004 0.005 0.006 0.007 0.007 0.008 0.009 0.010 0.010 0.011 0.012 0.014 0.015 0.016 0.018 0.019 0.020 0.022 0.023 0.024 0.111 0.397 0.659 0.889 1.100 1.267 1.371 1.416 1.423 1.406 1.335 1.181 0.924 0.606 0.369 0.212 0.115 0.059 0.029 0.013 0.006 0.002 0.001 0.000 0.000 0.000 0.000 0.000 0.000 0.000 0.000 0.000 0.000 0.000 0.000 0.000 0.000 0.000
0.000 0.000 0.000 0.000 0.000 0.000 0.000 0.000 0.000 0.000 0.000 0.000 0.000 0.000 0.000 0.001 0.001 0.002 0.003 0.004 0.005 0.006 0.007 0.007 0.008 0.009 0.010 0.010 0.011 0.012 0.014 0.015 0.016 0.018 0.019 0.020 0.022 0.023 0.024 0.110 0.394 0.656 0.884 1.090 1.251 1.348 1.388 1.393 1.372 1.293 1.128 0.859 0.553 0.332 0.188 0.101 0.051 0.024 0.011 0.004 0.002 0.000 0.000 0.000 0.000 0.000 0.000 0.000 0.000 0.000 0.000 0.000 0.000 0.000 0.000 0.000 0.000
0.000 0.000 0.000 0.000 0.000 0.000 0.000 0.000 0.000 0.000 0.000 0.000 0.000 0.000 0.000 0.001 0.001 0.002 0.003 0.004 0.005 0.006 0.007 0.007 0.008 0.009 0.009 0.010 0.011 0.012 0.014 0.015 0.016 0.018 0.019 0.020 0.022 0.023 0.025 0.094 0.365 0.659 0.884 1.068 1.216 1.303 1.336 1.338 1.309 1.220 1.043 0.768 0.482 0.283 0.157 0.082 0.040 0.019 0.008 0.003 0.001 0.000 0.000 0.000 0.000 0.000 0.000 0.000 0.000 0.000 0.000 0.000 0.000 0.000 0.000 0.000 0.000
0.000 0.000 0.000 0.000 0.000 0.000 0.000 0.000 0.000 0.000 0.000 0.000 0.000 0.000 0.000 0.001 0.001 0.001 0.003 0.004 0.005 0.006 0.006 0.007 0.008 0.009 0.009 0.010 0.011 0.012 0.014 0.015 0.016 0.017 0.019 0.020 0.022 0.023 0.024 0.063 0.307 0.638 0.878 1.034 1.160 1.230 1.254 1.251 1.215 1.113 0.926 0.654 0.398 0.226 0.122 0.062 0.030 0.013 0.006 0.002 0.001 0.000 0.000 0.000 0.000 0.000 0.000 0.000 0.000 0.000 0.000 0.000 0.000 0.000 0.000 0.000 0.000
0.000 0.000 0.000 0.000 0.000 0.000 0.000 0.000 0.000 0.000 0.000 0.000 0.000 0.000 0.000 0.001 0.001 0.001 0.003 0.004 0.005 0.006 0.006 0.007 0.008 0.009 0.009 0.010 0.011 0.012 0.013 0.015 0.016 0.017 0.019 0.020 0.022 0.023 0.024 0.054 0.292 0.597 0.829 0.974 1.084 1.132 1.141 1.134 1.090 0.978 0.783 0.523 0.309 0.172 0.090 0.045 0.021 0.009 0.004 0.001 0.000 0.000 0.000 0.000 0.000 0.000 0.000 0.000 0.000 0.000 0.000 0.000 0.000 0.000 0.000 0.000 0.000
0.000 0.000 0.000 0.000 0.000 0.000 0.000 0.000 0.000 0.000 0.000 0.000 0.000 0.000 0.000 0.001 0.001 0.001 0.002 0.004 0.005 0.005 0.006 0.007 0.008 0.008 0.009 0.010 0.011 0.012 0.013 0.015 0.016 0.017 0.018 0.020 0.021 0.023 0.024 0.060 0.285 0.526 0.729 0.864 0.963 1.001 1.002 0.992 0.943 0.823 0.620 0.391 0.227 0.124 0.064 0.031 0.015 0.006 0.002 0.001 0.000 0.000 0.000 0.000 0.000 0.000 0.000 0.000 0.000 0.000 0.000 0.000 0.000 0.000 0.000 0.000 0.000
0.000 0.000 0.000 0.000 0.000 0.000 0.000 0.000 0.000 0.000 0.000 0.000 0.000 0.000 0.000 0.000 0.001 0.001 0.002 0.003 0.004 0.005 0.006 0.007 0.007 0.008 0.009 0.010 0.011 0.012 0.013 0.014 0.015 0.017 0.018 0.019 0.021 0.022 0.023 0.065 0.250 0.465 0.632 0.730 0.806 0.850 0.860 0.850 0.793 0.658 0.456 0.279 0.159 0.086 0.044 0.021 0.009 0.004 0.001 0.000 0.000 0.000 0.000 0.000 0.000 0.000 0.000 0.000 0.000 0.000 0.000 0.000 0.000 0.000 0.000 0.000 0.000
0.000 0.000 0.000 0.000 0.000 0.000 0.000 0.000 0.000 0.000 0.000 0.000 0.000 0.000 0.000 0.000 0.001 0.001 0.001 0.003 0.004 0.005 0.006 0.006 0.007 0.008 0.009 0.010 0.011 0.012 0.013 0.014 0.015 0.016 0.018 0.019 0.020 0.022 0.023 0.054 0.200 0.401 0.524 0.607 0.677 0.706 0.719 0.703 0.645 0.493 0.315 0.189 0.106 0.056 0.028 0.013 0.006 0.002 0.001 0.000 0.000 0.000 0.000 0.000 0.000 0.000 0.000 0.000 0.000 0.000 0.000 0.000 0.000 0.000 0.000 0.000 0.000
0.000 0.000 0.000 0.000 0.000 0.000 0.000 0.000 0.000 0.000 0.000 0.000 0.000 0.000 0.000 0.000 0.001 0.001 0.001 0.002 0.004 0.004 0.005 0.006 0.007 0.008 0.008 0.009 0.010 0.011 0.012 0.013 0.014 0.016 0.017 0.018 0.020 0.021 0.022 0.034 0.145 0.314 0.401 0.473 0.582 0.565 0.561 0.533 0.473 0.335 0.206 0.121 0.067 0.035 0.017 0.008 0.003 0.001 0.000 0.000 0.000 0.000 0.000 0.000 0.000 0.000 0.000 0.000 0.000 0.000 0.000 0.000 0.000 0.000 0.000 0.000 0.000
0.000 0.000 0.000 0.000 0.000 0.000 0.000 0.000 0.000 0.000 0.000 0.000 0.000 0.000 0.000 0.000 0.000 0.001 0.001 0.001 0.003 0.004 0.005 0.006 0.006 0.007 0.008 0.009 0.009 0.010 0.011 0.012 0.014 0.015 0.016 0.017 0.018 0.020 0.021 0.024 0.096 0.243 0.322 0.372 0.446 0.428 0.406 0.371 0.307 0.209 0.127 0.073 0.040 0.020 0.010 0.004 0.002 0.001 0.000 0.000 0.000 0.000 0.000 0.000 0.000 0.000 0.000 0.000 0.000 0.000 0.000 0.000 0.000 0.000 0.000 0.000 0.000
0.000 0.000 0.000 0.000 0.000 0.000 0.000 0.000 0.000 0.000 0.000 0.000 0.000 0.000 0.000 0.000 0.000 0.001 0.001 0.001 0.002 0.003 0.004 0.005 0.006 0.006 0.007 0.008 0.009 0.009 0.010 0.011 0.013 0.014 0.015 0.016 0.017 0.019 0.020 0.020 0.056 0.175 0.262 0.295 0.307 0.302 0.275 0.241 0.187 0.122 0.073 0.042 0.022 0.011 0.005 0.002 0.001 0.000 0.000 0.000 0.000 0.000 0.000 0.000 0.000 0.000 0.000 0.000 0.000 0.000 0.000 0.000 0.000 0.000 0.000 0.000 0.000
0.000 0.000 0.000 0.000 0.000 0.000 0.000 0.000 0.000 0.000 0.000 0.000 0.000 0.000 0.000 0.000 0.000 0.001 0.001 0.001 0.001 0.002 0.003 0.004 0.005 0.005 0.006 0.007 0.008 0.008 0.009 0.010 0.011 0.012 0.013 0.014 0.015 0.017 0.018 0.019 0.033 0.115 0.194 0.209 0.215 0.196 0.175 0.147 0.106 0.068 0.040 0.022 0.012 0.006 0.003 0.001 0.000 0.000 0.000 0.000 0.000 0.000 0.000 0.000 0.000 0.000 0.000 0.000 0.000 0.000 0.000 0.000 0.000 0.000 0.000 0.000 0.000
0.000 0.000 0.000 0.000 0.000 0.000 0.000 0.000 0.000 0.000 0.000 0.000 0.000 0.000 0.000 0.000 0.000 0.000 0.001 0.001 0.001 0.001 0.002 0.003 0.004 0.004 0.005 0.005 0.006 0.007 0.008 0.008 0.009 0.010 0.011 0.012 0.013 0.014 0.015 0.016 0.020 0.071 0.130 0.142 0.137 0.123 0.105 0.084 0.057 0.036 0.021 0.012 0.006 0.003 0.001 0.000 0.000 0.000 0.000 0.000 0.000 0.000 0.000 0.000 0.000 0.000 0.000 0.000 0.000 0.000 0.000 0.000 0.000 0.000 0.000 0.000 0.000
0.000 0.000 0.000 0.000 0.000 0.000 0.000 0.000 0.000 0.000 0.000 0.001 0.000 0.001 0.001 0.000 0.000 0.000 0.000 0.001 0.001 0.001 0.001 0.002 0.002 0.003 0.003 0.004 0.005 0.005 0.006 0.006 0.007 0.007 0.008 0.009 0.010 0.010 0.011 0.012 0.013 0.041 0.081 0.088 0.082 0.072 0.059 0.044 0.029 0.018 0.010 0.006 0.003 0.001 0.000 0.000 0.000 0.000 0.000 0.000 0.000 0.000 0.000 0.000 0.000 0.000 0.000 0.000 0.000 0.000 0.000 0.000 0.000 0.000 0.000 0.000 0.000
0.000 0.000 0.000 0.000 0.000 0.000 0.000 0.000 0.000 0.000 0.000 0.000 0.000 0.000 0.000 0.000 0.000 0.000 0.000 0.001 0.001 0.001 0.001 0.001 0.001 0.002 0.002 0.003 0.003 0.003 0.003 0.004 0.004 0.005 0.005 0.006 0.006 0.007 0.007 0.008 0.008 0.022 0.046 0.050 0.047 0.039 0.031 0.022 0.014 0.009 0.005 0.002 0.001 0.000 0.000 0.000 0.000 0.000 0.000 0.000 0.000 0.000 0.000 0.000 0.000 0.000 0.000 0.000 0.000 0.000 0.000 0.000 0.000 0.000 0.000 0.000 0.000
0.000 0.000 0.000 0.000 0.000 0.000 0.000 0.000 0.000 0.000 0.000 0.000 0.000 0.000 0.000 0.000 0.000 0.000 0.000 0.000 0.000 0.000 0.001 0.001 0.001 0.001 0.001 0.001 0.001 0.002 0.002 0.002 0.003 0.003 0.003 0.003 0.004 0.004 0.004 0.005 0.005 0.012 0.023 0.026 0.025 0.020 0.015 0.010 0.006 0.004 0.002 0.001 0.000 0.000 0.000 0.000 0.000 0.000 0.000 0.000 0.000 0.000 0.000 0.000 0.000 0.000 0.000 0.000 0.000 0.000 0.000 0.000 0.000 0.000 0.000 0.000 0.000
0.000 0.000 0.000 0.000 0.000 0.000 0.000 0.000 0.000 0.000 0.000 0.000 0.000 0.000 0.000 0.000 0.000 0.000 0.000 0.000 0.000 0.000 0.000 0.000 0.000 0.000 0.000 0.000 0.001 0.001 0.001 0.001 0.001 0.001 0.002 0.002 0.002 0.002 0.002 0.002 0.003 0.006 0.011 0.012 0.012 0.009 0.007 0.005 0.003 0.002 0.001 0.000 0.000 0.000 0.000 0.000 0.000 0.000 0.000 0.000 0.000 0.000 0.000 0.000 0.000 0.000 0.000 0.000 0.000 0.000 0.000 0.000 0.000 0.000 0.000 0.000 0.000
