AvaFrame/avaframe/data/avaParabola/Avaflow_Input_Output/alr_results/alr_ascii/alr_hflow0006.asc
ncols 250
nrows 100
xllcenter 997.50
yllcenter -4997.50
cellsize 20.00
NODATA_value -9999.000
[rows 34 to 67 of 100, columns 77 to 153 of 250]
0.000 0.001 0.001 0.001 0.000 0.001 0.001 0.001 0.001 0.001 0.001 0.001 0.002 0.002 0.002 0.002 0.002 0.003 0.003 0.003 0.003 0.003 0.003 0.003 0.003 0.003 0.003 0.003 0.003 0.003 0.003 0.003 0.003 0.003 0.003 0.002 0.002 0.002 0.002 0.002 0.002 0.001 0.001 0.001 0.001 0.000 0.000 0.000 0.000 0.000 0.000 0.000 0.000 0.000 0.000 0.000 0.000 0.000 0.000 0.000 0.000 0.000 0.000 0.000 0.000 0.000 0.000 0.000 0.000 0.000 0.000 0.000 0.000 0.000 0.000 0.000 0.000
0.001 0.001 0.000 0.000 0.001 0.001 0.001 0.001 0.001 0.002 0.002 0.002 0.002 0.003 0.003 0.003 0.004 0.004 0.004 0.005 0.005 0.005 0.006 0.006 0.006 0.006 0.007 0.007 0.007 0.007 0.007 0.007 0.007 0.006 0.006 0.006 0.006 0.005 0.005 0.004 0.004 0.003 0.003 0.003 0.003 0.002 0.002 0.001 0.001 0.000 0.000 0.000 0.000 0.000 0.000 0.000 0.000 0.000 0.000 0.000 0.000 0.000 0.000 0.000 0.000 0.000 0.000 0.000 0.000 0.000 0.000 0.000 0.000 0.000 0.000 0.000 0.000
0.000 0.000 0.000 0.001 0.001 0.001 0.001 0.001 0.002 0.002 0.003 0.003 0.003 0.004 0.004 0.005 0.005 0.006 0.007 0.007 0.008 0.009 0.009 0.010 0.010 0.011 0.012 0.012 0.012 0.013 0.013 0.013 0.013 0.013 0.013 0.013 0.012 0.012 0.011 0.011 0.010 0.009 0.009 0.008 0.008 0.007 0.007 0.006 0.004 0.001 0.000 0.000 0.000 0.000 0.000 0.000 0.000 0.000 0.000 0.000 0.000 0.000 0.000 0.000 0.000 0.000 0.000 0.000 0.000 0.000 0.000 0.000 0.000 0.000 0.000 0.000 0.000
0.000 0.000 0.001 0.001 0.001 0.001 0.002 0.002 0.003 0.003 0.004 0.004 0.005 0.006 0.006 0.007 0.008 0.009 0.010 0.011 0.012 0.013 0.014 0.016 0.017 0.018 0.019 0.020 0.021 0.022 0.023 0.023 0.024 0.024 0.025 0.025 0.024 0.024 0.024 0.023 0.022 0.022 0.021 0.020 0.020 0.021 0.023 0.023 0.019 0.009 0.002 0.000 0.000 0.000 0.000 0.000 0.000 0.000 0.000 0.000 0.000 0.000 0.000 0.000 0.000 0.000 0.000 0.000 0.000 0.000 0.000 0.000 0.000 0.000 0.000 0.000 0.000
0.000 0.001 0.001 0.001 0.001 0.002 0.002 0.003 0.003 0.004 0.005 0.006 0.007 0.008 0.009 0.010 0.012 0.013 0.015 0.016 0.018 0.020 0.022 0.024 0.026 0.028 0.030 0.032 0.033 0.035 0.037 0.039 0.040 0.042 0.043 0.044 0.045 0.045 0.045 0.046 0.045 0.045 0.044 0.044 0.045 0.052 0.065 0.069 0.064 0.038 0.010 0.001 0.000 0.000 0.000 0.000 0.000 0.000 0.000 0.000 0.000 0.000 0.000 0.000 0.000 0.000 0.000 0.000 0.000 0.000 0.000 0.000 0.000 0.000 0.000 0.000 0.000
0.000 0.001 0.001 0.001 0.002 0.002 0.003 0.004 0.005 0.006 0.007 0.008 0.009 0.011 0.012 0.014 0.016 0.018 0.020 0.023 0.025 0.028 0.031 0.034 0.037 0.040 0.043 0.047 0.050 0.053 0.056 0.060 0.063 0.066 0.068 0.071 0.074 0.076 0.078 0.080 0.081 0.082 0.083 0.085 0.090 0.111 0.153 0.171 0.167 0.121 0.039 0.006 0.000 0.000 0.000 0.000 0.000 0.000 0.000 0.000 0.000 0.000 0.000 0.000 0.000 0.000 0.000 0.000 0.000 0.000 0.000 0.000 0.000 0.000 0.000 0.000 0.000
0.001 0.001 0.001 0.002 0.002 0.003 0.004 0.005 0.006 0.007 0.009 0.010 0.012 0.014 0.017 0.019 0.022 0.024 0.027 0.031 0.034 0.038 0.042 0.046 0.050 0.054 0.059 0.064 0.068 0.074 0.079 0.084 0.089 0.095 0.100 0.105 0.110 0.116 0.120 0.125 0.129 0.133 0.139 0.144 0.158 0.210 0.311 0.355 0.355 0.291 0.121 0.021 0.001 0.000 0.000 0.000 0.000 0.000 0.000 0.000 0.000 0.000 0.000 0.000 0.000 0.000 0.000 0.000 0.000 0.000 0.000 0.000 0.000 0.000 0.000 0.000 0.000
0.001 0.001 0.002 0.003 0.003 0.004 0.005 0.007 0.008 0.010 0.011 0.013 0.016 0.018 0.021 0.024 0.027 0.030 0.034 0.038 0.042 0.046 0.051 0.056 0.061 0.066 0.072 0.077 0.083 0.090 0.096 0.103 0.110 0.118 0.125 0.132 0.140 0.148 0.155 0.163 0.171 0.178 0.188 0.202 0.238 0.360 0.546 0.627 0.636 0.561 0.291 0.059 0.004 0.000 0.000 0.000 0.000 0.000 0.000 0.000 0.000 0.000 0.000 0.000 0.000 0.000 0.000 0.000 0.000 0.000 0.000 0.000 0.000 0.000 0.000 0.000 0.000
0.001 0.002 0.002 0.003 0.004 0.005 0.006 0.008 0.009 0.011 0.013 0.016 0.018 0.021 0.024 0.027 0.031 0.035 0.039 0.043 0.048 0.053 0.058 0.063 0.069 0.075 0.081 0.088 0.095 0.102 0.109 0.117 0.125 0.134 0.142 0.151 0.160 0.170 0.179 0.189 0.199 0.209 0.221 0.246 0.323 0.576 0.843 0.959 0.983 0.898 0.546 0.129 0.010 0.000 0.000 0.000 0.000 0.000 0.000 0.000 0.000 0.000 0.000 0.000 0.000 0.000 0.000 0.000 0.000 0.000 0.000 0.000 0.000 0.000 0.000 0.000 0.000
0.001 0.002 0.003 0.004 0.005 0.006 0.007 0.009 0.011 0.013 0.015 0.018 0.020 0.023 0.027 0.030 0.034 0.038 0.043 0.047 0.052 0.058 0.063 0.069 0.075 0.082 0.088 0.095 0.103 0.110 0.118 0.127 0.135 0.144 0.154 0.164 0.174 0.184 0.195 0.206 0.217 0.229 0.244 0.283 0.438 0.829 1.114 1.238 1.270 1.164 0.753 0.198 0.015 0.001 0.000 0.000 0.000 0.000 0.000 0.000 0.000 0.000 0.000 0.000 0.000 0.000 0.000 0.000 0.000 0.000 0.000 0.000 0.000 0.000 0.000 0.000 0.000
0.002 0.002 0.003 0.004 0.005 0.006 0.008 0.010 0.012 0.014 0.016 0.019 0.022 0.025 0.028 0.032 0.036 0.041 0.045 0.050 0.055 0.061 0.067 0.073 0.079 0.086 0.093 0.100 0.108 0.116 0.124 0.133 0.142 0.152 0.161 0.171 0.182 0.193 0.205 0.217 0.229 0.242 0.261 0.328 0.614 1.071 1.347 1.477 1.499 1.350 0.856 0.229 0.017 0.001 0.000 0.000 0.000 0.000 0.000 0.000 0.000 0.000 0.000 0.000 0.000 0.000 0.000 0.000 0.000 0.000 0.000 0.000 0.000 0.000 0.000 0.000 0.000
0.002 0.003 0.003 0.004 0.005 0.007 0.008 0.010 0.012 0.014 0.017 0.020 0.023 0.026 0.030 0.034 0.038 0.042 0.047 0.052 0.057 0.063 0.069 0.075 0.082 0.089 0.096 0.104 0.112 0.120 0.129 0.137 0.147 0.156 0.166 0.176 0.187 0.199 0.211 0.223 0.236 0.250 0.278 0.403 0.834 1.282 1.553 1.679 1.679 1.472 0.894 0.228 0.016 0.001 0.000 0.000 0.000 0.000 0.000 0.000 0.000 0.000 0.000 0.000 0.000 0.000 0.000 0.000 0.000 0.000 0.000 0.000 0.000 0.000 0.000 0.000 0.000
0.002 0.003 0.004 0.005 0.006 0.007 0.009 0.010 0.013 0.015 0.017 0.020 0.023 0.027 0.030 0.034 0.039 0.043 0.048 0.053 0.059 0.064 0.070 0.077 0.084 0.091 0.098 0.106 0.114 0.122 0.131 0.140 0.149 0.159 0.169 0.179 0.190 0.202 0.215 0.227 0.240 0.255 0.301 0.522 1.058 1.466 1.735 1.837 1.807 1.532 0.876 0.192 0.013 0.000 0.000 0.000 0.000 0.000 0.000 0.000 0.000 0.000 0.000 0.000 0.000 0.000 0.000 0.000 0.000 0.000 0.000 0.000 0.000 0.000 0.000 0.000 0.000
0.002 0.003 0.004 0.005 0.006 0.007 0.009 0.011 0.013 0.015 0.018 0.021 0.024 0.027 0.031 0.035 0.039 0.044 0.049 0.054 0.059 0.065 0.071 0.078 0.085 0.092 0.099 0.107 0.115 0.124 0.133 0.142 0.151 0.160 0.171 0.181 0.193 0.205 0.217 0.229 0.242 0.261 0.339 0.680 1.250 1.623 1.877 1.951 1.877 1.536 0.788 0.129 0.007 0.000 0.000 0.000 0.000 0.000 0.000 0.000 0.000 0.000 0.000 0.000 0.000 0.000 0.000 0.000 0.000 0.000 0.000 0.000 0.000 0.000 0.000 0.000 0.000
0.002 0.003 0.004 0.005 0.006 0.007 0.009 0.011 0.013 0.015 0.018 0.021 0.024 0.027 0.031 0.035 0.039 0.044 0.049 0.054 0.060 0.066 0.072 0.078 0.085 0.092 0.100 0.108 0.116 0.125 0.133 0.142 0.152 0.161 0.172 0.183 0.195 0.206 0.218 0.230 0.243 0.269 0.392 0.839 1.393 1.754 1.974 2.028 1.903 1.474 0.615 0.069 0.003 0.000 0.000 0.000 0.000 0.000 0.000 0.000 0.000 0.000 0.000 0.000 0.000 0.000 0.000 0.000 0.000 0.000 0.000 0.000 0.000 0.000 0.000 0.000 0.000
0.002 0.003 0.004 0.005 0.006 0.007 0.009 0.011 0.013 0.015 0.018 0.021 0.024 0.027 0.031 0.035 0.040 0.044 0.049 0.054 0.060 0.066 0.072 0.079 0.085 0.093 0.100 0.108 0.116 0.125 0.134 0.143 0.152 0.162 0.173 0.184 0.195 0.206 0.218 0.231 0.244 0.281 0.460 0.981 1.497 1.852 2.033 2.062 1.882 1.316 0.403 0.032 0.001 0.000 0.000 0.000 0.000 0.000 0.000 0.000 0.000 0.000 0.000 0.000 0.000 0.000 0.000 0.000 0.000 0.000 0.000 0.000 0.000 0.000 0.000 0.000 0.000
0.002 0.003 0.004 0.005 0.006 0.007 0.009 0.011 0.013 0.015 0.018 0.021 0.024 0.027 0.031 0.035 0.040 0.044 0.049 0.054 0.060 0.066 0.072 0.079 0.086 0.093 0.100 0.108 0.116 0.125 0.134 0.143 0.153 0.163 0.174 0.185 0.195 0.206 0.218 0.231 0.246 0.297 0.538 1.103 1.581 1.918 2.062 2.050 1.806 1.033 0.203 0.013 0.001 0.000 0.000 0.000 0.000 0.000 0.000 0.000 0.000 0.000 0.000 0.000 0.000 0.000 0.000 0.000 0.000 0.000 0.000 0.000 0.000 0.000 0.000 0.000 0.000
0.002 0.003 0.004 0.005 0.006 0.007 0.009 0.011 0.013 0.015 0.018 0.021 0.024 0.027 0.031 0.035 0.040 0.044 0.049 0.054 0.060 0.066 0.072 0.079 0.086 0.093 0.100 0.108 0.116 0.125 0.133 0.143 0.154 0.164 0.174 0.184 0.194 0.205 0.218 0.231 0.248 0.319 0.628 1.206 1.655 1.945 2.057 1.992 1.631 0.663 0.078 0.004 0.000 0.000 0.000 0.000 0.000 0.000 0.000 0.000 0.000 0.000 0.000 0.000 0.000 0.000 0.000 0.000 0.000 0.000 0.000 0.000 0.000 0.000 0.000 0.000 0.000
0.002 0.003 0.004 0.005 0.006 0.007 0.009 0.011 0.013 0.015 0.018 0.021 0.024 0.027 0.031 0.035 0.040 0.044 0.049 0.054 0.060 0.066 0.072 0.079 0.086 0.093 0.100 0.108 0.116 0.124 0.134 0.144 0.154 0.164 0.173 0.182 0.193 0.205 0.218 0.232 0.253 0.351 0.729 1.294 1.702 1.940 2.002 1.882 1.261 0.299 0.025 0.001 0.000 0.000 0.000 0.000 0.000 0.000 0.000 0.000 0.000 0.000 0.000 0.000 0.000 0.000 0.000 0.000 0.000 0.000 0.000 0.000 0.000 0.000 0.000 0.000 0.000
0.002 0.003 0.004 0.005 0.006 0.007 0.009 0.011 0.013 0.015 0.018 0.021 0.024 0.027 0.031 0.035 0.039 0.044 0.049 0.054 0.060 0.066 0.072 0.078 0.085 0.092 0.100 0.108 0.116 0.124 0.134 0.144 0.154 0.162 0.170 0.180 0.192 0.206 0.221 0.235 0.260 0.388 0.832 1.368 1.718 1.893 1.900 1.625 0.734 0.099 0.007 0.000 0.000 0.000 0.000 0.000 0.000 0.000 0.000 0.000 0.000 0.000 0.000 0.000 0.000 0.000 0.000 0.000 0.000 0.000 0.000 0.000 0.000 0.000 0.000 0.000 0.000
0.002 0.003 0.004 0.005 0.006 0.007 0.009 0.011 0.013 0.015 0.018 0.021 0.024 0.027 0.031 0.035 0.039 0.044 0.049 0.054 0.059 0.065 0.071 0.078 0.085 0.092 0.099 0.107 0.115 0.125 0.135 0.144 0.151 0.159 0.168 0.180 0.195 0.211 0.224 0.235 0.267 0.434 0.945 1.416 1.689 1.795 1.728 1.093 0.269 0.025 0.002 0.000 0.000 0.000 0.000 0.000 0.000 0.000 0.000 0.000 0.000 0.000 0.000 0.000 0.000 0.000 0.000 0.000 0.000 0.000 0.000 0.000 0.000 0.000 0.000 0.000 0.000
0.002 0.002 0.003 0.004 0.006 0.007 0.009 0.010 0.012 0.015 0.017 0.020 0.023 0.027 0.030 0.034 0.039 0.043 0.048 0.053 0.059 0.064 0.071 0.077 0.084 0.091 0.098 0.106 0.115 0.125 0.133 0.140 0.147 0.156 0.168 0.185 0.202 0.215 0.222 0.231 0.275 0.512 1.051 1.418 1.604 1.640 1.252 0.458 0.067 0.005 0.000 0.000 0.000 0.000 0.000 0.000 0.000 0.000 0.000 0.000 0.000 0.000 0.000 0.000 0.000 0.000 0.000 0.000 0.000 0.000 0.000 0.000 0.000 0.000 0.000 0.000 0.000
0.001 0.002 0.003 0.004 0.005 0.007 0.008 0.010 0.012 0.014 0.017 0.020 0.023 0.026 0.030 0.033 0.038 0.042 0.047 0.052 0.057 0.063 0.069 0.076 0.082 0.089 0.097 0.105 0.114 0.122 0.129 0.135 0.144 0.157 0.175 0.193 0.204 0.209 0.210 0.220 0.304 0.634 1.109 1.360 1.444 1.213 0.577 0.117 0.013 0.001 0.000 0.000 0.000 0.000 0.000 0.000 0.000 0.000 0.000 0.000 0.000 0.000 0.000 0.000 0.000 0.000 0.000 0.000 0.000 0.000 0.000 0.000 0.000 0.000 0.000 0.000 0.000
0.001 0.002 0.003 0.004 0.005 0.006 0.008 0.009 0.011 0.013 0.016 0.019 0.022 0.025 0.028 0.032 0.036 0.041 0.045 0.050 0.055 0.061 0.067 0.073 0.080 0.087 0.094 0.102 0.110 0.117 0.123 0.132 0.145 0.164 0.180 0.191 0.191 0.188 0.191 0.225 0.384 0.753 1.068 1.191 1.027 0.561 0.147 0.021 0.002 0.000 0.000 0.000 0.000 0.000 0.000 0.000 0.000 0.000 0.000 0.000 0.000 0.000 0.000 0.000 0.000 0.000 0.000 0.000 0.000 0.000 0.000 0.000 0.000 0.000 0.000 0.000 0.000
0.001 0.002 0.002 0.003 0.004 0.006 0.007 0.009 0.010 0.012 0.015 0.017 0.020 0.023 0.026 0.030 0.034 0.038 0.043 0.048 0.053 0.058 0.064 0.070 0.076 0.083 0.090 0.097 0.103 0.110 0.119 0.131 0.149 0.164 0.172 0.166 0.159 0.160 0.179 0.263 0.475 0.752 0.881 0.765 0.438 0.138 0.025 0.003 0.000 0.000 0.000 0.000 0.000 0.000 0.000 0.000 0.000 0.000 0.000 0.000 0.000 0.000 0.000 0.000 0.000 0.000 0.000 0.000 0.000 0.000 0.000 0.000 0.000 0.000 0.000 0.000 0.000
0.001 0.001 0.002 0.002 0.003 0.005 0.006 0.007 0.009 0.011 0.013 0.015 0.018 0.021 0.024 0.027 0.031 0.035 0.039 0.044 0.048 0.053 0.059 0.064 0.070 0.076 0.082 0.088 0.094 0.102 0.115 0.130 0.142 0.143 0.134 0.126 0.127 0.142 0.187 0.309 0.481 0.571 0.489 0.287 0.100 0.022 0.004 0.000 0.000 0.000 0.000 0.000 0.000 0.000 0.000 0.000 0.000 0.000 0.000 0.000 0.000 0.000 0.000 0.000 0.000 0.000 0.000 0.000 0.000 0.000 0.000 0.000 0.000 0.000 0.000 0.000 0.000
0.001 0.001 0.001 0.002 0.002 0.003 0.004 0.006 0.007 0.009 0.011 0.013 0.015 0.018 0.020 0.023 0.027 0.030 0.034 0.038 0.042 0.046 0.051 0.055 0.060 0.065 0.070 0.076 0.083 0.092 0.103 0.108 0.105 0.097 0.091 0.094 0.106 0.136 0.198 0.289 0.320 0.262 0.157 0.058 0.015 0.003 0.000 0.000 0.000 0.000 0.000 0.000 0.000 0.000 0.000 0.000 0.000 0.000 0.000 0.000 0.000 0.000 0.000 0.000 0.000 0.000 0.000 0.000 0.000 0.000 0.000 0.000 0.000 0.000 0.000 0.000 0.000
0.000 0.001 0.001 0.001 0.002 0.002 0.003 0.004 0.005 0.006 0.008 0.010 0.011 0.013 0.016 0.018 0.021 0.023 0.026 0.029 0.032 0.035 0.038 0.041 0.044 0.048 0.053 0.058 0.063 0.067 0.068 0.065 0.061 0.059 0.061 0.070 0.091 0.122 0.155 0.153 0.122 0.071 0.028 0.008 0.002 0.000 0.000 0.000 0.000 0.000 0.000 0.000 0.000 0.000 0.000 0.000 0.000 0.000 0.000 0.000 0.000 0.000 0.000 0.000 0.000 0.000 0.000 0.000 0.000 0.000 0.000 0.000 0.000 0.000 0.000 0.000 0.000
0.000 0.000 0.000 0.001 0.001 0.001 0.002 0.003 0.003 0.004 0.005 0.006 0.008 0.009 0.011 0.012 0.014 0.016 0.017 0.019 0.021 0.022 0.024 0.026 0.028 0.030 0.033 0.035 0.036 0.036 0.035 0.034 0.033 0.034 0.037 0.046 0.059 0.066 0.062 0.049 0.028 0.012 0.004 0.001 0.000 0.000 0.000 0.000 0.000 0.000 0.000 0.000 0.000 0.000 0.000 0.000 0.000 0.000 0.000 0.000 0.000 0.000 0.000 0.000 0.000 0.000 0.000 0.000 0.000 0.000 0.000 0.000 0.000 0.000 0.000 0.000 0.000
0.000 0.000 0.000 0.000 0.000 0.001 0.001 0.001 0.002 0.003 0.003 0.004 0.005 0.006 0.007 0.008 0.009 0.010 0.010 0.011 0.012 0.013 0.014 0.015 0.016 0.017 0.018 0.018 0.018 0.018 0.017 0.017 0.017 0.017 0.019 0.022 0.024 0.023 0.018 0.010 0.005 0.002 0.000 0.000 0.000 0.000 0.000 0.000 0.000 0.000 0.000 0.000 0.000 0.000 0.000 0.000 0.000 0.000 0.000 0.000 0.000 0.000 0.000 0.000 0.000 0.000 0.000 0.000 0.000 0.000 0.000 0.000 0.000 0.000 0.000 0.000 0.000
0.000 0.000 0.000 0.000 0.000 0.000 0.000 0.001 0.001 0.001 0.002 0.002 0.003 0.003 0.004 0.004 0.005 0.005 0.006 0.006 0.007 0.007 0.007 0.008 0.008 0.008 0.009 0.009 0.008 0.008 0.008 0.008 0.008 0.008 0.008 0.008 0.008 0.006 0.004 0.002 0.001 0.000 0.000 0.000 0.000 0.000 0.000 0.000 0.000 0.000 0.000 0.000 0.000 0.000 0.000 0.000 0.000 0.000 0.000 0.000 0.000 0.000 0.000 0.000 0.000 0.000 0.000 0.000 0.000 0.000 0.000 0.000 0.000 0.000 0.000 0.000 0.000
0.000 0.000 0.000 0.000 0.000 0.000 0.000 0.000 0.000 0.000 0.001 0.001 0.001 0.002 0.002 0.002 0.002 0.002 0.003 0.003 0.003 0.003 0.003 0.003 0.004 0.004 0.004 0.004 0.003 0.003 0.003 0.003 0.003 0.003 0.003 0.003 0.002 0.001 0.001 0.000 0.000 0.000 0.000 0.000 0.000 0.000 0.000 0.000 0.000 0.000 0.000 0.000 0.000 0.000 0.000 0.000 0.000 0.000 0.000 0.000 0.000 0.000 0.000 0.000 0.000 0.000 0.000 0.000 0.000 0.000 0.000 0.000 0.000 0.000 0.000 0.000 0.000
0.000 0.000 0.000 0.000 0.000 0.000 0.000 0.000 0.000 0.000 0.000 0.000 0.000 0.000 0.001 0.001 0.001 0.001 0.001 0.001 0.001 0.001 0.001 0.001 0.001 0.001 0.001 0.001 0.001 0.001 0.001 0.001 0.001 0.001 0.001 0.001 0.000 0.000 0.000 0.000 0.000 0.000 0.000 0.000 0.000 0.000 0.000 0.000 0.000 0.000 0.000 0.000 0.000 0.000 0.000 0.000 0.000 0.000 0.000 0.000 0.000 0.000 0.000 0.000 0.000 0.000 0.000 0.000 0.000 0.000 0.000 0.000 0.000 0.000 0.000 0.000 0.000
0.000 0.000 0.000 0.000 0.000 0.000 0.000 0.000 0.000 0.000 0.000 0.000 0.000 0.000 0.000 0.000 0.000 0.000 0.000 0.000 0.000 0.000 0.000 0.000 0.000 0.000 0.000 0.000 0.000 0.000 0.000 0.000 0.000 0.000 0.000 0.000 0.000 0.000 0.000 0.000 0.000 0.000 0.000 0.000 0.000 0.000 0.000 0.000 0.000 0.000 0.000 0.000 0.000 0.000 0.000 0.000 0.000 0.000 0.000 0.000 0.000 0.000 0.000 0.000 0.000 0.000 0.000 0.000 0.000 0.000 0.000 0.000 0.000 0.000 0.000 0.000 0.000
