AvaFrame/avaframe/data/avaParabola/Avaflow_Input_Output/alr_results/alr_ascii/alr_hflow0008.asc
ncols 250
nrows 100
xllcenter 997.50
yllcenter -4997.50
cellsize 20.00
NODATA_value -9999.000
[rows 34 to 67 of 100, columns 77 to 153 of 250]
0.000 0.001 0.001 0.001 0.000 0.000 0.000 0.000 0.000 0.001 0.001 0.001 0.001 0.001 0.002 0.002 0.002 0.002 0.002 0.003 0.003 0.003 0.003 0.003 0.004 0.004 0.004 0.004 0.004 0.004 0.005 0.005 0.005 0.005 0.005 0.005 0.005 0.005 0.004 0.004 0.004 0.004 0.004 0.004 0.004 0.004 0.004 0.004 0.003 0.002 0.001 0.001 0.000 0.000 0.000 0.000 0.000 0.000 0.000 0.000 0.000 0.000 0.000 0.000 0.000 0.000 0.000 0.000 0.000 0.000 0.000 0.000 0.000 0.000 0.000 0.000 0.000
0.001 0.001 0.000 0.000 0.000 0.000 0.000 0.000 0.001 0.001 0.001 0.001 0.002 0.002 0.002 0.003 0.003 0.003 0.004 0.004 0.004 0.005 0.005 0.005 0.006 0.006 0.006 0.007 0.007 0.007 0.008 0.008 0.008 0.009 0.009 0.009 0.009 0.009 0.009 0.009 0.009 0.008 0.008 0.009 0.011 0.011 0.011 0.010 0.010 0.008 0.004 0.002 0.001 0.000 0.000 0.000 0.000 0.000 0.000 0.000 0.000 0.000 0.000 0.000 0.000 0.000 0.000 0.000 0.000 0.000 0.000 0.000 0.000 0.000 0.000 0.000 0.000
0.000 0.000 0.000 0.000 0.000 0.000 0.001 0.001 0.001 0.001 0.002 0.002 0.002 0.003 0.003 0.004 0.004 0.005 0.005 0.006 0.006 0.007 0.007 0.008 0.009 0.009 0.010 0.010 0.011 0.012 0.012 0.013 0.014 0.014 0.015 0.015 0.016 0.016 0.016 0.016 0.016 0.016 0.016 0.017 0.022 0.028 0.028 0.028 0.025 0.021 0.013 0.006 0.003 0.001 0.000 0.000 0.000 0.000 0.000 0.000 0.000 0.000 0.000 0.000 0.000 0.000 0.000 0.000 0.000 0.000 0.000 0.000 0.000 0.000 0.000 0.000 0.000
0.000 0.000 0.000 0.000 0.000 0.001 0.001 0.001 0.001 0.002 0.002 0.003 0.003 0.004 0.004 0.005 0.006 0.006 0.007 0.008 0.009 0.010 0.010 0.011 0.012 0.013 0.014 0.015 0.016 0.018 0.019 0.020 0.021 0.023 0.024 0.025 0.026 0.027 0.027 0.028 0.028 0.029 0.029 0.032 0.042 0.063 0.067 0.066 0.061 0.051 0.034 0.017 0.008 0.003 0.001 0.000 0.000 0.000 0.000 0.000 0.000 0.000 0.000 0.000 0.000 0.000 0.000 0.000 0.000 0.000 0.000 0.000 0.000 0.000 0.000 0.000 0.000
0.000 0.000 0.000 0.000 0.001 0.001 0.001 0.001 0.002 0.002 0.003 0.004 0.004 0.005 0.006 0.007 0.007 0.008 0.009 0.010 0.012 0.013 0.014 0.016 0.017 0.018 0.020 0.022 0.023 0.025 0.027 0.029 0.031 0.033 0.035 0.037 0.039 0.041 0.043 0.044 0.046 0.047 0.049 0.054 0.071 0.121 0.145 0.144 0.134 0.115 0.082 0.044 0.020 0.008 0.003 0.001 0.000 0.000 0.000 0.000 0.000 0.000 0.000 0.000 0.000 0.000 0.000 0.000 0.000 0.000 0.000 0.000 0.000 0.000 0.000 0.000 0.000
0.000 0.000 0.000 0.000 0.001 0.001 0.001 0.002 0.003 0.003 0.004 0.005 0.006 0.006 0.007 0.008 0.010 0.011 0.012 0.014 0.015 0.017 0.019 0.021 0.023 0.025 0.027 0.029 0.031 0.034 0.037 0.040 0.043 0.046 0.049 0.052 0.055 0.059 0.062 0.065 0.068 0.071 0.075 0.083 0.109 0.208 0.281 0.278 0.262 0.230 0.173 0.099 0.047 0.019 0.006 0.002 0.000 0.000 0.000 0.000 0.000 0.000 0.000 0.000 0.000 0.000 0.000 0.000 0.000 0.000 0.000 0.000 0.000 0.000 0.000 0.000 0.000
0.000 0.000 0.000 0.001 0.001 0.001 0.002 0.003 0.004 0.004 0.005 0.006 0.007 0.008 0.009 0.011 0.012 0.014 0.016 0.017 0.019 0.022 0.024 0.026 0.029 0.031 0.034 0.037 0.040 0.043 0.046 0.050 0.053 0.057 0.061 0.065 0.070 0.074 0.078 0.083 0.088 0.092 0.098 0.107 0.149 0.339 0.474 0.478 0.462 0.413 0.328 0.205 0.101 0.042 0.015 0.004 0.001 0.000 0.000 0.000 0.000 0.000 0.000 0.000 0.000 0.000 0.000 0.000 0.000 0.000 0.000 0.000 0.000 0.000 0.000 0.000 0.000
0.000 0.000 0.001 0.001 0.001 0.002 0.003 0.004 0.004 0.005 0.006 0.007 0.008 0.010 0.011 0.013 0.015 0.016 0.018 0.021 0.023 0.025 0.028 0.031 0.034 0.037 0.040 0.043 0.046 0.050 0.054 0.058 0.062 0.066 0.071 0.075 0.080 0.085 0.091 0.096 0.102 0.108 0.115 0.124 0.208 0.520 0.703 0.734 0.711 0.678 0.564 0.382 0.198 0.085 0.031 0.010 0.002 0.000 0.000 0.000 0.000 0.000 0.000 0.000 0.000 0.000 0.000 0.000 0.000 0.000 0.000 0.000 0.000 0.000 0.000 0.000 0.000
0.000 0.000 0.001 0.001 0.002 0.003 0.003 0.004 0.005 0.006 0.007 0.008 0.010 0.011 0.013 0.015 0.017 0.019 0.021 0.023 0.026 0.028 0.031 0.034 0.037 0.041 0.044 0.048 0.052 0.055 0.060 0.064 0.068 0.073 0.078 0.083 0.088 0.093 0.099 0.105 0.112 0.118 0.126 0.141 0.313 0.726 0.902 0.993 0.984 0.953 0.846 0.623 0.341 0.152 0.057 0.018 0.005 0.001 0.000 0.000 0.000 0.000 0.000 0.000 0.000 0.000 0.000 0.000 0.000 0.000 0.000 0.000 0.000 0.000 0.000 0.000 0.000
0.000 0.001 0.001 0.001 0.002 0.003 0.004 0.005 0.006 0.007 0.008 0.009 0.011 0.012 0.014 0.016 0.018 0.020 0.023 0.025 0.028 0.031 0.034 0.037 0.040 0.044 0.047 0.051 0.055 0.059 0.064 0.068 0.073 0.078 0.083 0.088 0.094 0.099 0.105 0.112 0.119 0.126 0.133 0.173 0.492 0.929 1.091 1.209 1.222 1.168 1.062 0.821 0.467 0.216 0.085 0.028 0.008 0.002 0.000 0.000 0.000 0.000 0.000 0.000 0.000 0.000 0.000 0.000 0.000 0.000 0.000 0.000 0.000 0.000 0.000 0.000 0.000
0.000 0.001 0.001 0.002 0.003 0.003 0.004 0.005 0.006 0.007 0.008 0.010 0.011 0.013 0.015 0.017 0.019 0.021 0.024 0.026 0.029 0.032 0.035 0.039 0.042 0.046 0.050 0.054 0.058 0.062 0.067 0.071 0.076 0.081 0.087 0.092 0.098 0.103 0.110 0.116 0.124 0.131 0.138 0.243 0.712 1.109 1.286 1.369 1.378 1.335 1.212 0.949 0.549 0.257 0.102 0.034 0.009 0.002 0.000 0.000 0.000 0.000 0.000 0.000 0.000 0.000 0.000 0.000 0.000 0.000 0.000 0.000 0.000 0.000 0.000 0.000 0.000
0.000 0.001 0.001 0.002 0.003 0.004 0.005 0.005 0.006 0.007 0.009 0.010 0.012 0.014 0.016 0.018 0.020 0.022 0.025 0.027 0.030 0.033 0.037 0.040 0.043 0.047 0.051 0.055 0.059 0.064 0.069 0.073 0.078 0.084 0.089 0.095 0.100 0.106 0.113 0.120 0.127 0.134 0.147 0.364 0.910 1.257 1.436 1.500 1.504 1.461 1.317 1.023 0.591 0.279 0.111 0.037 0.010 0.002 0.000 0.000 0.000 0.000 0.000 0.000 0.000 0.000 0.000 0.000 0.000 0.000 0.000 0.000 0.000 0.000 0.000 0.000 0.000
0.000 0.001 0.001 0.002 0.003 0.004 0.005 0.006 0.007 0.008 0.009 0.010 0.012 0.014 0.016 0.018 0.020 0.023 0.025 0.028 0.031 0.034 0.037 0.041 0.044 0.048 0.052 0.056 0.061 0.065 0.070 0.075 0.080 0.085 0.091 0.096 0.102 0.108 0.115 0.122 0.128 0.135 0.171 0.519 1.065 1.383 1.547 1.601 1.601 1.547 1.381 1.056 0.606 0.286 0.114 0.038 0.010 0.002 0.000 0.000 0.000 0.000 0.000 0.000 0.000 0.000 0.000 0.000 0.000 0.000 0.000 0.000 0.000 0.000 0.000 0.000 0.000
0.000 0.001 0.001 0.002 0.003 0.004 0.005 0.006 0.007 0.008 0.009 0.011 0.012 0.014 0.016 0.018 0.021 0.023 0.026 0.028 0.031 0.034 0.038 0.041 0.045 0.049 0.053 0.057 0.061 0.066 0.071 0.076 0.081 0.086 0.092 0.097 0.103 0.110 0.116 0.123 0.129 0.136 0.211 0.674 1.171 1.469 1.622 1.671 1.668 1.602 1.413 1.064 0.606 0.286 0.113 0.037 0.010 0.002 0.000 0.000 0.000 0.000 0.000 0.000 0.000 0.000 0.000 0.000 0.000 0.000 0.000 0.000 0.000 0.000 0.000 0.000 0.000
0.000 0.001 0.001 0.002 0.003 0.004 0.005 0.006 0.007 0.008 0.009 0.011 0.012 0.014 0.016 0.018 0.021 0.023 0.026 0.029 0.031 0.035 0.038 0.041 0.045 0.049 0.053 0.057 0.062 0.066 0.071 0.076 0.081 0.087 0.092 0.098 0.104 0.110 0.117 0.123 0.130 0.138 0.255 0.784 1.237 1.518 1.662 1.708 1.700 1.623 1.420 1.056 0.597 0.280 0.109 0.035 0.009 0.002 0.000 0.000 0.000 0.000 0.000 0.000 0.000 0.000 0.000 0.000 0.000 0.000 0.000 0.000 0.000 0.000 0.000 0.000 0.000
0.000 0.001 0.001 0.002 0.003 0.004 0.005 0.006 0.007 0.008 0.009 0.011 0.012 0.014 0.016 0.018 0.021 0.023 0.026 0.029 0.032 0.035 0.038 0.042 0.045 0.049 0.053 0.057 0.062 0.066 0.071 0.076 0.081 0.087 0.093 0.099 0.105 0.111 0.117 0.123 0.130 0.139 0.283 0.843 1.274 1.541 1.679 1.720 1.710 1.626 1.411 1.029 0.571 0.262 0.098 0.030 0.007 0.001 0.000 0.000 0.000 0.000 0.000 0.000 0.000 0.000 0.000 0.000 0.000 0.000 0.000 0.000 0.000 0.000 0.000 0.000 0.000
0.000 0.001 0.001 0.002 0.003 0.004 0.005 0.006 0.007 0.008 0.009 0.011 0.012 0.014 0.016 0.018 0.021 0.023 0.026 0.029 0.032 0.035 0.038 0.042 0.045 0.049 0.053 0.057 0.062 0.067 0.071 0.076 0.082 0.087 0.093 0.099 0.105 0.110 0.116 0.123 0.131 0.140 0.291 0.864 1.286 1.545 1.679 1.718 1.706 1.612 1.377 0.974 0.524 0.231 0.082 0.023 0.005 0.001 0.000 0.000 0.000 0.000 0.000 0.000 0.000 0.000 0.000 0.000 0.000 0.000 0.000 0.000 0.000 0.000 0.000 0.000 0.000
0.000 0.001 0.001 0.002 0.003 0.004 0.005 0.006 0.007 0.008 0.009 0.011 0.013 0.014 0.016 0.018 0.021 0.023 0.026 0.029 0.032 0.035 0.038 0.042 0.045 0.049 0.053 0.057 0.062 0.067 0.071 0.076 0.082 0.087 0.093 0.099 0.104 0.110 0.116 0.124 0.131 0.140 0.288 0.863 1.286 1.538 1.664 1.698 1.681 1.572 1.315 0.892 0.458 0.190 0.063 0.016 0.003 0.000 0.000 0.000 0.000 0.000 0.000 0.000 0.000 0.000 0.000 0.000 0.000 0.000 0.000 0.000 0.000 0.000 0.000 0.000 0.000
0.000 0.001 0.001 0.002 0.003 0.004 0.005 0.006 0.007 0.008 0.009 0.011 0.012 0.014 0.016 0.018 0.021 0.023 0.026 0.029 0.032 0.035 0.038 0.042 0.045 0.049 0.053 0.057 0.062 0.066 0.071 0.076 0.082 0.087 0.093 0.098 0.104 0.110 0.117 0.124 0.131 0.140 0.269 0.840 1.273 1.508 1.623 1.651 1.628 1.504 1.220 0.787 0.384 0.145 0.043 0.010 0.002 0.000 0.000 0.000 0.000 0.000 0.000 0.000 0.000 0.000 0.000 0.000 0.000 0.000 0.000 0.000 0.000 0.000 0.000 0.000 0.000
0.000 0.001 0.001 0.002 0.003 0.004 0.005 0.006 0.007 0.008 0.009 0.011 0.012 0.014 0.016 0.018 0.021 0.023 0.026 0.029 0.032 0.035 0.038 0.041 0.045 0.049 0.053 0.057 0.062 0.066 0.071 0.076 0.081 0.087 0.092 0.097 0.104 0.111 0.118 0.125 0.131 0.138 0.234 0.776 1.241 1.450 1.548 1.568 1.540 1.385 1.129 0.663 0.296 0.100 0.027 0.006 0.001 0.000 0.000 0.000 0.000 0.000 0.000 0.000 0.000 0.000 0.000 0.000 0.000 0.000 0.000 0.000 0.000 0.000 0.000 0.000 0.000
0.000 0.001 0.001 0.002 0.003 0.004 0.005 0.006 0.007 0.008 0.009 0.011 0.012 0.014 0.016 0.018 0.021 0.023 0.026 0.028 0.031 0.034 0.038 0.041 0.045 0.049 0.053 0.057 0.061 0.066 0.071 0.076 0.081 0.086 0.091 0.097 0.104 0.111 0.118 0.123 0.129 0.136 0.195 0.667 1.191 1.371 1.453 1.462 1.422 1.270 0.986 0.519 0.201 0.062 0.015 0.003 0.000 0.000 0.000 0.000 0.000 0.000 0.000 0.000 0.000 0.000 0.000 0.000 0.000 0.000 0.000 0.000 0.000 0.000 0.000 0.000 0.000
0.000 0.001 0.001 0.002 0.003 0.004 0.005 0.005 0.006 0.008 0.009 0.010 0.012 0.014 0.016 0.018 0.020 0.023 0.025 0.028 0.031 0.034 0.037 0.041 0.044 0.048 0.052 0.056 0.061 0.065 0.070 0.075 0.080 0.085 0.091 0.097 0.104 0.111 0.115 0.120 0.126 0.135 0.173 0.541 1.103 1.281 1.330 1.332 1.282 1.136 0.772 0.368 0.124 0.034 0.007 0.001 0.000 0.000 0.000 0.000 0.000 0.000 0.000 0.000 0.000 0.000 0.000 0.000 0.000 0.000 0.000 0.000 0.000 0.000 0.000 0.000 0.000
0.000 0.001 0.001 0.002 0.003 0.003 0.004 0.005 0.006 0.007 0.009 0.010 0.012 0.014 0.015 0.018 0.020 0.022 0.025 0.027 0.030 0.033 0.037 0.040 0.044 0.047 0.051 0.055 0.060 0.064 0.069 0.074 0.079 0.084 0.090 0.097 0.103 0.107 0.110 0.117 0.126 0.138 0.165 0.435 0.970 1.163 1.191 1.182 1.114 0.925 0.550 0.222 0.066 0.016 0.003 0.000 0.000 0.000 0.000 0.000 0.000 0.000 0.000 0.000 0.000 0.000 0.000 0.000 0.000 0.000 0.000 0.000 0.000 0.000 0.000 0.000 0.000
0.000 0.001 0.001 0.001 0.002 0.003 0.004 0.005 0.006 0.007 0.008 0.010 0.011 0.013 0.015 0.017 0.019 0.021 0.024 0.026 0.029 0.032 0.035 0.039 0.042 0.046 0.050 0.054 0.058 0.063 0.067 0.072 0.077 0.083 0.089 0.095 0.098 0.101 0.107 0.119 0.131 0.141 0.159 0.351 0.815 1.003 1.029 1.004 0.901 0.666 0.329 0.111 0.029 0.006 0.001 0.000 0.000 0.000 0.000 0.000 0.000 0.000 0.000 0.000 0.000 0.000 0.000 0.000 0.000 0.000 0.000 0.000 0.000 0.000 0.000 0.000 0.000
0.000 0.001 0.001 0.001 0.002 0.003 0.003 0.004 0.005 0.006 0.008 0.009 0.011 0.012 0.014 0.016 0.018 0.020 0.023 0.025 0.028 0.031 0.034 0.037 0.041 0.044 0.048 0.052 0.056 0.060 0.065 0.069 0.074 0.080 0.085 0.089 0.092 0.098 0.110 0.125 0.134 0.136 0.146 0.285 0.661 0.823 0.843 0.799 0.644 0.389 0.157 0.045 0.010 0.002 0.000 0.000 0.000 0.000 0.000 0.000 0.000 0.000 0.000 0.000 0.000 0.000 0.000 0.000 0.000 0.000 0.000 0.000 0.000 0.000 0.000 0.000 0.000
0.000 0.000 0.001 0.001 0.001 0.002 0.003 0.004 0.005 0.006 0.007 0.008 0.010 0.011 0.013 0.015 0.017 0.019 0.021 0.023 0.026 0.029 0.032 0.035 0.038 0.041 0.045 0.049 0.052 0.056 0.061 0.065 0.070 0.075 0.078 0.083 0.089 0.100 0.114 0.124 0.121 0.116 0.126 0.241 0.513 0.627 0.638 0.561 0.369 0.171 0.057 0.015 0.003 0.000 0.000 0.000 0.000 0.000 0.000 0.000 0.000 0.000 0.000 0.000 0.000 0.000 0.000 0.000 0.000 0.000 0.000 0.000 0.000 0.000 0.000 0.000 0.000
0.000 0.000 0.001 0.001 0.001 0.001 0.002 0.003 0.004 0.005 0.006 0.007 0.008 0.010 0.011 0.013 0.015 0.017 0.019 0.021 0.023 0.026 0.028 0.031 0.034 0.037 0.040 0.044 0.047 0.051 0.054 0.058 0.062 0.066 0.070 0.077 0.087 0.099 0.105 0.099 0.090 0.089 0.112 0.215 0.369 0.420 0.405 0.304 0.152 0.056 0.016 0.004 0.001 0.000 0.000 0.000 0.000 0.000 0.000 0.000 0.000 0.000 0.000 0.000 0.000 0.000 0.000 0.000 0.000 0.000 0.000 0.000 0.000 0.000 0.000 0.000 0.000
0.000 0.000 0.000 0.001 0.001 0.001 0.001 0.002 0.003 0.003 0.004 0.005 0.007 0.008 0.009 0.010 0.012 0.014 0.016 0.017 0.020 0.022 0.024 0.026 0.029 0.031 0.034 0.036 0.039 0.042 0.045 0.048 0.052 0.057 0.062 0.070 0.077 0.078 0.072 0.065 0.063 0.073 0.107 0.182 0.234 0.238 0.201 0.116 0.045 0.014 0.004 0.001 0.000 0.000 0.000 0.000 0.000 0.000 0.000 0.000 0.000 0.000 0.000 0.000 0.000 0.000 0.000 0.000 0.000 0.000 0.000 0.000 0.000 0.000 0.000 0.000 0.000
0.000 0.000 0.000 0.000 0.001 0.001 0.001 0.001 0.002 0.002 0.003 0.004 0.005 0.006 0.007 0.008 0.009 0.010 0.012 0.013 0.015 0.016 0.018 0.019 0.021 0.023 0.024 0.026 0.028 0.030 0.032 0.036 0.039 0.043 0.047 0.049 0.048 0.045 0.042 0.042 0.046 0.062 0.093 0.119 0.120 0.107 0.070 0.030 0.010 0.003 0.001 0.000 0.000 0.000 0.000 0.000 0.000 0.000 0.000 0.000 0.000 0.000 0.000 0.000 0.000 0.000 0.000 0.000 0.000 0.000 0.000 0.000 0.000 0.000 0.000 0.000 0.000
0.000 0.000 0.000 0.000 0.000 0.000 0.001 0.001 0.001 0.001 0.002 0.002 0.003 0.004 0.004 0.005 0.006 0.007 0.008 0.009 0.010 0.011 0.012 0.013 0.014 0.015 0.016 0.017 0.018 0.019 0.020 0.022 0.024 0.025 0.026 0.026 0.025 0.024 0.025 0.026 0.032 0.043 0.053 0.054 0.048 0.034 0.016 0.006 0.002 0.000 0.000 0.000 0.000 0.000 0.000 0.000 0.000 0.000 0.000 0.000 0.000 0.000 0.000 0.000 0.000 0.000 0.000 0.000 0.000 0.000 0.000 0.000 0.000 0.000 0.000 0.000 0.000
0.000 0.000 0.000 0.000 0.000 0.000 0.000 0.000 0.001 0.001 0.001 0.001 0.002 0.002 0.003 0.003 0.004 0.004 0.005 0.005 0.006 0.006 0.007 0.008 0.008 0.009 0.009 0.010 0.010 0.011 0.012 0.012 0.013 0.013 0.013 0.013 0.013 0.013 0.013 0.015 0.017 0.020 0.021 0.019 0.014 0.007 0.003 0.001 0.000 0.000 0.000 0.000 0.000 0.000 0.000 0.000 0.000 0.000 0.000 0.000 0.000 0.000 0.000 0.000 0.000 0.000 0.000 0.000 0.000 0.000 0.000 0.000 0.000 0.000 0.000 0.000 0.000
0.000 0.000 0.000 0.000 0.000 0.000 0.000 0.000 0.000 0.000 0.000 0.001 0.001 0.001 0.001 0.002 0.002 0.002 0.002 0.003 0.003 0.003 0.004 0.004 0.004 0.005 0.005 0.005 0.005 0.006 0.006 0.006 0.006 0.006 0.006 0.006 0.006 0.006 0.006 0.007 0.007 0.007 0.007 0.005 0.003 0.001 0.000 0.000 0.000 0.000 0.000 0.000 0.000 0.000 0.000 0.000 0.000 0.000 0.000 0.000 0.000 0.000 0.000 0.000 0.000 0.000 0.000 0.000 0.000 0.000 0.000 0.000 0.000 0.000 0.000 0.000 0.000
0.000 0.000 0.000 0.000 0.000 0.000 0.000 0.000 0.000 0.000 0.000 0.000 0.000 0.000 0.000 0.000 0.001 0.001 0.001 0.001 0.001 0.002 0.002 0.002 0.002 0.002 0.002 0.002 0.002 0.002 0.002 0.002 0.002 0.002 0.002 0.002 0.002 0.002 0.003 0.003 0.002 0.002 0.002 0.001 0.000 0.000 0.000 0.000 0.000 0.000 0.000 0.000 0.000 0.000 0.000 0.000 0.000 0.000 0.000 0.000 0.000 0.000 0.000 0.000 0.000 0.000 0.000 0.000 0.000 0.000 0.000 0.000 0.000 0.000 0.000 0.000 0.000
0.000 0.000 0.000 0.000 0.000 0.000 0.000 0.000 0.000 0.000 0.000 0.000 0.000 0.000 0.000 0.000 0.000 0.000 0.000 0.000 0.000 0.000 0.000 0.001 0.001 0.001 0.001 0.001 0.001 0.001 0.001 0.001 0.001 0.001 0.001 0.001 0.001 0.001 0.001 0.001 0.001 0.000 0.000 0.000 0.000 0.000 0.000 0.000 0.000 0.000 0.000 0.000 0.000 0.000 0.000 0.000 0.000 0.000 0.000 0.000 0.000 0.000 0.000 0.000 0.000 0.000 0.000 0.000 0.000 0.000 0.000 0.000 0.000 0.000 0.000 0.000 0.000
