AvaFrame/avaframe/data/avaParabola/Avaflow_Input_Output/alr_results/alr_ascii/alr_hflow0011.asc
ncols 250
nrows 100
xllcenter 997.50
yllcenter -4997.50
cellsize 20.00
NODATA_value -9999.000
[rows 34 to 67 of 100, columns 77 to 153 of 250]
0.000 0.001 0.001 0.001 0.000 0.000 0.000 0.000 0.000 0.000 0.000 0.000 0.000 0.000 0.001 0.001 0.001 0.001 0.002 0.002 0.002 0.003 0.003 0.003 0.003 0.003 0.004 0.004 0.004 0.004 0.005 0.005 0.005 0.005 0.005 0.005 0.006 0.006 0.006 0.006 0.006 0.007 0.010 0.013 0.013 0.012 0.011 0.010 0.009 0.007 0.005 0.003 0.001 0.001 0.000 0.000 0.000 0.000 0.000 0.000 0.000 0.000 0.000 0.000 0.000 0.000 0.000 0.000 0.000 0.000 0.000 0.000 0.000 0.000 0.000 0.000 0.000
0.001 0.001 0.000 0.000 0.000 0.000 0.000 0.000 0.000 0.000 0.000 0.000 0.001 0.001 0.001 0.001 0.002 0.002 0.002 0.003 0.003 0.003 0.004 0.004 0.004 0.005 0.005 0.006 0.006 0.006 0.007 0.007 0.007 0.008 0.008 0.008 0.009 0.009 0.010 0.010 0.011 0.012 0.018 0.028 0.028 0.026 0.025 0.023 0.021 0.017 0.013 0.007 0.004 0.002 0.001 0.000 0.000 0.000 0.000 0.000 0.000 0.000 0.000 0.000 0.000 0.000 0.000 0.000 0.000 0.000 0.000 0.000 0.000 0.000 0.000 0.000 0.000
0.000 0.000 0.000 0.000 0.000 0.000 0.000 0.000 0.000 0.000 0.000 0.001 0.001 0.001 0.001 0.002 0.002 0.003 0.003 0.004 0.004 0.005 0.005 0.005 0.006 0.006 0.007 0.008 0.008 0.009 0.009 0.010 0.011 0.011 0.012 0.012 0.013 0.014 0.015 0.016 0.017 0.018 0.029 0.052 0.055 0.054 0.052 0.049 0.045 0.038 0.028 0.017 0.009 0.005 0.002 0.001 0.000 0.000 0.000 0.000 0.000 0.000 0.000 0.000 0.000 0.000 0.000 0.000 0.000 0.000 0.000 0.000 0.000 0.000 0.000 0.000 0.000
0.000 0.000 0.000 0.000 0.000 0.000 0.000 0.000 0.000 0.000 0.001 0.001 0.001 0.001 0.002 0.003 0.003 0.004 0.004 0.005 0.005 0.006 0.006 0.007 0.008 0.009 0.009 0.010 0.011 0.012 0.013 0.014 0.014 0.015 0.016 0.017 0.019 0.020 0.022 0.023 0.025 0.027 0.045 0.091 0.103 0.103 0.101 0.096 0.089 0.077 0.059 0.037 0.020 0.010 0.005 0.002 0.001 0.000 0.000 0.000 0.000 0.000 0.000 0.000 0.000 0.000 0.000 0.000 0.000 0.000 0.000 0.000 0.000 0.000 0.000 0.000 0.000
0.000 0.000 0.000 0.000 0.000 0.000 0.000 0.000 0.000 0.001 0.001 0.001 0.002 0.002 0.003 0.004 0.004 0.005 0.005 0.006 0.007 0.007 0.008 0.009 0.010 0.011 0.012 0.013 0.014 0.015 0.017 0.018 0.019 0.021 0.022 0.023 0.025 0.027 0.029 0.032 0.034 0.037 0.065 0.149 0.175 0.181 0.180 0.174 0.165 0.146 0.115 0.074 0.042 0.022 0.010 0.004 0.002 0.001 0.000 0.000 0.000 0.000 0.000 0.000 0.000 0.000 0.000 0.000 0.000 0.000 0.000 0.000 0.000 0.000 0.000 0.000 0.000
0.000 0.000 0.000 0.000 0.000 0.000 0.000 0.000 0.000 0.001 0.001 0.002 0.002 0.003 0.004 0.005 0.005 0.006 0.007 0.007 0.008 0.009 0.010 0.011 0.013 0.014 0.015 0.017 0.018 0.019 0.021 0.023 0.024 0.026 0.028 0.030 0.032 0.034 0.037 0.039 0.042 0.046 0.095 0.227 0.275 0.292 0.295 0.293 0.285 0.258 0.208 0.140 0.080 0.042 0.021 0.009 0.004 0.001 0.000 0.000 0.000 0.000 0.000 0.000 0.000 0.000 0.000 0.000 0.000 0.000 0.000 0.000 0.000 0.000 0.000 0.000 0.000
0.000 0.000 0.000 0.000 0.000 0.000 0.000 0.000 0.001 0.001 0.001 0.002 0.003 0.004 0.005 0.005 0.006 0.007 0.008 0.009 0.010 0.011 0.012 0.014 0.015 0.016 0.018 0.020 0.021 0.023 0.025 0.027 0.029 0.031 0.033 0.035 0.038 0.040 0.043 0.046 0.049 0.055 0.139 0.314 0.397 0.437 0.453 0.462 0.457 0.424 0.351 0.247 0.144 0.077 0.038 0.017 0.007 0.003 0.001 0.000 0.000 0.000 0.000 0.000 0.000 0.000 0.000 0.000 0.000 0.000 0.000 0.000 0.000 0.000 0.000 0.000 0.000
0.000 0.000 0.000 0.000 0.000 0.000 0.000 0.001 0.001 0.001 0.002 0.003 0.004 0.005 0.006 0.006 0.007 0.008 0.009 0.010 0.011 0.013 0.014 0.016 0.017 0.019 0.020 0.022 0.024 0.026 0.028 0.030 0.033 0.035 0.037 0.040 0.042 0.045 0.048 0.051 0.054 0.067 0.197 0.404 0.538 0.603 0.657 0.669 0.679 0.654 0.553 0.406 0.243 0.132 0.066 0.030 0.013 0.005 0.002 0.000 0.000 0.000 0.000 0.000 0.000 0.000 0.000 0.000 0.000 0.000 0.000 0.000 0.000 0.000 0.000 0.000 0.000
0.000 0.000 0.000 0.000 0.000 0.000 0.001 0.001 0.001 0.002 0.003 0.004 0.005 0.005 0.006 0.007 0.008 0.009 0.010 0.011 0.013 0.014 0.015 0.017 0.019 0.020 0.022 0.024 0.026 0.028 0.031 0.033 0.035 0.038 0.040 0.043 0.046 0.049 0.052 0.055 0.058 0.088 0.271 0.489 0.668 0.769 0.887 0.907 0.923 0.899 0.791 0.609 0.377 0.208 0.106 0.050 0.021 0.008 0.003 0.001 0.000 0.000 0.000 0.000 0.000 0.000 0.000 0.000 0.000 0.000 0.000 0.000 0.000 0.000 0.000 0.000 0.000
0.000 0.000 0.000 0.000 0.000 0.000 0.001 0.001 0.001 0.003 0.004 0.004 0.005 0.006 0.007 0.008 0.008 0.010 0.011 0.012 0.014 0.015 0.017 0.018 0.020 0.022 0.024 0.026 0.028 0.030 0.032 0.035 0.037 0.040 0.043 0.046 0.049 0.052 0.055 0.058 0.061 0.125 0.360 0.581 0.797 0.963 1.089 1.118 1.123 1.089 0.982 0.777 0.495 0.277 0.143 0.068 0.030 0.012 0.004 0.001 0.000 0.000 0.000 0.000 0.000 0.000 0.000 0.000 0.000 0.000 0.000 0.000 0.000 0.000 0.000 0.000 0.000
0.000 0.000 0.000 0.000 0.000 0.000 0.001 0.001 0.002 0.003 0.004 0.005 0.005 0.006 0.007 0.008 0.009 0.010 0.011 0.013 0.014 0.016 0.017 0.019 0.021 0.023 0.025 0.027 0.029 0.031 0.034 0.036 0.039 0.042 0.044 0.047 0.050 0.054 0.057 0.060 0.065 0.182 0.462 0.694 0.933 1.133 1.239 1.271 1.269 1.234 1.122 0.895 0.573 0.322 0.166 0.079 0.035 0.014 0.005 0.001 0.000 0.000 0.000 0.000 0.000 0.000 0.000 0.000 0.000 0.000 0.000 0.000 0.000 0.000 0.000 0.000 0.000
0.000 0.000 0.000 0.000 0.000 0.000 0.001 0.001 0.002 0.003 0.004 0.005 0.006 0.006 0.007 0.008 0.009 0.010 0.012 0.013 0.015 0.016 0.018 0.020 0.021 0.023 0.025 0.028 0.030 0.032 0.035 0.037 0.040 0.043 0.046 0.049 0.052 0.055 0.058 0.061 0.075 0.253 0.560 0.811 1.059 1.250 1.353 1.386 1.386 1.348 1.220 0.970 0.617 0.346 0.178 0.085 0.037 0.015 0.005 0.002 0.000 0.000 0.000 0.000 0.000 0.000 0.000 0.000 0.000 0.000 0.000 0.000 0.000 0.000 0.000 0.000 0.000
0.000 0.000 0.000 0.000 0.000 0.000 0.001 0.001 0.002 0.003 0.004 0.005 0.006 0.007 0.007 0.008 0.009 0.011 0.012 0.013 0.015 0.017 0.018 0.020 0.022 0.024 0.026 0.028 0.030 0.033 0.035 0.038 0.041 0.043 0.046 0.049 0.053 0.056 0.059 0.062 0.094 0.329 0.635 0.901 1.154 1.343 1.447 1.482 1.479 1.427 1.281 1.008 0.634 0.355 0.183 0.087 0.038 0.015 0.005 0.002 0.000 0.000 0.000 0.000 0.000 0.000 0.000 0.000 0.000 0.000 0.000 0.000 0.000 0.000 0.000 0.000 0.000
0.000 0.000 0.000 0.000 0.000 0.000 0.001 0.001 0.002 0.003 0.004 0.005 0.006 0.007 0.008 0.008 0.010 0.011 0.012 0.014 0.015 0.017 0.018 0.020 0.022 0.024 0.026 0.028 0.031 0.033 0.036 0.038 0.041 0.044 0.047 0.050 0.053 0.056 0.060 0.062 0.120 0.395 0.690 0.970 1.228 1.413 1.511 1.540 1.532 1.471 1.311 1.020 0.637 0.356 0.183 0.087 0.038 0.015 0.005 0.002 0.000 0.000 0.000 0.000 0.000 0.000 0.000 0.000 0.000 0.000 0.000 0.000 0.000 0.000 0.000 0.000 0.000
0.000 0.000 0.000 0.000 0.000 0.000 0.001 0.001 0.003 0.004 0.004 0.005 0.006 0.007 0.008 0.009 0.010 0.011 0.012 0.014 0.015 0.017 0.019 0.020 0.022 0.024 0.026 0.029 0.031 0.033 0.036 0.039 0.041 0.044 0.047 0.050 0.053 0.057 0.061 0.063 0.141 0.440 0.727 1.016 1.273 1.452 1.543 1.567 1.556 1.488 1.318 1.018 0.633 0.353 0.181 0.086 0.037 0.015 0.005 0.001 0.000 0.000 0.000 0.000 0.000 0.000 0.000 0.000 0.000 0.000 0.000 0.000 0.000 0.000 0.000 0.000 0.000
0.000 0.000 0.000 0.000 0.000 0.000 0.001 0.001 0.003 0.004 0.004 0.005 0.006 0.007 0.008 0.009 0.010 0.011 0.012 0.014 0.015 0.017 0.019 0.020 0.022 0.024 0.026 0.029 0.031 0.033 0.036 0.039 0.041 0.044 0.047 0.050 0.054 0.057 0.061 0.063 0.152 0.465 0.748 1.038 1.292 1.466 1.552 1.574 1.562 1.490 1.314 1.003 0.619 0.343 0.175 0.082 0.035 0.014 0.005 0.001 0.000 0.000 0.000 0.000 0.000 0.000 0.000 0.000 0.000 0.000 0.000 0.000 0.000 0.000 0.000 0.000 0.000
0.000 0.000 0.000 0.000 0.000 0.000 0.001 0.001 0.003 0.004 0.004 0.005 0.006 0.007 0.008 0.009 0.010 0.011 0.012 0.014 0.015 0.017 0.019 0.020 0.022 0.024 0.026 0.029 0.031 0.033 0.036 0.039 0.041 0.044 0.047 0.050 0.054 0.057 0.061 0.063 0.158 0.474 0.755 1.045 1.297 1.467 1.551 1.572 1.558 1.481 1.295 0.969 0.587 0.322 0.162 0.075 0.031 0.012 0.004 0.001 0.000 0.000 0.000 0.000 0.000 0.000 0.000 0.000 0.000 0.000 0.000 0.000 0.000 0.000 0.000 0.000 0.000
0.000 0.000 0.000 0.000 0.000 0.000 0.001 0.001 0.003 0.004 0.004 0.005 0.006 0.007 0.008 0.009 0.010 0.011 0.012 0.014 0.015 0.017 0.019 0.020 0.022 0.024 0.026 0.029 0.031 0.033 0.036 0.039 0.041 0.044 0.047 0.050 0.054 0.057 0.061 0.063 0.159 0.475 0.756 1.045 1.293 1.459 1.538 1.556 1.539 1.453 1.253 0.909 0.538 0.289 0.142 0.064 0.026 0.010 0.003 0.001 0.000 0.000 0.000 0.000 0.000 0.000 0.000 0.000 0.000 0.000 0.000 0.000 0.000 0.000 0.000 0.000 0.000
0.000 0.000 0.000 0.000 0.000 0.000 0.001 0.001 0.003 0.003 0.004 0.005 0.006 0.007 0.008 0.009 0.010 0.011 0.012 0.014 0.015 0.017 0.019 0.020 0.022 0.024 0.026 0.029 0.031 0.033 0.036 0.039 0.041 0.044 0.047 0.050 0.054 0.057 0.061 0.063 0.156 0.470 0.752 1.036 1.276 1.433 1.504 1.517 1.495 1.397 1.180 0.823 0.472 0.247 0.117 0.051 0.020 0.007 0.002 0.001 0.000 0.000 0.000 0.000 0.000 0.000 0.000 0.000 0.000 0.000 0.000 0.000 0.000 0.000 0.000 0.000 0.000
0.000 0.000 0.000 0.000 0.000 0.000 0.001 0.001 0.002 0.003 0.004 0.005 0.006 0.007 0.008 0.009 0.010 0.011 0.012 0.014 0.015 0.017 0.019 0.020 0.022 0.024 0.026 0.029 0.031 0.033 0.036 0.039 0.041 0.044 0.047 0.050 0.053 0.057 0.060 0.063 0.148 0.452 0.736 1.012 1.239 1.382 1.441 1.448 1.417 1.306 1.072 0.711 0.394 0.198 0.090 0.037 0.014 0.005 0.001 0.000 0.000 0.000 0.000 0.000 0.000 0.000 0.000 0.000 0.000 0.000 0.000 0.000 0.000 0.000 0.000 0.000 0.000
0.000 0.000 0.000 0.000 0.000 0.000 0.001 0.001 0.002 0.003 0.004 0.005 0.006 0.007 0.008 0.008 0.010 0.011 0.012 0.014 0.015 0.017 0.019 0.020 0.022 0.024 0.026 0.028 0.031 0.033 0.036 0.038 0.041 0.044 0.047 0.050 0.053 0.056 0.060 0.062 0.129 0.412 0.703 0.969 1.179 1.301 1.344 1.345 1.306 1.179 0.930 0.580 0.309 0.149 0.066 0.026 0.010 0.003 0.001 0.000 0.000 0.000 0.000 0.000 0.000 0.000 0.000 0.000 0.000 0.000 0.000 0.000 0.000 0.000 0.000 0.000 0.000
0.000 0.000 0.000 0.000 0.000 0.000 0.001 0.001 0.002 0.003 0.004 0.005 0.006 0.007 0.007 0.008 0.009 0.011 0.012 0.014 0.015 0.017 0.018 0.020 0.022 0.024 0.026 0.028 0.030 0.033 0.035 0.038 0.041 0.044 0.047 0.050 0.053 0.056 0.060 0.062 0.103 0.349 0.653 0.903 1.089 1.191 1.228 1.229 1.179 1.038 0.769 0.445 0.228 0.106 0.045 0.017 0.006 0.002 0.000 0.000 0.000 0.000 0.000 0.000 0.000 0.000 0.000 0.000 0.000 0.000 0.000 0.000 0.000 0.000 0.000 0.000 0.000
0.000 0.000 0.000 0.000 0.000 0.000 0.001 0.001 0.002 0.003 0.004 0.005 0.006 0.006 0.007 0.008 0.009 0.010 0.012 0.013 0.015 0.016 0.018 0.020 0.022 0.023 0.026 0.028 0.030 0.032 0.035 0.037 0.040 0.043 0.046 0.049 0.052 0.055 0.059 0.062 0.079 0.272 0.587 0.822 0.990 1.080 1.107 1.096 1.033 0.876 0.594 0.320 0.157 0.070 0.029 0.011 0.004 0.001 0.000 0.000 0.000 0.000 0.000 0.000 0.000 0.000 0.000 0.000 0.000 0.000 0.000 0.000 0.000 0.000 0.000 0.000 0.000
0.000 0.000 0.000 0.000 0.000 0.000 0.001 0.001 0.001 0.003 0.004 0.004 0.005 0.006 0.007 0.008 0.009 0.010 0.011 0.013 0.014 0.016 0.017 0.019 0.021 0.023 0.025 0.027 0.029 0.032 0.034 0.037 0.039 0.042 0.045 0.048 0.051 0.054 0.058 0.061 0.066 0.195 0.497 0.731 0.880 0.948 0.959 0.936 0.854 0.675 0.412 0.212 0.100 0.043 0.017 0.006 0.002 0.000 0.000 0.000 0.000 0.000 0.000 0.000 0.000 0.000 0.000 0.000 0.000 0.000 0.000 0.000 0.000 0.000 0.000 0.000 0.000
0.000 0.000 0.000 0.000 0.000 0.000 0.001 0.001 0.001 0.002 0.003 0.004 0.005 0.006 0.007 0.007 0.008 0.010 0.011 0.012 0.014 0.015 0.017 0.018 0.020 0.022 0.024 0.026 0.028 0.031 0.033 0.035 0.038 0.041 0.043 0.046 0.050 0.053 0.056 0.059 0.061 0.131 0.394 0.623 0.748 0.794 0.792 0.749 0.638 0.452 0.254 0.128 0.058 0.024 0.009 0.003 0.001 0.000 0.000 0.000 0.000 0.000 0.000 0.000 0.000 0.000 0.000 0.000 0.000 0.000 0.000 0.000 0.000 0.000 0.000 0.000 0.000
0.000 0.000 0.000 0.000 0.000 0.000 0.001 0.001 0.001 0.001 0.002 0.003 0.004 0.005 0.006 0.007 0.008 0.009 0.010 0.011 0.013 0.014 0.016 0.017 0.019 0.021 0.023 0.025 0.027 0.029 0.031 0.034 0.036 0.039 0.042 0.044 0.047 0.050 0.053 0.056 0.058 0.089 0.290 0.502 0.597 0.624 0.614 0.552 0.429 0.270 0.145 0.071 0.031 0.013 0.005 0.001 0.000 0.000 0.000 0.000 0.000 0.000 0.000 0.000 0.000 0.000 0.000 0.000 0.000 0.000 0.000 0.000 0.000 0.000 0.000 0.000 0.000
0.000 0.000 0.000 0.000 0.000 0.000 0.000 0.001 0.001 0.001 0.002 0.003 0.004 0.004 0.005 0.006 0.007 0.008 0.009 0.010 0.012 0.013 0.014 0.016 0.017 0.019 0.021 0.023 0.025 0.027 0.029 0.031 0.034 0.036 0.039 0.041 0.044 0.046 0.049 0.052 0.055 0.066 0.198 0.389 0.445 0.453 0.436 0.371 0.259 0.149 0.077 0.036 0.015 0.006 0.002 0.001 0.000 0.000 0.000 0.000 0.000 0.000 0.000 0.000 0.000 0.000 0.000 0.000 0.000 0.000 0.000 0.000 0.000 0.000 0.000 0.000 0.000
0.000 0.000 0.000 0.000 0.000 0.000 0.000 0.001 0.001 0.001 0.001 0.002 0.003 0.004 0.004 0.005 0.006 0.007 0.008 0.009 0.010 0.011 0.013 0.014 0.015 0.017 0.019 0.020 0.022 0.024 0.026 0.028 0.030 0.032 0.034 0.036 0.038 0.041 0.043 0.046 0.049 0.055 0.129 0.277 0.303 0.295 0.275 0.224 0.141 0.076 0.037 0.017 0.007 0.003 0.001 0.000 0.000 0.000 0.000 0.000 0.000 0.000 0.000 0.000 0.000 0.000 0.000 0.000 0.000 0.000 0.000 0.000 0.000 0.000 0.000 0.000 0.000
0.000 0.000 0.000 0.000 0.000 0.000 0.000 0.000 0.001 0.001 0.001 0.001 0.002 0.002 0.003 0.004 0.005 0.005 0.006 0.007 0.008 0.009 0.010 0.011 0.013 0.014 0.015 0.017 0.018 0.020 0.021 0.023 0.024 0.026 0.028 0.029 0.031 0.033 0.035 0.039 0.043 0.047 0.083 0.174 0.182 0.181 0.157 0.120 0.069 0.035 0.017 0.007 0.003 0.001 0.000 0.000 0.000 0.000 0.000 0.000 0.000 0.000 0.000 0.000 0.000 0.000 0.000 0.000 0.000 0.000 0.000 0.000 0.000 0.000 0.000 0.000 0.000
0.000 0.000 0.000 0.000 0.000 0.000 0.000 0.000 0.000 0.001 0.001 0.001 0.001 0.002 0.002 0.003 0.003 0.004 0.004 0.005 0.006 0.007 0.007 0.008 0.009 0.010 0.011 0.012 0.013 0.014 0.015 0.016 0.017 0.018 0.019 0.021 0.022 0.024 0.027 0.031 0.033 0.035 0.052 0.097 0.096 0.102 0.081 0.056 0.030 0.015 0.007 0.003 0.001 0.000 0.000 0.000 0.000 0.000 0.000 0.000 0.000 0.000 0.000 0.000 0.000 0.000 0.000 0.000 0.000 0.000 0.000 0.000 0.000 0.000 0.000 0.000 0.000
0.000 0.000 0.000 0.000 0.000 0.000 0.000 0.000 0.000 0.000 0.000 0.001 0.001 0.001 0.001 0.002 0.002 0.002 0.003 0.003 0.004 0.004 0.005 0.006 0.006 0.007 0.007 0.008 0.009 0.009 0.010 0.011 0.011 0.012 0.012 0.013 0.014 0.016 0.018 0.019 0.019 0.020 0.031 0.048 0.049 0.047 0.037 0.023 0.012 0.006 0.002 0.001 0.000 0.000 0.000 0.000 0.000 0.000 0.000 0.000 0.000 0.000 0.000 0.000 0.000 0.000 0.000 0.000 0.000 0.000 0.000 0.000 0.000 0.000 0.000 0.000 0.000
0.000 0.000 0.000 0.000 0.000 0.000 0.000 0.000 0.000 0.000 0.000 0.000 0.000 0.001 0.001 0.001 0.001 0.001 0.001 0.002 0.002 0.003 0.003 0.003 0.004 0.004 0.004 0.005 0.005 0.005 0.006 0.006 0.006 0.007 0.007 0.008 0.008 0.009 0.010 0.010 0.010 0.011 0.016 0.022 0.023 0.020 0.015 0.008 0.004 0.002 0.001 0.000 0.000 0.000 0.000 0.000 0.000 0.000 0.000 0.000 0.000 0.000 0.000 0.000 0.000 0.000 0.000 0.000 0.000 0.000 0.000 0.000 0.000 0.000 0.000 0.000 0.000
0.000 0.000 0.000 0.000 0.000 0.000 0.000 0.000 0.000 0.000 0.000 0.000 0.000 0.000 0.000 0.000 0.000 0.000 0.001 0.001 0.001 0.001 0.001 0.002 0.002 0.002 0.002 0.002 0.003 0.003 0.003 0.003 0.003 0.003 0.004 0.004 0.004 0.004 0.005 0.005 0.005 0.005 0.007 0.009 0.009 0.007 0.005 0.003 0.001 0.000 0.000 0.000 0.000 0.000 0.000 0.000 0.000 0.000 0.000 0.000 0.000 0.000 0.000 0.000 0.000 0.000 0.000 0.000 0.000 0.000 0.000 0.000 0.000 0.000 0.000 0.000 0.000
0.000 0.000 0.000 0.000 0.000 0.000 0.000 0.000 0.000 0.000 0.000 0.000 0.000 0.000 0.000 0.000 0.000 0.000 0.000 0.000 0.000 0.000 0.000 0.001 0.000 0.001 0.001 0.001 0.001 0.001 0.001 0.001 0.001 0.001 0.001 0.002 0.002 0.002 0.002 0.002 0.002 0.002 0.003 0.003 0.003 0.002 0.002 0.001 0.000 0.000 0.000 0.000 0.000 0.000 0.000 0.000 0.000 0.000 0.000 0.000 0.000 0.000 0.000 0.000 0.000 0.000 0.000 0.000 0.000 0.000 0.000 0.000 0.000 0.000 0.000 0.000 0.000
