AvaFrame/avaframe/data/avaParabola/Avaflow_Input_Output/alr_results/alr_ascii/alr_hflow0009.asc
ncols 250
nrows 100
xllcenter 997.50
yllcenter -4997.50
cellsize 20.00
NODATA_value -9999.000
[rows 34 to 67 of 100, columns 77 to 153 of 250]
0.000 0.001 0.001 0.001 0.000 0.000 0.000 0.000 0.000 0.000 0.000 0.001 0.001 0.001 0.001 0.001 0.002 0.002 0.002 0.002 0.003 0.003 0.003 0.003 0.004 0.004 0.004 0.004 0.004 0.004 0.005 0.005 0.005 0.005 0.005 0.005 0.005 0.005 0.005 0.005 0.005 0.005 0.005 0.007 0.007 0.007 0.006 0.006 0.005 0.004 0.003 0.001 0.001 0.000 0.000 0.000 0.000 0.000 0.000 0.000 0.000 0.000 0.000 0.000 0.000 0.000 0.000 0.000 0.000 0.000 0.000 0.000 0.000 0.000 0.000 0.000 0.000
0.001 0.001 0.000 0.000 0.000 0.000 0.000 0.000 0.000 0.001 0.001 0.001 0.001 0.002 0.002 0.002 0.003 0.003 0.003 0.003 0.004 0.004 0.004 0.005 0.005 0.006 0.006 0.006 0.007 0.007 0.007 0.008 0.008 0.009 0.009 0.009 0.009 0.010 0.010 0.010 0.010 0.010 0.011 0.014 0.017 0.017 0.016 0.015 0.014 0.011 0.007 0.004 0.002 0.001 0.000 0.000 0.000 0.000 0.000 0.000 0.000 0.000 0.000 0.000 0.000 0.000 0.000 0.000 0.000 0.000 0.000 0.000 0.000 0.000 0.000 0.000 0.000
0.000 0.000 0.000 0.000 0.000 0.000 0.000 0.000 0.001 0.001 0.001 0.001 0.002 0.002 0.003 0.003 0.004 0.004 0.004 0.005 0.005 0.006 0.006 0.007 0.008 0.008 0.009 0.009 0.010 0.011 0.011 0.012 0.013 0.013 0.014 0.015 0.016 0.016 0.016 0.017 0.017 0.017 0.019 0.025 0.037 0.039 0.037 0.036 0.033 0.028 0.019 0.010 0.005 0.002 0.001 0.000 0.000 0.000 0.000 0.000 0.000 0.000 0.000 0.000 0.000 0.000 0.000 0.000 0.000 0.000 0.000 0.000 0.000 0.000 0.000 0.000 0.000
0.000 0.000 0.000 0.000 0.000 0.000 0.000 0.001 0.001 0.001 0.002 0.002 0.003 0.003 0.004 0.004 0.005 0.005 0.006 0.007 0.007 0.008 0.009 0.010 0.011 0.012 0.012 0.013 0.014 0.015 0.016 0.017 0.019 0.020 0.021 0.023 0.024 0.025 0.026 0.027 0.028 0.029 0.031 0.042 0.072 0.083 0.081 0.079 0.073 0.062 0.045 0.025 0.012 0.005 0.002 0.001 0.000 0.000 0.000 0.000 0.000 0.000 0.000 0.000 0.000 0.000 0.000 0.000 0.000 0.000 0.000 0.000 0.000 0.000 0.000 0.000 0.000
0.000 0.000 0.000 0.000 0.000 0.000 0.001 0.001 0.001 0.002 0.002 0.003 0.003 0.004 0.005 0.005 0.006 0.007 0.008 0.009 0.010 0.011 0.012 0.013 0.014 0.015 0.017 0.018 0.020 0.021 0.023 0.024 0.026 0.028 0.030 0.032 0.035 0.037 0.039 0.041 0.042 0.044 0.048 0.064 0.125 0.158 0.160 0.161 0.149 0.129 0.096 0.056 0.029 0.013 0.005 0.002 0.000 0.000 0.000 0.000 0.000 0.000 0.000 0.000 0.000 0.000 0.000 0.000 0.000 0.000 0.000 0.000 0.000 0.000 0.000 0.000 0.000
0.000 0.000 0.000 0.000 0.000 0.001 0.001 0.001 0.002 0.002 0.003 0.004 0.004 0.005 0.006 0.007 0.008 0.009 0.010 0.011 0.012 0.014 0.015 0.017 0.018 0.020 0.022 0.024 0.026 0.028 0.030 0.032 0.035 0.037 0.040 0.043 0.046 0.049 0.052 0.056 0.059 0.062 0.066 0.090 0.201 0.277 0.285 0.290 0.276 0.245 0.189 0.117 0.061 0.028 0.012 0.004 0.001 0.000 0.000 0.000 0.000 0.000 0.000 0.000 0.000 0.000 0.000 0.000 0.000 0.000 0.000 0.000 0.000 0.000 0.000 0.000 0.000
0.000 0.000 0.000 0.000 0.001 0.001 0.001 0.002 0.002 0.003 0.004 0.005 0.005 0.006 0.007 0.008 0.010 0.011 0.012 0.014 0.015 0.017 0.019 0.021 0.023 0.025 0.027 0.029 0.032 0.034 0.037 0.040 0.042 0.045 0.049 0.052 0.056 0.060 0.063 0.067 0.072 0.076 0.081 0.119 0.304 0.417 0.477 0.475 0.464 0.423 0.342 0.224 0.120 0.057 0.024 0.009 0.003 0.001 0.000 0.000 0.000 0.000 0.000 0.000 0.000 0.000 0.000 0.000 0.000 0.000 0.000 0.000 0.000 0.000 0.000 0.000 0.000
0.000 0.000 0.000 0.000 0.001 0.001 0.001 0.002 0.003 0.004 0.005 0.006 0.007 0.008 0.009 0.010 0.011 0.013 0.014 0.016 0.018 0.020 0.022 0.024 0.026 0.029 0.031 0.034 0.037 0.039 0.042 0.046 0.049 0.052 0.056 0.059 0.063 0.067 0.072 0.076 0.081 0.086 0.091 0.162 0.432 0.585 0.705 0.724 0.718 0.669 0.562 0.393 0.218 0.106 0.046 0.018 0.006 0.002 0.000 0.000 0.000 0.000 0.000 0.000 0.000 0.000 0.000 0.000 0.000 0.000 0.000 0.000 0.000 0.000 0.000 0.000 0.000
0.000 0.000 0.000 0.001 0.001 0.001 0.002 0.003 0.004 0.005 0.006 0.006 0.007 0.009 0.010 0.011 0.013 0.014 0.016 0.018 0.020 0.022 0.024 0.027 0.029 0.032 0.034 0.037 0.040 0.043 0.047 0.050 0.054 0.057 0.061 0.065 0.069 0.073 0.078 0.083 0.088 0.093 0.102 0.237 0.573 0.780 0.922 0.976 0.976 0.928 0.813 0.613 0.356 0.178 0.079 0.031 0.011 0.003 0.001 0.000 0.000 0.000 0.000 0.000 0.000 0.000 0.000 0.000 0.000 0.000 0.000 0.000 0.000 0.000 0.000 0.000 0.000
0.000 0.000 0.000 0.001 0.001 0.002 0.003 0.004 0.004 0.005 0.006 0.007 0.008 0.009 0.011 0.012 0.014 0.016 0.017 0.019 0.021 0.024 0.026 0.028 0.031 0.034 0.037 0.040 0.043 0.046 0.050 0.053 0.057 0.061 0.065 0.069 0.073 0.078 0.082 0.087 0.093 0.098 0.126 0.362 0.718 0.956 1.110 1.170 1.176 1.135 1.016 0.793 0.478 0.245 0.111 0.045 0.016 0.005 0.001 0.000 0.000 0.000 0.000 0.000 0.000 0.000 0.000 0.000 0.000 0.000 0.000 0.000 0.000 0.000 0.000 0.000 0.000
0.000 0.000 0.000 0.001 0.001 0.002 0.003 0.004 0.005 0.006 0.006 0.007 0.009 0.010 0.011 0.013 0.015 0.016 0.018 0.020 0.022 0.025 0.027 0.030 0.033 0.035 0.038 0.042 0.045 0.048 0.052 0.056 0.059 0.063 0.068 0.072 0.076 0.081 0.086 0.091 0.096 0.101 0.180 0.526 0.867 1.118 1.275 1.333 1.336 1.296 1.168 0.918 0.558 0.287 0.131 0.053 0.019 0.006 0.001 0.000 0.000 0.000 0.000 0.000 0.000 0.000 0.000 0.000 0.000 0.000 0.000 0.000 0.000 0.000 0.000 0.000 0.000
0.000 0.000 0.000 0.001 0.001 0.002 0.003 0.004 0.005 0.006 0.007 0.008 0.009 0.010 0.012 0.013 0.015 0.017 0.019 0.021 0.023 0.026 0.028 0.031 0.034 0.036 0.040 0.043 0.046 0.050 0.053 0.057 0.061 0.065 0.069 0.074 0.078 0.083 0.088 0.093 0.099 0.108 0.271 0.678 0.999 1.255 1.405 1.460 1.462 1.415 1.273 0.995 0.600 0.309 0.141 0.057 0.020 0.006 0.002 0.000 0.000 0.000 0.000 0.000 0.000 0.000 0.000 0.000 0.000 0.000 0.000 0.000 0.000 0.000 0.000 0.000 0.000
0.000 0.000 0.000 0.001 0.001 0.002 0.003 0.004 0.005 0.006 0.007 0.008 0.009 0.010 0.012 0.014 0.015 0.017 0.019 0.021 0.024 0.026 0.029 0.031 0.034 0.037 0.040 0.044 0.047 0.050 0.054 0.058 0.062 0.066 0.071 0.075 0.080 0.084 0.089 0.095 0.100 0.125 0.377 0.800 1.112 1.362 1.505 1.554 1.552 1.498 1.338 1.033 0.616 0.316 0.144 0.058 0.021 0.006 0.002 0.000 0.000 0.000 0.000 0.000 0.000 0.000 0.000 0.000 0.000 0.000 0.000 0.000 0.000 0.000 0.000 0.000 0.000
0.000 0.000 0.000 0.001 0.001 0.003 0.003 0.004 0.005 0.006 0.007 0.008 0.009 0.011 0.012 0.014 0.016 0.018 0.020 0.022 0.024 0.026 0.029 0.032 0.035 0.038 0.041 0.044 0.047 0.051 0.055 0.059 0.063 0.067 0.071 0.076 0.081 0.085 0.090 0.096 0.101 0.153 0.478 0.884 1.200 1.442 1.575 1.616 1.611 1.547 1.370 1.043 0.617 0.317 0.144 0.058 0.021 0.006 0.002 0.000 0.000 0.000 0.000 0.000 0.000 0.000 0.000 0.000 0.000 0.000 0.000 0.000 0.000 0.000 0.000 0.000 0.000
0.000 0.000 0.000 0.001 0.002 0.003 0.004 0.004 0.005 0.006 0.007 0.008 0.009 0.011 0.012 0.014 0.016 0.018 0.020 0.022 0.024 0.027 0.029 0.032 0.035 0.038 0.041 0.044 0.048 0.051 0.055 0.059 0.063 0.067 0.072 0.076 0.081 0.086 0.091 0.097 0.101 0.177 0.549 0.934 1.256 1.490 1.612 1.649 1.640 1.567 1.378 1.038 0.611 0.312 0.141 0.056 0.020 0.006 0.001 0.000 0.000 0.000 0.000 0.000 0.000 0.000 0.000 0.000 0.000 0.000 0.000 0.000 0.000 0.000 0.000 0.000 0.000
0.000 0.000 0.000 0.001 0.002 0.003 0.004 0.004 0.005 0.006 0.007 0.008 0.009 0.011 0.012 0.014 0.016 0.018 0.020 0.022 0.024 0.027 0.029 0.032 0.035 0.038 0.041 0.044 0.048 0.052 0.055 0.059 0.063 0.068 0.072 0.077 0.081 0.086 0.092 0.097 0.101 0.191 0.586 0.964 1.285 1.510 1.626 1.659 1.648 1.570 1.372 1.016 0.589 0.297 0.133 0.052 0.018 0.005 0.001 0.000 0.000 0.000 0.000 0.000 0.000 0.000 0.000 0.000 0.000 0.000 0.000 0.000 0.000 0.000 0.000 0.000 0.000
0.000 0.000 0.000 0.001 0.002 0.003 0.004 0.004 0.005 0.006 0.007 0.008 0.009 0.011 0.012 0.014 0.016 0.018 0.020 0.022 0.024 0.027 0.029 0.032 0.035 0.038 0.041 0.044 0.048 0.052 0.055 0.059 0.063 0.068 0.072 0.077 0.081 0.086 0.092 0.097 0.101 0.197 0.600 0.976 1.293 1.514 1.626 1.657 1.644 1.558 1.345 0.969 0.548 0.271 0.118 0.045 0.015 0.004 0.001 0.000 0.000 0.000 0.000 0.000 0.000 0.000 0.000 0.000 0.000 0.000 0.000 0.000 0.000 0.000 0.000 0.000 0.000
0.000 0.000 0.000 0.001 0.002 0.003 0.004 0.004 0.005 0.006 0.007 0.008 0.009 0.011 0.012 0.014 0.016 0.018 0.020 0.022 0.024 0.027 0.029 0.032 0.035 0.038 0.041 0.044 0.048 0.052 0.055 0.059 0.063 0.068 0.072 0.077 0.082 0.087 0.092 0.096 0.101 0.197 0.601 0.976 1.290 1.506 1.612 1.637 1.620 1.523 1.292 0.897 0.490 0.234 0.097 0.035 0.011 0.003 0.001 0.000 0.000 0.000 0.000 0.000 0.000 0.000 0.000 0.000 0.000 0.000 0.000 0.000 0.000 0.000 0.000 0.000 0.000
0.000 0.000 0.000 0.001 0.002 0.003 0.004 0.004 0.005 0.006 0.007 0.008 0.009 0.011 0.012 0.014 0.016 0.018 0.020 0.022 0.024 0.027 0.029 0.032 0.035 0.038 0.041 0.044 0.048 0.052 0.055 0.059 0.063 0.068 0.072 0.077 0.082 0.086 0.091 0.096 0.101 0.192 0.593 0.965 1.271 1.476 1.573 1.593 1.570 1.460 1.209 0.798 0.418 0.190 0.075 0.025 0.007 0.002 0.000 0.000 0.000 0.000 0.000 0.000 0.000 0.000 0.000 0.000 0.000 0.000 0.000 0.000 0.000 0.000 0.000 0.000 0.000
0.000 0.000 0.000 0.001 0.001 0.003 0.003 0.004 0.005 0.006 0.007 0.008 0.009 0.011 0.012 0.014 0.016 0.018 0.020 0.022 0.024 0.027 0.029 0.032 0.035 0.038 0.041 0.044 0.048 0.051 0.055 0.059 0.063 0.067 0.072 0.077 0.081 0.086 0.090 0.096 0.101 0.179 0.558 0.935 1.230 1.423 1.507 1.522 1.491 1.365 1.093 0.676 0.337 0.145 0.053 0.017 0.005 0.001 0.000 0.000 0.000 0.000 0.000 0.000 0.000 0.000 0.000 0.000 0.000 0.000 0.000 0.000 0.000 0.000 0.000 0.000 0.000
0.000 0.000 0.000 0.001 0.001 0.002 0.003 0.004 0.005 0.006 0.007 0.008 0.009 0.011 0.012 0.014 0.016 0.018 0.020 0.022 0.024 0.026 0.029 0.032 0.035 0.038 0.041 0.044 0.048 0.051 0.055 0.059 0.063 0.067 0.072 0.076 0.080 0.085 0.090 0.096 0.102 0.155 0.478 0.891 1.163 1.344 1.415 1.421 1.379 1.235 0.943 0.541 0.255 0.103 0.036 0.011 0.003 0.001 0.000 0.000 0.000 0.000 0.000 0.000 0.000 0.000 0.000 0.000 0.000 0.000 0.000 0.000 0.000 0.000 0.000 0.000 0.000
0.000 0.000 0.000 0.001 0.001 0.002 0.003 0.004 0.005 0.006 0.007 0.008 0.009 0.011 0.012 0.014 0.015 0.017 0.019 0.021 0.024 0.026 0.029 0.031 0.034 0.037 0.040 0.044 0.047 0.051 0.054 0.058 0.062 0.067 0.071 0.075 0.079 0.084 0.090 0.096 0.101 0.127 0.375 0.814 1.087 1.245 1.302 1.302 1.245 1.083 0.773 0.407 0.178 0.067 0.022 0.006 0.001 0.000 0.000 0.000 0.000 0.000 0.000 0.000 0.000 0.000 0.000 0.000 0.000 0.000 0.000 0.000 0.000 0.000 0.000 0.000 0.000
0.000 0.000 0.000 0.001 0.001 0.002 0.003 0.004 0.005 0.006 0.007 0.008 0.009 0.010 0.012 0.013 0.015 0.017 0.019 0.021 0.023 0.026 0.028 0.031 0.034 0.037 0.040 0.043 0.046 0.050 0.054 0.057 0.062 0.066 0.070 0.074 0.079 0.084 0.090 0.095 0.099 0.107 0.274 0.711 1.005 1.123 1.166 1.162 1.087 0.899 0.574 0.273 0.111 0.039 0.012 0.003 0.001 0.000 0.000 0.000 0.000 0.000 0.000 0.000 0.000 0.000 0.000 0.000 0.000 0.000 0.000 0.000 0.000 0.000 0.000 0.000 0.000
0.000 0.000 0.000 0.001 0.001 0.002 0.003 0.004 0.004 0.005 0.006 0.007 0.009 0.010 0.011 0.013 0.015 0.016 0.018 0.020 0.023 0.025 0.027 0.030 0.033 0.036 0.039 0.042 0.045 0.049 0.052 0.056 0.060 0.064 0.068 0.072 0.078 0.084 0.088 0.091 0.094 0.100 0.191 0.596 0.904 0.975 1.005 1.004 0.888 0.668 0.373 0.165 0.062 0.020 0.006 0.001 0.000 0.000 0.000 0.000 0.000 0.000 0.000 0.000 0.000 0.000 0.000 0.000 0.000 0.000 0.000 0.000 0.000 0.000 0.000 0.000 0.000
0.000 0.000 0.000 0.001 0.001 0.001 0.002 0.003 0.004 0.005 0.006 0.007 0.008 0.009 0.011 0.012 0.014 0.015 0.017 0.019 0.021 0.024 0.026 0.029 0.031 0.034 0.037 0.040 0.043 0.047 0.050 0.054 0.058 0.062 0.066 0.071 0.076 0.080 0.082 0.086 0.093 0.102 0.143 0.438 0.767 0.831 0.835 0.800 0.647 0.426 0.212 0.087 0.031 0.009 0.002 0.001 0.000 0.000 0.000 0.000 0.000 0.000 0.000 0.000 0.000 0.000 0.000 0.000 0.000 0.000 0.000 0.000 0.000 0.000 0.000 0.000 0.000
0.000 0.000 0.000 0.001 0.001 0.001 0.002 0.002 0.003 0.004 0.005 0.006 0.007 0.008 0.010 0.011 0.013 0.014 0.016 0.018 0.020 0.022 0.024 0.027 0.029 0.032 0.035 0.038 0.041 0.044 0.048 0.051 0.055 0.058 0.062 0.067 0.071 0.073 0.077 0.085 0.096 0.104 0.116 0.270 0.582 0.674 0.659 0.580 0.414 0.230 0.105 0.040 0.013 0.004 0.001 0.000 0.000 0.000 0.000 0.000 0.000 0.000 0.000 0.000 0.000 0.000 0.000 0.000 0.000 0.000 0.000 0.000 0.000 0.000 0.000 0.000 0.000
0.000 0.000 0.000 0.001 0.001 0.001 0.001 0.002 0.003 0.003 0.004 0.005 0.006 0.007 0.009 0.010 0.011 0.013 0.014 0.016 0.018 0.020 0.022 0.024 0.027 0.029 0.032 0.035 0.037 0.040 0.043 0.046 0.050 0.053 0.057 0.060 0.064 0.067 0.074 0.086 0.095 0.095 0.096 0.167 0.391 0.480 0.460 0.370 0.226 0.108 0.044 0.016 0.005 0.001 0.000 0.000 0.000 0.000 0.000 0.000 0.000 0.000 0.000 0.000 0.000 0.000 0.000 0.000 0.000 0.000 0.000 0.000 0.000 0.000 0.000 0.000 0.000
0.000 0.000 0.000 0.000 0.001 0.001 0.001 0.001 0.002 0.002 0.003 0.004 0.005 0.006 0.007 0.008 0.009 0.011 0.012 0.014 0.015 0.017 0.019 0.021 0.023 0.025 0.027 0.030 0.032 0.035 0.037 0.039 0.042 0.045 0.048 0.052 0.056 0.062 0.071 0.078 0.076 0.070 0.072 0.117 0.243 0.302 0.280 0.195 0.105 0.043 0.016 0.005 0.002 0.000 0.000 0.000 0.000 0.000 0.000 0.000 0.000 0.000 0.000 0.000 0.000 0.000 0.000 0.000 0.000 0.000 0.000 0.000 0.000 0.000 0.000 0.000 0.000
0.000 0.000 0.000 0.000 0.000 0.001 0.001 0.001 0.001 0.002 0.002 0.003 0.004 0.004 0.005 0.006 0.007 0.008 0.009 0.011 0.012 0.013 0.015 0.016 0.018 0.020 0.021 0.023 0.024 0.026 0.028 0.030 0.032 0.034 0.038 0.042 0.046 0.051 0.053 0.051 0.047 0.046 0.054 0.089 0.143 0.162 0.142 0.082 0.041 0.015 0.005 0.002 0.000 0.000 0.000 0.000 0.000 0.000 0.000 0.000 0.000 0.000 0.000 0.000 0.000 0.000 0.000 0.000 0.000 0.000 0.000 0.000 0.000 0.000 0.000 0.000 0.000
0.000 0.000 0.000 0.000 0.000 0.000 0.000 0.001 0.001 0.001 0.001 0.002 0.002 0.003 0.003 0.004 0.005 0.006 0.006 0.007 0.008 0.009 0.010 0.011 0.012 0.013 0.014 0.015 0.016 0.017 0.018 0.019 0.021 0.023 0.025 0.028 0.029 0.030 0.030 0.028 0.027 0.029 0.039 0.059 0.074 0.073 0.056 0.028 0.011 0.004 0.001 0.000 0.000 0.000 0.000 0.000 0.000 0.000 0.000 0.000 0.000 0.000 0.000 0.000 0.000 0.000 0.000 0.000 0.000 0.000 0.000 0.000 0.000 0.000 0.000 0.000 0.000
0.000 0.000 0.000 0.000 0.000 0.000 0.000 0.000 0.000 0.001 0.001 0.001 0.001 0.002 0.002 0.003 0.003 0.003 0.004 0.005 0.005 0.006 0.006 0.007 0.008 0.008 0.009 0.009 0.010 0.011 0.011 0.012 0.013 0.014 0.014 0.015 0.015 0.015 0.015 0.015 0.015 0.017 0.023 0.029 0.032 0.028 0.017 0.007 0.003 0.001 0.000 0.000 0.000 0.000 0.000 0.000 0.000 0.000 0.000 0.000 0.000 0.000 0.000 0.000 0.000 0.000 0.000 0.000 0.000 0.000 0.000 0.000 0.000 0.000 0.000 0.000 0.000
0.000 0.000 0.000 0.000 0.000 0.000 0.000 0.000 0.000 0.000 0.000 0.000 0.001 0.001 0.001 0.001 0.001 0.002 0.002 0.002 0.003 0.003 0.004 0.004 0.004 0.005 0.005 0.005 0.006 0.006 0.006 0.006 0.007 0.007 0.007 0.007 0.007 0.007 0.007 0.008 0.008 0.009 0.010 0.012 0.011 0.008 0.004 0.002 0.001 0.000 0.000 0.000 0.000 0.000 0.000 0.000 0.000 0.000 0.000 0.000 0.000 0.000 0.000 0.000 0.000 0.000 0.000 0.000 0.000 0.000 0.000 0.000 0.000 0.000 0.000 0.000 0.000
0.000 0.000 0.000 0.000 0.000 0.000 0.000 0.000 0.000 0.000 0.000 0.000 0.000 0.000 0.000 0.000 0.000 0.001 0.001 0.001 0.001 0.002 0.002 0.002 0.002 0.002 0.002 0.002 0.003 0.003 0.003 0.003 0.003 0.003 0.003 0.003 0.003 0.003 0.003 0.003 0.003 0.004 0.004 0.004 0.003 0.002 0.001 0.000 0.000 0.000 0.000 0.000 0.000 0.000 0.000 0.000 0.000 0.000 0.000 0.000 0.000 0.000 0.000 0.000 0.000 0.000 0.000 0.000 0.000 0.000 0.000 0.000 0.000 0.000 0.000 0.000 0.000
0.000 0.000 0.000 0.000 0.000 0.000 0.000 0.000 0.000 0.000 0.000 0.000 0.000 0.000 0.000 0.000 0.000 0.000 0.000 0.000 0.000 0.000 0.000 0.001 0.001 0.001 0.001 0.001 0.001 0.001 0.001 0.001 0.001 0.001 0.001 0.001 0.001 0.001 0.001 0.001 0.001 0.001 0.001 0.001 0.001 0.000 0.000 0.000 0.000 0.000 0.000 0.000 0.000 0.000 0.000 0.000 0.000 0.000 0.000 0.000 0.000 0.000 0.000 0.000 0.000 0.000 0.000 0.000 0.000 0.000 0.000 0.000 0.000 0.000 0.000 0.000 0.000
