AvaFrame/avaframe/data/avaParabola/Avaflow_Input_Output/alr_results/alr_ascii/alr_hflow10005.asc
ncols 250
nrows 100
xllcenter 997.50
yllcenter -4997.50
cellsize 20.00
NODATA_value -9999.000
[rows 34 to 67 of 100, columns 77 to 153 of 250]
0.000 0.001 0.001 0.001 0.001 0.001 0.001 0.001 0.001 0.001 0.001 0.001 0.002 0.002 0.002 0.002 0.002 0.002 0.002 0.003 0.003 0.003 0.003 0.003 0.003 0.003 0.003 0.003 0.002 0.002 0.002 0.002 0.002 0.002 0.001 0.001 0.001 0.001 0.000 0.000 0.000 0.000 0.000 0.000 0.000 0.000 0.000 0.000 0.000 0.000 0.000 0.000 0.000 0.000 0.000 0.000 0.000 0.000 0.000 0.000 0.000 0.000 0.000 0.000 0.000 0.000 0.000 0.000 0.000 0.000 0.000 0.000 0.000 0.000 0.000 0.000 0.000
0.001 0.001 0.001 0.001 0.001 0.001 0.001 0.001 0.002 0.002 0.002 0.002 0.003 0.003 0.003 0.003 0.004 0.004 0.004 0.005 0.005 0.005 0.005 0.006 0.006 0.006 0.006 0.006 0.005 0.005 0.005 0.005 0.004 0.004 0.004 0.003 0.003 0.002 0.002 0.002 0.001 0.001 0.001 0.000 0.000 0.000 0.000 0.000 0.000 0.000 0.000 0.000 0.000 0.000 0.000 0.000 0.000 0.000 0.000 0.000 0.000 0.000 0.000 0.000 0.000 0.000 0.000 0.000 0.000 0.000 0.000 0.000 0.000 0.000 0.000 0.000 0.000
0.000 0.001 0.001 0.001 0.001 0.001 0.001 0.002 0.002 0.003 0.003 0.003 0.004 0.004 0.005 0.006 0.006 0.007 0.007 0.008 0.009 0.009 0.010 0.010 0.010 0.011 0.011 0.011 0.011 0.011 0.011 0.011 0.010 0.010 0.009 0.008 0.008 0.007 0.006 0.005 0.005 0.004 0.003 0.002 0.001 0.000 0.000 0.000 0.000 0.000 0.000 0.000 0.000 0.000 0.000 0.000 0.000 0.000 0.000 0.000 0.000 0.000 0.000 0.000 0.000 0.000 0.000 0.000 0.000 0.000 0.000 0.000 0.000 0.000 0.000 0.000 0.000
0.001 0.001 0.001 0.001 0.001 0.002 0.002 0.003 0.003 0.004 0.004 0.005 0.006 0.007 0.008 0.009 0.010 0.011 0.012 0.013 0.014 0.015 0.016 0.017 0.018 0.019 0.020 0.021 0.021 0.022 0.022 0.022 0.021 0.021 0.020 0.020 0.019 0.017 0.016 0.015 0.014 0.013 0.012 0.011 0.009 0.005 0.001 0.000 0.000 0.000 0.000 0.000 0.000 0.000 0.000 0.000 0.000 0.000 0.000 0.000 0.000 0.000 0.000 0.000 0.000 0.000 0.000 0.000 0.000 0.000 0.000 0.000 0.000 0.000 0.000 0.000 0.000
0.001 0.001 0.001 0.001 0.002 0.002 0.003 0.004 0.004 0.005 0.006 0.007 0.009 0.010 0.012 0.013 0.015 0.017 0.018 0.020 0.022 0.024 0.026 0.028 0.030 0.032 0.034 0.036 0.037 0.038 0.039 0.040 0.041 0.041 0.041 0.041 0.040 0.039 0.038 0.036 0.034 0.033 0.033 0.035 0.036 0.028 0.008 0.001 0.000 0.000 0.000 0.000 0.000 0.000 0.000 0.000 0.000 0.000 0.000 0.000 0.000 0.000 0.000 0.000 0.000 0.000 0.000 0.000 0.000 0.000 0.000 0.000 0.000 0.000 0.000 0.000 0.000
0.001 0.001 0.001 0.002 0.002 0.003 0.004 0.005 0.006 0.007 0.009 0.011 0.012 0.014 0.017 0.019 0.022 0.024 0.027 0.030 0.033 0.037 0.040 0.043 0.047 0.050 0.053 0.057 0.060 0.063 0.066 0.068 0.071 0.073 0.074 0.076 0.076 0.077 0.076 0.075 0.075 0.074 0.077 0.093 0.113 0.108 0.048 0.005 0.000 0.000 0.000 0.000 0.000 0.000 0.000 0.000 0.000 0.000 0.000 0.000 0.000 0.000 0.000 0.000 0.000 0.000 0.000 0.000 0.000 0.000 0.000 0.000 0.000 0.000 0.000 0.000 0.000
0.001 0.001 0.002 0.003 0.003 0.004 0.006 0.007 0.008 0.010 0.012 0.015 0.017 0.020 0.023 0.026 0.030 0.034 0.038 0.043 0.047 0.052 0.057 0.062 0.067 0.073 0.078 0.084 0.090 0.095 0.101 0.106 0.112 0.117 0.121 0.126 0.130 0.133 0.136 0.138 0.139 0.140 0.150 0.206 0.285 0.294 0.174 0.021 0.001 0.000 0.000 0.000 0.000 0.000 0.000 0.000 0.000 0.000 0.000 0.000 0.000 0.000 0.000 0.000 0.000 0.000 0.000 0.000 0.000 0.000 0.000 0.000 0.000 0.000 0.000 0.000 0.000
0.001 0.002 0.003 0.004 0.005 0.006 0.007 0.009 0.011 0.013 0.016 0.019 0.022 0.026 0.030 0.034 0.039 0.044 0.049 0.054 0.060 0.066 0.073 0.079 0.086 0.094 0.101 0.109 0.117 0.126 0.134 0.143 0.151 0.160 0.169 0.177 0.186 0.194 0.202 0.210 0.217 0.222 0.253 0.391 0.576 0.618 0.439 0.070 0.003 0.000 0.000 0.000 0.000 0.000 0.000 0.000 0.000 0.000 0.000 0.000 0.000 0.000 0.000 0.000 0.000 0.000 0.000 0.000 0.000 0.000 0.000 0.000 0.000 0.000 0.000 0.000 0.000
0.002 0.003 0.003 0.005 0.006 0.007 0.009 0.011 0.014 0.016 0.019 0.023 0.027 0.031 0.035 0.040 0.045 0.051 0.057 0.063 0.070 0.077 0.084 0.092 0.100 0.109 0.118 0.127 0.137 0.147 0.158 0.168 0.179 0.191 0.202 0.214 0.225 0.237 0.249 0.262 0.273 0.295 0.381 0.662 0.972 1.066 0.849 0.169 0.008 0.000 0.000 0.000 0.000 0.000 0.000 0.000 0.000 0.000 0.000 0.000 0.000 0.000 0.000 0.000 0.000 0.000 0.000 0.000 0.000 0.000 0.000 0.000 0.000 0.000 0.000 0.000 0.000
0.002 0.003 0.004 0.005 0.007 0.008 0.011 0.013 0.016 0.019 0.022 0.026 0.030 0.034 0.039 0.044 0.050 0.056 0.063 0.070 0.077 0.084 0.093 0.101 0.110 0.119 0.129 0.140 0.150 0.161 0.173 0.185 0.198 0.211 0.224 0.238 0.252 0.266 0.280 0.295 0.311 0.358 0.544 0.982 1.350 1.477 1.245 0.275 0.013 0.000 0.000 0.000 0.000 0.000 0.000 0.000 0.000 0.000 0.000 0.000 0.000 0.000 0.000 0.000 0.000 0.000 0.000 0.000 0.000 0.000 0.000 0.000 0.000 0.000 0.000 0.000 0.000
0.003 0.003 0.004 0.006 0.007 0.009 0.011 0.014 0.017 0.020 0.024 0.028 0.032 0.037 0.042 0.047 0.053 0.060 0.067 0.074 0.082 0.090 0.098 0.107 0.117 0.126 0.137 0.148 0.159 0.171 0.183 0.196 0.209 0.223 0.238 0.253 0.268 0.284 0.300 0.316 0.339 0.433 0.760 1.296 1.655 1.765 1.485 0.316 0.014 0.000 0.000 0.000 0.000 0.000 0.000 0.000 0.000 0.000 0.000 0.000 0.000 0.000 0.000 0.000 0.000 0.000 0.000 0.000 0.000 0.000 0.000 0.000 0.000 0.000 0.000 0.000 0.000
0.003 0.004 0.005 0.006 0.008 0.010 0.012 0.015 0.018 0.021 0.025 0.029 0.033 0.038 0.044 0.049 0.056 0.062 0.069 0.077 0.085 0.093 0.102 0.111 0.121 0.131 0.142 0.153 0.164 0.176 0.189 0.202 0.216 0.230 0.246 0.261 0.278 0.294 0.311 0.329 0.368 0.544 1.028 1.587 1.920 1.987 1.608 0.304 0.013 0.000 0.000 0.000 0.000 0.000 0.000 0.000 0.000 0.000 0.000 0.000 0.000 0.000 0.000 0.000 0.000 0.000 0.000 0.000 0.000 0.000 0.000 0.000 0.000 0.000 0.000 0.000 0.000
0.003 0.004 0.005 0.006 0.008 0.010 0.013 0.015 0.018 0.022 0.026 0.030 0.034 0.039 0.045 0.051 0.057 0.064 0.071 0.078 0.086 0.095 0.104 0.113 0.123 0.134 0.145 0.156 0.168 0.180 0.193 0.206 0.220 0.235 0.250 0.266 0.283 0.300 0.318 0.338 0.411 0.706 1.314 1.855 2.138 2.149 1.583 0.243 0.011 0.000 0.000 0.000 0.000 0.000 0.000 0.000 0.000 0.000 0.000 0.000 0.000 0.000 0.000 0.000 0.000 0.000 0.000 0.000 0.000 0.000 0.000 0.000 0.000 0.000 0.000 0.000 0.000
0.003 0.004 0.005 0.006 0.008 0.010 0.013 0.015 0.019 0.022 0.026 0.030 0.035 0.040 0.045 0.051 0.058 0.064 0.072 0.079 0.088 0.096 0.105 0.115 0.125 0.135 0.146 0.158 0.169 0.182 0.195 0.209 0.223 0.238 0.253 0.269 0.285 0.303 0.321 0.350 0.479 0.916 1.580 2.092 2.294 2.266 1.383 0.149 0.006 0.000 0.000 0.000 0.000 0.000 0.000 0.000 0.000 0.000 0.000 0.000 0.000 0.000 0.000 0.000 0.000 0.000 0.000 0.000 0.000 0.000 0.000 0.000 0.000 0.000 0.000 0.000 0.000
0.003 0.004 0.005 0.007 0.008 0.010 0.013 0.016 0.019 0.022 0.026 0.030 0.035 0.040 0.046 0.052 0.058 0.065 0.072 0.080 0.088 0.097 0.106 0.116 0.126 0.136 0.147 0.159 0.170 0.183 0.197 0.211 0.225 0.239 0.254 0.270 0.287 0.305 0.324 0.369 0.582 1.151 1.809 2.273 2.403 2.296 0.982 0.072 0.003 0.000 0.000 0.000 0.000 0.000 0.000 0.000 0.000 0.000 0.000 0.000 0.000 0.000 0.000 0.000 0.000 0.000 0.000 0.000 0.000 0.000 0.000 0.000 0.000 0.000 0.000 0.000 0.000
0.003 0.004 0.005 0.007 0.008 0.011 0.013 0.016 0.019 0.022 0.026 0.031 0.035 0.040 0.046 0.052 0.058 0.065 0.072 0.080 0.088 0.097 0.106 0.116 0.126 0.137 0.148 0.159 0.171 0.184 0.198 0.211 0.225 0.239 0.254 0.271 0.288 0.307 0.328 0.402 0.716 1.381 2.010 2.389 2.483 2.100 0.520 0.030 0.001 0.000 0.000 0.000 0.000 0.000 0.000 0.000 0.000 0.000 0.000 0.000 0.000 0.000 0.000 0.000 0.000 0.000 0.000 0.000 0.000 0.000 0.000 0.000 0.000 0.000 0.000 0.000 0.000
0.003 0.004 0.005 0.007 0.008 0.011 0.013 0.016 0.019 0.022 0.026 0.031 0.035 0.040 0.046 0.052 0.058 0.065 0.072 0.080 0.088 0.097 0.106 0.116 0.126 0.137 0.148 0.159 0.172 0.185 0.198 0.212 0.225 0.239 0.255 0.272 0.290 0.309 0.335 0.453 0.880 1.594 2.170 2.445 2.516 1.586 0.216 0.011 0.000 0.000 0.000 0.000 0.000 0.000 0.000 0.000 0.000 0.000 0.000 0.000 0.000 0.000 0.000 0.000 0.000 0.000 0.000 0.000 0.000 0.000 0.000 0.000 0.000 0.000 0.000 0.000 0.000
0.003 0.004 0.005 0.007 0.008 0.011 0.013 0.016 0.019 0.022 0.026 0.031 0.035 0.040 0.046 0.052 0.058 0.065 0.072 0.080 0.088 0.097 0.106 0.116 0.126 0.137 0.148 0.160 0.172 0.185 0.198 0.211 0.224 0.239 0.255 0.273 0.292 0.311 0.347 0.528 1.084 1.781 2.270 2.476 2.310 0.862 0.074 0.003 0.000 0.000 0.000 0.000 0.000 0.000 0.000 0.000 0.000 0.000 0.000 0.000 0.000 0.000 0.000 0.000 0.000 0.000 0.000 0.000 0.000 0.000 0.000 0.000 0.000 0.000 0.000 0.000 0.000
0.003 0.004 0.005 0.007 0.008 0.011 0.013 0.016 0.019 0.022 0.026 0.031 0.035 0.040 0.046 0.052 0.058 0.065 0.072 0.080 0.088 0.097 0.106 0.116 0.126 0.137 0.148 0.160 0.173 0.185 0.197 0.210 0.223 0.239 0.258 0.277 0.295 0.313 0.367 0.632 1.319 1.936 2.318 2.450 1.673 0.309 0.021 0.001 0.000 0.000 0.000 0.000 0.000 0.000 0.000 0.000 0.000 0.000 0.000 0.000 0.000 0.000 0.000 0.000 0.000 0.000 0.000 0.000 0.000 0.000 0.000 0.000 0.000 0.000 0.000 0.000 0.000
0.003 0.004 0.005 0.007 0.008 0.010 0.013 0.016 0.019 0.022 0.026 0.030 0.035 0.040 0.046 0.052 0.058 0.065 0.072 0.080 0.088 0.097 0.106 0.116 0.126 0.136 0.148 0.160 0.172 0.184 0.195 0.208 0.224 0.243 0.264 0.280 0.295 0.313 0.404 0.810 1.552 2.038 2.309 2.065 0.788 0.085 0.005 0.000 0.000 0.000 0.000 0.000 0.000 0.000 0.000 0.000 0.000 0.000 0.000 0.000 0.000 0.000 0.000 0.000 0.000 0.000 0.000 0.000 0.000 0.000 0.000 0.000 0.000 0.000 0.000 0.000 0.000
0.003 0.004 0.005 0.006 0.008 0.010 0.013 0.015 0.019 0.022 0.026 0.030 0.035 0.040 0.045 0.051 0.058 0.064 0.072 0.079 0.088 0.096 0.105 0.115 0.125 0.136 0.148 0.160 0.170 0.180 0.193 0.209 0.229 0.250 0.267 0.279 0.291 0.316 0.493 1.070 1.707 2.047 2.074 1.213 0.226 0.019 0.001 0.000 0.000 0.000 0.000 0.000 0.000 0.000 0.000 0.000 0.000 0.000 0.000 0.000 0.000 0.000 0.000 0.000 0.000 0.000 0.000 0.000 0.000 0.000 0.000 0.000 0.000 0.000 0.000 0.000 0.000
0.003 0.004 0.005 0.006 0.008 0.010 0.012 0.015 0.018 0.022 0.025 0.030 0.034 0.039 0.045 0.050 0.057 0.063 0.071 0.078 0.087 0.095 0.104 0.114 0.124 0.136 0.147 0.157 0.166 0.178 0.194 0.215 0.236 0.253 0.263 0.269 0.279 0.354 0.694 1.304 1.737 1.876 1.335 0.388 0.048 0.004 0.000 0.000 0.000 0.000 0.000 0.000 0.000 0.000 0.000 0.000 0.000 0.000 0.000 0.000 0.000 0.000 0.000 0.000 0.000 0.000 0.000 0.000 0.000 0.000 0.000 0.000 0.000 0.000 0.000 0.000 0.000
0.002 0.003 0.005 0.006 0.008 0.010 0.012 0.015 0.017 0.021 0.025 0.029 0.033 0.038 0.043 0.049 0.055 0.062 0.069 0.077 0.085 0.093 0.103 0.112 0.123 0.133 0.143 0.152 0.163 0.179 0.200 0.222 0.237 0.243 0.245 0.251 0.288 0.481 0.920 1.370 1.562 1.213 0.467 0.079 0.008 0.001 0.000 0.000 0.000 0.000 0.000 0.000 0.000 0.000 0.000 0.000 0.000 0.000 0.000 0.000 0.000 0.000 0.000 0.000 0.000 0.000 0.000 0.000 0.000 0.000 0.000 0.000 0.000 0.000 0.000 0.000 0.000
0.002 0.003 0.004 0.005 0.007 0.009 0.011 0.014 0.016 0.020 0.023 0.027 0.032 0.036 0.042 0.047 0.053 0.060 0.067 0.074 0.082 0.091 0.100 0.109 0.118 0.128 0.137 0.148 0.163 0.184 0.204 0.218 0.219 0.215 0.218 0.242 0.354 0.636 0.997 1.175 0.948 0.426 0.094 0.013 0.001 0.000 0.000 0.000 0.000 0.000 0.000 0.000 0.000 0.000 0.000 0.000 0.000 0.000 0.000 0.000 0.000 0.000 0.000 0.000 0.000 0.000 0.000 0.000 0.000 0.000 0.000 0.000 0.000 0.000 0.000 0.000 0.000
0.002 0.002 0.003 0.005 0.006 0.008 0.010 0.012 0.015 0.018 0.021 0.025 0.029 0.034 0.039 0.044 0.050 0.056 0.063 0.070 0.078 0.086 0.094 0.102 0.111 0.120 0.130 0.144 0.164 0.182 0.191 0.186 0.178 0.179 0.198 0.263 0.438 0.676 0.788 0.634 0.310 0.082 0.014 0.002 0.000 0.000 0.000 0.000 0.000 0.000 0.000 0.000 0.000 0.000 0.000 0.000 0.000 0.000 0.000 0.000 0.000 0.000 0.000 0.000 0.000 0.000 0.000 0.000 0.000 0.000 0.000 0.000 0.000 0.000 0.000 0.000 0.000
0.001 0.002 0.003 0.004 0.005 0.007 0.008 0.010 0.013 0.016 0.019 0.022 0.026 0.030 0.035 0.040 0.045 0.051 0.057 0.063 0.070 0.077 0.084 0.091 0.099 0.109 0.121 0.136 0.149 0.152 0.144 0.134 0.136 0.152 0.194 0.288 0.427 0.464 0.355 0.184 0.055 0.012 0.002 0.000 0.000 0.000 0.000 0.000 0.000 0.000 0.000 0.000 0.000 0.000 0.000 0.000 0.000 0.000 0.000 0.000 0.000 0.000 0.000 0.000 0.000 0.000 0.000 0.000 0.000 0.000 0.000 0.000 0.000 0.000 0.000 0.000 0.000
0.001 0.001 0.002 0.003 0.004 0.005 0.006 0.008 0.010 0.012 0.015 0.018 0.021 0.025 0.029 0.033 0.038 0.043 0.047 0.053 0.058 0.063 0.068 0.074 0.082 0.090 0.098 0.104 0.102 0.095 0.090 0.091 0.103 0.134 0.182 0.236 0.232 0.176 0.088 0.031 0.008 0.001 0.000 0.000 0.000 0.000 0.000 0.000 0.000 0.000 0.000 0.000 0.000 0.000 0.000 0.000 0.000 0.000 0.000 0.000 0.000 0.000 0.000 0.000 0.000 0.000 0.000 0.000 0.000 0.000 0.000 0.000 0.000 0.000 0.000 0.000 0.000
0.000 0.001 0.001 0.002 0.002 0.003 0.004 0.005 0.007 0.009 0.011 0.013 0.015 0.018 0.021 0.024 0.027 0.030 0.033 0.036 0.039 0.042 0.046 0.050 0.054 0.057 0.058 0.057 0.055 0.053 0.053 0.057 0.072 0.093 0.105 0.098 0.074 0.038 0.014 0.004 0.001 0.000 0.000 0.000 0.000 0.000 0.000 0.000 0.000 0.000 0.000 0.000 0.000 0.000 0.000 0.000 0.000 0.000 0.000 0.000 0.000 0.000 0.000 0.000 0.000 0.000 0.000 0.000 0.000 0.000 0.000 0.000 0.000 0.000 0.000 0.000 0.000
0.000 0.000 0.001 0.001 0.001 0.002 0.003 0.003 0.004 0.006 0.007 0.008 0.010 0.012 0.013 0.015 0.017 0.018 0.020 0.021 0.023 0.024 0.026 0.028 0.029 0.029 0.029 0.029 0.028 0.027 0.028 0.030 0.035 0.039 0.037 0.028 0.015 0.006 0.002 0.001 0.000 0.000 0.000 0.000 0.000 0.000 0.000 0.000 0.000 0.000 0.000 0.000 0.000 0.000 0.000 0.000 0.000 0.000 0.000 0.000 0.000 0.000 0.000 0.000 0.000 0.000 0.000 0.000 0.000 0.000 0.000 0.000 0.000 0.000 0.000 0.000 0.000
0.000 0.000 0.000 0.000 0.001 0.001 0.001 0.002 0.003 0.003 0.004 0.005 0.006 0.007 0.008 0.009 0.009 0.010 0.011 0.012 0.012 0.013 0.014 0.014 0.014 0.014 0.014 0.013 0.013 0.013 0.013 0.013 0.014 0.013 0.010 0.006 0.002 0.001 0.000 0.000 0.000 0.000 0.000 0.000 0.000 0.000 0.000 0.000 0.000 0.000 0.000 0.000 0.000 0.000 0.000 0.000 0.000 0.000 0.000 0.000 0.000 0.000 0.000 0.000 0.000 0.000 0.000 0.000 0.000 0.000 0.000 0.000 0.000 0.000 0.000 0.000 0.000
0.000 0.000 0.000 0.000 0.000 0.000 0.001 0.001 0.001 0.002 0.002 0.002 0.003 0.003 0.004 0.004 0.005 0.005 0.005 0.006 0.006 0.006 0.006 0.006 0.006 0.006 0.006 0.006 0.005 0.005 0.005 0.005 0.004 0.003 0.002 0.001 0.000 0.000 0.000 0.000 0.000 0.000 0.000 0.000 0.000 0.000 0.000 0.000 0.000 0.000 0.000 0.000 0.000 0.000 0.000 0.000 0.000 0.000 0.000 0.000 0.000 0.000 0.000 0.000 0.000 0.000 0.000 0.000 0.000 0.000 0.000 0.000 0.000 0.000 0.000 0.000 0.000
0.000 0.000 0.000 0.000 0.000 0.000 0.000 0.000 0.000 0.001 0.001 0.001 0.001 0.002 0.002 0.002 0.002 0.002 0.002 0.002 0.002 0.003 0.003 0.003 0.003 0.002 0.002 0.002 0.002 0.002 0.001 0.001 0.001 0.001 0.000 0.000 0.000 0.000 0.000 0.000 0.000 0.000 0.000 0.000 0.000 0.000 0.000 0.000 0.000 0.000 0.000 0.000 0.000 0.000 0.000 0.000 0.000 0.000 0.000 0.000 0.000 0.000 0.000 0.000 0.000 0.000 0.000 0.000 0.000 0.000 0.000 0.000 0.000 0.000 0.000 0.000 0.000
0.000 0.000 0.000 0.000 0.000 0.000 0.000 0.000 0.000 0.000 0.000 0.000 0.000 0.000 0.000 0.001 0.001 0.001 0.001 0.001 0.001 0.001 0.001 0.001 0.001 0.001 0.001 0.001 0.000 0.000 0.000 0.000 0.000 0.000 0.000 0.000 0.000 0.000 0.000 0.000 0.000 0.000 0.000 0.000 0.000 0.000 0.000 0.000 0.000 0.000 0.000 0.000 0.000 0.000 0.000 0.000 0.000 0.000 0.000 0.000 0.000 0.000 0.000 0.000 0.000 0.000 0.000 0.000 0.000 0.000 0.000 0.000 0.000 0.000 0.000 0.000 0.000
0.000 0.000 0.000 0.000 0.000 0.000 0.000 0.000 0.000 0.000 0.000 0.000 0.000 0.000 0.000 0.000 0.000 0.000 0.000 0.000 0.000 0.000 0.000 0.000 0.000 0.000 0.000 0.000 0.000 0.000 0.000 0.000 0.000 0.000 0.000 0.000 0.000 0.000 0.000 0.000 0.000 0.000 0.000 0.000 0.000 0.000 0.000 0.000 0.000 0.000 0.000 0.000 0.000 0.000 0.000 0.000 0.000 0.000 0.000 0.000 0.000 0.000 0.000 0.000 0.000 0.000 0.000 0.000 0.000 0.000 0.000 0.000 0.000 0.000 0.000 0.000 0.000
