AvaFrame/avaframe/data/avaParabola/Avaflow_Input_Output/alr_results/alr_ascii/alr_hflow10010.asc
ncols 250
nrows 100
xllcenter 997.50
yllcenter -4997.50
cellsize 20.00
NODATA_value -9999.000
[rows 34 to 67 of 100, columns 77 to 153 of 250]
0.000 0.001 0.001 0.001 0.000 0.000 0.000 0.000 0.000 0.000 0.000 0.000 0.001 0.001 0.001 0.001 0.001 0.002 0.002 0.002 0.003 0.003 0.003 0.003 0.003 0.004 0.004 0.004 0.004 0.004 0.005 0.005 0.005 0.005 0.005 0.005 0.006 0.006 0.006 0.006 0.006 0.006 0.007 0.010 0.010 0.009 0.009 0.008 0.007 0.006 0.004 0.002 0.001 0.000 0.000 0.000 0.000 0.000 0.000 0.000 0.000 0.000 0.000 0.000 0.000 0.000 0.000 0.000 0.000 0.000 0.000 0.000 0.000 0.000 0.000 0.000 0.000
0.001 0.001 0.000 0.000 0.000 0.000 0.000 0.000 0.000 0.000 0.000 0.001 0.001 0.001 0.001 0.002 0.002 0.002 0.003 0.003 0.003 0.004 0.004 0.004 0.005 0.005 0.006 0.006 0.006 0.007 0.007 0.007 0.008 0.008 0.008 0.009 0.009 0.010 0.010 0.010 0.011 0.011 0.013 0.020 0.023 0.022 0.020 0.019 0.017 0.015 0.010 0.006 0.003 0.001 0.000 0.000 0.000 0.000 0.000 0.000 0.000 0.000 0.000 0.000 0.000 0.000 0.000 0.000 0.000 0.000 0.000 0.000 0.000 0.000 0.000 0.000 0.000
0.000 0.000 0.000 0.000 0.000 0.000 0.000 0.000 0.000 0.000 0.001 0.001 0.001 0.002 0.002 0.003 0.003 0.003 0.004 0.004 0.005 0.005 0.006 0.006 0.007 0.007 0.008 0.008 0.009 0.010 0.010 0.011 0.012 0.012 0.013 0.014 0.015 0.016 0.016 0.017 0.017 0.018 0.022 0.037 0.048 0.048 0.045 0.042 0.039 0.033 0.024 0.014 0.007 0.003 0.001 0.000 0.000 0.000 0.000 0.000 0.000 0.000 0.000 0.000 0.000 0.000 0.000 0.000 0.000 0.000 0.000 0.000 0.000 0.000 0.000 0.000 0.000
0.000 0.000 0.000 0.000 0.000 0.000 0.000 0.000 0.000 0.001 0.001 0.001 0.002 0.002 0.003 0.004 0.004 0.005 0.005 0.006 0.006 0.007 0.008 0.008 0.009 0.010 0.011 0.012 0.013 0.014 0.015 0.015 0.016 0.017 0.019 0.020 0.022 0.023 0.024 0.025 0.027 0.028 0.034 0.063 0.093 0.094 0.092 0.089 0.081 0.070 0.052 0.031 0.016 0.008 0.003 0.001 0.000 0.000 0.000 0.000 0.000 0.000 0.000 0.000 0.000 0.000 0.000 0.000 0.000 0.000 0.000 0.000 0.000 0.000 0.000 0.000 0.000
0.000 0.000 0.000 0.000 0.000 0.000 0.000 0.000 0.001 0.001 0.001 0.002 0.003 0.003 0.004 0.004 0.005 0.006 0.006 0.007 0.008 0.009 0.010 0.011 0.012 0.013 0.014 0.016 0.017 0.018 0.019 0.021 0.022 0.024 0.025 0.027 0.030 0.032 0.034 0.036 0.039 0.041 0.048 0.100 0.165 0.167 0.173 0.172 0.156 0.139 0.107 0.065 0.035 0.017 0.008 0.003 0.001 0.000 0.000 0.000 0.000 0.000 0.000 0.000 0.000 0.000 0.000 0.000 0.000 0.000 0.000 0.000 0.000 0.000 0.000 0.000 0.000
0.000 0.000 0.000 0.000 0.000 0.000 0.000 0.001 0.001 0.001 0.002 0.003 0.004 0.004 0.005 0.006 0.006 0.007 0.008 0.009 0.010 0.011 0.013 0.014 0.015 0.017 0.018 0.020 0.022 0.023 0.025 0.027 0.029 0.031 0.033 0.036 0.038 0.041 0.044 0.047 0.050 0.054 0.063 0.151 0.261 0.285 0.297 0.295 0.280 0.253 0.201 0.128 0.071 0.036 0.016 0.007 0.002 0.001 0.000 0.000 0.000 0.000 0.000 0.000 0.000 0.000 0.000 0.000 0.000 0.000 0.000 0.000 0.000 0.000 0.000 0.000 0.000
0.000 0.000 0.000 0.000 0.000 0.000 0.001 0.001 0.001 0.002 0.003 0.004 0.004 0.005 0.006 0.007 0.008 0.009 0.010 0.011 0.012 0.014 0.015 0.017 0.018 0.020 0.022 0.024 0.026 0.028 0.030 0.033 0.035 0.038 0.040 0.043 0.046 0.049 0.052 0.056 0.060 0.063 0.081 0.220 0.377 0.444 0.470 0.470 0.460 0.424 0.349 0.235 0.133 0.068 0.031 0.013 0.005 0.002 0.000 0.000 0.000 0.000 0.000 0.000 0.000 0.000 0.000 0.000 0.000 0.000 0.000 0.000 0.000 0.000 0.000 0.000 0.000
0.000 0.000 0.000 0.000 0.000 0.001 0.001 0.001 0.002 0.003 0.004 0.005 0.005 0.006 0.007 0.008 0.009 0.010 0.011 0.013 0.014 0.016 0.018 0.019 0.021 0.023 0.025 0.027 0.030 0.032 0.035 0.037 0.040 0.043 0.046 0.049 0.052 0.055 0.059 0.063 0.067 0.070 0.107 0.311 0.506 0.624 0.688 0.705 0.697 0.655 0.558 0.398 0.230 0.120 0.056 0.024 0.009 0.003 0.001 0.000 0.000 0.000 0.000 0.000 0.000 0.000 0.000 0.000 0.000 0.000 0.000 0.000 0.000 0.000 0.000 0.000 0.000
0.000 0.000 0.000 0.000 0.000 0.001 0.001 0.002 0.003 0.004 0.004 0.005 0.006 0.007 0.008 0.009 0.010 0.011 0.013 0.014 0.016 0.018 0.019 0.021 0.023 0.025 0.028 0.030 0.033 0.035 0.038 0.041 0.044 0.047 0.050 0.053 0.056 0.060 0.064 0.068 0.072 0.076 0.154 0.419 0.634 0.793 0.892 0.934 0.938 0.903 0.799 0.607 0.365 0.194 0.094 0.041 0.016 0.006 0.002 0.000 0.000 0.000 0.000 0.000 0.000 0.000 0.000 0.000 0.000 0.000 0.000 0.000 0.000 0.000 0.000 0.000 0.000
0.000 0.000 0.000 0.000 0.001 0.001 0.001 0.002 0.003 0.004 0.005 0.006 0.006 0.007 0.008 0.010 0.011 0.012 0.014 0.015 0.017 0.019 0.021 0.023 0.025 0.027 0.030 0.032 0.035 0.037 0.040 0.043 0.046 0.049 0.053 0.056 0.060 0.063 0.067 0.071 0.076 0.086 0.231 0.534 0.768 0.961 1.083 1.136 1.141 1.106 0.998 0.783 0.485 0.262 0.129 0.057 0.023 0.008 0.003 0.001 0.000 0.000 0.000 0.000 0.000 0.000 0.000 0.000 0.000 0.000 0.000 0.000 0.000 0.000 0.000 0.000 0.000
0.000 0.000 0.000 0.000 0.001 0.001 0.002 0.003 0.004 0.004 0.005 0.006 0.007 0.008 0.009 0.010 0.011 0.013 0.015 0.016 0.018 0.020 0.022 0.024 0.026 0.028 0.031 0.033 0.036 0.039 0.042 0.045 0.048 0.051 0.055 0.058 0.062 0.066 0.070 0.074 0.078 0.108 0.335 0.650 0.912 1.126 1.254 1.303 1.306 1.266 1.147 0.905 0.565 0.306 0.150 0.067 0.027 0.010 0.003 0.001 0.000 0.000 0.000 0.000 0.000 0.000 0.000 0.000 0.000 0.000 0.000 0.000 0.000 0.000 0.000 0.000 0.000
0.000 0.000 0.000 0.000 0.001 0.001 0.002 0.003 0.004 0.005 0.005 0.006 0.007 0.008 0.009 0.010 0.012 0.013 0.015 0.017 0.019 0.020 0.022 0.025 0.027 0.029 0.032 0.034 0.037 0.040 0.043 0.046 0.049 0.053 0.056 0.060 0.064 0.068 0.072 0.076 0.079 0.150 0.451 0.761 1.038 1.255 1.380 1.423 1.424 1.382 1.246 0.981 0.608 0.329 0.161 0.072 0.029 0.010 0.003 0.001 0.000 0.000 0.000 0.000 0.000 0.000 0.000 0.000 0.000 0.000 0.000 0.000 0.000 0.000 0.000 0.000 0.000
0.000 0.000 0.000 0.000 0.001 0.001 0.002 0.003 0.004 0.005 0.006 0.006 0.007 0.008 0.009 0.011 0.012 0.014 0.015 0.017 0.019 0.021 0.023 0.025 0.027 0.030 0.032 0.035 0.038 0.041 0.044 0.047 0.050 0.054 0.057 0.061 0.065 0.069 0.073 0.077 0.082 0.209 0.556 0.858 1.139 1.353 1.473 1.515 1.514 1.461 1.308 1.019 0.625 0.337 0.165 0.073 0.029 0.011 0.003 0.001 0.000 0.000 0.000 0.000 0.000 0.000 0.000 0.000 0.000 0.000 0.000 0.000 0.000 0.000 0.000 0.000 0.000
0.000 0.000 0.000 0.000 0.001 0.001 0.002 0.003 0.004 0.005 0.006 0.006 0.007 0.008 0.010 0.011 0.012 0.014 0.016 0.017 0.019 0.021 0.023 0.025 0.028 0.030 0.033 0.035 0.038 0.041 0.044 0.047 0.051 0.054 0.058 0.062 0.065 0.069 0.074 0.078 0.089 0.267 0.632 0.932 1.217 1.427 1.541 1.577 1.570 1.507 1.339 1.030 0.628 0.338 0.165 0.073 0.029 0.011 0.003 0.001 0.000 0.000 0.000 0.000 0.000 0.000 0.000 0.000 0.000 0.000 0.000 0.000 0.000 0.000 0.000 0.000 0.000
0.000 0.000 0.000 0.000 0.001 0.001 0.002 0.003 0.004 0.005 0.006 0.006 0.007 0.008 0.010 0.011 0.012 0.014 0.016 0.017 0.019 0.021 0.023 0.026 0.028 0.030 0.033 0.036 0.038 0.041 0.045 0.048 0.051 0.055 0.058 0.062 0.066 0.070 0.074 0.078 0.095 0.311 0.680 0.982 1.267 1.471 1.576 1.606 1.596 1.526 1.347 1.027 0.623 0.334 0.163 0.072 0.029 0.010 0.003 0.001 0.000 0.000 0.000 0.000 0.000 0.000 0.000 0.000 0.000 0.000 0.000 0.000 0.000 0.000 0.000 0.000 0.000
0.000 0.000 0.000 0.000 0.001 0.001 0.002 0.003 0.004 0.005 0.006 0.007 0.007 0.008 0.010 0.011 0.012 0.014 0.016 0.017 0.019 0.021 0.023 0.026 0.028 0.030 0.033 0.036 0.039 0.042 0.045 0.048 0.051 0.055 0.058 0.062 0.066 0.070 0.074 0.078 0.100 0.338 0.704 1.008 1.290 1.487 1.587 1.614 1.602 1.528 1.341 1.008 0.604 0.322 0.155 0.068 0.027 0.009 0.003 0.001 0.000 0.000 0.000 0.000 0.000 0.000 0.000 0.000 0.000 0.000 0.000 0.000 0.000 0.000 0.000 0.000 0.000
0.000 0.000 0.000 0.000 0.001 0.001 0.002 0.003 0.004 0.005 0.006 0.007 0.007 0.008 0.010 0.011 0.012 0.014 0.016 0.018 0.019 0.021 0.023 0.026 0.028 0.030 0.033 0.036 0.039 0.042 0.045 0.048 0.051 0.055 0.058 0.062 0.066 0.070 0.074 0.079 0.102 0.349 0.712 1.017 1.295 1.489 1.586 1.611 1.598 1.518 1.319 0.968 0.569 0.298 0.141 0.060 0.023 0.008 0.002 0.001 0.000 0.000 0.000 0.000 0.000 0.000 0.000 0.000 0.000 0.000 0.000 0.000 0.000 0.000 0.000 0.000 0.000
0.000 0.000 0.000 0.000 0.001 0.001 0.002 0.003 0.004 0.005 0.006 0.007 0.007 0.008 0.010 0.011 0.012 0.014 0.016 0.018 0.019 0.021 0.023 0.026 0.028 0.030 0.033 0.036 0.039 0.042 0.045 0.048 0.051 0.055 0.058 0.062 0.066 0.070 0.074 0.079 0.103 0.350 0.712 1.017 1.292 1.481 1.573 1.595 1.578 1.486 1.272 0.903 0.516 0.264 0.121 0.050 0.018 0.006 0.002 0.000 0.000 0.000 0.000 0.000 0.000 0.000 0.000 0.000 0.000 0.000 0.000 0.000 0.000 0.000 0.000 0.000 0.000
0.000 0.000 0.000 0.000 0.001 0.001 0.002 0.003 0.004 0.005 0.006 0.007 0.007 0.008 0.010 0.011 0.012 0.014 0.016 0.018 0.019 0.021 0.023 0.026 0.028 0.030 0.033 0.036 0.039 0.042 0.045 0.048 0.051 0.055 0.058 0.062 0.066 0.070 0.074 0.079 0.102 0.343 0.707 1.007 1.274 1.454 1.538 1.554 1.532 1.428 1.194 0.811 0.447 0.220 0.097 0.038 0.013 0.004 0.001 0.000 0.000 0.000 0.000 0.000 0.000 0.000 0.000 0.000 0.000 0.000 0.000 0.000 0.000 0.000 0.000 0.000 0.000
0.000 0.000 0.000 0.000 0.001 0.001 0.002 0.003 0.004 0.005 0.006 0.006 0.007 0.008 0.010 0.011 0.012 0.014 0.016 0.017 0.019 0.021 0.023 0.026 0.028 0.030 0.033 0.036 0.039 0.042 0.045 0.048 0.051 0.055 0.058 0.062 0.066 0.070 0.074 0.078 0.097 0.318 0.689 0.981 1.235 1.400 1.472 1.482 1.452 1.333 1.081 0.694 0.367 0.173 0.073 0.027 0.009 0.003 0.001 0.000 0.000 0.000 0.000 0.000 0.000 0.000 0.000 0.000 0.000 0.000 0.000 0.000 0.000 0.000 0.000 0.000 0.000
0.000 0.000 0.000 0.000 0.001 0.001 0.002 0.003 0.004 0.005 0.006 0.006 0.007 0.008 0.010 0.011 0.012 0.014 0.016 0.017 0.019 0.021 0.023 0.025 0.028 0.030 0.033 0.036 0.038 0.041 0.044 0.048 0.051 0.054 0.058 0.062 0.066 0.070 0.074 0.078 0.089 0.272 0.649 0.936 1.175 1.321 1.376 1.379 1.338 1.203 0.934 0.560 0.284 0.128 0.051 0.018 0.006 0.002 0.000 0.000 0.000 0.000 0.000 0.000 0.000 0.000 0.000 0.000 0.000 0.000 0.000 0.000 0.000 0.000 0.000 0.000 0.000
0.000 0.000 0.000 0.000 0.001 0.001 0.002 0.003 0.004 0.005 0.005 0.006 0.007 0.008 0.009 0.011 0.012 0.014 0.015 0.017 0.019 0.021 0.023 0.025 0.027 0.030 0.032 0.035 0.038 0.041 0.044 0.047 0.050 0.054 0.057 0.061 0.065 0.069 0.073 0.077 0.082 0.210 0.577 0.870 1.092 1.220 1.265 1.266 1.214 1.059 0.768 0.427 0.205 0.088 0.034 0.011 0.003 0.001 0.000 0.000 0.000 0.000 0.000 0.000 0.000 0.000 0.000 0.000 0.000 0.000 0.000 0.000 0.000 0.000 0.000 0.000 0.000
0.000 0.000 0.000 0.000 0.001 0.001 0.002 0.003 0.004 0.004 0.005 0.006 0.007 0.008 0.009 0.011 0.012 0.013 0.015 0.017 0.019 0.020 0.023 0.025 0.027 0.029 0.032 0.035 0.037 0.040 0.043 0.046 0.050 0.053 0.057 0.061 0.064 0.068 0.072 0.077 0.080 0.153 0.474 0.785 0.997 1.110 1.144 1.132 1.043 0.891 0.583 0.298 0.137 0.056 0.020 0.007 0.002 0.000 0.000 0.000 0.000 0.000 0.000 0.000 0.000 0.000 0.000 0.000 0.000 0.000 0.000 0.000 0.000 0.000 0.000 0.000 0.000
0.000 0.000 0.000 0.000 0.001 0.001 0.001 0.002 0.003 0.004 0.005 0.006 0.007 0.008 0.009 0.010 0.012 0.013 0.015 0.016 0.018 0.020 0.022 0.024 0.026 0.029 0.031 0.034 0.036 0.039 0.042 0.045 0.049 0.052 0.056 0.059 0.063 0.066 0.071 0.076 0.079 0.114 0.362 0.676 0.879 0.991 1.003 0.970 0.837 0.680 0.396 0.190 0.083 0.032 0.011 0.003 0.001 0.000 0.000 0.000 0.000 0.000 0.000 0.000 0.000 0.000 0.000 0.000 0.000 0.000 0.000 0.000 0.000 0.000 0.000 0.000 0.000
0.000 0.000 0.000 0.000 0.001 0.001 0.001 0.002 0.003 0.004 0.005 0.005 0.006 0.007 0.008 0.010 0.011 0.012 0.014 0.015 0.017 0.019 0.021 0.023 0.025 0.027 0.030 0.032 0.035 0.038 0.041 0.044 0.047 0.050 0.054 0.057 0.060 0.064 0.069 0.073 0.076 0.088 0.259 0.570 0.724 0.839 0.833 0.774 0.626 0.442 0.237 0.109 0.045 0.017 0.006 0.002 0.000 0.000 0.000 0.000 0.000 0.000 0.000 0.000 0.000 0.000 0.000 0.000 0.000 0.000 0.000 0.000 0.000 0.000 0.000 0.000 0.000
0.000 0.000 0.000 0.000 0.001 0.001 0.001 0.001 0.002 0.003 0.004 0.005 0.006 0.007 0.008 0.009 0.010 0.011 0.013 0.014 0.016 0.018 0.020 0.022 0.024 0.026 0.028 0.031 0.033 0.036 0.039 0.042 0.045 0.048 0.051 0.054 0.057 0.061 0.065 0.068 0.071 0.077 0.172 0.457 0.572 0.658 0.645 0.570 0.427 0.252 0.127 0.056 0.022 0.008 0.002 0.001 0.000 0.000 0.000 0.000 0.000 0.000 0.000 0.000 0.000 0.000 0.000 0.000 0.000 0.000 0.000 0.000 0.000 0.000 0.000 0.000 0.000
0.000 0.000 0.000 0.000 0.000 0.001 0.001 0.001 0.001 0.002 0.003 0.004 0.005 0.006 0.007 0.008 0.009 0.010 0.012 0.013 0.015 0.016 0.018 0.020 0.022 0.024 0.026 0.028 0.031 0.033 0.036 0.038 0.041 0.044 0.047 0.049 0.053 0.056 0.059 0.062 0.069 0.074 0.116 0.316 0.437 0.463 0.442 0.376 0.251 0.132 0.062 0.026 0.010 0.003 0.001 0.000 0.000 0.000 0.000 0.000 0.000 0.000 0.000 0.000 0.000 0.000 0.000 0.000 0.000 0.000 0.000 0.000 0.000 0.000 0.000 0.000 0.000
0.000 0.000 0.000 0.000 0.000 0.000 0.001 0.001 0.001 0.001 0.002 0.003 0.004 0.005 0.006 0.007 0.008 0.009 0.010 0.011 0.013 0.014 0.016 0.017 0.019 0.021 0.023 0.025 0.027 0.029 0.031 0.033 0.036 0.038 0.040 0.043 0.046 0.049 0.052 0.059 0.066 0.069 0.084 0.193 0.299 0.299 0.274 0.215 0.126 0.062 0.027 0.011 0.004 0.001 0.000 0.000 0.000 0.000 0.000 0.000 0.000 0.000 0.000 0.000 0.000 0.000 0.000 0.000 0.000 0.000 0.000 0.000 0.000 0.000 0.000 0.000 0.000
0.000 0.000 0.000 0.000 0.000 0.000 0.000 0.001 0.001 0.001 0.001 0.002 0.003 0.003 0.004 0.005 0.006 0.007 0.008 0.009 0.010 0.011 0.012 0.014 0.015 0.017 0.018 0.020 0.021 0.023 0.025 0.026 0.028 0.030 0.031 0.034 0.037 0.040 0.045 0.051 0.054 0.053 0.059 0.114 0.177 0.175 0.151 0.105 0.055 0.026 0.011 0.004 0.001 0.000 0.000 0.000 0.000 0.000 0.000 0.000 0.000 0.000 0.000 0.000 0.000 0.000 0.000 0.000 0.000 0.000 0.000 0.000 0.000 0.000 0.000 0.000 0.000
0.000 0.000 0.000 0.000 0.000 0.000 0.000 0.001 0.001 0.001 0.001 0.001 0.002 0.002 0.003 0.003 0.004 0.005 0.005 0.006 0.007 0.008 0.009 0.010 0.011 0.012 0.013 0.014 0.015 0.016 0.017 0.018 0.019 0.020 0.021 0.024 0.027 0.030 0.032 0.033 0.032 0.031 0.037 0.067 0.093 0.089 0.072 0.043 0.021 0.009 0.004 0.001 0.000 0.000 0.000 0.000 0.000 0.000 0.000 0.000 0.000 0.000 0.000 0.000 0.000 0.000 0.000 0.000 0.000 0.000 0.000 0.000 0.000 0.000 0.000 0.000 0.000
0.000 0.000 0.000 0.000 0.000 0.000 0.000 0.000 0.000 0.000 0.001 0.001 0.001 0.001 0.002 0.002 0.002 0.003 0.003 0.004 0.004 0.005 0.006 0.006 0.007 0.008 0.008 0.009 0.009 0.010 0.011 0.011 0.012 0.013 0.013 0.015 0.016 0.017 0.018 0.018 0.017 0.017 0.022 0.036 0.043 0.039 0.028 0.015 0.007 0.003 0.001 0.000 0.000 0.000 0.000 0.000 0.000 0.000 0.000 0.000 0.000 0.000 0.000 0.000 0.000 0.000 0.000 0.000 0.000 0.000 0.000 0.000 0.000 0.000 0.000 0.000 0.000
0.000 0.000 0.000 0.000 0.000 0.000 0.000 0.000 0.000 0.000 0.000 0.000 0.000 0.001 0.001 0.001 0.001 0.001 0.002 0.002 0.003 0.003 0.003 0.004 0.004 0.004 0.005 0.005 0.005 0.006 0.006 0.006 0.007 0.007 0.007 0.008 0.008 0.009 0.009 0.009 0.009 0.009 0.011 0.017 0.017 0.015 0.009 0.005 0.002 0.001 0.000 0.000 0.000 0.000 0.000 0.000 0.000 0.000 0.000 0.000 0.000 0.000 0.000 0.000 0.000 0.000 0.000 0.000 0.000 0.000 0.000 0.000 0.000 0.000 0.000 0.000 0.000
0.000 0.000 0.000 0.000 0.000 0.000 0.000 0.000 0.000 0.000 0.000 0.000 0.000 0.000 0.000 0.000 0.000 0.000 0.001 0.001 0.001 0.001 0.002 0.002 0.002 0.002 0.002 0.002 0.003 0.003 0.003 0.003 0.003 0.003 0.003 0.004 0.004 0.004 0.004 0.004 0.004 0.004 0.005 0.006 0.006 0.005 0.003 0.001 0.000 0.000 0.000 0.000 0.000 0.000 0.000 0.000 0.000 0.000 0.000 0.000 0.000 0.000 0.000 0.000 0.000 0.000 0.000 0.000 0.000 0.000 0.000 0.000 0.000 0.000 0.000 0.000 0.000
0.000 0.000 0.000 0.000 0.000 0.000 0.000 0.000 0.000 0.000 0.000 0.000 0.000 0.000 0.000 0.000 0.000 0.000 0.000 0.000 0.000 0.000 0.000 0.000 0.001 0.001 0.001 0.001 0.001 0.001 0.001 0.001 0.001 0.001 0.001 0.001 0.001 0.001 0.001 0.001 0.001 0.002 0.002 0.002 0.002 0.001 0.001 0.000 0.000 0.000 0.000 0.000 0.000 0.000 0.000 0.000 0.000 0.000 0.000 0.000 0.000 0.000 0.000 0.000 0.000 0.000 0.000 0.000 0.000 0.000 0.000 0.000 0.000 0.000 0.000 0.000 0.000
