AvaFrame/avaframe/data/avaAlr/Outputs/r_avaflow_1511_sss_paramflag1/alr_results/alr_ascii/alr_hflow0074.asc
ncols 104
nrows 229
xllcenter 255202.08
yllcenter 377301.00
cellsize 20.00
NODATA_value -9999.000
[rows 102 to 135 of 229, columns 0 to 76 of 104]
0.000 0.000 0.000 0.001 0.002 0.002 0.002 0.002 0.002 0.003 0.003 0.002 0.001 0.001 0.001 0.001 0.001 0.001 0.001 0.001 0.001 0.001 0.003 0.036 0.050 0.013 0.006 0.004 0.004 0.003 0.003 0.002 0.001 0.001 0.001 0.001 0.002 0.005 0.005 0.002 0.001 0.000 0.000 0.000 0.000 0.000 0.000 0.000 0.000 0.000 0.000 0.000 0.000 0.000 0.000 0.000 0.000 0.000 0.000 0.000 0.000 0.000 0.000 0.000 0.000 0.000 0.000 0.000 0.000 0.000 0.000 0.000 0.000 0.000 0.000 0.000 0.000
0.000 0.000 0.000 0.001 0.002 0.002 0.002 0.002 0.002 0.003 0.003 0.002 0.001 0.001 0.001 0.001 0.001 0.001 0.001 0.001 0.001 0.001 0.003 0.042 0.053 0.009 0.005 0.004 0.004 0.004 0.004 0.002 0.001 0.001 0.001 0.001 0.002 0.006 0.005 0.002 0.001 0.000 0.000 0.000 0.000 0.000 0.000 0.000 0.000 0.000 0.000 0.000 0.000 0.000 0.000 0.000 0.000 0.000 0.000 0.000 0.000 0.000 0.000 0.000 0.000 0.000 0.000 0.000 0.000 0.000 0.000 0.000 0.000 0.000 0.000 0.000 0.000
0.000 0.000 0.000 0.001 0.002 0.002 0.002 0.002 0.001 0.002 0.003 0.003 0.002 0.001 0.001 0.001 0.001 0.001 0.001 0.001 0.001 0.001 0.004 0.043 0.060 0.010 0.004 0.004 0.004 0.004 0.004 0.003 0.002 0.001 0.001 0.001 0.003 0.007 0.005 0.002 0.001 0.001 0.000 0.000 0.000 0.000 0.000 0.000 0.000 0.000 0.000 0.000 0.000 0.000 0.000 0.000 0.000 0.000 0.000 0.000 0.000 0.000 0.000 0.000 0.000 0.000 0.000 0.000 0.000 0.000 0.000 0.000 0.000 0.000 0.000 0.000 0.000
0.000 0.000 0.000 0.001 0.002 0.002 0.002 0.002 0.001 0.001 0.002 0.003 0.003 0.001 0.001 0.001 0.001 0.001 0.001 0.001 0.001 0.001 0.004 0.041 0.062 0.012 0.004 0.003 0.003 0.004 0.004 0.004 0.003 0.001 0.001 0.001 0.004 0.007 0.004 0.002 0.001 0.001 0.000 0.000 0.000 0.000 0.000 0.000 0.000 0.000 0.000 0.000 0.000 0.000 0.000 0.000 0.000 0.000 0.000 0.000 0.000 0.000 0.000 0.000 0.000 0.000 0.000 0.000 0.000 0.000 0.000 0.000 0.000 0.000 0.000 0.000 0.000
0.000 0.000 0.000 0.001 0.002 0.002 0.002 0.002 0.002 0.002 0.001 0.002 0.003 0.002 0.001 0.001 0.001 0.001 0.001 0.001 0.001 0.001 0.005 0.033 0.060 0.018 0.003 0.003 0.003 0.004 0.005 0.004 0.004 0.002 0.001 0.001 0.005 0.005 0.002 0.001 0.001 0.001 0.001 0.000 0.000 0.000 0.000 0.000 0.000 0.000 0.000 0.000 0.000 0.000 0.000 0.000 0.000 0.000 0.000 0.000 0.000 0.000 0.000 0.000 0.000 0.000 0.000 0.000 0.000 0.000 0.000 0.000 0.000 0.000 0.000 0.000 0.000
0.000 0.000 0.000 0.001 0.001 0.002 0.002 0.002 0.002 0.002 0.001 0.001 0.002 0.003 0.002 0.001 0.001 0.001 0.001 0.001 0.001 0.001 0.004 0.019 0.058 0.041 0.004 0.002 0.003 0.004 0.005 0.005 0.005 0.003 0.001 0.003 0.006 0.004 0.002 0.001 0.001 0.001 0.001 0.000 0.000 0.000 0.000 0.000 0.000 0.000 0.000 0.000 0.000 0.000 0.000 0.000 0.000 0.000 0.000 0.000 0.000 0.000 0.000 0.000 0.000 0.000 0.000 0.000 0.000 0.000 0.000 0.000 0.000 0.000 0.000 0.000 0.000
0.000 0.000 0.000 0.001 0.001 0.001 0.002 0.002 0.002 0.002 0.001 0.001 0.001 0.002 0.003 0.002 0.001 0.001 0.001 0.001 0.001 0.001 0.003 0.009 0.045 0.057 0.017 0.003 0.002 0.003 0.006 0.006 0.005 0.004 0.003 0.004 0.006 0.004 0.002 0.001 0.001 0.001 0.001 0.001 0.000 0.000 0.000 0.000 0.000 0.000 0.000 0.000 0.000 0.000 0.000 0.000 0.000 0.000 0.000 0.000 0.000 0.000 0.000 0.000 0.000 0.000 0.000 0.000 0.000 0.000 0.000 0.000 0.000 0.000 0.000 0.000 0.000
0.000 0.000 0.000 0.000 0.001 0.001 0.001 0.001 0.001 0.001 0.001 0.001 0.001 0.001 0.002 0.002 0.001 0.001 0.001 0.001 0.001 0.002 0.003 0.008 0.034 0.055 0.030 0.006 0.002 0.003 0.006 0.007 0.005 0.004 0.003 0.004 0.007 0.004 0.002 0.001 0.001 0.001 0.001 0.001 0.000 0.000 0.000 0.000 0.000 0.000 0.000 0.000 0.000 0.000 0.000 0.000 0.000 0.000 0.000 0.000 0.000 0.000 0.000 0.000 0.000 0.000 0.000 0.000 0.000 0.000 0.000 0.000 0.000 0.000 0.000 0.000 0.000
0.000 0.000 0.000 0.000 0.001 0.001 0.001 0.001 0.001 0.001 0.001 0.001 0.001 0.001 0.002 0.002 0.002 0.002 0.001 0.001 0.001 0.002 0.003 0.007 0.031 0.051 0.036 0.012 0.004 0.003 0.005 0.007 0.006 0.004 0.003 0.004 0.008 0.006 0.002 0.001 0.001 0.001 0.001 0.001 0.001 0.000 0.000 0.000 0.000 0.000 0.000 0.000 0.000 0.000 0.000 0.000 0.000 0.000 0.000 0.000 0.000 0.000 0.000 0.000 0.000 0.000 0.000 0.000 0.000 0.000 0.000 0.000 0.000 0.000 0.000 0.000 0.000
0.000 0.000 0.000 0.000 0.001 0.001 0.001 0.001 0.001 0.001 0.001 0.002 0.002 0.002 0.002 0.002 0.001 0.001 0.002 0.002 0.002 0.002 0.003 0.007 0.024 0.046 0.041 0.020 0.006 0.003 0.004 0.007 0.007 0.004 0.003 0.003 0.008 0.009 0.002 0.001 0.001 0.001 0.001 0.001 0.000 0.000 0.000 0.000 0.000 0.000 0.000 0.000 0.000 0.000 0.000 0.000 0.000 0.000 0.000 0.000 0.000 0.000 0.000 0.000 0.000 0.000 0.000 0.000 0.000 0.000 0.000 0.000 0.000 0.000 0.000 0.000 0.000
0.000 0.000 0.000 0.000 0.001 0.001 0.001 0.001 0.001 0.002 0.002 0.003 0.003 0.002 0.002 0.001 0.001 0.001 0.001 0.002 0.002 0.003 0.004 0.006 0.015 0.034 0.044 0.034 0.015 0.004 0.003 0.005 0.007 0.005 0.003 0.003 0.007 0.011 0.004 0.001 0.001 0.001 0.001 0.001 0.000 0.000 0.000 0.000 0.000 0.000 0.000 0.000 0.000 0.000 0.000 0.000 0.000 0.000 0.000 0.000 0.000 0.000 0.000 0.000 0.000 0.000 0.000 0.000 0.000 0.000 0.000 0.000 0.000 0.000 0.000 0.000 0.000
0.000 0.000 0.000 0.000 0.001 0.001 0.001 0.002 0.004 0.004 0.003 0.003 0.002 0.002 0.002 0.001 0.001 0.001 0.001 0.001 0.002 0.003 0.004 0.006 0.010 0.019 0.033 0.046 0.037 0.010 0.004 0.005 0.006 0.006 0.004 0.003 0.006 0.011 0.006 0.002 0.001 0.001 0.000 0.000 0.000 0.000 0.000 0.000 0.000 0.000 0.000 0.000 0.000 0.000 0.000 0.000 0.000 0.000 0.000 0.000 0.000 0.000 0.000 0.000 0.000 0.000 0.000 0.000 0.000 0.000 0.000 0.000 0.000 0.000 0.000 0.000 0.000
0.000 0.000 0.000 0.000 0.001 0.001 0.003 0.009 0.014 0.012 0.005 0.003 0.002 0.002 0.002 0.002 0.001 0.001 0.001 0.001 0.002 0.002 0.003 0.005 0.008 0.012 0.019 0.038 0.048 0.027 0.009 0.005 0.006 0.006 0.005 0.003 0.005 0.010 0.009 0.002 0.001 0.001 0.000 0.000 0.000 0.000 0.000 0.000 0.000 0.000 0.000 0.000 0.000 0.000 0.000 0.000 0.000 0.000 0.000 0.000 0.000 0.000 0.000 0.000 0.000 0.000 0.000 0.000 0.000 0.000 0.000 0.000 0.000 0.000 0.000 0.000 0.000
0.000 0.000 0.000 0.000 0.001 0.002 0.007 0.016 0.021 0.019 0.010 0.004 0.003 0.002 0.002 0.002 0.001 0.001 0.001 0.001 0.001 0.002 0.003 0.004 0.007 0.010 0.013 0.024 0.037 0.037 0.022 0.008 0.007 0.007 0.005 0.004 0.004 0.007 0.011 0.005 0.001 0.001 0.000 0.000 0.000 0.000 0.000 0.000 0.000 0.000 0.000 0.000 0.000 0.000 0.000 0.000 0.000 0.000 0.000 0.000 0.000 0.000 0.000 0.000 0.000 0.000 0.000 0.000 0.000 0.000 0.000 0.000 0.000 0.000 0.000 0.000 0.000
0.000 0.000 0.000 0.000 0.001 0.004 0.009 0.016 0.018 0.019 0.015 0.008 0.004 0.003 0.002 0.002 0.001 0.001 0.001 0.001 0.001 0.001 0.002 0.003 0.005 0.006 0.009 0.018 0.032 0.036 0.031 0.016 0.009 0.008 0.007 0.004 0.004 0.005 0.010 0.009 0.003 0.001 0.001 0.000 0.000 0.000 0.000 0.000 0.000 0.000 0.000 0.000 0.000 0.000 0.000 0.000 0.000 0.000 0.000 0.000 0.000 0.000 0.000 0.000 0.000 0.000 0.000 0.000 0.000 0.000 0.000 0.000 0.000 0.000 0.000 0.000 0.000
0.000 0.000 0.000 0.000 0.002 0.004 0.008 0.011 0.012 0.012 0.012 0.008 0.004 0.003 0.002 0.001 0.001 0.001 0.001 0.001 0.001 0.001 0.001 0.002 0.003 0.003 0.006 0.014 0.029 0.036 0.034 0.024 0.013 0.011 0.011 0.007 0.004 0.004 0.008 0.010 0.006 0.002 0.001 0.001 0.000 0.000 0.000 0.000 0.000 0.000 0.000 0.000 0.000 0.000 0.000 0.000 0.000 0.000 0.000 0.000 0.000 0.000 0.000 0.000 0.000 0.000 0.000 0.000 0.000 0.000 0.000 0.000 0.000 0.000 0.000 0.000 0.000
0.000 0.000 0.000 0.000 0.002 0.004 0.006 0.007 0.006 0.006 0.006 0.005 0.003 0.002 0.001 0.001 0.001 0.001 0.001 0.001 0.001 0.001 0.001 0.002 0.002 0.002 0.004 0.010 0.021 0.032 0.035 0.031 0.021 0.015 0.015 0.012 0.006 0.005 0.007 0.009 0.008 0.004 0.002 0.001 0.001 0.000 0.000 0.000 0.000 0.000 0.000 0.000 0.000 0.000 0.000 0.000 0.000 0.000 0.000 0.000 0.000 0.000 0.000 0.000 0.000 0.000 0.000 0.000 0.000 0.000 0.000 0.000 0.000 0.000 0.000 0.000 0.000
0.000 0.000 0.000 0.000 0.001 0.003 0.005 0.005 0.004 0.003 0.003 0.003 0.003 0.002 0.001 0.001 0.001 0.001 0.001 0.001 0.001 0.001 0.001 0.001 0.001 0.002 0.002 0.005 0.013 0.023 0.030 0.033 0.033 0.028 0.023 0.019 0.011 0.008 0.008 0.008 0.007 0.005 0.003 0.001 0.001 0.001 0.000 0.000 0.000 0.000 0.000 0.000 0.000 0.000 0.000 0.000 0.000 0.000 0.000 0.000 0.000 0.000 0.000 0.000 0.000 0.000 0.000 0.000 0.000 0.000 0.000 0.000 0.000 0.000 0.000 0.000 0.000
0.000 0.000 0.000 0.000 0.001 0.003 0.004 0.004 0.003 0.003 0.002 0.002 0.002 0.001 0.001 0.001 0.001 0.001 0.001 0.001 0.001 0.001 0.001 0.001 0.001 0.001 0.001 0.003 0.007 0.016 0.023 0.028 0.036 0.040 0.036 0.029 0.019 0.013 0.011 0.009 0.007 0.006 0.004 0.003 0.002 0.001 0.001 0.000 0.000 0.000 0.000 0.000 0.000 0.000 0.000 0.000 0.000 0.000 0.000 0.000 0.000 0.000 0.000 0.000 0.000 0.000 0.000 0.000 0.000 0.000 0.000 0.000 0.000 0.000 0.000 0.000 0.000
0.000 0.000 0.000 0.000 0.001 0.003 0.004 0.005 0.004 0.002 0.002 0.002 0.002 0.001 0.001 0.001 0.001 0.001 0.001 0.001 0.001 0.001 0.001 0.001 0.001 0.001 0.001 0.001 0.004 0.010 0.018 0.024 0.032 0.041 0.043 0.038 0.030 0.022 0.018 0.012 0.008 0.006 0.005 0.004 0.004 0.002 0.001 0.001 0.001 0.000 0.000 0.000 0.000 0.000 0.000 0.000 0.000 0.000 0.000 0.000 0.000 0.000 0.000 0.000 0.000 0.000 0.000 0.000 0.000 0.000 0.000 0.000 0.000 0.000 0.000 0.000 0.000
0.000 0.000 0.000 0.000 0.001 0.003 0.005 0.005 0.004 0.003 0.002 0.002 0.002 0.001 0.001 0.001 0.001 0.001 0.001 0.001 0.001 0.001 0.001 0.001 0.001 0.001 0.001 0.001 0.003 0.006 0.013 0.017 0.022 0.032 0.041 0.042 0.039 0.033 0.029 0.019 0.010 0.007 0.006 0.005 0.005 0.004 0.003 0.002 0.001 0.001 0.000 0.000 0.000 0.000 0.000 0.000 0.000 0.000 0.000 0.000 0.000 0.000 0.000 0.000 0.000 0.000 0.000 0.000 0.000 0.000 0.000 0.000 0.000 0.000 0.000 0.000 0.000
0.000 0.000 0.000 0.000 0.001 0.003 0.005 0.005 0.004 0.003 0.002 0.002 0.002 0.002 0.001 0.001 0.001 0.001 0.001 0.001 0.001 0.001 0.001 0.001 0.001 0.001 0.001 0.001 0.002 0.005 0.010 0.013 0.015 0.020 0.031 0.040 0.042 0.041 0.039 0.031 0.018 0.011 0.008 0.006 0.006 0.007 0.006 0.004 0.002 0.001 0.001 0.000 0.000 0.000 0.000 0.000 0.000 0.000 0.000 0.000 0.000 0.000 0.000 0.000 0.000 0.000 0.000 0.000 0.000 0.000 0.000 0.000 0.000 0.000 0.000 0.000 0.000
0.000 0.000 0.000 0.000 0.001 0.003 0.004 0.004 0.004 0.003 0.002 0.002 0.002 0.002 0.002 0.001 0.001 0.001 0.001 0.001 0.001 0.001 0.001 0.001 0.001 0.001 0.001 0.001 0.002 0.005 0.009 0.011 0.012 0.014 0.020 0.031 0.040 0.042 0.042 0.038 0.029 0.019 0.013 0.009 0.008 0.012 0.016 0.015 0.010 0.004 0.002 0.001 0.001 0.000 0.000 0.000 0.000 0.000 0.000 0.000 0.000 0.000 0.000 0.000 0.000 0.000 0.000 0.000 0.000 0.000 0.000 0.000 0.000 0.000 0.000 0.000 0.000
0.000 0.000 0.000 0.000 0.000 0.002 0.003 0.003 0.003 0.003 0.002 0.002 0.002 0.002 0.002 0.001 0.001 0.001 0.001 0.001 0.001 0.001 0.001 0.001 0.001 0.001 0.001 0.001 0.003 0.006 0.007 0.009 0.010 0.011 0.014 0.022 0.033 0.040 0.041 0.039 0.034 0.027 0.020 0.015 0.016 0.040 0.057 0.056 0.041 0.019 0.007 0.003 0.001 0.001 0.001 0.000 0.000 0.000 0.000 0.000 0.000 0.000 0.000 0.000 0.000 0.000 0.000 0.000 0.000 0.000 0.000 0.000 0.000 0.000 0.000 0.000 0.000
0.000 0.000 0.000 0.000 0.000 0.001 0.002 0.003 0.003 0.002 0.002 0.002 0.002 0.002 0.002 0.001 0.001 0.001 0.001 0.001 0.001 0.001 0.001 0.001 0.001 0.001 0.001 0.002 0.004 0.006 0.006 0.007 0.008 0.009 0.011 0.015 0.021 0.030 0.036 0.038 0.036 0.033 0.027 0.023 0.042 0.112 0.138 0.133 0.105 0.057 0.024 0.009 0.004 0.003 0.002 0.002 0.001 0.000 0.000 0.000 0.000 0.000 0.000 0.000 0.000 0.000 0.000 0.000 0.000 0.000 0.000 0.000 0.000 0.000 0.000 0.000 0.000
0.000 0.000 0.000 0.000 0.000 0.000 0.001 0.002 0.002 0.002 0.002 0.002 0.002 0.002 0.002 0.001 0.001 0.001 0.001 0.001 0.001 0.001 0.001 0.001 0.001 0.001 0.002 0.003 0.005 0.005 0.006 0.006 0.007 0.008 0.009 0.011 0.014 0.019 0.027 0.033 0.037 0.037 0.034 0.036 0.094 0.191 0.226 0.218 0.182 0.111 0.050 0.022 0.013 0.011 0.009 0.005 0.002 0.001 0.000 0.000 0.000 0.000 0.000 0.000 0.000 0.000 0.000 0.000 0.000 0.000 0.000 0.000 0.000 0.000 0.000 0.000 0.000
0.000 0.000 0.000 0.000 0.000 0.000 0.001 0.002 0.002 0.002 0.002 0.002 0.002 0.002 0.002 0.001 0.001 0.001 0.001 0.000 0.000 0.000 0.001 0.001 0.001 0.002 0.003 0.005 0.005 0.005 0.005 0.006 0.006 0.006 0.007 0.009 0.012 0.015 0.020 0.028 0.037 0.039 0.035 0.095 0.227 0.297 0.318 0.304 0.254 0.164 0.084 0.048 0.039 0.033 0.021 0.011 0.005 0.002 0.001 0.000 0.000 0.000 0.000 0.000 0.000 0.000 0.000 0.000 0.000 0.000 0.000 0.000 0.000 0.000 0.000 0.000 0.000
0.000 0.000 0.000 0.000 0.000 0.000 0.000 0.000 0.001 0.001 0.001 0.001 0.001 0.001 0.001 0.001 0.000 0.000 0.000 0.000 0.000 0.001 0.001 0.001 0.001 0.002 0.005 0.006 0.006 0.005 0.005 0.006 0.006 0.005 0.006 0.007 0.010 0.013 0.017 0.023 0.032 0.032 0.082 0.331 0.504 0.497 0.449 0.402 0.333 0.234 0.153 0.107 0.078 0.051 0.029 0.015 0.007 0.003 0.001 0.000 0.000 0.000 0.000 0.000 0.000 0.000 0.000 0.000 0.000 0.000 0.000 0.000 0.000 0.000 0.000 0.000 0.000
0.000 0.000 0.000 0.000 0.000 0.000 0.000 0.000 0.000 0.000 0.000 0.000 0.000 0.000 0.000 0.000 0.000 0.000 0.000 0.000 0.000 0.001 0.001 0.001 0.001 0.003 0.006 0.007 0.006 0.005 0.005 0.005 0.005 0.005 0.005 0.006 0.008 0.010 0.014 0.019 0.024 0.054 0.282 0.636 0.730 0.696 0.623 0.510 0.392 0.294 0.219 0.156 0.099 0.057 0.032 0.017 0.009 0.004 0.002 0.000 0.000 0.000 0.000 0.000 0.000 0.000 0.000 0.000 0.000 0.000 0.000 0.000 0.000 0.000 0.000 0.000 0.000
0.000 0.000 0.000 0.000 0.000 0.000 0.000 0.000 0.000 0.000 0.000 0.000 0.000 0.000 0.000 0.000 0.000 0.000 0.000 0.000 0.001 0.001 0.001 0.001 0.002 0.004 0.006 0.006 0.006 0.005 0.005 0.005 0.005 0.004 0.004 0.005 0.006 0.008 0.010 0.014 0.029 0.141 0.476 0.781 0.838 0.798 0.704 0.559 0.417 0.311 0.226 0.156 0.098 0.057 0.032 0.017 0.009 0.004 0.002 0.000 0.000 0.000 0.000 0.000 0.000 0.000 0.000 0.000 0.000 0.000 0.000 0.000 0.000 0.000 0.000 0.000 0.000
0.000 0.000 0.000 0.000 0.000 0.000 0.000 0.000 0.000 0.000 0.000 0.000 0.000 0.000 0.000 0.000 0.000 0.000 0.000 0.000 0.001 0.001 0.001 0.001 0.003 0.005 0.006 0.006 0.005 0.005 0.005 0.006 0.005 0.004 0.004 0.004 0.005 0.006 0.008 0.014 0.054 0.218 0.563 0.838 0.889 0.851 0.726 0.564 0.422 0.310 0.219 0.147 0.092 0.055 0.032 0.017 0.009 0.004 0.002 0.000 0.000 0.000 0.000 0.000 0.000 0.000 0.000 0.000 0.000 0.000 0.000 0.000 0.000 0.000 0.000 0.000 0.000
0.000 0.000 0.000 0.000 0.000 0.000 0.000 0.000 0.000 0.000 0.000 0.000 0.000 0.000 0.000 0.000 0.000 0.000 0.000 0.001 0.001 0.001 0.001 0.001 0.004 0.006 0.005 0.005 0.004 0.005 0.006 0.006 0.005 0.004 0.003 0.004 0.004 0.005 0.007 0.020 0.084 0.275 0.613 0.858 0.888 0.844 0.723 0.558 0.413 0.295 0.202 0.133 0.084 0.051 0.030 0.017 0.009 0.005 0.002 0.001 0.000 0.000 0.000 0.000 0.000 0.000 0.000 0.000 0.000 0.000 0.000 0.000 0.000 0.000 0.000 0.000 0.000
0.000 0.000 0.000 0.000 0.000 0.000 0.000 0.000 0.000 0.000 0.000 0.000 0.000 0.000 0.000 0.000 0.000 0.000 0.000 0.001 0.001 0.001 0.001 0.003 0.006 0.007 0.006 0.005 0.004 0.005 0.006 0.006 0.005 0.004 0.003 0.004 0.004 0.006 0.014 0.043 0.139 0.364 0.665 0.848 0.860 0.811 0.692 0.534 0.386 0.270 0.183 0.119 0.076 0.047 0.028 0.016 0.009 0.005 0.002 0.001 0.000 0.000 0.000 0.000 0.000 0.000 0.000 0.000 0.000 0.000 0.000 0.000 0.000 0.000 0.000 0.000 0.000
0.000 0.000 0.000 0.000 0.000 0.000 0.000 0.000 0.000 0.000 0.000 0.000 0.000 0.000 0.000 0.000 0.000 0.000 0.001 0.001 0.001 0.001 0.002 0.006 0.009 0.010 0.009 0.008 0.006 0.005 0.006 0.006 0.005 0.004 0.004 0.005 0.009 0.023 0.056 0.130 0.271 0.478 0.682 0.780 0.777 0.731 0.621 0.481 0.346 0.239 0.160 0.104 0.066 0.041 0.025 0.015 0.008 0.004 0.002 0.001 0.000 0.000 0.000 0.000 0.000 0.000 0.000 0.000 0.000 0.000 0.000 0.000 0.000 0.000 0.000 0.000 0.000
