AvaFrame/avaframe/data/avaGar/Inputs/DEMremeshed/avaGar_remeshedDEM5.00.asc
ncols 519
nrows 386
xllcenter 247323.24
yllcenter 350705.85
cellsize 5.00
noDataValue nan
[rows 336 to 356 of 386, columns 240 to 287 of 519]
1330.158255199957 1328.848412173141 1327.889424877713 1326.6543284503 1325.525320124065 1324.651695493381 1323.931313288618 1323.228148489697 1322.561320180444 1322.327409952507 1320.491387340265 1319.000333430381 1317.478906600722 1316.015177103181 1314.757586659379 1313.434906966384 1311.919093764652 1310.081614925927 1308.25101057646 1306.993940033346 1305.855064104237 1303.55024382892 1300.718869126999 1299.170932842357 1297.309843357881 1294.987277323289 1293.051905473537 1291.148873875653 1288.710005450292 1286.682871052538 1284.832159261471 1283.442544487909 1282.499840231058 1281.9723768063 1281.593920631896 1281.156870229995 1280.67417949944 1280.224863911011 1279.703120341888 1279.181368180284 1278.823716356854 1278.483521792529 1278.103460968346 1277.663571953094 1277.17147060601 1276.362878771685 1275.545676184376 1274.733887191119
nan nan 1325.162593965748 1325.479636896423 1324.231938154526 1323.521693088579 1322.993006752336 1321.850013442229 1321.147730663811 1320.705769905616 1318.944210872986 1317.391089516178 1315.776227012406 1314.327483534857 1312.967944639586 1311.614044500704 1310.039908536792 1308.445072158538 1307.065525600768 1305.813811878386 1304.164928020613 1301.942281248149 1299.632354985916 1298.335801333362 1296.525440104428 1293.855433189305 1291.107553810863 1288.084206379928 1285.798449436647 1284.133175028712 1282.893272305355 1281.841518879399 1281.201296853455 1280.727869618134 1280.316199984481 1279.910630432009 1279.468705087223 1279.019022131027 1278.637611919249 1278.238258192206 1277.825077807711 1277.571278327267 1277.333384751898 1277.007377939841 1276.373603074269 1275.499608146467 1274.718459460572 1273.954345914474
nan nan nan nan nan 1322.253526843495 1321.412633339117 1320.415564807541 1319.645284767575 1318.643260259018 1317.306014683249 1315.567971337797 1314.015551418372 1312.513559346718 1311.077351529342 1309.5924604134 1308.064886636894 1306.712195775704 1305.089128428751 1302.915219678247 1300.876439637194 1299.182698736888 1297.672587573147 1296.112752193942 1293.99193859506 1291.030865750728 1288.095175490164 1285.329604552935 1283.55854564674 1282.213692077276 1281.178730234776 1280.493672469725 1279.912101372139 1279.447048594243 1279.190389105305 1278.90159917799 1278.416474264001 1277.962581068559 1277.603216207917 1277.284110961381 1276.924527970924 1276.763658312423 1276.708539794762 1276.321492736651 1275.472283235446 1274.700538366468 1274.011879308968 1273.283008624547
nan nan nan nan nan nan nan 1319.046915157032 1318.070867520217 1316.929582613302 1315.418074322326 1313.805245141893 1312.224433053595 1310.668084106649 1309.127128814777 1307.587229375468 1306.088366656795 1303.960562351114 1301.420148116497 1299.288474936324 1298.044377454243 1296.951330515937 1295.614358993308 1293.752901352886 1290.906761459923 1288.018702561813 1285.453552761619 1283.427047634624 1281.768741405461 1280.672143752413 1279.816460984996 1279.086803673875 1278.594416765644 1278.405699380936 1278.209061040621 1277.916175766357 1277.402905630057 1276.998714000104 1276.645284204248 1276.226304769683 1275.915384417868 1275.936103623928 1275.705329399991 1275.183852013967 1274.537370217158 1273.744272859573 1273.177795786587 1272.46296324305
nan nan nan nan nan nan nan nan nan 1315.121485807789 1313.600678706117 1312.047403318533 1310.492761246491 1308.878800057452 1307.235321331629 1305.264554385495 1303.055838224574 1300.404164574748 1298.07537171552 1296.824995621156 1295.578832914448 1294.258671133217 1292.688306061548 1290.307399957799 1287.504361974264 1285.077922220997 1283.52855487605 1281.737754699103 1280.165726768099 1279.252030658652 1278.363434262809 1277.862753548064 1277.699284525429 1277.696783397784 1277.363036053374 1276.97355791563 1276.525260812794 1276.129632472478 1275.645825792228 1275.204700358162 1274.78512835306 1274.679319027296 1274.497755824633 1273.916477121719 1273.274639992283 1272.708649066903 1272.138542612157 1271.56840290703
nan nan nan nan nan nan nan nan nan nan nan 1309.407820409567 1308.838774527741 1307.17452442841 1305.315567924115 1302.735635318912 1299.988124359993 1297.754036384579 1296.073957986113 1294.87611846709 1293.30746349016 1291.526929270427 1289.497750959102 1287.108489759674 1284.916139659161 1283.074113880326 1281.370485259136 1279.973575809227 1278.748810477515 1277.767338201839 1277.210811274654 1276.906055218197 1276.878821474521 1276.834443119734 1276.551762741791 1276.088643290766 1275.668991097416 1275.185729241858 1274.74459808247 1274.278943866327 1273.871937385713 1273.485008175042 1273.354242387155 1272.971198924378 1272.255064620756 1271.642768260114 1271.125966386185 1270.689599815443
nan nan nan nan nan nan nan nan nan nan nan nan nan nan 1303.112546378791 1300.181241491427 1298.073080093105 1296.123627515484 1294.722289393047 1293.129451264356 1291.343980912233 1289.235713728121 1287.193118385386 1284.921530902713 1282.91038444864 1281.155231224659 1279.915990285977 1278.653773397588 1277.314808027808 1276.528826892912 1276.095792175629 1276.007562473715 1275.960157984912 1275.946704565972 1275.63485017517 1275.164971240573 1274.707391529146 1274.293991369876 1273.867801399714 1273.460786494099 1273.039465102397 1272.643764351011 1272.221286755267 1272.032123324061 1271.367171364907 1270.649168167876 1270.211385608772 1269.756448688994
nan nan nan nan nan nan nan nan nan nan nan nan nan nan nan nan 1296.355135706639 1294.752384049263 1293.297434411894 1291.54837571749 1289.381789391469 1287.143134097946 1285.233743357985 1283.284451015424 1281.36578868677 1279.936594727546 1278.772485921171 1277.374306553916 1276.133957140361 1275.56109818106 1275.504791648855 1275.117301957238 1275.153247966785 1275.032645909708 1274.688765303163 1274.259733503271 1273.804278268163 1273.441426672184 1273.09767334369 1272.738665424052 1272.250589288592 1271.868178047707 1271.588521660308 1270.97205415691 1270.438678150093 1269.694454063044 1269.197919830653 1268.800158096199
nan nan nan nan nan nan nan nan nan nan nan nan nan nan nan nan nan nan 1291.826196569048 1289.921609210334 1287.500405629608 1285.474078389772 1283.752465935377 1281.840546242668 1280.203046557521 1278.797139687525 1277.513863848116 1276.193449967393 1275.235676030925 1275.143196736109 1274.989597411603 1274.430849444208 1274.373517217435 1274.102145080134 1273.770050160166 1273.344470613495 1273.022826958497 1272.766669605022 1272.466666847331 1272.040828539252 1271.638541491544 1271.106466929193 1270.38307459098 1269.80887423043 1269.338929888322 1268.980181823029 1268.386148493396 1267.937295023663
nan nan nan nan nan nan nan nan nan nan nan nan nan nan nan nan nan nan nan nan 1286.166888361426 1284.021381217856 1282.257936191792 1280.630066257296 1279.019081142827 1277.832775118736 1276.518286539379 1275.495052484841 1274.828975040022 1274.385997634842 1274.271892468722 1273.858281239108 1273.598663106703 1273.229280314223 1272.827610050466 1272.553775186834 1272.359492222299 1272.154268360959 1271.78881264675 1271.118763555193 1269.993009251304 1269.849586651124 1268.90687203348 1268.747753732024 1268.499358717464 1268.351407963067 1267.720669560296 1267.144448501983
nan nan nan nan nan nan nan nan nan nan nan nan nan nan nan nan nan nan nan nan nan nan nan 1279.993018962638 1278.398474308348 1277.080285284447 1276.093486411319 1275.310426045983 1274.607839785819 1274.094587957977 1273.690268827805 1273.33788814806 1272.906760514045 1272.510645395583 1272.161532395749 1271.967664579451 1271.765060108965 1271.466826309286 1270.994189190336 1270.033374244884 1268.898367474246 1269.048199504516 1268.248226083915 1267.891326121888 1267.889641336025 1267.457717508843 1266.976548226559 1266.427221842668
nan nan nan nan nan nan nan nan nan nan nan nan nan nan nan nan nan nan nan nan nan nan nan nan nan 1277.171664772759 1276.243667977799 1275.317980867362 1274.660823251489 1274.136159425085 1273.543377883333 1272.938398088587 1272.386866740877 1271.984922573722 1271.708510637461 1271.506919996783 1271.167215159003 1270.714211448252 1270.183012327697 1269.46938061649 1268.881949536066 1268.480928122862 1267.37518215367 1266.948083579201 1267.120946971643 1266.638124306683 1266.252744391915 1265.928264936982
nan nan nan nan nan nan nan nan nan nan nan nan nan nan nan nan nan nan nan nan nan nan nan nan nan nan nan 1275.316582493364 1274.619313561983 1274.086559216943 1273.425036514533 1272.681800129292 1272.074798957764 1271.627498732405 1271.350190956703 1271.020259833528 1270.535132160568 1270.087838580081 1269.600446284906 1269.063868147372 1268.544137945445 1267.777559231714 1266.872626327958 1266.464603764151 1266.591684781768 1266.202679399196 1265.661991615209 1265.329413276627
nan nan nan nan nan nan nan nan nan nan nan nan nan nan nan nan nan nan nan nan nan nan nan nan nan nan nan nan nan 1273.887764502382 1273.257071029165 1272.61878426602 1271.957742116452 1271.463819341068 1271.066788678283 1270.586572311685 1270.061252106872 1269.593049969851 1269.082862674607 1268.585931624485 1268.078687884084 1267.431314163872 1266.690643233732 1266.251622713214 1266.287559665515 1265.861753726498 1264.821430470967 1264.013225069399
nan nan nan nan nan nan nan nan nan nan nan nan nan nan nan nan nan nan nan nan nan nan nan nan nan nan nan nan nan nan nan 1267.532514732053 1271.78821189253 1271.329023652648 1270.834968888107 1270.24638649203 1269.652271284253 1269.114062758484 1268.574686305461 1268.094652357868 1267.58508577682 1266.925418576398 1266.249808192154 1265.881112819751 1265.752892569608 1265.251872873576 1264.120196351568 1263.30645180066
nan nan nan nan nan nan nan nan nan nan nan nan nan nan nan nan nan nan nan nan nan nan nan nan nan nan nan nan nan nan nan nan nan nan 1270.501038086715 1269.947960826431 1269.328758902305 1268.736180387576 1268.136897642118 1267.66873277822 1267.201355090805 1266.565658392544 1265.88825375105 1265.415515043393 1264.94396922959 1264.209281491144 1263.563117471858 1262.981703178194
nan nan nan nan nan nan nan nan nan nan nan nan nan nan nan nan nan nan nan nan nan nan nan nan nan nan nan nan nan nan nan nan nan nan nan nan 1268.975058931067 1268.388309585489 1267.828006492579 1267.356579905124 1266.925895118119 1266.326140450826 1265.594187120576 1265.085474742771 1264.561480689433 1263.791672477155 1263.434411422796 1262.856744198343
nan nan nan nan nan nan nan nan nan nan nan nan nan nan nan nan nan nan nan nan nan nan nan nan nan nan nan nan nan nan nan nan nan nan nan nan nan nan 1267.519677375436 1267.098212953371 1266.689875200636 1266.155730749083 1265.400462692543 1264.779742496274 1264.211292967668 1263.783693765303 1263.640976224408 1262.551046701321
nan nan nan nan nan nan nan nan nan nan nan nan nan nan nan nan nan nan nan nan nan nan nan nan nan nan nan nan nan nan nan nan nan nan nan nan nan nan nan nan 1266.623107234884 1265.940237656826 1265.221885301601 1264.611809645452 1264.009596653163 1263.758204240796 1263.150332070746 1261.363695328949
nan nan nan nan nan nan nan nan nan nan nan nan nan nan nan nan nan nan nan nan nan nan nan nan nan nan nan nan nan nan nan nan nan nan nan nan nan nan nan nan nan nan nan 1264.499458982956 1263.797748125988 1262.8724954281 1261.797783141463 1260.658481791746
nan nan nan nan nan nan nan nan nan nan nan nan nan nan nan nan nan nan nan nan nan nan nan nan nan nan nan nan nan nan nan nan nan nan nan nan nan nan nan nan nan nan nan nan nan 1261.972554573918 1260.788379404252 1260.532262247083
