AvaFrame/avaframe/data/avaGar/Inputs/DEMremeshed/avaGar_remeshedDEM5.00.asc
ncols 519
nrows 386
xllcenter 247323.24
yllcenter 350705.85
cellsize 5.00
noDataValue nan
[rows 21 to 41 of 386, columns 96 to 143 of 519]
2441.010233926494 2434.321667352729 2430.560630955345 2424.566754572281 2418.066111704159 2417.795214861615 2417.442592738655 2416.589316637009 2416.261388830413 2415.700285451718 2414.856676850681 2413.76425598145 2412.391325244612 2410.529653983243 2408.349112112546 2406.174455663129 2404.100257053428 2401.83343104623 2398.944653236458 2396.124412928003 2392.810394903683 2389.497022281865 2386.314835037845 2383.297761464579 2379.802785054383 2376.494053798732 2373.093463605348 2369.639917405317 2366.215938849709 2362.690777884192 2359.251236082765 2355.668224967181 2352.156815635089 2348.600433224692 2344.819638560589 2341.168757310537 2337.591169623104 2334.010586769194 2330.52775714551 2326.966676507663 2323.277262654229 2319.760939749633 2316.222758412174 2312.881854525904 2309.337393276603 2305.781817666404 2302.221268110953 2298.7690764648
2436.808652165945 2428.589929124147 2425.702249413666 2416.792460804648 2414.317811037857 2414.193310501862 2414.594193686723 2413.961629313577 2413.150196849225 2412.672023304912 2411.78912640134 2410.587917720055 2409.224716748675 2407.515295783322 2405.532940572394 2403.419215065682 2401.329523444288 2399.09210396566 2396.642424227663 2393.817383233813 2390.917437627882 2387.930192529882 2384.78561183354 2381.424931034678 2378.210045824489 2374.951377955013 2371.585110329979 2368.395460853626 2365.032348299102 2361.833629117471 2358.398356401002 2355.002000818526 2351.469347258329 2347.990916138825 2344.35007474665 2340.838936250425 2337.484498893782 2333.960234522773 2330.45292946393 2326.874412929322 2323.316514616551 2319.8945792801 2316.367742654056 2313.067440620978 2309.489444491901 2305.819661811643 2302.34425427475 2298.779477097332
2428.536957880262 2426.229362185098 2425.070697180038 2411.535832230279 2410.340498817099 2410.108883184731 2411.094571235961 2411.240204620579 2410.169032485747 2409.578784263926 2408.703129757562 2407.540466587848 2406.013656584018 2404.502071112174 2402.570249791087 2400.648210678074 2398.691005914351 2396.393103885203 2394.011137830268 2391.475949367657 2388.750442268114 2385.7374312011 2383.143628034657 2380.008850631301 2376.837976947898 2373.533728386583 2370.374552445481 2367.162400933003 2363.926228926079 2360.663230700877 2357.328892798084 2354.022544507489 2350.711767807986 2347.289734123632 2343.894499693658 2340.39709190088 2337.070503400516 2333.7052573958 2330.250897030955 2326.752148919633 2323.31877889009 2319.888165029594 2316.403735456985 2312.920778325187 2309.33786799263 2305.854631906959 2302.23393810042 2298.624958573658
2420.483873609604 2422.749398555939 2412.47976322384 2406.975288114649 2406.257163598134 2406.204713463857 2406.915345948395 2408.276021248002 2407.22123959841 2406.467031908864 2405.637348423872 2404.493116319396 2402.979244661748 2401.396291494814 2399.500455153736 2397.724070732582 2396.223986825414 2393.818812198837 2391.377743372484 2388.970681873268 2386.199995379733 2383.463686379326 2380.732437267543 2378.384176107051 2374.910217204012 2371.98019189215 2368.873021178855 2365.668951156912 2362.514007974547 2359.282435968991 2356.146257977637 2352.845811774587 2349.680353686844 2346.355763967105 2343.064794674139 2339.686442596075 2336.227046973773 2332.930482469363 2329.496285767423 2326.083751252304 2322.576146201557 2319.181462868227 2315.819662852256 2312.320681374779 2308.689506582553 2305.244784468833 2301.754663916505 2298.274711854846
2416.068924182053 2414.396179612383 2406.721292712538 2402.840343452257 2401.997647598567 2402.298989763822 2402.858261593805 2404.660048744237 2404.323192477083 2403.50382529795 2402.62449780716 2401.477580575492 2400.038701609555 2398.36970556125 2396.54553444678 2394.634090756838 2393.316649190313 2391.397012191672 2388.713441564909 2386.233066764511 2383.812285448986 2381.032872461049 2378.141625888724 2375.429517314393 2372.761655387802 2370.043864253215 2367.038208552026 2363.94215704423 2360.791734809062 2357.681930980028 2354.498609950036 2351.376629382886 2348.325132166171 2345.066707610316 2341.832908243632 2338.599098221971 2335.247098592273 2331.888961441593 2328.495338171972 2325.178535213851 2321.700232255493 2318.268318298906 2314.878738996046 2311.347603885562 2307.932810848871 2304.384236391628 2300.982824421632 2297.598854887626
2412.949610958322 2408.892184845705 2405.270455660859 2399.838055599424 2397.53854593763 2397.794830146284 2399.042087258914 2400.611342130928 2401.562356141139 2400.571783532429 2399.638185919689 2398.363324173021 2397.046627341907 2395.338556660195 2393.518163711058 2391.722061714043 2389.842599667948 2388.519558147963 2385.824819310345 2383.765391610669 2381.212214246189 2378.743003173391 2376.064929555525 2372.90951804548 2370.367865927695 2367.668276925298 2365.001996510751 2362.145287068808 2359.173127988824 2355.925134978531 2352.825635345562 2349.72425353912 2346.633293945701 2343.537598738916 2340.508727590473 2337.33771655582 2334.122522128173 2330.869081837693 2327.61085767991 2324.206633054018 2320.865436652061 2317.447391551289 2313.974440876879 2310.429649734566 2306.947188547746 2303.458240024092 2300.077282873665 2296.699253497393
2413.224751259309 2409.488551245992 2405.891768403879 2398.083887263479 2393.902225350248 2393.362617564348 2394.870619868482 2396.939541715065 2397.673962486267 2397.268965045447 2396.805907875554 2395.338696264218 2394.004834084337 2392.426176848158 2390.58864812471 2388.737368376142 2386.822713119072 2384.874945789794 2382.794689964412 2381.194030393951 2378.718025016835 2376.22778128795 2373.771343513252 2371.191739569171 2368.104390780079 2365.10573327237 2362.622421408525 2360.064310227667 2357.292848203183 2354.44302720787 2351.232932462788 2348.113895623565 2344.837334610092 2341.862403106612 2338.916805996631 2335.841677898485 2332.668808875474 2329.5629330052 2326.32052489923 2323.099389315797 2319.787300737434 2316.239488089084 2312.705676550961 2309.450317973028 2306.041400897364 2302.664785700615 2299.151400109047 2295.714504742123
2413.035918266279 2409.515217277352 2403.967343106423 2396.024080936771 2391.332448514269 2389.420432201845 2390.677711011958 2392.676724245771 2392.504221264724 2392.763333284437 2393.4523522662 2392.12340388074 2390.877863811246 2389.471312740957 2387.736317724817 2385.806240553713 2383.912820161049 2381.997048849614 2379.886797286324 2378.129579764186 2376.3174789122 2373.746864351138 2371.324183630395 2368.82624776151 2366.297604217081 2362.958895942178 2360.07207146914 2357.595218783091 2355.266562388536 2352.577862807755 2349.528521269444 2346.480566859044 2343.410143094929 2340.30769056729 2337.204925632787 2334.030532977224 2330.964095370427 2327.979448438058 2324.837740582011 2321.666963038471 2318.423853375132 2315.031826097561 2311.621464121296 2308.3681599124 2305.350685694864 2302.126620956767 2298.701346303926 2295.275466513067
2412.741851318437 2406.47528038093 2401.314979436923 2393.523483526287 2389.360787763824 2386.056613455995 2386.474098297385 2387.816947754337 2387.164761249125 2387.705193187438 2388.922418570065 2388.880111143619 2387.679073665292 2386.358033213452 2384.81119032124 2382.967158185279 2381.022478343331 2379.149807303421 2377.070723653391 2375.136410638993 2373.557897298848 2371.368875446679 2368.874346077353 2366.352924781472 2363.966852460386 2361.151252276363 2358.026118431398 2355.139213724692 2352.715788516239 2350.454887063473 2347.769477089422 2344.660420176633 2341.741364381939 2338.70450526773 2335.703776488887 2332.496041382916 2329.360342720809 2326.226075956121 2323.130167915691 2320.035627301711 2316.790433607018 2313.677973187609 2310.354397558414 2307.096399709485 2303.858044677734 2300.677717607533 2297.545939967413 2294.409777528277
2414.08384196904 2407.263355274957 2397.271693967232 2391.320368691547 2387.331471104138 2383.017891410244 2382.485283622989 2383.101154964373 2382.406390223161 2382.432635155634 2383.726471818976 2385.438385709958 2385.060419479531 2383.126318113714 2381.732737739876 2380.02488172301 2378.136250921481 2376.177863064379 2374.329450995265 2372.221267485408 2370.296203783243 2368.702433585363 2366.681241755584 2364.132549923328 2361.593967273613 2359.06244341205 2356.230949407705 2353.294083189438 2350.293151088248 2347.81594159233 2345.688146221312 2342.951834265432 2339.762944277046 2336.853924021768 2333.926546953283 2331.079771724019 2327.903484982345 2324.610127613513 2321.370467221767 2318.267459611786 2315.070177949963 2311.855137200837 2308.760676996217 2305.733085090001 2302.466834233799 2299.27882626276 2296.121584816852 2293.010464670764
2413.491883621605 2409.125135123472 2399.12575567244 2388.056600371255 2384.013510108352 2379.865479185992 2378.55319548494 2378.029623167877 2377.37524807641 2377.313277042243 2379.134842644072 2381.224405377224 2382.326465677027 2380.476515614263 2378.697621739113 2377.076011511321 2375.240837985285 2373.354190945282 2371.532714794011 2369.541675407395 2367.440643792795 2365.70853830555 2363.929622253947 2361.737798958018 2359.448385031336 2357.034748071585 2354.124050997948 2351.392158338384 2348.555671862516 2345.574251900976 2343.00814169244 2341.023899984416 2338.158296356274 2335.080374610791 2332.098360070733 2329.248146354763 2326.199101199036 2323.152766459043 2319.946595380394 2316.751761152609 2313.478950923577 2310.15990083013 2307.167820301073 2304.10911499117 2301.089652766901 2298.06096475962 2294.829714642985 2291.635852527807
2405.265864076176 2411.503259285163 2400.632234255066 2386.914149158239 2380.478995622421 2376.61025347341 2374.910464527823 2373.818323436025 2372.27939706866 2372.548283252988 2374.754171407386 2376.854315168679 2378.269130379184 2377.566340149116 2376.005296686325 2374.233048495649 2372.491697623337 2370.589471106207 2368.709004944559 2366.808248407552 2364.758538457821 2362.585672283936 2360.962180160613 2358.952830245138 2356.826076933172 2354.844648006367 2352.242627514072 2349.454992915058 2346.665846078604 2343.718779533887 2340.619616133252 2338.267891758971 2336.295592758651 2333.397136057272 2330.477419803552 2327.454243696604 2324.451470791108 2321.347787153117 2318.273923184712 2315.242733950714 2312.027938422917 2308.713200134634 2305.491930925768 2302.458247517769 2299.608166462503 2296.536471762232 2293.45853964245 2290.413693798117
2397.139013061039 2405.36855749553 2396.953443646305 2383.187901322324 2378.041513905564 2374.273468471177 2371.305801672893 2369.913673217818 2368.15359094308 2368.054075608502 2370.180654664597 2372.597810075762 2373.196172636718 2373.20162894572 2373.231562058594 2371.603905158301 2369.850640714266 2367.800497045238 2365.977993042155 2364.102474615717 2362.136975530362 2359.915157761648 2357.931801013253 2356.288701806281 2354.123589411893 2352.02222599583 2349.975840767013 2347.337748629344 2344.661416538272 2341.866368560235 2338.766441378474 2335.781675863584 2333.355079310143 2331.231310678953 2328.587339639295 2325.751303502683 2322.673658874183 2319.521842540395 2316.414048807152 2313.41179939904 2310.482405438843 2307.392594777299 2304.200831071199 2300.908160595736 2297.795693020455 2294.952534474171 2292.081495530947 2289.021539337701
2387.312891620839 2394.078234658128 2387.23143523709 2378.684242240269 2375.421046695712 2372.275767878703 2369.027217514319 2366.314991362913 2364.453469312067 2363.918584557086 2365.456220062398 2367.722306662954 2367.47384483518 2368.483202742576 2369.415089633055 2369.031539243933 2367.294720565083 2365.270917918314 2363.364840354391 2361.386135842398 2359.397279961486 2357.194922995748 2355.016274887619 2353.298121042899 2351.415175209126 2349.283821445641 2347.240334870267 2345.023093845951 2342.556256292929 2339.931089774353 2337.130864854118 2333.95460285579 2330.839379497872 2328.377419568802 2326.140480537639 2323.610515590883 2320.77647368995 2317.754575987367 2314.577552677717 2311.485605943272 2308.613515693212 2305.645903428536 2302.654586804967 2299.572832871126 2296.392571456553 2293.195741698215 2290.290997101776 2287.475489289226
2384.546574758908 2387.135691173105 2380.366633737265 2375.307423256364 2371.259622096731 2368.85579682203 2367.131202344721 2363.168249211274 2360.84889067009 2359.959404470269 2360.42291060323 2361.770285052232 2361.427907712435 2363.07919799111 2364.886498880119 2366.073255979478 2365.003556225981 2362.924669708567 2360.820074055462 2358.864449614594 2356.741948345363 2354.590931533392 2352.38981602579 2350.453637357487 2348.657912215078 2346.522391836454 2344.300408773297 2342.047774526563 2339.939415117573 2337.492815108808 2334.955553342774 2332.34070560761 2329.223540349142 2326.141756638591 2323.441411149291 2321.010017057732 2318.591052269844 2315.887450884653 2312.895813104499 2309.721499524705 2306.589703052522 2303.547046255409 2300.510172102915 2297.731620153377 2294.764689140412 2291.764596152756 2288.62605990367 2285.770887695048
2380.847783613693 2382.307838039496 2376.801953577235 2371.156610448704 2367.13706014497 2364.527626018814 2364.121826226226 2361.043098620001 2357.506508829295 2356.301199447666 2355.315201080292 2355.51679432771 2356.036581009101 2357.753446835631 2360.429726415175 2362.605333942886 2362.697070616943 2360.575501460093 2358.45354883779 2356.58407181854 2354.427409984381 2352.027953886943 2349.880491225326 2347.717679051922 2345.810258664622 2343.903347508803 2341.691339064787 2339.486566952273 2337.339241215658 2335.126288271654 2332.585374370905 2329.964865863837 2327.297044060395 2324.382153592504 2321.355510256598 2318.444650470758 2315.986424001874 2313.572945279042 2310.843374122554 2307.877144464493 2304.835938059305 2301.74482892506 2298.590853384223 2295.584256131876 2292.691311400551 2289.861780816296 2286.899063701291 2283.976268441237
2374.794223357064 2373.999482558023 2370.895492615305 2367.572161910302 2364.171318523075 2360.562710462374 2360.40078832525 2359.843725181856 2355.718881268856 2352.589966783057 2351.027906810391 2350.182736594029 2351.043156582816 2353.332379384514 2356.194821803472 2358.39239336501 2359.412169714473 2358.311117163804 2356.069999366826 2354.257071409264 2352.167935643207 2349.642196193716 2347.449895725013 2345.220248832352 2343.133594154319 2341.188747421944 2339.152591826303 2337.018178859504 2334.850830304903 2332.610777351278 2330.208431357657 2327.61464519683 2325.018006284259 2322.35314530379 2319.627532769177 2316.735246399533 2313.827377852117 2311.127420638992 2308.503440904457 2305.783957651508 2302.940078775789 2300.046799918044 2297.042758079873 2293.818029102442 2290.7190139948 2287.807466093886 2284.870924325604 2281.97268676453
2369.663061337428 2367.89867411473 2366.087338633492 2363.1670210168 2359.650992683092 2356.455973751009 2355.94869718268 2357.420965119452 2355.116209014357 2350.420215440286 2347.523745898613 2345.838742529648 2345.847823709421 2348.080323180903 2350.553752476239 2352.668945369846 2355.426223304991 2355.902345452093 2353.717791153298 2351.713135630313 2349.514450320988 2347.237184030065 2345.087174672251 2342.915184260384 2340.64801216558 2338.546062991649 2336.504259244857 2334.462540302933 2332.401170558486 2330.158994901195 2327.835429067282 2325.429990971717 2322.871881403031 2320.266973431765 2317.746508621346 2315.094335451668 2312.212360762107 2309.2815654903 2306.432914869927 2303.662548397982 2300.837994774192 2297.999088957734 2295.135628726282 2292.15954248164 2289.15340932249 2286.145066834703 2283.200497309383 2280.219742821528
2366.473364753248 2364.842992334245 2362.172878105 2359.20519669348 2355.527344636811 2352.09605123344 2351.244585970943 2352.906666632281 2353.866418799663 2350.351595751167 2344.850778107912 2341.945609750232 2341.188759466898 2342.634815853095 2344.940443337289 2347.499003558327 2351.652018133795 2353.214315156072 2351.322775877058 2349.272747070901 2347.132904813579 2344.81477853141 2342.582406402275 2340.525522610825 2338.291921233749 2336.090013950661 2334.050713288415 2332.017739738183 2329.943619553227 2327.733150468891 2325.477457440942 2323.191515868666 2320.770961493552 2318.210964800618 2315.702614772972 2313.12654519743 2310.534969507327 2307.79245104148 2304.872997655055 2301.949499010106 2298.996888940896 2296.09613210975 2293.210796223336 2290.349137661797 2287.508938498949 2284.637045989654 2281.688668521965 2278.683978366571
2364.186306820794 2361.199075434056 2358.635473392738 2356.792425311274 2353.8788359391 2349.743152813207 2347.380245946268 2347.919122114063 2350.26995009807 2348.682302394857 2343.028800490198 2338.329272243522 2336.904252638089 2337.700780315775 2339.697285435041 2343.072402084428 2348.737430825974 2351.014103830481 2349.007059316251 2346.797225752099 2344.860240875464 2342.722189490651 2340.316565018525 2338.064187628869 2335.852812873452 2333.605819320758 2331.606066336675 2329.623509347828 2327.524737411632 2325.368856459958 2323.086676004034 2320.864002126846 2318.553003321154 2316.056658286942 2313.646538640025 2311.199642822506 2308.710728603692 2306.077696822973 2303.280471754236 2300.434999390811 2297.51473400546 2294.623369794444 2291.787059450214 2288.836649447639 2285.831133384875 2282.950789459185 2280.093102927432 2277.188195992779
2363.736623009017 2359.746738377978 2356.655141059433 2352.380653519387 2351.338645155431 2347.305763138535 2343.224822244815 2342.856811710294 2345.20484479162 2344.488312547925 2340.430736578687 2335.270946067008 2333.278037688466 2333.422918464997 2334.74726196398 2339.280346622336 2346.073339194312 2348.448517781795 2346.494021644866 2344.279858898854 2342.466169908343 2340.640021647197 2338.435990034056 2335.921994271209 2333.496679793326 2331.197592633846 2329.083097732114 2327.090503097659 2325.149852997808 2323.081942828687 2320.822371133521 2318.620314795123 2316.336701132046 2313.941019523864 2311.55738423813 2309.194295602968 2306.787336711565 2304.260212201289 2301.591016061658 2298.835643470933 2296.036116930628 2293.218009002208 2290.407813087638 2287.548921051495 2284.608743847522 2281.620331791647 2278.632043832954 2275.68598000249
