AvaFrame/avaframe/data/avaGar/Inputs/DEMremeshed/avaGar_remeshedDEM5.00.asc
ncols 519
nrows 386
xllcenter 247323.24
yllcenter 350705.85
cellsize 5.00
noDataValue nan
[rows 315 to 335 of 386, columns 432 to 479 of 519]
1290.764766623384 1291.512622634028 1293.394733234024 1295.034036525172 1295.918237198771 1297.830586524294 1299.855577773245 1302.395201248911 1304.038263458066 1303.951984587383 1306.437459797308 1307.100576150477 1307.556357090403 1307.012574966473 1308.32301984262 1308.560007878058 1308.780115738602 1310.328333565637 1311.489967069353 1313.042742359703 1314.153308899946 1314.254515994343 1314.76704485222 1315.699043890297 1316.414052354657 1316.4583506875 1317.319760157164 1318.648384758359 1320.426936119893 1322.578347140785 1324.660055632072 1326.649154280796 1328.900510361673 1331.37480168861 1333.458625942203 1335.236774371283 1336.915485609504 1338.566174988537 1340.737197246328 1342.108541994594 1344.299755206807 1346.862978753829 1348.503088381567 1350.013560323328 1351.803576342732 1352.64716310712 1353.264640925429 1354.23787018272
1292.684317993032 1293.536747533793 1294.771142804957 1296.403582863957 1297.306717227628 1298.798535486529 1300.425276895837 1302.800268996728 1305.392142762376 1306.455933619282 1307.574974467572 1309.404372426558 1309.817629692828 1309.58713351787 1310.23658506327 1311.502042002876 1311.490263943276 1312.108789722802 1313.562514761162 1315.024573416303 1316.36163134401 1316.754944397185 1316.929370118295 1317.929533959316 1318.946469438098 1318.445872577948 1318.440349252067 1319.56415096059 1321.226821205802 1323.285646132225 1325.696437897132 1327.959536779952 1329.972235790387 1332.289489962249 1334.918792463525 1336.61384318953 1338.627698868498 1340.545770909238 1343.117270577902 1344.424272928414 1346.172552351774 1348.81547519421 1350.915273201884 1352.052626624807 1353.40525560233 1354.923645314452 1355.968165803729 1356.945220731637
1295.074273257135 1295.588890172185 1296.667741710507 1297.582730168656 1298.871541112687 1300.119369985436 1301.488086443734 1303.420306949022 1305.819467157144 1308.730584281759 1308.467548778242 1310.647691622081 1311.39411578251 1311.777206704252 1312.255446494196 1313.702633282391 1314.249879401966 1314.615763229653 1315.744469384743 1316.621491780845 1317.830728048172 1318.729893011139 1319.622097980166 1320.516390807045 1321.240462810697 1320.920747788053 1320.323506700551 1321.127218014468 1322.455220999566 1323.989345497188 1326.127618390975 1328.789488196053 1330.766808241586 1332.814954361626 1335.262264119339 1337.818604900932 1339.847723483501 1341.546847417582 1344.131697182017 1346.049049403598 1347.985664345712 1350.394313289495 1352.497622218093 1354.226246022403 1355.537984164685 1356.453901894656 1358.401238386083 1359.848225150638
1297.083234672941 1297.582105800945 1299.052137008276 1299.570541910213 1300.375557272302 1301.682712684326 1303.049486874959 1304.926162570583 1307.056486264907 1309.451250047647 1311.378250487697 1311.176990548424 1313.524291441578 1313.426978867852 1314.522029446422 1315.9339689906 1316.809783111886 1317.112242709336 1318.098192587248 1318.700329384204 1319.555847625566 1320.860760546693 1321.66706521731 1323.075848497354 1323.697159497186 1323.441296137421 1322.53449944086 1323.12396738915 1324.308773630505 1325.330947473432 1327.202213274047 1329.478190284084 1331.765792405981 1333.975324188916 1336.326881696652 1338.733000880436 1340.870558987429 1342.6236758814 1344.746498994064 1346.971611314296 1348.997227403436 1351.632588423459 1354.051722439268 1356.004019458705 1357.651473427601 1358.699803518414 1360.074417167267 1362.264794045836
1298.442870184184 1299.838209739355 1300.735627714315 1301.667649803758 1302.056582169304 1303.545002368395 1304.646611151946 1306.155305974176 1308.315462271599 1310.473546229817 1312.789104262459 1314.032089997876 1313.87660750104 1316.220391449116 1316.593194857559 1317.531230971542 1318.889905061247 1320.16019680025 1320.483941952286 1321.041025478117 1321.674131856209 1322.897866694446 1323.697413683875 1324.787336007694 1325.839533554842 1326.107373260041 1324.94198987481 1324.728888851773 1325.80731287813 1326.986281288152 1328.498537967763 1330.319870625819 1332.514933905218 1334.795900554487 1337.094870833552 1339.06306272749 1341.155210435413 1343.536280005657 1345.897018100909 1347.667564715671 1349.668820717445 1352.145887723392 1354.474312589231 1357.084459657662 1359.422183721548 1360.921310908019 1362.242648640527 1364.4424507949
1299.454757789381 1301.519386070735 1302.579466132904 1303.475227302391 1304.174392957968 1305.599695069418 1306.676594244831 1307.823564684863 1309.419932411772 1311.595012000202 1313.815041823329 1315.753196996054 1316.099794853372 1317.126107035209 1318.687870999023 1319.74545093822 1320.283288005915 1321.508495656193 1323.237622933564 1323.600830713722 1324.220256009608 1325.503231895265 1326.115962041013 1326.646431167065 1327.784180880787 1328.201262485858 1327.401006430376 1326.243248881959 1327.070636945154 1328.299282508992 1329.741705429854 1331.410313119767 1333.428806190444 1335.212589616405 1337.740202058524 1340.061551459777 1342.076789023095 1344.214033955686 1346.427785074687 1348.948033486199 1351.21827731853 1353.611676744549 1355.749290151389 1357.384458427283 1360.21569726181 1362.716839205323 1364.578379873862 1366.118032750373
1301.124424005219 1302.578370375174 1304.590129765894 1305.49282525533 1306.360340333095 1307.450871494038 1308.544774416007 1309.784143765916 1311.036701027196 1312.729128990683 1314.853547806211 1317.071801409139 1318.354745174007 1318.378684275897 1320.392123007434 1322.009279963973 1322.776123040872 1323.562987173773 1325.215520229994 1326.450642665422 1327.383829688742 1327.769166914582 1328.677413730536 1329.153465102489 1329.882713670298 1330.190119532377 1329.812168981081 1328.241236175662 1328.222422950915 1329.409937283999 1330.92397256631 1332.285501571828 1334.417155900251 1336.390986717186 1338.440431530621 1340.864781095133 1342.852166640124 1345.027672026857 1347.523492223888 1350.158821671725 1352.731173275969 1355.348286236278 1357.37279214219 1359.573135169907 1361.180550871346 1363.325390609092 1365.956020198021 1368.328086561388
1302.660352195522 1304.301444584361 1305.712626173458 1307.438452014786 1308.684460711113 1309.567888271011 1310.515078927912 1311.704181031604 1312.730416623885 1314.111674112169 1316.104696541033 1317.786712951687 1320.057281227678 1321.055635935599 1320.864584734321 1324.188824186223 1325.069209556024 1326.332374376196 1327.139148948247 1328.699861915797 1330.046033826574 1330.496955200329 1331.174967538156 1331.849865107276 1332.101326309436 1332.232255800837 1332.022813533629 1330.616202625762 1329.967175138901 1330.408074052815 1331.641419375582 1333.057746584554 1335.200569179462 1337.633094385021 1339.552706179193 1341.757106399774 1343.686938764098 1345.661642588484 1348.062306650371 1350.579466386279 1353.300082988123 1356.122035732417 1358.633025619807 1361.294431947113 1363.513125609931 1365.024760880463 1366.37640431721 1369.50579560582
1303.566052266359 1305.560442728074 1306.888635893464 1308.532868148736 1309.936501855946 1311.489904077088 1312.761543759776 1313.853896219125 1314.851822397085 1315.918414185772 1317.300113155352 1318.65274652296 1320.836871329525 1322.733766963384 1323.662975000565 1324.448437249641 1327.259656049632 1328.664327624328 1330.242806258959 1330.955496513693 1331.839605734825 1333.067547923574 1334.081135415442 1334.756415684291 1334.719743169372 1334.451582604471 1334.234419518849 1333.57666522093 1332.393736510969 1332.443434512363 1333.602588083509 1334.591630047097 1336.189629297235 1338.302189214223 1340.436434008379 1342.41201336237 1344.383947040055 1346.675749489672 1348.769800564722 1350.778646578073 1353.685961564192 1356.86392475228 1359.647219454468 1362.333517981028 1365.096300223981 1367.325764634167 1368.994169264916 1370.347200012037
1305.339177164871 1306.713946997005 1308.12991241057 1309.508667569542 1311.027712216673 1312.870904125141 1314.348277984426 1315.925276428694 1317.032011582453 1317.882712566131 1318.880686915995 1320.140553109394 1321.713500606272 1323.662563668433 1325.468721791312 1325.461137405737 1328.025241056564 1330.378705618182 1332.119978900229 1333.373754582101 1334.33926037424 1335.445852913413 1336.69996656444 1337.324243929808 1337.469304426025 1336.982884111716 1336.6075926143 1335.883881497325 1334.829058892718 1335.072181106093 1336.053250779676 1336.984400888757 1337.776804388523 1339.527760406113 1341.689653421444 1343.406191429106 1345.365252517277 1347.539664345499 1349.953659086048 1351.57207066522 1354.348223460951 1357.095660715994 1359.726254650921 1362.823770262611 1365.911112159888 1368.882831625288 1371.262180748628 1372.905124229344
1307.792838666775 1308.70488545244 1309.689579435472 1311.034950101638 1312.628884502835 1314.190451460118 1315.682328056712 1317.45737320851 1318.945531170996 1319.753953161127 1320.393820641502 1321.63971436553 1322.745446777056 1324.456633751768 1326.913812451289 1328.165893501581 1328.054584708397 1330.864006014921 1333.740249699787 1335.178198459674 1336.644705232334 1338.031394118259 1338.929079712147 1339.745123895886 1340.251308329773 1339.660563518203 1338.966346138804 1338.382556910078 1337.549334271533 1337.128364639308 1337.956882842827 1339.658282213036 1340.764240390581 1341.700069063058 1343.134742681661 1344.389054622792 1346.325267636947 1348.433048799739 1350.551820824721 1352.491955055231 1354.526595336243 1356.934859723302 1359.711121281025 1362.748441738889 1365.529926759877 1368.445689715147 1371.274529324601 1373.695149798616
1309.932077746302 1310.714945741666 1311.789150203436 1312.914887053573 1314.177601949263 1315.625653239414 1317.113902004208 1318.715305131432 1320.589052684308 1321.53170210179 1322.098885931375 1323.297031146078 1324.688633393523 1325.807599070811 1327.624253257211 1329.783602206101 1330.924496877764 1331.350687800926 1333.801879648009 1336.853630734349 1338.293762166679 1339.407491808102 1340.835308323737 1341.993583802804 1342.529023175053 1342.338571203957 1341.59259648228 1340.935237504578 1340.147805973265 1339.805824666128 1340.374117020112 1342.029627116891 1343.639267896485 1344.211525068798 1344.845760675166 1345.768655205169 1347.586578022508 1349.509234943309 1351.59812845948 1353.806382697463 1355.734104788518 1357.618392848456 1360.168366698741 1362.850299122365 1365.444007005681 1368.32726056064 1371.09697942127 1373.580461799311
1311.085026917159 1312.409760972085 1313.485120491333 1314.630607630692 1315.935355882295 1317.171623004226 1318.564971646002 1320.045316771176 1322.017794600669 1323.352490588148 1324.157196706992 1325.164451476334 1326.656871465302 1327.239773817676 1328.524890193555 1330.40716213193 1332.465703495755 1333.9323508203 1334.947122853948 1336.845687632771 1339.315030972714 1341.250975238997 1342.656038718885 1343.900965285268 1344.6016096719 1344.869720829925 1344.326793878962 1343.478441480535 1342.723269180935 1342.633443895889 1342.97175596025 1344.131684212229 1345.823050632048 1347.074528341411 1347.735316321087 1348.508158136279 1349.717692525305 1351.418749485644 1353.169762296482 1354.801360926976 1357.091807987732 1359.464629942569 1361.359723488299 1363.476197541998 1366.159872455064 1369.078284341356 1371.747234764065 1373.959933593473
1312.643034057781 1313.952616318735 1315.238654505378 1316.433914912264 1317.49103467968 1318.783762461011 1320.259554619618 1321.446557725954 1323.235146355408 1325.028237858828 1325.998245048959 1326.83780794852 1328.17769757269 1329.125469875188 1330.03944444132 1331.211823246718 1332.881362126321 1335.192364886515 1337.442669073263 1338.736216658946 1339.95505930324 1342.485946279801 1344.538174386262 1345.778997886904 1346.732834855658 1347.457058610855 1347.303433488064 1346.382903211965 1345.532687707735 1345.182368484486 1345.552278914542 1346.643199561302 1348.053469991254 1349.7228035342 1350.775531975792 1351.338348675971 1352.126210846776 1353.517236589999 1355.134791571001 1356.766078495617 1358.576357611229 1360.736099479503 1362.669693379934 1364.705875588989 1367.118033487027 1369.494592493166 1372.241091486179 1383.345511477158
1314.481845644215 1315.620186862757 1316.893702987198 1318.209088793953 1319.291711852973 1320.412681785982 1321.763762043903 1323.285603253211 1324.859632502345 1326.670672795679 1327.776977738648 1328.470073121072 1329.563132959117 1330.93599354578 1331.843591071719 1332.571046042266 1333.87262684449 1336.056459368989 1338.429410362642 1340.43987535261 1341.712169789846 1343.044717621588 1345.394901053527 1347.451518721736 1348.742153693425 1349.775401469985 1350.090760847293 1349.287374006084 1348.538872477137 1348.205291593486 1348.525251541348 1349.455549316059 1350.499291366075 1351.786725282262 1353.252473986678 1354.24620900218 1354.906613933551 1355.850398014871 1357.48453790273 1359.202176494929 1360.696801920514 1362.172100846412 1364.094296325965 1366.372766607511 1368.623617286934 1370.813696339634 1373.0224709136 nan
1316.001738394417 1317.240098606582 1318.394223559391 1319.772261229671 1321.330178688316 1322.274354486213 1323.313584283174 1324.878116184974 1326.583055691678 1328.117704049168 1329.453651798073 1330.533454587108 1331.421790724188 1332.468806569267 1333.58283255787 1334.201198671472 1335.122790246314 1336.927701417042 1339.001659828568 1341.411611029857 1343.817092095995 1344.901641659844 1345.731038107471 1348.218702261992 1350.648613095794 1351.989396706837 1352.664647446407 1352.470282997047 1351.717556092266 1351.32911677349 1351.378288876417 1351.943454447266 1352.945453112679 1354.048003280222 1355.6115406278 1357.080069775481 1357.788463646992 1358.467904905762 1359.803784435989 1361.537829369788 1363.143735235852 1364.730483783977 1366.088031520226 1367.907911541396 1370.552902167946 1373.397807032224 1383.301785815895 nan
1317.105226854412 1318.596936844095 1319.868796102739 1321.299975112617 1322.714865038284 1323.637105564459 1324.743505128922 1326.353172360859 1327.987371157333 1329.579624039817 1331.159019774369 1332.572499333797 1333.5949435785 1334.6524661989 1335.463595741481 1336.095265896618 1336.987176242155 1338.299218564422 1340.328989326194 1342.47596290157 1344.857468093594 1347.146094343974 1347.739697752535 1348.463288144959 1351.218485773914 1353.820029853017 1355.330534765291 1355.420215976118 1354.833697149555 1354.416158449652 1354.231628663977 1354.469474144032 1355.434033226501 1356.638274807827 1357.954268951639 1359.488990616161 1360.635022780154 1361.621163294564 1362.6497316061 1363.767538762999 1365.418065525836 1367.188937733273 1368.76788125912 1370.492332791341 1372.555295513505 1374.918271969281 nan nan
1318.336579738773 1320.179609941593 1321.523364000617 1322.876633937713 1324.127782498081 1325.064472132566 1326.222783049147 1327.813356149496 1329.43104661721 1331.134114957082 1332.800625881631 1334.580298337595 1335.765419039698 1336.72649643864 1337.684725372297 1337.993277053021 1338.608256391935 1339.872920661166 1341.626828172115 1343.739378735113 1345.941351382781 1348.249848520012 1350.136804213789 1350.655007178463 1351.773007070274 1354.570726393191 1357.499259808193 1358.439913671637 1357.994108140053 1357.588433741769 1357.348972640023 1357.469010562026 1358.135715754421 1359.0854296619 1360.319781345999 1362.022399589161 1363.45250602917 1364.445734871996 1365.297504372396 1366.1401098181 1367.732118301231 1369.749832805416 1371.270292346266 1372.680721722934 1374.494203974182 1383.979805850183 nan nan
1319.559410492717 1321.492619563926 1323.294977219826 1324.361502282259 1325.709118824029 1327.030063335297 1327.943000430207 1329.401075093681 1331.243502686774 1332.872373839438 1334.403740941291 1336.04707697098 1337.288062361638 1338.55007300841 1339.457200445973 1339.918964617521 1340.751690418119 1341.880200455955 1343.391517165215 1345.191225282865 1347.253864033904 1349.371676047078 1351.97629867456 1353.768604189334 1354.1971880311 1355.348178492006 1358.279470447039 1361.069987393397 1361.306158105291 1360.596768225179 1360.207510593648 1360.390322517294 1361.089075463264 1361.829161755539 1362.920178399134 1364.361026588121 1365.801120024181 1367.047862998127 1368.100408349196 1369.230398092556 1370.551400779456 1372.328066916406 1373.906528685528 1375.096886861095 1376.7148572567 nan nan nan
1321.162596942555 1322.682155114247 1324.494156390674 1326.052905794045 1327.425103268336 1328.859425909973 1329.941186445272 1331.207711701122 1332.845210642476 1334.482386594707 1335.950465527485 1337.340602677082 1338.892610730629 1340.4184648236 1341.545244127597 1342.382595296587 1343.245632456846 1344.122782593855 1345.389128799352 1346.981331598832 1348.876451495365 1350.736046180902 1352.956627112424 1355.710279340838 1356.613002096226 1357.176726519555 1358.826782528958 1361.556511134539 1363.799450090906 1363.919398668603 1363.36738092254 1363.233170660637 1363.829483345804 1364.646710257131 1365.738385908789 1366.772743368482 1368.10747559893 1369.5583346827 1371.048675129872 1372.365661808445 1373.542963379263 1375.016939247971 1376.424321513952 1377.869746342798 1393.657401880719 nan nan nan
1322.701905872673 1323.634645389903 1325.336682585727 1327.531979513338 1329.308218669242 1330.774878813849 1331.892878944717 1332.912971422439 1334.30420796455 1336.008943732917 1337.531183982596 1339.259500057073 1340.868115186279 1342.02302416139 1343.463887895264 1344.573296446559 1345.575220854948 1346.711229739612 1347.903727798979 1349.115951131933 1350.638865157568 1352.286730728402 1354.187466396123 1356.716330263747 1359.006349469575 1359.557238652806 1360.294543496575 1361.976379115583 1364.881499961769 1366.75576062373 1366.807395959597 1366.510598336541 1366.669301169659 1367.359205136014 1368.367663258318 1369.335154101502 1370.598524297687 1372.009563770632 1373.530923960395 1375.202327443052 1376.459754262619 1377.679697467579 1379.159360455048 1380.791189835809 nan nan nan nan
