AvaFrame/avaframe/data/avaGar/Inputs/DEMremeshed/avaGar_remeshedDEM5.00.asc
ncols 519
nrows 386
xllcenter 247323.24
yllcenter 350705.85
cellsize 5.00
noDataValue nan
[rows 336 to 356 of 386, columns 336 to 383 of 519]
1248.170811181903 1248.052896479239 1247.966708531563 1247.904206161243 1247.825795548741 1247.765396418871 1247.747231966224 1247.820610621666 1247.733590379182 1246.598130762172 1246.265474962443 1246.434112798533 1247.620482052374 1247.60719423879 1247.534556473797 1247.534745000014 1247.557248580431 1247.708005044598 1247.806120553556 1248.018372936088 1248.216422512191 1248.247832230898 1248.556644103527 1249.903062561049 1250.017426002664 1250.203152294829 1250.640331484951 1251.385011846941 1251.675189263243 1251.961181966968 1252.206223924771 1252.548215695497 1252.974793719649 1253.211727761613 1253.107327593808 1252.5540504186 1252.651624372499 1252.796250509638 1253.012293731432 1253.645217650668 1253.8793185409 1253.947659179903 1254.726005528882 1255.674010404335 1255.951008211703 1255.470142506731 1255.349107888905 1255.858313104467
1248.082865681567 1247.986073585889 1247.922190740072 1247.86541774887 1247.765725128847 1247.709516578331 1247.684174099155 1247.692695378392 1247.731544762277 1247.016065938624 1246.387686048854 1246.45568762418 1247.730208219767 1247.637993434763 1247.57520631602 1247.581204765582 1247.593833213319 1247.750482039714 1248.019225811948 1248.698609781205 1249.165726752489 1248.872731043471 1249.216579066239 1250.431730531014 1250.50556634185 1250.704125833192 1251.080033498257 1251.891335614614 1252.26989017595 1252.698717399838 1253.101083877356 1253.546186600185 1253.605185731562 1253.778363517646 1254.094546068855 1253.790256764391 1253.282217199028 1253.731314741935 1253.989869612206 1254.334012297026 1254.887352697142 1255.131839461742 1255.726786841001 1256.609006160922 1257.029417489538 1256.858770361079 1256.656988076678 1256.93837616489
1248.064954875143 1247.961190943673 1247.926370326053 1247.855701759327 1247.762976673398 1247.648632293903 1247.606450641746 1247.60924058666 1247.738626584288 1247.588563245654 1246.43435389436 1246.470206974625 1247.50884223041 1247.711819851281 1247.637523616769 1247.659591369629 1247.74103198419 1247.871148822774 1248.23217025802 1248.915835153389 1249.620802668337 1249.606892281153 1249.900190266955 1250.43867747651 1250.971348088531 1251.298001648078 1252.168952563745 1252.641628300858 1252.897014547761 1253.213801376002 1253.87067937663 1254.478553802332 1254.414463623803 1254.856334687855 1255.181605785947 1254.762979860764 1255.116566956728 1255.426154182282 1255.372567885781 1255.369740154058 1255.85532971094 1256.254595844864 1257.001676298913 1257.629834529906 1258.052708789731 1258.081298770624 1257.885257782148 1258.191443490653
1248.054071790526 1247.995106211998 1247.918428118637 1247.850969945456 1247.755223427406 1247.66750342285 1247.579863603095 1247.587219461672 1247.749018960535 1247.657274554099 1246.440866965344 1246.584122428585 1247.982156970606 1247.716624797193 1247.683691113145 1247.683674695868 1247.907059875976 1247.926061849542 1248.557318768326 1249.023188548701 1249.597712385446 1250.132100594452 1250.700635523002 1251.550510268091 1251.817869455902 1251.809931864467 1252.247613087478 1253.208202826601 1253.566999136 1253.911881184737 1254.64619207024 1255.293296903407 1255.20282856616 1255.53589812819 1256.033668512322 1255.862353508059 1255.989950884451 1255.930836149387 1256.419998236326 1256.894824234512 1257.40848963868 1257.968668181327 1258.551000189954 1259.005788968975 1259.373851856546 1259.426835577911 1259.624001406468 1260.300965908983
1248.045305550983 1248.00830753089 1247.931352022943 1247.849320879792 1247.73277516236 1247.665308434184 1247.567890170776 1247.545873714025 1247.686975185943 1247.699363883224 1246.443308099403 1246.621584005626 1247.723517489227 1247.705668183943 1247.669962382476 1247.72557310322 1247.817158290186 1247.858046922304 1248.523959507887 1249.267529600907 1250.051533932051 1250.657981042115 1251.975079817442 1252.75045619354 1252.631959579767 1252.416192627976 1252.473363088989 1253.363593791927 1254.128399177083 1254.586311708348 1255.394335252147 1255.927735919885 1255.989443966303 1256.101092551786 1256.943676372335 1257.051595868641 1256.947281333928 1257.384526835752 1257.479038010882 1258.103009242897 1258.607794422133 1258.562397991466 1259.184395113321 1259.544378363873 1259.952269688046 1260.455222780072 1261.05361686809 1261.714559906402
1248.065210269472 1248.019801372801 1247.945376999524 1247.861319559402 1247.758065772384 1247.668521064612 1247.606572981946 1247.539007258105 1247.668217167422 1247.707221413575 1246.537315179614 1246.549403675779 1246.951238152086 1247.798463202963 1247.723546703092 1247.886262075821 1247.715447670663 1247.795375013835 1248.532427314979 1249.629255811443 1250.435662532723 1251.034291085332 1252.253526928634 1253.23705184414 1253.167287344938 1253.03988210624 1253.011764273319 1253.414058820444 1254.570640542258 1255.390333314747 1256.285986918044 1256.847974306961 1256.964484348322 1257.314353103898 1258.196255602265 1258.011803242357 1258.376800244946 1258.863037234141 1258.717266396733 1259.449304078523 1259.870686851843 1260.089110104752 1260.664856946041 1261.268304624587 1261.520631330989 1262.006573370887 1262.265578184797 1262.754886995118
1248.074806002961 1248.038651380772 1247.980672717887 1247.885448975078 1247.787047988123 1247.696374423162 1247.617777269031 1247.548044723753 1247.617989182372 1247.841328688813 1247.61660625045 1246.485726851704 1246.794274615539 1248.013790929845 1247.748467066923 1247.804864805763 1247.83404255089 1247.735741355414 1248.242232955209 1249.75584839614 1250.651490891233 1251.264103555945 1251.983332450997 1253.524965040769 1253.699886169291 1253.610029476702 1253.892858843487 1254.440109900592 1255.03945688794 1255.734007904799 1256.724436992773 1257.755976350271 1257.937532756586 1258.295493656407 1259.1768989805 1259.301123600179 1259.181721786632 1260.197296713638 1260.08664029364 1260.782611165535 1261.180512019647 1261.58896043514 1262.171295033359 1262.918160794189 1263.369401807725 1263.549696420179 1263.73500534547 1264.30585367466
1248.1024015877 1248.077814989932 1248.045209934491 1247.968285941063 1247.873034168319 1247.775273658868 1247.674014675237 1247.615482166271 1247.591455836656 1247.821394487307 1247.761281252972 1246.528546781126 1246.831883829121 1247.772191736937 1247.9147250358 1247.854130485351 1248.011996029104 1247.981481808335 1248.270965212876 1249.828950165104 1250.800675028947 1252.029169003055 1252.325790837119 1253.459254761736 1254.251241148081 1254.19107000262 1254.710361452175 1255.353046121319 1255.713574919405 1256.368962625866 1256.98155840266 1257.978121843855 1258.710094087143 1259.153971981886 1260.304350030094 1260.572293445692 1261.173332702224 1261.398800003919 1262.094454726678 1262.268208863236 1262.358197302916 1262.701566573461 1263.510942763701 1264.30234476505 1264.800870796976 1265.160967596639 1265.245211028105 1266.004499047294
1248.174354845366 1248.17226529973 1248.147102288397 1248.094638778968 1248.060732974513 1247.973168554524 1247.829584494572 1247.797964646237 1247.66345118095 1247.819775797114 1247.820839685315 1246.538049896006 1246.797182971701 1247.33572044964 1248.110040084775 1247.920811032142 1248.645071369298 1249.346766098717 1249.836815250276 1250.856366858591 1251.56591353724 1252.829605270594 1252.563616567178 1253.524955066131 1254.930855295069 1254.764682534283 1255.241880860321 1255.632477671778 1256.446073988854 1256.81563192732 1257.37857241309 1258.478021234865 1259.776831998798 1259.90046086336 1260.753714910173 1261.512830762005 1262.484225913036 1262.896697199913 1263.639006674288 1263.861060053292 1263.691419970982 1264.127104366343 1264.920840844662 1265.712881477998 1266.335435826543 1266.766874420709 1267.032888885963 1267.711647767065
1248.312444302403 1248.272686170283 1248.246783231986 1248.203737594238 1248.158502579958 1248.090280940108 1247.977918186705 1248.015300501306 1247.856250928345 1247.723682964641 1247.887865992088 1247.065060898356 1246.684612188162 1247.047457002889 1248.232931287857 1248.221218055607 1249.634594890701 1250.809407267392 1251.518862596504 1252.061131594952 1252.644080532399 1253.273492566376 1253.14142676681 1254.200907987735 1255.694110503333 1255.324602945587 1255.784395804381 1256.344232352297 1257.106298467392 1257.749046862913 1258.468977931219 1259.502031478913 1260.698897323548 1260.883683067819 1261.420132599988 1262.465960561052 1263.22591427113 1264.163957947038 1264.404969461919 1265.044838281533 1265.40648119727 1265.394390118466 1266.34663876328 1267.133111291097 1267.831401644272 1268.07863372402 1268.531887723113 1269.308642182336
1248.345209860936 1248.254574470034 1248.225734414238 1248.211941411546 1248.165306505346 1248.097757914264 1248.03047041001 1248.164164304486 1248.031347698702 1247.701014537816 1248.006981182315 1247.768699812554 1246.652739726784 1246.997651008331 1248.012988924638 1248.907778157551 1250.677333660187 1251.159361521321 1252.183315564607 1252.839080163832 1253.5148401845 1254.034515910329 1254.415709893576 1255.669599629558 1256.077526504815 1255.739346487651 1256.579084630454 1257.103852222331 1257.961429120267 1258.677128937568 1259.652209534157 1260.570783173283 1261.633684084583 1261.834313215451 1262.685777998224 1263.444730515357 1264.187362663863 1265.205147398411 1266.310541204859 1266.529299312988 1267.076825344917 1267.086822898126 1268.013585818628 1268.566231241767 1269.200409655502 1269.376583045335 1269.603656025398 1270.852625189559
1248.306461719752 1248.231659145084 1248.221928752411 1248.212674056094 1248.183571399391 1248.12478446626 1248.093524921796 1248.2224739116 1248.135751331474 1247.824138201881 1248.017595823815 1248.024323658276 1246.921318612292 1246.841533337227 1247.359091361604 1249.434206656917 1251.60654405049 1251.842459517549 1252.647664461574 1253.422261243905 1254.296630408515 1255.088182102986 1255.754093074423 1256.818289736406 1256.53315937416 1256.571851045002 1257.302143556374 1257.777535525504 1258.699347621057 1259.745293381571 1260.321681026951 1261.462990376438 1262.705596445894 1263.357183042524 1263.903517573346 1264.918388024608 1265.625994944507 1266.861270820543 1267.520452963616 1268.65429836778 1269.489877927714 1269.37422071556 1269.991037710921 1269.933370725893 1270.492816047918 1270.815564425049 1271.102202215453 1272.263704148702
1248.362350930803 1248.230861180811 1248.228704718651 1248.225622827559 1248.219628187102 1248.17882418997 1248.130329345678 1248.195098540833 1248.226385051316 1247.964066313406 1247.933884820218 1248.33539731275 1247.782484438936 1246.760605651303 1247.187591191598 1248.766928648964 1251.296494892593 1252.532314966617 1253.103543132713 1253.948952648349 1254.67101908937 1255.668311583365 1256.690894674834 1257.353653130976 1257.247317724267 1258.114192018797 1258.664577267132 1258.874713033221 1259.775714343164 1260.837233626976 1261.042757742311 1262.106409122772 1263.137651564929 1264.097983306454 1265.047648453416 1266.394722016453 1267.205219762694 1268.162917333201 1268.918194360597 1269.666178407546 1270.615359279664 1271.800645927273 1271.785073569248 1271.515357398856 1272.027632025698 1272.572806818099 1273.014004811721 1273.72468922801
1248.525729738657 1248.269459012523 1248.23229692575 1248.265036636223 1248.262402373364 1248.237515835866 1248.158022658252 1248.147502238492 1248.270389823175 1248.123295592532 1247.976967541491 1248.269665347109 1248.090149926031 1247.094851414656 1247.022925343903 1247.64922384588 1250.008499453081 1252.592970094767 1253.469347586803 1254.488885342562 1255.054532385059 1256.015458611578 1257.255764732346 1258.024917068303 1258.116632573192 1259.332806113265 1260.142570135417 1260.512403908776 1260.673213297325 1261.388869721253 1262.171671405935 1262.943651363313 1264.197543012176 1265.068923776632 1266.065583256549 1267.051988901494 1268.292632048503 1269.166936263217 1270.104366979878 1270.705134553523 1272.236407095944 1272.936633626986 1273.415691490375 1272.958709855885 1273.404024309738 1273.927594870197 1274.652991546082 1275.273624789213
1248.765745905822 1248.390288655612 1248.276724309314 1248.300751556551 1248.314901259071 1248.283796154325 1248.240963637477 1248.192403021376 1248.244996351698 1248.2001556853 1248.052882029309 1248.242480059516 1248.472951653053 1247.728168148977 1246.958234018342 1247.329619965617 1248.954422576572 1252.032860946533 1253.847385281199 1254.96767317958 1255.646313294948 1256.611367909736 1257.851876006455 1258.856059887639 1259.412529287191 1260.253930159142 1261.040863088193 1261.845295259943 1262.279533136635 1262.482812740478 1262.849562119744 1263.784690370628 1264.805568061556 1265.917398836668 1267.272870130746 1268.51711713332 1269.436722591665 1270.302765553482 1271.869924239599 1272.320767904508 1273.319741461722 1274.400015135423 1275.135248263157 1274.928275437997 1274.629083247922 1275.293336154781 1276.294925678902 1277.224308074472
1248.98170100602 1248.557702808893 1248.352930487342 1248.325128725606 1248.357662393356 1248.344913574056 1248.282152231105 1248.22447054214 1248.260787640643 1248.284103181553 1248.143742816991 1248.267442743142 1248.626377154998 1247.964264930412 1246.990147286308 1247.226413277176 1248.253233289722 1251.038581469342 1253.536796338641 1254.605401888471 1255.762453317462 1256.981081898249 1258.266554608694 1259.487923604085 1260.318756390285 1261.108098123507 1262.143024666714 1262.910287638356 1263.682878523802 1264.029505526621 1264.300545199262 1265.35009119255 1266.176288136652 1266.782338940422 1268.167064169212 1269.158663074795 1270.568919059729 1272.077595722466 1273.132090350022 1273.986688008624 1274.771692018533 1275.824730653992 1276.742759822466 1276.968297692445 1276.416699405936 1276.950576673772 1277.979478473288 1278.897113076081
1249.139998430966 1248.788077409555 1248.501586161278 1248.371939639396 1248.384392009282 1248.376651168528 1248.341542341139 1248.281399621148 1248.275521714204 1248.314856745273 1248.234885638161 1248.233378551987 1248.542942769226 1248.457914895192 1247.630253184563 1247.194836984759 1247.87281412491 1250.187415246744 1252.999482855074 1254.760454835785 1255.975998867141 1257.436033833632 1258.846337134692 1259.940928488173 1260.904340935329 1262.004267159456 1262.834220403785 1263.713142087645 1264.727640731737 1265.549315367853 1265.967914731501 1267.136616359046 1267.824071793485 1268.194490080561 1269.379194670192 1270.522132164823 1271.343596209192 1272.758093571667 1274.706565791022 1275.783863207168 1276.439216175628 1277.131581131616 1278.637006806044 1278.988706522255 1278.775988885924 1278.775948942093 1279.587045077597 1280.30735657774
1249.244948525292 1248.998749471702 1248.689608351026 1248.491976115267 1248.450539608699 1248.460639366095 1248.404010376009 1248.327301958316 1248.302986301248 1248.352799696701 1248.350896009396 1248.234122936336 1248.491356837937 1248.69676859131 1247.95842568816 1247.269179943523 1247.497449994941 1249.010821152942 1252.318976992436 1254.880198318512 1256.435606481095 1257.985928654299 1259.526334665753 1260.432223063684 1261.556489020319 1262.672395409701 1263.419479988915 1264.724884811673 1265.709899466948 1266.582389918233 1267.603562845537 1268.497276251145 1269.718600515445 1270.017495730815 1270.795666088406 1272.161154510517 1272.929503345073 1273.964513299424 1275.43394445069 1277.154136541391 1277.986728806586 1278.855286494956 1280.014582044297 1280.653696497363 1280.754861189747 1280.783150793428 1281.234182550648 1281.978278699826
1249.273225181194 1249.168307588806 1248.914047754074 1248.688965939038 1248.558283842803 1248.551697818313 1248.481653208008 1248.366293644531 1248.363412426947 1248.422031928124 1248.426536751012 1248.326070461299 1248.497919923081 1248.757044791366 1248.098594651618 1247.378792713245 1247.39903452233 1248.411827142297 1251.23014410364 1254.556238288669 1256.848814952689 1258.27351731959 1259.78186568817 1260.940319703258 1262.025261647861 1263.620486115371 1264.690033435947 1265.494543079007 1266.548359723869 1267.413430387989 1268.473391984076 1269.989580428634 1271.142068350597 1272.016613977454 1272.689194024938 1273.577359910281 1274.564107482842 1275.651105369622 1276.730889809947 1277.958872149653 1279.549879567637 1280.569221735445 1281.400055994718 1282.164539863021 1282.806391376547 1283.196345787474 1283.321431055802 1283.824107967152
1249.346545368355 1249.278255905631 1249.163524334434 1248.919106202594 1248.691871695739 1248.603381482075 1248.525791859204 1248.446334683817 1248.443818807868 1248.517272400517 1248.513802853259 1248.393686329937 1248.50266495822 1248.80019262761 1248.703716250636 1247.891909797432 1247.403088939261 1248.106576731103 1250.348535695216 1253.844387220582 1257.152581980237 1258.805920252406 1260.130973277546 1261.331889993336 1262.42693963886 1264.408980831625 1265.679260032658 1266.341882827882 1267.209872176768 1268.31251402641 1269.570345288661 1271.265277723641 1272.497796276142 1273.371470182439 1274.423728454732 1275.505008837571 1276.283022282566 1277.26554930069 1278.287703631051 1279.004768387161 1280.379091497217 1281.947243979959 1283.106391825412 1283.73448326779 1284.494175328666 1285.241432155097 1285.711269361148 1286.015367044325
1249.576039189716 1249.423287547785 1249.343412582578 1249.093030034192 1248.783027646554 1248.638142642412 1248.577543621558 1248.537546035172 1248.545992771004 1248.580821814077 1248.531222750293 1248.39030427752 1248.444467608569 1248.843031422464 1248.953241851281 1248.0286538505 1247.396557948982 1247.769955693011 1249.389767806577 1252.99464113796 1257.061749664435 1259.331188774187 1260.808975912665 1261.847336744044 1263.067873167946 1264.920547640489 1266.078482958627 1267.047527061202 1268.158590028047 1269.217853954197 1270.511553904142 1271.534085988743 1272.483984934023 1273.989874694398 1275.72552540236 1277.090481720179 1277.907993263325 1278.817474396344 1279.848436853613 1280.535790471545 1281.526215637837 1282.689395043509 1283.883514065972 1285.123343363679 1285.837145166633 1286.54881980832 1287.70308951568 1288.570113811836
