AvaFrame/avaframe/data/avaKot/Inputs/DEMremeshed/avaKot_remeshedDEM5.00.asc
ncols 352
nrows 499
xllcenter 176965.93
yllcenter 376273.97
cellsize 5.00
noDataValue nan
[rows 378 to 398 of 499, columns 230 to 275 of 352]
1713.55568826199 1708.217219876615 1703.660804396933 1698.554338387215 1692.709204706876 1686.949911717573 1681.572641331829 1676.205513171996 1671.284317954346 1665.822979090435 1660.047377310232 1654.730926765497 1649.288712000419 1644.345422652673 1639.372747626452 1634.896366608819 1630.133473396141 1625.662337785548 1621.558549066202 1617.128528934477 1613.083098881833 1608.715180053543 1603.323702041594 1597.097944161033 1592.170111524125 1588.027953026416 1584.812853749449 nan nan nan nan nan nan nan nan nan nan nan nan nan nan nan nan nan nan nan
1710.938666222644 1705.943835531203 1701.692895612147 1696.846271632518 1691.263634096719 1685.82665159549 1680.637701113732 1674.901918480213 1670.172465087501 1664.730730872003 1659.5925330167 1654.28602041608 1649.248753447962 1643.46115876924 1638.607556780778 1634.212343862838 1629.764397976132 1624.813730628891 1619.874589945662 1614.076299448836 1608.253090481745 1605.474627099692 1600.323213000447 1592.588640486791 1588.146425694899 1584.261072100293 nan nan nan nan nan nan nan nan nan nan nan nan nan nan nan nan nan nan nan nan
1708.171299018048 1703.628899883928 1698.853382623979 1694.806601890503 1689.867947272279 1684.36374457566 1679.38411677297 1673.576979607551 1668.30292164709 1663.309866542062 1658.529767019375 1653.5902632159 1649.146620818392 1642.815113921522 1637.459513715596 1632.370889333582 1627.793734070279 1621.2108178374 1613.257076837717 1607.604044270112 1603.067189646076 1599.715254209489 1594.740212285717 1588.317692697003 1583.861588945143 1580.242349166181 nan nan nan nan nan nan nan nan nan nan nan nan nan nan nan nan nan nan nan nan
1706.304895443712 1701.375886618222 1696.733781692129 1692.796769808423 1688.340487727453 1682.788286764535 1677.954885346028 1672.464625620898 1667.0792377742 1662.08546675371 1657.089270867966 1652.409015518591 1646.900181564302 1641.676509989892 1636.403858278929 1630.614467514417 1623.883882945413 1615.193880838941 1609.430535914893 1604.731921665269 1600.472508226857 1595.817871919902 1591.941710262807 1587.330539897363 1582.222799621314 nan nan nan nan nan nan nan nan nan nan nan nan nan nan nan nan nan nan nan nan nan
1704.562001908194 1699.60803150303 1695.15077910585 1690.713876363374 1686.16197016553 1681.252759544412 1676.28395631081 1671.511769814091 1666.200741309634 1661.410236367187 1656.121368861921 1650.852669700015 1646.114073365858 1640.463234483448 1634.197025436808 1628.083893757211 1621.417456665421 1614.035343109807 1609.586143197383 1604.889776303256 1600.763184043418 1596.883892960306 1593.252355394615 1589.189797366546 nan nan nan nan nan nan nan nan nan nan nan nan nan nan nan nan nan nan nan nan nan nan
1703.518846757225 1698.38755323898 1693.426030661302 1688.936516453376 1684.396984734052 1679.791518523301 1674.525427714611 1669.579017830484 1664.737197590659 1659.49726962062 1653.982456544258 1647.673995752747 1642.630881793227 1635.649218471029 1630.894421822571 1625.996438921786 1619.569286614953 1614.342407127705 1610.945051397733 1606.750468064182 1604.234039468495 1600.827189386507 1597.058065719705 1592.265473302277 nan nan nan nan nan nan nan nan nan nan nan nan nan nan nan nan nan nan nan nan nan nan
1702.638581014314 1697.520627358595 1692.370398064709 1687.638464058266 1683.208513587311 1678.214250709622 1672.087293103737 1666.913428319675 1662.249462564661 1655.778636002594 1649.106404774722 1643.839323205957 1638.239948832629 1633.719296785941 1630.263543061241 1626.333924232551 1621.759789622335 1619.133772500156 1615.703794987323 1613.456561051778 1609.810479805543 1606.140313265007 1602.150198322655 nan nan nan nan nan nan nan nan nan nan nan nan nan nan nan nan nan nan nan nan nan nan nan
1702.597779142622 1696.94751083048 1691.839247547606 1686.800047822533 1682.220396859806 1676.058946381959 1668.576485385395 1663.429637278746 1658.429897177458 1652.146878186167 1646.079585934076 1642.483842460413 1639.114113781814 1635.813289318782 1632.98567005669 1631.628617850456 1629.368876890778 1624.904766864589 1620.659668370713 1616.849231581741 1612.684345531901 1609.183158292396 nan nan nan nan nan nan nan nan nan nan nan nan nan nan nan nan nan nan nan nan nan nan nan nan
1701.695422448987 1696.420935777039 1691.833850330433 1686.51205418137 1680.080388496114 1672.517039642022 1665.693756247634 1660.553838281649 1655.516854610476 1650.872596878221 1647.949222279288 1644.598421656694 1642.018733146924 1641.014927338035 1638.990467806924 1634.964885571682 1630.887686125336 1626.817746472912 1622.558608843292 1618.430431013682 1614.400852906183 1610.269814390406 nan nan nan nan nan nan nan nan nan nan nan nan nan nan nan nan nan nan nan nan nan nan nan nan
1701.709657817639 1696.879637647934 1691.415461808232 1684.489129697516 1676.139567105715 1669.436944209645 1664.61256858336 1660.972079099905 1657.929237751439 1655.219797965925 1653.271592942765 1651.042577157948 1647.789807234456 1644.140408335908 1640.067392773887 1635.961697207071 1631.807455573005 1627.525077704151 1623.113585623468 1618.877006875971 1614.06566039237 nan nan nan nan nan nan nan nan nan nan nan nan nan nan nan nan nan nan nan nan nan nan nan nan nan
1700.894551356347 1694.935246160748 1688.313074134789 1680.925255593894 1674.051734554709 1669.971236575019 1668.096035674208 1666.756219410282 1664.650544998811 1661.431590757677 1657.675912812009 1653.607925836982 1649.244152085676 1645.020545012264 1640.703892966193 1636.236896221924 1631.991153192166 1627.266163222952 1622.442617979344 1617.675647586326 nan nan nan nan nan nan nan nan nan nan nan nan nan nan nan nan nan nan nan nan nan nan nan nan nan nan
1696.759079108924 1691.173483545624 1684.818826954908 1678.953661848425 1675.424966573889 1674.716947006518 1674.35713356852 1672.01523248478 1667.885561759532 1663.340517034979 1658.972078489485 1654.577922918291 1650.06876984668 1645.480601080719 1640.664446927307 1636.032645082412 1631.554539449756 1626.681261747538 1621.630827538627 1617.169764402709 nan nan nan nan nan nan nan nan nan nan nan nan nan nan nan nan nan nan nan nan nan nan nan nan nan nan
1692.708898871961 1687.856379022352 1683.251465329008 1680.789066380419 1680.08744771281 1680.165199471441 1677.570927872053 1673.115073928396 1668.634517081273 1664.071753073046 1659.46617812198 1654.838308150973 1650.217936568996 1645.524913546791 1640.574449108013 1635.607247442429 1630.827253802929 1626.821263955757 1623.684103293182 nan nan nan nan nan nan nan nan nan nan nan nan nan nan nan nan nan nan nan nan nan nan nan nan nan nan nan
1691.398486872909 1687.565566952903 1685.940686670704 1685.996016785394 1686.785199622853 1683.812338500698 1678.377295398884 1673.935023867715 1669.70803483947 1664.997100470898 1659.752738907283 1655.205935759643 1650.717866366456 1645.732198259133 1641.02608468105 1637.150760045143 1633.935372264272 1630.017663927709 nan nan nan nan nan nan nan nan nan nan nan nan nan nan nan nan nan nan nan nan nan nan nan nan nan nan nan nan
1693.459884551691 1692.091364730651 1691.82218820727 1693.596654360697 1694.154864478591 1689.157343007187 1680.87018849119 1673.974985482274 1669.786046974798 1665.196960203293 1660.396374630687 1656.246879689885 1651.555780918608 1646.644935399697 1643.348457624921 1640.438835801344 1636.474085893273 1632.652442343472 nan nan nan nan nan nan nan nan nan nan nan nan nan nan nan nan nan nan nan nan nan nan nan nan nan nan nan nan
1698.516659342689 1697.719696762068 1698.610544307438 1701.126349997796 1700.120233483842 1695.447696870081 1687.908455870292 1678.312056618627 1670.843945297532 1666.02126285067 1661.348697669004 1657.106344507087 1653.178318900251 1650.022857796273 1647.012310092958 1643.276565312839 1639.343464736213 nan nan nan nan nan nan nan nan nan nan nan nan nan nan nan nan nan nan nan nan nan nan nan nan nan nan nan nan nan
1704.484394291203 1705.217611525 1706.969709164757 1707.049732772601 1705.223415498275 1702.16248491629 1696.697816741682 1686.649946142956 1673.668244561376 1666.698376253346 1662.857674785711 1658.845091612651 1658.125270860012 1657.134849810272 1652.653348499756 1647.025317537846 nan nan nan nan nan nan nan nan nan nan nan nan nan nan nan nan nan nan nan nan nan nan nan nan nan nan nan nan nan nan
1713.143933359208 1714.052333056803 1715.427574467839 1714.876016482596 1713.084946486997 1710.588485277709 1704.020064849058 1694.215843088541 1679.792376764267 1671.395628819621 1666.980807369206 1663.408886324737 1664.216114015758 1664.006178460938 1659.725523031506 nan nan nan nan nan nan nan nan nan nan nan nan nan nan nan nan nan nan nan nan nan nan nan nan nan nan nan nan nan nan nan
1722.203010417245 1721.755104972766 1722.053434564968 1722.241950207366 1720.368265339025 1716.145922677083 1710.464266207927 1703.369329722368 1692.662108774424 1681.935777220571 1674.503515301398 1670.886646370501 1671.962733092363 1669.525436404942 nan nan nan nan nan nan nan nan nan nan nan nan nan nan nan nan nan nan nan nan nan nan nan nan nan nan nan nan nan nan nan nan
1729.092246629317 1727.962693160433 1727.666295154529 1727.338764918385 1725.163038404995 1721.346644748141 1717.216392022862 1713.548010977946 1706.51785906003 1693.407650492122 1683.873649153247 1680.322988811009 1677.952074250535 1675.206881927241 nan nan nan nan nan nan nan nan nan nan nan nan nan nan nan nan nan nan nan nan nan nan nan nan nan nan nan nan nan nan nan nan
1735.696733620795 1734.9117519739 1733.428943542064 1732.492917537478 1730.3754946894 1727.265016215197 1725.852287334494 1723.381869166726 1720.345695784225 1715.375302776104 1704.696423683395 1690.254238779343 1683.343477978215 nan nan nan nan nan nan nan nan nan nan nan nan nan nan nan nan nan nan nan nan nan nan nan nan nan nan nan nan nan nan nan nan nan
