AvaFrame/avaframe/data/avaKot/Inputs/DEMremeshed/avaKot_remeshedDEM5.00.asc
ncols 352
nrows 499
xllcenter 176965.93
yllcenter 376273.97
cellsize 5.00
noDataValue nan
[rows 357 to 377 of 499, columns 46 to 91 of 352]
1566.803993134932 1567.820142190333 1567.518623130981 1567.087963504069 1569.84028756508 1572.605216466653 1573.898026210532 1575.047846053153 1577.831727639023 1580.409678032548 1582.446698719367 1584.389903827667 1587.099765135837 1587.921150731078 1589.556782496777 1592.178748765039 1590.942200787645 1587.9837840077 1586.484917157571 1584.636686446231 1580.537993976297 1573.083226224569 1568.310177501474 1560.801754611837 1543.864388392549 1523.467184737021 1523.366153870613 1515.928367251754 1507.70335019855 1515.813049350356 1520.125028251709 1527.472265701859 1537.336204199275 1539.477383015052 1541.542640262547 1544.785854741784 1548.332033945776 1553.061342061557 1558.314038767679 1563.948937811461 1572.02162902391 1583.344056352234 1588.520162691456 1597.926762490393 1607.087829037291 1611.078169622447
1570.924720466862 1571.683846476805 1572.544459301713 1573.729957658625 1577.241615938225 1580.383724210771 1580.850553438679 1579.62203642809 1581.809510657568 1585.60295472481 1588.342916583999 1589.105350143876 1590.011808129612 1591.305461263521 1593.260232705157 1595.524935324765 1595.488630414173 1593.949756604314 1592.806407099574 1590.5984477869 1586.986647158266 1582.986140985452 1576.335611263628 1569.73418227755 1560.090851647195 1544.654761774648 1532.779988014687 1518.787947554128 1509.134977823957 1515.237450605246 1518.936584639075 1527.780535694188 1537.963777601405 1540.706847315789 1546.913853051253 1550.568301328038 1552.033046462246 1556.138242685372 1561.159110267444 1567.947158143019 1576.238929762439 1583.193866345753 1589.670218507484 1598.267216795657 1606.476556051545 1610.029469095412
1575.582963514333 1576.109646072223 1577.33475043436 1579.679082202937 1582.223964809969 1584.442369652373 1584.439960567165 1583.530627698265 1587.25157072225 1593.174759013295 1596.940451141538 1597.16026769744 1596.637630157972 1596.884539231132 1597.140833574807 1598.881478588548 1599.566958405699 1598.689981188077 1598.273998006808 1596.291292990073 1593.386547017839 1593.726764545256 1585.968809284874 1573.192438526124 1568.771911218403 1564.257144964648 1547.613226364519 1520.585425546636 1510.334274067265 1515.61119570355 1523.096609315071 1532.750932415827 1537.955278736669 1541.044104013552 1546.458180994983 1552.13578154219 1556.249802241578 1560.684320213529 1566.739919717675 1573.65083297106 1578.74295993803 1583.959981371627 1593.199745783986 1602.511046648496 1605.628274168907 1609.499580155965
1579.347535688908 1579.927091647115 1581.088169632604 1583.19314910752 1585.967723422448 1590.896638765704 1593.09339839487 1593.706414156183 1599.504059470999 1604.81681847232 1606.262782953359 1608.414468198124 1610.075347954076 1609.063127025816 1606.252128930765 1604.234514169418 1604.129501518998 1604.65543388478 1605.66860682671 1605.290606251446 1601.767695701962 1599.83857295705 1594.807536837947 1583.670165114332 1574.183103232006 1570.088521994895 1561.050735896739 1531.078773077421 1510.924793079728 1519.989502487742 1529.151316427257 1535.362400456671 1538.212212536041 1542.885504756235 1547.53673786482 1551.844390545264 1556.748431135985 1564.124124459309 1570.929079418198 1575.877192132867 1580.412044563202 1587.481886922434 1595.342573878408 1600.299204975079 1604.306135680383 1610.421401448486
1583.673493807723 1584.152582070525 1584.227621909257 1585.83014881403 1593.476377553749 1602.623955792054 1606.632536670121 1608.407404881025 1611.193954973073 1613.834146839359 1613.787750298377 1614.294489909771 1617.584961189136 1618.424932179848 1616.118721857277 1611.700184576834 1608.93978079344 1609.849897358233 1611.72896612 1611.281556431012 1609.257491770102 1606.89890744743 1601.550061140727 1592.766735621207 1579.808015810741 1569.216852638025 1564.215152759271 1545.058720715859 1521.007275536081 1521.870576282642 1530.645522562485 1534.722506778219 1538.800032978868 1544.519551175708 1548.905005676576 1551.421568202432 1557.045978553597 1565.622470530014 1571.281814471769 1574.882879368483 1579.977430319042 1586.376250961051 1593.217264030888 1598.129615803417 1602.23881160717 1609.172462375543
1590.328490271634 1592.74734477506 1597.013640377749 1601.017422057631 1605.761990257256 1610.811196530115 1614.343503204608 1616.587835231438 1617.793190300008 1620.257728596334 1621.988514973627 1621.846226560516 1623.70385126389 1623.619404783829 1619.879348831475 1616.485233494114 1614.962291134673 1616.171097539743 1616.850892633778 1616.180767626666 1615.154670608087 1612.699184372969 1606.927828521095 1597.651985438252 1588.814325404598 1572.091309200943 1560.426002457885 1552.512290674984 1528.233719505183 1520.194113130137 1529.170525512337 1533.993873520795 1539.18168436906 1544.525717571925 1548.847404386912 1553.188978211352 1560.669547864366 1566.91442866735 1570.688174092644 1575.579317257572 1580.854790418814 1585.035766115043 1590.67512001197 1596.507305147963 1601.75618567542 1608.834921363185
1602.630711472509 1605.847016116227 1611.200338239354 1614.261609386381 1614.801247237424 1615.875399780404 1618.471384306252 1620.731719852261 1623.288627782762 1625.983471537914 1628.705814561387 1629.210289763849 1629.353672612795 1627.422469813499 1623.463822132524 1623.526855914774 1624.01668055363 1622.828161422365 1621.670204876121 1620.025309954125 1616.447856187658 1613.03336160123 1608.335586151561 1599.075282272341 1589.385654310395 1579.16168633579 1564.203701693722 1554.710737124351 1534.244551607659 1521.726295218124 1527.728943991222 1534.187670208183 1539.814068232925 1544.866884483072 1549.227122490737 1558.255119261109 1566.7142275895 1569.89680728543 1574.27683009941 1580.262677352112 1585.06717499652 1589.065448506659 1592.378782580959 1595.545424146709 1599.770797113673 1606.736227232505
1610.7995962605 1613.63416338261 1616.886679254644 1618.79156919018 1620.429772119272 1621.887041615876 1623.513194832244 1625.748087551163 1629.192848858627 1632.159603247211 1634.403970987958 1636.291880049311 1635.815329718571 1631.831676029612 1628.476314524809 1628.180854345663 1628.138806623664 1626.437893560717 1624.504527615713 1622.184741764801 1617.800023289522 1612.73001778736 1606.441206372815 1602.038807434409 1597.846211983242 1591.212525156887 1569.184543814865 1555.580802396929 1542.12162703601 1525.986241042487 1528.119092305453 1535.759628285235 1541.690777964344 1546.612358875958 1551.6316475144 1564.128016068161 1574.090179469024 1578.028642017798 1580.462573560166 1584.008940206417 1588.167175076969 1591.168415478307 1593.692154759907 1597.510190570451 1601.662880491224 1606.311293019415
1615.201328766856 1617.656287337277 1620.341004638912 1622.667230202171 1624.864012339048 1627.183184210182 1629.087375439068 1630.980899674723 1634.829026119678 1638.130999040417 1639.175899740465 1639.835588969288 1639.998293431804 1637.080446670411 1634.42126903072 1633.071931776226 1632.421455722969 1630.64644497687 1627.449543191372 1624.397080818471 1620.174332137472 1613.753898874769 1609.127978887829 1607.18328225049 1606.431409664093 1603.37307394652 1566.942474820625 1550.487667831265 1543.65372311155 1528.212702928623 1531.948023586192 1539.466441240509 1543.499917088834 1547.999079675017 1554.321897708628 1570.094748424103 1580.109247930904 1583.057001791401 1584.737564444158 1587.201700304407 1589.972139754701 1592.90414967015 1596.201026381603 1600.452846501918 1604.133769060013 1607.263652073914
1618.302692361437 1622.027109203539 1624.255430901731 1626.521146092175 1628.652418112129 1630.943968768709 1633.305602337201 1635.282391517931 1638.756675070708 1641.715413049376 1642.685970265637 1643.248784254673 1643.399511076495 1641.526706817798 1638.765368729919 1637.191307871904 1637.97024881283 1636.410534442629 1632.634209962929 1629.756819193135 1625.402480321345 1618.072936053708 1615.797005295268 1619.573649496998 1619.592743196689 1615.528022180068 1596.498169657215 1565.342578260643 1550.484306584552 1533.442196380356 1535.476703798488 1541.028048101232 1545.422686201625 1549.625740295283 1562.223456695054 1575.981697272213 1582.364586240482 1584.832805771334 1587.54088935762 1589.399949485154 1592.405517682091 1595.980986134648 1598.883033788733 1602.075765704517 1605.912831646077 1609.651771661577
1618.833929765586 1624.772881192043 1627.104333109421 1629.434433191865 1631.562649012515 1633.598709275024 1635.888820426407 1638.785377193284 1642.988115501995 1645.214535622999 1645.657761110871 1645.680529230677 1645.4250067475 1643.878683845117 1642.438485883015 1641.684490124456 1641.808088085403 1639.451501031357 1638.366086645304 1637.175785636408 1635.577635899589 1624.903743322443 1623.307237417218 1626.796687393267 1628.784837300178 1623.875610028941 1615.420752362 1594.047111700985 1565.44380035747 1552.199926777439 1542.935202714066 1543.154839449762 1548.475995262114 1554.636816722374 1570.931070801661 1577.913007552395 1581.248661348106 1588.905478825127 1593.130091418985 1594.63856086852 1596.834144035818 1599.023744264122 1601.122855169726 1604.796942032895 1609.141690024026 1612.553301585771
1619.923101880757 1625.929482633626 1628.880726815281 1631.36049531067 1633.809533247127 1636.72328412489 1640.314930791114 1642.446245601518 1646.282823918281 1647.459352488849 1647.32045671946 1647.489292910793 1647.725549022175 1647.078216471965 1646.626953536944 1645.379724717181 1645.977718664303 1644.230944990988 1643.020053595009 1641.986311128317 1640.796215749804 1633.761883547939 1637.402914836948 1633.822958735207 1633.37313036238 1628.636569900206 1619.32200844711 1607.846781100773 1588.561585780596 1574.150672100867 1560.004867781129 1552.264726398573 1554.06377738334 1562.304643997712 1571.179639466744 1575.596430073139 1580.498057294185 1593.044782892498 1598.132831659863 1599.531313075443 1599.88370494779 1601.419114801976 1603.961443317102 1607.203764796468 1611.736644977419 1616.933417205738
1620.061004014622 1626.080924965581 1629.778180884189 1632.989966989595 1637.6084162658 1641.312701818472 1644.778275881226 1646.110297578425 1647.849537002957 1648.957423136097 1649.196450493389 1649.730026809685 1650.447325794877 1650.548417731231 1650.748369025889 1649.68979067725 1650.27769034392 1649.64702558609 1647.573204987775 1646.123173287491 1644.532370850788 1642.207272779598 1646.251112587492 1642.009405746276 1639.208707982291 1628.174778296886 1620.364795970837 1609.85773152639 1601.585574837491 1589.313030941665 1574.634317000867 1558.657478621614 1560.555915547537 1567.663177620669 1571.427855658325 1574.138209615166 1582.424879248921 1589.632014183259 1594.934359086335 1597.93353444585 1600.849489066988 1603.496267378343 1606.248411546748 1609.539414341602 1613.407972488879 1619.836834134454
1615.679898299875 1625.167042555832 1628.849109610038 1634.882339258613 1642.373727427868 1645.274576205766 1646.912364058677 1648.723817386501 1649.556050304938 1650.71775652325 1651.644324534264 1652.579781046601 1653.104685534303 1653.675044357812 1653.827803082428 1654.241340964902 1654.575364034265 1654.397525407345 1652.597120549183 1650.930253073135 1650.459179122714 1647.621614574818 1649.965769203051 1647.271993062134 1639.736477803969 1627.180753005481 1620.432240364508 1612.841386764123 1606.943864373844 1602.465293987996 1581.090931043568 1560.446592872817 1564.29428693673 1569.7346108531 1571.867936748991 1575.763528206485 1583.571955773129 1588.963565783 1594.235338025951 1597.077442874527 1600.078144112739 1602.403036910977 1605.495733776951 1609.985551781193 1614.661509526478 1619.722171424667
1613.685496510641 1622.195385709814 1626.268272779947 1636.859578878066 1644.894189682799 1647.585779935281 1649.52389163595 1650.487226653563 1651.852199921774 1653.107652869031 1654.485820492953 1654.818803876045 1655.546350120911 1655.863848015934 1656.322230223997 1656.721061120039 1657.225172759162 1657.67916461574 1655.507194810257 1655.125811146176 1654.499035468465 1652.013935537576 1649.064245109778 1645.603085397357 1638.626192110741 1628.616160963061 1619.813996634721 1615.101931650818 1613.438662628145 1612.588382548765 1585.623027426088 1568.267039863465 1567.428258264087 1570.832775071061 1576.355723936801 1583.895029608465 1589.291604583086 1592.966315578409 1596.544821617211 1599.248372165308 1601.830380175066 1604.396251500005 1609.233834880088 1612.749220111616 1619.949798115014 1624.915450609218
1613.701585199525 1620.179127016377 1624.384683500452 1637.433604528156 1645.839533955452 1648.606121989125 1648.247492885724 1649.326282084261 1652.409191216657 1653.788682485712 1655.318652737017 1656.175250312258 1657.747026609836 1658.436751024131 1659.151248739299 1659.590230628413 1659.663317768777 1660.039101637931 1660.247955131496 1659.186702380568 1655.623277310092 1651.381555222491 1647.054136057372 1642.577281042128 1638.296931916665 1628.600698747726 1621.532511510274 1618.254540248682 1618.471442670706 1616.40751200546 1596.266759844086 1578.445787602792 1569.86390330782 1574.211141508004 1582.78003080302 1591.229854427982 1595.531573987374 1597.583378744315 1600.992735861096 1604.041837469033 1605.883339417143 1609.67479218427 1614.688485301189 1619.863114583646 1624.948807646534 1629.610664280437
1612.066977506862 1618.937909940141 1622.294441322771 1635.588654443174 1645.03720536274 1646.804984665104 1642.517789252171 1645.330569881208 1649.010000555407 1651.313546966594 1653.13527358555 1656.362973466043 1659.457324825958 1663.011587849312 1663.236198312464 1663.346194688025 1662.961396016938 1662.73264131815 1662.678042012458 1662.151517680828 1655.944686642751 1650.229256405409 1644.668081127033 1640.909436293761 1634.858117430259 1629.619079290915 1629.986266615594 1628.652191439228 1625.07468080105 1618.138579624044 1609.250178390248 1590.036630554602 1573.243272948607 1578.324949809469 1584.769883930525 1592.309588685195 1600.57880271968 1604.317364372302 1610.80008324902 1615.246132264534 1614.737353830958 1616.181338758167 1623.083849696355 1628.723163239773 1631.442939127737 1633.798796166801
1610.649860232207 1615.830712390965 1620.400748255473 1633.725457737591 1642.266517604613 1640.046790749332 1638.057600638473 1641.567919851841 1644.862416453675 1647.355915497504 1650.078027037764 1653.864388313625 1659.974257586091 1667.384071069554 1668.621542241232 1668.148605433785 1668.668079433565 1667.594989126477 1666.244198071336 1665.679188152076 1659.274809184116 1657.289701746578 1653.727442570529 1640.812937579108 1635.726725490437 1635.523509628588 1636.339485654521 1633.648742196013 1627.440406943049 1617.83089028262 1613.902049128209 1596.952779292197 1577.808724817963 1580.759906251913 1586.730045782875 1592.563819876416 1608.447859053525 1613.483104260332 1618.230891777891 1623.198438482158 1622.990682592389 1621.128931124403 1628.403741260638 1634.025052900575 1636.480595182641 1637.867061676428
1609.035775924808 1613.149931674311 1620.424597084686 1631.732933539656 1638.195128873245 1631.54878685742 1634.429013840459 1637.787838322497 1640.549475716096 1643.62900126066 1647.676961517361 1651.858440749713 1663.081669081447 1668.373664721238 1670.558339014785 1671.456695056143 1672.059009307708 1672.477506480519 1670.298340822862 1669.170499749444 1665.039700190072 1663.663928159789 1655.264258665319 1644.328517183864 1640.553589452003 1640.44260092818 1637.53413305563 1633.104094079783 1627.599809635533 1614.774058457414 1610.727536785824 1597.87368720232 1583.915111707023 1581.255330344613 1586.892623822537 1594.868252682683 1612.323116425804 1617.1553508759 1621.657682442988 1627.163209766451 1630.275046470839 1633.066772369734 1634.002646522326 1637.37211008669 1640.128261574841 1641.728492272364
1608.62999693532 1612.063679786016 1621.272287958938 1628.615437872855 1627.454084818816 1626.847280491015 1630.782330892286 1634.886642951175 1637.462043240929 1641.295183411557 1645.556355238516 1652.425075631587 1662.746832488314 1665.471365761481 1669.169252525623 1674.069266282543 1674.675582546109 1674.316541058615 1673.688115976718 1672.114164421298 1668.766123414302 1667.458446146221 1659.361138604178 1647.839743718847 1645.062951044061 1641.874466199121 1638.402214070318 1634.648232819158 1629.892395688436 1617.854912264153 1607.284485545329 1597.6004489602 1588.571572467505 1581.937241574482 1589.497796874627 1599.743900764568 1611.924690591254 1616.907108420269 1623.401714452425 1627.925352433551 1631.681270602814 1635.382302300083 1638.304793284781 1640.756904363901 1642.911340900849 1645.931836324012
1607.097232187799 1610.694118686903 1621.575016415695 1621.527619363398 1618.089994033041 1622.316361640206 1626.465734431264 1631.515913823908 1634.78324004115 1638.723018892422 1643.517162610844 1652.174871825771 1659.582906888222 1662.500091402352 1669.629412217982 1678.233108023535 1678.20046442033 1677.57752520382 1675.58473518237 1674.811019039731 1673.185934301736 1672.730000072669 1670.407981399056 1662.028151366545 1651.875521634513 1643.675161988306 1639.327577200399 1635.144081215596 1629.126322788108 1621.870985037312 1615.42114897536 1601.423373192292 1594.830267590047 1585.856094224414 1595.056009538056 1602.429744328119 1610.856074715336 1615.560165406861 1622.968791872658 1628.155769235261 1633.187813467711 1637.033307479668 1640.329516245293 1643.486978867 1647.077106237782 1649.144946333986
