AvaFrame/avaframe/data/avaKot/Inputs/DEMremeshed/avaKot_remeshedDEM5.00.asc
ncols 352
nrows 499
xllcenter 176965.93
yllcenter 376273.97
cellsize 5.00
noDataValue nan
[rows 63 to 83 of 499, columns 92 to 137 of 352]
nan nan nan nan nan nan nan nan nan nan nan nan nan nan nan nan nan nan nan nan nan nan nan nan nan nan nan nan nan nan nan nan nan nan nan nan nan nan nan nan nan nan nan 1063.63427587337 1063.739168003759 1063.807832885891
nan nan nan nan nan nan nan nan nan nan nan nan nan nan nan nan nan nan nan nan nan nan nan nan nan nan nan nan nan nan nan nan nan nan nan nan nan nan nan nan nan 1062.827353400416 1063.033175633875 1063.17885957849 1063.28097856215 1063.434061472509
nan nan nan nan nan nan nan nan nan nan nan nan nan nan nan nan nan nan nan nan nan nan nan nan nan nan nan nan nan nan nan nan nan nan nan nan nan nan nan 1062.130763224292 1062.365709264763 1062.529272843726 1062.703040345737 1062.822779204199 1062.990080882353 1063.114092056852
nan nan nan nan nan nan nan nan nan nan nan nan nan nan nan nan nan nan nan nan nan nan nan nan nan nan nan nan nan nan nan nan nan nan nan nan nan 1061.925144832629 1061.803838131928 1061.938583816213 1062.066530678123 1062.219522590847 1062.439451301426 1062.484739004858 1062.648226994045 1062.77752702097
nan nan nan nan nan nan nan nan nan nan nan nan nan nan nan nan nan nan nan nan nan nan nan nan nan nan nan nan nan nan nan nan nan nan nan 1061.583913770549 1061.469667118098 1061.534957186886 1061.636136619684 1061.803155500833 1061.900766681763 1062.000379840341 1062.150273751385 1062.152014904373 1062.237136215967 1062.383195552009
nan nan nan nan nan nan nan nan nan nan nan nan nan nan nan nan nan nan nan nan nan nan nan nan nan nan nan nan nan nan nan nan nan nan 1061.377061185461 1061.411145240123 1061.471085137427 1061.477353489985 1061.523481118597 1061.540879630756 1061.647989031777 1061.767702781277 1061.856390705385 1061.875150750267 1061.893204624738 1061.979362514267
nan nan nan nan nan nan nan nan nan nan nan nan nan nan nan nan nan nan nan nan nan nan nan nan nan nan nan nan nan nan nan nan 1061.206640571232 1061.245448243115 1061.33575226415 1061.381421758268 1061.393343104623 1061.423159461205 1061.420565758079 1061.385154988066 1061.435847110037 1061.504844537018 1061.562112062974 1061.594068026035 1061.618642772785 1061.653046476632
nan nan nan nan nan nan nan nan nan nan nan nan nan nan nan nan nan nan nan nan nan nan nan nan nan nan nan nan nan nan 1061.225619177346 1061.23978275903 1061.209405234258 1061.246314040648 1061.313977245072 1061.385833146012 1061.398792853935 1061.377303390619 1061.325513504972 1061.322703713655 1061.361883089057 1061.35547685728 1061.398833426467 1061.456030595336 1061.498752316159 1061.511763471176
nan nan nan nan nan nan nan nan nan nan nan nan nan nan nan nan nan nan nan nan nan nan nan nan nan nan nan nan 1061.271322948558 1061.238436640544 1061.232439803175 1061.252285135616 1061.28022302568 1061.345154261947 1061.370670266424 1061.266380861638 1061.331458207616 1061.281555695161 1061.293250862811 1061.307089934035 1061.27876467283 1061.258701056817 1061.287538503573 1061.344263329065 1061.389120922846 1061.412565726138
nan nan nan nan nan nan nan nan nan nan nan nan nan nan nan nan nan nan nan nan nan nan nan nan nan nan 1061.358765307414 1061.348494977178 1061.274399109138 1061.263685451068 1061.244389078988 1061.247236293186 1061.252186092908 1061.28783070054 1061.238807774551 1061.169454352511 1061.217286243657 1061.229619760099 1061.258330948787 1061.242781993349 1061.210230919088 1061.185277997636 1061.204264459957 1061.248843755674 1061.263237354559 1061.247279688087
nan nan nan nan nan nan nan nan nan nan nan nan nan nan nan nan nan nan nan nan nan nan nan nan 1061.384832882596 1061.33447544773 1061.315212057363 1061.283219706573 1061.237344208827 1061.129418835653 1061.050209660148 1060.995612161472 1060.978777752535 1061.024689576647 1061.085292947881 1061.145567828543 1061.183448106377 1061.221611688123 1061.229434893068 1061.21144804703 1061.232727774705 1061.20768930549 1061.191296684324 1061.193276513243 1061.176236756494 1061.18676651429
nan nan nan nan nan nan nan nan nan nan nan nan nan nan nan nan nan nan nan nan nan nan 1061.184191584271 1061.250207996331 1061.175251178675 1061.120243627466 1061.086327976642 1061.035664410273 1061.006433243248 1060.971079605479 1060.875173297821 1060.795301756659 1060.770261284071 1060.74639413939 1060.772147227766 1060.896561744144 1061.014749736496 1061.105670587018 1061.124321239252 1061.14859107695 1061.1670377428 1061.114070520901 1061.102007823264 1061.091563207912 1061.077056504175 1061.094499610196
nan nan nan nan nan nan nan nan nan nan nan nan nan nan nan nan nan nan nan nan 1061.114667532855 1061.047076066641 1061.043575777033 1060.99380666834 1060.866111455033 1060.819119617471 1060.861091933073 1060.848571137599 1060.845032707656 1060.856960950623 1060.742693037508 1060.65059367002 1060.642456731502 1060.593620790531 1060.538791908687 1060.669954193416 1060.784732010005 1060.832998115386 1060.902716174678 1060.944576608887 1060.931984450815 1060.917698161232 1060.909518408552 1060.921154167279 1060.929511884505 1060.910464821266
nan nan nan nan nan nan nan nan nan nan nan nan nan nan nan nan nan nan 1061.054121276538 1060.934024771816 1060.858622426707 1060.829230012688 1060.774555560362 1060.704901152894 1060.701825998263 1060.739646787772 1060.786305444551 1060.770876768846 1060.766858622054 1060.766252854873 1060.694743089811 1060.62710185349 1060.576871093034 1060.521677346617 1060.511729178313 1060.600551850707 1060.67282589212 1060.675846664043 1060.634874835773 1060.619579140658 1060.672053574354 1060.687493062812 1060.616618428383 1060.588536685817 1060.605831890602 1060.652340773896
nan nan nan nan nan nan nan nan nan nan nan nan nan nan nan nan 1061.469796824845 1061.051399947203 1061.074567933619 1061.029484666796 1060.924750898739 1060.825009761769 1060.716270244768 1060.66037556145 1060.701269932293 1060.767761491668 1060.813430994796 1060.779198337022 1060.713347221444 1060.711884438964 1060.713413821039 1060.632661966663 1060.531339318918 1060.533436708228 1060.612122583241 1060.639631079149 1060.583742388422 1060.575581370865 1060.603682114279 1060.572849948138 1060.467958407214 1060.368220910492 1060.422820942115 1060.414894302149 1060.258462836402 1060.227330396489
nan nan nan nan nan nan nan nan nan nan nan nan nan nan nan 1061.124476814129 1061.184230856077 1061.23742573569 1061.245840508529 1061.171907792712 1061.029146589476 1060.933116302538 1060.883060443736 1060.889229595298 1060.903754523957 1060.938600637223 1060.966648697257 1060.883051182334 1060.778183217938 1060.75127500288 1060.737933373939 1060.67436166528 1060.591724232607 1060.507817434118 1060.528511847839 1060.657355820777 1060.596661373984 1060.515086811258 1060.208160767193 1059.821425120494 1060.050542570739 1060.278955653572 1060.295513399226 1060.338258807707 1060.142129896246 1060.07658217489
nan nan nan nan nan nan nan nan nan nan nan nan nan 1061.418056192735 1061.321960869611 1061.352165972093 1061.416315775593 1061.437838080449 1061.413957005742 1061.224506004945 1061.056413873028 1061.085751336523 1061.171030707332 1061.194456837236 1061.16784173621 1061.169127111715 1061.21854475076 1061.099172052447 1060.931645681018 1060.837263671662 1060.793397185075 1060.755953945504 1060.634927967427 1060.500376150107 1060.372198432045 1060.67636744247 1060.398218442669 1059.726305995795 1059.501591346499 1059.625355584589 1060.071094047329 1060.368624381432 1060.350408591131 1060.331323852737 1060.232577560892 1060.204602054438
nan nan nan nan nan nan nan nan nan nan nan 1061.625201526407 1061.634885157404 1061.599973588851 1061.541986257792 1061.553745324046 1061.585255585956 1061.516640601457 1061.40179444525 1061.193189239507 1061.14135016711 1061.23128644917 1061.286495771618 1061.311583039525 1061.281021397556 1061.220250313064 1061.268126169134 1061.208546000422 1060.981752186771 1060.810204196661 1060.202811470776 1059.943478452955 1059.809278973579 1059.699385752483 1059.841201013239 1060.51009873955 1060.435389037311 1060.154791094407 1060.181224426353 1060.265484477221 1060.32530882329 1060.348395315262 1060.351214017898 1060.332686184834 1060.308997472675 1060.279797575844
nan nan nan nan nan nan nan nan nan nan 1061.755544243698 1061.748238680544 1061.740458804489 1061.71803456583 1061.684143899319 1061.648835912172 1061.601219047016 1061.465128741443 1061.297251893682 1061.297870837572 1061.353426229275 1061.374858336688 1061.321399734009 1061.201178605629 1061.144960967175 1060.99178270654 1060.972280074882 1061.193681677378 1060.436679655089 1060.092050201223 1060.136407597685 1060.007635653388 1059.969307239007 1060.073107039108 1060.364239407333 1060.755544893213 1060.674434823132 1060.632298008527 1060.775250804262 1060.635976699979 1060.496385625253 1060.421929921809 1060.357218297263 1060.342778281855 1060.334591998742 1060.282985270516
nan nan nan nan nan nan nan nan nan 1061.802382789846 1061.725640472496 1061.705505879907 1061.764774792537 1061.788558909642 1061.747073884101 1061.592589296377 1061.437994948268 1061.350110119673 1061.337094455493 1061.258199283524 1061.110637432305 1061.062969025826 1061.055975017608 1060.805703285451 1060.624656651256 1060.494770014836 1060.381808294223 1060.929311322012 1060.3915435701 1060.165806427938 1060.263397123554 1060.393848158186 1060.460067163786 1060.620680612126 1060.693442785163 1060.767820011544 1060.620632667344 1060.511546084934 1060.611332131655 1060.660170156267 1060.553446022395 1060.516434771578 1060.546392307819 1060.448598257189 1060.423767985916 1060.29634321041
nan nan nan nan nan nan nan nan 1061.876137503424 1061.74926761286 1061.712853413599 1061.750049229969 1061.723513675754 1061.619742543654 1061.546376399887 1061.448724533615 1061.552992977671 1061.63104333164 1061.477518706539 1060.830279707657 1060.501652936407 1060.507619719448 1060.572428359702 1060.668415351359 1060.624025243495 1060.513266853763 1060.323968883857 1060.866355325303 1060.482379384106 1060.363410799109 1060.409045281907 1060.427246770628 1060.419895681388 1060.464905207185 1060.475033180218 1060.639526409412 1060.55741890202 1060.50754004383 1060.473652885076 1060.438600503001 1060.5056689251 1060.495672075963 1060.486284589831 1060.399723147627 1060.404705745218 1060.282466733736
