AvaFrame/avaframe/data/avaKot/Inputs/DEMremeshed/avaKot_remeshedDEM5.00.asc
ncols 352
nrows 499
xllcenter 176965.93
yllcenter 376273.97
cellsize 5.00
noDataValue nan
[rows 315 to 335 of 499, columns 0 to 45 of 352]
nan nan nan nan nan nan 1284.237831521252 1288.336940851559 1292.193961859571 1293.523874575131 1294.309630250102 1294.875692505282 1295.80361366419 1297.140377570973 1299.188360441652 1301.142722205983 1302.023328085696 1302.680148520024 1306.395980884998 1309.022132128652 1311.522673554649 1313.42646581506 1315.254031079283 1316.588876348146 1317.358548581661 1319.179307042063 1317.9629767463 1315.398460112841 1315.843135207916 1321.458553337263 1326.998522225274 1331.122906066948 1333.58319900561 1333.954509374324 1334.657613194953 1337.709162358561 1340.781048084596 1342.746735929959 1342.324788955063 1344.465723712494 1346.943540421259 1347.634343833768 1349.755945440081 1353.919116529631 1355.759978236994 1356.517715905587
nan nan nan nan nan nan nan 1294.343214633233 1295.915198920538 1296.622132826357 1297.715878213487 1299.793827733121 1301.188425723784 1301.708124386648 1303.792324337933 1305.753680831776 1307.893223977396 1306.382253407671 1309.841858252747 1312.894186499418 1314.975009223436 1316.764381104663 1318.897450388606 1320.64785811596 1321.435699730668 1323.156910100989 1323.180702538737 1319.779393610542 1319.126705821251 1322.186913695095 1327.664693020211 1333.010163638303 1336.648582914698 1338.859141986377 1338.946751616391 1340.775125826556 1343.937662547994 1346.776720775334 1347.799962320651 1347.83843347264 1351.652613899136 1352.439443656049 1354.343439774147 1359.076491097603 1360.440445245747 1361.12592364534
nan nan nan nan nan nan nan 1297.515967074834 1298.872579445219 1300.199244891721 1301.676669070361 1302.989372644182 1305.538819494805 1307.066033070629 1308.831056967194 1310.572100196324 1311.851162754778 1310.31176637785 1313.12635202817 1316.257376580502 1318.421250128244 1320.488595654582 1322.584439828882 1325.139482345521 1326.749128288634 1326.980126151581 1327.860494649823 1327.354123439323 1326.412434721293 1324.734302195825 1328.964446085133 1334.654705701532 1339.536943602042 1343.47098780886 1344.000632425832 1344.65681042471 1347.917813876887 1350.430023776682 1353.447149985097 1353.562273664769 1355.38909227102 1358.072279113741 1357.832779360636 1361.077034448028 1364.680621555548 1365.604376959381
nan nan nan nan nan nan nan 1300.348407520632 1302.07679667024 1304.746648214242 1306.030405269273 1306.912892071927 1308.597216792884 1310.755831261127 1312.652299246287 1314.442613292344 1316.009520971207 1315.353964172196 1316.299071786096 1320.478538299178 1323.204277789526 1324.98243440812 1327.079366728437 1329.904284151569 1331.80547460662 1333.219623169435 1332.652600889779 1333.800868781246 1333.984251691783 1331.15063431147 1330.551777982579 1336.315767616516 1341.67069982953 1347.849719616205 1350.404806905789 1349.952578726243 1354.392465882708 1355.098402755245 1358.595514784039 1358.554273161643 1358.819048017973 1363.246119889534 1364.89800509983 1364.852057170121 1368.031365890938 1369.953017477127
nan nan nan nan nan nan nan nan 1306.209896588891 1307.701386285823 1309.747160550348 1311.076622821564 1312.448307476365 1314.487895530604 1316.705332579628 1318.054847604336 1320.013122376751 1320.73360601373 1319.640936425415 1324.129588959159 1327.687580189401 1329.714175370755 1331.358194203308 1334.171286595624 1337.217340018074 1339.383833976306 1340.335561697472 1341.632168065388 1342.90763856782 1343.068449828164 1339.614117723666 1340.926648614304 1342.708341078576 1348.790286732868 1355.219610630999 1359.156621129128 1362.383606706549 1362.823068998903 1366.215371097829 1366.643158228288 1365.957158987205 1370.617357553768 1371.99967095724 1370.03389554468 1372.442223072095 1373.54920402918
nan nan nan nan nan nan nan nan 1308.532008879591 1310.449614735189 1311.729317383926 1313.656634659849 1316.498655858961 1319.31920054765 1321.660526727781 1323.195705722826 1325.539646231946 1326.28197206312 1326.002683372552 1327.996223164989 1332.223007511773 1335.100705965088 1337.68167287237 1340.350717477327 1343.052257123796 1343.191200030278 1346.686029221609 1350.612266321945 1353.029579517914 1354.131061214759 1356.180790524816 1354.558601541506 1351.783939959929 1348.550927259199 1352.979067020516 1360.202123128849 1366.000879231669 1368.972165584116 1371.203739005196 1372.43693411504 1373.983026989711 1375.60244640992 1376.909130937461 1376.997322592574 1378.370461213185 1379.291852025177
nan nan nan nan nan nan nan nan nan 1313.586227827836 1314.95658394995 1317.588606815963 1320.416863728608 1323.25768705183 1325.591684756231 1328.506172282578 1329.772005442614 1331.610708044605 1332.009790102563 1334.123633427128 1335.324905852723 1340.767025590139 1343.156133010351 1345.640858113379 1347.934359723884 1348.402611212002 1351.816580933739 1354.910905680769 1358.490378971312 1359.616495920453 1362.658813516236 1364.2599717484 1364.971942790653 1353.258124629207 1354.388951161201 1359.063901039411 1365.263488228973 1369.597999639842 1374.464778968418 1376.563706326159 1378.473267813934 1379.599761903804 1380.721346484489 1381.528975549787 1382.627525551517 1384.379881962917
nan nan nan nan nan nan nan nan nan 1316.977442001448 1318.309718181502 1321.382670384224 1324.072988131161 1326.521937203853 1329.025740647936 1332.198738412793 1334.60281118843 1336.421335044931 1337.737728328491 1340.25826954023 1339.159834147883 1344.053888772107 1346.833925298287 1349.295800247644 1351.759645122132 1353.995678786365 1356.955571177452 1358.913599126105 1362.294743167821 1364.077244781096 1365.699962465625 1370.261695950968 1370.067171968876 1361.909192796559 1359.18009169124 1364.556311462692 1365.089233764245 1369.963742328575 1378.571567533874 1380.458482000106 1382.277472214448 1383.394095820591 1384.263681176682 1385.560517571218 1385.721510778702 1387.8880883626
nan nan nan nan nan nan nan nan nan 1320.098473171747 1321.673029580071 1324.081579872764 1327.470045111349 1330.10253654884 1332.405819381637 1334.65676099026 1337.852998345856 1340.245287699519 1342.026404687604 1343.831734196692 1344.424303099439 1346.532439549236 1351.6006408429 1353.922207918218 1355.946545383957 1358.728379915995 1361.833882838751 1364.037216699743 1365.922523874913 1369.227269953554 1370.189263547392 1374.318567029362 1375.315492495993 1374.71620575805 1372.841896819298 1377.832870463177 1373.139813602678 1372.739194123787 1380.420503251394 1384.625540004187 1386.174453459764 1387.224738704202 1388.133192803028 1389.615083648217 1389.865809677283 1390.825279001082
nan nan nan nan nan nan nan nan nan nan 1325.796758136478 1327.413462938057 1330.495787106606 1333.467575877059 1335.891734327413 1338.216450832313 1341.198529628441 1344.832814410567 1346.478217425873 1347.746508286875 1349.539892053651 1348.80334515354 1354.999644359861 1358.070421491913 1360.417518113019 1362.879200759721 1366.234570401907 1369.279873686877 1370.098400839547 1373.84513234165 1375.581577608061 1378.033953620461 1379.74540379622 1379.906122676256 1380.197105840396 1381.768346594608 1384.059091672859 1379.032664043704 1378.407961375283 1385.333377670215 1389.409597146721 1390.619512444218 1392.221489685149 1392.819870167129 1393.829536586883 1394.827408304963
nan nan nan nan nan nan nan nan nan nan 1330.675197933519 1331.611507694978 1333.83976940088 1336.265286952802 1339.329394678394 1342.021456885251 1346.191467090952 1349.59034750287 1351.580221501126 1353.312594838484 1355.233361909923 1353.94872814096 1355.081929600273 1360.254665556073 1363.522065228981 1366.654042587986 1370.080066237729 1373.131424563752 1374.82807756222 1377.32685840959 1379.945258240503 1381.37558211601 1383.442673866591 1383.862237701693 1385.26792603734 1386.152483068717 1388.565453528776 1388.366696896446 1383.763523621254 1385.886653410814 1390.424517251139 1393.926720710216 1395.625534938352 1396.254264529692 1397.628495443266 1398.72898985906
nan nan nan nan nan nan nan nan nan nan nan 1336.233469245629 1337.675015376446 1340.176894175962 1342.318855008493 1345.73508327568 1349.049541514802 1352.991655753776 1356.172751277056 1358.144404042841 1359.969085833796 1359.569491109826 1356.863962029014 1360.958658267359 1365.687221374575 1369.749116072082 1372.930709373549 1375.943222438878 1379.276020279667 1381.936737870083 1384.596120083108 1384.962365973797 1387.477093798284 1388.297512420537 1389.721239134287 1390.920433693912 1392.27123380092 1393.745965590737 1393.565561304208 1390.514778515196 1390.433554127659 1396.649811521881 1399.131462200359 1400.24680228712 1401.374616412454 1402.816999663878
nan nan nan nan nan nan nan nan nan nan nan 1342.667109153047 1343.600381501664 1344.425802522343 1346.52335582318 1349.697498150409 1352.647928338725 1355.992549242059 1359.261189107318 1362.071372575139 1363.959647527289 1364.715714964065 1361.28216408387 1362.369367947132 1367.618300640392 1372.465617820003 1376.618901911758 1380.530315080326 1382.735586943627 1386.042216462715 1388.844946621256 1389.441027223415 1392.076714805096 1393.126351242671 1394.049422492041 1395.803356913907 1396.176193358275 1397.729517906422 1398.640371686222 1396.442564159754 1393.491110921703 1397.917193237221 1402.96523654814 1404.415741599087 1405.502655249886 1406.863014688568
nan nan nan nan nan nan nan nan nan nan nan 1342.415210294736 1348.502558265447 1349.888418442243 1351.873808159506 1354.648332712827 1356.405490382649 1360.091138398277 1364.450408847864 1368.612350184715 1370.917277231749 1371.751854098685 1372.740487406976 1372.80849767973 1374.014135992647 1379.392804849252 1382.728104337142 1385.964469058856 1387.26037068408 1389.377418379609 1391.958700997568 1393.930608836658 1396.250456428389 1397.885446290516 1398.932267160603 1399.7980409022 1400.082400325198 1402.053382707509 1402.906221225662 1401.417617160415 1397.710105901306 1401.844443753844 1407.019321852625 1408.633398289897 1409.674823563618 1410.837775671081
nan nan nan nan nan nan nan nan nan nan nan nan 1353.389874852957 1355.026281632417 1357.742595498852 1361.170268155664 1364.521069407847 1366.56613183945 1371.079139972013 1375.428512530149 1376.614420596792 1378.2754170014 1380.439069478755 1381.06270168727 1380.828365909946 1384.764527288308 1388.079909825589 1391.274586449236 1393.047262501671 1393.790422543274 1395.499106372165 1397.759568139574 1399.740547301285 1401.541997112981 1403.1992292423 1404.422506226792 1404.155785327165 1406.781229661112 1407.199344720768 1405.190847676964 1401.492575891755 1405.423399630942 1411.637496324176 1413.57175314683 1414.845224427991 1415.255963808453
nan nan nan nan nan nan nan nan nan nan nan nan 1358.332305075416 1360.408651492382 1363.883008764975 1367.562621916439 1370.723997263499 1372.543437834165 1375.413821702211 1379.388776176029 1381.314713456262 1383.036353199869 1385.007314627244 1385.68904243282 1384.995148264381 1386.737244773009 1392.241710731869 1396.158852117225 1397.649403455361 1397.975364865443 1399.499925096643 1401.882944523495 1403.897482053148 1405.381467327563 1407.084772408563 1407.814058288086 1407.782829452552 1411.036453033808 1411.117535333378 1409.581964689477 1406.809119081216 1410.107925793488 1415.373305258006 1417.606992900433 1419.213422961395 1419.283806707386
nan nan nan nan nan nan nan nan nan nan nan nan nan 1364.715568413498 1367.483010970677 1368.533811560827 1370.306641046693 1372.480839037281 1375.501377122948 1379.775343510941 1384.3574061398 1387.247573971955 1389.428774113029 1390.613323071897 1389.113375638381 1389.013375416176 1394.499748881721 1399.268714542821 1402.738468623046 1403.349719680053 1403.946818425018 1405.591202674144 1407.706665557352 1409.052247230875 1410.635669730746 1411.374054191794 1412.343602965295 1414.508097464976 1415.545744231049 1414.706407219355 1411.614740498377 1412.858854519641 1418.994657594993 1422.245977236642 1423.800180617342 1424.228576570101
nan nan nan nan nan nan nan nan nan nan nan nan nan 1361.396500157969 1362.911032884297 1362.498876922436 1363.675194420063 1365.307560752312 1371.953871734169 1383.118143819141 1387.581695932885 1391.35398623965 1394.913910745999 1396.680742972375 1394.545925969701 1393.238571119728 1397.888665426517 1402.61997578356 1407.528947000733 1410.011510429111 1409.067377443456 1409.675810766803 1411.481537404795 1412.892743917731 1414.62302374687 1415.978257908761 1416.676845194334 1417.465829275792 1419.212628859837 1419.212178013834 1415.926386159768 1415.16256394244 1421.043208114238 1426.157471384212 1428.687541627074 1429.621637449943
nan nan nan nan nan nan nan nan nan nan nan nan nan nan 1353.603985112395 1355.286998983805 1356.652829364021 1369.230746559746 1385.719268938015 1392.987823512697 1395.505589858969 1396.715478178133 1400.501214926131 1402.786819631033 1399.893697486301 1397.599556454775 1403.004112077178 1407.532871542064 1411.653126536451 1416.018598133043 1415.461292423254 1415.725657816727 1416.599736544891 1417.843196161182 1419.338694868109 1420.547515135247 1421.621180337203 1422.605959552912 1423.616976650024 1422.808426976593 1421.316901701713 1420.297205896062 1421.659533516064 1428.476484553512 1434.051417653787 1435.928054726843
nan nan nan nan nan nan nan nan nan nan nan nan nan nan 1346.712579088217 1351.333178382599 1366.372247174976 1383.456623049092 1393.451731612921 1400.112298863074 1402.364555039772 1403.022218832532 1405.284381407313 1407.867542989223 1404.805529420217 1403.616919261124 1410.588942714612 1413.852556052607 1415.169288708721 1419.222090809899 1420.742391402828 1420.865719060231 1421.230592916631 1422.567632241123 1423.463578616305 1424.514809291725 1425.040140531499 1426.399065324263 1428.091861431345 1426.220571650275 1425.592007833471 1426.444529082568 1425.775038280362 1427.58646174044 1433.006779084036 1439.131968264391
nan nan nan nan nan nan nan nan nan nan nan nan nan nan 1355.240357335563 1374.343480895322 1388.993158923197 1393.176653803063 1398.459077974371 1403.342004507789 1406.255241916969 1409.297401328602 1410.770484300028 1411.969963415596 1408.570692696441 1410.947419005836 1419.835138349637 1421.802605488863 1420.545338938917 1422.551768265064 1425.292892161433 1425.880534105757 1426.689666814114 1427.486516694954 1427.710897909219 1428.496182213999 1428.304763147053 1430.121595642341 1432.301621950439 1430.294385911472 1429.943620288559 1431.871392366847 1431.584701098384 1430.079844235931 1432.417132965142 1441.236969101786
