AvaFrame/avaframe/data/avaSalk/Avaflow_Input_Output/slk_results/slk_ascii/slk_basechange0007.asc
ncols 296
nrows 144
xllcenter 761600.00
yllcenter 8523000.00
cellsize 12.50
NODATA_value -9999.000
[rows 33 to 65 of 144, columns 222 to 295 of 296]
0.000 0.000 0.000 0.000 -0.000 -0.000 -0.000 -0.000 -0.000 -0.000 -0.000 -0.000 -0.000 -0.000 -0.000 -0.000 -0.000 -0.000 -0.000 -0.000 -0.000 -0.001 -0.001 -0.001 -0.002 -0.004 -0.007 -0.014 -0.026 -0.045 -0.071 -0.104 -0.146 -0.196 -0.267 -0.343 -0.426 -0.519 -0.598 -0.671 -0.726 -0.748 -0.724 -0.663 -0.572 -0.410 -0.204 -0.072 -0.021 -0.004 -0.001 -0.000 -0.000 -0.000 -0.000 0.000 0.000 0.000 0.000 0.000 0.000 0.000 0.000 0.000 0.000 0.000 0.000 0.000 0.000 0.000 0.000 0.000 0.000 0.000
0.000 0.000 0.000 -0.000 -0.000 -0.000 -0.000 -0.000 -0.000 -0.000 -0.000 -0.000 -0.000 -0.000 -0.000 -0.000 -0.000 -0.000 -0.000 -0.001 -0.001 -0.001 -0.002 -0.004 -0.007 -0.014 -0.026 -0.046 -0.074 -0.109 -0.150 -0.195 -0.249 -0.311 -0.409 -0.533 -0.669 -0.815 -0.930 -1.005 -1.044 -1.027 -0.955 -0.836 -0.679 -0.461 -0.226 -0.072 -0.020 -0.004 -0.001 -0.000 -0.000 -0.000 -0.000 0.000 0.000 0.000 0.000 0.000 0.000 0.000 0.000 0.000 0.000 0.000 0.000 0.000 0.000 0.000 0.000 0.000 0.000 0.000
0.000 -0.000 -0.000 -0.000 -0.000 -0.000 -0.000 -0.000 -0.000 -0.000 -0.000 -0.000 -0.000 -0.000 -0.000 -0.000 -0.000 -0.001 -0.001 -0.001 -0.002 -0.003 -0.006 -0.012 -0.024 -0.044 -0.073 -0.111 -0.155 -0.203 -0.254 -0.311 -0.376 -0.465 -0.610 -0.814 -1.049 -1.295 -1.480 -1.571 -1.607 -1.553 -1.396 -1.134 -0.840 -0.532 -0.241 -0.079 -0.021 -0.005 -0.001 -0.000 -0.000 -0.000 -0.000 -0.000 0.000 0.000 0.000 0.000 0.000 0.000 0.000 0.000 0.000 0.000 0.000 0.000 0.000 0.000 0.000 0.000 0.000 0.000
-0.000 -0.000 -0.000 -0.000 -0.000 -0.000 -0.000 -0.000 -0.000 -0.000 -0.000 -0.000 -0.000 -0.000 -0.000 -0.000 -0.001 -0.001 -0.002 -0.003 -0.005 -0.010 -0.020 -0.040 -0.069 -0.108 -0.153 -0.203 -0.257 -0.313 -0.373 -0.444 -0.529 -0.683 -0.939 -1.235 -1.525 -1.805 -2.015 -2.146 -2.205 -2.199 -2.064 -1.713 -1.208 -0.671 -0.274 -0.086 -0.023 -0.005 -0.001 -0.000 -0.000 -0.000 -0.000 -0.000 0.000 0.000 0.000 0.000 0.000 0.000 0.000 0.000 0.000 0.000 0.000 0.000 0.000 0.000 0.000 0.000 0.000 0.000
-0.000 -0.000 -0.000 -0.000 -0.000 -0.000 -0.000 -0.000 -0.000 -0.000 -0.000 -0.000 -0.000 -0.000 -0.001 -0.001 -0.001 -0.002 -0.004 -0.008 -0.017 -0.034 -0.061 -0.101 -0.148 -0.198 -0.252 -0.309 -0.368 -0.429 -0.494 -0.583 -0.702 -0.943 -1.322 -1.681 -1.914 -2.044 -2.139 -2.270 -2.313 -2.342 -2.237 -2.083 -1.731 -0.978 -0.345 -0.093 -0.023 -0.005 -0.001 -0.000 -0.000 -0.000 -0.000 -0.000 0.000 0.000 0.000 0.000 0.000 0.000 0.000 0.000 0.000 0.000 0.000 0.000 0.000 0.000 0.000 0.000 0.000 0.000
-0.000 -0.000 -0.000 -0.000 -0.000 -0.000 -0.000 -0.000 -0.000 -0.000 -0.000 -0.000 -0.001 -0.001 -0.001 -0.002 -0.003 -0.006 -0.013 -0.027 -0.052 -0.090 -0.137 -0.188 -0.243 -0.300 -0.358 -0.418 -0.482 -0.550 -0.621 -0.731 -0.918 -1.241 -1.614 -1.921 -2.182 -2.218 -2.118 -2.089 -2.094 -2.172 -1.996 -1.892 -1.984 -1.372 -0.456 -0.103 -0.024 -0.006 -0.001 -0.000 -0.000 -0.000 -0.000 -0.000 0.000 0.000 0.000 0.000 0.000 0.000 0.000 0.000 0.000 0.000 0.000 0.000 0.000 0.000 0.000 0.000 0.000 0.000
-0.000 -0.000 -0.000 -0.000 -0.000 -0.000 -0.000 -0.000 -0.000 -0.000 -0.001 -0.001 -0.001 -0.002 -0.003 -0.005 -0.009 -0.019 -0.040 -0.074 -0.120 -0.174 -0.231 -0.289 -0.350 -0.412 -0.476 -0.542 -0.611 -0.684 -0.769 -0.908 -1.184 -1.549 -1.863 -2.079 -2.339 -2.356 -2.231 -1.920 -1.652 -1.709 -1.648 -1.624 -1.927 -1.553 -0.503 -0.107 -0.025 -0.005 -0.001 -0.000 -0.000 -0.000 -0.000 -0.000 0.000 0.000 0.000 0.000 0.000 0.000 0.000 0.000 0.000 0.000 0.000 0.000 0.000 0.000 0.000 0.000 0.000 0.000
-0.000 -0.000 -0.000 -0.000 -0.000 -0.000 -0.000 -0.000 -0.000 -0.001 -0.001 -0.001 -0.002 -0.004 -0.007 -0.013 -0.028 -0.056 -0.100 -0.155 -0.214 -0.276 -0.337 -0.404 -0.470 -0.540 -0.609 -0.682 -0.761 -0.845 -0.951 -1.124 -1.449 -1.759 -1.944 -2.096 -2.306 -2.191 -2.213 -1.923 -1.619 -1.592 -1.388 -1.634 -1.938 -1.578 -0.496 -0.100 -0.024 -0.005 -0.002 -0.000 -0.000 -0.000 -0.000 -0.000 0.000 0.000 0.000 0.000 0.000 0.000 0.000 0.000 0.000 0.000 0.000 0.000 0.000 0.000 0.000 0.000 0.000 0.000
-0.000 -0.000 -0.000 -0.000 -0.000 -0.000 -0.000 -0.001 -0.001 -0.001 -0.002 -0.003 -0.005 -0.010 -0.020 -0.041 -0.078 -0.132 -0.195 -0.260 -0.325 -0.395 -0.465 -0.537 -0.613 -0.689 -0.766 -0.846 -0.936 -1.034 -1.178 -1.385 -1.678 -1.909 -1.977 -2.012 -2.120 -1.966 -2.076 -1.861 -1.570 -1.598 -1.440 -1.776 -1.987 -1.389 -0.419 -0.089 -0.022 -0.005 -0.002 -0.001 -0.000 -0.000 -0.000 -0.000 0.000 0.000 0.000 0.000 0.000 0.000 0.000 0.000 0.000 0.000 0.000 0.000 0.000 0.000 0.000 0.000 0.000 0.000
-0.000 -0.000 -0.000 -0.000 -0.000 -0.001 -0.001 -0.001 -0.002 -0.003 -0.005 -0.008 -0.014 -0.029 -0.060 -0.110 -0.177 -0.251 -0.326 -0.400 -0.471 -0.543 -0.623 -0.705 -0.790 -0.877 -0.965 -1.054 -1.157 -1.279 -1.457 -1.707 -1.943 -2.084 -2.060 -2.032 -2.035 -1.960 -2.197 -2.053 -1.750 -1.708 -1.523 -1.779 -1.720 -0.991 -0.289 -0.070 -0.018 -0.005 -0.001 -0.001 -0.000 -0.000 -0.000 -0.000 0.000 0.000 0.000 0.000 0.000 0.000 0.000 0.000 0.000 0.000 0.000 0.000 0.000 0.000 0.000 0.000 0.000 0.000
-0.000 -0.000 -0.000 -0.001 -0.001 -0.001 -0.002 -0.003 -0.004 -0.007 -0.012 -0.023 -0.046 -0.087 -0.153 -0.236 -0.322 -0.406 -0.488 -0.570 -0.653 -0.738 -0.832 -0.929 -1.026 -1.128 -1.229 -1.338 -1.463 -1.640 -1.837 -2.081 -2.269 -2.355 -2.285 -2.191 -2.101 -2.017 -2.115 -1.984 -1.777 -1.711 -1.618 -1.664 -1.307 -0.612 -0.174 -0.050 -0.014 -0.004 -0.001 -0.001 -0.000 -0.000 -0.000 -0.000 0.000 0.000 0.000 0.000 0.000 0.000 0.000 0.000 0.000 0.000 0.000 0.000 0.000 0.000 0.000 0.000 0.000 0.000
-0.000 -0.001 -0.001 -0.001 -0.002 -0.002 -0.004 -0.006 -0.011 -0.021 -0.040 -0.075 -0.133 -0.213 -0.308 -0.405 -0.495 -0.582 -0.671 -0.772 -0.877 -0.989 -1.117 -1.243 -1.362 -1.486 -1.618 -1.756 -1.937 -2.179 -2.414 -2.588 -2.734 -2.780 -2.740 -2.602 -2.382 -2.200 -2.235 -2.159 -1.915 -1.751 -1.602 -1.349 -0.805 -0.328 -0.106 -0.034 -0.010 -0.003 -0.001 -0.000 -0.000 -0.000 -0.000 -0.000 0.000 0.000 0.000 0.000 0.000 0.000 0.000 0.000 0.000 0.000 0.000 0.000 0.000 0.000 0.000 0.000 0.000 0.000
-0.001 -0.001 -0.001 -0.002 -0.003 -0.005 -0.009 -0.017 -0.033 -0.065 -0.116 -0.192 -0.290 -0.394 -0.495 -0.595 -0.695 -0.799 -0.907 -1.041 -1.198 -1.355 -1.531 -1.714 -1.878 -2.036 -2.212 -2.401 -2.614 -2.843 -3.077 -3.226 -3.272 -3.222 -3.147 -3.067 -2.884 -2.617 -2.452 -2.191 -1.936 -1.598 -1.283 -0.831 -0.391 -0.155 -0.059 -0.021 -0.007 -0.003 -0.001 -0.000 -0.000 -0.000 -0.000 -0.000 0.000 0.000 0.000 0.000 0.000 0.000 0.000 0.000 0.000 0.000 0.000 0.000 0.000 0.000 0.000 0.000 0.000 0.000
-0.001 -0.002 -0.003 -0.004 -0.007 -0.013 -0.026 -0.052 -0.098 -0.167 -0.256 -0.361 -0.473 -0.590 -0.699 -0.816 -0.946 -1.089 -1.257 -1.455 -1.695 -1.935 -2.149 -2.348 -2.528 -2.675 -2.845 -3.043 -3.210 -3.327 -3.427 -3.505 -3.485 -3.347 -3.228 -3.090 -2.837 -2.542 -2.244 -1.933 -1.562 -1.132 -0.704 -0.368 -0.165 -0.070 -0.030 -0.012 -0.005 -0.002 -0.001 -0.000 -0.000 -0.000 -0.000 -0.000 0.000 0.000 0.000 0.000 0.000 0.000 0.000 0.000 0.000 0.000 0.000 0.000 0.000 0.000 0.000 0.000 0.000 0.000
-0.002 -0.004 -0.006 -0.011 -0.021 -0.041 -0.079 -0.138 -0.222 -0.322 -0.428 -0.543 -0.664 -0.797 -0.939 -1.098 -1.298 -1.520 -1.778 -2.076 -2.362 -2.605 -2.775 -2.883 -2.958 -3.031 -3.141 -3.291 -3.411 -3.442 -3.408 -3.371 -3.255 -3.030 -2.833 -2.588 -2.240 -1.845 -1.507 -1.187 -0.855 -0.537 -0.299 -0.153 -0.072 -0.034 -0.016 -0.007 -0.003 -0.001 -0.001 -0.000 -0.000 -0.000 -0.000 0.000 0.000 0.000 0.000 0.000 0.000 0.000 0.000 0.000 0.000 0.000 0.000 0.000 0.000 0.000 0.000 0.000 0.000 0.000
-0.005 -0.009 -0.017 -0.033 -0.063 -0.115 -0.191 -0.286 -0.390 -0.504 -0.620 -0.746 -0.891 -1.059 -1.255 -1.496 -1.795 -2.128 -2.430 -2.701 -2.903 -3.015 -3.060 -3.080 -3.083 -3.091 -3.143 -3.232 -3.274 -3.225 -3.049 -2.819 -2.566 -2.257 -1.960 -1.671 -1.351 -1.047 -0.802 -0.592 -0.404 -0.249 -0.141 -0.075 -0.039 -0.019 -0.009 -0.004 -0.002 -0.001 -0.000 -0.000 -0.000 -0.000 -0.000 0.000 0.000 0.000 0.000 0.000 0.000 0.000 0.000 0.000 0.000 0.000 0.000 0.000 0.000 0.000 0.000 0.000 0.000 0.000
-0.014 -0.027 -0.051 -0.095 -0.161 -0.248 -0.352 -0.463 -0.580 -0.711 -0.857 -1.015 -1.209 -1.451 -1.724 -2.050 -2.411 -2.738 -2.930 -3.036 -3.084 -3.091 -3.053 -3.021 -2.983 -2.924 -2.896 -2.868 -2.792 -2.624 -2.365 -2.044 -1.723 -1.448 -1.214 -1.011 -0.819 -0.637 -0.483 -0.352 -0.242 -0.152 -0.087 -0.046 -0.023 -0.011 -0.005 -0.003 -0.001 -0.001 -0.000 -0.000 -0.000 -0.000 -0.000 0.000 0.000 0.000 0.000 0.000 0.000 0.000 0.000 0.000 0.000 0.000 0.000 0.000 0.000 0.000 0.000 0.000 0.000 0.000
-0.042 -0.079 -0.138 -0.219 -0.320 -0.429 -0.540 -0.663 -0.802 -0.965 -1.163 -1.395 -1.659 -1.985 -2.335 -2.659 -2.914 -3.064 -3.096 -3.071 -3.014 -2.925 -2.794 -2.669 -2.555 -2.439 -2.351 -2.259 -2.110 -1.905 -1.671 -1.425 -1.192 -0.997 -0.842 -0.706 -0.573 -0.449 -0.342 -0.249 -0.168 -0.103 -0.056 -0.027 -0.013 -0.006 -0.003 -0.002 -0.001 -0.001 -0.000 -0.000 -0.000 -0.000 -0.000 0.000 0.000 0.000 0.000 0.000 0.000 0.000 0.000 0.000 0.000 0.000 0.000 0.000 0.000 0.000 0.000 0.000 0.000 0.000
-0.115 -0.188 -0.283 -0.392 -0.507 -0.631 -0.761 -0.910 -1.089 -1.303 -1.562 -1.859 -2.185 -2.520 -2.818 -3.007 -3.089 -3.071 -2.991 -2.848 -2.667 -2.461 -2.263 -2.102 -1.984 -1.891 -1.817 -1.731 -1.595 -1.411 -1.219 -1.041 -0.884 -0.751 -0.634 -0.531 -0.430 -0.336 -0.256 -0.184 -0.118 -0.066 -0.033 -0.016 -0.008 -0.004 -0.002 -0.001 -0.001 -0.000 -0.000 -0.000 -0.000 -0.000 0.000 0.000 0.000 0.000 0.000 0.000 0.000 0.000 0.000 0.000 0.000 0.000 0.000 0.000 0.000 0.000 0.000 0.000 0.000 0.000
-0.249 -0.350 -0.460 -0.581 -0.709 -0.850 -1.015 -1.204 -1.434 -1.698 -2.008 -2.323 -2.621 -2.845 -2.981 -3.028 -2.966 -2.808 -2.585 -2.334 -2.076 -1.870 -1.720 -1.635 -1.589 -1.540 -1.476 -1.382 -1.247 -1.087 -0.936 -0.806 -0.691 -0.595 -0.505 -0.418 -0.336 -0.258 -0.191 -0.132 -0.078 -0.040 -0.019 -0.010 -0.005 -0.003 -0.002 -0.001 -0.000 -0.000 -0.000 -0.000 -0.000 -0.000 0.000 0.000 0.000 0.000 0.000 0.000 0.000 0.000 0.000 0.000 0.000 0.000 0.000 0.000 0.000 0.000 0.000 0.000 0.000 0.000
-0.429 -0.541 -0.660 -0.791 -0.938 -1.105 -1.300 -1.525 -1.799 -2.090 -2.389 -2.643 -2.826 -2.914 -2.894 -2.816 -2.624 -2.317 -2.013 -1.753 -1.563 -1.452 -1.393 -1.366 -1.358 -1.322 -1.242 -1.131 -1.000 -0.865 -0.745 -0.648 -0.565 -0.487 -0.411 -0.338 -0.267 -0.201 -0.142 -0.091 -0.050 -0.025 -0.012 -0.006 -0.003 -0.002 -0.001 -0.001 -0.000 -0.000 -0.000 -0.000 -0.000 -0.000 0.000 0.000 0.000 0.000 0.000 0.000 0.000 0.000 0.000 0.000 0.000 0.000 0.000 0.000 0.000 0.000 0.000 0.000 0.000 0.000
-0.611 -0.736 -0.868 -1.018 -1.188 -1.384 -1.612 -1.866 -2.144 -2.417 -2.633 -2.768 -2.818 -2.791 -2.634 -2.402 -2.141 -1.827 -1.566 -1.392 -1.287 -1.235 -1.214 -1.212 -1.201 -1.152 -1.053 -0.931 -0.807 -0.702 -0.612 -0.533 -0.467 -0.405 -0.339 -0.273 -0.212 -0.155 -0.104 -0.062 -0.032 -0.016 -0.008 -0.004 -0.002 -0.001 -0.001 -0.000 -0.000 -0.000 -0.000 -0.000 -0.000 0.000 0.000 0.000 0.000 0.000 0.000 0.000 0.000 0.000 0.000 0.000 0.000 0.000 0.000 0.000 0.000 0.000 0.000 0.000 0.000 0.000
-0.787 -0.922 -1.073 -1.244 -1.442 -1.667 -1.918 -2.189 -2.421 -2.614 -2.715 -2.735 -2.668 -2.511 -2.256 -1.956 -1.683 -1.464 -1.315 -1.220 -1.163 -1.136 -1.125 -1.112 -1.074 -0.997 -0.886 -0.763 -0.656 -0.572 -0.507 -0.448 -0.393 -0.337 -0.279 -0.221 -0.167 -0.119 -0.076 -0.042 -0.021 -0.011 -0.005 -0.003 -0.002 -0.001 -0.000 -0.000 -0.000 -0.000 -0.000 -0.000 -0.000 0.000 0.000 0.000 0.000 0.000 0.000 0.000 0.000 0.000 0.000 0.000 0.000 0.000 0.000 0.000 0.000 0.000 0.000 0.000 0.000 0.000
-0.986 -1.127 -1.291 -1.483 -1.701 -1.945 -2.192 -2.415 -2.574 -2.659 -2.643 -2.563 -2.404 -2.159 -1.871 -1.599 -1.378 -1.233 -1.155 -1.120 -1.100 -1.084 -1.067 -1.028 -0.953 -0.849 -0.734 -0.626 -0.540 -0.475 -0.424 -0.379 -0.333 -0.283 -0.229 -0.177 -0.131 -0.090 -0.054 -0.028 -0.014 -0.007 -0.004 -0.002 -0.001 -0.001 -0.000 -0.000 -0.000 -0.000 -0.000 -0.000 0.000 0.000 0.000 0.000 0.000 0.000 0.000 0.000 0.000 0.000 0.000 0.000 0.000 0.000 0.000 0.000 0.000 0.000 0.000 0.000 0.000 0.000
-1.189 -1.344 -1.531 -1.731 -1.949 -2.175 -2.372 -2.510 -2.564 -2.558 -2.454 -2.270 -2.052 -1.788 -1.523 -1.310 -1.171 -1.094 -1.056 -1.047 -1.053 -1.037 -0.993 -0.924 -0.827 -0.711 -0.602 -0.515 -0.451 -0.402 -0.360 -0.320 -0.280 -0.236 -0.188 -0.142 -0.102 -0.066 -0.037 -0.019 -0.009 -0.005 -0.002 -0.001 -0.001 -0.000 -0.000 -0.000 -0.000 -0.000 -0.000 -0.000 0.000 0.000 0.000 0.000 0.000 0.000 0.000 0.000 0.000 0.000 0.000 0.000 0.000 0.000 0.000 0.000 0.000 0.000 0.000 0.000 0.000 0.000
-1.381 -1.547 -1.751 -1.956 -2.142 -2.323 -2.440 -2.484 -2.448 -2.359 -2.209 -1.978 -1.716 -1.451 -1.237 -1.093 -1.016 -0.988 -0.991 -0.999 -1.003 -0.974 -0.900 -0.802 -0.691 -0.581 -0.494 -0.429 -0.380 -0.342 -0.308 -0.272 -0.232 -0.192 -0.151 -0.112 -0.078 -0.048 -0.025 -0.012 -0.006 -0.003 -0.002 -0.001 -0.001 -0.000 -0.000 -0.000 -0.000 -0.000 -0.000 0.000 0.000 0.000 0.000 0.000 0.000 0.000 0.000 0.000 0.000 0.000 0.000 0.000 0.000 0.000 0.000 0.000 0.000 0.000 0.000 0.000 0.000 0.000
-1.564 -1.742 -1.934 -2.120 -2.262 -2.363 -2.421 -2.377 -2.273 -2.123 -1.931 -1.688 -1.429 -1.205 -1.053 -0.967 -0.929 -0.925 -0.940 -0.952 -0.944 -0.888 -0.789 -0.676 -0.565 -0.475 -0.410 -0.363 -0.325 -0.293 -0.263 -0.230 -0.193 -0.155 -0.120 -0.087 -0.058 -0.034 -0.017 -0.008 -0.004 -0.002 -0.001 -0.001 -0.000 -0.000 -0.000 -0.000 -0.000 -0.000 -0.000 0.000 0.000 0.000 0.000 0.000 0.000 0.000 0.000 0.000 0.000 0.000 0.000 0.000 0.000 0.000 0.000 0.000 0.000 0.000 0.000 0.000 0.000 0.000
-1.737 -1.917 -2.078 -2.215 -2.295 -2.315 -2.299 -2.221 -2.076 -1.882 -1.643 -1.403 -1.187 -1.033 -0.950 -0.903 -0.890 -0.903 -0.915 -0.906 -0.865 -0.783 -0.666 -0.557 -0.466 -0.400 -0.351 -0.313 -0.282 -0.254 -0.226 -0.194 -0.159 -0.126 -0.096 -0.068 -0.043 -0.024 -0.011 -0.005 -0.003 -0.001 -0.001 -0.000 -0.000 -0.000 -0.000 -0.000 -0.000 -0.000 -0.000 0.000 0.000 0.000 0.000 0.000 0.000 0.000 0.000 0.000 0.000 0.000 0.000 0.000 0.000 0.000 0.000 0.000 0.000 0.000 0.000 0.000 0.000 0.000
-1.896 -2.043 -2.170 -2.234 -2.245 -2.205 -2.141 -2.032 -1.863 -1.638 -1.383 -1.166 -1.016 -0.927 -0.888 -0.876 -0.878 -0.893 -0.886 -0.848 -0.771 -0.661 -0.547 -0.459 -0.394 -0.345 -0.306 -0.274 -0.246 -0.221 -0.194 -0.164 -0.132 -0.104 -0.078 -0.053 -0.032 -0.017 -0.008 -0.004 -0.002 -0.001 -0.001 -0.000 -0.000 -0.000 -0.000 -0.000 -0.000 -0.000 -0.000 0.000 0.000 0.000 0.000 0.000 0.000 0.000 0.000 0.000 0.000 0.000 0.000 0.000 0.000 0.000 0.000 0.000 0.000 0.000 0.000 0.000 0.000 0.000
-2.018 -2.113 -2.179 -2.181 -2.135 -2.056 -1.969 -1.838 -1.636 -1.397 -1.168 -1.009 -0.917 -0.874 -0.856 -0.869 -0.878 -0.871 -0.834 -0.760 -0.654 -0.541 -0.450 -0.386 -0.340 -0.302 -0.270 -0.241 -0.215 -0.191 -0.165 -0.138 -0.111 -0.086 -0.063 -0.041 -0.023 -0.012 -0.006 -0.003 -0.001 -0.001 -0.000 -0.000 -0.000 -0.000 -0.000 -0.000 -0.000 -0.000 -0.000 0.000 0.000 0.000 0.000 0.000 0.000 0.000 0.000 0.000 0.000 0.000 0.000 0.000 0.000 0.000 0.000 0.000 0.000 0.000 0.000 0.000 0.000 0.000
-2.091 -2.128 -2.118 -2.069 -1.990 -1.901 -1.788 -1.630 -1.418 -1.190 -1.013 -0.911 -0.864 -0.850 -0.853 -0.864 -0.863 -0.818 -0.743 -0.644 -0.534 -0.441 -0.377 -0.333 -0.298 -0.268 -0.239 -0.212 -0.187 -0.164 -0.141 -0.117 -0.094 -0.071 -0.048 -0.029 -0.016 -0.008 -0.004 -0.002 -0.001 -0.001 -0.000 -0.000 -0.000 -0.000 -0.000 -0.000 -0.000 -0.000 -0.000 0.000 0.000 0.000 0.000 0.000 0.000 0.000 0.000 0.000 0.000 0.000 0.000 0.000 0.000 0.000 0.000 0.000 0.000 0.000 0.000 0.000 0.000 0.000
-2.097 -2.072 -2.017 -1.934 -1.847 -1.750 -1.622 -1.430 -1.207 -1.031 -0.916 -0.855 -0.835 -0.843 -0.854 -0.850 -0.814 -0.732 -0.628 -0.525 -0.434 -0.368 -0.322 -0.290 -0.263 -0.238 -0.212 -0.186 -0.163 -0.141 -0.120 -0.099 -0.078 -0.056 -0.034 -0.019 -0.010 -0.005 -0.002 -0.001 -0.001 -0.000 -0.000 -0.000 -0.000 -0.000 -0.000 -0.000 -0.000 -0.000 -0.000 0.000 0.000 0.000 0.000 0.000 0.000 0.000 0.000 0.000 0.000 0.000 0.000 0.000 0.000 0.000 0.000 0.000 0.000 0.000 0.000 0.000 0.000 0.000
-2.042 -1.975 -1.902 -1.821 -1.727 -1.609 -1.447 -1.234 -1.035 -0.914 -0.854 -0.823 -0.818 -0.830 -0.827 -0.796 -0.731 -0.627 -0.520 -0.430 -0.363 -0.315 -0.280 -0.253 -0.231 -0.210 -0.186 -0.162 -0.140 -0.121 -0.102 -0.083 -0.062 -0.040 -0.023 -0.012 -0.006 -0.003 -0.002 -0.001 -0.000 -0.000 -0.000 -0.000 -0.000 -0.000 -0.000 -0.000 -0.000 -0.000 -0.000 0.000 0.000 0.000 0.000 0.000 0.000 0.000 0.000 0.000 0.000 0.000 0.000 0.000 0.000 0.000 0.000 0.000 0.000 0.000 0.000 0.000 0.000 0.000
