AvaFrame/avaframe/data/avaSalk/Avaflow_Input_Output/slk_results/slk_ascii/slk_basechange10017.asc
ncols 296
nrows 144
xllcenter 761600.00
yllcenter 8523000.00
cellsize 12.50
NODATA_value -9999.000
[rows 33 to 65 of 144, columns 222 to 295 of 296]
0.000 0.000 0.000 0.000 -0.000 -0.000 -0.000 -0.000 -0.000 -0.000 -0.000 -0.000 -0.000 -0.000 -0.000 -0.000 -0.000 -0.000 -0.000 -0.000 -0.000 -0.001 -0.001 -0.001 -0.002 -0.004 -0.007 -0.014 -0.026 -0.045 -0.071 -0.104 -0.146 -0.196 -0.267 -0.343 -0.426 -0.520 -0.599 -0.672 -0.727 -0.749 -0.724 -0.663 -0.572 -0.410 -0.204 -0.072 -0.021 -0.004 -0.001 -0.000 -0.000 -0.000 -0.000 0.000 0.000 0.000 0.000 0.000 0.000 0.000 0.000 0.000 0.000 0.000 0.000 0.000 0.000 0.000 0.000 0.000 0.000 0.000
0.000 0.000 0.000 -0.000 -0.000 -0.000 -0.000 -0.000 -0.000 -0.000 -0.000 -0.000 -0.000 -0.000 -0.000 -0.000 -0.000 -0.000 -0.000 -0.001 -0.001 -0.001 -0.002 -0.004 -0.007 -0.014 -0.026 -0.046 -0.074 -0.109 -0.150 -0.195 -0.249 -0.312 -0.409 -0.533 -0.669 -0.817 -0.934 -1.010 -1.049 -1.029 -0.956 -0.837 -0.679 -0.461 -0.226 -0.072 -0.020 -0.004 -0.001 -0.000 -0.000 -0.000 -0.000 0.000 0.000 0.000 0.000 0.000 0.000 0.000 0.000 0.000 0.000 0.000 0.000 0.000 0.000 0.000 0.000 0.000 0.000 0.000
0.000 -0.000 -0.000 -0.000 -0.000 -0.000 -0.000 -0.000 -0.000 -0.000 -0.000 -0.000 -0.000 -0.000 -0.000 -0.000 -0.000 -0.001 -0.001 -0.001 -0.002 -0.003 -0.006 -0.012 -0.024 -0.044 -0.073 -0.111 -0.155 -0.203 -0.254 -0.311 -0.376 -0.465 -0.610 -0.815 -1.053 -1.317 -1.523 -1.618 -1.650 -1.582 -1.405 -1.135 -0.840 -0.532 -0.241 -0.079 -0.021 -0.005 -0.001 -0.000 -0.000 -0.000 -0.000 -0.000 0.000 0.000 0.000 0.000 0.000 0.000 0.000 0.000 0.000 0.000 0.000 0.000 0.000 0.000 0.000 0.000 0.000 0.000
-0.000 -0.000 -0.000 -0.000 -0.000 -0.000 -0.000 -0.000 -0.000 -0.000 -0.000 -0.000 -0.000 -0.000 -0.000 -0.000 -0.001 -0.001 -0.002 -0.003 -0.005 -0.010 -0.020 -0.040 -0.069 -0.108 -0.154 -0.204 -0.257 -0.313 -0.373 -0.444 -0.529 -0.684 -0.942 -1.251 -1.590 -1.997 -2.349 -2.530 -2.574 -2.505 -2.245 -1.762 -1.209 -0.672 -0.274 -0.086 -0.023 -0.005 -0.001 -0.000 -0.000 -0.000 -0.000 -0.000 0.000 0.000 0.000 0.000 0.000 0.000 0.000 0.000 0.000 0.000 0.000 0.000 0.000 0.000 0.000 0.000 0.000 0.000
-0.000 -0.000 -0.000 -0.000 -0.000 -0.000 -0.000 -0.000 -0.000 -0.000 -0.000 -0.000 -0.000 -0.000 -0.001 -0.001 -0.001 -0.002 -0.004 -0.009 -0.017 -0.034 -0.062 -0.101 -0.148 -0.198 -0.252 -0.309 -0.368 -0.429 -0.495 -0.583 -0.702 -0.949 -1.369 -1.851 -2.280 -2.618 -2.858 -3.072 -3.186 -3.205 -2.966 -2.513 -1.838 -0.981 -0.346 -0.093 -0.023 -0.005 -0.001 -0.000 -0.000 -0.000 -0.000 -0.000 0.000 0.000 0.000 0.000 0.000 0.000 0.000 0.000 0.000 0.000 0.000 0.000 0.000 0.000 0.000 0.000 0.000 0.000
-0.000 -0.000 -0.000 -0.000 -0.000 -0.000 -0.000 -0.000 -0.000 -0.000 -0.000 -0.000 -0.001 -0.001 -0.001 -0.002 -0.003 -0.006 -0.013 -0.027 -0.052 -0.090 -0.137 -0.189 -0.244 -0.300 -0.358 -0.419 -0.483 -0.551 -0.622 -0.732 -0.924 -1.311 -1.859 -2.426 -2.923 -3.012 -2.759 -2.661 -2.798 -2.994 -2.815 -2.677 -2.492 -1.459 -0.463 -0.105 -0.025 -0.006 -0.001 -0.000 -0.000 -0.000 -0.000 -0.000 0.000 0.000 0.000 0.000 0.000 0.000 0.000 0.000 0.000 0.000 0.000 0.000 0.000 0.000 0.000 0.000 0.000 0.000
-0.000 -0.000 -0.000 -0.000 -0.000 -0.000 -0.000 -0.000 -0.000 -0.000 -0.001 -0.001 -0.001 -0.002 -0.003 -0.005 -0.009 -0.019 -0.040 -0.075 -0.121 -0.174 -0.231 -0.290 -0.350 -0.413 -0.476 -0.543 -0.612 -0.685 -0.771 -0.913 -1.242 -1.794 -2.316 -2.689 -3.086 -3.145 -2.801 -2.223 -1.857 -2.073 -2.189 -2.411 -2.738 -1.815 -0.525 -0.110 -0.026 -0.006 -0.002 -0.000 -0.000 -0.000 -0.000 -0.000 0.000 0.000 0.000 0.000 0.000 0.000 0.000 0.000 0.000 0.000 0.000 0.000 0.000 0.000 0.000 0.000 0.000 0.000
-0.000 -0.000 -0.000 -0.000 -0.000 -0.000 -0.000 -0.000 -0.001 -0.001 -0.001 -0.002 -0.002 -0.004 -0.007 -0.014 -0.028 -0.056 -0.100 -0.155 -0.215 -0.276 -0.338 -0.405 -0.471 -0.541 -0.610 -0.684 -0.764 -0.848 -0.957 -1.156 -1.629 -2.139 -2.350 -2.543 -2.878 -2.789 -2.669 -2.249 -1.767 -1.768 -1.696 -2.407 -2.782 -1.866 -0.524 -0.104 -0.025 -0.006 -0.002 -0.001 -0.000 -0.000 -0.000 -0.000 0.000 0.000 0.000 0.000 0.000 0.000 0.000 0.000 0.000 0.000 0.000 0.000 0.000 0.000 0.000 0.000 0.000 0.000
-0.000 -0.000 -0.000 -0.000 -0.000 -0.000 -0.000 -0.001 -0.001 -0.001 -0.002 -0.003 -0.005 -0.010 -0.020 -0.041 -0.078 -0.132 -0.196 -0.261 -0.326 -0.396 -0.465 -0.539 -0.614 -0.691 -0.769 -0.849 -0.942 -1.045 -1.201 -1.495 -1.983 -2.270 -2.193 -2.185 -2.372 -2.226 -2.323 -2.106 -1.726 -1.819 -1.767 -2.579 -2.739 -1.567 -0.440 -0.093 -0.023 -0.005 -0.002 -0.001 -0.000 -0.000 -0.000 -0.000 0.000 0.000 0.000 0.000 0.000 0.000 0.000 0.000 0.000 0.000 0.000 0.000 0.000 0.000 0.000 0.000 0.000 0.000
-0.000 -0.000 -0.000 -0.000 -0.000 -0.001 -0.001 -0.001 -0.002 -0.003 -0.005 -0.008 -0.015 -0.029 -0.060 -0.110 -0.178 -0.252 -0.327 -0.400 -0.472 -0.545 -0.625 -0.707 -0.792 -0.881 -0.972 -1.064 -1.174 -1.311 -1.538 -1.945 -2.334 -2.409 -2.223 -2.185 -2.204 -2.099 -2.400 -2.269 -1.958 -1.931 -1.903 -2.488 -2.192 -1.051 -0.297 -0.073 -0.019 -0.005 -0.002 -0.001 -0.000 -0.000 -0.000 -0.000 0.000 0.000 0.000 0.000 0.000 0.000 0.000 0.000 0.000 0.000 0.000 0.000 0.000 0.000 0.000 0.000 0.000 0.000
-0.000 -0.000 -0.000 -0.001 -0.001 -0.001 -0.002 -0.003 -0.004 -0.007 -0.013 -0.024 -0.046 -0.088 -0.153 -0.236 -0.322 -0.407 -0.490 -0.572 -0.655 -0.740 -0.835 -0.934 -1.032 -1.138 -1.246 -1.368 -1.517 -1.736 -2.034 -2.445 -2.681 -2.636 -2.473 -2.376 -2.341 -2.204 -2.306 -2.232 -2.049 -1.988 -2.078 -2.138 -1.465 -0.628 -0.177 -0.052 -0.014 -0.004 -0.002 -0.001 -0.000 -0.000 -0.000 -0.000 0.000 0.000 0.000 0.000 0.000 0.000 0.000 0.000 0.000 0.000 0.000 0.000 0.000 0.000 0.000 0.000 0.000 0.000
-0.000 -0.001 -0.001 -0.001 -0.002 -0.002 -0.004 -0.006 -0.011 -0.021 -0.040 -0.075 -0.133 -0.213 -0.308 -0.406 -0.496 -0.584 -0.673 -0.775 -0.880 -0.994 -1.125 -1.255 -1.383 -1.521 -1.679 -1.862 -2.110 -2.445 -2.799 -3.036 -3.108 -3.027 -2.987 -2.841 -2.709 -2.615 -2.649 -2.613 -2.400 -2.196 -2.023 -1.564 -0.835 -0.333 -0.108 -0.035 -0.010 -0.003 -0.001 -0.001 -0.000 -0.000 -0.000 -0.000 0.000 0.000 0.000 0.000 0.000 0.000 0.000 0.000 0.000 0.000 0.000 0.000 0.000 0.000 0.000 0.000 0.000 0.000
-0.001 -0.001 -0.002 -0.002 -0.003 -0.005 -0.009 -0.017 -0.034 -0.065 -0.117 -0.192 -0.291 -0.395 -0.497 -0.597 -0.697 -0.802 -0.912 -1.047 -1.208 -1.371 -1.560 -1.764 -1.964 -2.179 -2.441 -2.738 -3.061 -3.392 -3.699 -3.823 -3.756 -3.632 -3.620 -3.581 -3.468 -3.359 -3.262 -2.969 -2.555 -2.007 -1.474 -0.863 -0.397 -0.156 -0.060 -0.022 -0.007 -0.003 -0.001 -0.000 -0.000 -0.000 -0.000 -0.000 0.000 0.000 0.000 0.000 0.000 0.000 0.000 0.000 0.000 0.000 0.000 0.000 0.000 0.000 0.000 0.000 0.000 0.000
-0.001 -0.002 -0.003 -0.005 -0.008 -0.014 -0.026 -0.052 -0.099 -0.167 -0.257 -0.362 -0.475 -0.592 -0.701 -0.819 -0.950 -1.096 -1.268 -1.475 -1.734 -2.011 -2.286 -2.575 -2.869 -3.141 -3.439 -3.742 -3.977 -4.120 -4.204 -4.249 -4.165 -3.989 -3.899 -3.775 -3.544 -3.228 -2.852 -2.400 -1.826 -1.226 -0.723 -0.372 -0.167 -0.071 -0.031 -0.012 -0.005 -0.002 -0.001 -0.000 -0.000 -0.000 -0.000 -0.000 0.000 0.000 0.000 0.000 0.000 0.000 0.000 0.000 0.000 0.000 0.000 0.000 0.000 0.000 0.000 0.000 0.000 0.000
-0.003 -0.004 -0.007 -0.011 -0.021 -0.042 -0.079 -0.139 -0.222 -0.323 -0.429 -0.545 -0.665 -0.800 -0.943 -1.105 -1.309 -1.540 -1.820 -2.169 -2.551 -2.936 -3.271 -3.529 -3.713 -3.849 -3.994 -4.164 -4.278 -4.263 -4.157 -4.074 -3.914 -3.633 -3.385 -3.065 -2.594 -2.057 -1.629 -1.248 -0.880 -0.546 -0.302 -0.154 -0.073 -0.034 -0.016 -0.007 -0.003 -0.001 -0.001 -0.000 -0.000 -0.000 -0.000 0.000 0.000 0.000 0.000 0.000 0.000 0.000 0.000 0.000 0.000 0.000 0.000 0.000 0.000 0.000 0.000 0.000 0.000 0.000
-0.006 -0.010 -0.017 -0.033 -0.063 -0.115 -0.192 -0.287 -0.391 -0.505 -0.622 -0.748 -0.894 -1.065 -1.264 -1.513 -1.830 -2.208 -2.611 -3.056 -3.468 -3.762 -3.920 -3.996 -4.003 -3.983 -4.000 -4.052 -4.023 -3.865 -3.562 -3.235 -2.909 -2.521 -2.144 -1.771 -1.394 -1.069 -0.815 -0.599 -0.408 -0.251 -0.142 -0.076 -0.039 -0.019 -0.009 -0.004 -0.002 -0.001 -0.001 -0.000 -0.000 -0.000 -0.000 0.000 0.000 0.000 0.000 0.000 0.000 0.000 0.000 0.000 0.000 0.000 0.000 0.000 0.000 0.000 0.000 0.000 0.000 0.000
-0.015 -0.027 -0.052 -0.095 -0.162 -0.249 -0.353 -0.464 -0.582 -0.713 -0.860 -1.020 -1.216 -1.464 -1.749 -2.104 -2.542 -3.030 -3.449 -3.767 -3.944 -3.999 -3.938 -3.844 -3.736 -3.605 -3.510 -3.399 -3.212 -2.920 -2.552 -2.155 -1.790 -1.488 -1.239 -1.025 -0.826 -0.642 -0.487 -0.354 -0.244 -0.153 -0.088 -0.047 -0.023 -0.011 -0.006 -0.003 -0.001 -0.001 -0.000 -0.000 -0.000 -0.000 -0.000 0.000 0.000 0.000 0.000 0.000 0.000 0.000 0.000 0.000 0.000 0.000 0.000 0.000 0.000 0.000 0.000 0.000 0.000 0.000
-0.043 -0.080 -0.139 -0.220 -0.321 -0.430 -0.542 -0.665 -0.805 -0.969 -1.169 -1.404 -1.676 -2.020 -2.413 -2.843 -3.298 -3.697 -3.918 -3.961 -3.880 -3.703 -3.446 -3.200 -2.986 -2.790 -2.639 -2.491 -2.282 -2.021 -1.739 -1.461 -1.210 -1.008 -0.849 -0.710 -0.577 -0.453 -0.345 -0.251 -0.170 -0.104 -0.057 -0.028 -0.013 -0.007 -0.004 -0.002 -0.001 -0.001 -0.000 -0.000 -0.000 -0.000 -0.000 0.000 0.000 0.000 0.000 0.000 0.000 0.000 0.000 0.000 0.000 0.000 0.000 0.000 0.000 0.000 0.000 0.000 0.000 0.000
-0.115 -0.189 -0.284 -0.393 -0.508 -0.633 -0.764 -0.914 -1.094 -1.310 -1.574 -1.882 -2.232 -2.627 -3.054 -3.454 -3.771 -3.900 -3.839 -3.617 -3.309 -2.967 -2.647 -2.392 -2.208 -2.070 -1.963 -1.846 -1.679 -1.466 -1.253 -1.061 -0.896 -0.759 -0.640 -0.535 -0.434 -0.339 -0.258 -0.186 -0.119 -0.067 -0.033 -0.016 -0.008 -0.004 -0.002 -0.001 -0.001 -0.000 -0.000 -0.000 -0.000 -0.000 0.000 0.000 0.000 0.000 0.000 0.000 0.000 0.000 0.000 0.000 0.000 0.000 0.000 0.000 0.000 0.000 0.000 0.000 0.000 0.000
-0.250 -0.351 -0.461 -0.583 -0.712 -0.853 -1.020 -1.210 -1.443 -1.714 -2.038 -2.386 -2.757 -3.123 -3.469 -3.720 -3.767 -3.599 -3.278 -2.877 -2.469 -2.154 -1.932 -1.804 -1.731 -1.659 -1.572 -1.454 -1.297 -1.118 -0.956 -0.819 -0.700 -0.601 -0.509 -0.422 -0.339 -0.260 -0.193 -0.133 -0.079 -0.041 -0.020 -0.010 -0.005 -0.003 -0.002 -0.001 -0.001 -0.000 -0.000 -0.000 -0.000 -0.000 0.000 0.000 0.000 0.000 0.000 0.000 0.000 0.000 0.000 0.000 0.000 0.000 0.000 0.000 0.000 0.000 0.000 0.000 0.000 0.000
-0.431 -0.543 -0.662 -0.794 -0.942 -1.110 -1.308 -1.537 -1.819 -2.127 -2.466 -2.806 -3.139 -3.423 -3.578 -3.595 -3.385 -2.976 -2.526 -2.114 -1.809 -1.630 -1.537 -1.491 -1.469 -1.416 -1.313 -1.180 -1.032 -0.886 -0.759 -0.657 -0.572 -0.491 -0.415 -0.341 -0.269 -0.203 -0.143 -0.092 -0.051 -0.025 -0.013 -0.007 -0.004 -0.002 -0.001 -0.001 -0.000 -0.000 -0.000 -0.000 -0.000 -0.000 0.000 0.000 0.000 0.000 0.000 0.000 0.000 0.000 0.000 0.000 0.000 0.000 0.000 0.000 0.000 0.000 0.000 0.000 0.000 0.000
-0.612 -0.738 -0.871 -1.023 -1.195 -1.393 -1.626 -1.890 -2.189 -2.506 -2.814 -3.099 -3.335 -3.469 -3.384 -3.139 -2.793 -2.336 -1.929 -1.644 -1.469 -1.378 -1.335 -1.318 -1.290 -1.221 -1.103 -0.964 -0.829 -0.717 -0.622 -0.541 -0.473 -0.409 -0.342 -0.276 -0.214 -0.157 -0.106 -0.063 -0.033 -0.017 -0.008 -0.005 -0.002 -0.001 -0.001 -0.000 -0.000 -0.000 -0.000 -0.000 -0.000 0.000 0.000 0.000 0.000 0.000 0.000 0.000 0.000 0.000 0.000 0.000 0.000 0.000 0.000 0.000 0.000 0.000 0.000 0.000 0.000 0.000
-0.790 -0.926 -1.078 -1.251 -1.453 -1.684 -1.946 -2.241 -2.520 -2.807 -3.058 -3.255 -3.330 -3.247 -2.983 -2.601 -2.200 -1.844 -1.582 -1.412 -1.311 -1.258 -1.229 -1.198 -1.142 -1.047 -0.920 -0.786 -0.671 -0.582 -0.515 -0.454 -0.397 -0.341 -0.282 -0.223 -0.169 -0.120 -0.077 -0.043 -0.022 -0.011 -0.006 -0.003 -0.002 -0.001 -0.001 -0.000 -0.000 -0.000 -0.000 -0.000 -0.000 0.000 0.000 0.000 0.000 0.000 0.000 0.000 0.000 0.000 0.000 0.000 0.000 0.000 0.000 0.000 0.000 0.000 0.000 0.000 0.000 0.000
-0.990 -1.132 -1.299 -1.495 -1.721 -1.978 -2.250 -2.525 -2.778 -3.007 -3.157 -3.224 -3.139 -2.888 -2.528 -2.128 -1.764 -1.508 -1.358 -1.279 -1.229 -1.190 -1.154 -1.096 -1.004 -0.884 -0.757 -0.641 -0.551 -0.483 -0.430 -0.384 -0.337 -0.286 -0.231 -0.179 -0.133 -0.091 -0.055 -0.029 -0.015 -0.008 -0.004 -0.002 -0.001 -0.001 -0.000 -0.000 -0.000 -0.000 -0.000 -0.000 0.000 0.000 0.000 0.000 0.000 0.000 0.000 0.000 0.000 0.000 0.000 0.000 0.000 0.000 0.000 0.000 0.000 0.000 0.000 0.000 0.000 0.000
-1.196 -1.353 -1.545 -1.753 -1.986 -2.240 -2.491 -2.725 -2.920 -3.077 -3.111 -3.004 -2.785 -2.452 -2.050 -1.686 -1.438 -1.295 -1.216 -1.181 -1.164 -1.128 -1.064 -0.976 -0.863 -0.735 -0.618 -0.527 -0.459 -0.408 -0.365 -0.324 -0.283 -0.239 -0.190 -0.144 -0.103 -0.067 -0.038 -0.019 -0.010 -0.005 -0.003 -0.002 -0.001 -0.001 -0.000 -0.000 -0.000 -0.000 -0.000 -0.000 0.000 0.000 0.000 0.000 0.000 0.000 0.000 0.000 0.000 0.000 0.000 0.000 0.000 0.000 0.000 0.000 0.000 0.000 0.000 0.000 0.000 0.000
-1.392 -1.563 -1.776 -1.997 -2.213 -2.451 -2.665 -2.849 -2.971 -3.016 -2.940 -2.703 -2.364 -1.968 -1.609 -1.343 -1.196 -1.135 -1.120 -1.112 -1.098 -1.048 -0.955 -0.840 -0.716 -0.598 -0.506 -0.437 -0.387 -0.347 -0.311 -0.275 -0.235 -0.194 -0.153 -0.114 -0.079 -0.049 -0.026 -0.013 -0.006 -0.003 -0.002 -0.001 -0.001 -0.000 -0.000 -0.000 -0.000 -0.000 -0.000 0.000 0.000 0.000 0.000 0.000 0.000 0.000 0.000 0.000 0.000 0.000 0.000 0.000 0.000 0.000 0.000 0.000 0.000 0.000 0.000 0.000 0.000 0.000
-1.582 -1.770 -1.980 -2.198 -2.397 -2.598 -2.796 -2.901 -2.928 -2.848 -2.654 -2.339 -1.951 -1.582 -1.310 -1.146 -1.068 -1.044 -1.046 -1.047 -1.022 -0.947 -0.829 -0.702 -0.582 -0.487 -0.419 -0.369 -0.330 -0.297 -0.266 -0.232 -0.195 -0.157 -0.121 -0.089 -0.060 -0.035 -0.018 -0.008 -0.004 -0.002 -0.001 -0.001 -0.000 -0.000 -0.000 -0.000 -0.000 -0.000 -0.000 0.000 0.000 0.000 0.000 0.000 0.000 0.000 0.000 0.000 0.000 0.000 0.000 0.000 0.000 0.000 0.000 0.000 0.000 0.000 0.000 0.000 0.000 0.000
-1.768 -1.967 -2.161 -2.358 -2.537 -2.693 -2.827 -2.875 -2.802 -2.601 -2.292 -1.932 -1.574 -1.301 -1.137 -1.046 -1.009 -1.008 -1.009 -0.985 -0.928 -0.827 -0.694 -0.575 -0.479 -0.409 -0.357 -0.318 -0.286 -0.258 -0.229 -0.196 -0.161 -0.128 -0.098 -0.070 -0.044 -0.025 -0.012 -0.006 -0.003 -0.002 -0.001 -0.001 -0.000 -0.000 -0.000 -0.000 -0.000 -0.000 -0.000 0.000 0.000 0.000 0.000 0.000 0.000 0.000 0.000 0.000 0.000 0.000 0.000 0.000 0.000 0.000 0.000 0.000 0.000 0.000 0.000 0.000 0.000 0.000
-1.950 -2.133 -2.322 -2.482 -2.624 -2.730 -2.788 -2.749 -2.590 -2.293 -1.912 -1.560 -1.292 -1.122 -1.037 -0.999 -0.986 -0.988 -0.968 -0.914 -0.818 -0.692 -0.567 -0.472 -0.403 -0.351 -0.311 -0.278 -0.250 -0.223 -0.196 -0.166 -0.134 -0.105 -0.079 -0.055 -0.033 -0.018 -0.009 -0.004 -0.002 -0.001 -0.001 -0.000 -0.000 -0.000 -0.000 -0.000 -0.000 -0.000 -0.000 0.000 0.000 0.000 0.000 0.000 0.000 0.000 0.000 0.000 0.000 0.000 0.000 0.000 0.000 0.000 0.000 0.000 0.000 0.000 0.000 0.000 0.000 0.000
-2.115 -2.273 -2.437 -2.563 -2.652 -2.688 -2.670 -2.557 -2.301 -1.936 -1.566 -1.292 -1.119 -1.029 -0.984 -0.980 -0.974 -0.952 -0.899 -0.808 -0.687 -0.562 -0.464 -0.397 -0.348 -0.307 -0.274 -0.244 -0.218 -0.193 -0.167 -0.140 -0.113 -0.088 -0.064 -0.042 -0.024 -0.013 -0.006 -0.003 -0.002 -0.001 -0.001 -0.000 -0.000 -0.000 -0.000 -0.000 -0.000 -0.000 -0.000 0.000 0.000 0.000 0.000 0.000 0.000 0.000 0.000 0.000 0.000 0.000 0.000 0.000 0.000 0.000 0.000 0.000 0.000 0.000 0.000 0.000 0.000 0.000
-2.260 -2.394 -2.505 -2.580 -2.606 -2.587 -2.490 -2.296 -1.981 -1.603 -1.302 -1.120 -1.025 -0.983 -0.967 -0.963 -0.946 -0.883 -0.791 -0.677 -0.556 -0.456 -0.388 -0.341 -0.304 -0.272 -0.242 -0.215 -0.190 -0.166 -0.143 -0.119 -0.096 -0.072 -0.049 -0.030 -0.017 -0.009 -0.004 -0.002 -0.001 -0.001 -0.000 -0.000 -0.000 -0.000 -0.000 -0.000 -0.000 -0.000 -0.000 0.000 0.000 0.000 0.000 0.000 0.000 0.000 0.000 0.000 0.000 0.000 0.000 0.000 0.000 0.000 0.000 0.000 0.000 0.000 0.000 0.000 0.000 0.000
-2.374 -2.467 -2.530 -2.543 -2.519 -2.448 -2.291 -2.004 -1.644 -1.338 -1.134 -1.023 -0.973 -0.961 -0.956 -0.936 -0.882 -0.781 -0.661 -0.548 -0.450 -0.379 -0.331 -0.297 -0.269 -0.242 -0.215 -0.189 -0.165 -0.143 -0.122 -0.101 -0.080 -0.057 -0.035 -0.020 -0.011 -0.006 -0.003 -0.001 -0.001 -0.000 -0.000 -0.000 -0.000 -0.000 -0.000 -0.000 -0.000 -0.000 -0.000 0.000 0.000 0.000 0.000 0.000 0.000 0.000 0.000 0.000 0.000 0.000 0.000 0.000 0.000 0.000 0.000 0.000 0.000 0.000 0.000 0.000 0.000 0.000
-2.445 -2.491 -2.512 -2.493 -2.423 -2.277 -2.033 -1.689 -1.356 -1.142 -1.029 -0.966 -0.939 -0.934 -0.914 -0.864 -0.782 -0.663 -0.544 -0.446 -0.374 -0.324 -0.287 -0.258 -0.236 -0.214 -0.190 -0.165 -0.143 -0.123 -0.104 -0.085 -0.064 -0.042 -0.024 -0.013 -0.007 -0.004 -0.002 -0.001 -0.001 -0.000 -0.000 -0.000 -0.000 -0.000 -0.000 -0.000 -0.000 -0.000 -0.000 0.000 0.000 0.000 0.000 0.000 0.000 0.000 0.000 0.000 0.000 0.000 0.000 0.000 0.000 0.000 0.000 0.000 0.000 0.000 0.000 0.000 0.000 0.000
