AvaFrame/avaframe/data/avaSalk/Avaflow_Input_Output/slk_results/slk_ascii/slk_basechange10008.asc
ncols 296
nrows 144
xllcenter 761600.00
yllcenter 8523000.00
cellsize 12.50
NODATA_value -9999.000
[rows 33 to 65 of 144, columns 222 to 295 of 296]
0.000 0.000 0.000 0.000 -0.000 -0.000 -0.000 -0.000 -0.000 -0.000 -0.000 -0.000 -0.000 -0.000 -0.000 -0.000 -0.000 -0.000 -0.000 -0.000 -0.000 -0.001 -0.001 -0.001 -0.002 -0.004 -0.007 -0.014 -0.026 -0.045 -0.071 -0.104 -0.146 -0.196 -0.267 -0.343 -0.426 -0.519 -0.599 -0.671 -0.726 -0.749 -0.724 -0.663 -0.572 -0.410 -0.204 -0.072 -0.021 -0.004 -0.001 -0.000 -0.000 -0.000 -0.000 0.000 0.000 0.000 0.000 0.000 0.000 0.000 0.000 0.000 0.000 0.000 0.000 0.000 0.000 0.000 0.000 0.000 0.000 0.000
0.000 0.000 0.000 -0.000 -0.000 -0.000 -0.000 -0.000 -0.000 -0.000 -0.000 -0.000 -0.000 -0.000 -0.000 -0.000 -0.000 -0.000 -0.000 -0.001 -0.001 -0.001 -0.002 -0.004 -0.007 -0.014 -0.026 -0.046 -0.074 -0.109 -0.150 -0.195 -0.249 -0.312 -0.409 -0.533 -0.669 -0.816 -0.931 -1.006 -1.046 -1.027 -0.955 -0.836 -0.679 -0.461 -0.226 -0.072 -0.020 -0.004 -0.001 -0.000 -0.000 -0.000 -0.000 0.000 0.000 0.000 0.000 0.000 0.000 0.000 0.000 0.000 0.000 0.000 0.000 0.000 0.000 0.000 0.000 0.000 0.000 0.000
0.000 -0.000 -0.000 -0.000 -0.000 -0.000 -0.000 -0.000 -0.000 -0.000 -0.000 -0.000 -0.000 -0.000 -0.000 -0.000 -0.000 -0.001 -0.001 -0.001 -0.002 -0.003 -0.006 -0.012 -0.024 -0.044 -0.073 -0.111 -0.155 -0.203 -0.254 -0.311 -0.376 -0.465 -0.610 -0.815 -1.051 -1.304 -1.494 -1.586 -1.620 -1.563 -1.400 -1.135 -0.840 -0.532 -0.241 -0.079 -0.021 -0.005 -0.001 -0.000 -0.000 -0.000 -0.000 -0.000 0.000 0.000 0.000 0.000 0.000 0.000 0.000 0.000 0.000 0.000 0.000 0.000 0.000 0.000 0.000 0.000 0.000 0.000
-0.000 -0.000 -0.000 -0.000 -0.000 -0.000 -0.000 -0.000 -0.000 -0.000 -0.000 -0.000 -0.000 -0.000 -0.000 -0.000 -0.001 -0.001 -0.002 -0.003 -0.005 -0.010 -0.020 -0.040 -0.069 -0.108 -0.153 -0.203 -0.257 -0.313 -0.373 -0.444 -0.529 -0.683 -0.941 -1.242 -1.547 -1.853 -2.085 -2.224 -2.284 -2.269 -2.113 -1.734 -1.208 -0.671 -0.274 -0.086 -0.023 -0.005 -0.001 -0.000 -0.000 -0.000 -0.000 -0.000 0.000 0.000 0.000 0.000 0.000 0.000 0.000 0.000 0.000 0.000 0.000 0.000 0.000 0.000 0.000 0.000 0.000 0.000
-0.000 -0.000 -0.000 -0.000 -0.000 -0.000 -0.000 -0.000 -0.000 -0.000 -0.000 -0.000 -0.000 -0.000 -0.001 -0.001 -0.001 -0.002 -0.004 -0.008 -0.017 -0.034 -0.061 -0.101 -0.148 -0.198 -0.252 -0.309 -0.368 -0.429 -0.494 -0.583 -0.702 -0.946 -1.338 -1.723 -1.982 -2.129 -2.231 -2.370 -2.425 -2.456 -2.343 -2.168 -1.768 -0.979 -0.345 -0.093 -0.023 -0.005 -0.001 -0.000 -0.000 -0.000 -0.000 -0.000 0.000 0.000 0.000 0.000 0.000 0.000 0.000 0.000 0.000 0.000 0.000 0.000 0.000 0.000 0.000 0.000 0.000 0.000
-0.000 -0.000 -0.000 -0.000 -0.000 -0.000 -0.000 -0.000 -0.000 -0.000 -0.000 -0.000 -0.001 -0.001 -0.001 -0.002 -0.003 -0.006 -0.013 -0.027 -0.052 -0.090 -0.137 -0.188 -0.244 -0.300 -0.358 -0.419 -0.482 -0.550 -0.621 -0.732 -0.921 -1.261 -1.659 -1.992 -2.273 -2.307 -2.186 -2.149 -2.172 -2.263 -2.085 -1.992 -2.081 -1.399 -0.457 -0.104 -0.024 -0.006 -0.001 -0.000 -0.000 -0.000 -0.000 -0.000 0.000 0.000 0.000 0.000 0.000 0.000 0.000 0.000 0.000 0.000 0.000 0.000 0.000 0.000 0.000 0.000 0.000 0.000
-0.000 -0.000 -0.000 -0.000 -0.000 -0.000 -0.000 -0.000 -0.000 -0.000 -0.001 -0.001 -0.001 -0.002 -0.003 -0.005 -0.009 -0.019 -0.040 -0.074 -0.120 -0.174 -0.231 -0.290 -0.350 -0.412 -0.476 -0.542 -0.611 -0.684 -0.770 -0.911 -1.200 -1.592 -1.922 -2.149 -2.426 -2.449 -2.301 -1.955 -1.678 -1.751 -1.704 -1.712 -2.051 -1.613 -0.508 -0.107 -0.025 -0.005 -0.001 -0.000 -0.000 -0.000 -0.000 -0.000 0.000 0.000 0.000 0.000 0.000 0.000 0.000 0.000 0.000 0.000 0.000 0.000 0.000 0.000 0.000 0.000 0.000 0.000
-0.000 -0.000 -0.000 -0.000 -0.000 -0.000 -0.000 -0.000 -0.000 -0.001 -0.001 -0.001 -0.002 -0.004 -0.007 -0.013 -0.028 -0.056 -0.100 -0.155 -0.214 -0.276 -0.338 -0.404 -0.471 -0.540 -0.609 -0.683 -0.762 -0.846 -0.953 -1.135 -1.483 -1.811 -1.992 -2.151 -2.379 -2.266 -2.273 -1.968 -1.647 -1.618 -1.420 -1.724 -2.065 -1.642 -0.502 -0.101 -0.024 -0.005 -0.002 -0.000 -0.000 -0.000 -0.000 -0.000 0.000 0.000 0.000 0.000 0.000 0.000 0.000 0.000 0.000 0.000 0.000 0.000 0.000 0.000 0.000 0.000 0.000 0.000
-0.000 -0.000 -0.000 -0.000 -0.000 -0.000 -0.000 -0.001 -0.001 -0.001 -0.002 -0.003 -0.005 -0.010 -0.020 -0.041 -0.078 -0.132 -0.195 -0.261 -0.325 -0.396 -0.465 -0.538 -0.613 -0.690 -0.767 -0.847 -0.938 -1.038 -1.186 -1.410 -1.726 -1.956 -2.005 -2.038 -2.158 -2.004 -2.116 -1.898 -1.594 -1.630 -1.476 -1.875 -2.101 -1.431 -0.424 -0.089 -0.022 -0.005 -0.002 -0.001 -0.000 -0.000 -0.000 -0.000 0.000 0.000 0.000 0.000 0.000 0.000 0.000 0.000 0.000 0.000 0.000 0.000 0.000 0.000 0.000 0.000 0.000 0.000
-0.000 -0.000 -0.000 -0.000 -0.000 -0.001 -0.001 -0.001 -0.002 -0.003 -0.005 -0.008 -0.015 -0.029 -0.060 -0.110 -0.178 -0.252 -0.326 -0.400 -0.471 -0.544 -0.624 -0.706 -0.790 -0.878 -0.967 -1.057 -1.162 -1.288 -1.477 -1.750 -2.001 -2.130 -2.088 -2.056 -2.066 -1.986 -2.232 -2.092 -1.779 -1.745 -1.566 -1.873 -1.803 -1.008 -0.291 -0.071 -0.018 -0.005 -0.002 -0.001 -0.000 -0.000 -0.000 -0.000 0.000 0.000 0.000 0.000 0.000 0.000 0.000 0.000 0.000 0.000 0.000 0.000 0.000 0.000 0.000 0.000 0.000 0.000
-0.000 -0.000 -0.000 -0.001 -0.001 -0.001 -0.002 -0.003 -0.004 -0.007 -0.012 -0.024 -0.046 -0.087 -0.153 -0.236 -0.322 -0.406 -0.489 -0.571 -0.654 -0.738 -0.833 -0.930 -1.027 -1.130 -1.234 -1.347 -1.478 -1.663 -1.875 -2.138 -2.329 -2.399 -2.312 -2.220 -2.136 -2.040 -2.147 -2.022 -1.808 -1.750 -1.674 -1.735 -1.346 -0.617 -0.175 -0.051 -0.014 -0.004 -0.001 -0.001 -0.000 -0.000 -0.000 -0.000 0.000 0.000 0.000 0.000 0.000 0.000 0.000 0.000 0.000 0.000 0.000 0.000 0.000 0.000 0.000 0.000 0.000 0.000
-0.000 -0.001 -0.001 -0.001 -0.002 -0.002 -0.004 -0.006 -0.011 -0.021 -0.040 -0.075 -0.133 -0.213 -0.308 -0.405 -0.495 -0.583 -0.672 -0.773 -0.878 -0.990 -1.119 -1.246 -1.368 -1.496 -1.634 -1.782 -1.975 -2.230 -2.479 -2.658 -2.794 -2.826 -2.782 -2.642 -2.422 -2.240 -2.283 -2.212 -1.967 -1.806 -1.662 -1.392 -0.814 -0.329 -0.106 -0.034 -0.010 -0.003 -0.001 -0.000 -0.000 -0.000 -0.000 -0.000 0.000 0.000 0.000 0.000 0.000 0.000 0.000 0.000 0.000 0.000 0.000 0.000 0.000 0.000 0.000 0.000 0.000 0.000
-0.001 -0.001 -0.001 -0.002 -0.003 -0.005 -0.009 -0.017 -0.034 -0.065 -0.116 -0.192 -0.290 -0.394 -0.496 -0.596 -0.695 -0.800 -0.909 -1.043 -1.200 -1.360 -1.539 -1.727 -1.900 -2.071 -2.261 -2.466 -2.694 -2.935 -3.176 -3.323 -3.357 -3.295 -3.226 -3.151 -2.968 -2.706 -2.548 -2.280 -2.017 -1.659 -1.322 -0.841 -0.393 -0.155 -0.059 -0.021 -0.007 -0.003 -0.001 -0.000 -0.000 -0.000 -0.000 -0.000 0.000 0.000 0.000 0.000 0.000 0.000 0.000 0.000 0.000 0.000 0.000 0.000 0.000 0.000 0.000 0.000 0.000 0.000
-0.001 -0.002 -0.003 -0.005 -0.008 -0.014 -0.026 -0.052 -0.098 -0.167 -0.257 -0.361 -0.474 -0.591 -0.699 -0.817 -0.947 -1.091 -1.260 -1.460 -1.705 -1.954 -2.182 -2.399 -2.598 -2.763 -2.948 -3.157 -3.331 -3.450 -3.548 -3.623 -3.594 -3.449 -3.333 -3.195 -2.940 -2.641 -2.334 -2.005 -1.612 -1.157 -0.709 -0.369 -0.165 -0.070 -0.030 -0.012 -0.005 -0.002 -0.001 -0.000 -0.000 -0.000 -0.000 -0.000 0.000 0.000 0.000 0.000 0.000 0.000 0.000 0.000 0.000 0.000 0.000 0.000 0.000 0.000 0.000 0.000 0.000 0.000
-0.002 -0.004 -0.006 -0.011 -0.021 -0.041 -0.079 -0.138 -0.222 -0.322 -0.428 -0.543 -0.664 -0.798 -0.940 -1.100 -1.301 -1.525 -1.790 -2.102 -2.408 -2.676 -2.870 -2.996 -3.081 -3.158 -3.272 -3.425 -3.545 -3.570 -3.527 -3.482 -3.358 -3.126 -2.919 -2.663 -2.300 -1.888 -1.537 -1.203 -0.862 -0.540 -0.300 -0.153 -0.073 -0.034 -0.016 -0.007 -0.003 -0.001 -0.001 -0.000 -0.000 -0.000 -0.000 0.000 0.000 0.000 0.000 0.000 0.000 0.000 0.000 0.000 0.000 0.000 0.000 0.000 0.000 0.000 0.000 0.000 0.000 0.000
-0.005 -0.009 -0.017 -0.033 -0.063 -0.115 -0.192 -0.286 -0.390 -0.504 -0.621 -0.746 -0.892 -1.061 -1.257 -1.501 -1.805 -2.152 -2.478 -2.781 -3.013 -3.145 -3.199 -3.221 -3.222 -3.226 -3.274 -3.360 -3.395 -3.332 -3.138 -2.893 -2.627 -2.304 -1.994 -1.692 -1.362 -1.053 -0.805 -0.594 -0.405 -0.250 -0.141 -0.075 -0.039 -0.019 -0.009 -0.004 -0.002 -0.001 -0.001 -0.000 -0.000 -0.000 -0.000 0.000 0.000 0.000 0.000 0.000 0.000 0.000 0.000 0.000 0.000 0.000 0.000 0.000 0.000 0.000 0.000 0.000 0.000 0.000
-0.014 -0.027 -0.051 -0.095 -0.161 -0.249 -0.352 -0.463 -0.581 -0.711 -0.858 -1.017 -1.211 -1.455 -1.731 -2.066 -2.450 -2.813 -3.040 -3.168 -3.226 -3.234 -3.191 -3.153 -3.108 -3.040 -3.004 -2.965 -2.873 -2.685 -2.406 -2.071 -1.739 -1.457 -1.219 -1.014 -0.820 -0.639 -0.484 -0.353 -0.242 -0.152 -0.087 -0.046 -0.023 -0.011 -0.005 -0.003 -0.001 -0.001 -0.000 -0.000 -0.000 -0.000 -0.000 0.000 0.000 0.000 0.000 0.000 0.000 0.000 0.000 0.000 0.000 0.000 0.000 0.000 0.000 0.000 0.000 0.000 0.000 0.000
-0.042 -0.079 -0.138 -0.219 -0.320 -0.429 -0.541 -0.663 -0.803 -0.966 -1.164 -1.397 -1.664 -1.995 -2.360 -2.714 -3.011 -3.192 -3.239 -3.213 -3.149 -3.046 -2.900 -2.760 -2.632 -2.505 -2.408 -2.306 -2.145 -1.930 -1.686 -1.434 -1.196 -1.000 -0.844 -0.707 -0.574 -0.450 -0.343 -0.250 -0.168 -0.103 -0.056 -0.028 -0.013 -0.007 -0.003 -0.002 -0.001 -0.001 -0.000 -0.000 -0.000 -0.000 -0.000 0.000 0.000 0.000 0.000 0.000 0.000 0.000 0.000 0.000 0.000 0.000 0.000 0.000 0.000 0.000 0.000 0.000 0.000 0.000
-0.115 -0.188 -0.284 -0.392 -0.507 -0.632 -0.762 -0.911 -1.090 -1.305 -1.565 -1.865 -2.200 -2.556 -2.888 -3.117 -3.223 -3.210 -3.123 -2.965 -2.766 -2.542 -2.329 -2.155 -2.027 -1.927 -1.847 -1.755 -1.612 -1.422 -1.226 -1.045 -0.886 -0.753 -0.635 -0.532 -0.431 -0.337 -0.256 -0.184 -0.119 -0.067 -0.033 -0.016 -0.008 -0.004 -0.002 -0.001 -0.001 -0.000 -0.000 -0.000 -0.000 -0.000 0.000 0.000 0.000 0.000 0.000 0.000 0.000 0.000 0.000 0.000 0.000 0.000 0.000 0.000 0.000 0.000 0.000 0.000 0.000 0.000
-0.249 -0.350 -0.460 -0.581 -0.710 -0.851 -1.017 -1.206 -1.436 -1.702 -2.017 -2.344 -2.665 -2.925 -3.095 -3.160 -3.098 -2.928 -2.687 -2.415 -2.137 -1.917 -1.758 -1.667 -1.616 -1.563 -1.495 -1.396 -1.257 -1.093 -0.940 -0.809 -0.693 -0.596 -0.506 -0.419 -0.336 -0.259 -0.191 -0.132 -0.079 -0.040 -0.019 -0.010 -0.005 -0.003 -0.002 -0.001 -0.000 -0.000 -0.000 -0.000 -0.000 -0.000 0.000 0.000 0.000 0.000 0.000 0.000 0.000 0.000 0.000 0.000 0.000 0.000 0.000 0.000 0.000 0.000 0.000 0.000 0.000 0.000
-0.430 -0.541 -0.660 -0.792 -0.939 -1.107 -1.303 -1.529 -1.805 -2.101 -2.414 -2.695 -2.913 -3.030 -3.021 -2.942 -2.737 -2.410 -2.086 -1.806 -1.602 -1.483 -1.419 -1.390 -1.379 -1.340 -1.256 -1.141 -1.006 -0.869 -0.748 -0.650 -0.567 -0.488 -0.412 -0.339 -0.268 -0.201 -0.142 -0.091 -0.050 -0.025 -0.012 -0.006 -0.003 -0.002 -0.001 -0.001 -0.000 -0.000 -0.000 -0.000 -0.000 -0.000 0.000 0.000 0.000 0.000 0.000 0.000 0.000 0.000 0.000 0.000 0.000 0.000 0.000 0.000 0.000 0.000 0.000 0.000 0.000 0.000
-0.611 -0.737 -0.869 -1.019 -1.190 -1.386 -1.616 -1.873 -2.158 -2.447 -2.691 -2.859 -2.933 -2.915 -2.755 -2.511 -2.232 -1.898 -1.619 -1.431 -1.318 -1.260 -1.236 -1.232 -1.219 -1.165 -1.063 -0.938 -0.811 -0.705 -0.614 -0.535 -0.468 -0.406 -0.339 -0.274 -0.213 -0.156 -0.105 -0.062 -0.033 -0.016 -0.008 -0.004 -0.002 -0.001 -0.001 -0.000 -0.000 -0.000 -0.000 -0.000 -0.000 0.000 0.000 0.000 0.000 0.000 0.000 0.000 0.000 0.000 0.000 0.000 0.000 0.000 0.000 0.000 0.000 0.000 0.000 0.000 0.000 0.000
-0.788 -0.923 -1.074 -1.246 -1.445 -1.672 -1.926 -2.206 -2.453 -2.675 -2.808 -2.849 -2.788 -2.629 -2.363 -2.045 -1.754 -1.519 -1.356 -1.251 -1.189 -1.158 -1.145 -1.129 -1.087 -1.007 -0.892 -0.768 -0.659 -0.574 -0.509 -0.450 -0.394 -0.338 -0.279 -0.221 -0.168 -0.119 -0.076 -0.042 -0.021 -0.011 -0.006 -0.003 -0.002 -0.001 -0.001 -0.000 -0.000 -0.000 -0.000 -0.000 -0.000 0.000 0.000 0.000 0.000 0.000 0.000 0.000 0.000 0.000 0.000 0.000 0.000 0.000 0.000 0.000 0.000 0.000 0.000 0.000 0.000 0.000
-0.987 -1.128 -1.293 -1.486 -1.707 -1.954 -2.210 -2.450 -2.636 -2.751 -2.756 -2.682 -2.522 -2.267 -1.961 -1.670 -1.433 -1.275 -1.188 -1.148 -1.124 -1.104 -1.084 -1.042 -0.964 -0.857 -0.739 -0.629 -0.542 -0.477 -0.425 -0.380 -0.334 -0.283 -0.229 -0.178 -0.132 -0.090 -0.054 -0.028 -0.014 -0.007 -0.004 -0.002 -0.001 -0.001 -0.000 -0.000 -0.000 -0.000 -0.000 -0.000 0.000 0.000 0.000 0.000 0.000 0.000 0.000 0.000 0.000 0.000 0.000 0.000 0.000 0.000 0.000 0.000 0.000 0.000 0.000 0.000 0.000 0.000
-1.191 -1.346 -1.535 -1.737 -1.960 -2.195 -2.409 -2.575 -2.657 -2.671 -2.574 -2.387 -2.159 -1.879 -1.593 -1.363 -1.212 -1.127 -1.084 -1.071 -1.074 -1.055 -1.007 -0.935 -0.834 -0.716 -0.605 -0.518 -0.453 -0.403 -0.361 -0.321 -0.281 -0.236 -0.188 -0.142 -0.102 -0.066 -0.037 -0.019 -0.009 -0.005 -0.002 -0.001 -0.001 -0.000 -0.000 -0.000 -0.000 -0.000 -0.000 -0.000 0.000 0.000 0.000 0.000 0.000 0.000 0.000 0.000 0.000 0.000 0.000 0.000 0.000 0.000 0.000 0.000 0.000 0.000 0.000 0.000 0.000 0.000
-1.384 -1.552 -1.758 -1.968 -2.164 -2.362 -2.506 -2.577 -2.561 -2.478 -2.325 -2.083 -1.805 -1.521 -1.289 -1.131 -1.046 -1.013 -1.014 -1.020 -1.021 -0.988 -0.911 -0.810 -0.696 -0.585 -0.497 -0.431 -0.382 -0.343 -0.308 -0.273 -0.233 -0.192 -0.152 -0.113 -0.078 -0.048 -0.025 -0.012 -0.006 -0.003 -0.002 -0.001 -0.001 -0.000 -0.000 -0.000 -0.000 -0.000 -0.000 0.000 0.000 0.000 0.000 0.000 0.000 0.000 0.000 0.000 0.000 0.000 0.000 0.000 0.000 0.000 0.000 0.000 0.000 0.000 0.000 0.000 0.000 0.000
-1.569 -1.750 -1.948 -2.144 -2.303 -2.431 -2.516 -2.488 -2.392 -2.239 -2.038 -1.779 -1.500 -1.258 -1.092 -0.997 -0.954 -0.947 -0.960 -0.970 -0.959 -0.900 -0.798 -0.681 -0.569 -0.478 -0.412 -0.364 -0.326 -0.294 -0.263 -0.230 -0.193 -0.155 -0.120 -0.088 -0.059 -0.034 -0.017 -0.008 -0.004 -0.002 -0.001 -0.001 -0.000 -0.000 -0.000 -0.000 -0.000 -0.000 -0.000 0.000 0.000 0.000 0.000 0.000 0.000 0.000 0.000 0.000 0.000 0.000 0.000 0.000 0.000 0.000 0.000 0.000 0.000 0.000 0.000 0.000 0.000 0.000
-1.746 -1.932 -2.102 -2.258 -2.364 -2.409 -2.410 -2.339 -2.193 -1.989 -1.734 -1.475 -1.241 -1.073 -0.981 -0.928 -0.911 -0.922 -0.933 -0.921 -0.877 -0.792 -0.672 -0.561 -0.469 -0.402 -0.353 -0.314 -0.283 -0.255 -0.227 -0.194 -0.160 -0.127 -0.097 -0.069 -0.044 -0.024 -0.012 -0.005 -0.003 -0.001 -0.001 -0.000 -0.000 -0.000 -0.000 -0.000 -0.000 -0.000 -0.000 0.000 0.000 0.000 0.000 0.000 0.000 0.000 0.000 0.000 0.000 0.000 0.000 0.000 0.000 0.000 0.000 0.000 0.000 0.000 0.000 0.000 0.000 0.000
-1.911 -2.069 -2.215 -2.303 -2.338 -2.314 -2.258 -2.148 -1.972 -1.731 -1.456 -1.221 -1.057 -0.959 -0.914 -0.898 -0.898 -0.911 -0.902 -0.861 -0.780 -0.667 -0.551 -0.462 -0.396 -0.346 -0.307 -0.275 -0.247 -0.221 -0.195 -0.164 -0.133 -0.104 -0.078 -0.054 -0.032 -0.017 -0.008 -0.004 -0.002 -0.001 -0.001 -0.000 -0.000 -0.000 -0.000 -0.000 -0.000 -0.000 -0.000 0.000 0.000 0.000 0.000 0.000 0.000 0.000 0.000 0.000 0.000 0.000 0.000 0.000 0.000 0.000 0.000 0.000 0.000 0.000 0.000 0.000 0.000 0.000
-2.047 -2.160 -2.250 -2.274 -2.243 -2.170 -2.084 -1.947 -1.731 -1.472 -1.224 -1.051 -0.949 -0.900 -0.879 -0.889 -0.896 -0.887 -0.847 -0.770 -0.661 -0.545 -0.453 -0.389 -0.342 -0.303 -0.271 -0.242 -0.216 -0.191 -0.166 -0.138 -0.112 -0.087 -0.063 -0.041 -0.023 -0.012 -0.006 -0.003 -0.001 -0.001 -0.000 -0.000 -0.000 -0.000 -0.000 -0.000 -0.000 -0.000 -0.000 0.000 0.000 0.000 0.000 0.000 0.000 0.000 0.000 0.000 0.000 0.000 0.000 0.000 0.000 0.000 0.000 0.000 0.000 0.000 0.000 0.000 0.000 0.000
-2.140 -2.200 -2.212 -2.177 -2.103 -2.013 -1.896 -1.726 -1.497 -1.248 -1.055 -0.944 -0.891 -0.874 -0.874 -0.883 -0.879 -0.831 -0.753 -0.651 -0.539 -0.444 -0.379 -0.335 -0.300 -0.269 -0.240 -0.213 -0.188 -0.165 -0.141 -0.118 -0.095 -0.071 -0.048 -0.029 -0.016 -0.008 -0.004 -0.002 -0.001 -0.001 -0.000 -0.000 -0.000 -0.000 -0.000 -0.000 -0.000 -0.000 -0.000 0.000 0.000 0.000 0.000 0.000 0.000 0.000 0.000 0.000 0.000 0.000 0.000 0.000 0.000 0.000 0.000 0.000 0.000 0.000 0.000 0.000 0.000 0.000
-2.171 -2.167 -2.124 -2.047 -1.959 -1.857 -1.719 -1.510 -1.269 -1.076 -0.950 -0.884 -0.859 -0.864 -0.873 -0.867 -0.828 -0.742 -0.635 -0.530 -0.438 -0.371 -0.324 -0.292 -0.265 -0.239 -0.213 -0.187 -0.163 -0.142 -0.121 -0.100 -0.079 -0.056 -0.035 -0.019 -0.010 -0.005 -0.003 -0.001 -0.001 -0.000 -0.000 -0.000 -0.000 -0.000 -0.000 -0.000 -0.000 -0.000 -0.000 0.000 0.000 0.000 0.000 0.000 0.000 0.000 0.000 0.000 0.000 0.000 0.000 0.000 0.000 0.000 0.000 0.000 0.000 0.000 0.000 0.000 0.000 0.000
-2.137 -2.082 -2.015 -1.933 -1.833 -1.706 -1.530 -1.299 -1.082 -0.950 -0.883 -0.848 -0.840 -0.850 -0.844 -0.809 -0.741 -0.635 -0.525 -0.433 -0.365 -0.317 -0.282 -0.254 -0.232 -0.211 -0.187 -0.163 -0.141 -0.122 -0.103 -0.083 -0.062 -0.041 -0.023 -0.012 -0.006 -0.003 -0.002 -0.001 -0.001 -0.000 -0.000 -0.000 -0.000 -0.000 -0.000 -0.000 -0.000 -0.000 -0.000 0.000 0.000 0.000 0.000 0.000 0.000 0.000 0.000 0.000 0.000 0.000 0.000 0.000 0.000 0.000 0.000 0.000 0.000 0.000 0.000 0.000 0.000 0.000
