AvaFrame/avaframe/data/avaSalk/Avaflow_Input_Output/slk_results/slk_ascii/slk_basechange0010.asc
ncols 296
nrows 144
xllcenter 761600.00
yllcenter 8523000.00
cellsize 12.50
NODATA_value -9999.000
[rows 66 to 98 of 144, columns 148 to 221 of 296]
0.000 0.000 0.000 0.000 0.000 0.000 0.000 0.000 0.000 0.000 0.000 0.000 0.000 0.000 0.000 0.000 0.000 0.000 0.000 0.000 0.000 0.000 0.000 0.000 0.000 -0.000 -0.000 -0.000 -0.000 -0.000 -0.000 -0.000 -0.000 -0.000 -0.000 -0.000 -0.000 -0.000 -0.000 -0.000 -0.001 -0.001 -0.001 -0.002 -0.003 -0.005 -0.009 -0.015 -0.028 -0.051 -0.089 -0.144 -0.224 -0.329 -0.437 -0.534 -0.612 -0.669 -0.710 -0.745 -0.780 -0.812 -0.856 -0.918 -1.005 -1.115 -1.274 -1.476 -1.672 -1.858 -2.025 -2.149 -2.209 -2.218
0.000 0.000 0.000 0.000 0.000 0.000 0.000 0.000 0.000 0.000 0.000 0.000 0.000 0.000 0.000 0.000 0.000 0.000 0.000 0.000 0.000 0.000 0.000 0.000 -0.000 -0.000 -0.000 -0.000 -0.000 -0.000 -0.000 -0.000 -0.000 -0.000 -0.000 -0.000 -0.000 -0.000 -0.001 -0.001 -0.001 -0.002 -0.003 -0.004 -0.007 -0.012 -0.022 -0.040 -0.072 -0.120 -0.186 -0.268 -0.362 -0.460 -0.547 -0.619 -0.677 -0.715 -0.738 -0.763 -0.799 -0.840 -0.901 -0.984 -1.096 -1.248 -1.442 -1.662 -1.874 -2.038 -2.149 -2.205 -2.211 -2.186
0.000 0.000 0.000 0.000 0.000 0.000 0.000 0.000 0.000 0.000 0.000 0.000 0.000 0.000 0.000 0.000 0.000 0.000 0.000 0.000 0.000 0.000 0.000 -0.000 -0.000 -0.000 -0.000 -0.000 -0.000 -0.000 -0.000 -0.000 -0.000 -0.000 -0.000 -0.000 -0.000 -0.001 -0.001 -0.001 -0.002 -0.003 -0.005 -0.009 -0.015 -0.028 -0.052 -0.090 -0.145 -0.215 -0.297 -0.389 -0.476 -0.552 -0.613 -0.658 -0.695 -0.724 -0.749 -0.783 -0.830 -0.892 -0.971 -1.088 -1.228 -1.414 -1.629 -1.827 -2.002 -2.145 -2.216 -2.213 -2.169 -2.128
0.000 0.000 0.000 0.000 0.000 0.000 0.000 0.000 0.000 0.000 0.000 0.000 0.000 0.000 0.000 0.000 0.000 0.000 0.000 0.000 0.000 0.000 -0.000 -0.000 -0.000 -0.000 -0.000 -0.000 -0.000 -0.000 -0.000 -0.000 -0.000 -0.000 -0.000 -0.000 -0.001 -0.001 -0.002 -0.002 -0.004 -0.006 -0.010 -0.019 -0.034 -0.060 -0.101 -0.158 -0.230 -0.311 -0.395 -0.476 -0.545 -0.598 -0.640 -0.671 -0.699 -0.728 -0.768 -0.818 -0.884 -0.967 -1.072 -1.221 -1.404 -1.601 -1.802 -1.978 -2.115 -2.192 -2.208 -2.184 -2.128 -2.048
0.000 0.000 0.000 0.000 0.000 0.000 0.000 0.000 0.000 0.000 0.000 0.000 0.000 0.000 0.000 0.000 0.000 0.000 0.000 0.000 -0.000 -0.000 -0.000 -0.000 -0.000 -0.000 -0.000 -0.000 -0.000 -0.000 -0.000 -0.000 -0.000 -0.000 -0.001 -0.001 -0.001 -0.002 -0.003 -0.004 -0.007 -0.012 -0.022 -0.040 -0.069 -0.112 -0.168 -0.239 -0.319 -0.399 -0.471 -0.532 -0.580 -0.616 -0.647 -0.678 -0.716 -0.762 -0.817 -0.883 -0.962 -1.067 -1.198 -1.372 -1.585 -1.795 -1.983 -2.117 -2.204 -2.220 -2.169 -2.122 -2.068 -1.970
0.000 0.000 0.000 0.000 0.000 0.000 0.000 0.000 0.000 0.000 0.000 0.000 0.000 -0.000 -0.000 0.000 0.000 0.000 -0.000 -0.000 -0.000 -0.000 -0.000 -0.000 -0.000 -0.000 -0.000 -0.000 -0.000 -0.000 -0.000 -0.000 -0.000 -0.001 -0.001 -0.001 -0.002 -0.003 -0.005 -0.008 -0.014 -0.025 -0.045 -0.077 -0.121 -0.179 -0.251 -0.329 -0.404 -0.470 -0.526 -0.570 -0.610 -0.644 -0.679 -0.717 -0.759 -0.812 -0.889 -0.975 -1.070 -1.187 -1.343 -1.542 -1.761 -1.988 -2.173 -2.252 -2.248 -2.211 -2.126 -2.042 -1.972 -1.861
0.000 0.000 0.000 0.000 0.000 0.000 0.000 0.000 0.000 -0.000 -0.000 -0.000 -0.000 -0.000 -0.000 -0.000 -0.000 -0.000 -0.000 -0.000 -0.000 -0.000 -0.000 -0.000 -0.000 -0.000 -0.000 -0.000 -0.000 -0.000 -0.000 -0.001 -0.001 -0.001 -0.002 -0.002 -0.004 -0.006 -0.009 -0.015 -0.028 -0.049 -0.083 -0.129 -0.189 -0.258 -0.334 -0.410 -0.476 -0.526 -0.568 -0.609 -0.645 -0.681 -0.721 -0.769 -0.818 -0.880 -0.983 -1.091 -1.198 -1.329 -1.507 -1.739 -1.974 -2.163 -2.308 -2.319 -2.227 -2.138 -2.048 -1.929 -1.820 -1.675
-0.000 0.000 0.000 0.000 -0.000 -0.000 0.000 0.000 -0.000 -0.000 -0.000 -0.000 -0.000 -0.000 -0.000 -0.000 -0.000 -0.000 -0.000 -0.000 -0.000 -0.000 -0.000 -0.000 -0.000 -0.000 -0.000 -0.000 -0.000 -0.000 -0.001 -0.001 -0.001 -0.002 -0.003 -0.004 -0.006 -0.010 -0.017 -0.030 -0.054 -0.089 -0.138 -0.198 -0.267 -0.339 -0.408 -0.471 -0.528 -0.576 -0.613 -0.654 -0.692 -0.731 -0.778 -0.835 -0.899 -0.980 -1.101 -1.224 -1.351 -1.510 -1.740 -2.011 -2.232 -2.341 -2.370 -2.299 -2.143 -2.021 -1.905 -1.776 -1.626 -1.442
-0.000 -0.000 -0.000 -0.000 -0.000 -0.000 -0.000 -0.000 -0.000 -0.000 -0.000 -0.000 -0.000 -0.000 -0.000 -0.000 -0.000 -0.000 -0.000 -0.000 -0.000 -0.000 -0.000 -0.000 -0.000 -0.000 -0.000 -0.000 -0.001 -0.001 -0.001 -0.001 -0.002 -0.003 -0.004 -0.007 -0.011 -0.019 -0.033 -0.058 -0.096 -0.146 -0.206 -0.275 -0.345 -0.414 -0.475 -0.526 -0.575 -0.623 -0.666 -0.708 -0.753 -0.798 -0.855 -0.922 -0.999 -1.100 -1.233 -1.384 -1.552 -1.783 -2.090 -2.335 -2.435 -2.395 -2.305 -2.183 -2.031 -1.893 -1.748 -1.590 -1.412 -1.218
-0.000 -0.000 -0.000 -0.000 -0.000 -0.000 -0.000 -0.000 -0.000 -0.000 -0.000 -0.000 -0.000 -0.000 -0.000 -0.000 -0.000 -0.000 -0.000 -0.000 -0.000 -0.000 -0.000 -0.000 -0.000 -0.000 -0.001 -0.001 -0.001 -0.001 -0.002 -0.002 -0.003 -0.005 -0.008 -0.012 -0.021 -0.036 -0.062 -0.101 -0.153 -0.215 -0.281 -0.350 -0.418 -0.478 -0.534 -0.584 -0.632 -0.681 -0.727 -0.774 -0.826 -0.882 -0.946 -1.020 -1.114 -1.242 -1.398 -1.610 -1.882 -2.189 -2.432 -2.514 -2.450 -2.291 -2.121 -1.965 -1.862 -1.733 -1.556 -1.385 -1.193 -1.025
-0.000 -0.000 -0.000 -0.000 -0.000 -0.000 -0.000 -0.000 -0.000 -0.000 -0.000 -0.000 -0.000 -0.000 -0.000 -0.000 -0.000 -0.000 -0.000 -0.000 -0.000 -0.000 -0.001 -0.001 -0.001 -0.001 -0.001 -0.002 -0.002 -0.002 -0.003 -0.004 -0.006 -0.009 -0.014 -0.023 -0.039 -0.066 -0.106 -0.159 -0.220 -0.288 -0.357 -0.422 -0.485 -0.543 -0.596 -0.650 -0.704 -0.756 -0.808 -0.856 -0.911 -0.969 -1.038 -1.128 -1.258 -1.430 -1.655 -1.940 -2.262 -2.520 -2.560 -2.433 -2.244 -2.027 -1.854 -1.740 -1.647 -1.530 -1.334 -1.157 -1.003 -0.879
-0.000 -0.000 -0.000 -0.000 -0.000 -0.000 -0.000 -0.000 -0.000 -0.000 -0.000 -0.001 -0.001 -0.001 -0.001 -0.001 -0.000 -0.000 -0.000 -0.001 -0.001 -0.001 -0.001 -0.001 -0.001 -0.002 -0.003 -0.004 -0.004 -0.005 -0.006 -0.007 -0.010 -0.015 -0.025 -0.042 -0.069 -0.111 -0.164 -0.227 -0.295 -0.364 -0.431 -0.494 -0.554 -0.616 -0.675 -0.735 -0.789 -0.837 -0.885 -0.942 -1.003 -1.065 -1.143 -1.268 -1.449 -1.695 -1.991 -2.260 -2.436 -2.521 -2.403 -2.144 -1.904 -1.718 -1.609 -1.553 -1.477 -1.324 -1.128 -0.968 -0.855 -0.783
-0.000 -0.000 -0.000 -0.000 -0.000 -0.000 -0.000 -0.000 -0.000 -0.001 -0.001 -0.002 -0.002 -0.002 -0.002 -0.002 -0.002 -0.002 -0.002 -0.002 -0.002 -0.001 -0.001 -0.001 -0.002 -0.003 -0.005 -0.007 -0.008 -0.009 -0.010 -0.013 -0.018 -0.028 -0.045 -0.074 -0.115 -0.170 -0.235 -0.304 -0.373 -0.441 -0.505 -0.567 -0.632 -0.703 -0.769 -0.831 -0.879 -0.914 -0.957 -1.021 -1.089 -1.171 -1.284 -1.461 -1.707 -1.991 -2.249 -2.389 -2.404 -2.321 -2.116 -1.843 -1.649 -1.538 -1.460 -1.403 -1.295 -1.122 -0.953 -0.835 -0.764 -0.726
-0.002 -0.001 -0.001 -0.001 -0.001 -0.001 -0.001 -0.001 -0.002 -0.003 -0.004 -0.004 -0.003 -0.003 -0.004 -0.004 -0.004 -0.004 -0.003 -0.002 -0.002 -0.002 -0.002 -0.003 -0.004 -0.006 -0.009 -0.011 -0.013 -0.014 -0.017 -0.022 -0.032 -0.049 -0.078 -0.121 -0.177 -0.242 -0.314 -0.387 -0.455 -0.519 -0.586 -0.655 -0.728 -0.805 -0.866 -0.908 -0.945 -0.979 -1.022 -1.093 -1.192 -1.299 -1.470 -1.721 -1.991 -2.227 -2.345 -2.344 -2.241 -2.045 -1.810 -1.622 -1.497 -1.408 -1.330 -1.242 -1.115 -0.948 -0.812 -0.733 -0.692 -0.677
-0.012 -0.010 -0.008 -0.008 -0.007 -0.008 -0.008 -0.008 -0.010 -0.012 -0.013 -0.011 -0.007 -0.005 -0.005 -0.005 -0.004 -0.004 -0.003 -0.002 -0.002 -0.003 -0.004 -0.005 -0.007 -0.011 -0.016 -0.019 -0.020 -0.022 -0.025 -0.035 -0.053 -0.083 -0.126 -0.183 -0.252 -0.326 -0.401 -0.472 -0.539 -0.610 -0.690 -0.768 -0.843 -0.905 -0.948 -0.971 -0.996 -1.034 -1.091 -1.176 -1.309 -1.490 -1.716 -1.987 -2.202 -2.310 -2.312 -2.194 -1.986 -1.772 -1.605 -1.479 -1.388 -1.302 -1.205 -1.093 -0.957 -0.820 -0.720 -0.661 -0.632 -0.626
-0.032 -0.031 -0.029 -0.028 -0.027 -0.027 -0.025 -0.023 -0.022 -0.022 -0.020 -0.017 -0.012 -0.009 -0.006 -0.004 -0.003 -0.003 -0.003 -0.002 -0.002 -0.005 -0.008 -0.009 -0.011 -0.017 -0.023 -0.027 -0.029 -0.032 -0.040 -0.057 -0.087 -0.131 -0.189 -0.259 -0.335 -0.414 -0.493 -0.568 -0.640 -0.720 -0.811 -0.882 -0.934 -0.974 -0.996 -1.015 -1.048 -1.098 -1.177 -1.301 -1.481 -1.718 -1.970 -2.164 -2.266 -2.264 -2.152 -1.962 -1.751 -1.581 -1.464 -1.372 -1.286 -1.192 -1.082 -0.962 -0.836 -0.726 -0.650 -0.602 -0.577 -0.578
-0.030 -0.031 -0.035 -0.037 -0.036 -0.033 -0.030 -0.025 -0.021 -0.018 -0.015 -0.015 -0.015 -0.012 -0.009 -0.005 -0.004 -0.005 -0.006 -0.006 -0.005 -0.007 -0.011 -0.015 -0.018 -0.024 -0.030 -0.036 -0.040 -0.048 -0.065 -0.094 -0.137 -0.195 -0.266 -0.345 -0.428 -0.513 -0.597 -0.684 -0.769 -0.841 -0.909 -0.961 -0.989 -1.009 -1.028 -1.060 -1.106 -1.187 -1.297 -1.470 -1.700 -1.928 -2.106 -2.210 -2.210 -2.124 -1.954 -1.756 -1.586 -1.453 -1.355 -1.268 -1.181 -1.076 -0.964 -0.846 -0.740 -0.651 -0.584 -0.541 -0.518 -0.530
-0.014 -0.011 -0.013 -0.020 -0.021 -0.018 -0.014 -0.013 -0.010 -0.008 -0.007 -0.009 -0.012 -0.013 -0.013 -0.012 -0.011 -0.011 -0.012 -0.013 -0.013 -0.015 -0.021 -0.027 -0.029 -0.033 -0.040 -0.049 -0.059 -0.074 -0.103 -0.148 -0.206 -0.276 -0.359 -0.446 -0.537 -0.631 -0.724 -0.818 -0.907 -0.968 -0.993 -1.012 -1.028 -1.042 -1.066 -1.117 -1.195 -1.304 -1.483 -1.697 -1.908 -2.067 -2.151 -2.140 -2.071 -1.930 -1.760 -1.594 -1.457 -1.352 -1.258 -1.165 -1.068 -0.963 -0.852 -0.748 -0.652 -0.577 -0.517 -0.476 -0.459 -0.484
-0.023 -0.015 -0.011 -0.011 -0.012 -0.012 -0.011 -0.009 -0.008 -0.007 -0.007 -0.007 -0.008 -0.014 -0.020 -0.020 -0.019 -0.018 -0.019 -0.022 -0.025 -0.029 -0.037 -0.044 -0.045 -0.048 -0.057 -0.071 -0.090 -0.117 -0.159 -0.218 -0.292 -0.375 -0.471 -0.576 -0.679 -0.779 -0.869 -0.948 -1.011 -1.047 -1.056 -1.054 -1.060 -1.087 -1.132 -1.206 -1.336 -1.481 -1.691 -1.905 -2.073 -2.109 -2.083 -2.003 -1.890 -1.752 -1.605 -1.464 -1.339 -1.241 -1.154 -1.064 -0.961 -0.856 -0.753 -0.656 -0.570 -0.499 -0.447 -0.414 -0.407 -0.446
-0.071 -0.063 -0.044 -0.033 -0.033 -0.034 -0.032 -0.029 -0.027 -0.027 -0.025 -0.022 -0.020 -0.019 -0.021 -0.023 -0.024 -0.026 -0.030 -0.035 -0.041 -0.046 -0.057 -0.068 -0.070 -0.073 -0.086 -0.107 -0.136 -0.180 -0.240 -0.313 -0.402 -0.507 -0.618 -0.740 -0.856 -0.949 -1.006 -1.046 -1.076 -1.089 -1.093 -1.100 -1.113 -1.157 -1.231 -1.348 -1.517 -1.721 -1.891 -2.006 -2.074 -2.070 -1.951 -1.833 -1.730 -1.610 -1.482 -1.348 -1.226 -1.124 -1.039 -0.954 -0.857 -0.753 -0.658 -0.568 -0.489 -0.428 -0.386 -0.365 -0.373 -0.425
-0.115 -0.121 -0.122 -0.091 -0.072 -0.072 -0.072 -0.071 -0.068 -0.066 -0.064 -0.061 -0.058 -0.054 -0.049 -0.045 -0.045 -0.051 -0.059 -0.067 -0.071 -0.073 -0.085 -0.099 -0.105 -0.111 -0.127 -0.159 -0.201 -0.261 -0.344 -0.438 -0.545 -0.672 -0.800 -0.916 -1.013 -1.080 -1.103 -1.114 -1.121 -1.123 -1.135 -1.168 -1.203 -1.274 -1.382 -1.513 -1.693 -1.878 -1.984 -2.038 -1.976 -1.909 -1.808 -1.676 -1.594 -1.497 -1.366 -1.225 -1.098 -1.000 -0.921 -0.845 -0.750 -0.650 -0.558 -0.476 -0.410 -0.366 -0.340 -0.335 -0.358 -0.423
-0.167 -0.170 -0.177 -0.197 -0.156 -0.129 -0.131 -0.130 -0.129 -0.129 -0.127 -0.123 -0.120 -0.117 -0.113 -0.108 -0.106 -0.109 -0.114 -0.120 -0.119 -0.119 -0.131 -0.142 -0.150 -0.162 -0.183 -0.230 -0.294 -0.372 -0.475 -0.595 -0.726 -0.857 -0.972 -1.054 -1.106 -1.143 -1.148 -1.158 -1.169 -1.177 -1.200 -1.260 -1.325 -1.408 -1.548 -1.679 -1.807 -1.914 -1.941 -1.946 -1.866 -1.722 -1.638 -1.559 -1.480 -1.381 -1.242 -1.088 -0.965 -0.875 -0.809 -0.741 -0.655 -0.558 -0.469 -0.396 -0.345 -0.319 -0.312 -0.322 -0.360 -0.435
-0.228 -0.236 -0.242 -0.248 -0.266 -0.230 -0.204 -0.204 -0.204 -0.210 -0.210 -0.205 -0.201 -0.197 -0.194 -0.190 -0.185 -0.181 -0.183 -0.183 -0.182 -0.186 -0.195 -0.202 -0.213 -0.230 -0.264 -0.330 -0.419 -0.523 -0.640 -0.771 -0.905 -1.026 -1.111 -1.154 -1.171 -1.178 -1.173 -1.187 -1.223 -1.262 -1.305 -1.375 -1.465 -1.556 -1.695 -1.807 -1.874 -1.900 -1.858 -1.809 -1.758 -1.603 -1.510 -1.465 -1.388 -1.250 -1.092 -0.945 -0.841 -0.771 -0.718 -0.657 -0.573 -0.480 -0.397 -0.336 -0.300 -0.287 -0.293 -0.322 -0.379 -0.459
-0.292 -0.305 -0.318 -0.319 -0.334 -0.341 -0.304 -0.294 -0.295 -0.304 -0.307 -0.303 -0.296 -0.289 -0.284 -0.276 -0.270 -0.263 -0.261 -0.264 -0.263 -0.262 -0.266 -0.277 -0.298 -0.329 -0.384 -0.468 -0.573 -0.695 -0.828 -0.956 -1.056 -1.142 -1.204 -1.214 -1.209 -1.205 -1.209 -1.236 -1.275 -1.324 -1.393 -1.479 -1.581 -1.675 -1.787 -1.857 -1.864 -1.833 -1.758 -1.663 -1.598 -1.533 -1.434 -1.364 -1.269 -1.090 -0.918 -0.801 -0.731 -0.686 -0.646 -0.590 -0.507 -0.415 -0.340 -0.294 -0.271 -0.267 -0.283 -0.327 -0.400 -0.483
-0.344 -0.360 -0.381 -0.395 -0.410 -0.424 -0.421 -0.397 -0.398 -0.405 -0.404 -0.397 -0.390 -0.379 -0.367 -0.363 -0.361 -0.349 -0.346 -0.351 -0.343 -0.337 -0.345 -0.369 -0.412 -0.464 -0.544 -0.652 -0.768 -0.886 -1.005 -1.114 -1.184 -1.224 -1.247 -1.241 -1.218 -1.213 -1.241 -1.291 -1.328 -1.368 -1.440 -1.555 -1.668 -1.739 -1.793 -1.812 -1.787 -1.722 -1.621 -1.521 -1.446 -1.405 -1.366 -1.246 -1.096 -0.919 -0.765 -0.682 -0.639 -0.617 -0.591 -0.539 -0.454 -0.365 -0.299 -0.264 -0.251 -0.257 -0.281 -0.338 -0.419 -0.500
-0.388 -0.412 -0.443 -0.470 -0.493 -0.516 -0.519 -0.500 -0.498 -0.498 -0.491 -0.482 -0.475 -0.461 -0.453 -0.463 -0.462 -0.449 -0.437 -0.432 -0.424 -0.423 -0.452 -0.501 -0.567 -0.642 -0.741 -0.860 -0.987 -1.101 -1.187 -1.240 -1.280 -1.282 -1.261 -1.246 -1.229 -1.226 -1.253 -1.307 -1.354 -1.419 -1.485 -1.592 -1.688 -1.756 -1.760 -1.718 -1.661 -1.599 -1.483 -1.374 -1.323 -1.278 -1.231 -1.108 -0.909 -0.752 -0.649 -0.597 -0.575 -0.566 -0.545 -0.496 -0.414 -0.329 -0.272 -0.245 -0.241 -0.256 -0.291 -0.349 -0.425 -0.503
-0.438 -0.465 -0.496 -0.521 -0.555 -0.602 -0.591 -0.578 -0.583 -0.586 -0.578 -0.567 -0.558 -0.560 -0.568 -0.580 -0.576 -0.558 -0.541 -0.535 -0.536 -0.554 -0.609 -0.681 -0.777 -0.873 -0.985 -1.088 -1.192 -1.288 -1.352 -1.367 -1.363 -1.335 -1.285 -1.249 -1.243 -1.244 -1.262 -1.297 -1.352 -1.448 -1.524 -1.587 -1.624 -1.661 -1.664 -1.584 -1.501 -1.433 -1.372 -1.266 -1.204 -1.156 -1.067 -0.924 -0.750 -0.626 -0.561 -0.533 -0.529 -0.529 -0.510 -0.461 -0.382 -0.303 -0.256 -0.235 -0.237 -0.263 -0.309 -0.361 -0.416 -0.486
-0.457 -0.491 -0.522 -0.557 -0.628 -0.641 -0.634 -0.637 -0.646 -0.661 -0.668 -0.664 -0.668 -0.684 -0.703 -0.703 -0.688 -0.672 -0.665 -0.685 -0.720 -0.764 -0.843 -0.940 -1.048 -1.159 -1.262 -1.340 -1.395 -1.444 -1.484 -1.476 -1.452 -1.416 -1.352 -1.298 -1.261 -1.254 -1.273 -1.295 -1.338 -1.409 -1.465 -1.501 -1.514 -1.515 -1.488 -1.424 -1.353 -1.271 -1.212 -1.154 -1.084 -1.003 -0.896 -0.759 -0.628 -0.541 -0.501 -0.488 -0.491 -0.496 -0.480 -0.433 -0.360 -0.288 -0.248 -0.236 -0.244 -0.276 -0.329 -0.378 -0.409 -0.455
-0.457 -0.494 -0.544 -0.610 -0.658 -0.669 -0.672 -0.682 -0.710 -0.735 -0.762 -0.771 -0.789 -0.804 -0.811 -0.819 -0.827 -0.819 -0.835 -0.898 -0.984 -1.055 -1.154 -1.247 -1.329 -1.423 -1.487 -1.554 -1.596 -1.607 -1.593 -1.565 -1.538 -1.500 -1.442 -1.386 -1.327 -1.304 -1.316 -1.327 -1.350 -1.387 -1.387 -1.376 -1.361 -1.343 -1.321 -1.252 -1.200 -1.160 -1.061 -0.996 -0.939 -0.852 -0.747 -0.641 -0.543 -0.484 -0.460 -0.456 -0.461 -0.465 -0.450 -0.408 -0.346 -0.286 -0.252 -0.249 -0.265 -0.298 -0.345 -0.387 -0.409 -0.424
-0.451 -0.502 -0.562 -0.616 -0.641 -0.658 -0.683 -0.718 -0.757 -0.787 -0.822 -0.841 -0.872 -0.898 -0.922 -0.943 -0.988 -1.032 -1.082 -1.162 -1.256 -1.339 -1.445 -1.500 -1.570 -1.622 -1.637 -1.673 -1.692 -1.708 -1.680 -1.616 -1.571 -1.548 -1.527 -1.495 -1.455 -1.431 -1.433 -1.418 -1.407 -1.428 -1.424 -1.330 -1.255 -1.196 -1.170 -1.118 -1.034 -0.997 -0.945 -0.865 -0.802 -0.725 -0.637 -0.559 -0.492 -0.452 -0.435 -0.432 -0.436 -0.438 -0.422 -0.387 -0.339 -0.296 -0.272 -0.275 -0.299 -0.335 -0.368 -0.391 -0.402 -0.406
-0.426 -0.478 -0.525 -0.566 -0.593 -0.622 -0.672 -0.729 -0.764 -0.805 -0.846 -0.881 -0.930 -0.979 -1.027 -1.076 -1.143 -1.235 -1.306 -1.395 -1.459 -1.536 -1.615 -1.639 -1.706 -1.726 -1.719 -1.727 -1.701 -1.697 -1.672 -1.600 -1.545 -1.523 -1.530 -1.539 -1.520 -1.490 -1.475 -1.456 -1.433 -1.433 -1.462 -1.415 -1.291 -1.162 -1.049 -0.980 -0.900 -0.832 -0.799 -0.757 -0.696 -0.631 -0.564 -0.506 -0.463 -0.438 -0.428 -0.425 -0.427 -0.424 -0.409 -0.380 -0.348 -0.324 -0.317 -0.328 -0.354 -0.391 -0.417 -0.414 -0.399 -0.394
-0.349 -0.391 -0.439 -0.482 -0.529 -0.586 -0.650 -0.711 -0.752 -0.804 -0.850 -0.894 -0.957 -1.008 -1.051 -1.105 -1.180 -1.282 -1.365 -1.460 -1.504 -1.571 -1.622 -1.634 -1.684 -1.703 -1.694 -1.693 -1.649 -1.603 -1.561 -1.508 -1.472 -1.445 -1.434 -1.451 -1.444 -1.405 -1.364 -1.324 -1.307 -1.299 -1.312 -1.313 -1.269 -1.194 -1.040 -0.875 -0.773 -0.704 -0.671 -0.655 -0.619 -0.568 -0.520 -0.480 -0.455 -0.447 -0.447 -0.448 -0.450 -0.448 -0.436 -0.414 -0.392 -0.376 -0.370 -0.376 -0.396 -0.426 -0.462 -0.471 -0.436 -0.393
-0.249 -0.292 -0.346 -0.410 -0.475 -0.537 -0.606 -0.670 -0.720 -0.779 -0.829 -0.873 -0.930 -0.973 -1.016 -1.046 -1.114 -1.210 -1.313 -1.399 -1.444 -1.495 -1.526 -1.523 -1.543 -1.536 -1.520 -1.514 -1.457 -1.410 -1.370 -1.335 -1.308 -1.275 -1.263 -1.255 -1.238 -1.194 -1.149 -1.119 -1.092 -1.057 -1.020 -0.996 -0.982 -0.986 -0.963 -0.810 -0.660 -0.581 -0.565 -0.568 -0.556 -0.530 -0.505 -0.487 -0.477 -0.473 -0.466 -0.458 -0.453 -0.453 -0.451 -0.440 -0.425 -0.409 -0.395 -0.396 -0.411 -0.427 -0.455 -0.489 -0.480 -0.414
