AvaFrame/avaframe/data/avaSalk/Avaflow_Input_Output/slk_results/slk_ascii/slk_hflow0022.asc
ncols 296
nrows 144
xllcenter 761600.00
yllcenter 8523000.00
cellsize 12.50
NODATA_value -9999.000
[rows 68 to 101 of 144, columns 154 to 230 of 296]
0.000 0.000 0.000 0.000 0.000 0.000 0.000 0.000 0.000 0.000 0.000 0.000 0.000 0.000 0.000 0.001 0.000 0.000 0.000 0.000 0.000 0.000 0.000 0.000 0.000 0.000 0.000 0.000 0.000 0.000 0.000 0.000 0.000 0.001 0.001 0.002 0.002 0.002 0.003 0.003 0.003 0.003 0.004 0.004 0.004 0.004 0.005 0.005 0.006 0.007 0.008 0.008 0.009 0.010 0.011 0.012 0.014 0.017 0.020 0.025 0.033 0.046 0.068 0.096 0.134 0.182 0.241 0.319 0.408 0.482 0.528 0.545 0.535 0.480 0.365 0.252 0.187
0.000 0.000 0.000 0.000 0.000 0.000 0.000 0.000 0.000 0.000 0.000 0.000 0.000 0.001 0.000 0.000 0.000 0.000 0.000 0.000 0.000 0.000 0.000 0.000 0.000 0.000 0.000 0.000 0.000 0.000 0.000 0.001 0.001 0.001 0.002 0.002 0.003 0.003 0.003 0.003 0.004 0.004 0.004 0.004 0.004 0.005 0.005 0.006 0.006 0.007 0.008 0.009 0.010 0.011 0.013 0.015 0.017 0.021 0.026 0.034 0.046 0.066 0.097 0.138 0.190 0.253 0.328 0.415 0.490 0.533 0.549 0.528 0.460 0.345 0.238 0.183 0.154
0.000 0.000 0.000 0.000 0.000 0.000 0.000 0.000 0.000 0.000 0.000 0.001 0.001 0.001 0.001 0.000 0.000 0.000 0.000 0.000 0.000 0.000 0.000 0.000 0.000 0.000 0.000 0.000 0.000 0.001 0.001 0.001 0.002 0.002 0.002 0.003 0.003 0.004 0.004 0.004 0.004 0.004 0.004 0.004 0.005 0.005 0.006 0.006 0.007 0.008 0.009 0.010 0.012 0.013 0.015 0.018 0.022 0.027 0.035 0.047 0.066 0.095 0.137 0.192 0.260 0.343 0.425 0.491 0.532 0.546 0.527 0.455 0.342 0.240 0.181 0.152 0.135
0.000 0.000 0.001 0.001 0.001 0.000 0.000 0.000 0.000 0.000 0.000 0.001 0.001 0.001 0.001 0.001 0.001 0.001 0.001 0.001 0.001 0.001 0.001 0.001 0.001 0.001 0.001 0.001 0.001 0.001 0.002 0.002 0.002 0.003 0.003 0.003 0.004 0.004 0.004 0.004 0.004 0.005 0.005 0.005 0.005 0.006 0.007 0.008 0.009 0.010 0.011 0.012 0.014 0.016 0.019 0.022 0.027 0.035 0.048 0.070 0.102 0.140 0.193 0.265 0.353 0.442 0.507 0.536 0.541 0.524 0.459 0.350 0.250 0.189 0.154 0.133 0.117
0.000 0.001 0.001 0.001 0.001 0.001 0.000 0.000 0.000 0.000 0.000 0.001 0.001 0.001 0.001 0.001 0.002 0.002 0.002 0.002 0.003 0.003 0.003 0.002 0.002 0.002 0.002 0.002 0.002 0.002 0.002 0.003 0.003 0.003 0.004 0.004 0.004 0.004 0.005 0.005 0.005 0.005 0.006 0.006 0.007 0.007 0.008 0.009 0.011 0.012 0.013 0.015 0.018 0.021 0.024 0.028 0.036 0.048 0.069 0.111 0.160 0.206 0.275 0.368 0.453 0.508 0.536 0.543 0.525 0.468 0.366 0.263 0.199 0.160 0.135 0.115 0.099
0.000 0.000 0.001 0.001 0.001 0.001 0.001 0.001 0.001 0.001 0.001 0.001 0.001 0.001 0.002 0.003 0.004 0.006 0.006 0.006 0.006 0.007 0.006 0.004 0.003 0.003 0.003 0.003 0.003 0.003 0.003 0.003 0.004 0.004 0.004 0.005 0.005 0.005 0.005 0.005 0.006 0.006 0.007 0.007 0.008 0.009 0.010 0.012 0.013 0.015 0.017 0.020 0.024 0.029 0.034 0.041 0.056 0.081 0.126 0.198 0.254 0.297 0.369 0.451 0.501 0.522 0.528 0.519 0.468 0.369 0.270 0.207 0.166 0.139 0.118 0.100 0.083
0.000 0.000 0.001 0.001 0.001 0.002 0.002 0.002 0.002 0.002 0.002 0.002 0.002 0.002 0.003 0.005 0.009 0.014 0.016 0.017 0.018 0.018 0.016 0.009 0.006 0.005 0.004 0.004 0.004 0.004 0.004 0.004 0.004 0.004 0.005 0.005 0.005 0.006 0.006 0.006 0.006 0.007 0.008 0.009 0.010 0.012 0.013 0.014 0.016 0.018 0.021 0.026 0.033 0.042 0.053 0.072 0.112 0.192 0.292 0.374 0.409 0.431 0.467 0.494 0.507 0.508 0.496 0.454 0.364 0.267 0.208 0.171 0.143 0.122 0.103 0.086 0.070
0.000 0.001 0.001 0.001 0.002 0.003 0.004 0.005 0.005 0.004 0.004 0.004 0.004 0.004 0.007 0.012 0.023 0.042 0.054 0.059 0.061 0.060 0.047 0.022 0.011 0.009 0.008 0.007 0.007 0.007 0.006 0.006 0.005 0.005 0.006 0.006 0.006 0.006 0.007 0.007 0.008 0.009 0.010 0.012 0.013 0.015 0.016 0.018 0.020 0.023 0.028 0.035 0.048 0.067 0.095 0.151 0.255 0.357 0.417 0.444 0.461 0.490 0.514 0.515 0.502 0.485 0.439 0.360 0.272 0.211 0.174 0.148 0.126 0.107 0.089 0.073 0.059
0.001 0.001 0.002 0.002 0.003 0.007 0.013 0.015 0.013 0.010 0.009 0.009 0.009 0.011 0.017 0.036 0.077 0.134 0.170 0.189 0.196 0.189 0.146 0.065 0.025 0.018 0.017 0.016 0.014 0.013 0.012 0.010 0.009 0.008 0.007 0.007 0.007 0.007 0.008 0.008 0.009 0.011 0.014 0.017 0.018 0.019 0.020 0.022 0.024 0.029 0.037 0.050 0.074 0.115 0.188 0.283 0.358 0.388 0.404 0.412 0.430 0.472 0.509 0.509 0.481 0.436 0.355 0.275 0.223 0.187 0.157 0.131 0.110 0.091 0.074 0.060 0.049
0.003 0.003 0.003 0.005 0.009 0.023 0.051 0.062 0.057 0.035 0.025 0.025 0.027 0.036 0.063 0.120 0.204 0.301 0.379 0.432 0.462 0.462 0.391 0.214 0.080 0.045 0.042 0.041 0.041 0.039 0.034 0.028 0.022 0.017 0.012 0.010 0.009 0.009 0.009 0.010 0.012 0.014 0.019 0.023 0.025 0.025 0.025 0.027 0.031 0.039 0.052 0.077 0.122 0.201 0.295 0.349 0.358 0.343 0.333 0.346 0.385 0.441 0.487 0.482 0.424 0.342 0.267 0.224 0.200 0.179 0.154 0.123 0.094 0.074 0.059 0.048 0.040
0.007 0.008 0.009 0.013 0.034 0.118 0.237 0.280 0.256 0.172 0.120 0.113 0.125 0.163 0.232 0.321 0.416 0.538 0.688 0.801 0.858 0.866 0.809 0.568 0.258 0.135 0.115 0.115 0.126 0.141 0.140 0.127 0.104 0.076 0.047 0.024 0.015 0.012 0.012 0.012 0.014 0.018 0.022 0.025 0.028 0.031 0.032 0.034 0.041 0.055 0.080 0.124 0.198 0.279 0.324 0.337 0.329 0.316 0.323 0.356 0.392 0.443 0.468 0.431 0.347 0.268 0.219 0.198 0.189 0.178 0.158 0.126 0.087 0.062 0.049 0.041 0.036
0.019 0.024 0.032 0.057 0.154 0.392 0.615 0.674 0.636 0.511 0.441 0.433 0.453 0.503 0.576 0.654 0.733 0.886 1.149 1.340 1.381 1.349 1.301 1.045 0.557 0.326 0.282 0.286 0.327 0.402 0.457 0.470 0.447 0.391 0.289 0.157 0.068 0.029 0.018 0.016 0.018 0.021 0.025 0.027 0.031 0.036 0.041 0.048 0.061 0.086 0.128 0.197 0.268 0.308 0.322 0.322 0.319 0.323 0.349 0.381 0.393 0.423 0.428 0.377 0.294 0.232 0.196 0.182 0.179 0.177 0.165 0.138 0.093 0.059 0.044 0.038 0.035
0.077 0.114 0.187 0.328 0.585 0.900 1.110 1.160 1.119 1.043 1.010 1.008 1.017 1.024 1.052 1.081 1.153 1.376 1.711 1.890 1.891 1.819 1.703 1.328 0.758 0.552 0.538 0.588 0.703 0.878 1.050 1.161 1.199 1.167 1.002 0.696 0.378 0.172 0.063 0.026 0.023 0.025 0.028 0.030 0.035 0.043 0.054 0.068 0.092 0.135 0.200 0.266 0.304 0.318 0.321 0.322 0.328 0.349 0.375 0.385 0.378 0.380 0.370 0.325 0.255 0.203 0.172 0.161 0.163 0.173 0.172 0.156 0.111 0.065 0.045 0.038 0.035
0.486 0.629 0.880 1.229 1.558 1.747 1.803 1.769 1.750 1.738 1.727 1.705 1.664 1.611 1.599 1.613 1.713 1.938 2.173 2.281 2.292 2.219 1.989 1.418 0.893 0.775 0.838 1.014 1.275 1.591 1.905 2.155 2.280 2.288 2.124 1.712 1.168 0.683 0.321 0.109 0.036 0.030 0.032 0.036 0.043 0.056 0.074 0.100 0.142 0.204 0.265 0.301 0.318 0.324 0.326 0.332 0.351 0.372 0.381 0.375 0.356 0.331 0.306 0.272 0.218 0.170 0.141 0.131 0.135 0.157 0.174 0.173 0.140 0.081 0.052 0.042 0.037
1.741 1.944 2.324 2.759 2.976 2.977 2.809 2.659 2.609 2.539 2.481 2.416 2.330 2.241 2.216 2.250 2.350 2.468 2.556 2.592 2.573 2.495 2.121 1.422 1.065 1.050 1.213 1.550 2.003 2.492 2.946 3.313 3.533 3.605 3.484 3.043 2.371 1.640 0.988 0.473 0.166 0.060 0.042 0.045 0.057 0.077 0.106 0.148 0.207 0.265 0.300 0.318 0.327 0.331 0.337 0.351 0.369 0.377 0.373 0.356 0.330 0.295 0.261 0.224 0.176 0.132 0.106 0.097 0.101 0.128 0.172 0.185 0.170 0.109 0.065 0.051 0.043
3.601 3.785 4.006 4.185 4.246 4.187 3.989 3.846 3.698 3.481 3.291 3.165 3.060 2.968 2.931 2.973 3.031 3.028 2.958 2.863 2.762 2.633 2.121 1.484 1.326 1.434 1.727 2.215 2.861 3.490 4.004 4.406 4.672 4.814 4.794 4.454 3.743 2.867 2.042 1.292 0.672 0.305 0.135 0.072 0.081 0.108 0.153 0.207 0.261 0.296 0.317 0.329 0.338 0.346 0.358 0.370 0.375 0.371 0.357 0.334 0.301 0.263 0.220 0.175 0.130 0.092 0.071 0.064 0.070 0.093 0.156 0.193 0.190 0.141 0.087 0.065 0.053
4.993 5.097 5.152 5.174 5.183 5.113 5.059 5.020 4.842 4.526 4.203 4.013 3.907 3.855 3.803 3.818 3.799 3.627 3.298 3.052 2.888 2.659 2.094 1.698 1.704 1.953 2.383 2.990 3.745 4.420 4.942 5.324 5.568 5.721 5.748 5.527 4.967 4.203 3.368 2.546 1.689 1.052 0.632 0.330 0.161 0.153 0.213 0.259 0.291 0.313 0.329 0.342 0.355 0.366 0.373 0.374 0.371 0.359 0.337 0.307 0.267 0.221 0.172 0.128 0.091 0.061 0.045 0.041 0.047 0.068 0.138 0.194 0.201 0.170 0.116 0.083 0.061
6.010 6.019 5.983 5.964 5.971 5.973 6.001 5.999 5.894 5.621 5.280 5.054 4.948 4.936 4.923 4.811 4.565 4.106 3.529 3.185 2.955 2.641 2.225 2.107 2.249 2.619 3.157 3.826 4.572 5.239 5.778 6.131 6.316 6.411 6.431 6.277 5.929 5.389 4.701 3.969 3.022 2.225 1.693 1.204 0.674 0.287 0.246 0.293 0.311 0.327 0.342 0.359 0.373 0.377 0.375 0.367 0.358 0.343 0.313 0.270 0.222 0.174 0.131 0.094 0.064 0.043 0.032 0.030 0.036 0.061 0.136 0.195 0.204 0.183 0.133 0.090 0.061
6.769 6.734 6.704 6.703 6.743 6.848 6.936 6.961 6.922 6.750 6.514 6.345 6.244 6.182 6.009 5.592 5.057 4.338 3.649 3.229 2.944 2.719 2.576 2.686 2.991 3.467 4.051 4.714 5.364 5.980 6.519 6.843 6.966 6.977 6.943 6.790 6.542 6.181 5.676 5.034 4.115 3.258 2.790 2.452 1.901 0.988 0.358 0.302 0.330 0.340 0.355 0.377 0.387 0.385 0.370 0.352 0.337 0.315 0.276 0.226 0.182 0.142 0.107 0.076 0.051 0.036 0.030 0.029 0.036 0.068 0.147 0.197 0.203 0.182 0.133 0.087 0.056
7.516 7.451 7.435 7.456 7.544 7.696 7.820 7.883 7.899 7.851 7.731 7.592 7.500 7.203 6.723 6.033 5.262 4.368 3.686 3.238 2.993 2.975 3.128 3.452 3.943 4.529 5.101 5.681 6.196 6.697 7.187 7.437 7.521 7.458 7.359 7.220 6.957 6.640 6.206 5.632 4.831 4.007 3.543 3.286 3.046 2.345 1.028 0.356 0.338 0.348 0.364 0.389 0.396 0.384 0.351 0.316 0.293 0.271 0.236 0.193 0.155 0.121 0.091 0.066 0.047 0.036 0.032 0.033 0.046 0.092 0.167 0.200 0.201 0.175 0.119 0.075 0.047
8.286 8.179 8.155 8.181 8.270 8.426 8.605 8.695 8.723 8.730 8.710 8.599 8.396 7.829 7.046 6.162 5.261 4.395 3.775 3.374 3.289 3.487 3.922 4.495 5.131 5.763 6.312 6.774 7.114 7.526 7.842 7.948 7.997 7.883 7.771 7.618 7.262 6.894 6.405 5.825 5.164 4.501 4.038 3.775 3.636 3.442 2.368 0.755 0.323 0.354 0.375 0.395 0.396 0.366 0.304 0.262 0.248 0.238 0.218 0.184 0.143 0.104 0.075 0.057 0.045 0.039 0.038 0.045 0.070 0.131 0.187 0.204 0.197 0.155 0.096 0.058 0.037
9.044 8.865 8.835 8.846 8.903 8.991 9.081 9.230 9.423 9.501 9.490 9.401 8.923 8.042 7.064 6.119 5.173 4.480 4.048 3.841 3.909 4.304 5.016 5.813 6.493 7.030 7.507 7.917 8.225 8.466 8.545 8.491 8.506 8.347 8.144 7.914 7.479 7.063 6.491 5.867 5.229 4.689 4.284 4.018 3.874 3.777 3.433 1.851 0.508 0.333 0.385 0.391 0.374 0.316 0.246 0.221 0.220 0.222 0.214 0.186 0.136 0.086 0.058 0.046 0.042 0.042 0.048 0.065 0.111 0.171 0.202 0.209 0.181 0.118 0.069 0.043 0.031
9.686 9.393 9.336 9.308 9.318 9.367 9.491 9.722 10.006 10.124 10.146 9.858 9.005 7.926 6.789 5.868 5.199 4.795 4.644 4.642 4.864 5.466 6.328 7.021 7.648 8.100 8.544 8.956 9.295 9.404 9.376 9.176 9.213 8.980 8.573 8.134 7.688 7.217 6.607 5.875 5.190 4.674 4.339 4.079 3.899 3.734 3.544 2.805 1.293 0.442 0.371 0.370 0.318 0.252 0.209 0.202 0.212 0.222 0.219 0.189 0.122 0.068 0.046 0.039 0.038 0.041 0.053 0.086 0.154 0.203 0.215 0.203 0.145 0.079 0.048 0.033 0.026
10.160 9.721 9.610 9.612 9.621 9.705 9.793 10.066 10.392 10.576 10.523 9.947 8.841 7.607 6.526 5.864 5.532 5.438 5.542 5.754 6.169 6.806 7.541 8.035 8.579 8.973 9.405 9.880 10.110 10.269 10.218 9.911 9.852 9.474 9.041 8.417 7.930 7.378 6.756 5.954 5.136 4.546 4.248 4.026 3.778 3.504 3.277 2.893 1.971 0.859 0.383 0.304 0.247 0.203 0.186 0.189 0.211 0.232 0.232 0.195 0.110 0.055 0.040 0.038 0.038 0.039 0.052 0.093 0.175 0.223 0.225 0.199 0.128 0.065 0.039 0.028 0.024
10.276 9.842 9.779 9.814 9.895 10.008 10.096 10.376 10.714 10.793 10.542 9.754 8.577 7.482 6.656 6.327 6.372 6.481 6.788 7.133 7.566 8.022 8.503 8.947 9.371 9.693 10.197 10.731 10.784 10.893 10.775 10.437 10.191 9.804 9.430 8.938 8.348 7.672 6.936 6.151 5.246 4.431 3.962 3.732 3.453 3.114 2.849 2.571 2.090 1.267 0.537 0.253 0.193 0.168 0.164 0.174 0.209 0.247 0.254 0.210 0.108 0.052 0.040 0.040 0.041 0.040 0.048 0.088 0.173 0.227 0.232 0.203 0.130 0.067 0.039 0.028 0.024
10.163 9.848 9.861 10.006 10.221 10.271 10.358 10.527 10.732 10.738 10.353 9.535 8.596 7.808 7.486 7.476 7.630 7.845 8.197 8.457 8.759 9.097 9.387 9.768 10.094 10.382 10.898 11.306 11.415 11.424 11.101 10.790 10.452 10.120 9.669 9.361 8.784 8.065 7.241 6.437 5.505 4.487 3.756 3.284 2.929 2.609 2.329 2.074 1.808 1.411 0.784 0.320 0.175 0.150 0.147 0.158 0.201 0.251 0.262 0.221 0.117 0.059 0.044 0.044 0.045 0.044 0.047 0.075 0.149 0.216 0.230 0.209 0.142 0.078 0.047 0.032 0.025
9.911 9.809 9.897 10.105 10.303 10.328 10.432 10.499 10.594 10.429 10.073 9.527 9.061 8.880 8.998 8.996 9.112 9.288 9.353 9.535 9.716 10.072 10.312 10.545 10.751 11.012 11.524 11.787 11.938 11.807 11.337 10.954 10.631 10.392 9.914 9.650 9.124 8.431 7.619 6.751 5.724 4.597 3.751 3.085 2.522 2.174 1.879 1.572 1.368 1.218 0.902 0.445 0.200 0.150 0.146 0.155 0.193 0.244 0.257 0.229 0.145 0.093 0.073 0.060 0.051 0.051 0.053 0.066 0.115 0.188 0.217 0.209 0.162 0.098 0.063 0.042 0.030
9.688 9.742 9.920 10.107 10.250 10.320 10.384 10.266 10.250 10.230 10.110 9.987 9.990 10.066 10.278 10.294 10.293 10.263 10.233 10.327 10.483 10.798 11.040 11.220 11.300 11.465 11.839 12.092 12.279 11.982 11.595 11.178 10.831 10.623 10.248 10.057 9.632 8.912 8.025 7.024 5.857 4.698 3.790 3.058 2.379 1.952 1.606 1.272 1.076 0.986 0.863 0.578 0.304 0.220 0.218 0.218 0.233 0.265 0.281 0.288 0.302 0.309 0.297 0.226 0.113 0.067 0.063 0.070 0.094 0.150 0.190 0.196 0.176 0.129 0.088 0.060 0.040
9.396 9.591 9.809 9.900 9.947 9.995 10.022 10.030 10.025 9.997 10.110 10.377 10.627 10.815 10.977 11.039 11.082 10.928 10.914 10.896 11.051 11.164 11.406 11.470 11.543 11.707 11.946 12.240 12.399 12.041 11.850 11.453 11.146 11.023 10.877 10.877 10.865 10.191 8.995 7.493 6.001 4.780 3.806 3.045 2.411 1.948 1.567 1.235 1.043 0.967 0.949 1.011 0.981 0.948 0.924 0.851 0.761 0.745 0.785 0.946 1.214 1.359 1.366 1.201 0.768 0.306 0.125 0.087 0.085 0.109 0.145 0.167 0.170 0.153 0.122 0.086 0.055
9.013 9.266 9.438 9.484 9.446 9.435 9.489 9.506 9.522 9.662 9.960 10.458 10.980 11.292 11.323 11.325 11.325 11.098 11.150 11.108 11.268 11.306 11.464 11.471 11.618 11.738 11.869 12.139 12.268 12.114 11.990 11.653 11.371 11.339 11.433 11.546 11.705 11.304 10.296 8.576 6.514 4.871 3.799 3.037 2.473 2.029 1.682 1.423 1.307 1.364 1.743 2.534 3.050 3.153 3.058 2.814 2.532 2.413 2.439 2.680 3.049 3.212 3.249 3.159 2.697 1.764 0.876 0.358 0.136 0.082 0.097 0.123 0.151 0.157 0.145 0.116 0.078
8.481 8.787 8.869 8.860 8.816 8.766 8.781 8.824 8.873 9.077 9.507 10.256 10.927 11.334 11.386 11.409 11.291 11.057 11.068 11.111 11.222 11.313 11.309 11.274 11.390 11.421 11.388 11.529 11.583 11.686 11.618 11.474 11.338 11.372 11.579 11.803 11.878 11.550 10.739 9.304 7.350 5.204 3.768 3.015 2.549 2.231 1.984 1.869 1.970 2.406 3.236 4.288 4.983 5.227 5.255 5.102 4.902 4.793 4.754 4.807 4.923 4.973 4.999 4.952 4.836 4.331 3.118 1.641 0.615 0.172 0.077 0.087 0.119 0.145 0.147 0.133 0.104
7.712 7.948 7.991 7.968 7.936 7.824 7.768 7.778 7.864 8.081 8.459 9.371 10.197 10.589 10.584 10.618 10.482 10.307 10.330 10.465 10.512 10.681 10.701 10.650 10.723 10.561 10.189 10.074 10.025 10.045 10.004 10.081 10.332 10.702 11.017 11.129 11.090 10.871 10.288 9.136 7.455 5.338 3.726 2.928 2.569 2.392 2.313 2.326 2.577 3.235 4.219 5.225 5.969 6.365 6.617 6.697 6.718 6.746 6.748 6.805 6.815 6.741 6.717 6.619 6.462 6.126 5.090 3.275 1.550 0.529 0.139 0.073 0.087 0.115 0.135 0.135 0.120
6.524 6.629 6.645 6.681 6.671 6.588 6.487 6.453 6.529 6.685 7.166 7.941 8.525 8.729 8.714 8.669 8.510 8.481 8.522 8.531 8.623 8.675 8.644 8.510 8.449 8.216 7.687 7.283 7.015 6.871 6.967 7.317 8.025 8.731 8.968 8.979 8.955 8.843 8.443 7.700 6.623 5.064 3.471 2.699 2.487 2.417 2.483 2.671 3.061 3.785 4.859 5.943 6.803 7.379 7.843 8.132 8.332 8.590 8.669 8.754 8.689 8.583 8.506 8.310 7.971 7.493 6.352 4.429 2.460 1.134 0.399 0.123 0.077 0.088 0.110 0.124 0.124
4.390 4.410 4.477 4.691 4.837 4.805 4.739 4.689 4.793 5.075 5.531 5.888 6.066 6.055 5.938 5.869 5.819 5.816 5.739 5.585 5.545 5.407 5.167 4.886 4.700 4.549 4.297 4.058 3.912 3.889 4.058 4.469 5.168 5.811 6.102 6.177 6.112 5.885 5.623 5.389 4.791 3.525 2.492 2.181 2.202 2.321 2.541 2.910 3.450 4.263 5.423 6.687 7.696 8.448 9.030 9.597 10.009 10.398 10.505 10.721 10.653 10.553 10.475 10.236 9.656 8.943 7.547 5.481 3.461 1.994 0.991 0.384 0.139 0.091 0.102 0.118 0.127
