AvaFrame/avaframe/data/avaSalk/Avaflow_Input_Output/slk_results/slk_ascii/slk_basechange10006.asc
ncols 296
nrows 144
xllcenter 761600.00
yllcenter 8523000.00
cellsize 12.50
NODATA_value -9999.000
[rows 33 to 65 of 144, columns 222 to 295 of 296]
0.000 0.000 0.000 0.000 -0.000 -0.000 -0.000 -0.000 -0.000 -0.000 -0.000 -0.000 -0.000 -0.000 -0.000 -0.000 -0.000 -0.000 -0.000 -0.000 -0.000 -0.001 -0.001 -0.001 -0.002 -0.004 -0.007 -0.014 -0.026 -0.045 -0.071 -0.104 -0.146 -0.196 -0.267 -0.343 -0.426 -0.519 -0.598 -0.670 -0.726 -0.748 -0.724 -0.663 -0.572 -0.410 -0.204 -0.072 -0.021 -0.004 -0.001 -0.000 -0.000 -0.000 -0.000 0.000 0.000 0.000 0.000 0.000 0.000 0.000 0.000 0.000 0.000 0.000 0.000 0.000 0.000 0.000 0.000 0.000 0.000 0.000
0.000 0.000 0.000 -0.000 -0.000 -0.000 -0.000 -0.000 -0.000 -0.000 -0.000 -0.000 -0.000 -0.000 -0.000 -0.000 -0.000 -0.000 -0.000 -0.001 -0.001 -0.001 -0.002 -0.004 -0.007 -0.014 -0.026 -0.046 -0.074 -0.109 -0.150 -0.195 -0.249 -0.311 -0.409 -0.532 -0.668 -0.813 -0.928 -1.003 -1.042 -1.025 -0.955 -0.836 -0.679 -0.461 -0.226 -0.072 -0.020 -0.004 -0.001 -0.000 -0.000 -0.000 -0.000 0.000 0.000 0.000 0.000 0.000 0.000 0.000 0.000 0.000 0.000 0.000 0.000 0.000 0.000 0.000 0.000 0.000 0.000 0.000
0.000 -0.000 -0.000 -0.000 -0.000 -0.000 -0.000 -0.000 -0.000 -0.000 -0.000 -0.000 -0.000 -0.000 -0.000 -0.000 -0.000 -0.000 -0.001 -0.001 -0.002 -0.003 -0.006 -0.012 -0.024 -0.044 -0.073 -0.111 -0.155 -0.203 -0.254 -0.311 -0.376 -0.465 -0.610 -0.813 -1.045 -1.281 -1.458 -1.548 -1.585 -1.536 -1.388 -1.133 -0.840 -0.532 -0.241 -0.079 -0.021 -0.005 -0.001 -0.000 -0.000 -0.000 -0.000 -0.000 0.000 0.000 0.000 0.000 0.000 0.000 0.000 0.000 0.000 0.000 0.000 0.000 0.000 0.000 0.000 0.000 0.000 0.000
-0.000 -0.000 -0.000 -0.000 -0.000 -0.000 -0.000 -0.000 -0.000 -0.000 -0.000 -0.000 -0.000 -0.000 -0.000 -0.000 -0.001 -0.001 -0.002 -0.003 -0.005 -0.010 -0.020 -0.040 -0.069 -0.108 -0.153 -0.203 -0.257 -0.313 -0.373 -0.444 -0.529 -0.683 -0.937 -1.223 -1.492 -1.743 -1.931 -2.053 -2.111 -2.112 -1.998 -1.682 -1.205 -0.671 -0.273 -0.086 -0.023 -0.005 -0.001 -0.000 -0.000 -0.000 -0.000 -0.000 0.000 0.000 0.000 0.000 0.000 0.000 0.000 0.000 0.000 0.000 0.000 0.000 0.000 0.000 0.000 0.000 0.000 0.000
-0.000 -0.000 -0.000 -0.000 -0.000 -0.000 -0.000 -0.000 -0.000 -0.000 -0.000 -0.000 -0.000 -0.000 -0.001 -0.001 -0.001 -0.002 -0.004 -0.008 -0.017 -0.034 -0.061 -0.100 -0.148 -0.198 -0.252 -0.308 -0.368 -0.428 -0.494 -0.582 -0.701 -0.937 -1.299 -1.629 -1.834 -1.952 -2.041 -2.162 -2.192 -2.218 -2.122 -1.985 -1.680 -0.974 -0.345 -0.093 -0.023 -0.005 -0.001 -0.000 -0.000 -0.000 -0.000 -0.000 0.000 0.000 0.000 0.000 0.000 0.000 0.000 0.000 0.000 0.000 0.000 0.000 0.000 0.000 0.000 0.000 0.000 0.000
-0.000 -0.000 -0.000 -0.000 -0.000 -0.000 -0.000 -0.000 -0.000 -0.000 -0.000 -0.000 -0.001 -0.001 -0.001 -0.002 -0.003 -0.006 -0.013 -0.027 -0.052 -0.090 -0.137 -0.188 -0.243 -0.300 -0.358 -0.418 -0.482 -0.550 -0.621 -0.731 -0.912 -1.216 -1.561 -1.844 -2.087 -2.122 -2.044 -2.020 -2.010 -2.073 -1.903 -1.786 -1.870 -1.331 -0.452 -0.103 -0.024 -0.005 -0.001 -0.000 -0.000 -0.000 -0.000 -0.000 0.000 0.000 0.000 0.000 0.000 0.000 0.000 0.000 0.000 0.000 0.000 0.000 0.000 0.000 0.000 0.000 0.000 0.000
-0.000 -0.000 -0.000 -0.000 -0.000 -0.000 -0.000 -0.000 -0.000 -0.000 -0.000 -0.001 -0.001 -0.002 -0.003 -0.005 -0.009 -0.019 -0.040 -0.074 -0.120 -0.174 -0.231 -0.289 -0.349 -0.412 -0.475 -0.542 -0.610 -0.683 -0.768 -0.904 -1.162 -1.499 -1.797 -2.004 -2.245 -2.254 -2.153 -1.870 -1.623 -1.659 -1.589 -1.534 -1.789 -1.477 -0.496 -0.105 -0.025 -0.005 -0.001 -0.000 -0.000 -0.000 -0.000 -0.000 0.000 0.000 0.000 0.000 0.000 0.000 0.000 0.000 0.000 0.000 0.000 0.000 0.000 0.000 0.000 0.000 0.000 0.000
-0.000 -0.000 -0.000 -0.000 -0.000 -0.000 -0.000 -0.000 -0.000 -0.001 -0.001 -0.001 -0.002 -0.004 -0.007 -0.013 -0.028 -0.056 -0.100 -0.155 -0.214 -0.275 -0.337 -0.404 -0.470 -0.539 -0.608 -0.681 -0.760 -0.842 -0.946 -1.109 -1.406 -1.699 -1.888 -2.033 -2.223 -2.106 -2.140 -1.865 -1.592 -1.553 -1.351 -1.539 -1.795 -1.498 -0.489 -0.099 -0.024 -0.005 -0.001 -0.000 -0.000 -0.000 -0.000 -0.000 0.000 0.000 0.000 0.000 0.000 0.000 0.000 0.000 0.000 0.000 0.000 0.000 0.000 0.000 0.000 0.000 0.000 0.000
-0.000 -0.000 -0.000 -0.000 -0.000 -0.000 -0.000 -0.001 -0.001 -0.001 -0.002 -0.003 -0.005 -0.010 -0.019 -0.041 -0.078 -0.131 -0.195 -0.260 -0.325 -0.395 -0.464 -0.537 -0.612 -0.689 -0.765 -0.844 -0.932 -1.028 -1.165 -1.353 -1.620 -1.852 -1.941 -1.980 -2.073 -1.923 -2.028 -1.817 -1.544 -1.554 -1.401 -1.668 -1.855 -1.332 -0.413 -0.088 -0.021 -0.005 -0.001 -0.001 -0.000 -0.000 -0.000 -0.000 0.000 0.000 0.000 0.000 0.000 0.000 0.000 0.000 0.000 0.000 0.000 0.000 0.000 0.000 0.000 0.000 0.000 0.000
-0.000 -0.000 -0.000 -0.000 -0.000 -0.001 -0.001 -0.001 -0.002 -0.003 -0.004 -0.008 -0.014 -0.029 -0.059 -0.110 -0.177 -0.251 -0.326 -0.399 -0.470 -0.543 -0.623 -0.705 -0.789 -0.875 -0.963 -1.049 -1.148 -1.264 -1.430 -1.655 -1.876 -2.028 -2.024 -1.998 -2.001 -1.929 -2.147 -2.004 -1.714 -1.661 -1.476 -1.674 -1.623 -0.968 -0.286 -0.070 -0.018 -0.005 -0.001 -0.001 -0.000 -0.000 -0.000 -0.000 0.000 0.000 0.000 0.000 0.000 0.000 0.000 0.000 0.000 0.000 0.000 0.000 0.000 0.000 0.000 0.000 0.000 0.000
-0.000 -0.000 -0.000 -0.001 -0.001 -0.001 -0.002 -0.002 -0.004 -0.007 -0.012 -0.023 -0.045 -0.087 -0.153 -0.236 -0.321 -0.405 -0.488 -0.570 -0.653 -0.737 -0.831 -0.927 -1.023 -1.123 -1.221 -1.324 -1.442 -1.608 -1.788 -2.013 -2.199 -2.302 -2.251 -2.153 -2.070 -1.984 -2.072 -1.942 -1.741 -1.666 -1.557 -1.582 -1.254 -0.606 -0.173 -0.050 -0.014 -0.004 -0.001 -0.001 -0.000 -0.000 -0.000 -0.000 0.000 0.000 0.000 0.000 0.000 0.000 0.000 0.000 0.000 0.000 0.000 0.000 0.000 0.000 0.000 0.000 0.000 0.000
-0.000 -0.000 -0.001 -0.001 -0.001 -0.002 -0.004 -0.006 -0.011 -0.021 -0.040 -0.075 -0.133 -0.212 -0.307 -0.404 -0.495 -0.582 -0.670 -0.771 -0.875 -0.987 -1.114 -1.238 -1.354 -1.471 -1.594 -1.721 -1.889 -2.116 -2.337 -2.506 -2.660 -2.723 -2.687 -2.555 -2.340 -2.151 -2.185 -2.103 -1.859 -1.694 -1.535 -1.295 -0.790 -0.326 -0.106 -0.034 -0.010 -0.003 -0.001 -0.000 -0.000 -0.000 -0.000 -0.000 0.000 0.000 0.000 0.000 0.000 0.000 0.000 0.000 0.000 0.000 0.000 0.000 0.000 0.000 0.000 0.000 0.000 0.000
-0.001 -0.001 -0.001 -0.002 -0.003 -0.005 -0.009 -0.017 -0.033 -0.065 -0.116 -0.192 -0.290 -0.394 -0.495 -0.595 -0.694 -0.798 -0.906 -1.039 -1.194 -1.348 -1.519 -1.693 -1.846 -1.989 -2.148 -2.321 -2.519 -2.734 -2.959 -3.111 -3.170 -3.133 -3.051 -2.970 -2.788 -2.517 -2.352 -2.098 -1.849 -1.530 -1.235 -0.815 -0.389 -0.154 -0.059 -0.021 -0.007 -0.002 -0.001 -0.000 -0.000 -0.000 -0.000 -0.000 0.000 0.000 0.000 0.000 0.000 0.000 0.000 0.000 0.000 0.000 0.000 0.000 0.000 0.000 0.000 0.000 0.000 0.000
-0.001 -0.002 -0.003 -0.004 -0.007 -0.013 -0.026 -0.051 -0.098 -0.166 -0.256 -0.361 -0.473 -0.590 -0.698 -0.815 -0.944 -1.087 -1.252 -1.446 -1.678 -1.905 -2.101 -2.278 -2.437 -2.566 -2.722 -2.908 -3.068 -3.182 -3.284 -3.367 -3.357 -3.227 -3.106 -2.970 -2.723 -2.433 -2.143 -1.851 -1.502 -1.098 -0.694 -0.366 -0.165 -0.070 -0.030 -0.012 -0.004 -0.002 -0.001 -0.000 -0.000 -0.000 -0.000 -0.000 0.000 0.000 0.000 0.000 0.000 0.000 0.000 0.000 0.000 0.000 0.000 0.000 0.000 0.000 0.000 0.000 0.000 0.000
-0.002 -0.004 -0.006 -0.011 -0.021 -0.041 -0.079 -0.138 -0.221 -0.322 -0.428 -0.543 -0.663 -0.796 -0.938 -1.096 -1.293 -1.511 -1.759 -2.038 -2.298 -2.511 -2.656 -2.748 -2.813 -2.882 -2.988 -3.135 -3.255 -3.291 -3.268 -3.240 -3.133 -2.918 -2.729 -2.498 -2.169 -1.792 -1.470 -1.164 -0.845 -0.534 -0.298 -0.152 -0.072 -0.034 -0.016 -0.007 -0.003 -0.001 -0.001 -0.000 -0.000 -0.000 -0.000 0.000 0.000 0.000 0.000 0.000 0.000 0.000 0.000 0.000 0.000 0.000 0.000 0.000 0.000 0.000 0.000 0.000 0.000 0.000
-0.005 -0.009 -0.017 -0.032 -0.063 -0.114 -0.191 -0.286 -0.389 -0.503 -0.620 -0.745 -0.890 -1.057 -1.251 -1.489 -1.778 -2.090 -2.360 -2.595 -2.766 -2.859 -2.897 -2.917 -2.923 -2.935 -2.989 -3.081 -3.130 -3.094 -2.938 -2.728 -2.491 -2.198 -1.916 -1.644 -1.337 -1.040 -0.798 -0.589 -0.403 -0.249 -0.140 -0.075 -0.038 -0.019 -0.009 -0.004 -0.002 -0.001 -0.000 -0.000 -0.000 -0.000 -0.000 0.000 0.000 0.000 0.000 0.000 0.000 0.000 0.000 0.000 0.000 0.000 0.000 0.000 0.000 0.000 0.000 0.000 0.000 0.000
-0.014 -0.027 -0.051 -0.094 -0.161 -0.248 -0.351 -0.463 -0.580 -0.710 -0.856 -1.014 -1.206 -1.446 -1.712 -2.022 -2.351 -2.634 -2.790 -2.876 -2.917 -2.923 -2.891 -2.865 -2.834 -2.784 -2.767 -2.751 -2.691 -2.546 -2.309 -2.008 -1.701 -1.434 -1.206 -1.007 -0.817 -0.636 -0.482 -0.351 -0.242 -0.152 -0.087 -0.046 -0.023 -0.011 -0.005 -0.003 -0.001 -0.001 -0.000 -0.000 -0.000 -0.000 -0.000 0.000 0.000 0.000 0.000 0.000 0.000 0.000 0.000 0.000 0.000 0.000 0.000 0.000 0.000 0.000 0.000 0.000 0.000 0.000
-0.042 -0.079 -0.138 -0.219 -0.319 -0.429 -0.540 -0.662 -0.801 -0.964 -1.160 -1.390 -1.651 -1.967 -2.292 -2.575 -2.785 -2.904 -2.926 -2.904 -2.855 -2.781 -2.668 -2.559 -2.458 -2.354 -2.277 -2.197 -2.063 -1.873 -1.650 -1.413 -1.185 -0.994 -0.840 -0.704 -0.572 -0.448 -0.342 -0.249 -0.168 -0.102 -0.056 -0.027 -0.013 -0.006 -0.003 -0.002 -0.001 -0.000 -0.000 -0.000 -0.000 -0.000 -0.000 0.000 0.000 0.000 0.000 0.000 0.000 0.000 0.000 0.000 0.000 0.000 0.000 0.000 0.000 0.000 0.000 0.000 0.000 0.000
-0.114 -0.188 -0.283 -0.391 -0.506 -0.631 -0.761 -0.909 -1.087 -1.299 -1.556 -1.847 -2.158 -2.462 -2.714 -2.864 -2.926 -2.907 -2.836 -2.710 -2.550 -2.363 -2.183 -2.036 -1.929 -1.845 -1.779 -1.701 -1.572 -1.396 -1.210 -1.035 -0.880 -0.749 -0.633 -0.530 -0.429 -0.335 -0.255 -0.183 -0.118 -0.066 -0.033 -0.016 -0.008 -0.004 -0.002 -0.001 -0.001 -0.000 -0.000 -0.000 -0.000 -0.000 0.000 0.000 0.000 0.000 0.000 0.000 0.000 0.000 0.000 0.000 0.000 0.000 0.000 0.000 0.000 0.000 0.000 0.000 0.000 0.000
-0.248 -0.350 -0.460 -0.580 -0.709 -0.849 -1.014 -1.202 -1.429 -1.690 -1.991 -2.286 -2.548 -2.728 -2.832 -2.868 -2.812 -2.668 -2.466 -2.239 -2.001 -1.811 -1.673 -1.595 -1.554 -1.510 -1.451 -1.363 -1.234 -1.078 -0.931 -0.802 -0.689 -0.593 -0.504 -0.417 -0.335 -0.258 -0.190 -0.131 -0.078 -0.040 -0.019 -0.009 -0.005 -0.003 -0.001 -0.001 -0.000 -0.000 -0.000 -0.000 -0.000 -0.000 0.000 0.000 0.000 0.000 0.000 0.000 0.000 0.000 0.000 0.000 0.000 0.000 0.000 0.000 0.000 0.000 0.000 0.000 0.000 0.000
-0.429 -0.540 -0.659 -0.790 -0.937 -1.103 -1.297 -1.520 -1.789 -2.068 -2.343 -2.559 -2.702 -2.766 -2.740 -2.668 -2.495 -2.210 -1.929 -1.690 -1.516 -1.414 -1.360 -1.337 -1.331 -1.299 -1.224 -1.118 -0.991 -0.860 -0.742 -0.645 -0.563 -0.485 -0.410 -0.337 -0.266 -0.200 -0.141 -0.090 -0.050 -0.024 -0.012 -0.006 -0.003 -0.002 -0.001 -0.001 -0.000 -0.000 -0.000 -0.000 -0.000 -0.000 0.000 0.000 0.000 0.000 0.000 0.000 0.000 0.000 0.000 0.000 0.000 0.000 0.000 0.000 0.000 0.000 0.000 0.000 0.000 0.000
-0.610 -0.735 -0.867 -1.017 -1.186 -1.380 -1.605 -1.853 -2.119 -2.364 -2.542 -2.644 -2.673 -2.641 -2.493 -2.279 -2.038 -1.747 -1.505 -1.346 -1.251 -1.204 -1.186 -1.187 -1.179 -1.134 -1.041 -0.922 -0.801 -0.698 -0.609 -0.531 -0.466 -0.404 -0.338 -0.272 -0.211 -0.155 -0.104 -0.062 -0.032 -0.016 -0.008 -0.004 -0.002 -0.001 -0.001 -0.000 -0.000 -0.000 -0.000 -0.000 -0.000 0.000 0.000 0.000 0.000 0.000 0.000 0.000 0.000 0.000 0.000 0.000 0.000 0.000 0.000 0.000 0.000 0.000 0.000 0.000 0.000 0.000
-0.786 -0.921 -1.071 -1.241 -1.437 -1.659 -1.903 -2.160 -2.364 -2.517 -2.588 -2.593 -2.523 -2.373 -2.135 -1.857 -1.604 -1.402 -1.267 -1.181 -1.130 -1.107 -1.100 -1.091 -1.057 -0.984 -0.876 -0.757 -0.652 -0.569 -0.505 -0.447 -0.391 -0.336 -0.278 -0.220 -0.167 -0.118 -0.075 -0.042 -0.021 -0.010 -0.005 -0.003 -0.002 -0.001 -0.000 -0.000 -0.000 -0.000 -0.000 -0.000 -0.000 0.000 0.000 0.000 0.000 0.000 0.000 0.000 0.000 0.000 0.000 0.000 0.000 0.000 0.000 0.000 0.000 0.000 0.000 0.000 0.000 0.000
-0.984 -1.124 -1.287 -1.477 -1.692 -1.928 -2.159 -2.355 -2.475 -2.530 -2.501 -2.419 -2.267 -2.038 -1.771 -1.520 -1.316 -1.185 -1.115 -1.087 -1.071 -1.059 -1.045 -1.010 -0.940 -0.840 -0.727 -0.621 -0.537 -0.473 -0.422 -0.378 -0.332 -0.282 -0.228 -0.177 -0.131 -0.089 -0.053 -0.028 -0.014 -0.007 -0.004 -0.002 -0.001 -0.001 -0.000 -0.000 -0.000 -0.000 -0.000 -0.000 0.000 0.000 0.000 0.000 0.000 0.000 0.000 0.000 0.000 0.000 0.000 0.000 0.000 0.000 0.000 0.000 0.000 0.000 0.000 0.000 0.000 0.000
-1.187 -1.340 -1.524 -1.720 -1.930 -2.140 -2.309 -2.411 -2.436 -2.417 -2.312 -2.136 -1.932 -1.689 -1.446 -1.251 -1.124 -1.055 -1.022 -1.018 -1.027 -1.015 -0.975 -0.911 -0.817 -0.704 -0.597 -0.512 -0.449 -0.400 -0.359 -0.319 -0.279 -0.235 -0.187 -0.141 -0.101 -0.066 -0.037 -0.018 -0.009 -0.004 -0.002 -0.001 -0.001 -0.000 -0.000 -0.000 -0.000 -0.000 -0.000 -0.000 0.000 0.000 0.000 0.000 0.000 0.000 0.000 0.000 0.000 0.000 0.000 0.000 0.000 0.000 0.000 0.000 0.000 0.000 0.000 0.000 0.000 0.000
-1.377 -1.540 -1.738 -1.935 -2.105 -2.257 -2.341 -2.357 -2.308 -2.218 -2.075 -1.860 -1.618 -1.375 -1.179 -1.049 -0.981 -0.956 -0.962 -0.973 -0.980 -0.955 -0.886 -0.792 -0.684 -0.576 -0.491 -0.426 -0.379 -0.340 -0.306 -0.271 -0.231 -0.191 -0.151 -0.112 -0.077 -0.047 -0.025 -0.012 -0.006 -0.003 -0.001 -0.001 -0.000 -0.000 -0.000 -0.000 -0.000 -0.000 -0.000 0.000 0.000 0.000 0.000 0.000 0.000 0.000 0.000 0.000 0.000 0.000 0.000 0.000 0.000 0.000 0.000 0.000 0.000 0.000 0.000 0.000 0.000 0.000
-1.556 -1.729 -1.911 -2.080 -2.194 -2.262 -2.293 -2.237 -2.132 -1.990 -1.812 -1.589 -1.351 -1.146 -1.009 -0.931 -0.899 -0.899 -0.915 -0.930 -0.924 -0.873 -0.779 -0.668 -0.560 -0.471 -0.408 -0.361 -0.324 -0.292 -0.262 -0.229 -0.192 -0.154 -0.119 -0.087 -0.058 -0.033 -0.016 -0.008 -0.004 -0.002 -0.001 -0.001 -0.000 -0.000 -0.000 -0.000 -0.000 -0.000 -0.000 0.000 0.000 0.000 0.000 0.000 0.000 0.000 0.000 0.000 0.000 0.000 0.000 0.000 0.000 0.000 0.000 0.000 0.000 0.000 0.000 0.000 0.000 0.000
-1.722 -1.892 -2.035 -2.145 -2.193 -2.189 -2.160 -2.079 -1.942 -1.762 -1.543 -1.323 -1.126 -0.988 -0.914 -0.873 -0.863 -0.878 -0.892 -0.886 -0.848 -0.772 -0.658 -0.551 -0.462 -0.397 -0.349 -0.312 -0.281 -0.253 -0.225 -0.193 -0.159 -0.126 -0.096 -0.068 -0.043 -0.023 -0.011 -0.005 -0.003 -0.001 -0.001 -0.000 -0.000 -0.000 -0.000 -0.000 -0.000 -0.000 -0.000 0.000 0.000 0.000 0.000 0.000 0.000 0.000 0.000 0.000 0.000 0.000 0.000 0.000 0.000 0.000 0.000 0.000 0.000 0.000 0.000 0.000 0.000 0.000
-1.869 -1.998 -2.098 -2.132 -2.119 -2.069 -2.002 -1.897 -1.741 -1.537 -1.303 -1.105 -0.969 -0.890 -0.857 -0.848 -0.853 -0.871 -0.866 -0.831 -0.758 -0.652 -0.541 -0.455 -0.391 -0.342 -0.305 -0.273 -0.245 -0.220 -0.193 -0.163 -0.132 -0.103 -0.077 -0.053 -0.032 -0.017 -0.008 -0.004 -0.002 -0.001 -0.001 -0.000 -0.000 -0.000 -0.000 -0.000 -0.000 -0.000 -0.000 0.000 0.000 0.000 0.000 0.000 0.000 0.000 0.000 0.000 0.000 0.000 0.000 0.000 0.000 0.000 0.000 0.000 0.000 0.000 0.000 0.000 0.000 0.000
-1.971 -2.039 -2.076 -2.057 -1.999 -1.920 -1.836 -1.715 -1.532 -1.315 -1.106 -0.962 -0.878 -0.841 -0.828 -0.843 -0.854 -0.850 -0.817 -0.747 -0.645 -0.535 -0.445 -0.383 -0.338 -0.300 -0.268 -0.240 -0.214 -0.190 -0.164 -0.137 -0.111 -0.086 -0.062 -0.040 -0.023 -0.012 -0.005 -0.003 -0.001 -0.001 -0.000 -0.000 -0.000 -0.000 -0.000 -0.000 -0.000 -0.000 -0.000 0.000 0.000 0.000 0.000 0.000 0.000 0.000 0.000 0.000 0.000 0.000 0.000 0.000 0.000 0.000 0.000 0.000 0.000 0.000 0.000 0.000 0.000 0.000
-2.013 -2.023 -1.994 -1.935 -1.855 -1.770 -1.668 -1.524 -1.332 -1.125 -0.964 -0.872 -0.831 -0.821 -0.826 -0.840 -0.842 -0.801 -0.730 -0.635 -0.527 -0.436 -0.373 -0.330 -0.296 -0.266 -0.237 -0.211 -0.186 -0.163 -0.140 -0.117 -0.094 -0.070 -0.048 -0.028 -0.015 -0.008 -0.004 -0.002 -0.001 -0.000 -0.000 -0.000 -0.000 -0.000 -0.000 -0.000 -0.000 -0.000 -0.000 0.000 0.000 0.000 0.000 0.000 0.000 0.000 0.000 0.000 0.000 0.000 0.000 0.000 0.000 0.000 0.000 0.000 0.000 0.000 0.000 0.000 0.000 0.000
-1.991 -1.947 -1.882 -1.799 -1.717 -1.630 -1.515 -1.341 -1.139 -0.979 -0.875 -0.821 -0.805 -0.816 -0.829 -0.829 -0.797 -0.718 -0.618 -0.519 -0.430 -0.364 -0.319 -0.288 -0.262 -0.237 -0.211 -0.185 -0.162 -0.140 -0.120 -0.099 -0.078 -0.055 -0.034 -0.019 -0.010 -0.005 -0.002 -0.001 -0.001 -0.000 -0.000 -0.000 -0.000 -0.000 -0.000 -0.000 -0.000 -0.000 -0.000 0.000 0.000 0.000 0.000 0.000 0.000 0.000 0.000 0.000 0.000 0.000 0.000 0.000 0.000 0.000 0.000 0.000 0.000 0.000 0.000 0.000 0.000 0.000
-1.916 -1.840 -1.767 -1.691 -1.606 -1.502 -1.357 -1.163 -0.981 -0.872 -0.819 -0.792 -0.791 -0.805 -0.805 -0.777 -0.717 -0.617 -0.513 -0.425 -0.359 -0.312 -0.278 -0.251 -0.230 -0.208 -0.185 -0.161 -0.140 -0.120 -0.102 -0.082 -0.062 -0.040 -0.022 -0.012 -0.006 -0.003 -0.002 -0.001 -0.000 -0.000 -0.000 -0.000 -0.000 -0.000 -0.000 -0.000 -0.000 -0.000 0.000 0.000 0.000 0.000 0.000 0.000 0.000 0.000 0.000 0.000 0.000 0.000 0.000 0.000 0.000 0.000 0.000 0.000 0.000 0.000 0.000 0.000 0.000 0.000
