AvaFrame/avaframe/data/avaSalk/Avaflow_Input_Output/slk_results/slk_ascii/slk_hflow0013.asc
ncols 296
nrows 144
xllcenter 761600.00
yllcenter 8523000.00
cellsize 12.50
NODATA_value -9999.000
[rows 102 to 135 of 144, columns 154 to 230 of 296]
1.678 1.806 1.955 2.258 2.634 2.873 3.049 3.201 3.421 3.687 3.884 3.911 3.865 3.796 3.748 3.747 3.706 3.592 3.432 3.275 3.149 3.040 2.905 2.810 2.733 2.706 2.699 2.731 2.823 3.105 3.575 4.144 4.726 5.117 5.321 5.442 5.454 5.324 5.050 4.454 3.408 2.425 2.147 2.221 2.399 2.585 2.827 3.213 3.873 4.911 6.313 7.605 8.623 9.473 10.061 10.549 11.075 11.362 11.455 11.519 11.385 11.236 10.909 10.484 9.849 9.089 7.676 5.711 3.788 2.287 1.166 0.501 0.228 0.168 0.176 0.195 0.239
0.408 0.447 0.497 0.623 0.840 1.018 1.168 1.330 1.512 1.641 1.678 1.677 1.693 1.706 1.706 1.699 1.623 1.467 1.299 1.165 1.072 1.013 0.976 0.948 0.908 0.882 0.885 0.947 1.104 1.412 1.849 2.259 2.518 2.683 2.842 3.038 3.144 3.092 2.610 1.591 0.822 0.651 0.784 1.034 1.336 1.724 2.241 2.937 3.844 5.038 6.521 7.994 9.260 10.307 11.147 11.814 12.352 12.600 12.686 12.734 12.562 12.371 12.065 11.629 10.980 10.125 8.605 6.581 4.757 3.265 2.035 1.160 0.644 0.422 0.372 0.404 0.612
0.101 0.105 0.112 0.138 0.197 0.250 0.298 0.361 0.421 0.448 0.448 0.446 0.456 0.484 0.500 0.494 0.455 0.383 0.318 0.275 0.249 0.239 0.237 0.232 0.221 0.210 0.207 0.223 0.290 0.427 0.614 0.765 0.852 0.926 1.019 1.132 1.192 1.151 0.799 0.285 0.128 0.133 0.199 0.335 0.521 0.791 1.343 2.296 3.550 4.987 6.514 8.037 9.450 10.667 11.755 12.617 13.248 13.529 13.636 13.683 13.546 13.232 12.862 12.408 11.842 11.027 9.678 7.742 5.915 4.448 3.220 2.256 1.590 1.239 1.147 1.222 1.639
0.036 0.036 0.037 0.043 0.057 0.070 0.081 0.094 0.100 0.100 0.099 0.098 0.101 0.112 0.120 0.118 0.107 0.091 0.079 0.071 0.068 0.066 0.065 0.064 0.062 0.060 0.059 0.062 0.076 0.103 0.138 0.170 0.199 0.224 0.248 0.261 0.267 0.248 0.139 0.053 0.038 0.037 0.046 0.076 0.133 0.239 0.517 1.274 2.672 4.446 6.156 7.706 9.239 10.583 11.809 12.865 13.616 13.881 14.027 14.034 13.892 13.694 13.351 12.953 12.387 11.675 10.722 9.178 7.377 5.878 4.679 3.691 2.970 2.609 2.558 2.715 3.137
0.015 0.015 0.016 0.017 0.022 0.027 0.031 0.034 0.034 0.034 0.033 0.033 0.034 0.038 0.040 0.039 0.035 0.030 0.027 0.025 0.024 0.024 0.024 0.023 0.023 0.023 0.023 0.025 0.029 0.037 0.045 0.055 0.063 0.066 0.067 0.067 0.066 0.060 0.041 0.024 0.018 0.016 0.017 0.021 0.031 0.052 0.123 0.419 1.357 3.102 5.107 6.864 8.575 10.200 11.544 12.607 13.505 13.874 14.117 14.198 14.084 13.885 13.463 13.116 12.705 12.251 11.618 10.630 9.179 7.673 6.404 5.376 4.636 4.279 4.195 4.242 4.354
0.007 0.007 0.008 0.008 0.009 0.012 0.014 0.015 0.014 0.014 0.014 0.014 0.015 0.016 0.016 0.015 0.013 0.012 0.011 0.011 0.010 0.010 0.010 0.010 0.010 0.010 0.011 0.012 0.014 0.017 0.020 0.024 0.025 0.025 0.026 0.028 0.029 0.028 0.024 0.018 0.012 0.009 0.009 0.010 0.012 0.016 0.026 0.084 0.424 1.463 3.294 5.348 7.295 9.116 10.753 12.024 13.098 13.526 13.793 13.978 13.919 13.825 13.454 13.113 12.806 12.523 12.214 11.680 10.504 9.114 7.939 7.012 6.302 5.826 5.515 5.302 5.094
0.003 0.004 0.004 0.004 0.004 0.005 0.007 0.007 0.007 0.007 0.007 0.007 0.007 0.007 0.007 0.007 0.006 0.006 0.005 0.005 0.005 0.005 0.005 0.005 0.006 0.006 0.006 0.007 0.008 0.010 0.012 0.013 0.014 0.015 0.016 0.018 0.019 0.019 0.017 0.014 0.010 0.007 0.006 0.006 0.006 0.008 0.010 0.019 0.080 0.444 1.478 3.261 5.394 7.492 9.376 10.866 12.037 12.641 12.956 13.269 13.398 13.407 13.241 12.907 12.793 12.635 12.460 12.196 11.309 10.080 8.900 8.041 7.361 6.836 6.367 5.923 5.482
0.002 0.002 0.002 0.002 0.002 0.003 0.003 0.004 0.003 0.003 0.003 0.003 0.004 0.004 0.004 0.003 0.003 0.003 0.003 0.003 0.003 0.003 0.003 0.004 0.004 0.004 0.005 0.006 0.007 0.008 0.009 0.010 0.011 0.012 0.013 0.014 0.014 0.014 0.013 0.012 0.009 0.006 0.005 0.004 0.004 0.004 0.005 0.008 0.016 0.073 0.394 1.341 3.047 5.228 7.320 9.001 10.334 11.156 11.619 11.971 12.349 12.497 12.633 12.543 12.623 12.585 12.377 12.090 11.437 10.327 9.064 8.256 7.658 7.157 6.620 6.087 5.547
0.001 0.001 0.001 0.001 0.001 0.001 0.002 0.002 0.002 0.002 0.002 0.002 0.002 0.002 0.002 0.002 0.001 0.001 0.002 0.002 0.002 0.002 0.002 0.003 0.003 0.004 0.004 0.005 0.006 0.007 0.009 0.010 0.010 0.011 0.012 0.012 0.012 0.011 0.011 0.010 0.008 0.006 0.004 0.003 0.003 0.003 0.003 0.004 0.007 0.015 0.050 0.303 1.140 2.719 4.723 6.526 8.053 9.180 9.985 10.568 11.033 11.267 11.514 11.702 12.022 12.159 12.070 11.763 11.092 10.096 8.956 8.167 7.532 7.007 6.447 5.907 5.315
0.000 0.000 0.000 0.000 0.000 0.001 0.001 0.001 0.001 0.001 0.001 0.001 0.001 0.001 0.001 0.001 0.001 0.001 0.001 0.001 0.001 0.001 0.002 0.002 0.002 0.003 0.004 0.005 0.005 0.007 0.008 0.009 0.010 0.011 0.011 0.011 0.011 0.010 0.010 0.009 0.007 0.006 0.004 0.003 0.002 0.002 0.002 0.003 0.004 0.006 0.013 0.032 0.238 0.968 2.302 3.861 5.397 6.822 8.035 8.987 9.621 9.938 10.229 10.512 10.901 11.182 11.249 10.978 10.428 9.590 8.577 7.799 7.134 6.571 5.988 5.441 4.805
0.000 0.000 0.000 0.000 0.000 0.000 0.000 0.000 0.000 0.000 0.000 0.000 0.000 0.000 0.000 0.000 0.000 0.000 0.000 0.000 0.001 0.001 0.001 0.001 0.002 0.002 0.003 0.004 0.005 0.006 0.007 0.009 0.010 0.011 0.011 0.011 0.011 0.011 0.010 0.009 0.007 0.006 0.004 0.003 0.002 0.002 0.002 0.002 0.002 0.003 0.005 0.010 0.025 0.201 0.806 1.868 3.141 4.462 5.791 7.060 8.027 8.555 8.939 9.270 9.572 9.779 9.946 9.827 9.466 8.758 7.918 7.166 6.482 5.864 5.261 4.663 4.016
0.000 0.000 0.000 0.000 0.000 0.000 0.000 0.000 0.000 0.000 0.000 0.000 0.000 0.000 0.000 0.000 0.000 0.000 0.000 0.000 0.000 0.000 0.001 0.001 0.001 0.001 0.002 0.003 0.004 0.005 0.006 0.008 0.010 0.011 0.012 0.013 0.013 0.014 0.014 0.012 0.009 0.006 0.004 0.003 0.002 0.002 0.001 0.001 0.002 0.002 0.003 0.004 0.009 0.025 0.173 0.653 1.492 2.548 3.723 4.984 6.155 6.985 7.588 7.980 8.209 8.287 8.321 8.305 8.127 7.614 6.969 6.284 5.603 4.949 4.339 3.729 3.129
0.000 0.000 0.000 0.000 0.000 0.000 0.000 0.000 0.000 0.000 0.000 0.000 0.000 0.000 0.000 0.000 0.000 0.000 0.000 0.000 0.000 0.000 0.000 0.000 0.000 0.001 0.001 0.002 0.002 0.004 0.005 0.007 0.009 0.011 0.012 0.014 0.015 0.015 0.015 0.014 0.011 0.007 0.005 0.003 0.002 0.002 0.001 0.001 0.001 0.001 0.001 0.002 0.004 0.009 0.025 0.144 0.514 1.182 2.075 3.126 4.260 5.245 6.039 6.597 6.898 6.982 6.856 6.668 6.438 6.119 5.730 5.218 4.638 4.067 3.530 2.973 2.427
0.000 0.000 0.000 0.000 0.000 0.000 0.000 0.000 0.000 0.000 0.000 0.000 0.000 0.000 0.000 0.000 0.000 0.000 0.000 0.000 0.000 0.000 0.000 0.000 0.000 0.000 0.000 0.001 0.001 0.002 0.004 0.005 0.008 0.010 0.012 0.013 0.014 0.015 0.015 0.014 0.011 0.008 0.005 0.004 0.002 0.002 0.001 0.001 0.001 0.001 0.001 0.001 0.002 0.004 0.008 0.024 0.115 0.392 0.905 1.650 2.602 3.600 4.470 5.187 5.615 5.728 5.633 5.378 5.002 4.674 4.411 4.111 3.757 3.339 2.891 2.392 1.883
0.000 0.000 0.000 0.000 0.000 0.000 0.000 0.000 0.000 0.000 0.000 0.000 0.000 0.000 0.000 0.000 0.000 0.000 0.000 0.000 0.000 0.000 0.000 0.000 0.000 0.000 0.000 0.000 0.001 0.001 0.002 0.004 0.006 0.008 0.010 0.011 0.012 0.012 0.012 0.011 0.010 0.007 0.005 0.003 0.002 0.001 0.001 0.000 0.000 0.000 0.001 0.001 0.001 0.002 0.004 0.008 0.022 0.083 0.264 0.649 1.298 2.149 3.049 3.868 4.397 4.593 4.544 4.326 3.945 3.585 3.335 3.151 2.970 2.721 2.374 1.941 1.464
0.000 0.000 0.000 0.000 0.000 0.000 0.000 0.000 0.000 0.000 0.000 0.000 0.000 0.000 0.000 0.000 0.000 0.000 0.000 0.000 0.000 0.000 0.000 0.000 0.000 0.000 0.000 0.000 0.000 0.001 0.001 0.002 0.003 0.005 0.007 0.007 0.008 0.008 0.008 0.007 0.007 0.006 0.004 0.003 0.002 0.001 0.000 0.000 0.000 0.000 0.000 0.000 0.001 0.001 0.002 0.004 0.007 0.017 0.051 0.168 0.470 1.012 1.800 2.675 3.247 3.493 3.498 3.370 3.114 2.811 2.561 2.400 2.295 2.164 1.928 1.590 1.157
0.000 0.000 0.000 0.000 0.000 0.000 0.000 0.000 0.000 0.000 0.000 0.000 0.000 0.000 0.000 0.000 0.000 0.000 0.000 0.000 0.000 0.000 0.000 0.000 0.000 0.000 0.000 0.000 0.000 0.000 0.000 0.001 0.002 0.003 0.004 0.004 0.004 0.004 0.004 0.004 0.004 0.004 0.003 0.002 0.001 0.000 0.000 0.000 0.000 0.000 0.000 0.000 0.000 0.001 0.001 0.002 0.003 0.006 0.013 0.033 0.114 0.337 0.827 1.612 2.225 2.484 2.540 2.503 2.385 2.216 2.024 1.868 1.768 1.666 1.513 1.279 0.941
0.000 0.000 0.000 0.000 0.000 0.000 0.000 0.000 0.000 0.000 0.000 0.000 0.000 0.000 0.000 0.000 0.000 0.000 0.000 0.000 0.000 0.000 0.000 0.000 0.000 0.000 0.000 0.000 0.000 0.000 0.000 0.000 0.001 0.001 0.002 0.002 0.002 0.002 0.002 0.002 0.002 0.002 0.001 0.001 0.000 0.000 0.000 0.000 0.000 0.000 0.000 0.000 0.000 0.000 0.000 0.001 0.001 0.003 0.005 0.010 0.024 0.075 0.268 0.766 1.352 1.634 1.729 1.765 1.752 1.704 1.611 1.494 1.381 1.265 1.137 0.972 0.746
0.000 0.000 0.000 0.000 0.000 0.000 0.000 0.000 0.000 0.000 0.000 0.000 0.000 0.000 0.000 0.000 0.000 0.000 0.000 0.000 0.000 0.000 0.000 0.000 0.000 0.000 0.000 0.000 0.000 0.000 0.000 0.000 0.000 0.000 0.001 0.001 0.001 0.001 0.001 0.001 0.001 0.001 0.000 0.000 0.000 0.000 0.000 0.000 0.000 0.000 0.000 0.000 0.000 0.000 0.000 0.000 0.001 0.001 0.002 0.004 0.008 0.018 0.062 0.265 0.673 0.967 1.107 1.202 1.253 1.272 1.254 1.187 1.082 0.960 0.835 0.700 0.543
0.000 0.000 0.000 0.000 0.000 0.000 0.000 0.000 0.000 0.000 0.000 0.000 0.000 0.000 0.000 0.000 0.000 0.000 0.000 0.000 0.000 0.000 0.000 0.000 0.000 0.000 0.000 0.000 0.000 0.000 0.000 0.000 0.000 0.000 0.000 0.000 0.000 0.000 0.000 0.000 0.000 0.000 0.000 0.000 0.000 0.000 0.000 0.000 0.000 0.000 0.000 0.000 0.000 0.000 0.000 0.000 0.000 0.000 0.001 0.002 0.004 0.007 0.017 0.070 0.248 0.480 0.661 0.796 0.884 0.932 0.944 0.913 0.831 0.723 0.609 0.494 0.371
0.000 0.000 0.000 0.000 0.000 0.000 0.000 0.000 0.000 0.000 0.000 0.000 0.000 0.000 0.000 0.000 0.000 0.000 0.000 0.000 0.000 0.000 0.000 0.000 0.000 0.000 0.000 0.000 0.000 0.000 0.000 0.000 0.000 0.000 0.000 0.000 0.000 0.000 0.000 0.000 0.000 0.000 0.000 0.000 0.000 0.000 0.000 0.000 0.000 0.000 0.000 0.000 0.000 0.000 0.000 0.000 0.000 0.000 0.000 0.001 0.002 0.003 0.007 0.019 0.069 0.184 0.337 0.493 0.606 0.670 0.690 0.676 0.618 0.536 0.444 0.348 0.252
0.000 0.000 0.000 0.000 0.000 0.000 0.000 0.000 0.000 0.000 0.000 0.000 0.000 0.000 0.000 0.000 0.000 0.000 0.000 0.000 0.000 0.000 0.000 0.000 0.000 0.000 0.000 0.000 0.000 0.000 0.000 0.000 0.000 0.000 0.000 0.000 0.000 0.000 0.000 0.000 0.000 0.000 0.000 0.000 0.000 0.000 0.000 0.000 0.000 0.000 0.000 0.000 0.000 0.000 0.000 0.000 0.000 0.000 0.000 0.000 0.001 0.002 0.003 0.007 0.020 0.056 0.136 0.263 0.389 0.463 0.489 0.482 0.447 0.392 0.323 0.245 0.172
0.000 0.000 0.000 0.000 0.000 0.000 0.000 0.000 0.000 0.000 0.000 0.000 0.000 0.000 0.000 0.000 0.000 0.000 0.000 0.000 0.000 0.000 0.000 0.000 0.000 0.000 0.000 0.000 0.000 0.000 0.000 0.000 0.000 0.000 0.000 0.000 0.000 0.000 0.000 0.000 0.000 0.000 0.000 0.000 0.000 0.000 0.000 0.000 0.000 0.000 0.000 0.000 0.000 0.000 0.000 0.000 0.000 0.000 0.000 0.000 0.000 0.001 0.002 0.003 0.008 0.018 0.046 0.117 0.226 0.304 0.333 0.334 0.317 0.282 0.232 0.170 0.116
0.000 0.000 0.000 0.000 0.000 0.000 0.000 0.000 0.000 0.000 0.000 0.000 0.000 0.000 0.000 0.000 0.000 0.000 0.000 0.000 0.000 0.000 0.000 0.000 0.000 0.000 0.000 0.000 0.000 0.000 0.000 0.000 0.000 0.000 0.000 0.000 0.000 0.000 0.000 0.000 0.000 0.000 0.000 0.000 0.000 0.000 0.000 0.000 0.000 0.000 0.000 0.000 0.000 0.000 0.000 0.000 0.000 0.000 0.000 0.000 0.000 0.000 0.001 0.002 0.004 0.008 0.018 0.050 0.123 0.190 0.219 0.224 0.218 0.198 0.163 0.116 0.079
0.000 0.000 0.000 0.000 0.000 0.000 0.000 0.000 0.000 0.000 0.000 0.000 0.000 0.000 0.000 0.000 0.000 0.000 0.000 0.000 0.000 0.000 0.000 0.000 0.000 0.000 0.000 0.000 0.000 0.000 0.000 0.000 0.000 0.000 0.000 0.000 0.000 0.000 0.000 0.000 0.000 0.000 0.000 0.000 0.000 0.000 0.000 0.000 0.000 0.000 0.000 0.000 0.000 0.000 0.000 0.000 0.000 0.000 0.000 0.000 0.000 0.000 0.000 0.001 0.002 0.004 0.009 0.024 0.066 0.115 0.139 0.146 0.145 0.134 0.111 0.079 0.054
0.000 0.000 0.000 0.000 0.000 0.000 0.000 0.000 0.000 0.000 0.000 0.000 0.000 0.000 0.000 0.000 0.000 0.000 0.000 0.000 0.000 0.000 0.000 0.000 0.000 0.000 0.000 0.000 0.000 0.000 0.000 0.000 0.000 0.000 0.000 0.000 0.000 0.000 0.000 0.000 0.000 0.000 0.000 0.000 0.000 0.000 0.000 0.000 0.000 0.000 0.000 0.000 0.000 0.000 0.000 0.000 0.000 0.000 0.000 0.000 0.000 0.000 0.000 0.000 0.001 0.002 0.005 0.013 0.035 0.068 0.087 0.094 0.094 0.088 0.074 0.054 0.037
0.000 0.000 0.000 0.000 0.000 0.000 0.000 0.000 0.000 0.000 0.000 0.000 0.000 0.000 0.000 0.000 0.000 0.000 0.000 0.000 0.000 0.000 0.000 0.000 0.000 0.000 0.000 0.000 0.000 0.000 0.000 0.000 0.000 0.000 0.000 0.000 0.000 0.000 0.000 0.000 0.000 0.000 0.000 0.000 0.000 0.000 0.000 0.000 0.000 0.000 0.000 0.000 0.000 0.000 0.000 0.000 0.000 0.000 0.000 0.000 0.000 0.000 0.000 0.000 0.001 0.001 0.003 0.007 0.018 0.039 0.053 0.059 0.059 0.056 0.048 0.036 0.024
0.000 0.000 0.000 0.000 0.000 0.000 0.000 0.000 0.000 0.000 0.000 0.000 0.000 0.000 0.000 0.000 0.000 0.000 0.000 0.000 0.000 0.000 0.000 0.000 0.000 0.000 0.000 0.000 0.000 0.000 0.000 0.000 0.000 0.000 0.000 0.000 0.000 0.000 0.000 0.000 0.000 0.000 0.000 0.000 0.000 0.000 0.000 0.000 0.000 0.000 0.000 0.000 0.000 0.000 0.000 0.000 0.000 0.000 0.000 0.000 0.000 0.000 0.000 0.000 0.000 0.001 0.002 0.004 0.010 0.022 0.032 0.036 0.037 0.035 0.030 0.023 0.015
0.000 0.000 0.000 0.000 0.000 0.000 0.000 0.000 0.000 0.000 0.000 0.000 0.000 0.000 0.000 0.000 0.000 0.000 0.000 0.000 0.000 0.000 0.000 0.000 0.000 0.000 0.000 0.000 0.000 0.000 0.000 0.000 0.000 0.000 0.000 0.000 0.000 0.000 0.000 0.000 0.000 0.000 0.000 0.000 0.000 0.000 0.000 0.000 0.000 0.000 0.000 0.000 0.000 0.000 0.000 0.000 0.000 0.000 0.000 0.000 0.000 0.000 0.000 0.000 0.000 0.000 0.001 0.002 0.005 0.012 0.019 0.022 0.022 0.021 0.019 0.014 0.010
0.000 0.000 0.000 0.000 0.000 0.000 0.000 0.000 0.000 0.000 0.000 0.000 0.000 0.000 0.000 0.000 0.000 0.000 0.000 0.000 0.000 0.000 0.000 0.000 0.000 0.000 0.000 0.000 0.000 0.000 0.000 0.000 0.000 0.000 0.000 0.000 0.000 0.000 0.000 0.000 0.000 0.000 0.000 0.000 0.000 0.000 0.000 0.000 0.000 0.000 0.000 0.000 0.000 0.000 0.000 0.000 0.000 0.000 0.000 0.000 0.000 0.000 0.000 0.000 0.000 0.000 0.000 0.001 0.003 0.006 0.011 0.013 0.013 0.012 0.011 0.008 0.006
0.000 0.000 0.000 0.000 0.000 0.000 0.000 0.000 0.000 0.000 0.000 0.000 0.000 0.000 0.000 0.000 0.000 0.000 0.000 0.000 0.000 0.000 0.000 0.000 0.000 0.000 0.000 0.000 0.000 0.000 0.000 0.000 0.000 0.000 0.000 0.000 0.000 0.000 0.000 0.000 0.000 0.000 0.000 0.000 0.000 0.000 0.000 0.000 0.000 0.000 0.000 0.000 0.000 0.000 0.000 0.000 0.000 0.000 0.000 0.000 0.000 0.000 0.000 0.000 0.000 0.000 0.000 0.001 0.001 0.003 0.005 0.007 0.007 0.007 0.006 0.005 0.003
0.000 0.000 0.000 0.000 0.000 0.000 0.000 0.000 0.000 0.000 0.000 0.000 0.000 0.000 0.000 0.000 0.000 0.000 0.000 0.000 0.000 0.000 0.000 0.000 0.000 0.000 0.000 0.000 0.000 0.000 0.000 0.000 0.000 0.000 0.000 0.000 0.000 0.000 0.000 0.000 0.000 0.000 0.000 0.000 0.000 0.000 0.000 0.000 0.000 0.000 0.000 0.000 0.000 0.000 0.000 0.000 0.000 0.000 0.000 0.000 0.000 0.000 0.000 0.000 0.000 0.000 0.000 0.000 0.001 0.001 0.002 0.003 0.003 0.003 0.003 0.002 0.001
0.000 0.000 0.000 0.000 0.000 0.000 0.000 0.000 0.000 0.000 0.000 0.000 0.000 0.000 0.000 0.000 0.000 0.000 0.000 0.000 0.000 0.000 0.000 0.000 0.000 0.000 0.000 0.000 0.000 0.000 0.000 0.000 0.000 0.000 0.000 0.000 0.000 0.000 0.000 0.000 0.000 0.000 0.000 0.000 0.000 0.000 0.000 0.000 0.000 0.000 0.000 0.000 0.000 0.000 0.000 0.000 0.000 0.000 0.000 0.000 0.000 0.000 0.000 0.000 0.000 0.000 0.000 0.000 0.000 0.000 0.001 0.001 0.001 0.001 0.001 0.001 0.000
0.000 0.000 0.000 0.000 0.000 0.000 0.000 0.000 0.000 0.000 0.000 0.000 0.000 0.000 0.000 0.000 0.000 0.000 0.000 0.000 0.000 0.000 0.000 0.000 0.000 0.000 0.000 0.000 0.000 0.000 0.000 0.000 0.000 0.000 0.000 0.000 0.000 0.000 0.000 0.000 0.000 0.000 0.000 0.000 0.000 0.000 0.000 0.000 0.000 0.000 0.000 0.000 0.000 0.000 0.000 0.000 0.000 0.000 0.000 0.000 0.000 0.000 0.000 0.000 0.000 0.000 0.000 0.000 0.000 0.000 0.000 0.000 0.000 0.000 0.000 0.000 0.000
