AvaFrame/avaframe/data/avaSalk/Avaflow_Input_Output/slk_results/slk_ascii/slk_hflow10018.asc
ncols 296
nrows 144
xllcenter 761600.00
yllcenter 8523000.00
cellsize 12.50
NODATA_value -9999.000
[rows 102 to 135 of 144, columns 154 to 230 of 296]
1.672 1.788 1.923 2.206 2.585 2.831 2.974 3.088 3.259 3.489 3.641 3.687 3.660 3.571 3.521 3.496 3.441 3.299 3.115 2.918 2.738 2.584 2.383 2.226 2.127 2.079 2.062 2.064 2.116 2.318 2.668 3.105 3.635 4.032 4.240 4.361 4.358 4.217 3.926 3.348 2.387 1.576 1.435 1.625 1.923 2.247 2.620 3.063 3.718 4.711 6.067 7.606 8.849 9.854 10.606 11.215 11.790 12.028 12.194 12.150 12.210 12.123 11.781 11.321 10.789 9.875 8.333 6.168 4.231 2.735 1.591 0.798 0.368 0.211 0.184 0.197 0.250
0.386 0.420 0.458 0.570 0.788 0.969 1.116 1.267 1.419 1.519 1.536 1.535 1.540 1.540 1.531 1.515 1.428 1.265 1.089 0.939 0.824 0.742 0.681 0.629 0.580 0.551 0.550 0.587 0.691 0.913 1.234 1.534 1.732 1.851 1.979 2.171 2.290 2.258 1.875 1.067 0.460 0.350 0.464 0.705 1.034 1.487 2.074 2.797 3.693 4.826 6.282 7.966 9.432 10.733 11.733 12.533 13.112 13.400 13.663 13.472 13.432 13.287 12.934 12.569 11.936 10.989 9.534 7.327 5.411 3.891 2.656 1.726 1.091 0.736 0.616 0.625 0.803
0.092 0.094 0.097 0.119 0.175 0.225 0.271 0.330 0.378 0.394 0.391 0.385 0.389 0.405 0.413 0.408 0.374 0.308 0.242 0.197 0.169 0.157 0.150 0.142 0.129 0.119 0.116 0.124 0.163 0.243 0.354 0.433 0.468 0.493 0.546 0.657 0.735 0.731 0.520 0.164 0.067 0.071 0.109 0.206 0.373 0.650 1.212 2.165 3.401 4.777 6.301 8.014 9.603 11.103 12.463 13.562 14.157 14.499 14.745 14.557 14.464 14.230 13.808 13.570 12.978 12.105 10.775 8.673 6.754 5.234 3.971 2.994 2.267 1.817 1.652 1.677 1.957
0.032 0.032 0.032 0.037 0.051 0.062 0.071 0.082 0.086 0.086 0.084 0.082 0.083 0.088 0.093 0.092 0.085 0.072 0.059 0.051 0.046 0.044 0.042 0.040 0.038 0.036 0.036 0.038 0.047 0.063 0.076 0.081 0.089 0.098 0.110 0.125 0.135 0.133 0.086 0.034 0.023 0.022 0.026 0.042 0.085 0.179 0.441 1.176 2.556 4.301 6.053 7.786 9.563 11.167 12.614 13.770 14.616 15.038 15.221 15.205 15.084 14.863 14.359 14.073 13.576 12.855 11.930 10.332 8.433 6.801 5.512 4.479 3.693 3.263 3.143 3.203 3.424
0.013 0.013 0.013 0.015 0.019 0.024 0.027 0.029 0.029 0.028 0.026 0.026 0.027 0.029 0.031 0.030 0.027 0.023 0.020 0.018 0.017 0.016 0.015 0.015 0.014 0.014 0.015 0.016 0.019 0.024 0.026 0.029 0.031 0.032 0.034 0.036 0.036 0.035 0.027 0.017 0.012 0.010 0.011 0.013 0.019 0.034 0.093 0.369 1.309 3.072 5.125 7.020 8.929 10.708 12.382 13.498 14.550 15.104 15.327 15.473 15.265 15.030 14.624 14.160 13.824 13.420 12.873 11.864 10.378 8.720 7.365 6.276 5.471 5.020 4.826 4.761 4.718
0.006 0.006 0.007 0.007 0.008 0.010 0.012 0.012 0.012 0.011 0.011 0.011 0.011 0.012 0.012 0.011 0.010 0.009 0.008 0.007 0.007 0.007 0.007 0.007 0.007 0.007 0.007 0.008 0.009 0.011 0.012 0.013 0.014 0.014 0.015 0.017 0.018 0.018 0.016 0.013 0.008 0.006 0.006 0.006 0.008 0.011 0.018 0.065 0.408 1.512 3.429 5.585 7.752 9.779 11.700 13.047 14.262 14.761 14.993 15.263 15.213 15.021 14.718 14.354 14.019 13.813 13.440 12.857 11.762 10.275 9.045 7.963 7.153 6.611 6.262 5.968 5.676
0.003 0.003 0.003 0.003 0.004 0.004 0.005 0.005 0.005 0.005 0.005 0.005 0.005 0.005 0.005 0.005 0.004 0.004 0.004 0.004 0.003 0.003 0.003 0.004 0.004 0.004 0.004 0.005 0.006 0.007 0.008 0.008 0.008 0.009 0.011 0.012 0.013 0.013 0.012 0.010 0.007 0.005 0.004 0.004 0.004 0.005 0.007 0.013 0.073 0.479 1.629 3.545 5.827 8.066 10.225 11.863 13.148 13.871 14.105 14.430 14.571 14.600 14.447 14.180 13.939 14.023 13.836 13.525 12.733 11.381 10.073 9.020 8.250 7.646 7.174 6.696 6.195
0.001 0.001 0.002 0.002 0.002 0.002 0.002 0.003 0.002 0.002 0.002 0.002 0.002 0.002 0.002 0.002 0.002 0.002 0.002 0.002 0.002 0.002 0.002 0.002 0.003 0.003 0.003 0.004 0.005 0.006 0.006 0.007 0.008 0.009 0.009 0.010 0.010 0.010 0.009 0.008 0.006 0.004 0.003 0.003 0.003 0.003 0.004 0.006 0.012 0.076 0.452 1.529 3.437 5.816 8.183 10.113 11.366 12.335 12.668 13.090 13.383 13.639 13.692 13.665 13.769 13.886 13.680 13.413 12.822 11.637 10.287 9.317 8.598 8.006 7.456 6.896 6.330
0.001 0.001 0.001 0.001 0.001 0.001 0.001 0.001 0.001 0.001 0.001 0.001 0.001 0.001 0.001 0.001 0.001 0.001 0.001 0.001 0.001 0.001 0.002 0.002 0.002 0.003 0.003 0.004 0.004 0.005 0.006 0.007 0.008 0.008 0.009 0.009 0.009 0.008 0.008 0.007 0.006 0.004 0.003 0.002 0.002 0.002 0.002 0.003 0.005 0.013 0.057 0.369 1.379 3.197 5.409 7.483 8.950 10.232 10.971 11.654 12.078 12.436 12.572 12.661 13.195 13.479 13.430 13.106 12.495 11.497 10.255 9.292 8.549 7.921 7.337 6.742 6.112
0.000 0.000 0.000 0.000 0.000 0.000 0.000 0.000 0.000 0.000 0.000 0.000 0.000 0.000 0.000 0.000 0.000 0.000 0.000 0.001 0.001 0.001 0.001 0.001 0.002 0.002 0.003 0.003 0.004 0.005 0.006 0.007 0.008 0.008 0.008 0.009 0.008 0.008 0.007 0.007 0.005 0.004 0.003 0.002 0.002 0.002 0.002 0.002 0.003 0.005 0.012 0.040 0.317 1.240 2.797 4.561 6.128 7.657 8.929 9.984 10.569 10.929 11.178 11.449 12.073 12.368 12.516 12.312 11.804 11.021 9.968 9.048 8.309 7.633 6.975 6.319 5.627
0.000 0.000 0.000 0.000 0.000 0.000 0.000 0.000 0.000 0.000 0.000 0.000 0.000 0.000 0.000 0.000 0.000 0.000 0.000 0.000 0.000 0.000 0.001 0.001 0.001 0.002 0.002 0.003 0.004 0.005 0.006 0.007 0.008 0.009 0.009 0.009 0.009 0.009 0.008 0.007 0.005 0.004 0.003 0.002 0.002 0.001 0.001 0.001 0.002 0.003 0.005 0.010 0.034 0.282 1.060 2.312 3.709 5.132 6.591 7.971 8.885 9.504 9.895 10.252 10.723 11.092 11.229 11.218 10.841 10.195 9.338 8.483 7.740 7.021 6.322 5.634 4.903
0.000 0.000 0.000 0.000 0.000 0.000 0.000 0.000 0.000 0.000 0.000 0.000 0.000 0.000 0.000 0.000 0.000 0.000 0.000 0.000 0.000 0.000 0.000 0.001 0.001 0.001 0.002 0.003 0.003 0.005 0.006 0.007 0.009 0.010 0.010 0.011 0.011 0.012 0.011 0.010 0.007 0.005 0.003 0.003 0.002 0.001 0.001 0.001 0.001 0.001 0.002 0.004 0.009 0.032 0.243 0.871 1.869 3.049 4.378 5.764 6.915 7.862 8.546 9.147 9.372 9.632 9.631 9.740 9.541 9.067 8.347 7.569 6.833 6.114 5.416 4.717 4.001
0.000 0.000 0.000 0.000 0.000 0.000 0.000 0.000 0.000 0.000 0.000 0.000 0.000 0.000 0.000 0.000 0.000 0.000 0.000 0.000 0.000 0.000 0.000 0.000 0.000 0.001 0.001 0.002 0.003 0.004 0.005 0.007 0.008 0.010 0.011 0.013 0.013 0.014 0.014 0.012 0.009 0.006 0.004 0.003 0.002 0.001 0.001 0.001 0.001 0.001 0.001 0.002 0.004 0.009 0.030 0.198 0.689 1.502 2.539 3.728 4.925 6.075 6.969 7.751 8.041 8.182 8.124 8.063 7.863 7.520 7.007 6.378 5.721 5.087 4.488 3.861 3.223
0.000 0.000 0.000 0.000 0.000 0.000 0.000 0.000 0.000 0.000 0.000 0.000 0.000 0.000 0.000 0.000 0.000 0.000 0.000 0.000 0.000 0.000 0.000 0.000 0.000 0.000 0.000 0.001 0.002 0.003 0.004 0.006 0.008 0.010 0.011 0.012 0.013 0.013 0.013 0.012 0.010 0.007 0.005 0.003 0.002 0.001 0.001 0.001 0.001 0.001 0.001 0.001 0.002 0.004 0.008 0.025 0.154 0.534 1.187 2.074 3.153 4.307 5.363 6.236 6.727 6.866 6.784 6.605 6.315 5.902 5.470 5.076 4.665 4.231 3.748 3.192 2.602
0.000 0.000 0.000 0.000 0.000 0.000 0.000 0.000 0.000 0.000 0.000 0.000 0.000 0.000 0.000 0.000 0.000 0.000 0.000 0.000 0.000 0.000 0.000 0.000 0.000 0.000 0.000 0.000 0.001 0.002 0.003 0.005 0.007 0.008 0.010 0.011 0.012 0.012 0.011 0.011 0.009 0.007 0.005 0.003 0.002 0.001 0.001 0.000 0.000 0.000 0.000 0.001 0.001 0.002 0.003 0.007 0.021 0.113 0.376 0.895 1.698 2.708 3.781 4.683 5.271 5.540 5.546 5.385 5.074 4.616 4.217 3.991 3.787 3.521 3.158 2.677 2.118
0.000 0.000 0.000 0.000 0.000 0.000 0.000 0.000 0.000 0.000 0.000 0.000 0.000 0.000 0.000 0.000 0.000 0.000 0.000 0.000 0.000 0.000 0.000 0.000 0.000 0.000 0.000 0.000 0.000 0.001 0.002 0.003 0.005 0.006 0.007 0.008 0.008 0.008 0.008 0.007 0.007 0.006 0.004 0.003 0.002 0.001 0.000 0.000 0.000 0.000 0.000 0.000 0.001 0.001 0.002 0.003 0.007 0.018 0.071 0.252 0.678 1.388 2.340 3.255 3.901 4.249 4.354 4.259 4.035 3.686 3.334 3.130 3.026 2.895 2.664 2.283 1.762
0.000 0.000 0.000 0.000 0.000 0.000 0.000 0.000 0.000 0.000 0.000 0.000 0.000 0.000 0.000 0.000 0.000 0.000 0.000 0.000 0.000 0.000 0.000 0.000 0.000 0.000 0.000 0.000 0.000 0.000 0.001 0.002 0.003 0.004 0.004 0.004 0.004 0.004 0.004 0.004 0.004 0.004 0.003 0.002 0.001 0.000 0.000 0.000 0.000 0.000 0.000 0.000 0.000 0.001 0.001 0.001 0.003 0.006 0.014 0.044 0.171 0.512 1.161 2.036 2.707 3.073 3.235 3.230 3.141 2.968 2.731 2.533 2.429 2.332 2.192 1.921 1.506
0.000 0.000 0.000 0.000 0.000 0.000 0.000 0.000 0.000 0.000 0.000 0.000 0.000 0.000 0.000 0.000 0.000 0.000 0.000 0.000 0.000 0.000 0.000 0.000 0.000 0.000 0.000 0.000 0.000 0.000 0.000 0.001 0.001 0.002 0.002 0.002 0.002 0.002 0.002 0.002 0.002 0.002 0.001 0.001 0.000 0.000 0.000 0.000 0.000 0.000 0.000 0.000 0.000 0.000 0.000 0.001 0.001 0.002 0.005 0.011 0.028 0.116 0.400 1.027 1.707 2.074 2.264 2.356 2.373 2.339 2.240 2.101 1.977 1.852 1.716 1.532 1.266
0.000 0.000 0.000 0.000 0.000 0.000 0.000 0.000 0.000 0.000 0.000 0.000 0.000 0.000 0.000 0.000 0.000 0.000 0.000 0.000 0.000 0.000 0.000 0.000 0.000 0.000 0.000 0.000 0.000 0.000 0.000 0.000 0.000 0.001 0.001 0.001 0.001 0.001 0.001 0.001 0.001 0.001 0.000 0.000 0.000 0.000 0.000 0.000 0.000 0.000 0.000 0.000 0.000 0.000 0.000 0.000 0.001 0.001 0.002 0.004 0.008 0.020 0.088 0.373 0.893 1.269 1.489 1.650 1.751 1.798 1.793 1.730 1.609 1.466 1.317 1.156 0.967
0.000 0.000 0.000 0.000 0.000 0.000 0.000 0.000 0.000 0.000 0.000 0.000 0.000 0.000 0.000 0.000 0.000 0.000 0.000 0.000 0.000 0.000 0.000 0.000 0.000 0.000 0.000 0.000 0.000 0.000 0.000 0.000 0.000 0.000 0.000 0.000 0.000 0.000 0.000 0.000 0.000 0.000 0.000 0.000 0.000 0.000 0.000 0.000 0.000 0.000 0.000 0.000 0.000 0.000 0.000 0.000 0.000 0.000 0.001 0.002 0.003 0.007 0.018 0.095 0.346 0.658 0.907 1.113 1.266 1.364 1.399 1.375 1.280 1.149 1.007 0.861 0.705
0.000 0.000 0.000 0.000 0.000 0.000 0.000 0.000 0.000 0.000 0.000 0.000 0.000 0.000 0.000 0.000 0.000 0.000 0.000 0.000 0.000 0.000 0.000 0.000 0.000 0.000 0.000 0.000 0.000 0.000 0.000 0.000 0.000 0.000 0.000 0.000 0.000 0.000 0.000 0.000 0.000 0.000 0.000 0.000 0.000 0.000 0.000 0.000 0.000 0.000 0.000 0.000 0.000 0.000 0.000 0.000 0.000 0.000 0.000 0.001 0.001 0.003 0.007 0.023 0.098 0.265 0.481 0.707 0.889 1.010 1.061 1.052 0.986 0.886 0.769 0.644 0.509
0.000 0.000 0.000 0.000 0.000 0.000 0.000 0.000 0.000 0.000 0.000 0.000 0.000 0.000 0.000 0.000 0.000 0.000 0.000 0.000 0.000 0.000 0.000 0.000 0.000 0.000 0.000 0.000 0.000 0.000 0.000 0.000 0.000 0.000 0.000 0.000 0.000 0.000 0.000 0.000 0.000 0.000 0.000 0.000 0.000 0.000 0.000 0.000 0.000 0.000 0.000 0.000 0.000 0.000 0.000 0.000 0.000 0.000 0.000 0.000 0.001 0.001 0.003 0.008 0.026 0.083 0.203 0.393 0.591 0.722 0.781 0.781 0.742 0.674 0.585 0.480 0.362
0.000 0.000 0.000 0.000 0.000 0.000 0.000 0.000 0.000 0.000 0.000 0.000 0.000 0.000 0.000 0.000 0.000 0.000 0.000 0.000 0.000 0.000 0.000 0.000 0.000 0.000 0.000 0.000 0.000 0.000 0.000 0.000 0.000 0.000 0.000 0.000 0.000 0.000 0.000 0.000 0.000 0.000 0.000 0.000 0.000 0.000 0.000 0.000 0.000 0.000 0.000 0.000 0.000 0.000 0.000 0.000 0.000 0.000 0.000 0.000 0.000 0.001 0.001 0.003 0.009 0.024 0.069 0.181 0.359 0.494 0.556 0.566 0.548 0.504 0.440 0.352 0.255
0.000 0.000 0.000 0.000 0.000 0.000 0.000 0.000 0.000 0.000 0.000 0.000 0.000 0.000 0.000 0.000 0.000 0.000 0.000 0.000 0.000 0.000 0.000 0.000 0.000 0.000 0.000 0.000 0.000 0.000 0.000 0.000 0.000 0.000 0.000 0.000 0.000 0.000 0.000 0.000 0.000 0.000 0.000 0.000 0.000 0.000 0.000 0.000 0.000 0.000 0.000 0.000 0.000 0.000 0.000 0.000 0.000 0.000 0.000 0.000 0.000 0.000 0.001 0.002 0.004 0.009 0.025 0.077 0.202 0.325 0.384 0.400 0.396 0.370 0.323 0.252 0.180
0.000 0.000 0.000 0.000 0.000 0.000 0.000 0.000 0.000 0.000 0.000 0.000 0.000 0.000 0.000 0.000 0.000 0.000 0.000 0.000 0.000 0.000 0.000 0.000 0.000 0.000 0.000 0.000 0.000 0.000 0.000 0.000 0.000 0.000 0.000 0.000 0.000 0.000 0.000 0.000 0.000 0.000 0.000 0.000 0.000 0.000 0.000 0.000 0.000 0.000 0.000 0.000 0.000 0.000 0.000 0.000 0.000 0.000 0.000 0.000 0.000 0.000 0.000 0.001 0.002 0.005 0.012 0.036 0.111 0.208 0.258 0.277 0.277 0.263 0.230 0.179 0.128
0.000 0.000 0.000 0.000 0.000 0.000 0.000 0.000 0.000 0.000 0.000 0.000 0.000 0.000 0.000 0.000 0.000 0.000 0.000 0.000 0.000 0.000 0.000 0.000 0.000 0.000 0.000 0.000 0.000 0.000 0.000 0.000 0.000 0.000 0.000 0.000 0.000 0.000 0.000 0.000 0.000 0.000 0.000 0.000 0.000 0.000 0.000 0.000 0.000 0.000 0.000 0.000 0.000 0.000 0.000 0.000 0.000 0.000 0.000 0.000 0.000 0.000 0.000 0.000 0.001 0.003 0.006 0.018 0.060 0.128 0.170 0.188 0.191 0.182 0.160 0.127 0.091
0.000 0.000 0.000 0.000 0.000 0.000 0.000 0.000 0.000 0.000 0.000 0.000 0.000 0.000 0.000 0.000 0.000 0.000 0.000 0.000 0.000 0.000 0.000 0.000 0.000 0.000 0.000 0.000 0.000 0.000 0.000 0.000 0.000 0.000 0.000 0.000 0.000 0.000 0.000 0.000 0.000 0.000 0.000 0.000 0.000 0.000 0.000 0.000 0.000 0.000 0.000 0.000 0.000 0.000 0.000 0.000 0.000 0.000 0.000 0.000 0.000 0.000 0.000 0.000 0.001 0.002 0.004 0.010 0.032 0.076 0.110 0.125 0.128 0.123 0.110 0.089 0.064
0.000 0.000 0.000 0.000 0.000 0.000 0.000 0.000 0.000 0.000 0.000 0.000 0.000 0.000 0.000 0.000 0.000 0.000 0.000 0.000 0.000 0.000 0.000 0.000 0.000 0.000 0.000 0.000 0.000 0.000 0.000 0.000 0.000 0.000 0.000 0.000 0.000 0.000 0.000 0.000 0.000 0.000 0.000 0.000 0.000 0.000 0.000 0.000 0.000 0.000 0.000 0.000 0.000 0.000 0.000 0.000 0.000 0.000 0.000 0.000 0.000 0.000 0.000 0.000 0.000 0.001 0.002 0.006 0.017 0.045 0.071 0.082 0.084 0.081 0.074 0.061 0.044
0.000 0.000 0.000 0.000 0.000 0.000 0.000 0.000 0.000 0.000 0.000 0.000 0.000 0.000 0.000 0.000 0.000 0.000 0.000 0.000 0.000 0.000 0.000 0.000 0.000 0.000 0.000 0.000 0.000 0.000 0.000 0.000 0.000 0.000 0.000 0.000 0.000 0.000 0.000 0.000 0.000 0.000 0.000 0.000 0.000 0.000 0.000 0.000 0.000 0.000 0.000 0.000 0.000 0.000 0.000 0.000 0.000 0.000 0.000 0.000 0.000 0.000 0.000 0.000 0.000 0.001 0.001 0.003 0.009 0.025 0.045 0.054 0.054 0.053 0.049 0.041 0.030
0.000 0.000 0.000 0.000 0.000 0.000 0.000 0.000 0.000 0.000 0.000 0.000 0.000 0.000 0.000 0.000 0.000 0.000 0.000 0.000 0.000 0.000 0.000 0.000 0.000 0.000 0.000 0.000 0.000 0.000 0.000 0.000 0.000 0.000 0.000 0.000 0.000 0.000 0.000 0.000 0.000 0.000 0.000 0.000 0.000 0.000 0.000 0.000 0.000 0.000 0.000 0.000 0.000 0.000 0.000 0.000 0.000 0.000 0.000 0.000 0.000 0.000 0.000 0.000 0.000 0.000 0.001 0.002 0.005 0.013 0.027 0.034 0.035 0.035 0.032 0.027 0.020
0.000 0.000 0.000 0.000 0.000 0.000 0.000 0.000 0.000 0.000 0.000 0.000 0.000 0.000 0.000 0.000 0.000 0.000 0.000 0.000 0.000 0.000 0.000 0.000 0.000 0.000 0.000 0.000 0.000 0.000 0.000 0.000 0.000 0.000 0.000 0.000 0.000 0.000 0.000 0.000 0.000 0.000 0.000 0.000 0.000 0.000 0.000 0.000 0.000 0.000 0.000 0.000 0.000 0.000 0.000 0.000 0.000 0.000 0.000 0.000 0.000 0.000 0.000 0.000 0.000 0.000 0.000 0.001 0.003 0.006 0.014 0.020 0.022 0.022 0.021 0.018 0.014
0.000 0.000 0.000 0.000 0.000 0.000 0.000 0.000 0.000 0.000 0.000 0.000 0.000 0.000 0.000 0.000 0.000 0.000 0.000 0.000 0.000 0.000 0.000 0.000 0.000 0.000 0.000 0.000 0.000 0.000 0.000 0.000 0.000 0.000 0.000 0.000 0.000 0.000 0.000 0.000 0.000 0.000 0.000 0.000 0.000 0.000 0.000 0.000 0.000 0.000 0.000 0.000 0.000 0.000 0.000 0.000 0.000 0.000 0.000 0.000 0.000 0.000 0.000 0.000 0.000 0.000 0.000 0.001 0.001 0.003 0.007 0.011 0.013 0.013 0.013 0.012 0.010
0.000 0.000 0.000 0.000 0.000 0.000 0.000 0.000 0.000 0.000 0.000 0.000 0.000 0.000 0.000 0.000 0.000 0.000 0.000 0.000 0.000 0.000 0.000 0.000 0.000 0.000 0.000 0.000 0.000 0.000 0.000 0.000 0.000 0.000 0.000 0.000 0.000 0.000 0.000 0.000 0.000 0.000 0.000 0.000 0.000 0.000 0.000 0.000 0.000 0.000 0.000 0.000 0.000 0.000 0.000 0.000 0.000 0.000 0.000 0.000 0.000 0.000 0.000 0.000 0.000 0.000 0.000 0.000 0.001 0.001 0.003 0.006 0.007 0.007 0.007 0.007 0.006
0.000 0.000 0.000 0.000 0.000 0.000 0.000 0.000 0.000 0.000 0.000 0.000 0.000 0.000 0.000 0.000 0.000 0.000 0.000 0.000 0.000 0.000 0.000 0.000 0.000 0.000 0.000 0.000 0.000 0.000 0.000 0.000 0.000 0.000 0.000 0.000 0.000 0.000 0.000 0.000 0.000 0.000 0.000 0.000 0.000 0.000 0.000 0.000 0.000 0.000 0.000 0.000 0.000 0.000 0.000 0.000 0.000 0.000 0.000 0.000 0.000 0.000 0.000 0.000 0.000 0.000 0.000 0.000 0.000 0.001 0.001 0.003 0.003 0.004 0.004 0.003 0.003
