AvaFrame/avaframe/data/avaSalk/Avaflow_Input_Output/slk_results/slk_ascii/slk_hflow0016.asc
ncols 296
nrows 144
xllcenter 761600.00
yllcenter 8523000.00
cellsize 12.50
NODATA_value -9999.000
[rows 102 to 135 of 144, columns 154 to 230 of 296]
1.993 2.153 2.320 2.662 3.025 3.234 3.337 3.437 3.561 3.709 3.816 3.811 3.748 3.653 3.592 3.573 3.525 3.402 3.252 3.073 2.900 2.754 2.577 2.439 2.351 2.312 2.307 2.305 2.368 2.593 2.994 3.483 4.026 4.427 4.638 4.756 4.722 4.614 4.318 3.755 2.748 1.867 1.692 1.871 2.140 2.420 2.725 3.135 3.780 4.769 6.141 7.619 8.848 9.792 10.464 11.079 11.493 11.829 11.977 12.082 11.896 11.770 11.591 11.147 10.689 9.708 8.161 5.988 4.057 2.561 1.424 0.682 0.311 0.191 0.178 0.193 0.244
0.490 0.558 0.635 0.798 1.033 1.201 1.336 1.478 1.605 1.658 1.654 1.622 1.614 1.608 1.590 1.572 1.491 1.338 1.174 1.033 0.924 0.849 0.797 0.754 0.707 0.677 0.675 0.715 0.830 1.080 1.449 1.795 2.016 2.149 2.288 2.482 2.591 2.552 2.127 1.241 0.575 0.451 0.580 0.839 1.176 1.612 2.168 2.872 3.761 4.907 6.367 7.966 9.455 10.704 11.657 12.415 12.861 13.202 13.157 13.289 13.148 12.985 12.677 12.103 11.611 10.752 9.198 7.017 5.146 3.636 2.420 1.524 0.935 0.626 0.530 0.547 0.739
0.111 0.122 0.135 0.171 0.242 0.293 0.341 0.398 0.435 0.441 0.433 0.418 0.419 0.431 0.439 0.431 0.398 0.334 0.272 0.228 0.202 0.190 0.185 0.178 0.165 0.153 0.149 0.157 0.202 0.297 0.435 0.542 0.599 0.642 0.710 0.824 0.895 0.878 0.615 0.203 0.087 0.092 0.141 0.257 0.440 0.723 1.283 2.230 3.470 4.874 6.377 8.012 9.605 11.017 12.267 13.304 13.854 14.253 14.239 14.299 14.018 13.832 13.490 13.156 12.493 11.800 10.365 8.344 6.419 4.930 3.709 2.747 2.050 1.632 1.490 1.534 1.852
0.037 0.039 0.040 0.048 0.064 0.075 0.085 0.093 0.094 0.094 0.091 0.089 0.090 0.095 0.100 0.099 0.092 0.079 0.066 0.059 0.055 0.053 0.051 0.050 0.047 0.045 0.044 0.046 0.056 0.073 0.092 0.108 0.123 0.138 0.153 0.171 0.180 0.173 0.103 0.040 0.028 0.027 0.033 0.054 0.105 0.207 0.481 1.231 2.620 4.379 6.083 7.704 9.366 10.964 12.380 13.470 14.278 14.691 14.821 14.902 14.636 14.384 13.831 13.604 12.948 12.471 11.529 9.973 8.005 6.447 5.235 4.217 3.475 3.066 2.972 3.054 3.318
0.014 0.015 0.016 0.018 0.023 0.027 0.030 0.032 0.031 0.031 0.029 0.029 0.030 0.032 0.033 0.032 0.029 0.026 0.022 0.021 0.020 0.019 0.019 0.018 0.017 0.017 0.017 0.019 0.022 0.027 0.032 0.037 0.041 0.043 0.045 0.047 0.046 0.044 0.032 0.019 0.013 0.012 0.013 0.016 0.024 0.041 0.107 0.394 1.336 3.104 5.130 6.967 8.740 10.573 12.163 13.364 14.328 14.730 14.939 14.858 14.715 14.565 14.076 13.819 13.457 13.025 12.426 11.486 9.893 8.329 7.023 5.942 5.182 4.746 4.621 4.569 4.592
0.006 0.007 0.007 0.008 0.009 0.012 0.013 0.013 0.013 0.012 0.012 0.012 0.012 0.013 0.013 0.013 0.011 0.010 0.009 0.009 0.008 0.008 0.008 0.008 0.008 0.008 0.008 0.009 0.011 0.013 0.015 0.017 0.017 0.017 0.018 0.021 0.022 0.021 0.019 0.014 0.010 0.007 0.007 0.007 0.009 0.013 0.021 0.073 0.418 1.505 3.405 5.523 7.490 9.540 11.227 12.697 13.734 14.250 14.625 14.695 14.586 14.509 14.049 13.784 13.499 13.317 13.074 12.511 11.311 9.871 8.599 7.591 6.851 6.326 6.030 5.737 5.478
0.003 0.003 0.004 0.004 0.004 0.005 0.006 0.006 0.006 0.006 0.006 0.006 0.006 0.006 0.006 0.006 0.005 0.004 0.004 0.004 0.004 0.004 0.004 0.004 0.004 0.005 0.005 0.006 0.006 0.008 0.009 0.010 0.010 0.011 0.012 0.014 0.015 0.015 0.014 0.011 0.008 0.006 0.005 0.004 0.005 0.006 0.008 0.015 0.076 0.474 1.593 3.483 5.684 7.960 9.893 11.599 12.678 13.382 13.728 13.920 14.005 14.142 13.882 13.661 13.457 13.347 13.292 13.063 12.220 10.901 9.595 8.621 7.917 7.362 6.885 6.420 5.948
0.001 0.002 0.002 0.002 0.002 0.002 0.003 0.003 0.003 0.003 0.003 0.003 0.003 0.003 0.003 0.003 0.002 0.002 0.002 0.002 0.002 0.002 0.003 0.003 0.003 0.004 0.004 0.005 0.005 0.006 0.007 0.008 0.009 0.010 0.011 0.011 0.011 0.011 0.011 0.009 0.007 0.005 0.004 0.003 0.003 0.003 0.004 0.006 0.014 0.077 0.439 1.486 3.325 5.675 7.889 9.742 11.003 11.907 12.302 12.655 12.949 13.229 13.240 13.217 13.344 13.244 13.208 12.940 12.322 11.133 9.841 8.923 8.258 7.704 7.158 6.618 6.059
0.001 0.001 0.001 0.001 0.001 0.001 0.001 0.001 0.001 0.001 0.001 0.001 0.001 0.001 0.001 0.001 0.001 0.001 0.001 0.001 0.001 0.002 0.002 0.002 0.003 0.003 0.004 0.004 0.005 0.006 0.007 0.008 0.009 0.009 0.010 0.010 0.010 0.009 0.009 0.008 0.006 0.005 0.004 0.003 0.002 0.002 0.003 0.004 0.006 0.014 0.057 0.354 1.319 3.074 5.204 7.091 8.605 9.800 10.532 11.162 11.598 11.905 12.090 12.349 12.804 12.919 12.930 12.637 12.056 10.974 9.774 8.861 8.175 7.583 7.014 6.448 5.841
0.000 0.000 0.000 0.000 0.000 0.000 0.000 0.000 0.000 0.000 0.000 0.000 0.000 0.000 0.000 0.000 0.000 0.000 0.001 0.001 0.001 0.001 0.001 0.002 0.002 0.003 0.003 0.004 0.005 0.006 0.007 0.008 0.009 0.009 0.009 0.009 0.009 0.009 0.008 0.007 0.006 0.005 0.004 0.003 0.002 0.002 0.002 0.002 0.003 0.006 0.012 0.038 0.289 1.144 2.636 4.262 5.848 7.256 8.473 9.489 10.160 10.547 10.853 11.162 11.666 11.877 11.961 11.801 11.293 10.477 9.465 8.570 7.873 7.222 6.592 5.979 5.330
0.000 0.000 0.000 0.000 0.000 0.000 0.000 0.000 0.000 0.000 0.000 0.000 0.000 0.000 0.000 0.000 0.000 0.000 0.000 0.000 0.000 0.001 0.001 0.001 0.001 0.002 0.003 0.003 0.004 0.005 0.007 0.008 0.009 0.009 0.010 0.010 0.010 0.009 0.009 0.008 0.006 0.005 0.004 0.003 0.002 0.002 0.001 0.002 0.002 0.003 0.005 0.010 0.028 0.242 0.951 2.117 3.457 4.808 6.220 7.554 8.543 9.118 9.579 9.893 10.343 10.526 10.694 10.679 10.344 9.694 8.829 7.973 7.266 6.581 5.925 5.261 4.558
0.000 0.000 0.000 0.000 0.000 0.000 0.000 0.000 0.000 0.000 0.000 0.000 0.000 0.000 0.000 0.000 0.000 0.000 0.000 0.000 0.000 0.000 0.000 0.001 0.001 0.001 0.002 0.003 0.004 0.005 0.006 0.008 0.009 0.010 0.011 0.012 0.012 0.012 0.012 0.011 0.008 0.005 0.004 0.003 0.002 0.002 0.001 0.001 0.001 0.002 0.002 0.004 0.008 0.025 0.204 0.764 1.691 2.822 4.076 5.415 6.613 7.507 8.207 8.625 8.928 9.004 9.081 9.129 8.974 8.525 7.836 7.099 6.393 5.694 5.037 4.347 3.652
0.000 0.000 0.000 0.000 0.000 0.000 0.000 0.000 0.000 0.000 0.000 0.000 0.000 0.000 0.000 0.000 0.000 0.000 0.000 0.000 0.000 0.000 0.000 0.000 0.000 0.001 0.001 0.002 0.003 0.004 0.005 0.007 0.009 0.010 0.012 0.013 0.014 0.014 0.014 0.013 0.010 0.007 0.004 0.003 0.002 0.001 0.001 0.001 0.001 0.001 0.001 0.002 0.004 0.008 0.024 0.167 0.602 1.355 2.334 3.478 4.671 5.750 6.615 7.253 7.621 7.702 7.613 7.492 7.288 6.955 6.514 5.951 5.332 4.725 4.156 3.539 2.909
0.000 0.000 0.000 0.000 0.000 0.000 0.000 0.000 0.000 0.000 0.000 0.000 0.000 0.000 0.000 0.000 0.000 0.000 0.000 0.000 0.000 0.000 0.000 0.000 0.000 0.000 0.000 0.001 0.002 0.003 0.004 0.006 0.008 0.010 0.012 0.013 0.014 0.014 0.014 0.013 0.010 0.007 0.005 0.003 0.002 0.001 0.001 0.001 0.001 0.001 0.001 0.001 0.002 0.003 0.008 0.023 0.133 0.467 1.069 1.909 2.938 4.023 4.967 5.770 6.248 6.385 6.300 6.092 5.749 5.357 5.053 4.722 4.338 3.920 3.454 2.904 2.319
0.000 0.000 0.000 0.000 0.000 0.000 0.000 0.000 0.000 0.000 0.000 0.000 0.000 0.000 0.000 0.000 0.000 0.000 0.000 0.000 0.000 0.000 0.000 0.000 0.000 0.000 0.000 0.000 0.001 0.002 0.003 0.005 0.007 0.009 0.010 0.011 0.012 0.012 0.012 0.011 0.009 0.007 0.005 0.003 0.002 0.001 0.001 0.000 0.000 0.000 0.000 0.001 0.001 0.002 0.003 0.007 0.021 0.099 0.330 0.795 1.528 2.466 3.455 4.325 4.899 5.153 5.126 4.927 4.580 4.154 3.850 3.656 3.480 3.244 2.886 2.412 1.861
0.000 0.000 0.000 0.000 0.000 0.000 0.000 0.000 0.000 0.000 0.000 0.000 0.000 0.000 0.000 0.000 0.000 0.000 0.000 0.000 0.000 0.000 0.000 0.000 0.000 0.000 0.000 0.000 0.000 0.001 0.002 0.003 0.005 0.006 0.007 0.008 0.008 0.008 0.008 0.008 0.007 0.006 0.004 0.003 0.002 0.001 0.000 0.000 0.000 0.000 0.000 0.000 0.001 0.001 0.002 0.003 0.007 0.018 0.063 0.216 0.585 1.221 2.093 2.988 3.616 3.941 3.993 3.879 3.631 3.307 3.015 2.841 2.754 2.637 2.399 2.029 1.524
0.000 0.000 0.000 0.000 0.000 0.000 0.000 0.000 0.000 0.000 0.000 0.000 0.000 0.000 0.000 0.000 0.000 0.000 0.000 0.000 0.000 0.000 0.000 0.000 0.000 0.000 0.000 0.000 0.000 0.000 0.001 0.002 0.003 0.004 0.004 0.004 0.004 0.004 0.004 0.004 0.004 0.004 0.003 0.002 0.001 0.000 0.000 0.000 0.000 0.000 0.000 0.000 0.000 0.001 0.001 0.002 0.003 0.006 0.014 0.039 0.144 0.432 1.004 1.837 2.496 2.837 2.951 2.932 2.821 2.654 2.443 2.275 2.178 2.085 1.935 1.674 1.276
0.000 0.000 0.000 0.000 0.000 0.000 0.000 0.000 0.000 0.000 0.000 0.000 0.000 0.000 0.000 0.000 0.000 0.000 0.000 0.000 0.000 0.000 0.000 0.000 0.000 0.000 0.000 0.000 0.000 0.000 0.000 0.001 0.001 0.002 0.002 0.002 0.002 0.002 0.002 0.002 0.002 0.002 0.001 0.001 0.000 0.000 0.000 0.000 0.000 0.000 0.000 0.000 0.000 0.000 0.000 0.001 0.001 0.003 0.005 0.010 0.026 0.097 0.336 0.899 1.549 1.896 2.051 2.115 2.121 2.083 1.989 1.862 1.747 1.626 1.490 1.304 1.042
0.000 0.000 0.000 0.000 0.000 0.000 0.000 0.000 0.000 0.000 0.000 0.000 0.000 0.000 0.000 0.000 0.000 0.000 0.000 0.000 0.000 0.000 0.000 0.000 0.000 0.000 0.000 0.000 0.000 0.000 0.000 0.000 0.000 0.001 0.001 0.001 0.001 0.001 0.001 0.001 0.001 0.001 0.000 0.000 0.000 0.000 0.000 0.000 0.000 0.000 0.000 0.000 0.000 0.000 0.000 0.000 0.001 0.001 0.002 0.004 0.008 0.019 0.075 0.317 0.788 1.142 1.337 1.470 1.553 1.590 1.582 1.516 1.404 1.269 1.126 0.968 0.783
0.000 0.000 0.000 0.000 0.000 0.000 0.000 0.000 0.000 0.000 0.000 0.000 0.000 0.000 0.000 0.000 0.000 0.000 0.000 0.000 0.000 0.000 0.000 0.000 0.000 0.000 0.000 0.000 0.000 0.000 0.000 0.000 0.000 0.000 0.000 0.000 0.000 0.000 0.000 0.000 0.000 0.000 0.000 0.000 0.000 0.000 0.000 0.000 0.000 0.000 0.000 0.000 0.000 0.000 0.000 0.000 0.000 0.000 0.001 0.002 0.003 0.007 0.017 0.081 0.296 0.576 0.804 0.983 1.113 1.194 1.220 1.193 1.104 0.981 0.847 0.708 0.559
0.000 0.000 0.000 0.000 0.000 0.000 0.000 0.000 0.000 0.000 0.000 0.000 0.000 0.000 0.000 0.000 0.000 0.000 0.000 0.000 0.000 0.000 0.000 0.000 0.000 0.000 0.000 0.000 0.000 0.000 0.000 0.000 0.000 0.000 0.000 0.000 0.000 0.000 0.000 0.000 0.000 0.000 0.000 0.000 0.000 0.000 0.000 0.000 0.000 0.000 0.000 0.000 0.000 0.000 0.000 0.000 0.000 0.000 0.000 0.001 0.002 0.003 0.007 0.020 0.083 0.225 0.416 0.616 0.774 0.875 0.915 0.903 0.841 0.746 0.636 0.519 0.395
0.000 0.000 0.000 0.000 0.000 0.000 0.000 0.000 0.000 0.000 0.000 0.000 0.000 0.000 0.000 0.000 0.000 0.000 0.000 0.000 0.000 0.000 0.000 0.000 0.000 0.000 0.000 0.000 0.000 0.000 0.000 0.000 0.000 0.000 0.000 0.000 0.000 0.000 0.000 0.000 0.000 0.000 0.000 0.000 0.000 0.000 0.000 0.000 0.000 0.000 0.000 0.000 0.000 0.000 0.000 0.000 0.000 0.000 0.000 0.000 0.001 0.001 0.003 0.008 0.022 0.070 0.171 0.335 0.508 0.618 0.664 0.661 0.623 0.560 0.477 0.379 0.276
0.000 0.000 0.000 0.000 0.000 0.000 0.000 0.000 0.000 0.000 0.000 0.000 0.000 0.000 0.000 0.000 0.000 0.000 0.000 0.000 0.000 0.000 0.000 0.000 0.000 0.000 0.000 0.000 0.000 0.000 0.000 0.000 0.000 0.000 0.000 0.000 0.000 0.000 0.000 0.000 0.000 0.000 0.000 0.000 0.000 0.000 0.000 0.000 0.000 0.000 0.000 0.000 0.000 0.000 0.000 0.000 0.000 0.000 0.000 0.000 0.000 0.001 0.001 0.003 0.008 0.021 0.059 0.152 0.304 0.417 0.466 0.472 0.454 0.412 0.352 0.273 0.193
0.000 0.000 0.000 0.000 0.000 0.000 0.000 0.000 0.000 0.000 0.000 0.000 0.000 0.000 0.000 0.000 0.000 0.000 0.000 0.000 0.000 0.000 0.000 0.000 0.000 0.000 0.000 0.000 0.000 0.000 0.000 0.000 0.000 0.000 0.000 0.000 0.000 0.000 0.000 0.000 0.000 0.000 0.000 0.000 0.000 0.000 0.000 0.000 0.000 0.000 0.000 0.000 0.000 0.000 0.000 0.000 0.000 0.000 0.000 0.000 0.000 0.000 0.001 0.002 0.004 0.009 0.022 0.065 0.169 0.270 0.316 0.327 0.322 0.298 0.255 0.193 0.135
0.000 0.000 0.000 0.000 0.000 0.000 0.000 0.000 0.000 0.000 0.000 0.000 0.000 0.000 0.000 0.000 0.000 0.000 0.000 0.000 0.000 0.000 0.000 0.000 0.000 0.000 0.000 0.000 0.000 0.000 0.000 0.000 0.000 0.000 0.000 0.000 0.000 0.000 0.000 0.000 0.000 0.000 0.000 0.000 0.000 0.000 0.000 0.000 0.000 0.000 0.000 0.000 0.000 0.000 0.000 0.000 0.000 0.000 0.000 0.000 0.000 0.000 0.000 0.001 0.002 0.004 0.011 0.031 0.092 0.169 0.208 0.222 0.222 0.209 0.179 0.135 0.095
0.000 0.000 0.000 0.000 0.000 0.000 0.000 0.000 0.000 0.000 0.000 0.000 0.000 0.000 0.000 0.000 0.000 0.000 0.000 0.000 0.000 0.000 0.000 0.000 0.000 0.000 0.000 0.000 0.000 0.000 0.000 0.000 0.000 0.000 0.000 0.000 0.000 0.000 0.000 0.000 0.000 0.000 0.000 0.000 0.000 0.000 0.000 0.000 0.000 0.000 0.000 0.000 0.000 0.000 0.000 0.000 0.000 0.000 0.000 0.000 0.000 0.000 0.000 0.000 0.001 0.003 0.006 0.016 0.049 0.103 0.135 0.148 0.150 0.142 0.123 0.095 0.067
0.000 0.000 0.000 0.000 0.000 0.000 0.000 0.000 0.000 0.000 0.000 0.000 0.000 0.000 0.000 0.000 0.000 0.000 0.000 0.000 0.000 0.000 0.000 0.000 0.000 0.000 0.000 0.000 0.000 0.000 0.000 0.000 0.000 0.000 0.000 0.000 0.000 0.000 0.000 0.000 0.000 0.000 0.000 0.000 0.000 0.000 0.000 0.000 0.000 0.000 0.000 0.000 0.000 0.000 0.000 0.000 0.000 0.000 0.000 0.000 0.000 0.000 0.000 0.000 0.001 0.001 0.003 0.009 0.026 0.060 0.085 0.097 0.099 0.094 0.083 0.065 0.046
0.000 0.000 0.000 0.000 0.000 0.000 0.000 0.000 0.000 0.000 0.000 0.000 0.000 0.000 0.000 0.000 0.000 0.000 0.000 0.000 0.000 0.000 0.000 0.000 0.000 0.000 0.000 0.000 0.000 0.000 0.000 0.000 0.000 0.000 0.000 0.000 0.000 0.000 0.000 0.000 0.000 0.000 0.000 0.000 0.000 0.000 0.000 0.000 0.000 0.000 0.000 0.000 0.000 0.000 0.000 0.000 0.000 0.000 0.000 0.000 0.000 0.000 0.000 0.000 0.000 0.001 0.002 0.005 0.014 0.035 0.054 0.063 0.064 0.061 0.055 0.044 0.031
0.000 0.000 0.000 0.000 0.000 0.000 0.000 0.000 0.000 0.000 0.000 0.000 0.000 0.000 0.000 0.000 0.000 0.000 0.000 0.000 0.000 0.000 0.000 0.000 0.000 0.000 0.000 0.000 0.000 0.000 0.000 0.000 0.000 0.000 0.000 0.000 0.000 0.000 0.000 0.000 0.000 0.000 0.000 0.000 0.000 0.000 0.000 0.000 0.000 0.000 0.000 0.000 0.000 0.000 0.000 0.000 0.000 0.000 0.000 0.000 0.000 0.000 0.000 0.000 0.000 0.000 0.001 0.003 0.008 0.020 0.034 0.040 0.040 0.039 0.035 0.029 0.020
0.000 0.000 0.000 0.000 0.000 0.000 0.000 0.000 0.000 0.000 0.000 0.000 0.000 0.000 0.000 0.000 0.000 0.000 0.000 0.000 0.000 0.000 0.000 0.000 0.000 0.000 0.000 0.000 0.000 0.000 0.000 0.000 0.000 0.000 0.000 0.000 0.000 0.000 0.000 0.000 0.000 0.000 0.000 0.000 0.000 0.000 0.000 0.000 0.000 0.000 0.000 0.000 0.000 0.000 0.000 0.000 0.000 0.000 0.000 0.000 0.000 0.000 0.000 0.000 0.000 0.000 0.001 0.002 0.004 0.010 0.020 0.025 0.025 0.024 0.022 0.018 0.013
0.000 0.000 0.000 0.000 0.000 0.000 0.000 0.000 0.000 0.000 0.000 0.000 0.000 0.000 0.000 0.000 0.000 0.000 0.000 0.000 0.000 0.000 0.000 0.000 0.000 0.000 0.000 0.000 0.000 0.000 0.000 0.000 0.000 0.000 0.000 0.000 0.000 0.000 0.000 0.000 0.000 0.000 0.000 0.000 0.000 0.000 0.000 0.000 0.000 0.000 0.000 0.000 0.000 0.000 0.000 0.000 0.000 0.000 0.000 0.000 0.000 0.000 0.000 0.000 0.000 0.000 0.000 0.001 0.002 0.005 0.010 0.014 0.015 0.015 0.014 0.012 0.009
0.000 0.000 0.000 0.000 0.000 0.000 0.000 0.000 0.000 0.000 0.000 0.000 0.000 0.000 0.000 0.000 0.000 0.000 0.000 0.000 0.000 0.000 0.000 0.000 0.000 0.000 0.000 0.000 0.000 0.000 0.000 0.000 0.000 0.000 0.000 0.000 0.000 0.000 0.000 0.000 0.000 0.000 0.000 0.000 0.000 0.000 0.000 0.000 0.000 0.000 0.000 0.000 0.000 0.000 0.000 0.000 0.000 0.000 0.000 0.000 0.000 0.000 0.000 0.000 0.000 0.000 0.000 0.000 0.001 0.002 0.005 0.008 0.008 0.008 0.008 0.007 0.005
0.000 0.000 0.000 0.000 0.000 0.000 0.000 0.000 0.000 0.000 0.000 0.000 0.000 0.000 0.000 0.000 0.000 0.000 0.000 0.000 0.000 0.000 0.000 0.000 0.000 0.000 0.000 0.000 0.000 0.000 0.000 0.000 0.000 0.000 0.000 0.000 0.000 0.000 0.000 0.000 0.000 0.000 0.000 0.000 0.000 0.000 0.000 0.000 0.000 0.000 0.000 0.000 0.000 0.000 0.000 0.000 0.000 0.000 0.000 0.000 0.000 0.000 0.000 0.000 0.000 0.000 0.000 0.000 0.000 0.001 0.002 0.004 0.004 0.004 0.004 0.004 0.003
0.000 0.000 0.000 0.000 0.000 0.000 0.000 0.000 0.000 0.000 0.000 0.000 0.000 0.000 0.000 0.000 0.000 0.000 0.000 0.000 0.000 0.000 0.000 0.000 0.000 0.000 0.000 0.000 0.000 0.000 0.000 0.000 0.000 0.000 0.000 0.000 0.000 0.000 0.000 0.000 0.000 0.000 0.000 0.000 0.000 0.000 0.000 0.000 0.000 0.000 0.000 0.000 0.000 0.000 0.000 0.000 0.000 0.000 0.000 0.000 0.000 0.000 0.000 0.000 0.000 0.000 0.000 0.000 0.000 0.000 0.001 0.002 0.002 0.002 0.002 0.002 0.001
