AvaFrame/avaframe/data/avaSalk/Avaflow_Input_Output/slk_results/slk_ascii/slk_basechange0013.asc
ncols 296
nrows 144
xllcenter 761600.00
yllcenter 8523000.00
cellsize 12.50
NODATA_value -9999.000
[rows 33 to 65 of 144, columns 222 to 295 of 296]
0.000 0.000 0.000 0.000 -0.000 -0.000 -0.000 -0.000 -0.000 -0.000 -0.000 -0.000 -0.000 -0.000 -0.000 -0.000 -0.000 -0.000 -0.000 -0.000 -0.000 -0.001 -0.001 -0.001 -0.002 -0.004 -0.007 -0.014 -0.026 -0.045 -0.071 -0.104 -0.146 -0.196 -0.267 -0.343 -0.426 -0.520 -0.599 -0.671 -0.727 -0.749 -0.724 -0.663 -0.572 -0.410 -0.204 -0.072 -0.021 -0.004 -0.001 -0.000 -0.000 -0.000 -0.000 0.000 0.000 0.000 0.000 0.000 0.000 0.000 0.000 0.000 0.000 0.000 0.000 0.000 0.000 0.000 0.000 0.000 0.000 0.000
0.000 0.000 0.000 -0.000 -0.000 -0.000 -0.000 -0.000 -0.000 -0.000 -0.000 -0.000 -0.000 -0.000 -0.000 -0.000 -0.000 -0.000 -0.000 -0.001 -0.001 -0.001 -0.002 -0.004 -0.007 -0.014 -0.026 -0.046 -0.074 -0.109 -0.150 -0.195 -0.249 -0.312 -0.409 -0.533 -0.669 -0.817 -0.934 -1.009 -1.048 -1.029 -0.956 -0.837 -0.679 -0.461 -0.226 -0.072 -0.020 -0.004 -0.001 -0.000 -0.000 -0.000 -0.000 0.000 0.000 0.000 0.000 0.000 0.000 0.000 0.000 0.000 0.000 0.000 0.000 0.000 0.000 0.000 0.000 0.000 0.000 0.000
0.000 -0.000 -0.000 -0.000 -0.000 -0.000 -0.000 -0.000 -0.000 -0.000 -0.000 -0.000 -0.000 -0.000 -0.000 -0.000 -0.000 -0.001 -0.001 -0.001 -0.002 -0.003 -0.006 -0.012 -0.024 -0.044 -0.073 -0.111 -0.155 -0.203 -0.254 -0.311 -0.376 -0.465 -0.610 -0.815 -1.053 -1.316 -1.520 -1.614 -1.646 -1.580 -1.405 -1.135 -0.840 -0.532 -0.241 -0.079 -0.021 -0.005 -0.001 -0.000 -0.000 -0.000 -0.000 -0.000 0.000 0.000 0.000 0.000 0.000 0.000 0.000 0.000 0.000 0.000 0.000 0.000 0.000 0.000 0.000 0.000 0.000 0.000
-0.000 -0.000 -0.000 -0.000 -0.000 -0.000 -0.000 -0.000 -0.000 -0.000 -0.000 -0.000 -0.000 -0.000 -0.000 -0.000 -0.001 -0.001 -0.002 -0.003 -0.005 -0.010 -0.020 -0.040 -0.069 -0.108 -0.154 -0.204 -0.257 -0.313 -0.373 -0.444 -0.529 -0.684 -0.942 -1.250 -1.587 -1.972 -2.286 -2.455 -2.506 -2.454 -2.226 -1.761 -1.209 -0.672 -0.274 -0.086 -0.023 -0.005 -0.001 -0.000 -0.000 -0.000 -0.000 -0.000 0.000 0.000 0.000 0.000 0.000 0.000 0.000 0.000 0.000 0.000 0.000 0.000 0.000 0.000 0.000 0.000 0.000 0.000
-0.000 -0.000 -0.000 -0.000 -0.000 -0.000 -0.000 -0.000 -0.000 -0.000 -0.000 -0.000 -0.000 -0.000 -0.001 -0.001 -0.001 -0.002 -0.004 -0.009 -0.017 -0.034 -0.062 -0.101 -0.148 -0.198 -0.252 -0.309 -0.368 -0.429 -0.495 -0.583 -0.702 -0.949 -1.367 -1.828 -2.202 -2.460 -2.625 -2.804 -2.899 -2.933 -2.760 -2.428 -1.836 -0.981 -0.346 -0.093 -0.023 -0.005 -0.001 -0.000 -0.000 -0.000 -0.000 -0.000 0.000 0.000 0.000 0.000 0.000 0.000 0.000 0.000 0.000 0.000 0.000 0.000 0.000 0.000 0.000 0.000 0.000 0.000
-0.000 -0.000 -0.000 -0.000 -0.000 -0.000 -0.000 -0.000 -0.000 -0.000 -0.000 -0.000 -0.001 -0.001 -0.001 -0.002 -0.003 -0.006 -0.013 -0.027 -0.052 -0.090 -0.137 -0.189 -0.244 -0.300 -0.358 -0.419 -0.483 -0.551 -0.622 -0.732 -0.924 -1.305 -1.805 -2.278 -2.674 -2.725 -2.511 -2.438 -2.533 -2.687 -2.512 -2.422 -2.383 -1.451 -0.462 -0.105 -0.025 -0.006 -0.001 -0.000 -0.000 -0.000 -0.000 -0.000 0.000 0.000 0.000 0.000 0.000 0.000 0.000 0.000 0.000 0.000 0.000 0.000 0.000 0.000 0.000 0.000 0.000 0.000
-0.000 -0.000 -0.000 -0.000 -0.000 -0.000 -0.000 -0.000 -0.000 -0.000 -0.001 -0.001 -0.001 -0.002 -0.003 -0.005 -0.009 -0.019 -0.040 -0.075 -0.121 -0.174 -0.231 -0.290 -0.350 -0.413 -0.476 -0.543 -0.612 -0.685 -0.771 -0.913 -1.237 -1.736 -2.170 -2.469 -2.814 -2.863 -2.599 -2.117 -1.779 -1.932 -1.976 -2.122 -2.510 -1.773 -0.521 -0.110 -0.026 -0.006 -0.002 -0.000 -0.000 -0.000 -0.000 -0.000 0.000 0.000 0.000 0.000 0.000 0.000 0.000 0.000 0.000 0.000 0.000 0.000 0.000 0.000 0.000 0.000 0.000 0.000
-0.000 -0.000 -0.000 -0.000 -0.000 -0.000 -0.000 -0.000 -0.001 -0.001 -0.001 -0.002 -0.002 -0.004 -0.007 -0.014 -0.028 -0.056 -0.100 -0.155 -0.215 -0.276 -0.338 -0.405 -0.471 -0.541 -0.610 -0.684 -0.763 -0.848 -0.956 -1.155 -1.590 -2.019 -2.204 -2.386 -2.682 -2.584 -2.515 -2.147 -1.717 -1.712 -1.581 -2.131 -2.533 -1.816 -0.518 -0.103 -0.025 -0.006 -0.002 -0.001 -0.000 -0.000 -0.000 -0.000 0.000 0.000 0.000 0.000 0.000 0.000 0.000 0.000 0.000 0.000 0.000 0.000 0.000 0.000 0.000 0.000 0.000 0.000
-0.000 -0.000 -0.000 -0.000 -0.000 -0.000 -0.000 -0.001 -0.001 -0.001 -0.002 -0.003 -0.005 -0.010 -0.020 -0.041 -0.078 -0.132 -0.196 -0.261 -0.325 -0.396 -0.465 -0.538 -0.614 -0.691 -0.769 -0.849 -0.941 -1.044 -1.200 -1.476 -1.898 -2.147 -2.117 -2.130 -2.299 -2.144 -2.252 -2.034 -1.680 -1.757 -1.651 -2.307 -2.521 -1.536 -0.437 -0.092 -0.023 -0.005 -0.002 -0.001 -0.000 -0.000 -0.000 -0.000 0.000 0.000 0.000 0.000 0.000 0.000 0.000 0.000 0.000 0.000 0.000 0.000 0.000 0.000 0.000 0.000 0.000 0.000
-0.000 -0.000 -0.000 -0.000 -0.000 -0.001 -0.001 -0.001 -0.002 -0.003 -0.005 -0.008 -0.015 -0.029 -0.060 -0.110 -0.178 -0.252 -0.327 -0.400 -0.472 -0.544 -0.625 -0.707 -0.792 -0.880 -0.971 -1.063 -1.172 -1.307 -1.526 -1.887 -2.215 -2.304 -2.175 -2.137 -2.169 -2.071 -2.340 -2.209 -1.897 -1.863 -1.761 -2.261 -2.084 -1.043 -0.296 -0.073 -0.019 -0.005 -0.002 -0.001 -0.000 -0.000 -0.000 -0.000 0.000 0.000 0.000 0.000 0.000 0.000 0.000 0.000 0.000 0.000 0.000 0.000 0.000 0.000 0.000 0.000 0.000 0.000
-0.000 -0.000 -0.000 -0.001 -0.001 -0.001 -0.002 -0.003 -0.004 -0.007 -0.013 -0.024 -0.046 -0.088 -0.153 -0.236 -0.322 -0.407 -0.489 -0.572 -0.655 -0.740 -0.835 -0.933 -1.031 -1.136 -1.244 -1.364 -1.510 -1.721 -1.990 -2.341 -2.553 -2.551 -2.415 -2.318 -2.271 -2.146 -2.250 -2.155 -1.950 -1.897 -1.913 -1.999 -1.441 -0.625 -0.177 -0.052 -0.014 -0.004 -0.001 -0.001 -0.000 -0.000 -0.000 -0.000 0.000 0.000 0.000 0.000 0.000 0.000 0.000 0.000 0.000 0.000 0.000 0.000 0.000 0.000 0.000 0.000 0.000 0.000
-0.000 -0.001 -0.001 -0.001 -0.002 -0.002 -0.004 -0.006 -0.011 -0.021 -0.040 -0.075 -0.133 -0.213 -0.308 -0.406 -0.496 -0.584 -0.673 -0.775 -0.880 -0.993 -1.124 -1.253 -1.380 -1.516 -1.670 -1.845 -2.076 -2.384 -2.697 -2.905 -2.999 -2.964 -2.916 -2.773 -2.588 -2.438 -2.493 -2.450 -2.215 -2.047 -1.896 -1.524 -0.831 -0.332 -0.107 -0.035 -0.010 -0.003 -0.001 -0.001 -0.000 -0.000 -0.000 -0.000 0.000 0.000 0.000 0.000 0.000 0.000 0.000 0.000 0.000 0.000 0.000 0.000 0.000 0.000 0.000 0.000 0.000 0.000
-0.001 -0.001 -0.002 -0.002 -0.003 -0.005 -0.009 -0.017 -0.034 -0.065 -0.117 -0.192 -0.291 -0.395 -0.496 -0.597 -0.697 -0.801 -0.911 -1.046 -1.206 -1.369 -1.555 -1.756 -1.950 -2.154 -2.396 -2.661 -2.949 -3.244 -3.524 -3.656 -3.629 -3.525 -3.493 -3.436 -3.280 -3.093 -2.969 -2.696 -2.355 -1.889 -1.440 -0.859 -0.396 -0.156 -0.060 -0.021 -0.007 -0.003 -0.001 -0.000 -0.000 -0.000 -0.000 -0.000 0.000 0.000 0.000 0.000 0.000 0.000 0.000 0.000 0.000 0.000 0.000 0.000 0.000 0.000 0.000 0.000 0.000 0.000
-0.001 -0.002 -0.003 -0.005 -0.008 -0.014 -0.026 -0.052 -0.099 -0.167 -0.257 -0.362 -0.474 -0.592 -0.701 -0.818 -0.950 -1.095 -1.266 -1.472 -1.728 -1.999 -2.262 -2.531 -2.798 -3.032 -3.286 -3.550 -3.759 -3.891 -3.980 -4.036 -3.973 -3.805 -3.704 -3.572 -3.325 -3.016 -2.668 -2.272 -1.774 -1.213 -0.721 -0.372 -0.166 -0.071 -0.031 -0.012 -0.005 -0.002 -0.001 -0.000 -0.000 -0.000 -0.000 -0.000 0.000 0.000 0.000 0.000 0.000 0.000 0.000 0.000 0.000 0.000 0.000 0.000 0.000 0.000 0.000 0.000 0.000 0.000
-0.003 -0.004 -0.007 -0.011 -0.021 -0.042 -0.079 -0.139 -0.222 -0.323 -0.429 -0.544 -0.665 -0.799 -0.943 -1.104 -1.307 -1.537 -1.814 -2.155 -2.519 -2.869 -3.157 -3.365 -3.506 -3.614 -3.743 -3.907 -4.024 -4.026 -3.943 -3.873 -3.725 -3.460 -3.225 -2.929 -2.503 -2.015 -1.609 -1.239 -0.876 -0.544 -0.301 -0.154 -0.073 -0.034 -0.016 -0.007 -0.003 -0.001 -0.001 -0.000 -0.000 -0.000 -0.000 0.000 0.000 0.000 0.000 0.000 0.000 0.000 0.000 0.000 0.000 0.000 0.000 0.000 0.000 0.000 0.000 0.000 0.000 0.000
-0.006 -0.010 -0.017 -0.033 -0.063 -0.115 -0.192 -0.287 -0.391 -0.505 -0.622 -0.748 -0.894 -1.064 -1.263 -1.511 -1.825 -2.197 -2.585 -2.990 -3.341 -3.570 -3.683 -3.730 -3.729 -3.717 -3.748 -3.815 -3.813 -3.692 -3.429 -3.129 -2.822 -2.455 -2.100 -1.751 -1.387 -1.065 -0.813 -0.598 -0.407 -0.251 -0.141 -0.076 -0.039 -0.019 -0.009 -0.004 -0.002 -0.001 -0.001 -0.000 -0.000 -0.000 -0.000 0.000 0.000 0.000 0.000 0.000 0.000 0.000 0.000 0.000 0.000 0.000 0.000 0.000 0.000 0.000 0.000 0.000 0.000 0.000
-0.014 -0.027 -0.052 -0.095 -0.162 -0.249 -0.353 -0.464 -0.582 -0.713 -0.860 -1.019 -1.215 -1.462 -1.745 -2.097 -2.525 -2.986 -3.346 -3.589 -3.711 -3.739 -3.681 -3.610 -3.529 -3.425 -3.354 -3.269 -3.115 -2.856 -2.516 -2.136 -1.778 -1.480 -1.234 -1.022 -0.825 -0.641 -0.486 -0.354 -0.243 -0.153 -0.088 -0.047 -0.023 -0.011 -0.005 -0.003 -0.001 -0.001 -0.000 -0.000 -0.000 -0.000 -0.000 0.000 0.000 0.000 0.000 0.000 0.000 0.000 0.000 0.000 0.000 0.000 0.000 0.000 0.000 0.000 0.000 0.000 0.000 0.000
-0.042 -0.080 -0.139 -0.220 -0.321 -0.430 -0.542 -0.664 -0.804 -0.969 -1.168 -1.403 -1.674 -2.015 -2.403 -2.820 -3.239 -3.565 -3.709 -3.711 -3.629 -3.477 -3.262 -3.057 -2.877 -2.706 -2.572 -2.439 -2.245 -1.997 -1.726 -1.455 -1.207 -1.006 -0.847 -0.709 -0.576 -0.452 -0.345 -0.251 -0.169 -0.103 -0.057 -0.028 -0.013 -0.007 -0.004 -0.002 -0.001 -0.001 -0.000 -0.000 -0.000 -0.000 -0.000 0.000 0.000 0.000 0.000 0.000 0.000 0.000 0.000 0.000 0.000 0.000 0.000 0.000 0.000 0.000 0.000 0.000 0.000 0.000
-0.115 -0.189 -0.284 -0.393 -0.508 -0.633 -0.764 -0.913 -1.093 -1.309 -1.573 -1.879 -2.226 -2.614 -3.024 -3.384 -3.625 -3.685 -3.595 -3.390 -3.120 -2.822 -2.544 -2.319 -2.155 -2.029 -1.930 -1.821 -1.661 -1.454 -1.245 -1.057 -0.893 -0.757 -0.639 -0.534 -0.433 -0.338 -0.257 -0.185 -0.119 -0.067 -0.033 -0.016 -0.008 -0.004 -0.002 -0.001 -0.001 -0.000 -0.000 -0.000 -0.000 -0.000 0.000 0.000 0.000 0.000 0.000 0.000 0.000 0.000 0.000 0.000 0.000 0.000 0.000 0.000 0.000 0.000 0.000 0.000 0.000 0.000
-0.250 -0.351 -0.461 -0.583 -0.711 -0.853 -1.019 -1.209 -1.442 -1.712 -2.034 -2.378 -2.741 -3.088 -3.388 -3.568 -3.554 -3.366 -3.066 -2.712 -2.353 -2.075 -1.878 -1.763 -1.697 -1.631 -1.550 -1.437 -1.286 -1.111 -0.952 -0.816 -0.698 -0.600 -0.508 -0.421 -0.338 -0.260 -0.192 -0.133 -0.079 -0.041 -0.020 -0.010 -0.005 -0.003 -0.002 -0.001 -0.001 -0.000 -0.000 -0.000 -0.000 -0.000 0.000 0.000 0.000 0.000 0.000 0.000 0.000 0.000 0.000 0.000 0.000 0.000 0.000 0.000 0.000 0.000 0.000 0.000 0.000 0.000
-0.430 -0.542 -0.661 -0.793 -0.941 -1.110 -1.307 -1.535 -1.817 -2.122 -2.457 -2.787 -3.098 -3.335 -3.423 -3.383 -3.158 -2.770 -2.366 -2.002 -1.737 -1.582 -1.500 -1.461 -1.442 -1.394 -1.297 -1.169 -1.025 -0.881 -0.756 -0.655 -0.570 -0.490 -0.414 -0.340 -0.269 -0.202 -0.143 -0.092 -0.051 -0.025 -0.013 -0.007 -0.004 -0.002 -0.001 -0.001 -0.000 -0.000 -0.000 -0.000 -0.000 -0.000 0.000 0.000 0.000 0.000 0.000 0.000 0.000 0.000 0.000 0.000 0.000 0.000 0.000 0.000 0.000 0.000 0.000 0.000 0.000 0.000
-0.612 -0.738 -0.871 -1.022 -1.194 -1.391 -1.624 -1.886 -2.183 -2.495 -2.792 -3.054 -3.241 -3.310 -3.178 -2.918 -2.589 -2.175 -1.816 -1.570 -1.419 -1.341 -1.305 -1.293 -1.270 -1.205 -1.092 -0.957 -0.824 -0.713 -0.620 -0.539 -0.472 -0.408 -0.341 -0.275 -0.214 -0.157 -0.105 -0.063 -0.033 -0.016 -0.008 -0.004 -0.002 -0.001 -0.001 -0.000 -0.000 -0.000 -0.000 -0.000 -0.000 0.000 0.000 0.000 0.000 0.000 0.000 0.000 0.000 0.000 0.000 0.000 0.000 0.000 0.000 0.000 0.000 0.000 0.000 0.000 0.000 0.000
-0.790 -0.925 -1.077 -1.250 -1.451 -1.682 -1.942 -2.234 -2.508 -2.783 -3.009 -3.159 -3.172 -3.044 -2.765 -2.397 -2.035 -1.726 -1.503 -1.359 -1.273 -1.228 -1.204 -1.178 -1.127 -1.035 -0.912 -0.781 -0.668 -0.580 -0.513 -0.453 -0.396 -0.340 -0.281 -0.222 -0.169 -0.120 -0.077 -0.043 -0.022 -0.011 -0.006 -0.003 -0.002 -0.001 -0.001 -0.000 -0.000 -0.000 -0.000 -0.000 -0.000 0.000 0.000 0.000 0.000 0.000 0.000 0.000 0.000 0.000 0.000 0.000 0.000 0.000 0.000 0.000 0.000 0.000 0.000 0.000 0.000 0.000
-0.989 -1.131 -1.298 -1.493 -1.718 -1.973 -2.243 -2.511 -2.752 -2.955 -3.061 -3.067 -2.935 -2.671 -2.321 -1.957 -1.643 -1.427 -1.301 -1.237 -1.197 -1.165 -1.134 -1.081 -0.993 -0.877 -0.752 -0.638 -0.549 -0.481 -0.429 -0.383 -0.336 -0.285 -0.231 -0.179 -0.133 -0.091 -0.054 -0.029 -0.015 -0.008 -0.004 -0.002 -0.001 -0.001 -0.000 -0.000 -0.000 -0.000 -0.000 -0.000 0.000 0.000 0.000 0.000 0.000 0.000 0.000 0.000 0.000 0.000 0.000 0.000 0.000 0.000 0.000 0.000 0.000 0.000 0.000 0.000 0.000 0.000
-1.195 -1.351 -1.543 -1.750 -1.981 -2.231 -2.475 -2.696 -2.865 -2.978 -2.955 -2.802 -2.565 -2.244 -1.880 -1.569 -1.360 -1.240 -1.174 -1.147 -1.137 -1.107 -1.048 -0.965 -0.855 -0.730 -0.615 -0.524 -0.458 -0.407 -0.364 -0.324 -0.283 -0.238 -0.190 -0.143 -0.103 -0.067 -0.038 -0.019 -0.010 -0.005 -0.003 -0.002 -0.001 -0.001 -0.000 -0.000 -0.000 -0.000 -0.000 -0.000 0.000 0.000 0.000 0.000 0.000 0.000 0.000 0.000 0.000 0.000 0.000 0.000 0.000 0.000 0.000 0.000 0.000 0.000 0.000 0.000 0.000 0.000
-1.390 -1.561 -1.772 -1.991 -2.203 -2.433 -2.634 -2.791 -2.869 -2.859 -2.738 -2.485 -2.161 -1.804 -1.493 -1.270 -1.147 -1.097 -1.087 -1.084 -1.075 -1.031 -0.943 -0.832 -0.711 -0.594 -0.503 -0.435 -0.385 -0.346 -0.311 -0.274 -0.234 -0.194 -0.153 -0.114 -0.079 -0.049 -0.026 -0.013 -0.006 -0.003 -0.002 -0.001 -0.001 -0.000 -0.000 -0.000 -0.000 -0.000 -0.000 0.000 0.000 0.000 0.000 0.000 0.000 0.000 0.000 0.000 0.000 0.000 0.000 0.000 0.000 0.000 0.000 0.000 0.000 0.000 0.000 0.000 0.000 0.000
-1.579 -1.766 -1.973 -2.187 -2.378 -2.565 -2.735 -2.797 -2.771 -2.648 -2.439 -2.137 -1.786 -1.464 -1.235 -1.098 -1.033 -1.015 -1.020 -1.024 -1.004 -0.934 -0.821 -0.697 -0.579 -0.484 -0.417 -0.368 -0.329 -0.296 -0.265 -0.232 -0.194 -0.156 -0.121 -0.088 -0.059 -0.035 -0.017 -0.008 -0.004 -0.002 -0.001 -0.001 -0.000 -0.000 -0.000 -0.000 -0.000 -0.000 -0.000 0.000 0.000 0.000 0.000 0.000 0.000 0.000 0.000 0.000 0.000 0.000 0.000 0.000 0.000 0.000 0.000 0.000 0.000 0.000 0.000 0.000 0.000 0.000
-1.763 -1.960 -2.149 -2.338 -2.502 -2.631 -2.721 -2.717 -2.602 -2.388 -2.091 -1.766 -1.454 -1.222 -1.086 -1.009 -0.980 -0.982 -0.986 -0.967 -0.913 -0.818 -0.688 -0.571 -0.476 -0.407 -0.356 -0.317 -0.285 -0.257 -0.228 -0.196 -0.161 -0.128 -0.097 -0.069 -0.044 -0.025 -0.012 -0.006 -0.003 -0.002 -0.001 -0.001 -0.000 -0.000 -0.000 -0.000 -0.000 -0.000 -0.000 0.000 0.000 0.000 0.000 0.000 0.000 0.000 0.000 0.000 0.000 0.000 0.000 0.000 0.000 0.000 0.000 0.000 0.000 0.000 0.000 0.000 0.000 0.000
-1.942 -2.120 -2.300 -2.445 -2.560 -2.623 -2.630 -2.552 -2.376 -2.091 -1.747 -1.438 -1.210 -1.068 -0.998 -0.969 -0.960 -0.966 -0.949 -0.899 -0.807 -0.685 -0.563 -0.469 -0.401 -0.350 -0.310 -0.277 -0.249 -0.223 -0.196 -0.165 -0.134 -0.105 -0.079 -0.055 -0.033 -0.018 -0.009 -0.004 -0.002 -0.001 -0.001 -0.000 -0.000 -0.000 -0.000 -0.000 -0.000 -0.000 -0.000 0.000 0.000 0.000 0.000 0.000 0.000 0.000 0.000 0.000 0.000 0.000 0.000 0.000 0.000 0.000 0.000 0.000 0.000 0.000 0.000 0.000 0.000 0.000
-2.101 -2.250 -2.398 -2.497 -2.545 -2.533 -2.479 -2.347 -2.099 -1.768 -1.443 -1.208 -1.062 -0.988 -0.952 -0.953 -0.951 -0.933 -0.885 -0.798 -0.680 -0.558 -0.461 -0.395 -0.346 -0.306 -0.273 -0.244 -0.217 -0.193 -0.167 -0.140 -0.113 -0.088 -0.064 -0.042 -0.024 -0.013 -0.006 -0.003 -0.002 -0.001 -0.000 -0.000 -0.000 -0.000 -0.000 -0.000 -0.000 -0.000 -0.000 0.000 0.000 0.000 0.000 0.000 0.000 0.000 0.000 0.000 0.000 0.000 0.000 0.000 0.000 0.000 0.000 0.000 0.000 0.000 0.000 0.000 0.000 0.000
-2.235 -2.353 -2.437 -2.474 -2.457 -2.402 -2.287 -2.095 -1.807 -1.476 -1.216 -1.061 -0.982 -0.950 -0.939 -0.939 -0.927 -0.868 -0.781 -0.670 -0.552 -0.453 -0.385 -0.339 -0.303 -0.271 -0.242 -0.215 -0.189 -0.166 -0.142 -0.119 -0.096 -0.072 -0.049 -0.030 -0.016 -0.008 -0.004 -0.002 -0.001 -0.001 -0.000 -0.000 -0.000 -0.000 -0.000 -0.000 -0.000 -0.000 -0.000 0.000 0.000 0.000 0.000 0.000 0.000 0.000 0.000 0.000 0.000 0.000 0.000 0.000 0.000 0.000 0.000 0.000 0.000 0.000 0.000 0.000 0.000 0.000
-2.330 -2.397 -2.424 -2.397 -2.340 -2.247 -2.090 -1.827 -1.509 -1.246 -1.072 -0.978 -0.937 -0.932 -0.931 -0.916 -0.867 -0.770 -0.654 -0.543 -0.447 -0.377 -0.329 -0.296 -0.268 -0.241 -0.214 -0.188 -0.165 -0.143 -0.122 -0.101 -0.080 -0.057 -0.035 -0.020 -0.011 -0.005 -0.003 -0.001 -0.001 -0.000 -0.000 -0.000 -0.000 -0.000 -0.000 -0.000 -0.000 -0.000 -0.000 0.000 0.000 0.000 0.000 0.000 0.000 0.000 0.000 0.000 0.000 0.000 0.000 0.000 0.000 0.000 0.000 0.000 0.000 0.000 0.000 0.000 0.000 0.000
-2.372 -2.383 -2.366 -2.314 -2.223 -2.076 -1.853 -1.549 -1.259 -1.077 -0.982 -0.929 -0.909 -0.909 -0.893 -0.849 -0.771 -0.655 -0.539 -0.443 -0.372 -0.322 -0.285 -0.257 -0.235 -0.213 -0.189 -0.164 -0.142 -0.123 -0.104 -0.084 -0.063 -0.041 -0.023 -0.013 -0.007 -0.004 -0.002 -0.001 -0.001 -0.000 -0.000 -0.000 -0.000 -0.000 -0.000 -0.000 -0.000 -0.000 -0.000 0.000 0.000 0.000 0.000 0.000 0.000 0.000 0.000 0.000 0.000 0.000 0.000 0.000 0.000 0.000 0.000 0.000 0.000 0.000 0.000 0.000 0.000 0.000
