AvaFrame/avaframe/data/avaSalk/Avaflow_Input_Output/slk_results/slk_ascii/slk_basechange10016.asc
ncols 296
nrows 144
xllcenter 761600.00
yllcenter 8523000.00
cellsize 12.50
NODATA_value -9999.000
[rows 33 to 65 of 144, columns 222 to 295 of 296]
0.000 0.000 0.000 0.000 -0.000 -0.000 -0.000 -0.000 -0.000 -0.000 -0.000 -0.000 -0.000 -0.000 -0.000 -0.000 -0.000 -0.000 -0.000 -0.000 -0.000 -0.001 -0.001 -0.001 -0.002 -0.004 -0.007 -0.014 -0.026 -0.045 -0.071 -0.104 -0.146 -0.196 -0.267 -0.343 -0.426 -0.520 -0.599 -0.672 -0.727 -0.749 -0.724 -0.663 -0.572 -0.410 -0.204 -0.072 -0.021 -0.004 -0.001 -0.000 -0.000 -0.000 -0.000 0.000 0.000 0.000 0.000 0.000 0.000 0.000 0.000 0.000 0.000 0.000 0.000 0.000 0.000 0.000 0.000 0.000 0.000 0.000
0.000 0.000 0.000 -0.000 -0.000 -0.000 -0.000 -0.000 -0.000 -0.000 -0.000 -0.000 -0.000 -0.000 -0.000 -0.000 -0.000 -0.000 -0.000 -0.001 -0.001 -0.001 -0.002 -0.004 -0.007 -0.014 -0.026 -0.046 -0.074 -0.109 -0.150 -0.195 -0.249 -0.312 -0.409 -0.533 -0.669 -0.817 -0.934 -1.010 -1.048 -1.029 -0.956 -0.837 -0.679 -0.461 -0.226 -0.072 -0.020 -0.004 -0.001 -0.000 -0.000 -0.000 -0.000 0.000 0.000 0.000 0.000 0.000 0.000 0.000 0.000 0.000 0.000 0.000 0.000 0.000 0.000 0.000 0.000 0.000 0.000 0.000
0.000 -0.000 -0.000 -0.000 -0.000 -0.000 -0.000 -0.000 -0.000 -0.000 -0.000 -0.000 -0.000 -0.000 -0.000 -0.000 -0.000 -0.001 -0.001 -0.001 -0.002 -0.003 -0.006 -0.012 -0.024 -0.044 -0.073 -0.111 -0.155 -0.203 -0.254 -0.311 -0.376 -0.465 -0.610 -0.815 -1.053 -1.317 -1.523 -1.617 -1.649 -1.582 -1.405 -1.135 -0.840 -0.532 -0.241 -0.079 -0.021 -0.005 -0.001 -0.000 -0.000 -0.000 -0.000 -0.000 0.000 0.000 0.000 0.000 0.000 0.000 0.000 0.000 0.000 0.000 0.000 0.000 0.000 0.000 0.000 0.000 0.000 0.000
-0.000 -0.000 -0.000 -0.000 -0.000 -0.000 -0.000 -0.000 -0.000 -0.000 -0.000 -0.000 -0.000 -0.000 -0.000 -0.000 -0.001 -0.001 -0.002 -0.003 -0.005 -0.010 -0.020 -0.040 -0.069 -0.108 -0.154 -0.204 -0.257 -0.313 -0.373 -0.444 -0.529 -0.684 -0.942 -1.250 -1.590 -1.994 -2.338 -2.516 -2.561 -2.496 -2.242 -1.762 -1.209 -0.672 -0.274 -0.086 -0.023 -0.005 -0.001 -0.000 -0.000 -0.000 -0.000 -0.000 0.000 0.000 0.000 0.000 0.000 0.000 0.000 0.000 0.000 0.000 0.000 0.000 0.000 0.000 0.000 0.000 0.000 0.000
-0.000 -0.000 -0.000 -0.000 -0.000 -0.000 -0.000 -0.000 -0.000 -0.000 -0.000 -0.000 -0.000 -0.000 -0.001 -0.001 -0.001 -0.002 -0.004 -0.009 -0.017 -0.034 -0.062 -0.101 -0.148 -0.198 -0.252 -0.309 -0.368 -0.429 -0.495 -0.583 -0.702 -0.949 -1.369 -1.848 -2.266 -2.585 -2.806 -3.011 -3.121 -3.145 -2.922 -2.497 -1.838 -0.981 -0.346 -0.093 -0.023 -0.005 -0.001 -0.000 -0.000 -0.000 -0.000 -0.000 0.000 0.000 0.000 0.000 0.000 0.000 0.000 0.000 0.000 0.000 0.000 0.000 0.000 0.000 0.000 0.000 0.000 0.000
-0.000 -0.000 -0.000 -0.000 -0.000 -0.000 -0.000 -0.000 -0.000 -0.000 -0.000 -0.000 -0.001 -0.001 -0.001 -0.002 -0.003 -0.006 -0.013 -0.027 -0.052 -0.090 -0.137 -0.189 -0.244 -0.300 -0.358 -0.419 -0.483 -0.551 -0.622 -0.732 -0.924 -1.310 -1.849 -2.394 -2.866 -2.944 -2.698 -2.607 -2.733 -2.919 -2.741 -2.618 -2.471 -1.458 -0.463 -0.105 -0.025 -0.006 -0.001 -0.000 -0.000 -0.000 -0.000 -0.000 0.000 0.000 0.000 0.000 0.000 0.000 0.000 0.000 0.000 0.000 0.000 0.000 0.000 0.000 0.000 0.000 0.000 0.000
-0.000 -0.000 -0.000 -0.000 -0.000 -0.000 -0.000 -0.000 -0.000 -0.000 -0.001 -0.001 -0.001 -0.002 -0.003 -0.005 -0.009 -0.019 -0.040 -0.075 -0.121 -0.174 -0.231 -0.290 -0.350 -0.413 -0.476 -0.543 -0.612 -0.685 -0.771 -0.913 -1.242 -1.783 -2.283 -2.636 -3.020 -3.077 -2.752 -2.198 -1.838 -2.037 -2.135 -2.340 -2.688 -1.808 -0.524 -0.110 -0.026 -0.006 -0.002 -0.000 -0.000 -0.000 -0.000 -0.000 0.000 0.000 0.000 0.000 0.000 0.000 0.000 0.000 0.000 0.000 0.000 0.000 0.000 0.000 0.000 0.000 0.000 0.000
-0.000 -0.000 -0.000 -0.000 -0.000 -0.000 -0.000 -0.000 -0.001 -0.001 -0.001 -0.002 -0.002 -0.004 -0.007 -0.014 -0.028 -0.056 -0.100 -0.155 -0.215 -0.276 -0.338 -0.405 -0.471 -0.541 -0.610 -0.684 -0.764 -0.848 -0.957 -1.156 -1.621 -2.111 -2.314 -2.506 -2.832 -2.741 -2.631 -2.223 -1.758 -1.754 -1.667 -2.340 -2.726 -1.858 -0.523 -0.104 -0.025 -0.006 -0.002 -0.001 -0.000 -0.000 -0.000 -0.000 0.000 0.000 0.000 0.000 0.000 0.000 0.000 0.000 0.000 0.000 0.000 0.000 0.000 0.000 0.000 0.000 0.000 0.000
-0.000 -0.000 -0.000 -0.000 -0.000 -0.000 -0.000 -0.001 -0.001 -0.001 -0.002 -0.003 -0.005 -0.010 -0.020 -0.041 -0.078 -0.132 -0.196 -0.261 -0.326 -0.396 -0.465 -0.538 -0.614 -0.691 -0.769 -0.849 -0.942 -1.044 -1.201 -1.492 -1.964 -2.240 -2.173 -2.171 -2.356 -2.207 -2.306 -2.089 -1.716 -1.805 -1.739 -2.516 -2.691 -1.562 -0.440 -0.092 -0.023 -0.005 -0.002 -0.001 -0.000 -0.000 -0.000 -0.000 0.000 0.000 0.000 0.000 0.000 0.000 0.000 0.000 0.000 0.000 0.000 0.000 0.000 0.000 0.000 0.000 0.000 0.000
-0.000 -0.000 -0.000 -0.000 -0.000 -0.001 -0.001 -0.001 -0.002 -0.003 -0.005 -0.008 -0.015 -0.029 -0.060 -0.110 -0.178 -0.252 -0.327 -0.400 -0.472 -0.545 -0.625 -0.707 -0.792 -0.881 -0.971 -1.064 -1.174 -1.310 -1.536 -1.934 -2.307 -2.384 -2.211 -2.173 -2.196 -2.094 -2.389 -2.254 -1.945 -1.914 -1.868 -2.436 -2.172 -1.050 -0.297 -0.073 -0.019 -0.005 -0.002 -0.001 -0.000 -0.000 -0.000 -0.000 0.000 0.000 0.000 0.000 0.000 0.000 0.000 0.000 0.000 0.000 0.000 0.000 0.000 0.000 0.000 0.000 0.000 0.000
-0.000 -0.000 -0.000 -0.001 -0.001 -0.001 -0.002 -0.003 -0.004 -0.007 -0.013 -0.024 -0.046 -0.088 -0.153 -0.236 -0.322 -0.407 -0.490 -0.572 -0.655 -0.740 -0.835 -0.933 -1.032 -1.138 -1.246 -1.368 -1.516 -1.733 -2.025 -2.422 -2.652 -2.616 -2.458 -2.361 -2.324 -2.190 -2.295 -2.212 -2.029 -1.965 -2.038 -2.108 -1.461 -0.627 -0.177 -0.052 -0.014 -0.004 -0.002 -0.001 -0.000 -0.000 -0.000 -0.000 0.000 0.000 0.000 0.000 0.000 0.000 0.000 0.000 0.000 0.000 0.000 0.000 0.000 0.000 0.000 0.000 0.000 0.000
-0.000 -0.001 -0.001 -0.001 -0.002 -0.002 -0.004 -0.006 -0.011 -0.021 -0.040 -0.075 -0.133 -0.213 -0.308 -0.406 -0.496 -0.584 -0.673 -0.775 -0.880 -0.994 -1.125 -1.255 -1.382 -1.520 -1.677 -1.859 -2.103 -2.433 -2.777 -3.007 -3.083 -3.013 -2.971 -2.825 -2.680 -2.570 -2.610 -2.572 -2.355 -2.161 -1.995 -1.557 -0.835 -0.332 -0.108 -0.035 -0.010 -0.003 -0.001 -0.001 -0.000 -0.000 -0.000 -0.000 0.000 0.000 0.000 0.000 0.000 0.000 0.000 0.000 0.000 0.000 0.000 0.000 0.000 0.000 0.000 0.000 0.000 0.000
-0.001 -0.001 -0.002 -0.002 -0.003 -0.005 -0.009 -0.017 -0.034 -0.065 -0.117 -0.192 -0.291 -0.395 -0.497 -0.597 -0.697 -0.802 -0.912 -1.047 -1.207 -1.371 -1.559 -1.763 -1.961 -2.174 -2.432 -2.722 -3.037 -3.360 -3.660 -3.786 -3.728 -3.607 -3.592 -3.548 -3.424 -3.294 -3.192 -2.905 -2.509 -1.981 -1.468 -0.862 -0.397 -0.156 -0.060 -0.021 -0.007 -0.003 -0.001 -0.000 -0.000 -0.000 -0.000 -0.000 0.000 0.000 0.000 0.000 0.000 0.000 0.000 0.000 0.000 0.000 0.000 0.000 0.000 0.000 0.000 0.000 0.000 0.000
-0.001 -0.002 -0.003 -0.005 -0.008 -0.014 -0.026 -0.052 -0.099 -0.167 -0.257 -0.362 -0.475 -0.592 -0.701 -0.819 -0.950 -1.096 -1.268 -1.474 -1.733 -2.009 -2.282 -2.566 -2.854 -3.119 -3.406 -3.700 -3.929 -4.069 -4.154 -4.201 -4.122 -3.947 -3.855 -3.729 -3.494 -3.179 -2.811 -2.375 -1.817 -1.224 -0.723 -0.372 -0.167 -0.071 -0.031 -0.012 -0.005 -0.002 -0.001 -0.000 -0.000 -0.000 -0.000 -0.000 0.000 0.000 0.000 0.000 0.000 0.000 0.000 0.000 0.000 0.000 0.000 0.000 0.000 0.000 0.000 0.000 0.000 0.000
-0.003 -0.004 -0.007 -0.011 -0.021 -0.042 -0.079 -0.139 -0.222 -0.323 -0.429 -0.544 -0.665 -0.800 -0.943 -1.105 -1.308 -1.539 -1.819 -2.166 -2.545 -2.923 -3.247 -3.494 -3.668 -3.797 -3.938 -4.106 -4.221 -4.210 -4.109 -4.029 -3.872 -3.594 -3.350 -3.036 -2.575 -2.049 -1.625 -1.246 -0.879 -0.546 -0.302 -0.154 -0.073 -0.034 -0.016 -0.007 -0.003 -0.001 -0.001 -0.000 -0.000 -0.000 -0.000 0.000 0.000 0.000 0.000 0.000 0.000 0.000 0.000 0.000 0.000 0.000 0.000 0.000 0.000 0.000 0.000 0.000 0.000 0.000
-0.006 -0.010 -0.017 -0.033 -0.063 -0.115 -0.192 -0.287 -0.391 -0.505 -0.622 -0.748 -0.894 -1.064 -1.264 -1.513 -1.829 -2.206 -2.606 -3.044 -3.442 -3.721 -3.868 -3.936 -3.941 -3.923 -3.943 -3.999 -3.977 -3.827 -3.533 -3.212 -2.890 -2.507 -2.135 -1.767 -1.393 -1.068 -0.815 -0.599 -0.408 -0.251 -0.142 -0.076 -0.039 -0.019 -0.009 -0.004 -0.002 -0.001 -0.001 -0.000 -0.000 -0.000 -0.000 0.000 0.000 0.000 0.000 0.000 0.000 0.000 0.000 0.000 0.000 0.000 0.000 0.000 0.000 0.000 0.000 0.000 0.000 0.000
-0.015 -0.027 -0.052 -0.095 -0.162 -0.249 -0.353 -0.464 -0.582 -0.713 -0.860 -1.020 -1.216 -1.464 -1.748 -2.103 -2.539 -3.022 -3.429 -3.730 -3.893 -3.941 -3.880 -3.792 -3.690 -3.566 -3.477 -3.372 -3.192 -2.907 -2.545 -2.151 -1.787 -1.487 -1.238 -1.024 -0.826 -0.642 -0.486 -0.354 -0.244 -0.153 -0.088 -0.047 -0.023 -0.011 -0.006 -0.003 -0.001 -0.001 -0.000 -0.000 -0.000 -0.000 -0.000 0.000 0.000 0.000 0.000 0.000 0.000 0.000 0.000 0.000 0.000 0.000 0.000 0.000 0.000 0.000 0.000 0.000 0.000 0.000
-0.043 -0.080 -0.139 -0.220 -0.321 -0.430 -0.542 -0.665 -0.805 -0.969 -1.168 -1.404 -1.676 -2.019 -2.412 -2.839 -3.287 -3.671 -3.873 -3.906 -3.823 -3.653 -3.405 -3.168 -2.963 -2.772 -2.625 -2.480 -2.275 -2.016 -1.737 -1.460 -1.210 -1.007 -0.848 -0.710 -0.577 -0.453 -0.345 -0.251 -0.169 -0.103 -0.057 -0.028 -0.013 -0.007 -0.004 -0.002 -0.001 -0.001 -0.000 -0.000 -0.000 -0.000 -0.000 0.000 0.000 0.000 0.000 0.000 0.000 0.000 0.000 0.000 0.000 0.000 0.000 0.000 0.000 0.000 0.000 0.000 0.000 0.000
-0.115 -0.189 -0.284 -0.393 -0.508 -0.633 -0.764 -0.914 -1.094 -1.310 -1.574 -1.881 -2.231 -2.625 -3.048 -3.442 -3.742 -3.854 -3.785 -3.566 -3.266 -2.934 -2.624 -2.376 -2.197 -2.062 -1.956 -1.841 -1.675 -1.464 -1.251 -1.060 -0.895 -0.759 -0.640 -0.535 -0.434 -0.339 -0.258 -0.185 -0.119 -0.067 -0.033 -0.016 -0.008 -0.004 -0.002 -0.001 -0.001 -0.000 -0.000 -0.000 -0.000 -0.000 0.000 0.000 0.000 0.000 0.000 0.000 0.000 0.000 0.000 0.000 0.000 0.000 0.000 0.000 0.000 0.000 0.000 0.000 0.000 0.000
-0.250 -0.351 -0.461 -0.583 -0.712 -0.853 -1.019 -1.210 -1.443 -1.714 -2.038 -2.384 -2.754 -3.117 -3.454 -3.690 -3.722 -3.547 -3.229 -2.839 -2.443 -2.136 -1.920 -1.795 -1.724 -1.653 -1.568 -1.450 -1.295 -1.117 -0.955 -0.818 -0.699 -0.601 -0.509 -0.422 -0.338 -0.260 -0.193 -0.133 -0.079 -0.041 -0.020 -0.010 -0.005 -0.003 -0.002 -0.001 -0.001 -0.000 -0.000 -0.000 -0.000 -0.000 0.000 0.000 0.000 0.000 0.000 0.000 0.000 0.000 0.000 0.000 0.000 0.000 0.000 0.000 0.000 0.000 0.000 0.000 0.000 0.000
-0.431 -0.543 -0.662 -0.793 -0.942 -1.110 -1.308 -1.537 -1.819 -2.126 -2.464 -2.802 -3.132 -3.407 -3.547 -3.550 -3.334 -2.929 -2.489 -2.088 -1.793 -1.620 -1.529 -1.484 -1.463 -1.411 -1.309 -1.178 -1.031 -0.885 -0.758 -0.657 -0.572 -0.491 -0.415 -0.341 -0.269 -0.202 -0.143 -0.092 -0.051 -0.025 -0.013 -0.007 -0.004 -0.002 -0.001 -0.001 -0.000 -0.000 -0.000 -0.000 -0.000 -0.000 0.000 0.000 0.000 0.000 0.000 0.000 0.000 0.000 0.000 0.000 0.000 0.000 0.000 0.000 0.000 0.000 0.000 0.000 0.000 0.000
-0.612 -0.738 -0.871 -1.022 -1.194 -1.393 -1.626 -1.889 -2.188 -2.504 -2.810 -3.091 -3.317 -3.437 -3.340 -3.089 -2.747 -2.299 -1.903 -1.628 -1.458 -1.370 -1.329 -1.312 -1.286 -1.218 -1.101 -0.963 -0.828 -0.716 -0.622 -0.540 -0.473 -0.409 -0.342 -0.276 -0.214 -0.157 -0.106 -0.063 -0.033 -0.017 -0.008 -0.005 -0.002 -0.001 -0.001 -0.000 -0.000 -0.000 -0.000 -0.000 -0.000 0.000 0.000 0.000 0.000 0.000 0.000 0.000 0.000 0.000 0.000 0.000 0.000 0.000 0.000 0.000 0.000 0.000 0.000 0.000 0.000 0.000
-0.790 -0.926 -1.077 -1.251 -1.452 -1.684 -1.946 -2.240 -2.518 -2.803 -3.049 -3.237 -3.297 -3.203 -2.934 -2.554 -2.162 -1.817 -1.564 -1.400 -1.303 -1.252 -1.224 -1.194 -1.139 -1.044 -0.918 -0.785 -0.670 -0.582 -0.515 -0.454 -0.397 -0.340 -0.281 -0.223 -0.169 -0.120 -0.077 -0.043 -0.022 -0.011 -0.006 -0.003 -0.002 -0.001 -0.001 -0.000 -0.000 -0.000 -0.000 -0.000 -0.000 0.000 0.000 0.000 0.000 0.000 0.000 0.000 0.000 0.000 0.000 0.000 0.000 0.000 0.000 0.000 0.000 0.000 0.000 0.000 0.000 0.000
-0.990 -1.132 -1.299 -1.495 -1.721 -1.977 -2.249 -2.522 -2.773 -2.997 -3.139 -3.191 -3.095 -2.839 -2.481 -2.088 -1.736 -1.490 -1.345 -1.270 -1.222 -1.185 -1.150 -1.093 -1.001 -0.883 -0.756 -0.641 -0.551 -0.483 -0.430 -0.384 -0.337 -0.286 -0.231 -0.179 -0.133 -0.091 -0.055 -0.029 -0.015 -0.008 -0.004 -0.002 -0.001 -0.001 -0.000 -0.000 -0.000 -0.000 -0.000 -0.000 0.000 0.000 0.000 0.000 0.000 0.000 0.000 0.000 0.000 0.000 0.000 0.000 0.000 0.000 0.000 0.000 0.000 0.000 0.000 0.000 0.000 0.000
-1.195 -1.352 -1.544 -1.752 -1.985 -2.238 -2.488 -2.720 -2.910 -3.058 -3.078 -2.960 -2.736 -2.405 -2.011 -1.659 -1.420 -1.282 -1.207 -1.173 -1.158 -1.123 -1.061 -0.974 -0.861 -0.734 -0.617 -0.526 -0.459 -0.408 -0.365 -0.324 -0.283 -0.238 -0.190 -0.144 -0.103 -0.067 -0.038 -0.019 -0.010 -0.005 -0.003 -0.002 -0.001 -0.001 -0.000 -0.000 -0.000 -0.000 -0.000 -0.000 0.000 0.000 0.000 0.000 0.000 0.000 0.000 0.000 0.000 0.000 0.000 0.000 0.000 0.000 0.000 0.000 0.000 0.000 0.000 0.000 0.000 0.000
-1.392 -1.563 -1.775 -1.996 -2.211 -2.447 -2.659 -2.838 -2.951 -2.983 -2.896 -2.654 -2.318 -1.931 -1.582 -1.326 -1.185 -1.127 -1.113 -1.106 -1.093 -1.044 -0.952 -0.838 -0.715 -0.597 -0.505 -0.437 -0.386 -0.346 -0.311 -0.275 -0.235 -0.194 -0.153 -0.114 -0.079 -0.049 -0.026 -0.013 -0.006 -0.003 -0.002 -0.001 -0.001 -0.000 -0.000 -0.000 -0.000 -0.000 -0.000 0.000 0.000 0.000 0.000 0.000 0.000 0.000 0.000 0.000 0.000 0.000 0.000 0.000 0.000 0.000 0.000 0.000 0.000 0.000 0.000 0.000 0.000 0.000
-1.581 -1.769 -1.979 -2.195 -2.393 -2.592 -2.784 -2.880 -2.895 -2.805 -2.606 -2.293 -1.913 -1.555 -1.293 -1.136 -1.060 -1.038 -1.040 -1.042 -1.019 -0.944 -0.827 -0.701 -0.582 -0.486 -0.418 -0.369 -0.330 -0.297 -0.266 -0.232 -0.195 -0.157 -0.121 -0.089 -0.060 -0.035 -0.018 -0.008 -0.004 -0.002 -0.001 -0.001 -0.000 -0.000 -0.000 -0.000 -0.000 -0.000 -0.000 0.000 0.000 0.000 0.000 0.000 0.000 0.000 0.000 0.000 0.000 0.000 0.000 0.000 0.000 0.000 0.000 0.000 0.000 0.000 0.000 0.000 0.000 0.000
-1.767 -1.966 -2.159 -2.354 -2.530 -2.681 -2.806 -2.842 -2.758 -2.553 -2.246 -1.894 -1.547 -1.283 -1.126 -1.038 -1.003 -1.002 -1.004 -0.981 -0.925 -0.825 -0.693 -0.575 -0.478 -0.408 -0.357 -0.318 -0.286 -0.257 -0.229 -0.196 -0.161 -0.128 -0.098 -0.070 -0.044 -0.025 -0.012 -0.006 -0.003 -0.002 -0.001 -0.001 -0.000 -0.000 -0.000 -0.000 -0.000 -0.000 -0.000 0.000 0.000 0.000 0.000 0.000 0.000 0.000 0.000 0.000 0.000 0.000 0.000 0.000 0.000 0.000 0.000 0.000 0.000 0.000 0.000 0.000 0.000 0.000
-1.949 -2.130 -2.317 -2.475 -2.612 -2.709 -2.755 -2.706 -2.542 -2.247 -1.874 -1.532 -1.274 -1.110 -1.029 -0.993 -0.980 -0.984 -0.964 -0.911 -0.816 -0.691 -0.567 -0.472 -0.403 -0.351 -0.311 -0.278 -0.250 -0.223 -0.196 -0.166 -0.134 -0.105 -0.079 -0.055 -0.033 -0.018 -0.009 -0.004 -0.002 -0.001 -0.001 -0.000 -0.000 -0.000 -0.000 -0.000 -0.000 -0.000 -0.000 0.000 0.000 0.000 0.000 0.000 0.000 0.000 0.000 0.000 0.000 0.000 0.000 0.000 0.000 0.000 0.000 0.000 0.000 0.000 0.000 0.000 0.000 0.000
-2.113 -2.268 -2.429 -2.550 -2.630 -2.656 -2.629 -2.510 -2.255 -1.897 -1.538 -1.273 -1.106 -1.020 -0.977 -0.974 -0.970 -0.948 -0.896 -0.806 -0.685 -0.561 -0.463 -0.396 -0.347 -0.307 -0.274 -0.244 -0.218 -0.193 -0.167 -0.140 -0.113 -0.088 -0.064 -0.042 -0.024 -0.013 -0.006 -0.003 -0.002 -0.001 -0.000 -0.000 -0.000 -0.000 -0.000 -0.000 -0.000 -0.000 -0.000 0.000 0.000 0.000 0.000 0.000 0.000 0.000 0.000 0.000 0.000 0.000 0.000 0.000 0.000 0.000 0.000 0.000 0.000 0.000 0.000 0.000 0.000 0.000
-2.255 -2.386 -2.492 -2.559 -2.575 -2.547 -2.445 -2.251 -1.942 -1.574 -1.282 -1.107 -1.016 -0.976 -0.961 -0.958 -0.942 -0.880 -0.789 -0.676 -0.555 -0.455 -0.387 -0.341 -0.304 -0.272 -0.242 -0.215 -0.190 -0.166 -0.143 -0.119 -0.096 -0.072 -0.049 -0.030 -0.017 -0.009 -0.004 -0.002 -0.001 -0.001 -0.000 -0.000 -0.000 -0.000 -0.000 -0.000 -0.000 -0.000 -0.000 0.000 0.000 0.000 0.000 0.000 0.000 0.000 0.000 0.000 0.000 0.000 0.000 0.000 0.000 0.000 0.000 0.000 0.000 0.000 0.000 0.000 0.000 0.000
-2.365 -2.453 -2.509 -2.512 -2.480 -2.403 -2.246 -1.964 -1.613 -1.317 -1.120 -1.013 -0.965 -0.955 -0.951 -0.932 -0.879 -0.779 -0.660 -0.547 -0.450 -0.379 -0.330 -0.297 -0.269 -0.242 -0.215 -0.189 -0.165 -0.143 -0.122 -0.101 -0.080 -0.057 -0.035 -0.020 -0.011 -0.005 -0.003 -0.001 -0.001 -0.000 -0.000 -0.000 -0.000 -0.000 -0.000 -0.000 -0.000 -0.000 -0.000 0.000 0.000 0.000 0.000 0.000 0.000 0.000 0.000 0.000 0.000 0.000 0.000 0.000 0.000 0.000 0.000 0.000 0.000 0.000 0.000 0.000 0.000 0.000
-2.430 -2.470 -2.482 -2.455 -2.379 -2.232 -1.993 -1.657 -1.334 -1.127 -1.018 -0.958 -0.933 -0.928 -0.909 -0.861 -0.780 -0.661 -0.543 -0.445 -0.374 -0.323 -0.286 -0.258 -0.236 -0.213 -0.189 -0.165 -0.143 -0.123 -0.104 -0.085 -0.064 -0.042 -0.024 -0.013 -0.007 -0.004 -0.002 -0.001 -0.001 -0.000 -0.000 -0.000 -0.000 -0.000 -0.000 -0.000 -0.000 -0.000 -0.000 0.000 0.000 0.000 0.000 0.000 0.000 0.000 0.000 0.000 0.000 0.000 0.000 0.000 0.000 0.000 0.000 0.000 0.000 0.000 0.000 0.000 0.000 0.000
