AvaFrame/avaframe/data/avaSalk/Avaflow_Input_Output/slk_results/slk_ascii/slk_basechange10016.asc
ncols 296
nrows 144
xllcenter 761600.00
yllcenter 8523000.00
cellsize 12.50
NODATA_value -9999.000
[rows 66 to 98 of 144, columns 148 to 221 of 296]
0.000 0.000 0.000 0.000 0.000 0.000 0.000 0.000 0.000 0.000 0.000 0.000 0.000 0.000 0.000 0.000 0.000 0.000 0.000 0.000 0.000 0.000 0.000 0.000 0.000 -0.000 -0.000 -0.000 -0.000 -0.000 -0.000 -0.000 -0.000 -0.000 -0.000 -0.000 -0.000 -0.000 -0.000 -0.001 -0.001 -0.001 -0.002 -0.002 -0.004 -0.006 -0.009 -0.016 -0.028 -0.052 -0.090 -0.144 -0.225 -0.329 -0.438 -0.535 -0.613 -0.670 -0.711 -0.746 -0.782 -0.814 -0.858 -0.921 -1.009 -1.121 -1.281 -1.487 -1.689 -1.885 -2.068 -2.220 -2.321 -2.387
0.000 0.000 0.000 0.000 0.000 0.000 0.000 0.000 0.000 0.000 0.000 0.000 0.000 0.000 0.000 0.000 0.000 0.000 0.000 0.000 0.000 0.000 0.000 0.000 -0.000 -0.000 -0.000 -0.000 -0.000 -0.000 -0.000 -0.000 -0.000 -0.000 -0.000 -0.000 -0.000 -0.000 -0.001 -0.001 -0.001 -0.002 -0.003 -0.004 -0.007 -0.012 -0.022 -0.041 -0.072 -0.121 -0.186 -0.269 -0.363 -0.461 -0.548 -0.620 -0.678 -0.717 -0.739 -0.765 -0.801 -0.843 -0.904 -0.988 -1.102 -1.256 -1.453 -1.679 -1.902 -2.084 -2.223 -2.321 -2.384 -2.424
0.000 0.000 0.000 0.000 0.000 0.000 0.000 0.000 0.000 0.000 0.000 0.000 0.000 0.000 0.000 0.000 0.000 0.000 0.000 0.000 0.000 0.000 0.000 -0.000 -0.000 -0.000 -0.000 -0.000 -0.000 -0.000 -0.000 -0.000 -0.000 -0.000 -0.000 -0.000 -0.001 -0.001 -0.001 -0.002 -0.002 -0.003 -0.005 -0.009 -0.016 -0.029 -0.052 -0.090 -0.145 -0.216 -0.298 -0.390 -0.477 -0.553 -0.614 -0.660 -0.697 -0.726 -0.751 -0.786 -0.833 -0.895 -0.976 -1.094 -1.236 -1.426 -1.647 -1.856 -2.050 -2.223 -2.338 -2.392 -2.411 -2.428
0.000 0.000 0.000 0.000 0.000 0.000 0.000 0.000 0.000 0.000 0.000 0.000 0.000 0.000 0.000 0.000 0.000 0.000 0.000 0.000 0.000 0.000 -0.000 -0.000 -0.000 -0.000 -0.000 -0.000 -0.000 -0.000 -0.000 -0.000 -0.000 -0.000 -0.000 -0.001 -0.001 -0.001 -0.002 -0.003 -0.004 -0.006 -0.011 -0.019 -0.035 -0.061 -0.102 -0.159 -0.231 -0.311 -0.396 -0.477 -0.546 -0.599 -0.641 -0.673 -0.701 -0.730 -0.771 -0.821 -0.888 -0.972 -1.079 -1.230 -1.416 -1.620 -1.832 -2.026 -2.194 -2.316 -2.393 -2.433 -2.433 -2.394
0.000 0.000 0.000 0.000 0.000 0.000 0.000 0.000 0.000 0.000 0.000 0.000 0.000 0.000 0.000 0.000 0.000 0.000 0.000 0.000 -0.000 -0.000 -0.000 -0.000 -0.000 -0.000 -0.000 -0.000 -0.000 -0.000 -0.000 -0.000 -0.000 -0.000 -0.001 -0.001 -0.001 -0.002 -0.003 -0.005 -0.007 -0.013 -0.022 -0.041 -0.070 -0.112 -0.169 -0.240 -0.320 -0.399 -0.471 -0.533 -0.581 -0.617 -0.649 -0.680 -0.718 -0.764 -0.820 -0.887 -0.967 -1.074 -1.208 -1.385 -1.604 -1.826 -2.034 -2.197 -2.331 -2.410 -2.425 -2.433 -2.419 -2.335
0.000 0.000 0.000 0.000 0.000 0.000 0.000 0.000 0.000 0.000 0.000 0.000 0.000 -0.000 -0.000 0.000 0.000 0.000 -0.000 -0.000 -0.000 -0.000 -0.000 -0.000 -0.000 -0.000 -0.000 -0.000 -0.000 -0.000 -0.000 -0.000 -0.001 -0.001 -0.001 -0.002 -0.002 -0.003 -0.005 -0.008 -0.014 -0.025 -0.045 -0.077 -0.122 -0.180 -0.252 -0.330 -0.405 -0.471 -0.527 -0.571 -0.611 -0.645 -0.681 -0.719 -0.762 -0.816 -0.894 -0.981 -1.077 -1.197 -1.356 -1.561 -1.791 -2.041 -2.260 -2.385 -2.446 -2.478 -2.444 -2.392 -2.337 -2.218
0.000 0.000 0.000 0.000 0.000 0.000 0.000 0.000 0.000 -0.000 -0.000 -0.000 -0.000 -0.000 -0.000 -0.000 -0.000 -0.000 -0.000 -0.000 -0.000 -0.000 -0.000 -0.000 -0.000 -0.000 -0.000 -0.000 -0.000 -0.000 -0.001 -0.001 -0.001 -0.001 -0.002 -0.003 -0.004 -0.006 -0.009 -0.016 -0.028 -0.050 -0.083 -0.130 -0.190 -0.258 -0.335 -0.411 -0.477 -0.527 -0.569 -0.610 -0.647 -0.683 -0.724 -0.772 -0.822 -0.885 -0.990 -1.099 -1.209 -1.343 -1.528 -1.771 -2.028 -2.257 -2.454 -2.523 -2.501 -2.464 -2.401 -2.287 -2.170 -1.995
-0.000 0.000 0.000 0.000 -0.000 -0.000 0.000 0.000 -0.000 -0.000 -0.000 -0.000 -0.000 -0.000 -0.000 -0.000 -0.000 -0.000 -0.000 -0.000 -0.000 -0.000 -0.000 -0.000 -0.000 -0.000 -0.000 -0.000 -0.001 -0.001 -0.001 -0.001 -0.001 -0.002 -0.003 -0.004 -0.007 -0.011 -0.018 -0.031 -0.054 -0.090 -0.139 -0.199 -0.268 -0.340 -0.409 -0.472 -0.529 -0.577 -0.615 -0.656 -0.694 -0.734 -0.782 -0.839 -0.904 -0.987 -1.110 -1.237 -1.368 -1.534 -1.779 -2.078 -2.343 -2.513 -2.602 -2.586 -2.472 -2.369 -2.258 -2.119 -1.939 -1.703
-0.000 -0.000 -0.000 -0.000 -0.000 -0.000 -0.000 -0.000 -0.000 -0.000 -0.000 -0.000 -0.000 -0.000 -0.000 -0.000 -0.000 -0.000 -0.000 -0.000 -0.000 -0.000 -0.000 -0.000 -0.001 -0.001 -0.001 -0.001 -0.001 -0.001 -0.001 -0.002 -0.002 -0.003 -0.005 -0.007 -0.012 -0.020 -0.034 -0.059 -0.097 -0.147 -0.207 -0.276 -0.346 -0.415 -0.476 -0.528 -0.577 -0.625 -0.668 -0.711 -0.757 -0.802 -0.860 -0.928 -1.006 -1.110 -1.247 -1.404 -1.581 -1.832 -2.185 -2.491 -2.652 -2.660 -2.609 -2.520 -2.386 -2.246 -2.085 -1.894 -1.667 -1.417
-0.000 -0.000 -0.000 -0.000 -0.000 -0.000 -0.000 -0.000 -0.000 -0.000 -0.000 -0.000 -0.000 -0.000 -0.000 -0.000 -0.000 -0.000 -0.000 -0.000 -0.000 -0.001 -0.001 -0.002 -0.002 -0.002 -0.002 -0.002 -0.002 -0.002 -0.002 -0.003 -0.004 -0.006 -0.008 -0.013 -0.022 -0.037 -0.063 -0.102 -0.154 -0.216 -0.282 -0.351 -0.419 -0.480 -0.536 -0.586 -0.635 -0.684 -0.730 -0.778 -0.831 -0.887 -0.952 -1.028 -1.125 -1.257 -1.422 -1.648 -1.946 -2.310 -2.625 -2.765 -2.734 -2.591 -2.435 -2.299 -2.210 -2.069 -1.855 -1.637 -1.388 -1.172
-0.000 -0.000 -0.000 -0.000 -0.000 -0.000 -0.000 -0.000 -0.000 -0.000 -0.000 -0.001 -0.001 -0.001 -0.001 -0.001 -0.001 -0.001 -0.000 -0.001 -0.001 -0.002 -0.002 -0.003 -0.003 -0.004 -0.004 -0.005 -0.004 -0.004 -0.004 -0.005 -0.007 -0.010 -0.015 -0.024 -0.040 -0.067 -0.107 -0.160 -0.222 -0.289 -0.359 -0.424 -0.487 -0.545 -0.598 -0.653 -0.707 -0.760 -0.812 -0.861 -0.917 -0.976 -1.047 -1.140 -1.275 -1.456 -1.701 -2.023 -2.406 -2.734 -2.817 -2.699 -2.510 -2.299 -2.145 -2.050 -1.965 -1.828 -1.577 -1.347 -1.145 -0.986
-0.000 -0.000 -0.000 -0.000 -0.000 -0.000 -0.000 -0.000 -0.000 -0.000 -0.001 -0.003 -0.005 -0.005 -0.005 -0.003 -0.002 -0.002 -0.002 -0.003 -0.004 -0.004 -0.003 -0.003 -0.003 -0.005 -0.006 -0.009 -0.009 -0.008 -0.008 -0.009 -0.012 -0.018 -0.027 -0.044 -0.071 -0.112 -0.166 -0.228 -0.296 -0.366 -0.433 -0.496 -0.556 -0.619 -0.678 -0.739 -0.794 -0.843 -0.892 -0.949 -1.011 -1.075 -1.155 -1.286 -1.477 -1.744 -2.085 -2.416 -2.650 -2.770 -2.657 -2.392 -2.151 -1.977 -1.884 -1.843 -1.763 -1.568 -1.312 -1.104 -0.957 -0.866
-0.001 -0.001 -0.001 -0.001 -0.001 -0.001 -0.001 -0.001 -0.001 -0.002 -0.005 -0.008 -0.009 -0.010 -0.011 -0.009 -0.008 -0.008 -0.008 -0.008 -0.007 -0.005 -0.004 -0.004 -0.005 -0.006 -0.008 -0.013 -0.017 -0.017 -0.016 -0.019 -0.024 -0.034 -0.051 -0.080 -0.121 -0.174 -0.239 -0.307 -0.376 -0.443 -0.507 -0.569 -0.635 -0.706 -0.773 -0.836 -0.885 -0.921 -0.964 -1.030 -1.100 -1.185 -1.304 -1.492 -1.760 -2.086 -2.404 -2.597 -2.637 -2.563 -2.361 -2.090 -1.905 -1.804 -1.727 -1.665 -1.533 -1.308 -1.088 -0.934 -0.843 -0.794
-0.004 -0.004 -0.003 -0.003 -0.003 -0.003 -0.004 -0.004 -0.005 -0.010 -0.016 -0.015 -0.009 -0.010 -0.013 -0.014 -0.015 -0.015 -0.013 -0.009 -0.006 -0.005 -0.005 -0.006 -0.007 -0.009 -0.014 -0.020 -0.028 -0.030 -0.028 -0.031 -0.041 -0.058 -0.087 -0.129 -0.187 -0.254 -0.327 -0.398 -0.462 -0.524 -0.589 -0.658 -0.732 -0.809 -0.872 -0.914 -0.952 -0.987 -1.031 -1.105 -1.207 -1.321 -1.504 -1.777 -2.089 -2.383 -2.549 -2.573 -2.478 -2.287 -2.059 -1.878 -1.758 -1.667 -1.573 -1.463 -1.303 -1.089 -0.913 -0.809 -0.755 -0.735
-0.033 -0.028 -0.024 -0.023 -0.024 -0.024 -0.024 -0.026 -0.031 -0.039 -0.040 -0.028 -0.013 -0.011 -0.013 -0.014 -0.013 -0.012 -0.010 -0.007 -0.006 -0.006 -0.008 -0.008 -0.010 -0.016 -0.027 -0.036 -0.043 -0.044 -0.040 -0.045 -0.062 -0.092 -0.135 -0.191 -0.262 -0.340 -0.421 -0.496 -0.559 -0.624 -0.698 -0.773 -0.848 -0.910 -0.954 -0.979 -1.004 -1.044 -1.103 -1.193 -1.333 -1.527 -1.777 -2.088 -2.357 -2.513 -2.541 -2.432 -2.230 -2.023 -1.863 -1.740 -1.644 -1.543 -1.419 -1.275 -1.105 -0.931 -0.799 -0.721 -0.682 -0.675
-0.079 -0.081 -0.079 -0.077 -0.077 -0.076 -0.072 -0.065 -0.062 -0.061 -0.053 -0.038 -0.024 -0.018 -0.014 -0.010 -0.008 -0.008 -0.009 -0.009 -0.008 -0.011 -0.013 -0.013 -0.017 -0.026 -0.041 -0.054 -0.061 -0.058 -0.055 -0.066 -0.094 -0.138 -0.197 -0.266 -0.343 -0.425 -0.511 -0.603 -0.681 -0.753 -0.834 -0.898 -0.945 -0.982 -1.004 -1.025 -1.059 -1.111 -1.195 -1.328 -1.521 -1.783 -2.074 -2.321 -2.468 -2.493 -2.394 -2.210 -2.004 -1.838 -1.724 -1.627 -1.526 -1.408 -1.266 -1.113 -0.955 -0.814 -0.713 -0.649 -0.615 -0.616
-0.066 -0.074 -0.085 -0.092 -0.088 -0.084 -0.079 -0.066 -0.051 -0.039 -0.032 -0.030 -0.031 -0.026 -0.021 -0.016 -0.016 -0.017 -0.020 -0.019 -0.013 -0.015 -0.021 -0.025 -0.029 -0.036 -0.049 -0.069 -0.077 -0.074 -0.079 -0.103 -0.145 -0.203 -0.277 -0.357 -0.441 -0.529 -0.616 -0.721 -0.831 -0.904 -0.959 -0.999 -1.017 -1.027 -1.040 -1.073 -1.120 -1.206 -1.325 -1.512 -1.768 -2.035 -2.262 -2.411 -2.438 -2.369 -2.207 -2.013 -1.846 -1.713 -1.609 -1.509 -1.400 -1.263 -1.119 -0.970 -0.836 -0.721 -0.633 -0.575 -0.545 -0.557
-0.030 -0.023 -0.026 -0.045 -0.053 -0.046 -0.038 -0.033 -0.021 -0.011 -0.013 -0.021 -0.029 -0.033 -0.035 -0.035 -0.034 -0.031 -0.032 -0.032 -0.029 -0.030 -0.036 -0.044 -0.045 -0.047 -0.060 -0.084 -0.096 -0.095 -0.112 -0.156 -0.215 -0.287 -0.373 -0.463 -0.558 -0.656 -0.752 -0.856 -0.975 -1.054 -1.075 -1.082 -1.087 -1.087 -1.096 -1.138 -1.217 -1.334 -1.529 -1.768 -2.017 -2.224 -2.350 -2.367 -2.317 -2.186 -2.022 -1.858 -1.718 -1.606 -1.500 -1.385 -1.260 -1.121 -0.978 -0.845 -0.724 -0.627 -0.551 -0.499 -0.476 -0.501
-0.041 -0.024 -0.014 -0.011 -0.014 -0.015 -0.013 -0.010 -0.008 -0.007 -0.010 -0.016 -0.019 -0.034 -0.052 -0.050 -0.048 -0.043 -0.043 -0.043 -0.046 -0.049 -0.059 -0.069 -0.066 -0.066 -0.080 -0.106 -0.122 -0.134 -0.167 -0.226 -0.302 -0.387 -0.486 -0.595 -0.704 -0.806 -0.901 -0.986 -1.074 -1.136 -1.153 -1.151 -1.156 -1.175 -1.202 -1.258 -1.383 -1.535 -1.767 -2.022 -2.236 -2.308 -2.309 -2.247 -2.145 -2.015 -1.872 -1.728 -1.594 -1.482 -1.376 -1.259 -1.122 -0.984 -0.851 -0.728 -0.620 -0.532 -0.469 -0.428 -0.417 -0.456
-0.096 -0.084 -0.050 -0.033 -0.033 -0.034 -0.032 -0.029 -0.027 -0.027 -0.025 -0.023 -0.021 -0.021 -0.031 -0.039 -0.042 -0.043 -0.046 -0.052 -0.058 -0.064 -0.081 -0.101 -0.099 -0.098 -0.113 -0.138 -0.159 -0.194 -0.250 -0.323 -0.413 -0.518 -0.627 -0.752 -0.874 -0.977 -1.044 -1.089 -1.139 -1.174 -1.189 -1.209 -1.237 -1.292 -1.354 -1.450 -1.616 -1.835 -2.024 -2.170 -2.279 -2.302 -2.195 -2.086 -1.991 -1.877 -1.751 -1.607 -1.466 -1.343 -1.233 -1.118 -0.987 -0.853 -0.731 -0.619 -0.523 -0.450 -0.399 -0.374 -0.379 -0.432
-0.126 -0.153 -0.159 -0.108 -0.072 -0.072 -0.072 -0.071 -0.068 -0.066 -0.066 -0.065 -0.063 -0.060 -0.054 -0.048 -0.048 -0.057 -0.068 -0.076 -0.087 -0.089 -0.111 -0.139 -0.146 -0.145 -0.152 -0.179 -0.213 -0.270 -0.354 -0.448 -0.553 -0.678 -0.806 -0.925 -1.030 -1.110 -1.144 -1.164 -1.189 -1.200 -1.219 -1.272 -1.340 -1.442 -1.559 -1.672 -1.846 -2.058 -2.199 -2.259 -2.198 -2.154 -2.061 -1.931 -1.856 -1.766 -1.631 -1.469 -1.312 -1.185 -1.078 -0.973 -0.848 -0.723 -0.610 -0.512 -0.434 -0.381 -0.350 -0.341 -0.363 -0.429
-0.173 -0.176 -0.204 -0.261 -0.185 -0.129 -0.131 -0.130 -0.129 -0.129 -0.133 -0.131 -0.130 -0.127 -0.122 -0.118 -0.115 -0.117 -0.120 -0.134 -0.135 -0.141 -0.166 -0.187 -0.194 -0.196 -0.199 -0.240 -0.302 -0.378 -0.483 -0.604 -0.735 -0.865 -0.981 -1.066 -1.126 -1.172 -1.192 -1.210 -1.234 -1.244 -1.271 -1.350 -1.458 -1.579 -1.750 -1.885 -2.009 -2.134 -2.197 -2.235 -2.130 -1.963 -1.892 -1.815 -1.742 -1.647 -1.492 -1.302 -1.141 -1.019 -0.928 -0.838 -0.730 -0.613 -0.506 -0.421 -0.361 -0.330 -0.320 -0.328 -0.366 -0.442
-0.243 -0.246 -0.248 -0.269 -0.323 -0.257 -0.205 -0.205 -0.206 -0.217 -0.222 -0.219 -0.215 -0.208 -0.204 -0.201 -0.194 -0.190 -0.199 -0.207 -0.212 -0.219 -0.237 -0.246 -0.251 -0.257 -0.274 -0.338 -0.428 -0.533 -0.650 -0.785 -0.925 -1.048 -1.135 -1.182 -1.198 -1.215 -1.217 -1.231 -1.275 -1.316 -1.369 -1.458 -1.578 -1.691 -1.862 -2.009 -2.093 -2.132 -2.110 -2.106 -2.085 -1.871 -1.754 -1.722 -1.650 -1.500 -1.310 -1.119 -0.976 -0.877 -0.808 -0.734 -0.636 -0.525 -0.426 -0.354 -0.312 -0.295 -0.301 -0.329 -0.386 -0.468
-0.313 -0.323 -0.338 -0.331 -0.350 -0.378 -0.318 -0.301 -0.301 -0.311 -0.319 -0.318 -0.308 -0.300 -0.297 -0.287 -0.282 -0.284 -0.293 -0.308 -0.309 -0.301 -0.303 -0.310 -0.325 -0.351 -0.395 -0.476 -0.583 -0.712 -0.853 -0.987 -1.094 -1.183 -1.248 -1.267 -1.258 -1.259 -1.268 -1.287 -1.331 -1.378 -1.455 -1.553 -1.660 -1.760 -1.884 -1.991 -2.040 -2.039 -1.979 -1.910 -1.908 -1.855 -1.693 -1.615 -1.519 -1.306 -1.088 -0.928 -0.827 -0.768 -0.722 -0.659 -0.564 -0.453 -0.363 -0.308 -0.280 -0.274 -0.290 -0.335 -0.409 -0.496
-0.365 -0.380 -0.397 -0.407 -0.420 -0.432 -0.441 -0.405 -0.408 -0.417 -0.421 -0.413 -0.407 -0.395 -0.379 -0.378 -0.383 -0.391 -0.401 -0.412 -0.398 -0.375 -0.370 -0.391 -0.432 -0.483 -0.562 -0.669 -0.789 -0.914 -1.048 -1.159 -1.240 -1.281 -1.305 -1.320 -1.286 -1.280 -1.318 -1.363 -1.400 -1.434 -1.502 -1.621 -1.729 -1.798 -1.852 -1.883 -1.891 -1.871 -1.804 -1.717 -1.686 -1.708 -1.659 -1.488 -1.311 -1.088 -0.884 -0.770 -0.712 -0.686 -0.660 -0.606 -0.510 -0.399 -0.318 -0.275 -0.259 -0.263 -0.287 -0.345 -0.429 -0.519
-0.410 -0.432 -0.458 -0.483 -0.507 -0.534 -0.529 -0.510 -0.506 -0.506 -0.500 -0.494 -0.488 -0.471 -0.468 -0.492 -0.516 -0.514 -0.505 -0.491 -0.477 -0.456 -0.474 -0.525 -0.587 -0.661 -0.762 -0.887 -1.019 -1.144 -1.241 -1.287 -1.343 -1.336 -1.319 -1.320 -1.287 -1.293 -1.333 -1.374 -1.435 -1.505 -1.553 -1.662 -1.756 -1.821 -1.816 -1.769 -1.715 -1.688 -1.624 -1.542 -1.524 -1.541 -1.518 -1.343 -1.072 -0.869 -0.731 -0.662 -0.635 -0.629 -0.614 -0.565 -0.471 -0.362 -0.289 -0.254 -0.247 -0.263 -0.298 -0.355 -0.435 -0.525
-0.458 -0.486 -0.513 -0.533 -0.574 -0.629 -0.602 -0.588 -0.592 -0.602 -0.595 -0.578 -0.568 -0.581 -0.610 -0.649 -0.666 -0.642 -0.618 -0.596 -0.580 -0.587 -0.638 -0.717 -0.810 -0.909 -1.024 -1.123 -1.225 -1.330 -1.399 -1.412 -1.421 -1.377 -1.329 -1.312 -1.286 -1.304 -1.334 -1.351 -1.419 -1.530 -1.598 -1.659 -1.702 -1.733 -1.735 -1.646 -1.543 -1.478 -1.464 -1.407 -1.389 -1.396 -1.323 -1.136 -0.880 -0.707 -0.620 -0.585 -0.581 -0.590 -0.580 -0.533 -0.442 -0.337 -0.272 -0.244 -0.244 -0.271 -0.317 -0.368 -0.425 -0.506
-0.471 -0.504 -0.532 -0.569 -0.666 -0.664 -0.655 -0.661 -0.657 -0.682 -0.690 -0.693 -0.709 -0.743 -0.782 -0.797 -0.780 -0.758 -0.748 -0.753 -0.781 -0.826 -0.903 -1.008 -1.115 -1.231 -1.333 -1.404 -1.448 -1.499 -1.533 -1.512 -1.507 -1.457 -1.395 -1.372 -1.307 -1.305 -1.340 -1.340 -1.385 -1.469 -1.526 -1.563 -1.592 -1.583 -1.563 -1.491 -1.408 -1.304 -1.254 -1.251 -1.247 -1.218 -1.123 -0.949 -0.745 -0.605 -0.548 -0.531 -0.538 -0.554 -0.550 -0.507 -0.424 -0.327 -0.265 -0.247 -0.253 -0.285 -0.339 -0.387 -0.420 -0.473
-0.470 -0.510 -0.568 -0.643 -0.696 -0.709 -0.721 -0.724 -0.753 -0.783 -0.818 -0.828 -0.858 -0.872 -0.885 -0.900 -0.906 -0.889 -0.918 -0.968 -1.077 -1.148 -1.253 -1.344 -1.416 -1.517 -1.577 -1.641 -1.682 -1.701 -1.659 -1.619 -1.618 -1.553 -1.500 -1.475 -1.382 -1.367 -1.395 -1.389 -1.406 -1.463 -1.461 -1.431 -1.429 -1.405 -1.384 -1.310 -1.255 -1.203 -1.091 -1.055 -1.071 -1.039 -0.949 -0.818 -0.668 -0.553 -0.505 -0.498 -0.506 -0.520 -0.519 -0.482 -0.414 -0.335 -0.279 -0.267 -0.281 -0.312 -0.357 -0.399 -0.422 -0.442
-0.477 -0.531 -0.599 -0.660 -0.693 -0.701 -0.729 -0.770 -0.813 -0.840 -0.891 -0.894 -0.934 -0.945 -0.962 -0.989 -1.035 -1.089 -1.156 -1.228 -1.337 -1.424 -1.541 -1.586 -1.655 -1.710 -1.710 -1.744 -1.771 -1.800 -1.753 -1.705 -1.673 -1.628 -1.631 -1.622 -1.547 -1.533 -1.546 -1.502 -1.494 -1.524 -1.528 -1.411 -1.326 -1.254 -1.214 -1.157 -1.078 -1.030 -0.978 -0.913 -0.913 -0.895 -0.829 -0.736 -0.634 -0.545 -0.497 -0.487 -0.493 -0.501 -0.498 -0.469 -0.421 -0.372 -0.338 -0.334 -0.355 -0.383 -0.398 -0.409 -0.420 -0.427
-0.479 -0.525 -0.568 -0.616 -0.645 -0.654 -0.707 -0.781 -0.810 -0.861 -0.911 -0.925 -0.988 -1.016 -1.055 -1.101 -1.179 -1.271 -1.347 -1.446 -1.514 -1.596 -1.682 -1.696 -1.771 -1.790 -1.766 -1.771 -1.750 -1.748 -1.725 -1.673 -1.610 -1.591 -1.622 -1.654 -1.615 -1.606 -1.589 -1.536 -1.509 -1.522 -1.554 -1.511 -1.380 -1.235 -1.093 -1.011 -0.932 -0.851 -0.819 -0.806 -0.803 -0.800 -0.764 -0.703 -0.644 -0.599 -0.567 -0.549 -0.546 -0.546 -0.537 -0.515 -0.488 -0.465 -0.446 -0.439 -0.456 -0.498 -0.521 -0.486 -0.436 -0.423
-0.403 -0.434 -0.474 -0.515 -0.558 -0.607 -0.686 -0.758 -0.787 -0.861 -0.910 -0.935 -1.017 -1.048 -1.079 -1.128 -1.204 -1.314 -1.401 -1.506 -1.548 -1.621 -1.672 -1.674 -1.731 -1.761 -1.743 -1.741 -1.701 -1.640 -1.605 -1.567 -1.534 -1.493 -1.479 -1.498 -1.492 -1.469 -1.411 -1.354 -1.353 -1.360 -1.378 -1.389 -1.353 -1.280 -1.103 -0.916 -0.795 -0.715 -0.680 -0.695 -0.712 -0.728 -0.736 -0.724 -0.707 -0.698 -0.677 -0.641 -0.617 -0.612 -0.607 -0.589 -0.564 -0.531 -0.492 -0.469 -0.476 -0.513 -0.587 -0.618 -0.555 -0.465
-0.293 -0.325 -0.364 -0.423 -0.499 -0.557 -0.639 -0.708 -0.753 -0.829 -0.882 -0.912 -0.984 -1.015 -1.051 -1.076 -1.153 -1.270 -1.382 -1.482 -1.522 -1.578 -1.613 -1.594 -1.622 -1.617 -1.581 -1.575 -1.523 -1.455 -1.424 -1.412 -1.385 -1.330 -1.330 -1.310 -1.292 -1.243 -1.184 -1.154 -1.137 -1.105 -1.049 -1.024 -1.026 -1.028 -1.015 -0.861 -0.681 -0.585 -0.570 -0.587 -0.611 -0.651 -0.705 -0.736 -0.741 -0.728 -0.689 -0.635 -0.595 -0.580 -0.581 -0.575 -0.555 -0.517 -0.477 -0.460 -0.463 -0.475 -0.527 -0.610 -0.615 -0.526
