AvaFrame/avaframe/data/avaSalk/Avaflow_Input_Output/slk_results/slk_ascii/slk_vfront.asc
ncols 296
nrows 144
xllcenter 761600.00
yllcenter 8523000.00
cellsize 12.50
NODATA_value -9999.000
[rows 84 to 111 of 144, columns 189 to 251 of 296]
15.183 14.910 13.831 12.249 10.392 8.487 6.760 5.153 3.767 8.992 6.185 4.134 2.712 5.117 3.219 5.287 3.244 4.788 2.885 4.023 2.438 3.376 4.612 2.808 3.692 4.651 2.753 3.313 3.921 2.329 2.782 3.204 3.414 3.461 3.402 3.140 2.610 2.962 2.189 2.215 2.833 2.577 2.945 2.566 2.830 3.115 2.738 3.020 3.277 2.877 3.000 3.025 3.405 3.118 3.091 3.551 3.689 3.833 4.342 4.804 5.224 -9999.000 -9999.000
10.994 10.037 8.751 7.370 5.946 4.608 11.739 8.661 6.082 4.090 2.700 5.335 3.355 5.747 3.512 5.366 3.225 4.570 2.733 3.769 2.267 3.125 4.226 2.514 3.231 3.983 2.330 2.762 3.220 3.731 4.159 2.459 2.541 2.544 2.457 2.182 2.585 2.753 2.726 2.568 2.344 2.718 2.367 2.615 2.850 3.077 2.655 2.833 2.975 3.068 3.088 3.016 3.261 3.296 3.487 3.408 3.898 4.386 4.902 -9999.000 -9999.000 -9999.000 -9999.000
7.007 6.025 4.999 13.210 10.485 8.053 5.878 4.049 8.823 5.678 3.553 6.366 3.862 2.329 3.647 5.307 3.133 4.363 2.578 3.558 4.897 2.898 3.859 2.244 2.817 3.390 3.951 2.282 2.619 2.949 3.169 3.254 3.256 3.166 2.873 2.288 2.494 2.510 2.379 2.171 2.549 2.883 2.470 2.684 2.853 2.981 3.073 3.132 3.163 3.156 3.084 3.372 3.052 3.355 3.388 3.725 4.117 4.712 -9999.000 -9999.000 -9999.000 -9999.000 -9999.000
13.168 10.912 8.826 6.981 5.315 3.845 8.694 5.940 3.837 7.273 4.386 2.600 4.225 2.477 3.685 2.147 3.040 4.235 2.465 3.411 4.660 2.694 3.512 4.366 2.450 2.875 3.276 3.646 3.943 2.284 2.381 2.403 2.382 2.267 3.111 2.278 2.359 2.266 2.069 2.455 2.798 2.387 2.604 2.747 2.817 2.836 2.828 2.807 3.266 3.159 3.460 3.166 3.157 3.303 3.489 3.671 3.945 5.012 -9999.000 -9999.000 -9999.000 -9999.000 -9999.000
7.252 5.756 4.443 10.373 7.825 5.653 3.876 7.706 4.933 3.003 5.091 2.935 4.477 2.566 3.697 5.198 2.988 4.187 2.399 3.309 4.455 2.506 3.190 3.876 2.133 2.441 2.692 2.896 3.040 3.107 3.119 3.085 2.950 2.646 2.083 2.246 2.215 2.040 2.446 2.779 2.353 2.577 2.725 2.772 2.738 2.663 3.091 2.962 3.311 3.103 3.276 3.304 3.525 3.485 3.611 3.498 3.725 4.932 -9999.000 -9999.000 -9999.000 -9999.000 -9999.000
11.223 8.776 6.707 4.924 3.540 7.364 5.001 3.251 5.779 3.495 5.538 3.179 4.635 2.620 3.720 2.110 2.980 4.181 2.358 3.217 4.247 2.334 2.899 3.419 3.809 2.035 2.179 2.274 2.323 2.335 2.320 2.251 2.105 2.910 2.124 2.196 2.077 2.545 2.136 2.375 2.591 2.750 2.804 2.747 2.621 2.983 2.793 3.091 3.329 3.019 3.489 3.373 3.449 3.554 3.298 3.419 3.663 -9999.000 -9999.000 -9999.000 -9999.000 -9999.000 -9999.000
5.548 4.169 9.016 6.607 4.616 3.166 5.925 3.810 2.343 3.804 2.213 3.303 4.697 2.655 3.746 2.122 2.992 4.156 2.319 3.105 4.004 2.181 2.634 2.966 3.178 3.283 3.322 3.324 3.280 3.185 3.050 2.842 2.500 1.947 2.154 2.140 1.948 2.291 2.502 2.664 2.806 2.255 2.820 2.675 3.006 2.752 3.010 2.742 2.886 3.357 3.263 3.419 3.359 3.449 3.315 3.479 3.734 -9999.000 -9999.000 -9999.000 -9999.000 -9999.000 -9999.000
7.554 5.640 4.085 2.893 5.662 3.768 6.606 4.199 2.565 3.966 2.299 3.330 4.689 2.668 3.751 2.130 2.982 4.077 2.257 2.952 3.735 2.017 2.346 2.538 2.626 2.650 2.645 2.602 2.520 2.406 2.256 2.048 2.791 2.054 2.175 2.076 1.819 2.065 2.185 2.266 2.325 2.326 2.778 2.567 2.818 3.045 2.736 2.878 2.734 2.969 2.955 3.085 3.222 3.466 3.461 3.632 4.015 -9999.000 -9999.000 -9999.000 -9999.000 -9999.000 -9999.000
3.416 6.986 5.024 3.533 6.478 4.270 2.715 4.435 2.696 4.036 2.330 3.323 4.665 2.661 3.733 2.118 2.929 3.937 2.166 2.770 3.420 3.892 2.013 2.105 2.129 2.121 2.076 2.000 3.476 3.231 2.907 2.461 1.896 2.150 2.181 2.002 2.374 1.863 2.524 2.494 2.442 2.348 2.694 2.950 2.638 2.820 2.962 3.025 2.667 2.506 2.760 3.089 3.147 3.568 3.813 4.098 -9999.000 -9999.000 -9999.000 -9999.000 -9999.000 -9999.000 -9999.000
4.204 3.043 5.772 4.008 2.702 4.583 2.898 4.523 2.744 4.029 2.339 3.315 4.648 2.643 3.692 2.084 2.841 3.755 2.052 2.590 3.045 3.301 3.398 3.410 3.353 3.171 2.969 2.798 2.625 2.419 2.121 2.818 2.072 2.245 2.186 1.880 2.057 2.247 2.226 2.718 2.533 2.873 2.579 2.773 2.959 2.612 2.705 2.711 2.799 2.863 3.045 3.061 3.287 3.791 4.272 4.652 -9999.000 -9999.000 -9999.000 -9999.000 -9999.000 -9999.000 -9999.000
4.858 3.493 6.280 4.313 2.879 4.665 2.969 4.487 2.725 3.947 2.323 3.295 4.626 2.620 3.631 4.914 2.728 3.548 4.487 2.387 2.660 2.779 2.804 2.781 2.663 2.452 2.275 2.116 3.478 3.092 2.553 1.949 2.245 2.334 1.829 1.437 1.552 1.596 1.663 2.215 2.642 2.833 2.974 2.603 2.755 2.878 2.910 2.818 2.919 3.023 3.141 3.236 3.602 4.223 4.935 -9999.000 -9999.000 -9999.000 -9999.000 -9999.000 -9999.000 -9999.000 -9999.000
5.429 3.827 6.571 4.457 2.940 4.599 2.929 4.350 2.663 3.829 2.283 3.249 4.562 2.593 3.558 4.755 2.605 3.345 4.119 2.129 2.274 2.315 2.308 2.233 2.057 1.875 3.175 2.891 2.579 2.213 2.922 2.171 2.391 2.401 1.831 1.323 1.540 1.542 1.342 1.576 1.891 2.289 2.915 2.966 2.574 2.507 2.402 2.633 2.555 2.789 3.074 3.390 3.761 5.273 -9999.000 -9999.000 -9999.000 -9999.000 -9999.000 -9999.000 -9999.000 -9999.000 -9999.000
5.865 4.074 2.762 4.489 2.919 4.449 2.829 4.157 2.569 3.694 5.265 3.164 4.435 2.544 3.458 4.573 2.480 3.145 3.669 3.902 1.914 1.920 1.885 1.770 2.967 2.660 2.405 2.154 3.211 2.606 2.014 2.334 2.473 2.407 2.174 1.379 1.718 2.026 1.848 1.716 1.563 1.937 2.168 2.961 2.931 2.525 2.257 2.166 2.440 2.774 3.029 3.502 4.603 -9999.000 -9999.000 -9999.000 -9999.000 -9999.000 -9999.000 -9999.000 -9999.000 -9999.000 -9999.000
6.098 4.190 2.813 4.435 2.860 4.265 2.695 3.933 2.453 3.537 5.042 3.042 4.253 2.462 3.321 4.356 2.361 2.888 3.182 3.282 3.286 3.209 2.988 2.616 2.274 2.011 3.194 2.748 2.275 2.925 2.182 2.412 2.465 2.344 2.087 1.687 1.419 1.976 1.823 2.068 2.148 2.128 2.114 2.106 2.678 2.405 2.076 2.220 2.445 2.743 3.029 3.597 -9999.000 -9999.000 -9999.000 -9999.000 -9999.000 -9999.000 -9999.000 -9999.000 -9999.000 -9999.000 -9999.000
6.124 4.165 2.771 4.280 2.756 4.048 2.550 3.706 5.363 3.358 4.799 2.903 4.052 2.352 3.153 4.104 2.231 2.578 2.730 2.763 2.742 2.622 2.351 2.001 3.151 2.726 2.340 1.961 2.631 2.005 2.291 2.418 2.386 2.219 1.956 2.291 1.455 1.641 2.387 2.048 2.160 2.676 2.380 1.949 2.043 2.425 2.517 2.189 2.296 2.502 3.090 4.120 -9999.000 -9999.000 -9999.000 -9999.000 -9999.000 -9999.000 -9999.000 -9999.000 -9999.000 -9999.000 -9999.000
5.995 4.028 2.658 4.031 2.599 3.805 2.395 3.487 5.086 3.184 4.567 2.761 3.845 2.227 2.968 3.828 2.040 2.247 2.314 2.316 2.259 2.088 1.792 2.781 2.367 2.015 2.928 2.347 1.817 2.159 2.350 2.376 2.267 2.064 2.509 2.076 2.092 1.650 2.249 1.993 2.150 2.128 2.494 2.685 2.087 2.083 2.422 2.399 2.316 2.674 3.169 -9999.000 -9999.000 -9999.000 -9999.000 -9999.000 -9999.000 -9999.000 -9999.000 -9999.000 -9999.000 -9999.000 -9999.000
5.780 3.840 2.503 3.749 2.417 3.525 5.089 3.270 4.809 3.020 4.339 2.619 3.629 4.869 2.777 3.459 3.816 1.905 1.925 1.907 1.815 2.950 2.476 2.082 3.036 2.591 2.098 2.740 2.033 2.294 2.382 2.310 2.135 1.901 2.262 2.533 2.010 1.569 1.751 2.488 2.091 2.130 2.562 2.847 2.776 2.120 2.230 2.752 2.877 2.922 3.394 -9999.000 -9999.000 -9999.000 -9999.000 -9999.000 -9999.000 -9999.000 -9999.000 -9999.000 -9999.000 -9999.000 -9999.000
5.377 3.606 5.319 3.463 4.987 3.214 4.654 3.045 4.482 2.850 4.083 2.468 3.387 4.497 2.564 3.000 3.179 3.211 3.170 2.995 2.647 2.215 1.829 2.368 2.097 1.853 2.271 1.910 2.159 2.322 2.406 2.242 2.006 2.429 2.022 2.234 2.377 1.875 1.833 2.287 1.987 2.091 2.611 2.372 2.584 2.290 2.202 2.769 3.422 3.360 3.544 -9999.000 -9999.000 -9999.000 -9999.000 -9999.000 -9999.000 -9999.000 -9999.000 -9999.000 -9999.000 -9999.000 -9999.000
4.711 3.271 4.724 3.142 4.435 2.885 4.180 2.786 4.083 2.638 3.746 2.289 3.093 4.035 2.278 2.524 2.603 2.605 2.536 2.334 1.793 2.188 1.810 1.533 2.105 1.763 1.447 1.704 1.895 2.034 2.240 2.191 1.891 2.211 2.447 2.624 2.070 1.736 1.553 2.066 2.423 2.011 2.035 2.471 2.203 2.364 2.180 2.461 3.751 4.112 3.876 -9999.000 -9999.000 -9999.000 -9999.000 -9999.000 -9999.000 -9999.000 -9999.000 -9999.000 -9999.000 -9999.000 -9999.000
3.881 2.803 3.965 2.703 3.753 2.537 3.634 5.219 3.610 5.112 3.325 4.466 2.739 3.481 3.901 2.073 2.102 2.085 1.894 2.335 1.869 1.540 2.227 1.816 1.454 1.937 1.478 1.754 1.211 1.272 1.466 2.163 1.793 2.018 2.165 2.274 2.350 1.903 1.766 2.364 2.215 2.487 2.001 2.550 2.358 2.649 2.329 2.318 3.575 4.863 -9999.000 -9999.000 -9999.000 -9999.000 -9999.000 -9999.000 -9999.000 -9999.000 -9999.000 -9999.000 -9999.000 -9999.000 -9999.000
3.039 4.201 3.115 4.174 3.025 4.128 3.013 4.285 3.068 4.291 2.849 3.761 2.352 2.847 2.676 2.534 2.395 2.216 1.959 1.707 1.548 2.322 1.963 1.573 1.991 1.495 1.849 1.320 1.456 1.395 1.243 2.118 1.717 1.853 2.545 2.572 2.465 2.041 1.510 1.977 1.999 2.328 1.938 1.991 2.519 2.313 2.427 1.866 3.185 6.094 5.508 4.159 -9999.000 -9999.000 -9999.000 -9999.000 -9999.000 -9999.000 -9999.000 -9999.000 -9999.000 -9999.000 -9999.000
3.895 5.098 4.011 3.075 3.987 3.105 4.237 3.341 4.511 3.442 4.256 3.029 3.053 1.780 1.738 1.709 1.714 1.736 1.770 2.767 2.495 2.027 2.799 2.255 2.763 2.106 2.476 1.843 2.053 1.863 1.360 1.668 1.674 2.331 2.255 2.210 2.148 1.758 1.703 2.146 2.350 2.147 2.438 1.987 2.028 1.960 2.343 1.830 2.809 4.863 3.618 3.873 4.982 -9999.000 -9999.000 -9999.000 -9999.000 -9999.000 -9999.000 -9999.000 -9999.000 -9999.000 -9999.000
4.290 3.485 4.225 3.413 4.169 3.548 4.292 3.475 2.846 3.517 2.624 3.106 2.049 2.312 2.573 2.809 2.949 2.960 2.676 2.211 3.125 2.527 2.025 2.732 2.130 2.694 1.959 2.223 2.331 2.242 1.956 1.189 1.613 2.207 2.030 2.466 2.201 1.881 1.893 2.342 2.075 2.585 2.317 1.967 2.116 2.156 2.072 1.746 2.299 4.224 2.200 2.202 2.915 4.012 -9999.000 -9999.000 -9999.000 -9999.000 -9999.000 -9999.000 -9999.000 -9999.000 -9999.000
3.685 3.951 3.550 3.940 4.361 3.869 3.333 3.032 2.780 2.365 3.209 2.520 3.124 2.364 2.461 2.471 2.431 2.276 1.955 2.781 2.255 1.808 2.456 1.934 2.518 1.888 2.254 2.516 1.621 1.566 2.131 1.664 1.253 1.991 2.494 2.185 2.284 2.031 1.599 1.999 2.408 2.350 2.187 1.931 2.185 1.732 2.352 1.611 2.077 3.237 1.088 1.174 1.923 2.669 2.582 -9999.000 -9999.000 -9999.000 -9999.000 -9999.000 -9999.000 -9999.000 -9999.000
3.252 3.318 3.353 3.392 2.138 0.450 1.009 3.088 4.462 4.746 4.386 3.732 4.450 3.009 3.120 3.136 3.086 2.887 2.471 2.004 2.776 2.210 2.952 2.304 2.956 2.195 2.578 1.750 1.815 1.732 1.506 1.795 1.846 1.178 1.633 2.190 1.948 1.740 1.764 2.135 2.102 2.118 2.042 1.873 2.224 1.835 1.752 1.684 1.675 1.577 0.131 0.349 0.978 1.885 1.787 0.981 -9999.000 -9999.000 -9999.000 -9999.000 -9999.000 -9999.000 -9999.000
-9999.000 -9999.000 -9999.000 -9999.000 -9999.000 0.002 0.296 2.021 4.022 4.973 4.348 3.826 4.702 3.432 3.604 3.644 3.617 3.445 3.031 2.463 1.973 2.660 2.091 2.729 2.075 2.537 1.795 1.971 2.015 1.902 1.641 1.943 1.997 1.802 1.452 1.526 2.072 1.903 1.965 1.728 2.302 2.564 1.889 1.796 2.216 1.795 1.526 1.699 0.982 0.283 0.092 0.000 0.592 1.372 1.069 0.169 -9999.000 -9999.000 -9999.000 -9999.000 -9999.000 -9999.000 -9999.000
-9999.000 -9999.000 -9999.000 -9999.000 -9999.000 -9999.000 -9999.000 -9999.000 -9999.000 4.922 4.163 4.319 4.317 3.511 3.785 3.888 3.891 3.796 3.490 2.919 2.344 3.117 2.471 1.917 2.413 1.766 2.035 2.201 2.225 2.081 1.782 2.105 1.482 1.982 2.233 1.739 1.585 1.741 1.722 1.926 1.782 2.189 2.359 2.314 1.909 1.393 1.285 1.018 0.160 0.187 0.096 0.272 0.715 0.839 0.365 0.000 -9999.000 -9999.000 -9999.000 -9999.000 -9999.000 -9999.000 -9999.000
-9999.000 -9999.000 -9999.000 -9999.000 -9999.000 -9999.000 -9999.000 -9999.000 -9999.000 -9999.000 -9999.000 4.552 4.013 4.066 3.601 3.818 3.879 3.856 3.690 3.278 2.679 2.158 2.809 2.203 2.728 2.006 2.274 2.435 2.441 2.269 1.940 1.519 1.621 1.537 1.844 1.940 2.157 1.867 2.148 1.711 1.907 2.116 1.751 1.705 1.423 1.437 1.021 0.129 0.139 0.000 0.255 0.653 0.634 0.205 0.268 0.000 -9999.000 -9999.000 -9999.000 -9999.000 -9999.000 -9999.000 -9999.000
