AvaFrame/avaframe/data/avaSalk/Avaflow_Input_Output/slk_results/slk_ascii/slk_basechange1_fin.asc
ncols 296
nrows 144
xllcenter 761600.00
yllcenter 8523000.00
cellsize 12.50
NODATA_value -9999.000
[rows 33 to 65 of 144, columns 222 to 295 of 296]
0.000 0.000 0.000 0.000 -0.000 -0.000 -0.000 -0.000 -0.000 -0.000 -0.000 -0.000 -0.000 -0.000 -0.000 -0.000 -0.000 -0.000 -0.000 -0.000 -0.000 -0.001 -0.001 -0.001 -0.002 -0.004 -0.007 -0.014 -0.026 -0.045 -0.071 -0.104 -0.146 -0.196 -0.267 -0.343 -0.426 -0.520 -0.599 -0.672 -0.727 -0.749 -0.724 -0.663 -0.572 -0.410 -0.204 -0.072 -0.021 -0.004 -0.001 -0.000 -0.000 -0.000 -0.000 0.000 0.000 0.000 0.000 0.000 0.000 0.000 0.000 0.000 0.000 0.000 0.000 0.000 0.000 0.000 0.000 0.000 0.000 0.000
0.000 0.000 0.000 -0.000 -0.000 -0.000 -0.000 -0.000 -0.000 -0.000 -0.000 -0.000 -0.000 -0.000 -0.000 -0.000 -0.000 -0.000 -0.000 -0.001 -0.001 -0.001 -0.002 -0.004 -0.007 -0.014 -0.026 -0.046 -0.074 -0.109 -0.150 -0.195 -0.249 -0.312 -0.409 -0.533 -0.669 -0.817 -0.935 -1.010 -1.049 -1.029 -0.956 -0.837 -0.679 -0.461 -0.226 -0.072 -0.020 -0.004 -0.001 -0.000 -0.000 -0.000 -0.000 0.000 0.000 0.000 0.000 0.000 0.000 0.000 0.000 0.000 0.000 0.000 0.000 0.000 0.000 0.000 0.000 0.000 0.000 0.000
0.000 -0.000 -0.000 -0.000 -0.000 -0.000 -0.000 -0.000 -0.000 -0.000 -0.000 -0.000 -0.000 -0.000 -0.000 -0.000 -0.000 -0.001 -0.001 -0.001 -0.002 -0.003 -0.006 -0.012 -0.024 -0.044 -0.073 -0.111 -0.155 -0.203 -0.254 -0.311 -0.376 -0.465 -0.610 -0.815 -1.053 -1.318 -1.526 -1.621 -1.652 -1.583 -1.405 -1.135 -0.840 -0.532 -0.241 -0.079 -0.021 -0.005 -0.001 -0.000 -0.000 -0.000 -0.000 -0.000 0.000 0.000 0.000 0.000 0.000 0.000 0.000 0.000 0.000 0.000 0.000 0.000 0.000 0.000 0.000 0.000 0.000 0.000
-0.000 -0.000 -0.000 -0.000 -0.000 -0.000 -0.000 -0.000 -0.000 -0.000 -0.000 -0.000 -0.000 -0.000 -0.000 -0.000 -0.001 -0.001 -0.002 -0.003 -0.005 -0.010 -0.020 -0.040 -0.069 -0.108 -0.154 -0.204 -0.257 -0.313 -0.373 -0.444 -0.529 -0.684 -0.942 -1.251 -1.590 -2.006 -2.395 -2.587 -2.624 -2.536 -2.250 -1.762 -1.209 -0.672 -0.274 -0.086 -0.023 -0.005 -0.001 -0.000 -0.000 -0.000 -0.000 -0.000 0.000 0.000 0.000 0.000 0.000 0.000 0.000 0.000 0.000 0.000 0.000 0.000 0.000 0.000 0.000 0.000 0.000 0.000
-0.000 -0.000 -0.000 -0.000 -0.000 -0.000 -0.000 -0.000 -0.000 -0.000 -0.000 -0.000 -0.000 -0.000 -0.001 -0.001 -0.001 -0.002 -0.004 -0.009 -0.017 -0.034 -0.062 -0.101 -0.148 -0.198 -0.252 -0.309 -0.368 -0.429 -0.495 -0.583 -0.702 -0.949 -1.369 -1.855 -2.334 -2.825 -3.258 -3.574 -3.709 -3.667 -3.233 -2.550 -1.838 -0.982 -0.347 -0.093 -0.023 -0.005 -0.001 -0.000 -0.000 -0.000 -0.000 -0.000 0.000 0.000 0.000 0.000 0.000 0.000 0.000 0.000 0.000 0.000 0.000 0.000 0.000 0.000 0.000 0.000 0.000 0.000
-0.000 -0.000 -0.000 -0.000 -0.000 -0.000 -0.000 -0.000 -0.000 -0.000 -0.000 -0.000 -0.001 -0.001 -0.001 -0.002 -0.003 -0.006 -0.013 -0.027 -0.052 -0.090 -0.137 -0.189 -0.244 -0.300 -0.358 -0.419 -0.483 -0.551 -0.622 -0.732 -0.924 -1.311 -1.898 -2.644 -3.410 -3.672 -3.424 -3.288 -3.520 -3.807 -3.547 -3.081 -2.555 -1.463 -0.464 -0.105 -0.025 -0.006 -0.001 -0.000 -0.000 -0.000 -0.000 -0.000 0.000 0.000 0.000 0.000 0.000 0.000 0.000 0.000 0.000 0.000 0.000 0.000 0.000 0.000 0.000 0.000 0.000 0.000
-0.000 -0.000 -0.000 -0.000 -0.000 -0.000 -0.000 -0.000 -0.000 -0.000 -0.001 -0.001 -0.001 -0.002 -0.003 -0.005 -0.009 -0.019 -0.040 -0.075 -0.121 -0.174 -0.231 -0.290 -0.350 -0.413 -0.476 -0.543 -0.612 -0.685 -0.771 -0.913 -1.242 -1.856 -2.597 -3.234 -3.823 -3.908 -3.361 -2.533 -2.105 -2.507 -2.834 -3.105 -3.061 -1.844 -0.529 -0.111 -0.026 -0.006 -0.002 -0.000 -0.000 -0.000 -0.000 -0.000 0.000 0.000 0.000 0.000 0.000 0.000 0.000 0.000 0.000 0.000 0.000 0.000 0.000 0.000 0.000 0.000 0.000 0.000
-0.000 -0.000 -0.000 -0.000 -0.000 -0.000 -0.000 -0.000 -0.001 -0.001 -0.001 -0.002 -0.002 -0.004 -0.007 -0.014 -0.028 -0.056 -0.100 -0.155 -0.215 -0.276 -0.338 -0.405 -0.471 -0.541 -0.610 -0.684 -0.764 -0.848 -0.957 -1.156 -1.662 -2.376 -2.740 -2.989 -3.391 -3.311 -3.049 -2.473 -1.877 -1.889 -2.029 -3.083 -3.211 -1.907 -0.529 -0.105 -0.025 -0.006 -0.002 -0.001 -0.000 -0.000 -0.000 -0.000 0.000 0.000 0.000 0.000 0.000 0.000 0.000 0.000 0.000 0.000 0.000 0.000 0.000 0.000 0.000 0.000 0.000 0.000
-0.000 -0.000 -0.000 -0.000 -0.000 -0.000 -0.000 -0.001 -0.001 -0.001 -0.002 -0.003 -0.005 -0.010 -0.020 -0.041 -0.078 -0.132 -0.196 -0.261 -0.326 -0.396 -0.465 -0.539 -0.614 -0.691 -0.769 -0.850 -0.942 -1.045 -1.202 -1.504 -2.117 -2.571 -2.454 -2.361 -2.540 -2.422 -2.485 -2.252 -1.796 -1.930 -2.076 -3.160 -3.052 -1.592 -0.443 -0.093 -0.023 -0.005 -0.002 -0.001 -0.000 -0.000 -0.000 -0.000 0.000 0.000 0.000 0.000 0.000 0.000 0.000 0.000 0.000 0.000 0.000 0.000 0.000 0.000 0.000 0.000 0.000 0.000
-0.000 -0.000 -0.000 -0.000 -0.000 -0.001 -0.001 -0.001 -0.002 -0.003 -0.005 -0.008 -0.015 -0.029 -0.060 -0.110 -0.178 -0.252 -0.327 -0.401 -0.472 -0.545 -0.625 -0.708 -0.793 -0.881 -0.972 -1.065 -1.176 -1.313 -1.542 -2.017 -2.566 -2.669 -2.354 -2.309 -2.300 -2.146 -2.461 -2.396 -2.081 -2.085 -2.268 -2.929 -2.296 -1.058 -0.299 -0.074 -0.019 -0.005 -0.002 -0.001 -0.000 -0.000 -0.000 -0.000 0.000 0.000 0.000 0.000 0.000 0.000 0.000 0.000 0.000 0.000 0.000 0.000 0.000 0.000 0.000 0.000 0.000 0.000
-0.000 -0.000 -0.000 -0.001 -0.001 -0.001 -0.002 -0.003 -0.004 -0.007 -0.013 -0.024 -0.046 -0.088 -0.153 -0.236 -0.322 -0.407 -0.490 -0.572 -0.655 -0.740 -0.836 -0.934 -1.033 -1.140 -1.249 -1.372 -1.524 -1.747 -2.084 -2.628 -2.951 -2.816 -2.589 -2.497 -2.569 -2.348 -2.421 -2.451 -2.288 -2.230 -2.435 -2.341 -1.481 -0.629 -0.178 -0.052 -0.015 -0.004 -0.002 -0.001 -0.000 -0.000 -0.000 -0.000 0.000 0.000 0.000 0.000 0.000 0.000 0.000 0.000 0.000 0.000 0.000 0.000 0.000 0.000 0.000 0.000 0.000 0.000
-0.000 -0.001 -0.001 -0.001 -0.002 -0.002 -0.004 -0.006 -0.011 -0.021 -0.040 -0.075 -0.133 -0.213 -0.308 -0.406 -0.496 -0.584 -0.674 -0.775 -0.881 -0.995 -1.127 -1.258 -1.386 -1.527 -1.689 -1.880 -2.146 -2.528 -2.968 -3.293 -3.335 -3.179 -3.124 -2.990 -3.065 -3.177 -3.164 -3.123 -2.882 -2.523 -2.225 -1.592 -0.838 -0.333 -0.108 -0.035 -0.010 -0.004 -0.001 -0.001 -0.000 -0.000 -0.000 -0.000 0.000 0.000 0.000 0.000 0.000 0.000 0.000 0.000 0.000 0.000 0.000 0.000 0.000 0.000 0.000 0.000 0.000 0.000
-0.001 -0.001 -0.002 -0.002 -0.003 -0.005 -0.009 -0.017 -0.034 -0.065 -0.117 -0.192 -0.291 -0.395 -0.497 -0.597 -0.697 -0.802 -0.912 -1.048 -1.210 -1.375 -1.565 -1.773 -1.979 -2.206 -2.492 -2.838 -3.233 -3.639 -4.014 -4.128 -3.979 -3.818 -3.837 -3.914 -3.969 -4.066 -3.981 -3.600 -2.971 -2.159 -1.497 -0.866 -0.398 -0.157 -0.060 -0.022 -0.007 -0.003 -0.001 -0.000 -0.000 -0.000 -0.000 -0.000 0.000 0.000 0.000 0.000 0.000 0.000 0.000 0.000 0.000 0.000 0.000 0.000 0.000 0.000 0.000 0.000 0.000 0.000
-0.001 -0.002 -0.003 -0.005 -0.008 -0.014 -0.026 -0.052 -0.099 -0.167 -0.257 -0.362 -0.475 -0.592 -0.701 -0.819 -0.951 -1.098 -1.270 -1.478 -1.741 -2.025 -2.315 -2.628 -2.958 -3.287 -3.672 -4.069 -4.368 -4.538 -4.616 -4.640 -4.528 -4.345 -4.272 -4.189 -4.014 -3.655 -3.146 -2.544 -1.868 -1.234 -0.725 -0.373 -0.167 -0.071 -0.031 -0.012 -0.005 -0.002 -0.001 -0.000 -0.000 -0.000 -0.000 -0.000 0.000 0.000 0.000 0.000 0.000 0.000 0.000 0.000 0.000 0.000 0.000 0.000 0.000 0.000 0.000 0.000 0.000 0.000
-0.003 -0.004 -0.007 -0.011 -0.021 -0.042 -0.079 -0.139 -0.222 -0.323 -0.429 -0.545 -0.666 -0.800 -0.944 -1.106 -1.311 -1.544 -1.826 -2.182 -2.584 -3.017 -3.427 -3.776 -4.051 -4.264 -4.454 -4.644 -4.749 -4.696 -4.540 -4.437 -4.267 -3.966 -3.688 -3.304 -2.699 -2.097 -1.648 -1.256 -0.883 -0.547 -0.302 -0.154 -0.073 -0.034 -0.016 -0.007 -0.003 -0.001 -0.001 -0.000 -0.000 -0.000 -0.000 0.000 0.000 0.000 0.000 0.000 0.000 0.000 0.000 0.000 0.000 0.000 0.000 0.000 0.000 0.000 0.000 0.000 0.000 0.000
-0.006 -0.010 -0.017 -0.033 -0.063 -0.115 -0.192 -0.287 -0.391 -0.505 -0.622 -0.748 -0.895 -1.065 -1.266 -1.516 -1.835 -2.219 -2.635 -3.121 -3.629 -4.046 -4.319 -4.473 -4.511 -4.481 -4.468 -4.472 -4.377 -4.138 -3.763 -3.394 -3.038 -2.617 -2.198 -1.792 -1.402 -1.074 -0.818 -0.600 -0.408 -0.251 -0.142 -0.076 -0.039 -0.019 -0.009 -0.004 -0.002 -0.001 -0.001 -0.000 -0.000 -0.000 -0.000 0.000 0.000 0.000 0.000 0.000 0.000 0.000 0.000 0.000 0.000 0.000 0.000 0.000 0.000 0.000 0.000 0.000 0.000 0.000
-0.015 -0.027 -0.052 -0.095 -0.162 -0.249 -0.353 -0.464 -0.582 -0.713 -0.861 -1.020 -1.217 -1.466 -1.753 -2.112 -2.559 -3.069 -3.556 -4.005 -4.319 -4.460 -4.409 -4.273 -4.098 -3.904 -3.760 -3.599 -3.356 -3.010 -2.599 -2.180 -1.806 -1.499 -1.245 -1.028 -0.828 -0.644 -0.487 -0.355 -0.244 -0.153 -0.088 -0.047 -0.023 -0.011 -0.006 -0.003 -0.001 -0.001 -0.000 -0.000 -0.000 -0.000 -0.000 0.000 0.000 0.000 0.000 0.000 0.000 0.000 0.000 0.000 0.000 0.000 0.000 0.000 0.000 0.000 0.000 0.000 0.000 0.000
-0.043 -0.080 -0.139 -0.220 -0.321 -0.431 -0.542 -0.665 -0.805 -0.970 -1.170 -1.406 -1.679 -2.025 -2.424 -2.866 -3.352 -3.836 -4.204 -4.375 -4.341 -4.126 -3.784 -3.446 -3.161 -2.917 -2.736 -2.565 -2.336 -2.056 -1.759 -1.471 -1.216 -1.011 -0.851 -0.712 -0.578 -0.454 -0.346 -0.252 -0.170 -0.104 -0.057 -0.028 -0.013 -0.007 -0.004 -0.002 -0.001 -0.001 -0.000 -0.000 -0.000 -0.000 -0.000 0.000 0.000 0.000 0.000 0.000 0.000 0.000 0.000 0.000 0.000 0.000 0.000 0.000 0.000 0.000 0.000 0.000 0.000 0.000
-0.115 -0.189 -0.285 -0.393 -0.508 -0.633 -0.764 -0.914 -1.095 -1.311 -1.576 -1.885 -2.239 -2.641 -3.083 -3.521 -3.925 -4.198 -4.256 -4.045 -3.672 -3.237 -2.830 -2.511 -2.288 -2.130 -2.010 -1.883 -1.707 -1.484 -1.263 -1.067 -0.900 -0.762 -0.642 -0.537 -0.435 -0.340 -0.258 -0.186 -0.120 -0.067 -0.033 -0.016 -0.008 -0.004 -0.002 -0.001 -0.001 -0.000 -0.000 -0.000 -0.000 -0.000 0.000 0.000 0.000 0.000 0.000 0.000 0.000 0.000 0.000 0.000 0.000 0.000 0.000 0.000 0.000 0.000 0.000 0.000 0.000 0.000
-0.250 -0.351 -0.462 -0.583 -0.712 -0.853 -1.020 -1.211 -1.445 -1.716 -2.043 -2.394 -2.773 -3.158 -3.546 -3.888 -4.071 -4.005 -3.686 -3.211 -2.698 -2.297 -2.025 -1.868 -1.781 -1.701 -1.606 -1.479 -1.314 -1.129 -0.963 -0.823 -0.702 -0.603 -0.511 -0.423 -0.339 -0.261 -0.193 -0.133 -0.080 -0.041 -0.020 -0.010 -0.005 -0.003 -0.002 -0.001 -0.001 -0.000 -0.000 -0.000 -0.000 -0.000 0.000 0.000 0.000 0.000 0.000 0.000 0.000 0.000 0.000 0.000 0.000 0.000 0.000 0.000 0.000 0.000 0.000 0.000 0.000 0.000
-0.431 -0.543 -0.662 -0.794 -0.942 -1.111 -1.309 -1.539 -1.822 -2.132 -2.476 -2.825 -3.180 -3.512 -3.762 -3.905 -3.782 -3.373 -2.850 -2.340 -1.950 -1.718 -1.597 -1.539 -1.509 -1.448 -1.336 -1.197 -1.043 -0.893 -0.763 -0.660 -0.574 -0.493 -0.416 -0.342 -0.270 -0.203 -0.144 -0.092 -0.051 -0.025 -0.013 -0.007 -0.004 -0.002 -0.001 -0.001 -0.000 -0.000 -0.000 -0.000 -0.000 -0.000 0.000 0.000 0.000 0.000 0.000 0.000 0.000 0.000 0.000 0.000 0.000 0.000 0.000 0.000 0.000 0.000 0.000 0.000 0.000 0.000
-0.613 -0.738 -0.872 -1.023 -1.196 -1.394 -1.628 -1.893 -2.195 -2.518 -2.836 -3.145 -3.434 -3.667 -3.698 -3.529 -3.188 -2.661 -2.157 -1.790 -1.560 -1.440 -1.382 -1.355 -1.321 -1.244 -1.119 -0.975 -0.836 -0.721 -0.625 -0.543 -0.474 -0.410 -0.343 -0.276 -0.215 -0.157 -0.106 -0.063 -0.033 -0.017 -0.008 -0.005 -0.002 -0.001 -0.001 -0.000 -0.000 -0.000 -0.000 -0.000 -0.000 0.000 0.000 0.000 0.000 0.000 0.000 0.000 0.000 0.000 0.000 0.000 0.000 0.000 0.000 0.000 0.000 0.000 0.000 0.000 0.000 0.000
-0.790 -0.926 -1.078 -1.252 -1.454 -1.687 -1.951 -2.248 -2.533 -2.832 -3.108 -3.361 -3.540 -3.569 -3.372 -2.990 -2.532 -2.085 -1.736 -1.508 -1.376 -1.306 -1.266 -1.227 -1.164 -1.062 -0.930 -0.792 -0.676 -0.586 -0.517 -0.456 -0.398 -0.342 -0.282 -0.223 -0.169 -0.121 -0.077 -0.043 -0.022 -0.011 -0.006 -0.003 -0.002 -0.001 -0.001 -0.000 -0.000 -0.000 -0.000 -0.000 -0.000 0.000 0.000 0.000 0.000 0.000 0.000 0.000 0.000 0.000 0.000 0.000 0.000 0.000 0.000 0.000 0.000 0.000 0.000 0.000 0.000 0.000
-0.990 -1.133 -1.300 -1.497 -1.724 -1.983 -2.259 -2.540 -2.806 -3.061 -3.267 -3.432 -3.469 -3.277 -2.921 -2.468 -2.009 -1.667 -1.461 -1.349 -1.280 -1.229 -1.184 -1.118 -1.019 -0.895 -0.764 -0.646 -0.554 -0.485 -0.432 -0.385 -0.338 -0.287 -0.232 -0.180 -0.133 -0.091 -0.055 -0.029 -0.015 -0.008 -0.004 -0.002 -0.001 -0.001 -0.000 -0.000 -0.000 -0.000 -0.000 -0.000 0.000 0.000 0.000 0.000 0.000 0.000 0.000 0.000 0.000 0.000 0.000 0.000 0.000 0.000 0.000 0.000 0.000 0.000 0.000 0.000 0.000 0.000
-1.197 -1.354 -1.547 -1.757 -1.992 -2.250 -2.508 -2.756 -2.979 -3.193 -3.321 -3.326 -3.183 -2.846 -2.382 -1.914 -1.586 -1.394 -1.288 -1.236 -1.206 -1.159 -1.087 -0.992 -0.873 -0.742 -0.622 -0.529 -0.462 -0.410 -0.367 -0.325 -0.284 -0.239 -0.190 -0.144 -0.104 -0.068 -0.038 -0.020 -0.010 -0.005 -0.003 -0.002 -0.001 -0.001 -0.000 -0.000 -0.000 -0.000 -0.000 -0.000 0.000 0.000 0.000 0.000 0.000 0.000 0.000 0.000 0.000 0.000 0.000 0.000 0.000 0.000 0.000 0.000 0.000 0.000 0.000 0.000 0.000 0.000
-1.394 -1.566 -1.780 -2.003 -2.224 -2.470 -2.699 -2.912 -3.093 -3.233 -3.263 -3.094 -2.746 -2.284 -1.828 -1.474 -1.279 -1.198 -1.172 -1.155 -1.132 -1.073 -0.972 -0.851 -0.723 -0.602 -0.508 -0.439 -0.388 -0.348 -0.312 -0.276 -0.235 -0.195 -0.153 -0.114 -0.080 -0.049 -0.026 -0.013 -0.006 -0.003 -0.002 -0.001 -0.001 -0.000 -0.000 -0.000 -0.000 -0.000 -0.000 0.000 0.000 0.000 0.000 0.000 0.000 0.000 0.000 0.000 0.000 0.000 0.000 0.000 0.000 0.000 0.000 0.000 0.000 0.000 0.000 0.000 0.000 0.000
-1.585 -1.774 -1.987 -2.209 -2.417 -2.635 -2.865 -3.027 -3.146 -3.170 -3.038 -2.716 -2.263 -1.802 -1.447 -1.228 -1.123 -1.089 -1.085 -1.081 -1.050 -0.965 -0.841 -0.710 -0.587 -0.490 -0.420 -0.370 -0.331 -0.298 -0.266 -0.233 -0.195 -0.157 -0.122 -0.089 -0.060 -0.035 -0.018 -0.008 -0.004 -0.002 -0.001 -0.001 -0.000 -0.000 -0.000 -0.000 -0.000 -0.000 -0.000 0.000 0.000 0.000 0.000 0.000 0.000 0.000 0.000 0.000 0.000 0.000 0.000 0.000 0.000 0.000 0.000 0.000 0.000 0.000 0.000 0.000 0.000 0.000
-1.773 -1.975 -2.174 -2.380 -2.576 -2.766 -2.959 -3.100 -3.124 -2.980 -2.664 -2.247 -1.801 -1.444 -1.224 -1.104 -1.054 -1.047 -1.042 -1.013 -0.948 -0.841 -0.703 -0.580 -0.482 -0.411 -0.359 -0.319 -0.287 -0.258 -0.229 -0.196 -0.161 -0.128 -0.098 -0.070 -0.045 -0.025 -0.012 -0.006 -0.003 -0.002 -0.001 -0.001 -0.000 -0.000 -0.000 -0.000 -0.000 -0.000 -0.000 0.000 0.000 0.000 0.000 0.000 0.000 0.000 0.000 0.000 0.000 0.000 0.000 0.000 0.000 0.000 0.000 0.000 0.000 0.000 0.000 0.000 0.000 0.000
-1.959 -2.148 -2.346 -2.524 -2.699 -2.865 -3.013 -3.068 -2.966 -2.664 -2.222 -1.788 -1.442 -1.215 -1.100 -1.046 -1.025 -1.022 -0.996 -0.936 -0.833 -0.701 -0.573 -0.476 -0.405 -0.353 -0.312 -0.279 -0.250 -0.224 -0.197 -0.166 -0.134 -0.106 -0.080 -0.055 -0.034 -0.018 -0.009 -0.004 -0.002 -0.001 -0.001 -0.000 -0.000 -0.000 -0.000 -0.000 -0.000 -0.000 -0.000 0.000 0.000 0.000 0.000 0.000 0.000 0.000 0.000 0.000 0.000 0.000 0.000 0.000 0.000 0.000 0.000 0.000 0.000 0.000 0.000 0.000 0.000 0.000
-2.132 -2.300 -2.482 -2.641 -2.787 -2.907 -2.981 -2.926 -2.673 -2.250 -1.796 -1.445 -1.217 -1.095 -1.034 -1.021 -1.009 -0.981 -0.921 -0.823 -0.696 -0.568 -0.468 -0.399 -0.349 -0.308 -0.275 -0.245 -0.218 -0.194 -0.168 -0.140 -0.113 -0.088 -0.064 -0.042 -0.025 -0.013 -0.006 -0.003 -0.002 -0.001 -0.001 -0.000 -0.000 -0.000 -0.000 -0.000 -0.000 -0.000 -0.000 0.000 0.000 0.000 0.000 0.000 0.000 0.000 0.000 0.000 0.000 0.000 0.000 0.000 0.000 0.000 0.000 0.000 0.000 0.000 0.000 0.000 0.000 0.000
-2.290 -2.442 -2.586 -2.715 -2.818 -2.884 -2.843 -2.663 -2.307 -1.841 -1.458 -1.222 -1.095 -1.036 -1.009 -0.998 -0.975 -0.904 -0.806 -0.687 -0.562 -0.460 -0.390 -0.343 -0.306 -0.273 -0.243 -0.216 -0.190 -0.167 -0.143 -0.119 -0.096 -0.073 -0.050 -0.030 -0.017 -0.009 -0.004 -0.002 -0.001 -0.001 -0.000 -0.000 -0.000 -0.000 -0.000 -0.000 -0.000 -0.000 -0.000 0.000 0.000 0.000 0.000 0.000 0.000 0.000 0.000 0.000 0.000 0.000 0.000 0.000 0.000 0.000 0.000 0.000 0.000 0.000 0.000 0.000 0.000 0.000
-2.425 -2.551 -2.666 -2.750 -2.802 -2.794 -2.656 -2.337 -1.898 -1.505 -1.242 -1.097 -1.029 -1.006 -0.992 -0.965 -0.904 -0.796 -0.671 -0.554 -0.454 -0.382 -0.333 -0.298 -0.270 -0.243 -0.216 -0.189 -0.165 -0.144 -0.123 -0.102 -0.080 -0.057 -0.036 -0.020 -0.011 -0.006 -0.003 -0.001 -0.001 -0.000 -0.000 -0.000 -0.000 -0.000 -0.000 -0.000 -0.000 -0.000 -0.000 0.000 0.000 0.000 0.000 0.000 0.000 0.000 0.000 0.000 0.000 0.000 0.000 0.000 0.000 0.000 0.000 0.000 0.000 0.000 0.000 0.000 0.000 0.000
-2.532 -2.630 -2.721 -2.776 -2.767 -2.641 -2.371 -1.953 -1.533 -1.254 -1.107 -1.024 -0.985 -0.971 -0.943 -0.887 -0.798 -0.673 -0.550 -0.450 -0.377 -0.326 -0.288 -0.260 -0.237 -0.214 -0.190 -0.165 -0.143 -0.124 -0.105 -0.085 -0.064 -0.042 -0.024 -0.013 -0.007 -0.004 -0.002 -0.001 -0.001 -0.000 -0.000 -0.000 -0.000 -0.000 -0.000 -0.000 -0.000 -0.000 -0.000 0.000 0.000 0.000 0.000 0.000 0.000 0.000 0.000 0.000 0.000 0.000 0.000 0.000 0.000 0.000 0.000 0.000 0.000 0.000 0.000 0.000 0.000 0.000
