AvaFrame/avaframe/data/avaSalk/Avaflow_Input_Output/slk_results/slk_ascii/slk_hflow10020.asc
ncols 296
nrows 144
xllcenter 761600.00
yllcenter 8523000.00
cellsize 12.50
NODATA_value -9999.000
[rows 68 to 101 of 144, columns 154 to 230 of 296]
0.000 0.000 0.000 0.000 0.000 0.000 0.000 0.000 0.000 0.000 0.000 0.000 0.000 0.000 0.000 0.001 0.000 0.000 0.000 0.000 0.000 0.000 0.000 0.000 0.000 0.000 0.000 0.000 0.001 0.001 0.001 0.001 0.001 0.002 0.002 0.002 0.003 0.003 0.004 0.004 0.004 0.005 0.005 0.005 0.005 0.006 0.006 0.007 0.008 0.009 0.010 0.010 0.011 0.012 0.013 0.015 0.017 0.020 0.025 0.031 0.040 0.056 0.080 0.113 0.157 0.213 0.281 0.371 0.466 0.539 0.583 0.598 0.584 0.524 0.401 0.281 0.211
0.000 0.000 0.000 0.000 0.000 0.000 0.000 0.000 0.000 0.000 0.000 0.000 0.000 0.001 0.001 0.001 0.001 0.000 0.000 0.000 0.000 0.001 0.001 0.001 0.001 0.001 0.001 0.001 0.001 0.001 0.002 0.002 0.002 0.002 0.003 0.003 0.004 0.004 0.004 0.005 0.005 0.005 0.005 0.005 0.006 0.006 0.007 0.007 0.008 0.009 0.011 0.011 0.012 0.014 0.016 0.018 0.021 0.026 0.032 0.041 0.055 0.079 0.115 0.162 0.221 0.293 0.380 0.472 0.546 0.587 0.600 0.577 0.503 0.381 0.268 0.208 0.175
0.000 0.000 0.000 0.000 0.000 0.000 0.000 0.000 0.000 0.000 0.000 0.001 0.001 0.001 0.001 0.001 0.001 0.001 0.001 0.001 0.001 0.001 0.001 0.002 0.002 0.001 0.001 0.001 0.002 0.002 0.002 0.002 0.003 0.003 0.003 0.004 0.004 0.005 0.005 0.005 0.005 0.005 0.006 0.006 0.006 0.007 0.007 0.008 0.009 0.010 0.012 0.013 0.014 0.016 0.018 0.022 0.026 0.033 0.043 0.057 0.079 0.113 0.161 0.224 0.302 0.394 0.481 0.545 0.585 0.598 0.576 0.499 0.379 0.270 0.206 0.173 0.154
0.000 0.000 0.001 0.001 0.001 0.001 0.001 0.000 0.000 0.000 0.000 0.001 0.001 0.001 0.001 0.001 0.002 0.002 0.002 0.002 0.002 0.002 0.003 0.003 0.002 0.002 0.002 0.002 0.002 0.002 0.003 0.003 0.003 0.004 0.004 0.004 0.005 0.005 0.005 0.005 0.006 0.006 0.006 0.006 0.007 0.008 0.009 0.009 0.011 0.012 0.013 0.015 0.017 0.020 0.023 0.026 0.033 0.043 0.058 0.084 0.121 0.165 0.227 0.309 0.406 0.499 0.564 0.591 0.593 0.574 0.505 0.388 0.282 0.215 0.176 0.151 0.133
0.000 0.001 0.001 0.001 0.001 0.001 0.001 0.001 0.000 0.000 0.001 0.001 0.001 0.001 0.001 0.002 0.003 0.003 0.003 0.003 0.004 0.004 0.004 0.004 0.003 0.003 0.003 0.003 0.003 0.003 0.003 0.003 0.004 0.004 0.005 0.005 0.005 0.006 0.006 0.006 0.006 0.007 0.007 0.007 0.008 0.009 0.010 0.011 0.013 0.014 0.016 0.018 0.022 0.025 0.029 0.034 0.043 0.058 0.082 0.131 0.188 0.242 0.323 0.425 0.513 0.567 0.593 0.598 0.577 0.515 0.407 0.296 0.226 0.182 0.154 0.132 0.113
0.000 0.000 0.001 0.001 0.001 0.001 0.001 0.001 0.001 0.001 0.001 0.001 0.001 0.001 0.002 0.003 0.004 0.006 0.006 0.006 0.006 0.007 0.007 0.005 0.004 0.004 0.004 0.004 0.004 0.004 0.004 0.004 0.004 0.005 0.005 0.006 0.006 0.006 0.006 0.007 0.007 0.008 0.008 0.009 0.010 0.011 0.012 0.014 0.016 0.018 0.020 0.023 0.028 0.034 0.040 0.049 0.065 0.094 0.145 0.228 0.294 0.345 0.428 0.511 0.560 0.579 0.585 0.574 0.518 0.412 0.304 0.234 0.189 0.158 0.134 0.114 0.095
0.000 0.000 0.001 0.001 0.001 0.002 0.002 0.002 0.002 0.002 0.002 0.002 0.002 0.002 0.003 0.005 0.009 0.012 0.014 0.014 0.015 0.015 0.013 0.008 0.006 0.005 0.005 0.005 0.005 0.005 0.005 0.005 0.005 0.005 0.006 0.006 0.007 0.007 0.007 0.007 0.008 0.009 0.010 0.011 0.012 0.014 0.015 0.017 0.019 0.022 0.025 0.030 0.039 0.049 0.061 0.082 0.125 0.211 0.321 0.418 0.465 0.496 0.533 0.555 0.565 0.565 0.552 0.505 0.407 0.301 0.235 0.193 0.163 0.138 0.118 0.098 0.080
0.001 0.001 0.001 0.001 0.002 0.003 0.005 0.005 0.005 0.004 0.004 0.004 0.004 0.005 0.007 0.011 0.021 0.034 0.042 0.044 0.045 0.043 0.032 0.016 0.010 0.009 0.008 0.008 0.007 0.007 0.007 0.006 0.006 0.006 0.007 0.007 0.007 0.008 0.008 0.008 0.009 0.010 0.012 0.014 0.016 0.017 0.019 0.021 0.023 0.027 0.032 0.041 0.056 0.076 0.106 0.166 0.278 0.393 0.466 0.501 0.525 0.557 0.578 0.575 0.559 0.539 0.488 0.401 0.306 0.238 0.196 0.168 0.143 0.121 0.101 0.083 0.068
0.001 0.002 0.002 0.002 0.004 0.008 0.013 0.014 0.013 0.010 0.009 0.009 0.009 0.010 0.016 0.032 0.065 0.106 0.130 0.141 0.144 0.135 0.097 0.041 0.020 0.017 0.016 0.015 0.014 0.013 0.012 0.010 0.009 0.009 0.008 0.008 0.009 0.009 0.009 0.010 0.011 0.013 0.017 0.020 0.021 0.022 0.023 0.025 0.029 0.034 0.043 0.058 0.084 0.129 0.209 0.314 0.401 0.438 0.458 0.471 0.492 0.533 0.570 0.567 0.534 0.483 0.395 0.306 0.249 0.210 0.177 0.147 0.124 0.103 0.084 0.068 0.055
0.003 0.003 0.004 0.005 0.009 0.023 0.048 0.057 0.053 0.033 0.024 0.024 0.026 0.033 0.056 0.103 0.170 0.242 0.297 0.332 0.350 0.344 0.274 0.134 0.055 0.040 0.038 0.038 0.038 0.036 0.031 0.026 0.021 0.017 0.013 0.011 0.010 0.010 0.011 0.012 0.014 0.017 0.022 0.026 0.028 0.029 0.029 0.031 0.036 0.045 0.060 0.088 0.138 0.229 0.334 0.396 0.407 0.396 0.387 0.401 0.438 0.494 0.541 0.534 0.470 0.380 0.298 0.250 0.223 0.199 0.171 0.137 0.106 0.084 0.067 0.054 0.046
0.008 0.009 0.010 0.014 0.032 0.107 0.212 0.249 0.228 0.153 0.107 0.101 0.110 0.143 0.201 0.273 0.349 0.440 0.547 0.626 0.667 0.667 0.595 0.378 0.172 0.109 0.100 0.101 0.113 0.125 0.121 0.107 0.087 0.066 0.043 0.024 0.016 0.014 0.013 0.014 0.017 0.021 0.025 0.029 0.033 0.035 0.037 0.040 0.048 0.064 0.092 0.141 0.225 0.315 0.369 0.386 0.379 0.367 0.375 0.410 0.444 0.494 0.519 0.479 0.387 0.300 0.246 0.221 0.210 0.196 0.174 0.139 0.098 0.070 0.055 0.046 0.041
0.024 0.027 0.033 0.054 0.138 0.346 0.543 0.600 0.565 0.456 0.392 0.383 0.399 0.440 0.501 0.563 0.620 0.730 0.916 1.050 1.077 1.052 1.012 0.773 0.401 0.256 0.236 0.247 0.290 0.356 0.396 0.403 0.380 0.333 0.247 0.134 0.059 0.028 0.019 0.019 0.021 0.025 0.028 0.032 0.036 0.041 0.047 0.054 0.069 0.097 0.146 0.223 0.303 0.349 0.367 0.370 0.369 0.376 0.404 0.435 0.443 0.471 0.476 0.419 0.327 0.260 0.220 0.204 0.200 0.196 0.181 0.151 0.103 0.067 0.050 0.043 0.039
0.101 0.127 0.184 0.300 0.524 0.803 0.986 1.042 1.011 0.947 0.915 0.908 0.907 0.905 0.924 0.940 0.986 1.141 1.392 1.531 1.528 1.482 1.412 1.063 0.589 0.446 0.448 0.506 0.622 0.782 0.932 1.028 1.066 1.038 0.889 0.613 0.331 0.152 0.059 0.028 0.026 0.029 0.032 0.035 0.040 0.049 0.062 0.078 0.105 0.152 0.225 0.299 0.344 0.362 0.367 0.371 0.380 0.404 0.429 0.437 0.426 0.425 0.413 0.361 0.282 0.226 0.192 0.180 0.182 0.191 0.188 0.169 0.120 0.072 0.051 0.043 0.039
0.579 0.667 0.852 1.138 1.422 1.589 1.631 1.616 1.594 1.595 1.586 1.551 1.496 1.432 1.414 1.417 1.481 1.642 1.822 1.910 1.924 1.884 1.704 1.172 0.723 0.640 0.704 0.874 1.122 1.414 1.709 1.947 2.089 2.110 1.956 1.571 1.075 0.630 0.299 0.107 0.041 0.035 0.036 0.041 0.049 0.064 0.084 0.113 0.160 0.229 0.298 0.340 0.361 0.370 0.374 0.384 0.406 0.426 0.431 0.423 0.400 0.368 0.338 0.299 0.240 0.188 0.157 0.147 0.153 0.176 0.191 0.187 0.149 0.087 0.057 0.047 0.042
1.929 2.014 2.265 2.607 2.777 2.768 2.583 2.447 2.400 2.368 2.299 2.213 2.108 2.008 1.976 1.997 2.065 2.138 2.199 2.228 2.223 2.170 1.835 1.194 0.888 0.882 1.033 1.342 1.753 2.209 2.659 3.045 3.301 3.404 3.290 2.868 2.253 1.574 0.953 0.465 0.173 0.068 0.047 0.051 0.065 0.087 0.119 0.166 0.232 0.297 0.338 0.360 0.372 0.380 0.389 0.405 0.421 0.426 0.420 0.399 0.366 0.324 0.285 0.245 0.194 0.148 0.120 0.111 0.116 0.146 0.191 0.201 0.182 0.116 0.071 0.056 0.048
3.773 3.796 3.890 4.007 4.047 3.971 3.770 3.598 3.470 3.275 3.061 2.917 2.792 2.680 2.644 2.667 2.707 2.677 2.596 2.508 2.428 2.313 1.831 1.259 1.126 1.227 1.494 1.935 2.508 3.129 3.677 4.137 4.462 4.639 4.623 4.308 3.651 2.821 2.032 1.296 0.688 0.320 0.144 0.080 0.091 0.123 0.172 0.233 0.293 0.333 0.358 0.374 0.386 0.397 0.409 0.420 0.422 0.415 0.399 0.369 0.330 0.287 0.242 0.194 0.145 0.104 0.081 0.075 0.081 0.109 0.177 0.211 0.205 0.149 0.092 0.071 0.059
5.073 5.056 5.045 5.025 4.994 4.912 4.849 4.768 4.620 4.268 3.925 3.724 3.602 3.510 3.479 3.465 3.440 3.276 2.967 2.738 2.576 2.348 1.814 1.461 1.474 1.700 2.100 2.655 3.356 4.071 4.630 5.086 5.418 5.588 5.619 5.414 4.899 4.175 3.401 2.586 1.739 1.095 0.656 0.338 0.171 0.173 0.239 0.291 0.328 0.354 0.374 0.391 0.405 0.415 0.420 0.420 0.414 0.399 0.373 0.336 0.292 0.242 0.191 0.143 0.102 0.070 0.052 0.048 0.054 0.079 0.158 0.215 0.220 0.182 0.123 0.090 0.067
5.898 5.826 5.783 5.787 5.797 5.774 5.763 5.744 5.657 5.301 4.967 4.725 4.621 4.556 4.535 4.437 4.225 3.787 3.234 2.898 2.666 2.347 1.953 1.847 1.985 2.326 2.835 3.474 4.216 4.943 5.506 5.939 6.221 6.304 6.342 6.205 5.860 5.361 4.769 4.072 3.136 2.321 1.758 1.240 0.691 0.309 0.278 0.331 0.351 0.371 0.389 0.407 0.421 0.424 0.420 0.410 0.398 0.379 0.344 0.296 0.245 0.193 0.146 0.105 0.073 0.049 0.037 0.035 0.041 0.069 0.153 0.217 0.225 0.200 0.143 0.098 0.067
6.466 6.435 6.441 6.488 6.572 6.625 6.644 6.641 6.610 6.402 6.179 5.978 5.886 5.778 5.602 5.248 4.755 4.082 3.406 2.979 2.686 2.448 2.312 2.415 2.696 3.144 3.714 4.391 5.093 5.757 6.317 6.707 6.904 6.890 6.892 6.754 6.534 6.219 5.764 5.180 4.246 3.407 2.942 2.589 1.995 1.043 0.394 0.342 0.374 0.385 0.402 0.424 0.434 0.431 0.414 0.393 0.373 0.348 0.304 0.249 0.201 0.157 0.119 0.085 0.058 0.040 0.034 0.033 0.041 0.076 0.162 0.219 0.226 0.201 0.145 0.095 0.062
7.011 7.026 7.092 7.212 7.335 7.421 7.474 7.493 7.479 7.432 7.333 7.225 7.089 6.818 6.327 5.691 4.967 4.151 3.480 3.021 2.767 2.733 2.860 3.164 3.615 4.182 4.791 5.427 6.027 6.553 7.104 7.385 7.473 7.389 7.376 7.209 6.983 6.728 6.334 5.809 4.974 4.205 3.773 3.534 3.298 2.539 1.114 0.400 0.383 0.394 0.409 0.436 0.442 0.428 0.391 0.350 0.324 0.298 0.259 0.212 0.171 0.134 0.101 0.074 0.053 0.040 0.036 0.037 0.051 0.099 0.182 0.222 0.224 0.195 0.132 0.083 0.052
7.541 7.611 7.757 7.910 8.027 8.114 8.187 8.259 8.312 8.329 8.318 8.220 8.028 7.483 6.667 5.817 5.011 4.194 3.585 3.206 3.105 3.265 3.641 4.168 4.806 5.442 6.081 6.614 7.076 7.451 7.819 7.983 7.989 7.893 7.823 7.618 7.334 7.001 6.584 6.014 5.339 4.755 4.343 4.099 3.977 3.772 2.585 0.823 0.365 0.400 0.421 0.442 0.443 0.407 0.338 0.291 0.275 0.262 0.238 0.200 0.156 0.114 0.082 0.062 0.050 0.043 0.042 0.049 0.075 0.138 0.205 0.227 0.221 0.176 0.108 0.065 0.042
8.153 8.238 8.413 8.523 8.601 8.676 8.767 8.886 9.018 9.096 9.126 8.993 8.572 7.761 6.695 5.768 4.966 4.312 3.899 3.707 3.760 4.095 4.711 5.495 6.238 6.841 7.401 7.872 8.260 8.490 8.550 8.635 8.555 8.438 8.226 7.941 7.614 7.174 6.707 6.066 5.443 4.970 4.624 4.388 4.248 4.155 3.768 2.017 0.556 0.377 0.435 0.440 0.419 0.354 0.277 0.248 0.244 0.243 0.233 0.201 0.147 0.094 0.064 0.050 0.046 0.047 0.052 0.070 0.115 0.182 0.223 0.233 0.207 0.136 0.079 0.049 0.034
9.046 8.932 8.957 9.017 9.074 9.126 9.214 9.348 9.552 9.684 9.713 9.457 8.745 7.772 6.512 5.599 4.999 4.663 4.526 4.544 4.748 5.252 6.033 6.837 7.503 8.064 8.550 8.971 9.304 9.551 9.410 9.378 9.283 9.095 8.696 8.257 7.834 7.368 6.826 6.113 5.433 4.978 4.672 4.445 4.282 4.120 3.912 3.084 1.405 0.490 0.423 0.418 0.357 0.283 0.235 0.226 0.234 0.242 0.237 0.203 0.130 0.074 0.051 0.043 0.042 0.045 0.057 0.091 0.160 0.219 0.237 0.230 0.169 0.091 0.055 0.037 0.030
9.773 9.461 9.363 9.373 9.420 9.509 9.685 9.848 10.122 10.207 10.037 9.492 8.616 7.473 6.306 5.608 5.354 5.331 5.445 5.682 6.082 6.639 7.322 7.947 8.532 9.047 9.560 9.958 10.201 10.457 10.265 10.076 9.916 9.631 9.190 8.693 8.106 7.575 6.984 6.207 5.416 4.870 4.586 4.392 4.168 3.903 3.648 3.209 2.162 0.936 0.426 0.341 0.276 0.227 0.209 0.211 0.232 0.251 0.249 0.207 0.117 0.060 0.045 0.042 0.042 0.044 0.056 0.099 0.185 0.243 0.250 0.225 0.147 0.074 0.044 0.032 0.028
10.104 9.758 9.646 9.626 9.742 9.800 9.998 10.190 10.400 10.393 10.063 9.381 8.420 7.325 6.481 6.141 6.218 6.377 6.671 7.069 7.492 7.933 8.384 8.919 9.398 9.856 10.424 10.815 10.888 11.051 10.886 10.625 10.335 9.983 9.601 9.188 8.583 7.869 7.214 6.408 5.553 4.767 4.316 4.097 3.840 3.507 3.197 2.869 2.318 1.388 0.581 0.277 0.214 0.188 0.184 0.195 0.231 0.265 0.270 0.222 0.115 0.057 0.044 0.044 0.045 0.044 0.053 0.094 0.186 0.249 0.257 0.228 0.147 0.075 0.044 0.031 0.027
10.084 9.901 9.856 9.872 9.984 9.997 10.139 10.325 10.422 10.320 9.833 9.131 8.323 7.607 7.277 7.292 7.514 7.765 8.070 8.384 8.683 9.060 9.370 9.825 10.194 10.557 11.060 11.488 11.546 11.619 11.261 10.932 10.564 10.317 9.938 9.564 9.098 8.305 7.560 6.731 5.848 4.840 4.108 3.633 3.296 2.977 2.664 2.363 2.038 1.566 0.854 0.344 0.193 0.166 0.164 0.178 0.224 0.269 0.277 0.232 0.124 0.064 0.049 0.049 0.049 0.048 0.052 0.081 0.163 0.239 0.254 0.232 0.158 0.086 0.052 0.036 0.029
9.953 9.975 9.965 10.039 10.063 10.055 10.090 10.219 10.225 10.072 9.739 9.201 8.825 8.741 8.796 9.027 9.085 9.186 9.304 9.430 9.675 9.993 10.387 10.656 10.904 11.156 11.614 12.018 12.008 11.945 11.573 11.174 10.767 10.598 10.262 9.906 9.470 8.748 7.959 7.092 6.105 4.957 4.087 3.399 2.841 2.497 2.181 1.827 1.586 1.388 1.003 0.483 0.218 0.166 0.162 0.174 0.216 0.263 0.273 0.241 0.152 0.099 0.079 0.066 0.056 0.055 0.057 0.072 0.128 0.210 0.241 0.231 0.177 0.107 0.069 0.047 0.034
9.735 9.964 9.993 10.063 9.996 9.951 9.862 9.892 9.841 9.805 9.779 9.737 9.797 9.975 10.143 10.338 10.245 10.268 10.252 10.266 10.454 10.770 11.203 11.362 11.468 11.564 11.986 12.363 12.357 12.187 11.844 11.456 11.059 10.853 10.593 10.375 9.969 9.264 8.365 7.412 6.251 5.059 4.117 3.364 2.681 2.255 1.878 1.499 1.270 1.148 0.985 0.643 0.333 0.242 0.240 0.244 0.261 0.291 0.304 0.307 0.311 0.315 0.303 0.234 0.121 0.073 0.069 0.077 0.107 0.171 0.212 0.217 0.193 0.139 0.095 0.065 0.044
9.508 9.833 9.927 9.924 9.779 9.664 9.470 9.469 9.419 9.552 9.846 10.234 10.591 10.815 10.962 11.021 11.020 10.921 10.876 10.896 10.949 11.265 11.514 11.680 11.706 11.809 12.145 12.457 12.459 12.352 12.006 11.746 11.437 11.414 11.242 11.352 11.239 10.564 9.369 7.944 6.391 5.146 4.129 3.355 2.707 2.231 1.814 1.450 1.228 1.129 1.094 1.127 1.049 1.000 0.981 0.919 0.827 0.806 0.839 0.983 1.225 1.355 1.360 1.192 0.764 0.312 0.133 0.096 0.098 0.127 0.165 0.187 0.187 0.167 0.131 0.093 0.060
9.103 9.486 9.614 9.589 9.430 9.253 9.036 9.006 8.935 9.161 9.690 10.326 10.913 11.220 11.357 11.352 11.332 11.132 11.139 11.219 11.232 11.448 11.525 11.670 11.742 11.806 12.033 12.254 12.329 12.390 12.119 11.931 11.684 11.739 11.665 11.934 12.024 11.574 10.696 9.067 6.962 5.237 4.124 3.340 2.752 2.300 1.926 1.642 1.510 1.562 1.948 2.713 3.189 3.288 3.199 2.971 2.673 2.542 2.550 2.756 3.085 3.234 3.261 3.148 2.665 1.747 0.870 0.358 0.143 0.095 0.113 0.141 0.168 0.172 0.157 0.124 0.084
8.453 8.852 8.997 9.000 8.899 8.700 8.571 8.474 8.365 8.599 9.145 10.071 10.857 11.298 11.434 11.353 11.263 11.168 11.101 11.252 11.278 11.440 11.458 11.524 11.600 11.613 11.653 11.713 11.863 11.981 11.848 11.735 11.616 11.701 11.888 12.170 12.230 11.837 11.085 9.664 7.675 5.515 4.089 3.308 2.804 2.469 2.221 2.115 2.218 2.665 3.515 4.535 5.188 5.452 5.445 5.308 5.085 4.953 4.899 4.940 5.027 5.062 5.047 4.989 4.860 4.302 3.071 1.614 0.593 0.171 0.088 0.101 0.135 0.160 0.160 0.144 0.112
7.537 7.909 8.080 8.099 8.102 7.932 7.799 7.701 7.607 7.697 8.206 9.211 10.140 10.629 10.729 10.713 10.528 10.468 10.364 10.501 10.626 10.801 10.829 10.760 10.857 10.721 10.387 10.193 10.179 10.210 10.217 10.372 10.646 11.040 11.310 11.392 11.373 11.205 10.643 9.520 7.803 5.679 4.036 3.200 2.800 2.606 2.534 2.564 2.842 3.544 4.550 5.533 6.230 6.665 6.813 6.858 6.919 6.970 6.981 7.002 6.916 6.862 6.810 6.681 6.460 6.099 5.078 3.274 1.501 0.495 0.137 0.084 0.100 0.129 0.148 0.147 0.130
6.260 6.516 6.712 6.857 6.945 6.882 6.732 6.655 6.655 6.656 7.026 7.773 8.419 8.743 8.826 8.795 8.668 8.678 8.672 8.658 8.788 8.821 8.852 8.712 8.659 8.401 7.938 7.553 7.340 7.213 7.208 7.570 8.349 9.071 9.315 9.344 9.321 9.218 8.830 8.067 6.970 5.390 3.761 2.944 2.701 2.611 2.654 2.835 3.261 4.038 5.129 6.210 7.016 7.584 7.906 8.232 8.599 8.767 8.892 8.933 8.845 8.811 8.639 8.448 8.037 7.374 6.242 4.355 2.365 1.056 0.358 0.119 0.086 0.099 0.122 0.136 0.135
4.102 4.262 4.458 4.782 5.001 5.087 5.062 5.031 5.075 5.243 5.535 5.899 6.113 6.120 6.050 5.975 5.971 5.980 5.928 5.755 5.709 5.558 5.366 5.086 4.914 4.749 4.536 4.288 4.162 4.143 4.312 4.763 5.497 6.161 6.489 6.561 6.504 6.305 6.047 5.766 5.118 3.826 2.750 2.401 2.395 2.491 2.677 2.974 3.507 4.380 5.593 6.847 7.814 8.591 9.162 9.637 10.171 10.392 10.712 10.723 10.682 10.757 10.527 10.255 9.646 8.804 7.451 5.338 3.299 1.868 0.890 0.334 0.131 0.098 0.111 0.129 0.137
