AvaFrame/avaframe/data/avaSalk/Avaflow_Input_Output/slk_results/slk_ascii/slk_hillshade0014.asc
ncols 296
nrows 144
xllcenter 761600.00
yllcenter 8523000.00
cellsize 12.50
NODATA_value -9999.000
[rows 49 to 97 of 144, columns 0 to 95 of 296]
180 149 134 125 123 67 45 22 21 46 19 6 -1 -7 -6 -15 -25 -25 -8 0 38 59 20 1 53 45 30 24 19 20 28 43 39 33 31 32 21 31 34 22 23 17 24 -13 0 13 14 17 29 21 4 -8 -31 -23 13 -16 -10 8 3 -3 -15 -8 9 -6 11 69 119 124 84 73 136 160 193 198 185 184 164 162 159 157 176 188 201 191 142 70 53 49 58 77 93 115 124 107 135 162
180 187 150 136 126 115 90 80 43 45 26 19 24 3 12 36 9 0 15 21 24 60 77 29 32 76 45 20 15 32 19 49 53 37 36 59 48 23 33 26 27 27 35 -4 -28 1 0 2 21 22 16 6 -2 -20 7 4 -8 9 5 4 2 -8 5 0 1 36 106 147 135 117 113 161 189 210 211 201 185 182 184 171 174 208 207 181 138 78 36 24 34 77 108 112 151 175 169 180
180 173 154 105 69 90 154 139 114 109 70 9 16 22 12 32 70 67 66 77 75 86 89 89 56 66 53 34 39 37 31 36 67 51 38 54 65 50 39 31 29 29 29 21 -28 -16 -6 -16 26 40 38 18 27 12 10 19 7 24 21 3 10 5 12 7 3 29 87 146 157 120 114 157 171 200 211 206 201 206 199 187 180 201 208 192 123 66 35 10 21 60 123 141 170 208 197 191
180 131 159 82 57 49 128 148 134 128 131 81 19 16 49 12 2 59 69 68 76 66 38 28 64 89 99 50 50 71 72 46 43 37 30 29 47 38 38 30 17 7 12 25 -2 -10 2 -21 5 64 63 43 38 46 38 36 22 32 43 26 17 11 20 23 3 24 95 142 130 101 100 123 171 174 199 189 183 197 188 187 193 208 202 189 132 62 39 15 13 57 131 178 208 234 226 217
180 158 166 109 38 36 81 165 149 144 138 104 85 67 75 88 2 -14 20 38 52 63 41 13 35 71 75 91 77 64 66 88 61 47 35 35 36 32 27 21 23 11 0 8 6 0 5 -7 -28 27 41 51 47 54 51 65 34 35 53 59 45 26 27 33 10 9 90 129 95 90 76 71 128 157 171 166 147 157 176 184 188 202 218 196 133 62 33 18 18 60 126 185 238 246 243 233
180 211 195 127 23 46 89 140 182 176 153 97 56 85 136 149 110 29 9 40 69 90 61 11 7 37 25 44 56 62 43 64 76 49 35 33 43 51 34 23 16 26 17 14 8 1 0 -5 -18 -11 -9 14 46 50 46 91 66 37 46 65 79 59 58 63 31 19 61 110 90 76 58 45 54 125 144 152 147 152 184 202 202 196 206 199 127 65 40 23 23 60 132 204 236 248 249 240
180 207 223 184 59 35 100 132 170 192 162 117 87 87 115 139 158 137 86 64 94 124 147 115 62 58 39 28 42 47 74 40 64 61 43 29 26 40 53 42 24 21 29 21 23 8 4 -6 -9 3 -7 -20 13 21 19 80 105 53 53 70 78 68 79 120 102 69 68 94 97 68 42 28 22 43 118 132 147 161 189 211 189 189 190 179 135 79 53 33 34 84 164 202 226 238 246 245
180 177 221 195 93 37 130 138 115 150 179 162 115 103 118 119 126 140 160 122 88 93 95 102 107 97 100 72 75 39 54 76 54 71 66 43 26 23 32 34 40 22 22 22 20 25 16 13 0 -5 12 -5 -10 -7 -20 5 70 77 71 71 82 50 34 148 189 99 86 87 95 85 46 17 20 20 44 125 132 161 192 189 152 147 152 145 133 110 86 49 54 109 172 212 226 229 228 228
180 128 215 204 160 59 109 112 46 98 178 183 175 158 110 84 99 111 102 110 103 111 100 67 51 47 58 41 55 89 72 68 44 51 76 70 43 43 42 27 30 36 18 19 15 15 16 10 26 -11 6 19 -2 -3 -23 -39 -17 26 68 59 62 63 32 58 92 56 57 78 101 108 82 51 39 75 50 119 166 169 176 152 128 118 124 126 133 139 112 78 70 138 188 207 217 220 219 216
180 144 171 201 194 100 67 107 64 65 112 129 122 124 118 92 71 71 55 41 33 49 65 48 41 42 50 31 11 56 94 103 96 61 62 79 52 35 46 35 21 32 22 12 15 10 15 2 20 0 -4 26 3 -4 8 -14 -26 -17 31 42 59 76 87 57 67 46 38 64 123 155 147 98 96 124 127 124 189 162 139 118 94 99 116 128 140 153 143 125 126 151 189 204 209 213 213 212
180 185 158 188 200 160 71 35 63 89 104 118 104 73 102 152 118 100 82 92 77 58 39 48 37 37 44 40 0 -9 44 108 104 95 72 55 59 48 44 28 21 17 17 8 9 7 8 4 2 10 -12 23 13 -1 -3 7 -8 -16 7 16 63 120 93 80 87 82 74 91 156 207 211 169 116 152 177 160 165 140 102 85 66 69 103 137 159 188 193 161 153 175 193 201 204 206 205 202
180 184 157 189 218 201 137 39 16 72 114 160 155 89 23 150 203 155 117 125 155 161 145 109 90 70 77 70 20 -25 -49 1 103 77 74 59 40 27 33 24 16 13 17 2 -1 -3 1 -2 -6 6 -9 18 20 12 3 14 10 -3 1 7 44 101 96 98 110 127 132 127 165 225 241 202 151 155 150 167 177 142 104 74 42 40 86 153 180 180 176 165 165 170 181 197 201 195 187 185
180 184 167 183 218 229 197 100 21 28 50 155 198 173 75 14 148 184 162 105 156 157 138 138 139 100 63 83 62 21 -11 -60 -23 37 32 34 26 17 13 14 4 -4 -1 0 -8 -11 -8 0 -2 10 -8 -12 24 19 -1 -2 25 2 6 29 49 97 130 150 174 188 170 140 152 208 226 195 154 135 140 157 169 153 116 93 70 38 70 132 154 152 155 151 158 168 173 191 205 197 184 179
180 197 186 185 198 222 229 181 82 37 -2 5 168 153 154 115 65 109 153 115 112 174 171 123 95 121 119 84 67 24 15 3 -21 10 33 22 27 23 7 10 6 1 -3 7 -2 -4 -12 -7 -3 12 16 -12 -7 13 1 -22 -10 -4 -5 36 84 132 186 210 225 231 217 177 159 166 142 136 119 123 161 163 167 171 158 135 117 92 94 125 144 148 145 145 152 165 173 180 196 192 178 182
180 193 190 176 200 237 243 214 170 156 90 -11 14 100 25 102 188 124 77 96 133 163 161 167 141 87 98 134 134 79 18 -14 -5 20 44 40 36 39 32 21 24 20 4 2 5 1 -4 -30 -31 -32 -12 -17 -11 -9 -13 -10 -21 -24 -20 36 131 187 226 235 231 230 220 202 191 106 64 104 126 148 192 188 196 192 184 172 173 151 140 149 136 133 131 135 143 155 164 168 174 165 150 161
180 193 182 161 194 228 232 222 162 191 229 143 72 118 85 1 101 210 163 50 46 194 181 151 165 154 104 111 141 147 115 37 -6 23 41 48 53 57 46 36 35 18 12 12 2 -7 8 2 -12 -23 -26 -27 -1 -9 -27 -30 -16 -13 -17 18 95 153 190 209 210 204 188 164 93 76 96 158 197 154 186 200 203 202 214 212 178 125 102 126 129 126 119 122 131 142 157 166 166 163 147 122
180 204 183 158 178 194 201 240 251 157 157 164 151 144 153 98 82 182 195 180 60 73 177 197 163 140 117 125 120 132 122 107 47 44 65 56 40 44 48 23 26 22 -10 -15 -3 -9 -16 -5 -6 -2 -10 -25 -18 8 -18 -35 -27 -23 -21 -8 37 71 87 144 186 167 160 121 61 47 66 43 44 25 25 34 34 24 82 89 88 78 57 51 68 94 119 119 124 128 138 158 157 163 166 116
180 203 183 153 143 171 196 248 253 223 205 121 125 107 113 172 177 178 189 178 154 139 145 132 151 169 162 139 110 101 87 44 51 52 49 46 38 23 16 10 -6 0 0 -19 -22 -20 -23 -24 -27 -29 -34 -43 -65 -23 -17 -30 -28 -27 -32 -35 -22 -6 -13 -11 32 71 76 68 10 -29 -23 -10 -8 -11 -4 5 10 -16 3 31 27 40 63 33 16 26 72 114 120 120 109 124 141 141 131 101
180 204 176 162 142 139 166 252 252 204 199 151 107 118 138 185 195 170 150 193 194 169 205 176 123 83 106 170 189 95 103 68 13 -2 23 13 19 28 19 11 2 -3 -6 -7 -10 -17 -21 -22 -22 -35 -48 -22 -46 -58 -37 -36 -44 -35 -34 -30 -28 -30 -37 -40 -32 -15 -15 -8 -18 -25 -22 -15 -16 -23 -15 -2 8 2 0 17 0 3 66 70 26 14 34 88 110 123 112 99 122 120 93 90
180 213 187 179 149 117 131 242 234 161 198 186 99 138 183 199 194 187 171 208 183 166 210 209 205 185 109 81 122 90 67 100 79 35 2 13 19 28 39 33 23 8 -1 -11 -8 -8 -14 -20 -20 -17 -30 -45 -21 -41 -48 -47 -60 -56 -47 -33 -18 -19 -40 -36 -32 -20 -13 -17 -19 -21 -12 -3 -14 -21 -21 -9 -5 14 17 22 -6 -28 12 75 46 30 39 77 98 102 119 99 107 122 91 65
180 223 206 196 152 117 123 169 204 178 218 211 98 136 193 192 196 205 197 169 196 206 196 183 169 212 228 194 170 176 128 84 57 80 82 22 30 37 31 33 35 24 15 1 -7 -2 -18 -9 -14 -30 -25 -30 -41 -45 -44 -42 -51 -56 -48 -44 -42 -25 -30 -38 -26 -23 -14 -9 -8 -13 -16 -1 -5 -21 -17 -20 -26 -2 25 29 3 -32 -31 15 22 16 33 70 95 84 102 99 88 109 100 70
180 215 204 209 189 130 107 59 184 229 212 183 114 175 211 194 207 198 187 205 208 171 146 149 171 218 208 201 178 162 189 202 153 74 103 99 40 49 39 31 36 27 21 12 -4 -8 -17 -29 -18 -17 -38 -40 -38 -41 -44 -43 -43 -51 -40 -39 -40 -48 -32 -36 -30 -28 -19 -10 -11 -7 -10 -7 0 -18 -20 -21 -30 -22 13 24 12 -18 -37 -31 -23 -18 -4 27 79 81 86 94 81 92 98 72
180 214 212 219 201 161 133 125 108 170 193 175 118 168 208 194 205 203 182 205 216 187 135 130 149 156 174 181 185 174 161 199 203 176 143 149 108 60 52 32 30 26 14 11 1 -18 -15 -30 -31 -27 -31 -33 -37 -36 -42 -48 -49 -43 -32 -40 -41 -47 -41 -37 -33 -31 -25 -15 -7 -4 -10 -10 2 4 -16 -28 -25 -17 9 19 17 -3 -23 -24 -34 -35 -26 -3 56 80 73 88 86 87 87 78
180 213 212 207 213 193 114 145 177 139 146 189 159 156 210 201 201 190 176 211 217 199 161 122 88 102 156 174 184 183 195 209 215 200 132 180 229 158 77 43 24 25 15 6 1 1 -16 -14 -23 -27 -33 -34 -33 -38 -41 -41 -50 -40 -39 -29 -49 -45 -48 -34 -32 -33 -25 -13 -8 2 -4 -12 1 3 7 -22 -36 -15 15 19 21 16 -11 -14 -10 -15 -23 -14 39 95 87 77 73 80 96 74
180 212 203 202 205 186 129 153 189 149 125 213 192 120 198 200 204 196 180 211 207 187 149 106 103 112 154 177 198 217 208 188 216 208 181 218 234 221 169 83 48 23 24 23 11 6 3 -11 -23 -23 -25 -38 -40 -38 -41 -40 -40 -30 -33 -33 -38 -42 -43 -39 -30 -24 -25 -16 -10 -11 6 -14 -8 13 -2 -9 -26 -29 4 9 6 18 11 -16 -15 -5 -7 -20 4 70 81 74 101 63 72 78
180 215 208 195 187 178 139 162 205 168 146 198 190 112 174 207 209 199 182 201 195 174 125 70 98 160 188 187 174 204 218 186 194 219 198 227 236 222 197 101 75 64 41 31 27 11 9 6 -7 -26 -27 -32 -34 -35 -35 -37 -27 -34 -23 -37 -29 -33 -34 -34 -29 -23 -17 -18 0 -5 -4 18 0 9 22 12 -11 -21 -1 -4 -3 5 30 19 -1 -11 -3 -16 -19 0 60 68 58 105 69 69
180 222 215 200 179 149 132 175 208 168 158 200 211 128 138 198 213 204 170 189 189 164 140 101 99 151 153 172 170 167 198 201 179 195 194 192 220 240 233 141 59 61 53 41 33 19 10 5 -3 -8 -14 -25 -29 -29 -29 -37 -29 -23 -26 -27 -32 -29 -31 -32 -28 -19 -15 -4 -9 5 3 13 40 41 2 27 20 -1 0 37 10 16 18 34 17 0 3 -17 -25 -8 21 34 67 68 86 91
180 223 225 189 164 146 118 177 211 179 168 184 220 150 111 187 210 203 194 181 157 170 162 146 166 169 160 165 183 176 175 196 204 194 191 183 187 220 239 224 127 63 69 48 37 22 13 19 15 -12 -7 -3 -18 -15 -25 -21 -30 -25 -24 -21 -29 -28 -24 -25 -19 -12 -13 1 5 -7 22 30 8 49 12 -8 4 16 -17 -4 17 27 7 3 13 -18 -26 0 -18 -12 16 19 4 48 74 92
180 218 222 199 175 141 112 179 214 171 194 217 196 136 94 173 204 211 195 172 150 152 180 196 206 203 190 174 180 188 193 194 211 217 203 192 181 178 202 230 222 122 82 75 69 56 31 15 28 23 -4 8 8 6 -6 -11 -16 -15 -24 -8 -19 -29 -18 -20 -15 -4 -9 4 25 9 -11 13 8 13 40 0 19 22 46 5 -12 -25 -1 -20 -11 -4 -17 -30 -18 44 -1 36 -6 4 20 49
180 218 219 203 183 154 120 162 205 167 184 220 202 144 101 138 188 203 196 194 156 126 168 208 219 225 219 197 190 177 173 193 215 234 232 208 206 184 159 196 224 190 121 95 84 83 69 56 33 54 29 7 6 12 0 0 -9 -11 -19 -14 -6 -23 -11 -2 -6 4 -11 -1 0 1 3 7 5 -2 34 22 44 30 21 33 28 -3 -26 -1 -15 -16 -12 -11 -20 -2 42 -12 18 -1 5 0
180 225 217 198 175 150 136 158 199 170 173 222 217 165 103 109 170 192 199 201 174 114 153 216 219 221 193 195 213 205 179 192 208 217 231 231 219 218 181 151 193 200 161 124 103 107 88 85 58 50 51 32 16 1 -9 -12 4 -7 -2 -7 -3 -12 -11 5 0 17 9 0 13 -3 -9 11 34 36 52 30 6 24 -2 -8 -14 -11 -18 -5 5 -4 -4 -29 -25 -13 16 0 3 -4 -1 -11
180 228 216 188 164 139 133 162 201 177 174 222 224 189 121 112 152 186 207 219 176 87 112 200 218 193 170 191 211 234 243 204 210 214 221 227 229 229 223 187 157 176 168 149 106 108 115 95 76 54 43 28 27 26 23 3 6 12 9 4 16 7 4 21 21 8 17 18 34 35 34 22 44 46 31 29 2 -6 6 -23 -11 -14 -21 -13 0 -2 0 5 -23 -12 -5 6 12 11 3 -1
180 229 216 180 155 130 128 165 206 189 179 213 219 191 142 137 148 168 199 217 187 105 84 168 218 201 187 190 219 243 238 241 231 218 218 227 230 233 234 215 187 161 160 152 141 101 103 95 100 81 58 48 44 59 62 38 24 25 26 19 6 27 26 3 55 36 27 34 43 43 60 38 20 38 54 28 2 -11 10 18 -3 4 -13 -19 -13 12 -3 -7 5 1 10 15 30 22 7 6
180 229 213 178 152 123 104 162 221 190 177 211 220 197 163 142 146 160 198 203 184 137 85 144 203 203 202 213 222 242 244 243 234 206 223 243 238 232 231 233 227 199 147 129 166 147 120 113 127 119 104 82 59 41 86 89 41 38 18 40 38 9 37 21 17 82 47 42 67 29 36 71 29 28 35 40 28 13 18 17 11 -1 2 -22 -6 33 14 4 -9 0 10 17 31 34 16 3
180 225 212 186 166 127 98 176 225 171 179 210 193 183 195 174 142 153 187 200 196 166 93 113 171 194 222 234 231 236 240 233 230 235 238 229 236 231 219 233 231 234 230 147 96 151 148 129 142 148 131 106 106 80 58 89 83 65 51 28 59 65 63 77 71 77 82 41 51 49 29 30 62 43 48 40 37 49 16 28 6 2 -16 -12 -15 35 94 30 10 0 -5 16 27 52 41 20
180 222 210 182 155 138 125 174 215 170 166 198 197 193 199 194 166 148 169 181 195 181 127 106 127 180 224 236 235 237 232 224 237 241 236 217 222 225 233 244 244 229 230 236 177 102 131 137 134 147 150 125 93 106 105 92 93 90 73 47 53 26 64 65 100 129 85 62 35 19 57 51 30 48 63 55 21 25 40 52 13 11 -15 -5 17 25 79 78 33 15 12 21 36 46 58 36
180 213 211 181 147 140 146 186 208 157 153 205 214 201 190 180 159 147 170 188 205 193 148 106 128 156 213 234 232 238 232 232 240 240 223 226 237 242 247 242 241 247 243 218 217 194 134 139 138 152 146 161 128 92 100 89 82 75 89 62 50 31 18 51 49 102 97 82 39 31 41 99 47 41 45 56 44 28 14 32 49 -4 0 6 38 60 84 91 55 16 27 31 52 57 67 36
180 206 208 190 149 127 156 193 197 155 149 201 212 201 186 175 149 148 171 192 206 186 173 133 125 160 193 222 236 235 231 234 239 234 235 242 241 246 237 240 247 245 242 230 216 220 200 177 145 145 148 155 165 130 108 99 86 80 71 84 57 53 73 81 57 86 112 94 63 44 73 122 68 39 31 37 27 32 65 29 30 -4 5 22 47 61 88 110 58 30 36 34 57 82 87 64
180 211 213 198 164 125 146 184 191 163 149 193 207 198 188 176 169 162 153 185 200 177 183 156 131 161 189 219 230 235 235 237 236 238 243 238 244 238 238 248 244 236 241 241 225 230 232 202 171 162 158 132 152 157 133 123 109 107 85 71 62 64 96 142 116 85 91 74 65 68 95 108 118 49 73 62 85 39 50 78 39 -14 -18 33 73 70 76 97 64 29 39 50 58 112 111 89
180 222 224 212 184 124 110 166 195 170 155 193 201 187 177 177 174 166 164 176 201 192 177 161 144 174 186 195 231 238 232 236 237 241 241 243 245 239 243 242 241 246 247 241 239 241 241 231 203 170 170 153 135 140 147 131 121 128 88 68 74 78 100 127 138 134 69 39 65 102 100 97 84 60 63 83 80 117 84 37 27 9 -3 19 66 82 108 99 51 33 34 40 43 85 131 107
180 230 229 219 189 129 113 157 187 175 171 190 186 175 168 173 177 170 173 179 195 190 179 162 165 203 196 175 216 230 234 238 238 241 240 242 241 243 245 244 250 245 239 245 245 249 248 228 223 211 183 162 159 134 134 140 129 119 77 16 65 119 111 111 126 148 78 34 43 106 91 80 55 32 9 64 69 64 124 100 12 -24 -10 38 98 115 104 104 66 38 36 42 55 67 100 103
180 235 231 218 194 123 101 159 187 180 176 178 167 160 162 165 179 185 176 179 190 190 189 180 168 184 194 190 205 225 237 235 238 240 240 244 242 245 246 247 245 242 243 246 247 249 246 240 234 229 215 179 153 154 151 154 161 141 88 46 36 95 126 123 108 126 91 48 51 73 118 119 77 31 18 27 64 92 104 123 60 -21 -26 -1 74 111 108 108 82 42 31 26 45 62 107 115
180 238 232 214 204 158 105 127 165 181 180 177 149 143 160 169 189 172 157 186 202 199 194 184 179 192 194 191 203 224 233 237 242 242 243 243 242 245 247 247 244 238 243 249 250 249 245 243 243 242 237 211 164 149 164 165 167 191 118 44 48 95 113 119 90 73 84 63 99 100 111 142 155 81 50 74 87 108 134 137 97 0 -26 -1 68 143 135 94 108 70 29 12 10 12 51 108
180 240 231 213 201 171 133 125 154 179 174 160 136 142 168 164 160 157 175 196 199 199 190 183 196 210 193 187 207 219 228 241 243 243 243 243 242 246 246 245 242 240 245 248 251 248 246 244 246 248 247 231 187 138 137 186 207 196 167 76 28 52 96 105 100 72 54 38 80 125 154 170 158 97 42 62 113 128 141 133 85 25 -30 -35 -10 106 179 129 119 162 101 31 18 8 16 52
180 238 229 216 206 177 149 138 146 161 160 152 139 136 147 150 156 148 161 191 204 204 199 195 208 216 198 189 197 211 231 240 244 244 245 244 246 246 245 244 241 239 242 248 249 250 248 245 249 250 248 239 196 144 139 180 224 232 213 164 96 69 105 122 116 109 106 49 24 76 139 192 178 126 71 60 103 128 141 150 109 40 -11 -35 -51 -34 73 165 136 153 181 134 49 41 27 32
180 237 234 225 208 186 166 148 145 149 143 138 131 136 143 146 119 131 177 197 209 209 208 208 216 219 208 195 189 209 234 241 244 243 245 246 248 246 246 243 238 239 246 247 250 249 246 248 252 249 248 224 170 153 163 195 229 242 231 199 173 142 125 147 148 128 118 99 30 35 76 147 178 141 93 97 137 157 149 164 138 86 56 7 -14 -38 -24 88 147 85 126 207 124 53 52 40
180 235 230 221 208 199 179 161 144 131 129 136 131 137 134 113 121 165 185 191 207 209 212 216 219 216 212 210 208 214 224 236 240 240 244 246 246 246 245 244 243 247 248 248 247 246 249 250 250 249 242 195 166 163 170 205 236 247 243 212 181 176 156 136 139 163 155 128 78 57 83 111 137 143 105 88 129 188 199 192 166 117 92 56 23 -7 -30 -3 105 161 78 113 191 137 64 63
180 227 224 223 223 211 188 166 137 119 126 138 136 88 97 129 176 181 167 187 199 205 211 216 216 214 215 217 218 216 220 230 236 240 243 243 243 244 246 248 247 247 247 249 248 250 249 249 251 247 228 194 155 155 196 243 246 234 233 231 211 193 186 181 159 173 168 120 119 132 106 100 128 147 132 114 121 151 162 173 168 139 141 107 70 38 -22 -35 -18 80 169 141 118 148 146 105
180 221 221 223 228 224 206 159 124 111 119 126 156 76 65 161 211 182 157 173 193 197 204 211 214 218 220 223 225 223 223 228 234 241 242 242 243 246 247 246 242 245 247 249 250 250 250 252 251 244 226 183 143 174 232 252 251 251 220 187 190 190 173 167 174 166 162 159 158 160 152 137 133 154 169 166 161 163 160 111 128 156 148 135 106 114 42 -11 -38 -37 8 130 206 128 67 104
