AvaFrame/avaframe/data/avaSalk/Avaflow_Input_Output/slk_results/slk_ascii/slk_basechange0027.asc
ncols 296
nrows 144
xllcenter 761600.00
yllcenter 8523000.00
cellsize 12.50
NODATA_value -9999.000
[rows 33 to 65 of 144, columns 222 to 295 of 296]
0.000 0.000 0.000 0.000 -0.000 -0.000 -0.000 -0.000 -0.000 -0.000 -0.000 -0.000 -0.000 -0.000 -0.000 -0.000 -0.000 -0.000 -0.000 -0.000 -0.000 -0.001 -0.001 -0.001 -0.002 -0.004 -0.007 -0.014 -0.026 -0.045 -0.071 -0.104 -0.146 -0.196 -0.267 -0.343 -0.426 -0.520 -0.599 -0.672 -0.727 -0.749 -0.724 -0.663 -0.572 -0.410 -0.204 -0.072 -0.021 -0.004 -0.001 -0.000 -0.000 -0.000 -0.000 0.000 0.000 0.000 0.000 0.000 0.000 0.000 0.000 0.000 0.000 0.000 0.000 0.000 0.000 0.000 0.000 0.000 0.000 0.000
0.000 0.000 0.000 -0.000 -0.000 -0.000 -0.000 -0.000 -0.000 -0.000 -0.000 -0.000 -0.000 -0.000 -0.000 -0.000 -0.000 -0.000 -0.000 -0.001 -0.001 -0.001 -0.002 -0.004 -0.007 -0.014 -0.026 -0.046 -0.074 -0.109 -0.150 -0.195 -0.249 -0.312 -0.409 -0.533 -0.669 -0.817 -0.935 -1.010 -1.049 -1.029 -0.956 -0.837 -0.679 -0.461 -0.226 -0.072 -0.020 -0.004 -0.001 -0.000 -0.000 -0.000 -0.000 0.000 0.000 0.000 0.000 0.000 0.000 0.000 0.000 0.000 0.000 0.000 0.000 0.000 0.000 0.000 0.000 0.000 0.000 0.000
0.000 -0.000 -0.000 -0.000 -0.000 -0.000 -0.000 -0.000 -0.000 -0.000 -0.000 -0.000 -0.000 -0.000 -0.000 -0.000 -0.000 -0.001 -0.001 -0.001 -0.002 -0.003 -0.006 -0.012 -0.024 -0.044 -0.073 -0.111 -0.155 -0.203 -0.254 -0.311 -0.376 -0.465 -0.610 -0.815 -1.053 -1.318 -1.525 -1.620 -1.652 -1.583 -1.405 -1.135 -0.840 -0.532 -0.241 -0.079 -0.021 -0.005 -0.001 -0.000 -0.000 -0.000 -0.000 -0.000 0.000 0.000 0.000 0.000 0.000 0.000 0.000 0.000 0.000 0.000 0.000 0.000 0.000 0.000 0.000 0.000 0.000 0.000
-0.000 -0.000 -0.000 -0.000 -0.000 -0.000 -0.000 -0.000 -0.000 -0.000 -0.000 -0.000 -0.000 -0.000 -0.000 -0.000 -0.001 -0.001 -0.002 -0.003 -0.005 -0.010 -0.020 -0.040 -0.069 -0.108 -0.154 -0.204 -0.257 -0.313 -0.373 -0.444 -0.529 -0.684 -0.942 -1.251 -1.590 -2.006 -2.392 -2.582 -2.620 -2.533 -2.250 -1.762 -1.209 -0.672 -0.274 -0.086 -0.023 -0.005 -0.001 -0.000 -0.000 -0.000 -0.000 -0.000 0.000 0.000 0.000 0.000 0.000 0.000 0.000 0.000 0.000 0.000 0.000 0.000 0.000 0.000 0.000 0.000 0.000 0.000
-0.000 -0.000 -0.000 -0.000 -0.000 -0.000 -0.000 -0.000 -0.000 -0.000 -0.000 -0.000 -0.000 -0.000 -0.001 -0.001 -0.001 -0.002 -0.004 -0.009 -0.017 -0.034 -0.062 -0.101 -0.148 -0.198 -0.252 -0.309 -0.368 -0.429 -0.495 -0.583 -0.702 -0.949 -1.369 -1.855 -2.332 -2.796 -3.192 -3.487 -3.619 -3.592 -3.200 -2.550 -1.838 -0.981 -0.347 -0.093 -0.023 -0.005 -0.001 -0.000 -0.000 -0.000 -0.000 -0.000 0.000 0.000 0.000 0.000 0.000 0.000 0.000 0.000 0.000 0.000 0.000 0.000 0.000 0.000 0.000 0.000 0.000 0.000
-0.000 -0.000 -0.000 -0.000 -0.000 -0.000 -0.000 -0.000 -0.000 -0.000 -0.000 -0.000 -0.001 -0.001 -0.001 -0.002 -0.003 -0.006 -0.013 -0.027 -0.052 -0.090 -0.137 -0.189 -0.244 -0.300 -0.358 -0.419 -0.483 -0.551 -0.622 -0.732 -0.924 -1.311 -1.896 -2.611 -3.321 -3.541 -3.284 -3.151 -3.363 -3.632 -3.399 -3.020 -2.553 -1.462 -0.464 -0.105 -0.025 -0.006 -0.001 -0.000 -0.000 -0.000 -0.000 -0.000 0.000 0.000 0.000 0.000 0.000 0.000 0.000 0.000 0.000 0.000 0.000 0.000 0.000 0.000 0.000 0.000 0.000 0.000
-0.000 -0.000 -0.000 -0.000 -0.000 -0.000 -0.000 -0.000 -0.000 -0.000 -0.001 -0.001 -0.001 -0.002 -0.003 -0.005 -0.009 -0.019 -0.040 -0.075 -0.121 -0.174 -0.231 -0.290 -0.350 -0.413 -0.476 -0.543 -0.612 -0.685 -0.771 -0.913 -1.242 -1.850 -2.548 -3.121 -3.661 -3.740 -3.241 -2.464 -2.044 -2.404 -2.685 -2.971 -3.020 -1.841 -0.528 -0.111 -0.026 -0.006 -0.002 -0.000 -0.000 -0.000 -0.000 -0.000 0.000 0.000 0.000 0.000 0.000 0.000 0.000 0.000 0.000 0.000 0.000 0.000 0.000 0.000 0.000 0.000 0.000 0.000
-0.000 -0.000 -0.000 -0.000 -0.000 -0.000 -0.000 -0.000 -0.001 -0.001 -0.001 -0.002 -0.002 -0.004 -0.007 -0.014 -0.028 -0.056 -0.100 -0.155 -0.215 -0.276 -0.338 -0.405 -0.471 -0.541 -0.610 -0.684 -0.764 -0.848 -0.957 -1.156 -1.659 -2.336 -2.661 -2.887 -3.276 -3.199 -2.972 -2.431 -1.855 -1.864 -1.949 -2.950 -3.149 -1.902 -0.528 -0.105 -0.025 -0.006 -0.002 -0.001 -0.000 -0.000 -0.000 -0.000 0.000 0.000 0.000 0.000 0.000 0.000 0.000 0.000 0.000 0.000 0.000 0.000 0.000 0.000 0.000 0.000 0.000 0.000
-0.000 -0.000 -0.000 -0.000 -0.000 -0.000 -0.000 -0.001 -0.001 -0.001 -0.002 -0.003 -0.005 -0.010 -0.020 -0.041 -0.078 -0.132 -0.196 -0.261 -0.326 -0.396 -0.465 -0.539 -0.614 -0.691 -0.769 -0.850 -0.942 -1.045 -1.202 -1.504 -2.096 -2.511 -2.392 -2.317 -2.503 -2.382 -2.453 -2.225 -1.785 -1.908 -2.000 -3.049 -3.013 -1.589 -0.443 -0.093 -0.023 -0.005 -0.002 -0.001 -0.000 -0.000 -0.000 -0.000 0.000 0.000 0.000 0.000 0.000 0.000 0.000 0.000 0.000 0.000 0.000 0.000 0.000 0.000 0.000 0.000 0.000 0.000
-0.000 -0.000 -0.000 -0.000 -0.000 -0.001 -0.001 -0.001 -0.002 -0.003 -0.005 -0.008 -0.015 -0.029 -0.060 -0.110 -0.178 -0.252 -0.327 -0.401 -0.472 -0.545 -0.625 -0.708 -0.793 -0.881 -0.972 -1.065 -1.176 -1.313 -1.542 -2.005 -2.522 -2.615 -2.324 -2.282 -2.282 -2.136 -2.448 -2.372 -2.057 -2.050 -2.184 -2.851 -2.285 -1.057 -0.298 -0.074 -0.019 -0.005 -0.002 -0.001 -0.000 -0.000 -0.000 -0.000 0.000 0.000 0.000 0.000 0.000 0.000 0.000 0.000 0.000 0.000 0.000 0.000 0.000 0.000 0.000 0.000 0.000 0.000
-0.000 -0.000 -0.000 -0.001 -0.001 -0.001 -0.002 -0.003 -0.004 -0.007 -0.013 -0.024 -0.046 -0.088 -0.153 -0.236 -0.322 -0.407 -0.490 -0.572 -0.655 -0.740 -0.836 -0.934 -1.033 -1.139 -1.248 -1.372 -1.523 -1.746 -2.077 -2.594 -2.899 -2.784 -2.569 -2.477 -2.518 -2.317 -2.391 -2.402 -2.231 -2.172 -2.366 -2.319 -1.480 -0.629 -0.178 -0.052 -0.015 -0.004 -0.002 -0.001 -0.000 -0.000 -0.000 -0.000 0.000 0.000 0.000 0.000 0.000 0.000 0.000 0.000 0.000 0.000 0.000 0.000 0.000 0.000 0.000 0.000 0.000 0.000
-0.000 -0.001 -0.001 -0.001 -0.002 -0.002 -0.004 -0.006 -0.011 -0.021 -0.040 -0.075 -0.133 -0.213 -0.308 -0.406 -0.496 -0.584 -0.674 -0.775 -0.881 -0.995 -1.127 -1.257 -1.386 -1.526 -1.688 -1.877 -2.140 -2.514 -2.939 -3.246 -3.292 -3.148 -3.100 -2.962 -2.983 -3.044 -3.034 -2.998 -2.782 -2.460 -2.199 -1.590 -0.838 -0.333 -0.108 -0.035 -0.010 -0.004 -0.001 -0.001 -0.000 -0.000 -0.000 -0.000 0.000 0.000 0.000 0.000 0.000 0.000 0.000 0.000 0.000 0.000 0.000 0.000 0.000 0.000 0.000 0.000 0.000 0.000
-0.001 -0.001 -0.002 -0.002 -0.003 -0.005 -0.009 -0.017 -0.034 -0.065 -0.117 -0.192 -0.291 -0.395 -0.497 -0.597 -0.697 -0.802 -0.912 -1.048 -1.209 -1.374 -1.564 -1.772 -1.976 -2.202 -2.484 -2.822 -3.203 -3.597 -3.960 -4.075 -3.942 -3.787 -3.797 -3.839 -3.856 -3.917 -3.836 -3.477 -2.902 -2.143 -1.495 -0.866 -0.398 -0.157 -0.060 -0.022 -0.007 -0.003 -0.001 -0.000 -0.000 -0.000 -0.000 -0.000 0.000 0.000 0.000 0.000 0.000 0.000 0.000 0.000 0.000 0.000 0.000 0.000 0.000 0.000 0.000 0.000 0.000 0.000
-0.001 -0.002 -0.003 -0.005 -0.008 -0.014 -0.026 -0.052 -0.099 -0.167 -0.257 -0.362 -0.475 -0.592 -0.701 -0.819 -0.951 -1.097 -1.270 -1.478 -1.740 -2.023 -2.310 -2.619 -2.943 -3.263 -3.633 -4.012 -4.300 -4.467 -4.546 -4.573 -4.463 -4.279 -4.203 -4.108 -3.926 -3.584 -3.108 -2.529 -1.864 -1.233 -0.725 -0.373 -0.167 -0.071 -0.031 -0.012 -0.005 -0.002 -0.001 -0.000 -0.000 -0.000 -0.000 -0.000 0.000 0.000 0.000 0.000 0.000 0.000 0.000 0.000 0.000 0.000 0.000 0.000 0.000 0.000 0.000 0.000 0.000 0.000
-0.003 -0.004 -0.007 -0.011 -0.021 -0.042 -0.079 -0.139 -0.222 -0.323 -0.429 -0.545 -0.666 -0.800 -0.944 -1.106 -1.310 -1.543 -1.825 -2.180 -2.579 -3.005 -3.402 -3.735 -3.994 -4.193 -4.375 -4.561 -4.669 -4.624 -4.476 -4.375 -4.205 -3.906 -3.636 -3.266 -2.687 -2.092 -1.645 -1.255 -0.883 -0.547 -0.302 -0.154 -0.073 -0.034 -0.016 -0.007 -0.003 -0.001 -0.001 -0.000 -0.000 -0.000 -0.000 0.000 0.000 0.000 0.000 0.000 0.000 0.000 0.000 0.000 0.000 0.000 0.000 0.000 0.000 0.000 0.000 0.000 0.000 0.000
-0.006 -0.010 -0.017 -0.033 -0.063 -0.115 -0.192 -0.287 -0.391 -0.505 -0.622 -0.748 -0.895 -1.065 -1.266 -1.516 -1.835 -2.217 -2.632 -3.113 -3.605 -4.001 -4.253 -4.393 -4.425 -4.397 -4.390 -4.404 -4.322 -4.097 -3.733 -3.370 -3.019 -2.604 -2.191 -1.789 -1.401 -1.073 -0.818 -0.600 -0.408 -0.251 -0.142 -0.076 -0.039 -0.019 -0.009 -0.004 -0.002 -0.001 -0.001 -0.000 -0.000 -0.000 -0.000 0.000 0.000 0.000 0.000 0.000 0.000 0.000 0.000 0.000 0.000 0.000 0.000 0.000 0.000 0.000 0.000 0.000 0.000 0.000
-0.015 -0.027 -0.052 -0.095 -0.162 -0.249 -0.353 -0.464 -0.582 -0.713 -0.860 -1.020 -1.217 -1.466 -1.752 -2.111 -2.557 -3.064 -3.542 -3.970 -4.259 -4.384 -4.331 -4.202 -4.039 -3.856 -3.720 -3.568 -3.334 -2.996 -2.592 -2.176 -1.804 -1.497 -1.244 -1.028 -0.828 -0.643 -0.487 -0.355 -0.244 -0.153 -0.088 -0.047 -0.023 -0.011 -0.006 -0.003 -0.001 -0.001 -0.000 -0.000 -0.000 -0.000 -0.000 0.000 0.000 0.000 0.000 0.000 0.000 0.000 0.000 0.000 0.000 0.000 0.000 0.000 0.000 0.000 0.000 0.000 0.000 0.000
-0.043 -0.080 -0.139 -0.220 -0.321 -0.431 -0.542 -0.665 -0.805 -0.970 -1.169 -1.406 -1.678 -2.025 -2.423 -2.863 -3.345 -3.818 -4.163 -4.308 -4.264 -4.055 -3.728 -3.406 -3.133 -2.898 -2.721 -2.554 -2.328 -2.051 -1.756 -1.469 -1.215 -1.010 -0.851 -0.712 -0.578 -0.454 -0.346 -0.252 -0.170 -0.104 -0.057 -0.028 -0.013 -0.007 -0.004 -0.002 -0.001 -0.001 -0.000 -0.000 -0.000 -0.000 -0.000 0.000 0.000 0.000 0.000 0.000 0.000 0.000 0.000 0.000 0.000 0.000 0.000 0.000 0.000 0.000 0.000 0.000 0.000 0.000
-0.115 -0.189 -0.285 -0.393 -0.508 -0.633 -0.764 -0.914 -1.095 -1.311 -1.576 -1.885 -2.238 -2.639 -3.079 -3.512 -3.904 -4.156 -4.189 -3.973 -3.611 -3.191 -2.800 -2.492 -2.275 -2.120 -2.002 -1.878 -1.702 -1.481 -1.261 -1.066 -0.899 -0.761 -0.641 -0.536 -0.435 -0.340 -0.258 -0.186 -0.120 -0.067 -0.033 -0.016 -0.008 -0.004 -0.002 -0.001 -0.001 -0.000 -0.000 -0.000 -0.000 -0.000 0.000 0.000 0.000 0.000 0.000 0.000 0.000 0.000 0.000 0.000 0.000 0.000 0.000 0.000 0.000 0.000 0.000 0.000 0.000 0.000
-0.250 -0.351 -0.462 -0.583 -0.712 -0.853 -1.020 -1.211 -1.444 -1.716 -2.042 -2.393 -2.771 -3.153 -3.536 -3.865 -4.027 -3.940 -3.617 -3.154 -2.658 -2.273 -2.009 -1.858 -1.773 -1.694 -1.601 -1.475 -1.311 -1.127 -0.962 -0.822 -0.702 -0.602 -0.510 -0.423 -0.339 -0.261 -0.193 -0.133 -0.080 -0.041 -0.020 -0.010 -0.005 -0.003 -0.002 -0.001 -0.001 -0.000 -0.000 -0.000 -0.000 -0.000 0.000 0.000 0.000 0.000 0.000 0.000 0.000 0.000 0.000 0.000 0.000 0.000 0.000 0.000 0.000 0.000 0.000 0.000 0.000 0.000
-0.431 -0.543 -0.662 -0.794 -0.942 -1.111 -1.309 -1.539 -1.822 -2.132 -2.475 -2.823 -3.174 -3.500 -3.736 -3.859 -3.719 -3.307 -2.794 -2.300 -1.926 -1.703 -1.587 -1.531 -1.502 -1.442 -1.332 -1.194 -1.041 -0.892 -0.763 -0.660 -0.574 -0.493 -0.416 -0.342 -0.270 -0.203 -0.144 -0.092 -0.051 -0.025 -0.013 -0.007 -0.004 -0.002 -0.001 -0.001 -0.000 -0.000 -0.000 -0.000 -0.000 -0.000 0.000 0.000 0.000 0.000 0.000 0.000 0.000 0.000 0.000 0.000 0.000 0.000 0.000 0.000 0.000 0.000 0.000 0.000 0.000 0.000
-0.613 -0.738 -0.872 -1.023 -1.195 -1.394 -1.628 -1.893 -2.194 -2.516 -2.833 -3.138 -3.421 -3.639 -3.650 -3.467 -3.122 -2.605 -2.117 -1.765 -1.544 -1.430 -1.374 -1.349 -1.316 -1.240 -1.116 -0.973 -0.835 -0.720 -0.625 -0.542 -0.474 -0.410 -0.343 -0.276 -0.214 -0.157 -0.106 -0.063 -0.033 -0.017 -0.008 -0.005 -0.002 -0.001 -0.001 -0.000 -0.000 -0.000 -0.000 -0.000 -0.000 0.000 0.000 0.000 0.000 0.000 0.000 0.000 0.000 0.000 0.000 0.000 0.000 0.000 0.000 0.000 0.000 0.000 0.000 0.000 0.000 0.000
-0.790 -0.926 -1.078 -1.252 -1.454 -1.687 -1.950 -2.247 -2.531 -2.828 -3.101 -3.346 -3.509 -3.519 -3.309 -2.926 -2.476 -2.043 -1.709 -1.492 -1.365 -1.298 -1.260 -1.223 -1.160 -1.060 -0.928 -0.791 -0.675 -0.585 -0.517 -0.456 -0.398 -0.341 -0.282 -0.223 -0.169 -0.121 -0.077 -0.043 -0.022 -0.011 -0.006 -0.003 -0.002 -0.001 -0.001 -0.000 -0.000 -0.000 -0.000 -0.000 -0.000 0.000 0.000 0.000 0.000 0.000 0.000 0.000 0.000 0.000 0.000 0.000 0.000 0.000 0.000 0.000 0.000 0.000 0.000 0.000 0.000 0.000
-0.990 -1.133 -1.300 -1.497 -1.724 -1.982 -2.258 -2.538 -2.802 -3.053 -3.252 -3.402 -3.417 -3.213 -2.856 -2.410 -1.967 -1.640 -1.444 -1.337 -1.271 -1.222 -1.179 -1.115 -1.017 -0.893 -0.763 -0.645 -0.554 -0.485 -0.432 -0.385 -0.338 -0.287 -0.232 -0.180 -0.133 -0.091 -0.055 -0.029 -0.015 -0.008 -0.004 -0.002 -0.001 -0.001 -0.000 -0.000 -0.000 -0.000 -0.000 -0.000 0.000 0.000 0.000 0.000 0.000 0.000 0.000 0.000 0.000 0.000 0.000 0.000 0.000 0.000 0.000 0.000 0.000 0.000 0.000 0.000 0.000 0.000
-1.197 -1.354 -1.547 -1.756 -1.991 -2.248 -2.506 -2.752 -2.971 -3.177 -3.290 -3.276 -3.118 -2.781 -2.327 -1.876 -1.561 -1.377 -1.276 -1.227 -1.199 -1.154 -1.083 -0.990 -0.872 -0.741 -0.622 -0.529 -0.461 -0.410 -0.366 -0.325 -0.284 -0.239 -0.190 -0.144 -0.104 -0.068 -0.038 -0.019 -0.010 -0.005 -0.003 -0.002 -0.001 -0.001 -0.000 -0.000 -0.000 -0.000 -0.000 -0.000 0.000 0.000 0.000 0.000 0.000 0.000 0.000 0.000 0.000 0.000 0.000 0.000 0.000 0.000 0.000 0.000 0.000 0.000 0.000 0.000 0.000 0.000
-1.394 -1.565 -1.779 -2.003 -2.222 -2.467 -2.694 -2.903 -3.075 -3.200 -3.213 -3.031 -2.683 -2.232 -1.792 -1.453 -1.265 -1.188 -1.163 -1.148 -1.126 -1.069 -0.969 -0.849 -0.722 -0.601 -0.508 -0.439 -0.388 -0.348 -0.312 -0.276 -0.235 -0.195 -0.153 -0.114 -0.080 -0.049 -0.026 -0.013 -0.006 -0.003 -0.002 -0.001 -0.001 -0.000 -0.000 -0.000 -0.000 -0.000 -0.000 0.000 0.000 0.000 0.000 0.000 0.000 0.000 0.000 0.000 0.000 0.000 0.000 0.000 0.000 0.000 0.000 0.000 0.000 0.000 0.000 0.000 0.000 0.000
-1.584 -1.774 -1.986 -2.208 -2.414 -2.630 -2.855 -3.009 -3.113 -3.120 -2.976 -2.654 -2.212 -1.766 -1.424 -1.215 -1.114 -1.082 -1.079 -1.076 -1.045 -0.963 -0.839 -0.709 -0.586 -0.489 -0.420 -0.370 -0.331 -0.298 -0.266 -0.233 -0.195 -0.157 -0.121 -0.089 -0.060 -0.035 -0.018 -0.008 -0.004 -0.002 -0.001 -0.001 -0.000 -0.000 -0.000 -0.000 -0.000 -0.000 -0.000 0.000 0.000 0.000 0.000 0.000 0.000 0.000 0.000 0.000 0.000 0.000 0.000 0.000 0.000 0.000 0.000 0.000 0.000 0.000 0.000 0.000 0.000 0.000
-1.772 -1.974 -2.172 -2.377 -2.571 -2.755 -2.940 -3.066 -3.074 -2.919 -2.603 -2.195 -1.763 -1.421 -1.210 -1.095 -1.047 -1.041 -1.037 -1.009 -0.945 -0.839 -0.701 -0.580 -0.482 -0.410 -0.359 -0.319 -0.287 -0.258 -0.229 -0.196 -0.161 -0.128 -0.098 -0.070 -0.045 -0.025 -0.012 -0.006 -0.003 -0.002 -0.001 -0.001 -0.000 -0.000 -0.000 -0.000 -0.000 -0.000 -0.000 0.000 0.000 0.000 0.000 0.000 0.000 0.000 0.000 0.000 0.000 0.000 0.000 0.000 0.000 0.000 0.000 0.000 0.000 0.000 0.000 0.000 0.000 0.000
-1.958 -2.146 -2.343 -2.518 -2.688 -2.845 -2.980 -3.018 -2.906 -2.604 -2.171 -1.751 -1.417 -1.200 -1.090 -1.039 -1.019 -1.017 -0.992 -0.932 -0.831 -0.700 -0.572 -0.475 -0.405 -0.353 -0.312 -0.279 -0.250 -0.224 -0.197 -0.166 -0.134 -0.106 -0.080 -0.055 -0.034 -0.018 -0.009 -0.004 -0.002 -0.001 -0.001 -0.000 -0.000 -0.000 -0.000 -0.000 -0.000 -0.000 -0.000 0.000 0.000 0.000 0.000 0.000 0.000 0.000 0.000 0.000 0.000 0.000 0.000 0.000 0.000 0.000 0.000 0.000 0.000 0.000 0.000 0.000 0.000 0.000
-2.129 -2.296 -2.475 -2.630 -2.767 -2.875 -2.933 -2.867 -2.613 -2.198 -1.758 -1.420 -1.201 -1.084 -1.026 -1.014 -1.004 -0.976 -0.918 -0.821 -0.695 -0.567 -0.467 -0.399 -0.349 -0.308 -0.275 -0.245 -0.218 -0.193 -0.168 -0.140 -0.113 -0.088 -0.064 -0.042 -0.025 -0.013 -0.006 -0.003 -0.002 -0.001 -0.001 -0.000 -0.000 -0.000 -0.000 -0.000 -0.000 -0.000 -0.000 0.000 0.000 0.000 0.000 0.000 0.000 0.000 0.000 0.000 0.000 0.000 0.000 0.000 0.000 0.000 0.000 0.000 0.000 0.000 0.000 0.000 0.000 0.000
-2.285 -2.435 -2.574 -2.696 -2.786 -2.838 -2.787 -2.604 -2.254 -1.802 -1.433 -1.205 -1.084 -1.028 -1.003 -0.993 -0.970 -0.901 -0.804 -0.686 -0.561 -0.459 -0.390 -0.343 -0.306 -0.273 -0.243 -0.216 -0.190 -0.167 -0.143 -0.119 -0.096 -0.073 -0.050 -0.030 -0.017 -0.009 -0.004 -0.002 -0.001 -0.001 -0.000 -0.000 -0.000 -0.000 -0.000 -0.000 -0.000 -0.000 -0.000 0.000 0.000 0.000 0.000 0.000 0.000 0.000 0.000 0.000 0.000 0.000 0.000 0.000 0.000 0.000 0.000 0.000 0.000 0.000 0.000 0.000 0.000 0.000
-2.418 -2.539 -2.647 -2.719 -2.759 -2.739 -2.597 -2.282 -1.856 -1.478 -1.224 -1.085 -1.020 -0.999 -0.987 -0.961 -0.900 -0.794 -0.670 -0.553 -0.454 -0.382 -0.332 -0.298 -0.270 -0.243 -0.216 -0.189 -0.165 -0.144 -0.123 -0.102 -0.080 -0.057 -0.036 -0.020 -0.011 -0.006 -0.003 -0.001 -0.001 -0.000 -0.000 -0.000 -0.000 -0.000 -0.000 -0.000 -0.000 -0.000 -0.000 0.000 0.000 0.000 0.000 0.000 0.000 0.000 0.000 0.000 0.000 0.000 0.000 0.000 0.000 0.000 0.000 0.000 0.000 0.000 0.000 0.000 0.000 0.000
-2.520 -2.610 -2.690 -2.732 -2.713 -2.582 -2.316 -1.909 -1.504 -1.236 -1.094 -1.015 -0.978 -0.965 -0.939 -0.884 -0.795 -0.671 -0.549 -0.450 -0.377 -0.325 -0.288 -0.259 -0.237 -0.214 -0.190 -0.165 -0.143 -0.124 -0.105 -0.085 -0.064 -0.042 -0.024 -0.013 -0.007 -0.004 -0.002 -0.001 -0.001 -0.000 -0.000 -0.000 -0.000 -0.000 -0.000 -0.000 -0.000 -0.000 -0.000 0.000 0.000 0.000 0.000 0.000 0.000 0.000 0.000 0.000 0.000 0.000 0.000 0.000 0.000 0.000 0.000 0.000 0.000 0.000 0.000 0.000 0.000 0.000
