AvaFrame/avaframe/data/avaSalk/Avaflow_Input_Output/slk_results/slk_ascii/slk_hflow10026.asc
ncols 296
nrows 144
xllcenter 761600.00
yllcenter 8523000.00
cellsize 12.50
NODATA_value -9999.000
[rows 102 to 135 of 144, columns 154 to 230 of 296]
1.750 1.826 1.897 2.099 2.430 2.669 2.832 2.967 3.134 3.273 3.331 3.313 3.298 3.226 3.106 3.038 2.923 2.733 2.549 2.335 2.161 1.993 1.812 1.644 1.503 1.410 1.349 1.323 1.349 1.480 1.764 2.166 2.655 2.973 3.102 3.182 3.160 2.981 2.729 2.225 1.448 0.833 0.765 0.993 1.352 1.743 2.186 2.760 3.560 4.622 5.918 7.430 8.464 9.492 10.222 10.956 11.464 11.886 12.125 12.480 12.491 12.495 12.252 11.974 11.631 10.714 9.169 6.966 4.889 3.311 2.088 1.163 0.564 0.273 0.185 0.178 0.201
0.384 0.408 0.425 0.504 0.688 0.883 1.038 1.188 1.304 1.336 1.317 1.295 1.306 1.299 1.261 1.215 1.101 0.919 0.747 0.612 0.515 0.452 0.409 0.366 0.326 0.299 0.287 0.290 0.324 0.446 0.678 0.938 1.092 1.151 1.206 1.344 1.456 1.442 1.158 0.592 0.193 0.133 0.204 0.393 0.711 1.203 1.841 2.613 3.576 4.815 6.376 8.105 9.579 10.832 11.867 12.712 13.313 13.733 13.910 14.151 14.059 13.990 13.790 13.500 12.954 12.326 10.814 8.491 6.348 4.653 3.292 2.257 1.488 0.969 0.723 0.677 0.754
0.079 0.077 0.074 0.084 0.124 0.178 0.231 0.287 0.318 0.320 0.308 0.295 0.297 0.307 0.310 0.297 0.257 0.187 0.133 0.102 0.088 0.082 0.078 0.072 0.066 0.062 0.060 0.060 0.069 0.103 0.172 0.236 0.256 0.257 0.269 0.326 0.396 0.403 0.280 0.074 0.028 0.030 0.045 0.098 0.228 0.514 1.106 2.058 3.288 4.719 6.386 8.156 9.982 11.501 12.939 14.031 14.658 15.009 15.021 15.266 15.348 15.184 14.594 14.628 14.059 13.696 12.180 10.068 7.871 6.107 4.698 3.596 2.757 2.154 1.843 1.785 1.894
0.024 0.023 0.022 0.024 0.032 0.043 0.054 0.063 0.065 0.065 0.062 0.059 0.060 0.065 0.068 0.066 0.057 0.043 0.032 0.027 0.025 0.023 0.022 0.021 0.020 0.019 0.019 0.020 0.023 0.030 0.042 0.052 0.056 0.057 0.057 0.060 0.068 0.066 0.044 0.018 0.011 0.011 0.012 0.019 0.043 0.123 0.373 1.090 2.442 4.169 6.113 7.993 9.866 11.505 13.138 14.398 15.302 16.015 16.084 16.085 16.020 15.823 15.488 15.593 14.964 14.656 13.684 12.114 9.780 7.854 6.421 5.224 4.315 3.679 3.370 3.313 3.401
0.009 0.009 0.009 0.009 0.011 0.015 0.018 0.020 0.020 0.019 0.018 0.018 0.019 0.020 0.021 0.020 0.017 0.013 0.011 0.010 0.009 0.008 0.008 0.008 0.008 0.008 0.008 0.008 0.010 0.012 0.015 0.018 0.019 0.018 0.017 0.018 0.018 0.018 0.015 0.009 0.006 0.006 0.006 0.007 0.010 0.019 0.064 0.305 1.196 2.945 5.099 7.159 9.264 11.166 12.844 14.359 15.306 15.917 16.340 16.380 16.423 16.181 15.815 15.778 15.430 15.297 14.626 13.606 11.749 9.965 8.515 7.286 6.327 5.693 5.350 5.190 5.073
0.004 0.004 0.004 0.004 0.005 0.006 0.007 0.008 0.008 0.007 0.007 0.007 0.007 0.008 0.008 0.007 0.006 0.005 0.004 0.004 0.004 0.004 0.003 0.003 0.003 0.004 0.004 0.004 0.005 0.006 0.007 0.008 0.008 0.008 0.008 0.009 0.010 0.010 0.009 0.007 0.005 0.004 0.003 0.004 0.004 0.006 0.011 0.041 0.338 1.436 3.435 5.671 7.964 10.331 12.242 13.956 15.018 15.737 16.120 16.335 16.519 16.189 15.851 15.802 15.646 15.566 15.187 14.878 13.449 11.820 10.437 9.321 8.359 7.664 7.215 6.793 6.351
0.002 0.002 0.002 0.002 0.002 0.003 0.003 0.003 0.003 0.003 0.003 0.003 0.003 0.003 0.003 0.003 0.002 0.002 0.002 0.002 0.002 0.002 0.002 0.002 0.002 0.002 0.002 0.003 0.003 0.004 0.005 0.005 0.005 0.005 0.006 0.007 0.007 0.007 0.007 0.006 0.004 0.003 0.002 0.002 0.002 0.003 0.004 0.008 0.049 0.428 1.621 3.647 6.034 8.643 11.006 13.029 14.117 14.933 15.303 15.429 15.988 16.093 15.945 15.826 15.664 15.629 15.393 15.493 14.545 13.178 11.690 10.518 9.605 8.886 8.342 7.765 7.120
0.001 0.001 0.001 0.001 0.001 0.001 0.001 0.002 0.001 0.001 0.001 0.001 0.001 0.001 0.001 0.001 0.001 0.001 0.001 0.001 0.001 0.001 0.001 0.001 0.001 0.002 0.002 0.002 0.003 0.004 0.004 0.004 0.005 0.005 0.006 0.006 0.006 0.006 0.006 0.005 0.004 0.003 0.002 0.002 0.002 0.002 0.002 0.004 0.008 0.054 0.418 1.583 3.622 6.288 8.956 11.097 12.468 13.440 13.930 14.113 14.819 15.055 15.002 15.272 15.451 15.556 15.477 15.335 14.681 13.649 12.193 11.002 10.102 9.317 8.682 8.040 7.314
0.000 0.000 0.000 0.000 0.000 0.001 0.001 0.001 0.001 0.001 0.001 0.000 0.000 0.000 0.000 0.000 0.000 0.000 0.000 0.000 0.000 0.001 0.001 0.001 0.001 0.002 0.002 0.002 0.003 0.004 0.004 0.005 0.005 0.005 0.005 0.006 0.006 0.005 0.005 0.005 0.004 0.003 0.002 0.002 0.001 0.001 0.001 0.002 0.003 0.008 0.037 0.357 1.512 3.623 6.199 8.373 10.010 11.290 12.125 12.781 13.422 13.708 13.895 14.213 14.789 15.055 15.187 15.112 14.560 13.538 12.159 11.006 10.125 9.330 8.591 7.892 7.138
0.000 0.000 0.000 0.000 0.000 0.000 0.000 0.000 0.000 0.000 0.000 0.000 0.000 0.000 0.000 0.000 0.000 0.000 0.000 0.000 0.000 0.000 0.001 0.001 0.001 0.001 0.002 0.002 0.003 0.004 0.004 0.005 0.005 0.005 0.005 0.006 0.005 0.005 0.005 0.004 0.004 0.003 0.002 0.002 0.001 0.001 0.001 0.001 0.002 0.003 0.008 0.030 0.368 1.509 3.367 5.281 7.009 8.650 10.015 11.226 12.047 12.323 12.694 12.920 13.598 14.248 14.253 14.262 13.800 13.035 11.880 10.829 9.927 9.083 8.287 7.546 6.752
0.000 0.000 0.000 0.000 0.000 0.000 0.000 0.000 0.000 0.000 0.000 0.000 0.000 0.000 0.000 0.000 0.000 0.000 0.000 0.000 0.000 0.000 0.000 0.000 0.001 0.001 0.002 0.002 0.003 0.004 0.004 0.005 0.006 0.006 0.006 0.006 0.006 0.006 0.005 0.005 0.004 0.003 0.002 0.002 0.001 0.001 0.001 0.001 0.001 0.002 0.003 0.007 0.041 0.382 1.373 2.846 4.385 6.000 7.633 9.169 10.413 11.019 11.547 11.788 12.292 12.881 13.094 13.284 12.980 12.407 11.361 10.332 9.421 8.551 7.709 6.924 6.050
0.000 0.000 0.000 0.000 0.000 0.000 0.000 0.000 0.000 0.000 0.000 0.000 0.000 0.000 0.000 0.000 0.000 0.000 0.000 0.000 0.000 0.000 0.000 0.000 0.000 0.001 0.001 0.002 0.003 0.003 0.004 0.005 0.006 0.007 0.008 0.008 0.008 0.008 0.008 0.007 0.005 0.003 0.002 0.002 0.001 0.001 0.001 0.001 0.001 0.001 0.001 0.003 0.007 0.046 0.350 1.172 2.376 3.769 5.297 6.874 8.352 9.373 10.185 10.658 11.194 11.451 11.588 11.861 11.715 11.196 10.383 9.480 8.569 7.729 6.890 6.040 5.132
0.000 0.000 0.000 0.000 0.000 0.000 0.000 0.000 0.000 0.000 0.000 0.000 0.000 0.000 0.000 0.000 0.000 0.000 0.000 0.000 0.000 0.000 0.000 0.000 0.000 0.001 0.001 0.001 0.002 0.003 0.004 0.005 0.006 0.008 0.009 0.010 0.010 0.010 0.010 0.009 0.007 0.005 0.003 0.002 0.001 0.001 0.001 0.000 0.000 0.001 0.001 0.001 0.003 0.008 0.043 0.296 0.982 2.025 3.263 4.687 6.133 7.478 8.581 9.392 9.944 10.148 10.029 9.978 9.810 9.530 8.982 8.258 7.487 6.717 5.904 5.041 4.179
0.000 0.000 0.000 0.000 0.000 0.000 0.000 0.000 0.000 0.000 0.000 0.000 0.000 0.000 0.000 0.000 0.000 0.000 0.000 0.000 0.000 0.000 0.000 0.000 0.000 0.000 0.000 0.001 0.002 0.002 0.004 0.005 0.006 0.007 0.009 0.010 0.010 0.010 0.010 0.010 0.008 0.005 0.004 0.002 0.001 0.001 0.000 0.000 0.000 0.000 0.001 0.001 0.001 0.003 0.008 0.037 0.249 0.820 1.696 2.811 4.147 5.564 6.840 7.971 8.538 8.742 8.624 8.416 8.084 7.642 7.213 6.833 6.349 5.754 5.011 4.197 3.390
0.000 0.000 0.000 0.000 0.000 0.000 0.000 0.000 0.000 0.000 0.000 0.000 0.000 0.000 0.000 0.000 0.000 0.000 0.000 0.000 0.000 0.000 0.000 0.000 0.000 0.000 0.000 0.000 0.001 0.002 0.003 0.004 0.006 0.007 0.008 0.009 0.009 0.009 0.009 0.009 0.007 0.005 0.004 0.002 0.001 0.001 0.000 0.000 0.000 0.000 0.000 0.001 0.001 0.001 0.003 0.007 0.030 0.190 0.624 1.364 2.424 3.733 5.056 6.239 7.009 7.292 7.273 7.076 6.682 6.143 5.715 5.558 5.325 4.884 4.267 3.539 2.797
0.000 0.000 0.000 0.000 0.000 0.000 0.000 0.000 0.000 0.000 0.000 0.000 0.000 0.000 0.000 0.000 0.000 0.000 0.000 0.000 0.000 0.000 0.000 0.000 0.000 0.000 0.000 0.000 0.000 0.001 0.002 0.003 0.004 0.006 0.006 0.007 0.007 0.007 0.006 0.006 0.005 0.005 0.003 0.002 0.001 0.001 0.000 0.000 0.000 0.000 0.000 0.000 0.000 0.001 0.001 0.003 0.006 0.020 0.122 0.448 1.120 2.126 3.311 4.451 5.336 5.777 5.925 5.791 5.499 5.111 4.735 4.524 4.327 4.067 3.652 3.082 2.437
0.000 0.000 0.000 0.000 0.000 0.000 0.000 0.000 0.000 0.000 0.000 0.000 0.000 0.000 0.000 0.000 0.000 0.000 0.000 0.000 0.000 0.000 0.000 0.000 0.000 0.000 0.000 0.000 0.000 0.000 0.001 0.002 0.003 0.003 0.004 0.004 0.004 0.004 0.003 0.003 0.003 0.003 0.002 0.001 0.001 0.000 0.000 0.000 0.000 0.000 0.000 0.000 0.000 0.000 0.001 0.001 0.002 0.005 0.013 0.079 0.341 0.927 1.833 2.898 3.740 4.230 4.513 4.554 4.477 4.288 4.022 3.771 3.521 3.316 3.060 2.715 2.240
0.000 0.000 0.000 0.000 0.000 0.000 0.000 0.000 0.000 0.000 0.000 0.000 0.000 0.000 0.000 0.000 0.000 0.000 0.000 0.000 0.000 0.000 0.000 0.000 0.000 0.000 0.000 0.000 0.000 0.000 0.000 0.001 0.001 0.002 0.002 0.002 0.002 0.002 0.002 0.002 0.002 0.001 0.001 0.001 0.000 0.000 0.000 0.000 0.000 0.000 0.000 0.000 0.000 0.000 0.000 0.001 0.001 0.002 0.004 0.011 0.057 0.250 0.741 1.602 2.430 2.926 3.257 3.460 3.558 3.514 3.384 3.173 2.922 2.688 2.474 2.275 2.011
0.000 0.000 0.000 0.000 0.000 0.000 0.000 0.000 0.000 0.000 0.000 0.000 0.000 0.000 0.000 0.000 0.000 0.000 0.000 0.000 0.000 0.000 0.000 0.000 0.000 0.000 0.000 0.000 0.000 0.000 0.000 0.000 0.000 0.001 0.001 0.001 0.001 0.001 0.001 0.001 0.001 0.000 0.000 0.000 0.000 0.000 0.000 0.000 0.000 0.000 0.000 0.000 0.000 0.000 0.000 0.000 0.000 0.001 0.002 0.004 0.010 0.036 0.177 0.643 1.358 1.862 2.215 2.517 2.723 2.793 2.777 2.636 2.418 2.184 1.979 1.801 1.634
0.000 0.000 0.000 0.000 0.000 0.000 0.000 0.000 0.000 0.000 0.000 0.000 0.000 0.000 0.000 0.000 0.000 0.000 0.000 0.000 0.000 0.000 0.000 0.000 0.000 0.000 0.000 0.000 0.000 0.000 0.000 0.000 0.000 0.000 0.000 0.000 0.000 0.000 0.000 0.000 0.000 0.000 0.000 0.000 0.000 0.000 0.000 0.000 0.000 0.000 0.000 0.000 0.000 0.000 0.000 0.000 0.000 0.000 0.001 0.002 0.003 0.008 0.023 0.163 0.568 1.021 1.397 1.741 2.018 2.186 2.231 2.147 1.975 1.770 1.579 1.406 1.237
0.000 0.000 0.000 0.000 0.000 0.000 0.000 0.000 0.000 0.000 0.000 0.000 0.000 0.000 0.000 0.000 0.000 0.000 0.000 0.000 0.000 0.000 0.000 0.000 0.000 0.000 0.000 0.000 0.000 0.000 0.000 0.000 0.000 0.000 0.000 0.000 0.000 0.000 0.000 0.000 0.000 0.000 0.000 0.000 0.000 0.000 0.000 0.000 0.000 0.000 0.000 0.000 0.000 0.000 0.000 0.000 0.000 0.000 0.000 0.001 0.001 0.003 0.007 0.032 0.169 0.446 0.776 1.132 1.450 1.666 1.744 1.700 1.581 1.419 1.255 1.099 0.943
0.000 0.000 0.000 0.000 0.000 0.000 0.000 0.000 0.000 0.000 0.000 0.000 0.000 0.000 0.000 0.000 0.000 0.000 0.000 0.000 0.000 0.000 0.000 0.000 0.000 0.000 0.000 0.000 0.000 0.000 0.000 0.000 0.000 0.000 0.000 0.000 0.000 0.000 0.000 0.000 0.000 0.000 0.000 0.000 0.000 0.000 0.000 0.000 0.000 0.000 0.000 0.000 0.000 0.000 0.000 0.000 0.000 0.000 0.000 0.000 0.001 0.001 0.003 0.009 0.044 0.152 0.356 0.656 0.992 1.227 1.327 1.315 1.238 1.125 0.995 0.859 0.718
0.000 0.000 0.000 0.000 0.000 0.000 0.000 0.000 0.000 0.000 0.000 0.000 0.000 0.000 0.000 0.000 0.000 0.000 0.000 0.000 0.000 0.000 0.000 0.000 0.000 0.000 0.000 0.000 0.000 0.000 0.000 0.000 0.000 0.000 0.000 0.000 0.000 0.000 0.000 0.000 0.000 0.000 0.000 0.000 0.000 0.000 0.000 0.000 0.000 0.000 0.000 0.000 0.000 0.000 0.000 0.000 0.000 0.000 0.000 0.000 0.000 0.001 0.001 0.004 0.013 0.044 0.131 0.324 0.631 0.871 0.980 0.995 0.952 0.873 0.774 0.660 0.537
0.000 0.000 0.000 0.000 0.000 0.000 0.000 0.000 0.000 0.000 0.000 0.000 0.000 0.000 0.000 0.000 0.000 0.000 0.000 0.000 0.000 0.000 0.000 0.000 0.000 0.000 0.000 0.000 0.000 0.000 0.000 0.000 0.000 0.000 0.000 0.000 0.000 0.000 0.000 0.000 0.000 0.000 0.000 0.000 0.000 0.000 0.000 0.000 0.000 0.000 0.000 0.000 0.000 0.000 0.000 0.000 0.000 0.000 0.000 0.000 0.000 0.000 0.001 0.002 0.005 0.014 0.044 0.145 0.376 0.597 0.702 0.732 0.717 0.665 0.583 0.485 0.386
0.000 0.000 0.000 0.000 0.000 0.000 0.000 0.000 0.000 0.000 0.000 0.000 0.000 0.000 0.000 0.000 0.000 0.000 0.000 0.000 0.000 0.000 0.000 0.000 0.000 0.000 0.000 0.000 0.000 0.000 0.000 0.000 0.000 0.000 0.000 0.000 0.000 0.000 0.000 0.000 0.000 0.000 0.000 0.000 0.000 0.000 0.000 0.000 0.000 0.000 0.000 0.000 0.000 0.000 0.000 0.000 0.000 0.000 0.000 0.000 0.000 0.000 0.000 0.001 0.002 0.006 0.017 0.065 0.214 0.394 0.489 0.526 0.528 0.494 0.428 0.351 0.276
0.000 0.000 0.000 0.000 0.000 0.000 0.000 0.000 0.000 0.000 0.000 0.000 0.000 0.000 0.000 0.000 0.000 0.000 0.000 0.000 0.000 0.000 0.000 0.000 0.000 0.000 0.000 0.000 0.000 0.000 0.000 0.000 0.000 0.000 0.000 0.000 0.000 0.000 0.000 0.000 0.000 0.000 0.000 0.000 0.000 0.000 0.000 0.000 0.000 0.000 0.000 0.000 0.000 0.000 0.000 0.000 0.000 0.000 0.000 0.000 0.000 0.000 0.000 0.000 0.001 0.003 0.008 0.029 0.114 0.250 0.334 0.373 0.380 0.362 0.319 0.262 0.201
0.000 0.000 0.000 0.000 0.000 0.000 0.000 0.000 0.000 0.000 0.000 0.000 0.000 0.000 0.000 0.000 0.000 0.000 0.000 0.000 0.000 0.000 0.000 0.000 0.000 0.000 0.000 0.000 0.000 0.000 0.000 0.000 0.000 0.000 0.000 0.000 0.000 0.000 0.000 0.000 0.000 0.000 0.000 0.000 0.000 0.000 0.000 0.000 0.000 0.000 0.000 0.000 0.000 0.000 0.000 0.000 0.000 0.000 0.000 0.000 0.000 0.000 0.000 0.000 0.001 0.002 0.004 0.014 0.057 0.151 0.225 0.261 0.267 0.257 0.232 0.195 0.148
0.000 0.000 0.000 0.000 0.000 0.000 0.000 0.000 0.000 0.000 0.000 0.000 0.000 0.000 0.000 0.000 0.000 0.000 0.000 0.000 0.000 0.000 0.000 0.000 0.000 0.000 0.000 0.000 0.000 0.000 0.000 0.000 0.000 0.000 0.000 0.000 0.000 0.000 0.000 0.000 0.000 0.000 0.000 0.000 0.000 0.000 0.000 0.000 0.000 0.000 0.000 0.000 0.000 0.000 0.000 0.000 0.000 0.000 0.000 0.000 0.000 0.000 0.000 0.000 0.000 0.001 0.003 0.008 0.029 0.089 0.152 0.179 0.184 0.178 0.164 0.140 0.107
0.000 0.000 0.000 0.000 0.000 0.000 0.000 0.000 0.000 0.000 0.000 0.000 0.000 0.000 0.000 0.000 0.000 0.000 0.000 0.000 0.000 0.000 0.000 0.000 0.000 0.000 0.000 0.000 0.000 0.000 0.000 0.000 0.000 0.000 0.000 0.000 0.000 0.000 0.000 0.000 0.000 0.000 0.000 0.000 0.000 0.000 0.000 0.000 0.000 0.000 0.000 0.000 0.000 0.000 0.000 0.000 0.000 0.000 0.000 0.000 0.000 0.000 0.000 0.000 0.000 0.001 0.001 0.004 0.015 0.049 0.100 0.122 0.125 0.123 0.116 0.100 0.078
0.000 0.000 0.000 0.000 0.000 0.000 0.000 0.000 0.000 0.000 0.000 0.000 0.000 0.000 0.000 0.000 0.000 0.000 0.000 0.000 0.000 0.000 0.000 0.000 0.000 0.000 0.000 0.000 0.000 0.000 0.000 0.000 0.000 0.000 0.000 0.000 0.000 0.000 0.000 0.000 0.000 0.000 0.000 0.000 0.000 0.000 0.000 0.000 0.000 0.000 0.000 0.000 0.000 0.000 0.000 0.000 0.000 0.000 0.000 0.000 0.000 0.000 0.000 0.000 0.000 0.000 0.001 0.002 0.007 0.023 0.058 0.081 0.086 0.086 0.082 0.073 0.059
0.000 0.000 0.000 0.000 0.000 0.000 0.000 0.000 0.000 0.000 0.000 0.000 0.000 0.000 0.000 0.000 0.000 0.000 0.000 0.000 0.000 0.000 0.000 0.000 0.000 0.000 0.000 0.000 0.000 0.000 0.000 0.000 0.000 0.000 0.000 0.000 0.000 0.000 0.000 0.000 0.000 0.000 0.000 0.000 0.000 0.000 0.000 0.000 0.000 0.000 0.000 0.000 0.000 0.000 0.000 0.000 0.000 0.000 0.000 0.000 0.000 0.000 0.000 0.000 0.000 0.000 0.000 0.001 0.003 0.010 0.027 0.049 0.059 0.059 0.058 0.055 0.047
0.000 0.000 0.000 0.000 0.000 0.000 0.000 0.000 0.000 0.000 0.000 0.000 0.000 0.000 0.000 0.000 0.000 0.000 0.000 0.000 0.000 0.000 0.000 0.000 0.000 0.000 0.000 0.000 0.000 0.000 0.000 0.000 0.000 0.000 0.000 0.000 0.000 0.000 0.000 0.000 0.000 0.000 0.000 0.000 0.000 0.000 0.000 0.000 0.000 0.000 0.000 0.000 0.000 0.000 0.000 0.000 0.000 0.000 0.000 0.000 0.000 0.000 0.000 0.000 0.000 0.000 0.000 0.001 0.002 0.004 0.011 0.027 0.038 0.041 0.041 0.040 0.037
0.000 0.000 0.000 0.000 0.000 0.000 0.000 0.000 0.000 0.000 0.000 0.000 0.000 0.000 0.000 0.000 0.000 0.000 0.000 0.000 0.000 0.000 0.000 0.000 0.000 0.000 0.000 0.000 0.000 0.000 0.000 0.000 0.000 0.000 0.000 0.000 0.000 0.000 0.000 0.000 0.000 0.000 0.000 0.000 0.000 0.000 0.000 0.000 0.000 0.000 0.000 0.000 0.000 0.000 0.000 0.000 0.000 0.000 0.000 0.000 0.000 0.000 0.000 0.000 0.000 0.000 0.000 0.000 0.001 0.002 0.005 0.013 0.023 0.028 0.028 0.028 0.027
0.000 0.000 0.000 0.000 0.000 0.000 0.000 0.000 0.000 0.000 0.000 0.000 0.000 0.000 0.000 0.000 0.000 0.000 0.000 0.000 0.000 0.000 0.000 0.000 0.000 0.000 0.000 0.000 0.000 0.000 0.000 0.000 0.000 0.000 0.000 0.000 0.000 0.000 0.000 0.000 0.000 0.000 0.000 0.000 0.000 0.000 0.000 0.000 0.000 0.000 0.000 0.000 0.000 0.000 0.000 0.000 0.000 0.000 0.000 0.000 0.000 0.000 0.000 0.000 0.000 0.000 0.000 0.000 0.000 0.001 0.003 0.006 0.013 0.017 0.018 0.018 0.018
