AvaFrame/avaframe/data/avaSalk/Avaflow_Input_Output/slk_results/slk_ascii/slk_basechange0009.asc
ncols 296
nrows 144
xllcenter 761600.00
yllcenter 8523000.00
cellsize 12.50
NODATA_value -9999.000
[rows 66 to 98 of 144, columns 148 to 221 of 296]
0.000 0.000 0.000 0.000 0.000 0.000 0.000 0.000 0.000 0.000 0.000 0.000 0.000 0.000 0.000 0.000 0.000 0.000 0.000 0.000 0.000 0.000 0.000 0.000 0.000 -0.000 -0.000 -0.000 -0.000 -0.000 -0.000 -0.000 -0.000 -0.000 -0.000 -0.000 -0.000 -0.000 -0.000 -0.000 -0.001 -0.001 -0.001 -0.002 -0.003 -0.005 -0.009 -0.015 -0.028 -0.051 -0.089 -0.144 -0.224 -0.328 -0.437 -0.534 -0.612 -0.668 -0.710 -0.744 -0.779 -0.811 -0.855 -0.917 -1.004 -1.113 -1.271 -1.472 -1.666 -1.848 -2.009 -2.122 -2.168 -2.162
0.000 0.000 0.000 0.000 0.000 0.000 0.000 0.000 0.000 0.000 0.000 0.000 0.000 0.000 0.000 0.000 0.000 0.000 0.000 0.000 0.000 0.000 0.000 0.000 -0.000 -0.000 -0.000 -0.000 -0.000 -0.000 -0.000 -0.000 -0.000 -0.000 -0.000 -0.000 -0.000 -0.000 -0.000 -0.001 -0.001 -0.002 -0.003 -0.004 -0.007 -0.012 -0.021 -0.040 -0.072 -0.120 -0.186 -0.268 -0.362 -0.460 -0.546 -0.618 -0.677 -0.715 -0.737 -0.763 -0.798 -0.839 -0.899 -0.982 -1.094 -1.245 -1.437 -1.655 -1.864 -2.021 -2.122 -2.163 -2.153 -2.115
0.000 0.000 0.000 0.000 0.000 0.000 0.000 0.000 0.000 0.000 0.000 0.000 0.000 0.000 0.000 0.000 0.000 0.000 0.000 0.000 0.000 0.000 0.000 -0.000 -0.000 -0.000 -0.000 -0.000 -0.000 -0.000 -0.000 -0.000 -0.000 -0.000 -0.000 -0.000 -0.000 -0.001 -0.001 -0.001 -0.002 -0.003 -0.005 -0.008 -0.015 -0.028 -0.051 -0.090 -0.144 -0.215 -0.297 -0.389 -0.476 -0.552 -0.613 -0.658 -0.695 -0.724 -0.748 -0.782 -0.829 -0.890 -0.970 -1.085 -1.225 -1.410 -1.623 -1.816 -1.985 -2.117 -2.173 -2.155 -2.098 -2.047
0.000 0.000 0.000 0.000 0.000 0.000 0.000 0.000 0.000 0.000 0.000 0.000 0.000 0.000 0.000 0.000 0.000 0.000 0.000 0.000 0.000 0.000 -0.000 -0.000 -0.000 -0.000 -0.000 -0.000 -0.000 -0.000 -0.000 -0.000 -0.000 -0.000 -0.000 -0.000 -0.001 -0.001 -0.001 -0.002 -0.004 -0.006 -0.010 -0.019 -0.034 -0.060 -0.101 -0.158 -0.230 -0.310 -0.395 -0.475 -0.545 -0.598 -0.639 -0.671 -0.699 -0.727 -0.767 -0.817 -0.883 -0.965 -1.070 -1.217 -1.399 -1.594 -1.791 -1.960 -2.086 -2.148 -2.148 -2.112 -2.047 -1.963
0.000 0.000 0.000 0.000 0.000 0.000 0.000 0.000 0.000 0.000 0.000 0.000 0.000 0.000 0.000 0.000 0.000 0.000 0.000 0.000 0.000 -0.000 -0.000 -0.000 -0.000 -0.000 -0.000 -0.000 -0.000 -0.000 -0.000 -0.000 -0.000 -0.000 -0.000 -0.001 -0.001 -0.002 -0.003 -0.004 -0.007 -0.012 -0.022 -0.040 -0.069 -0.112 -0.168 -0.239 -0.319 -0.398 -0.470 -0.531 -0.580 -0.616 -0.646 -0.678 -0.715 -0.761 -0.816 -0.882 -0.960 -1.064 -1.195 -1.367 -1.577 -1.783 -1.964 -2.088 -2.159 -2.159 -2.095 -2.040 -1.982 -1.885
0.000 0.000 0.000 0.000 0.000 0.000 0.000 0.000 0.000 0.000 0.000 0.000 0.000 -0.000 -0.000 0.000 0.000 0.000 -0.000 -0.000 -0.000 -0.000 -0.000 -0.000 -0.000 -0.000 -0.000 -0.000 -0.000 -0.000 -0.000 -0.000 -0.000 -0.001 -0.001 -0.001 -0.002 -0.003 -0.005 -0.008 -0.014 -0.025 -0.045 -0.076 -0.121 -0.179 -0.251 -0.329 -0.404 -0.470 -0.526 -0.570 -0.609 -0.643 -0.678 -0.716 -0.758 -0.811 -0.887 -0.973 -1.067 -1.184 -1.337 -1.534 -1.749 -1.968 -2.141 -2.205 -2.184 -2.134 -2.042 -1.957 -1.886 -1.780
0.000 0.000 0.000 0.000 0.000 0.000 0.000 0.000 0.000 -0.000 -0.000 -0.000 -0.000 -0.000 -0.000 -0.000 -0.000 -0.000 -0.000 -0.000 -0.000 -0.000 -0.000 -0.000 -0.000 -0.000 -0.000 -0.000 -0.000 -0.000 -0.000 -0.000 -0.001 -0.001 -0.001 -0.002 -0.003 -0.005 -0.009 -0.015 -0.027 -0.049 -0.082 -0.129 -0.188 -0.257 -0.334 -0.409 -0.475 -0.525 -0.567 -0.608 -0.645 -0.680 -0.720 -0.767 -0.817 -0.879 -0.981 -1.088 -1.194 -1.323 -1.499 -1.727 -1.954 -2.130 -2.258 -2.253 -2.148 -2.054 -1.962 -1.845 -1.739 -1.603
-0.000 0.000 0.000 0.000 -0.000 -0.000 0.000 0.000 -0.000 -0.000 -0.000 -0.000 -0.000 -0.000 -0.000 -0.000 -0.000 -0.000 -0.000 -0.000 -0.000 -0.000 -0.000 -0.000 -0.000 -0.000 -0.000 -0.000 -0.000 -0.000 -0.001 -0.001 -0.001 -0.002 -0.003 -0.004 -0.006 -0.010 -0.017 -0.030 -0.053 -0.089 -0.137 -0.198 -0.267 -0.339 -0.408 -0.470 -0.527 -0.575 -0.613 -0.653 -0.691 -0.730 -0.777 -0.833 -0.897 -0.978 -1.097 -1.220 -1.345 -1.501 -1.726 -1.987 -2.194 -2.284 -2.299 -2.217 -2.058 -1.936 -1.822 -1.698 -1.555 -1.383
-0.000 -0.000 -0.000 -0.000 -0.000 -0.000 -0.000 -0.000 -0.000 -0.000 -0.000 -0.000 -0.000 -0.000 -0.000 -0.000 -0.000 -0.000 -0.000 -0.000 -0.000 -0.000 -0.000 -0.000 -0.000 -0.000 -0.000 -0.000 -0.000 -0.001 -0.001 -0.001 -0.002 -0.003 -0.004 -0.007 -0.011 -0.019 -0.033 -0.058 -0.095 -0.146 -0.206 -0.275 -0.345 -0.413 -0.475 -0.526 -0.575 -0.622 -0.665 -0.707 -0.752 -0.796 -0.854 -0.920 -0.996 -1.096 -1.228 -1.377 -1.542 -1.766 -2.060 -2.286 -2.369 -2.319 -2.222 -2.097 -1.945 -1.810 -1.670 -1.520 -1.354 -1.173
-0.000 -0.000 -0.000 -0.000 -0.000 -0.000 -0.000 -0.000 -0.000 -0.000 -0.000 -0.000 -0.000 -0.000 -0.000 -0.000 -0.000 -0.000 -0.000 -0.000 -0.000 -0.000 -0.000 -0.000 -0.000 -0.000 -0.000 -0.001 -0.001 -0.001 -0.002 -0.002 -0.003 -0.005 -0.008 -0.012 -0.021 -0.036 -0.062 -0.101 -0.152 -0.214 -0.281 -0.349 -0.417 -0.478 -0.534 -0.583 -0.632 -0.680 -0.726 -0.772 -0.825 -0.880 -0.943 -1.017 -1.111 -1.236 -1.390 -1.598 -1.860 -2.152 -2.375 -2.440 -2.369 -2.209 -2.039 -1.883 -1.780 -1.655 -1.487 -1.328 -1.148 -0.991
-0.000 -0.000 -0.000 -0.000 -0.000 -0.000 -0.000 -0.000 -0.000 -0.000 -0.000 -0.000 -0.000 -0.000 -0.000 -0.000 -0.000 -0.000 -0.000 -0.000 -0.000 -0.000 -0.000 -0.000 -0.001 -0.001 -0.001 -0.001 -0.002 -0.002 -0.003 -0.004 -0.006 -0.009 -0.014 -0.022 -0.039 -0.066 -0.106 -0.158 -0.220 -0.287 -0.357 -0.422 -0.485 -0.543 -0.595 -0.649 -0.703 -0.755 -0.806 -0.854 -0.909 -0.967 -1.035 -1.124 -1.252 -1.421 -1.640 -1.913 -2.218 -2.457 -2.486 -2.357 -2.170 -1.954 -1.781 -1.665 -1.573 -1.462 -1.279 -1.113 -0.969 -0.853
-0.000 -0.000 -0.000 -0.000 -0.000 -0.000 -0.000 -0.000 -0.000 -0.000 -0.000 -0.000 -0.000 -0.001 -0.000 -0.000 -0.000 -0.000 -0.000 -0.000 -0.000 -0.001 -0.001 -0.001 -0.001 -0.002 -0.002 -0.003 -0.004 -0.004 -0.005 -0.007 -0.010 -0.015 -0.025 -0.041 -0.069 -0.110 -0.164 -0.226 -0.295 -0.364 -0.430 -0.494 -0.554 -0.616 -0.674 -0.734 -0.787 -0.835 -0.883 -0.940 -1.000 -1.062 -1.138 -1.262 -1.439 -1.678 -1.960 -2.213 -2.373 -2.449 -2.330 -2.074 -1.836 -1.651 -1.541 -1.484 -1.411 -1.268 -1.086 -0.936 -0.830 -0.763
-0.000 -0.000 -0.000 -0.000 -0.000 -0.000 -0.000 -0.000 -0.000 -0.000 -0.001 -0.001 -0.001 -0.001 -0.001 -0.001 -0.001 -0.001 -0.001 -0.001 -0.001 -0.001 -0.001 -0.001 -0.002 -0.003 -0.004 -0.006 -0.007 -0.008 -0.009 -0.012 -0.017 -0.027 -0.045 -0.073 -0.115 -0.169 -0.234 -0.304 -0.373 -0.440 -0.504 -0.566 -0.631 -0.701 -0.767 -0.829 -0.877 -0.912 -0.954 -1.018 -1.086 -1.166 -1.277 -1.450 -1.689 -1.960 -2.200 -2.328 -2.336 -2.252 -2.046 -1.775 -1.583 -1.473 -1.397 -1.342 -1.240 -1.079 -0.922 -0.810 -0.745 -0.708
-0.001 -0.001 -0.001 -0.001 -0.001 -0.001 -0.001 -0.001 -0.001 -0.002 -0.003 -0.003 -0.002 -0.002 -0.002 -0.003 -0.002 -0.002 -0.002 -0.002 -0.001 -0.001 -0.002 -0.002 -0.004 -0.006 -0.008 -0.010 -0.012 -0.013 -0.015 -0.021 -0.031 -0.048 -0.077 -0.120 -0.176 -0.241 -0.314 -0.387 -0.454 -0.518 -0.585 -0.654 -0.727 -0.803 -0.865 -0.905 -0.942 -0.976 -1.019 -1.089 -1.186 -1.292 -1.459 -1.701 -1.959 -2.179 -2.284 -2.278 -2.173 -1.978 -1.743 -1.555 -1.432 -1.346 -1.273 -1.190 -1.071 -0.914 -0.788 -0.714 -0.676 -0.662
-0.009 -0.008 -0.006 -0.005 -0.005 -0.005 -0.005 -0.006 -0.007 -0.008 -0.009 -0.008 -0.005 -0.004 -0.004 -0.003 -0.003 -0.002 -0.002 -0.002 -0.002 -0.003 -0.004 -0.005 -0.007 -0.010 -0.014 -0.016 -0.018 -0.020 -0.024 -0.034 -0.052 -0.082 -0.125 -0.182 -0.251 -0.325 -0.399 -0.470 -0.537 -0.609 -0.689 -0.766 -0.841 -0.903 -0.945 -0.969 -0.993 -1.031 -1.086 -1.170 -1.301 -1.477 -1.696 -1.954 -2.153 -2.249 -2.245 -2.126 -1.918 -1.704 -1.538 -1.414 -1.326 -1.246 -1.156 -1.050 -0.923 -0.794 -0.700 -0.646 -0.619 -0.613
-0.024 -0.023 -0.022 -0.021 -0.020 -0.020 -0.018 -0.017 -0.017 -0.017 -0.015 -0.013 -0.010 -0.007 -0.005 -0.003 -0.002 -0.002 -0.002 -0.002 -0.002 -0.005 -0.007 -0.008 -0.011 -0.016 -0.021 -0.024 -0.025 -0.029 -0.039 -0.056 -0.086 -0.130 -0.188 -0.258 -0.334 -0.413 -0.490 -0.565 -0.637 -0.718 -0.809 -0.881 -0.932 -0.971 -0.993 -1.012 -1.044 -1.093 -1.171 -1.292 -1.467 -1.697 -1.936 -2.115 -2.205 -2.197 -2.084 -1.893 -1.683 -1.514 -1.399 -1.310 -1.229 -1.142 -1.039 -0.926 -0.808 -0.705 -0.634 -0.590 -0.566 -0.568
-0.024 -0.025 -0.027 -0.029 -0.028 -0.026 -0.024 -0.020 -0.017 -0.014 -0.012 -0.012 -0.012 -0.010 -0.007 -0.004 -0.003 -0.004 -0.005 -0.005 -0.005 -0.007 -0.011 -0.014 -0.018 -0.022 -0.027 -0.032 -0.036 -0.045 -0.064 -0.094 -0.136 -0.194 -0.266 -0.344 -0.427 -0.512 -0.595 -0.679 -0.763 -0.836 -0.906 -0.959 -0.987 -1.006 -1.024 -1.056 -1.101 -1.180 -1.288 -1.455 -1.678 -1.893 -2.057 -2.149 -2.142 -2.054 -1.884 -1.686 -1.518 -1.388 -1.293 -1.211 -1.130 -1.032 -0.927 -0.817 -0.717 -0.634 -0.572 -0.531 -0.510 -0.522
-0.012 -0.010 -0.011 -0.017 -0.018 -0.016 -0.013 -0.011 -0.008 -0.006 -0.005 -0.007 -0.009 -0.010 -0.010 -0.009 -0.009 -0.008 -0.009 -0.011 -0.012 -0.014 -0.019 -0.024 -0.027 -0.031 -0.037 -0.044 -0.055 -0.072 -0.102 -0.147 -0.205 -0.275 -0.358 -0.444 -0.536 -0.630 -0.723 -0.814 -0.900 -0.959 -0.987 -1.008 -1.025 -1.038 -1.062 -1.111 -1.188 -1.294 -1.467 -1.673 -1.872 -2.018 -2.090 -2.073 -2.002 -1.860 -1.690 -1.525 -1.391 -1.289 -1.201 -1.114 -1.024 -0.926 -0.822 -0.724 -0.635 -0.564 -0.508 -0.469 -0.454 -0.478
-0.022 -0.015 -0.011 -0.011 -0.012 -0.012 -0.011 -0.009 -0.008 -0.007 -0.006 -0.006 -0.007 -0.011 -0.016 -0.016 -0.016 -0.015 -0.016 -0.019 -0.023 -0.027 -0.034 -0.040 -0.041 -0.044 -0.053 -0.066 -0.086 -0.115 -0.158 -0.217 -0.291 -0.374 -0.470 -0.574 -0.678 -0.777 -0.866 -0.945 -1.004 -1.037 -1.046 -1.046 -1.055 -1.082 -1.126 -1.198 -1.324 -1.465 -1.666 -1.867 -2.022 -2.049 -2.016 -1.934 -1.820 -1.682 -1.535 -1.397 -1.276 -1.183 -1.102 -1.019 -0.923 -0.825 -0.729 -0.638 -0.557 -0.490 -0.441 -0.410 -0.404 -0.442
-0.066 -0.059 -0.042 -0.033 -0.033 -0.034 -0.032 -0.029 -0.027 -0.027 -0.025 -0.022 -0.019 -0.018 -0.019 -0.021 -0.022 -0.024 -0.028 -0.033 -0.038 -0.043 -0.053 -0.061 -0.063 -0.068 -0.081 -0.103 -0.133 -0.178 -0.239 -0.312 -0.401 -0.507 -0.617 -0.740 -0.855 -0.947 -1.003 -1.041 -1.068 -1.079 -1.081 -1.087 -1.102 -1.149 -1.222 -1.335 -1.498 -1.693 -1.851 -1.954 -2.012 -2.003 -1.882 -1.763 -1.660 -1.540 -1.413 -1.284 -1.167 -1.073 -0.994 -0.916 -0.826 -0.730 -0.640 -0.555 -0.480 -0.422 -0.382 -0.363 -0.371 -0.423
-0.112 -0.114 -0.114 -0.087 -0.072 -0.072 -0.072 -0.071 -0.068 -0.066 -0.063 -0.060 -0.057 -0.053 -0.049 -0.045 -0.044 -0.050 -0.058 -0.065 -0.069 -0.071 -0.081 -0.091 -0.097 -0.105 -0.123 -0.156 -0.200 -0.261 -0.343 -0.437 -0.544 -0.672 -0.800 -0.915 -1.011 -1.078 -1.099 -1.106 -1.111 -1.112 -1.122 -1.150 -1.184 -1.258 -1.367 -1.492 -1.662 -1.836 -1.931 -1.976 -1.910 -1.840 -1.738 -1.608 -1.525 -1.428 -1.300 -1.165 -1.047 -0.956 -0.885 -0.814 -0.726 -0.633 -0.545 -0.467 -0.404 -0.362 -0.338 -0.333 -0.356 -0.421
-0.165 -0.168 -0.172 -0.184 -0.151 -0.129 -0.130 -0.130 -0.128 -0.128 -0.127 -0.122 -0.119 -0.115 -0.111 -0.107 -0.105 -0.108 -0.113 -0.118 -0.116 -0.117 -0.126 -0.134 -0.142 -0.156 -0.180 -0.229 -0.294 -0.372 -0.475 -0.595 -0.726 -0.857 -0.971 -1.053 -1.104 -1.139 -1.142 -1.148 -1.156 -1.163 -1.184 -1.236 -1.294 -1.380 -1.522 -1.648 -1.765 -1.861 -1.880 -1.878 -1.797 -1.654 -1.570 -1.491 -1.413 -1.315 -1.181 -1.037 -0.923 -0.841 -0.781 -0.718 -0.637 -0.545 -0.459 -0.389 -0.341 -0.316 -0.310 -0.320 -0.359 -0.433
-0.226 -0.234 -0.240 -0.244 -0.256 -0.226 -0.203 -0.203 -0.204 -0.209 -0.209 -0.203 -0.199 -0.195 -0.192 -0.189 -0.184 -0.180 -0.181 -0.180 -0.179 -0.182 -0.188 -0.194 -0.206 -0.225 -0.262 -0.329 -0.419 -0.523 -0.639 -0.770 -0.904 -1.025 -1.110 -1.151 -1.167 -1.172 -1.165 -1.177 -1.209 -1.245 -1.283 -1.343 -1.422 -1.509 -1.651 -1.762 -1.821 -1.838 -1.792 -1.740 -1.687 -1.535 -1.444 -1.399 -1.322 -1.189 -1.040 -0.904 -0.810 -0.745 -0.696 -0.638 -0.558 -0.469 -0.390 -0.331 -0.297 -0.284 -0.291 -0.320 -0.377 -0.456
-0.288 -0.301 -0.315 -0.317 -0.331 -0.334 -0.302 -0.293 -0.294 -0.303 -0.305 -0.300 -0.294 -0.288 -0.282 -0.275 -0.268 -0.260 -0.256 -0.257 -0.255 -0.256 -0.260 -0.271 -0.293 -0.326 -0.382 -0.467 -0.573 -0.694 -0.826 -0.954 -1.054 -1.140 -1.199 -1.208 -1.202 -1.197 -1.200 -1.225 -1.260 -1.306 -1.369 -1.443 -1.533 -1.616 -1.720 -1.791 -1.800 -1.767 -1.689 -1.595 -1.529 -1.465 -1.369 -1.300 -1.207 -1.037 -0.878 -0.771 -0.707 -0.666 -0.628 -0.573 -0.493 -0.405 -0.334 -0.290 -0.269 -0.265 -0.281 -0.325 -0.398 -0.479
-0.341 -0.357 -0.378 -0.393 -0.408 -0.422 -0.418 -0.396 -0.397 -0.403 -0.402 -0.395 -0.388 -0.377 -0.366 -0.361 -0.358 -0.344 -0.338 -0.341 -0.334 -0.330 -0.341 -0.366 -0.409 -0.462 -0.542 -0.651 -0.767 -0.885 -1.003 -1.110 -1.181 -1.219 -1.241 -1.233 -1.209 -1.204 -1.229 -1.275 -1.309 -1.348 -1.417 -1.522 -1.626 -1.685 -1.719 -1.729 -1.709 -1.652 -1.554 -1.456 -1.381 -1.341 -1.303 -1.186 -1.043 -0.878 -0.736 -0.660 -0.621 -0.600 -0.574 -0.523 -0.441 -0.357 -0.295 -0.261 -0.249 -0.255 -0.280 -0.336 -0.416 -0.496
-0.386 -0.410 -0.440 -0.467 -0.489 -0.514 -0.517 -0.498 -0.496 -0.496 -0.489 -0.481 -0.473 -0.460 -0.452 -0.458 -0.455 -0.440 -0.427 -0.422 -0.415 -0.419 -0.449 -0.498 -0.564 -0.640 -0.739 -0.859 -0.984 -1.098 -1.182 -1.235 -1.274 -1.276 -1.255 -1.238 -1.221 -1.215 -1.241 -1.290 -1.334 -1.397 -1.464 -1.567 -1.658 -1.717 -1.704 -1.645 -1.579 -1.521 -1.417 -1.314 -1.263 -1.219 -1.173 -1.055 -0.868 -0.723 -0.629 -0.581 -0.560 -0.550 -0.529 -0.480 -0.402 -0.321 -0.268 -0.242 -0.239 -0.255 -0.290 -0.347 -0.423 -0.498
-0.433 -0.460 -0.493 -0.517 -0.551 -0.596 -0.589 -0.577 -0.582 -0.584 -0.577 -0.566 -0.557 -0.557 -0.562 -0.569 -0.563 -0.545 -0.529 -0.525 -0.528 -0.550 -0.605 -0.678 -0.773 -0.870 -0.982 -1.085 -1.189 -1.284 -1.347 -1.360 -1.356 -1.329 -1.278 -1.241 -1.234 -1.231 -1.249 -1.284 -1.336 -1.431 -1.507 -1.567 -1.604 -1.638 -1.631 -1.540 -1.441 -1.359 -1.300 -1.209 -1.151 -1.103 -1.018 -0.882 -0.721 -0.607 -0.546 -0.520 -0.516 -0.514 -0.494 -0.445 -0.369 -0.296 -0.252 -0.233 -0.235 -0.261 -0.307 -0.359 -0.414 -0.480
-0.454 -0.488 -0.520 -0.554 -0.621 -0.638 -0.631 -0.634 -0.645 -0.659 -0.664 -0.661 -0.662 -0.676 -0.689 -0.689 -0.673 -0.659 -0.653 -0.674 -0.710 -0.756 -0.834 -0.930 -1.039 -1.149 -1.251 -1.332 -1.387 -1.437 -1.477 -1.469 -1.445 -1.409 -1.343 -1.286 -1.252 -1.240 -1.262 -1.285 -1.326 -1.396 -1.454 -1.487 -1.499 -1.502 -1.471 -1.403 -1.322 -1.219 -1.146 -1.096 -1.036 -0.958 -0.856 -0.727 -0.605 -0.526 -0.488 -0.476 -0.479 -0.482 -0.464 -0.417 -0.347 -0.280 -0.244 -0.234 -0.242 -0.274 -0.327 -0.375 -0.407 -0.450
-0.456 -0.493 -0.541 -0.605 -0.652 -0.663 -0.665 -0.676 -0.703 -0.729 -0.753 -0.762 -0.780 -0.794 -0.798 -0.808 -0.813 -0.809 -0.824 -0.886 -0.970 -1.042 -1.139 -1.230 -1.317 -1.408 -1.472 -1.542 -1.581 -1.593 -1.584 -1.553 -1.527 -1.491 -1.429 -1.372 -1.317 -1.288 -1.303 -1.317 -1.338 -1.374 -1.375 -1.366 -1.349 -1.335 -1.310 -1.241 -1.186 -1.131 -1.011 -0.942 -0.894 -0.816 -0.716 -0.615 -0.525 -0.471 -0.449 -0.445 -0.450 -0.452 -0.435 -0.393 -0.332 -0.276 -0.247 -0.245 -0.262 -0.295 -0.342 -0.383 -0.405 -0.420
-0.446 -0.498 -0.558 -0.609 -0.633 -0.651 -0.676 -0.710 -0.748 -0.780 -0.811 -0.832 -0.864 -0.889 -0.915 -0.937 -0.980 -1.022 -1.071 -1.150 -1.243 -1.328 -1.429 -1.485 -1.558 -1.605 -1.624 -1.662 -1.677 -1.695 -1.667 -1.599 -1.559 -1.533 -1.506 -1.477 -1.439 -1.410 -1.414 -1.405 -1.391 -1.412 -1.409 -1.317 -1.243 -1.188 -1.161 -1.110 -1.026 -0.985 -0.913 -0.818 -0.759 -0.694 -0.613 -0.538 -0.476 -0.439 -0.424 -0.421 -0.425 -0.424 -0.407 -0.371 -0.324 -0.284 -0.263 -0.266 -0.291 -0.327 -0.363 -0.387 -0.398 -0.401
-0.419 -0.472 -0.520 -0.558 -0.585 -0.617 -0.667 -0.720 -0.757 -0.796 -0.835 -0.874 -0.921 -0.971 -1.021 -1.071 -1.136 -1.226 -1.297 -1.386 -1.450 -1.526 -1.602 -1.631 -1.695 -1.714 -1.710 -1.718 -1.693 -1.689 -1.661 -1.588 -1.537 -1.511 -1.515 -1.522 -1.503 -1.468 -1.457 -1.442 -1.420 -1.419 -1.448 -1.398 -1.276 -1.150 -1.041 -0.975 -0.895 -0.826 -0.782 -0.721 -0.654 -0.596 -0.539 -0.486 -0.446 -0.424 -0.414 -0.410 -0.410 -0.406 -0.388 -0.359 -0.327 -0.302 -0.297 -0.309 -0.336 -0.373 -0.400 -0.402 -0.392 -0.387
-0.342 -0.386 -0.435 -0.477 -0.524 -0.582 -0.645 -0.703 -0.746 -0.795 -0.840 -0.887 -0.946 -1.000 -1.044 -1.099 -1.172 -1.275 -1.358 -1.451 -1.495 -1.562 -1.611 -1.629 -1.674 -1.694 -1.688 -1.684 -1.639 -1.597 -1.553 -1.497 -1.461 -1.436 -1.425 -1.443 -1.433 -1.393 -1.355 -1.317 -1.299 -1.288 -1.299 -1.299 -1.254 -1.179 -1.028 -0.867 -0.767 -0.699 -0.663 -0.631 -0.581 -0.528 -0.487 -0.453 -0.430 -0.422 -0.421 -0.421 -0.422 -0.418 -0.403 -0.381 -0.358 -0.344 -0.344 -0.356 -0.379 -0.408 -0.439 -0.445 -0.414 -0.379
-0.243 -0.290 -0.345 -0.407 -0.471 -0.533 -0.600 -0.662 -0.714 -0.770 -0.819 -0.866 -0.921 -0.966 -1.010 -1.040 -1.105 -1.201 -1.299 -1.383 -1.429 -1.478 -1.510 -1.510 -1.527 -1.521 -1.510 -1.501 -1.445 -1.401 -1.360 -1.321 -1.294 -1.263 -1.251 -1.245 -1.228 -1.187 -1.143 -1.113 -1.085 -1.050 -1.014 -0.990 -0.973 -0.978 -0.951 -0.801 -0.655 -0.576 -0.560 -0.556 -0.530 -0.493 -0.463 -0.447 -0.439 -0.438 -0.436 -0.431 -0.428 -0.426 -0.421 -0.408 -0.394 -0.381 -0.374 -0.382 -0.399 -0.416 -0.440 -0.465 -0.452 -0.390
