AvaFrame/avaframe/data/avaSalk/Avaflow_Input_Output/slk_results/slk_ascii/slk_basechange0010.asc
ncols 296
nrows 144
xllcenter 761600.00
yllcenter 8523000.00
cellsize 12.50
NODATA_value -9999.000
[rows 33 to 65 of 144, columns 222 to 295 of 296]
0.000 0.000 0.000 0.000 -0.000 -0.000 -0.000 -0.000 -0.000 -0.000 -0.000 -0.000 -0.000 -0.000 -0.000 -0.000 -0.000 -0.000 -0.000 -0.000 -0.000 -0.001 -0.001 -0.001 -0.002 -0.004 -0.007 -0.014 -0.026 -0.045 -0.071 -0.104 -0.146 -0.196 -0.267 -0.343 -0.426 -0.520 -0.599 -0.671 -0.727 -0.749 -0.724 -0.663 -0.572 -0.410 -0.204 -0.072 -0.021 -0.004 -0.001 -0.000 -0.000 -0.000 -0.000 0.000 0.000 0.000 0.000 0.000 0.000 0.000 0.000 0.000 0.000 0.000 0.000 0.000 0.000 0.000 0.000 0.000 0.000 0.000
0.000 0.000 0.000 -0.000 -0.000 -0.000 -0.000 -0.000 -0.000 -0.000 -0.000 -0.000 -0.000 -0.000 -0.000 -0.000 -0.000 -0.000 -0.000 -0.001 -0.001 -0.001 -0.002 -0.004 -0.007 -0.014 -0.026 -0.046 -0.074 -0.109 -0.150 -0.195 -0.249 -0.312 -0.409 -0.533 -0.669 -0.816 -0.933 -1.008 -1.047 -1.028 -0.956 -0.836 -0.679 -0.461 -0.226 -0.072 -0.020 -0.004 -0.001 -0.000 -0.000 -0.000 -0.000 0.000 0.000 0.000 0.000 0.000 0.000 0.000 0.000 0.000 0.000 0.000 0.000 0.000 0.000 0.000 0.000 0.000 0.000 0.000
0.000 -0.000 -0.000 -0.000 -0.000 -0.000 -0.000 -0.000 -0.000 -0.000 -0.000 -0.000 -0.000 -0.000 -0.000 -0.000 -0.000 -0.001 -0.001 -0.001 -0.002 -0.003 -0.006 -0.012 -0.024 -0.044 -0.073 -0.111 -0.155 -0.203 -0.254 -0.311 -0.376 -0.465 -0.610 -0.815 -1.052 -1.312 -1.510 -1.603 -1.636 -1.574 -1.404 -1.135 -0.840 -0.532 -0.241 -0.079 -0.021 -0.005 -0.001 -0.000 -0.000 -0.000 -0.000 -0.000 0.000 0.000 0.000 0.000 0.000 0.000 0.000 0.000 0.000 0.000 0.000 0.000 0.000 0.000 0.000 0.000 0.000 0.000
-0.000 -0.000 -0.000 -0.000 -0.000 -0.000 -0.000 -0.000 -0.000 -0.000 -0.000 -0.000 -0.000 -0.000 -0.000 -0.000 -0.001 -0.001 -0.002 -0.003 -0.005 -0.010 -0.020 -0.040 -0.069 -0.108 -0.154 -0.204 -0.257 -0.313 -0.373 -0.444 -0.529 -0.683 -0.942 -1.248 -1.574 -1.919 -2.191 -2.345 -2.401 -2.369 -2.178 -1.754 -1.208 -0.671 -0.274 -0.086 -0.023 -0.005 -0.001 -0.000 -0.000 -0.000 -0.000 -0.000 0.000 0.000 0.000 0.000 0.000 0.000 0.000 0.000 0.000 0.000 0.000 0.000 0.000 0.000 0.000 0.000 0.000 0.000
-0.000 -0.000 -0.000 -0.000 -0.000 -0.000 -0.000 -0.000 -0.000 -0.000 -0.000 -0.000 -0.000 -0.000 -0.001 -0.001 -0.001 -0.002 -0.004 -0.009 -0.017 -0.034 -0.062 -0.101 -0.148 -0.198 -0.252 -0.309 -0.368 -0.429 -0.494 -0.583 -0.702 -0.949 -1.358 -1.782 -2.093 -2.281 -2.401 -2.555 -2.629 -2.664 -2.532 -2.303 -1.814 -0.980 -0.346 -0.093 -0.023 -0.005 -0.001 -0.000 -0.000 -0.000 -0.000 -0.000 0.000 0.000 0.000 0.000 0.000 0.000 0.000 0.000 0.000 0.000 0.000 0.000 0.000 0.000 0.000 0.000 0.000 0.000
-0.000 -0.000 -0.000 -0.000 -0.000 -0.000 -0.000 -0.000 -0.000 -0.000 -0.000 -0.000 -0.001 -0.001 -0.001 -0.002 -0.003 -0.006 -0.013 -0.027 -0.052 -0.090 -0.137 -0.189 -0.244 -0.300 -0.358 -0.419 -0.483 -0.551 -0.622 -0.732 -0.924 -1.286 -1.731 -2.121 -2.444 -2.482 -2.318 -2.267 -2.320 -2.437 -2.260 -2.182 -2.234 -1.431 -0.460 -0.104 -0.024 -0.006 -0.001 -0.000 -0.000 -0.000 -0.000 -0.000 0.000 0.000 0.000 0.000 0.000 0.000 0.000 0.000 0.000 0.000 0.000 0.000 0.000 0.000 0.000 0.000 0.000 0.000
-0.000 -0.000 -0.000 -0.000 -0.000 -0.000 -0.000 -0.000 -0.000 -0.000 -0.001 -0.001 -0.001 -0.002 -0.003 -0.005 -0.009 -0.019 -0.040 -0.075 -0.121 -0.174 -0.231 -0.290 -0.350 -0.412 -0.476 -0.543 -0.611 -0.685 -0.771 -0.913 -1.221 -1.662 -2.030 -2.282 -2.589 -2.625 -2.431 -2.028 -1.720 -1.826 -1.815 -1.884 -2.265 -1.699 -0.514 -0.108 -0.026 -0.006 -0.001 -0.000 -0.000 -0.000 -0.000 -0.000 0.000 0.000 0.000 0.000 0.000 0.000 0.000 0.000 0.000 0.000 0.000 0.000 0.000 0.000 0.000 0.000 0.000 0.000
-0.000 -0.000 -0.000 -0.000 -0.000 -0.000 -0.000 -0.000 -0.001 -0.001 -0.001 -0.002 -0.002 -0.004 -0.007 -0.013 -0.028 -0.056 -0.100 -0.155 -0.215 -0.276 -0.338 -0.405 -0.471 -0.541 -0.610 -0.683 -0.763 -0.847 -0.956 -1.147 -1.537 -1.904 -2.083 -2.253 -2.511 -2.404 -2.380 -2.049 -1.674 -1.663 -1.489 -1.897 -2.281 -1.735 -0.510 -0.102 -0.025 -0.005 -0.002 -0.000 -0.000 -0.000 -0.000 -0.000 0.000 0.000 0.000 0.000 0.000 0.000 0.000 0.000 0.000 0.000 0.000 0.000 0.000 0.000 0.000 0.000 0.000 0.000
-0.000 -0.000 -0.000 -0.000 -0.000 -0.000 -0.000 -0.001 -0.001 -0.001 -0.002 -0.003 -0.005 -0.010 -0.020 -0.041 -0.078 -0.132 -0.195 -0.261 -0.325 -0.396 -0.465 -0.538 -0.613 -0.691 -0.768 -0.848 -0.940 -1.041 -1.195 -1.445 -1.807 -2.041 -2.054 -2.079 -2.224 -2.067 -2.180 -1.958 -1.631 -1.689 -1.550 -2.060 -2.293 -1.489 -0.431 -0.091 -0.022 -0.005 -0.002 -0.001 -0.000 -0.000 -0.000 -0.000 0.000 0.000 0.000 0.000 0.000 0.000 0.000 0.000 0.000 0.000 0.000 0.000 0.000 0.000 0.000 0.000 0.000 0.000
-0.000 -0.000 -0.000 -0.000 -0.000 -0.001 -0.001 -0.001 -0.002 -0.003 -0.005 -0.008 -0.015 -0.029 -0.060 -0.110 -0.178 -0.252 -0.327 -0.400 -0.471 -0.544 -0.624 -0.707 -0.791 -0.879 -0.969 -1.060 -1.169 -1.300 -1.505 -1.818 -2.099 -2.208 -2.129 -2.092 -2.117 -2.028 -2.282 -2.147 -1.831 -1.800 -1.645 -2.043 -1.937 -1.029 -0.294 -0.072 -0.019 -0.005 -0.002 -0.001 -0.000 -0.000 -0.000 -0.000 0.000 0.000 0.000 0.000 0.000 0.000 0.000 0.000 0.000 0.000 0.000 0.000 0.000 0.000 0.000 0.000 0.000 0.000
-0.000 -0.000 -0.000 -0.001 -0.001 -0.001 -0.002 -0.003 -0.004 -0.007 -0.013 -0.024 -0.046 -0.088 -0.153 -0.236 -0.322 -0.406 -0.489 -0.571 -0.654 -0.739 -0.834 -0.932 -1.029 -1.134 -1.240 -1.357 -1.497 -1.695 -1.934 -2.233 -2.431 -2.470 -2.360 -2.266 -2.198 -2.083 -2.197 -2.085 -1.867 -1.816 -1.773 -1.855 -1.399 -0.622 -0.176 -0.051 -0.014 -0.004 -0.001 -0.001 -0.000 -0.000 -0.000 -0.000 0.000 0.000 0.000 0.000 0.000 0.000 0.000 0.000 0.000 0.000 0.000 0.000 0.000 0.000 0.000 0.000 0.000 0.000
-0.000 -0.001 -0.001 -0.001 -0.002 -0.002 -0.004 -0.006 -0.011 -0.021 -0.040 -0.075 -0.133 -0.213 -0.308 -0.405 -0.496 -0.583 -0.672 -0.774 -0.879 -0.992 -1.122 -1.250 -1.375 -1.508 -1.654 -1.817 -2.028 -2.308 -2.583 -2.773 -2.891 -2.894 -2.846 -2.704 -2.497 -2.315 -2.372 -2.312 -2.068 -1.909 -1.765 -1.459 -0.825 -0.331 -0.107 -0.035 -0.010 -0.003 -0.001 -0.001 -0.000 -0.000 -0.000 -0.000 0.000 0.000 0.000 0.000 0.000 0.000 0.000 0.000 0.000 0.000 0.000 0.000 0.000 0.000 0.000 0.000 0.000 0.000
-0.001 -0.001 -0.001 -0.002 -0.003 -0.005 -0.009 -0.017 -0.034 -0.065 -0.117 -0.192 -0.291 -0.395 -0.496 -0.596 -0.696 -0.801 -0.910 -1.045 -1.203 -1.365 -1.548 -1.744 -1.928 -2.118 -2.333 -2.565 -2.819 -3.083 -3.340 -3.481 -3.489 -3.408 -3.355 -3.286 -3.110 -2.871 -2.725 -2.453 -2.165 -1.765 -1.384 -0.852 -0.395 -0.156 -0.059 -0.021 -0.007 -0.003 -0.001 -0.000 -0.000 -0.000 -0.000 -0.000 0.000 0.000 0.000 0.000 0.000 0.000 0.000 0.000 0.000 0.000 0.000 0.000 0.000 0.000 0.000 0.000 0.000 0.000
-0.001 -0.002 -0.003 -0.005 -0.008 -0.014 -0.026 -0.052 -0.099 -0.167 -0.257 -0.362 -0.474 -0.591 -0.700 -0.818 -0.949 -1.093 -1.264 -1.467 -1.718 -1.979 -2.226 -2.470 -2.702 -2.897 -3.112 -3.343 -3.531 -3.656 -3.749 -3.816 -3.772 -3.616 -3.506 -3.369 -3.115 -2.812 -2.486 -2.128 -1.694 -1.189 -0.716 -0.371 -0.166 -0.071 -0.030 -0.012 -0.005 -0.002 -0.001 -0.000 -0.000 -0.000 -0.000 -0.000 0.000 0.000 0.000 0.000 0.000 0.000 0.000 0.000 0.000 0.000 0.000 0.000 0.000 0.000 0.000 0.000 0.000 0.000
-0.003 -0.004 -0.006 -0.011 -0.021 -0.041 -0.079 -0.139 -0.222 -0.322 -0.429 -0.544 -0.665 -0.799 -0.941 -1.102 -1.304 -1.532 -1.804 -2.132 -2.469 -2.778 -3.015 -3.176 -3.282 -3.370 -3.490 -3.647 -3.766 -3.782 -3.722 -3.665 -3.530 -3.282 -3.062 -2.787 -2.396 -1.953 -1.577 -1.224 -0.870 -0.542 -0.300 -0.153 -0.073 -0.034 -0.016 -0.007 -0.003 -0.001 -0.001 -0.000 -0.000 -0.000 -0.000 0.000 0.000 0.000 0.000 0.000 0.000 0.000 0.000 0.000 0.000 0.000 0.000 0.000 0.000 0.000 0.000 0.000 0.000 0.000
-0.006 -0.009 -0.017 -0.033 -0.063 -0.115 -0.192 -0.287 -0.390 -0.504 -0.621 -0.747 -0.893 -1.062 -1.260 -1.506 -1.816 -2.179 -2.539 -2.893 -3.179 -3.351 -3.427 -3.456 -3.455 -3.452 -3.493 -3.572 -3.592 -3.504 -3.279 -3.008 -2.722 -2.378 -2.047 -1.723 -1.376 -1.060 -0.810 -0.596 -0.406 -0.250 -0.141 -0.075 -0.039 -0.019 -0.009 -0.004 -0.002 -0.001 -0.001 -0.000 -0.000 -0.000 -0.000 0.000 0.000 0.000 0.000 0.000 0.000 0.000 0.000 0.000 0.000 0.000 0.000 0.000 0.000 0.000 0.000 0.000 0.000 0.000
-0.014 -0.027 -0.052 -0.095 -0.161 -0.249 -0.352 -0.464 -0.581 -0.712 -0.859 -1.018 -1.213 -1.459 -1.739 -2.084 -2.496 -2.910 -3.200 -3.375 -3.456 -3.469 -3.419 -3.367 -3.309 -3.226 -3.174 -3.115 -2.994 -2.773 -2.464 -2.106 -1.760 -1.470 -1.227 -1.018 -0.823 -0.640 -0.485 -0.353 -0.243 -0.153 -0.087 -0.046 -0.023 -0.011 -0.005 -0.003 -0.001 -0.001 -0.000 -0.000 -0.000 -0.000 -0.000 0.000 0.000 0.000 0.000 0.000 0.000 0.000 0.000 0.000 0.000 0.000 0.000 0.000 0.000 0.000 0.000 0.000 0.000 0.000
-0.042 -0.079 -0.138 -0.220 -0.320 -0.430 -0.541 -0.664 -0.804 -0.968 -1.166 -1.400 -1.669 -2.007 -2.386 -2.779 -3.138 -3.384 -3.466 -3.446 -3.371 -3.246 -3.070 -2.902 -2.752 -2.605 -2.490 -2.374 -2.196 -1.964 -1.707 -1.445 -1.202 -1.003 -0.846 -0.708 -0.575 -0.451 -0.344 -0.250 -0.169 -0.103 -0.056 -0.028 -0.013 -0.007 -0.003 -0.002 -0.001 -0.001 -0.000 -0.000 -0.000 -0.000 -0.000 0.000 0.000 0.000 0.000 0.000 0.000 0.000 0.000 0.000 0.000 0.000 0.000 0.000 0.000 0.000 0.000 0.000 0.000 0.000
-0.115 -0.189 -0.284 -0.392 -0.507 -0.632 -0.763 -0.912 -1.092 -1.307 -1.569 -1.873 -2.215 -2.591 -2.970 -3.265 -3.426 -3.436 -3.342 -3.161 -2.929 -2.673 -2.432 -2.235 -2.091 -1.978 -1.889 -1.788 -1.637 -1.439 -1.236 -1.051 -0.890 -0.755 -0.637 -0.533 -0.432 -0.338 -0.257 -0.185 -0.119 -0.067 -0.033 -0.016 -0.008 -0.004 -0.002 -0.001 -0.001 -0.000 -0.000 -0.000 -0.000 -0.000 0.000 0.000 0.000 0.000 0.000 0.000 0.000 0.000 0.000 0.000 0.000 0.000 0.000 0.000 0.000 0.000 0.000 0.000 0.000 0.000
-0.249 -0.351 -0.461 -0.582 -0.711 -0.852 -1.018 -1.208 -1.439 -1.708 -2.027 -2.364 -2.712 -3.022 -3.256 -3.366 -3.313 -3.129 -2.859 -2.550 -2.238 -1.993 -1.817 -1.714 -1.657 -1.597 -1.523 -1.417 -1.271 -1.102 -0.946 -0.813 -0.696 -0.598 -0.507 -0.420 -0.337 -0.259 -0.192 -0.132 -0.079 -0.041 -0.020 -0.010 -0.005 -0.003 -0.002 -0.001 -0.001 -0.000 -0.000 -0.000 -0.000 -0.000 0.000 0.000 0.000 0.000 0.000 0.000 0.000 0.000 0.000 0.000 0.000 0.000 0.000 0.000 0.000 0.000 0.000 0.000 0.000 0.000
-0.430 -0.542 -0.661 -0.792 -0.940 -1.108 -1.305 -1.532 -1.812 -2.114 -2.440 -2.751 -3.021 -3.194 -3.221 -3.149 -2.928 -2.571 -2.211 -1.894 -1.665 -1.531 -1.459 -1.425 -1.411 -1.367 -1.277 -1.155 -1.016 -0.875 -0.752 -0.653 -0.569 -0.489 -0.413 -0.339 -0.268 -0.202 -0.143 -0.092 -0.051 -0.025 -0.012 -0.006 -0.003 -0.002 -0.001 -0.001 -0.000 -0.000 -0.000 -0.000 -0.000 -0.000 0.000 0.000 0.000 0.000 0.000 0.000 0.000 0.000 0.000 0.000 0.000 0.000 0.000 0.000 0.000 0.000 0.000 0.000 0.000 0.000
-0.612 -0.737 -0.870 -1.021 -1.192 -1.389 -1.620 -1.881 -2.173 -2.476 -2.753 -2.972 -3.097 -3.110 -2.953 -2.695 -2.391 -2.022 -1.708 -1.495 -1.366 -1.299 -1.270 -1.262 -1.244 -1.186 -1.078 -0.947 -0.818 -0.709 -0.617 -0.537 -0.470 -0.407 -0.340 -0.274 -0.213 -0.156 -0.105 -0.063 -0.033 -0.016 -0.008 -0.004 -0.002 -0.001 -0.001 -0.000 -0.000 -0.000 -0.000 -0.000 -0.000 0.000 0.000 0.000 0.000 0.000 0.000 0.000 0.000 0.000 0.000 0.000 0.000 0.000 0.000 0.000 0.000 0.000 0.000 0.000 0.000 0.000
-0.789 -0.924 -1.076 -1.248 -1.448 -1.678 -1.936 -2.222 -2.486 -2.740 -2.925 -3.012 -2.976 -2.823 -2.546 -2.201 -1.878 -1.612 -1.424 -1.302 -1.229 -1.192 -1.174 -1.154 -1.107 -1.021 -0.902 -0.774 -0.663 -0.577 -0.511 -0.451 -0.395 -0.339 -0.280 -0.222 -0.168 -0.120 -0.076 -0.042 -0.022 -0.011 -0.006 -0.003 -0.002 -0.001 -0.001 -0.000 -0.000 -0.000 -0.000 -0.000 -0.000 0.000 0.000 0.000 0.000 0.000 0.000 0.000 0.000 0.000 0.000 0.000 0.000 0.000 0.000 0.000 0.000 0.000 0.000 0.000 0.000 0.000
-0.988 -1.130 -1.296 -1.490 -1.713 -1.965 -2.229 -2.487 -2.705 -2.868 -2.918 -2.871 -2.715 -2.451 -2.120 -1.796 -1.527 -1.345 -1.241 -1.191 -1.159 -1.134 -1.109 -1.061 -0.978 -0.867 -0.745 -0.634 -0.546 -0.479 -0.427 -0.381 -0.335 -0.284 -0.230 -0.179 -0.132 -0.090 -0.054 -0.029 -0.014 -0.007 -0.004 -0.002 -0.001 -0.001 -0.000 -0.000 -0.000 -0.000 -0.000 -0.000 0.000 0.000 0.000 0.000 0.000 0.000 0.000 0.000 0.000 0.000 0.000 0.000 0.000 0.000 0.000 0.000 0.000 0.000 0.000 0.000 0.000 0.000
-1.193 -1.349 -1.539 -1.744 -1.972 -2.216 -2.448 -2.647 -2.775 -2.833 -2.762 -2.580 -2.343 -2.041 -1.719 -1.456 -1.280 -1.180 -1.127 -1.108 -1.105 -1.080 -1.028 -0.950 -0.845 -0.723 -0.610 -0.521 -0.456 -0.405 -0.363 -0.322 -0.282 -0.237 -0.189 -0.143 -0.103 -0.067 -0.037 -0.019 -0.009 -0.005 -0.003 -0.001 -0.001 -0.001 -0.000 -0.000 -0.000 -0.000 -0.000 -0.000 0.000 0.000 0.000 0.000 0.000 0.000 0.000 0.000 0.000 0.000 0.000 0.000 0.000 0.000 0.000 0.000 0.000 0.000 0.000 0.000 0.000 0.000
-1.388 -1.557 -1.766 -1.981 -2.187 -2.404 -2.581 -2.698 -2.723 -2.665 -2.518 -2.266 -1.963 -1.646 -1.380 -1.195 -1.094 -1.054 -1.050 -1.051 -1.048 -1.010 -0.927 -0.821 -0.704 -0.590 -0.500 -0.433 -0.384 -0.344 -0.310 -0.274 -0.234 -0.193 -0.152 -0.113 -0.079 -0.048 -0.025 -0.012 -0.006 -0.003 -0.002 -0.001 -0.001 -0.000 -0.000 -0.000 -0.000 -0.000 -0.000 0.000 0.000 0.000 0.000 0.000 0.000 0.000 0.000 0.000 0.000 0.000 0.000 0.000 0.000 0.000 0.000 0.000 0.000 0.000 0.000 0.000 0.000 0.000
-1.574 -1.759 -1.962 -2.169 -2.347 -2.509 -2.638 -2.650 -2.578 -2.431 -2.220 -1.939 -1.627 -1.350 -1.158 -1.045 -0.992 -0.980 -0.989 -0.997 -0.982 -0.917 -0.809 -0.689 -0.574 -0.481 -0.415 -0.366 -0.328 -0.295 -0.264 -0.231 -0.194 -0.156 -0.121 -0.088 -0.059 -0.034 -0.017 -0.008 -0.004 -0.002 -0.001 -0.001 -0.000 -0.000 -0.000 -0.000 -0.000 -0.000 -0.000 0.000 0.000 0.000 0.000 0.000 0.000 0.000 0.000 0.000 0.000 0.000 0.000 0.000 0.000 0.000 0.000 0.000 0.000 0.000 0.000 0.000 0.000 0.000
-1.756 -1.948 -2.130 -2.305 -2.444 -2.533 -2.572 -2.524 -2.385 -2.171 -1.894 -1.604 -1.336 -1.141 -1.030 -0.967 -0.945 -0.952 -0.959 -0.944 -0.895 -0.805 -0.680 -0.566 -0.473 -0.404 -0.354 -0.316 -0.284 -0.256 -0.228 -0.195 -0.160 -0.127 -0.097 -0.069 -0.044 -0.024 -0.012 -0.006 -0.003 -0.001 -0.001 -0.000 -0.000 -0.000 -0.000 -0.000 -0.000 -0.000 -0.000 0.000 0.000 0.000 0.000 0.000 0.000 0.000 0.000 0.000 0.000 0.000 0.000 0.000 0.000 0.000 0.000 0.000 0.000 0.000 0.000 0.000 0.000 0.000
-1.929 -2.099 -2.264 -2.385 -2.461 -2.474 -2.439 -2.338 -2.157 -1.893 -1.586 -1.318 -1.127 -1.010 -0.955 -0.933 -0.929 -0.938 -0.926 -0.880 -0.794 -0.677 -0.557 -0.466 -0.399 -0.348 -0.309 -0.276 -0.248 -0.222 -0.195 -0.165 -0.133 -0.105 -0.079 -0.054 -0.033 -0.017 -0.008 -0.004 -0.002 -0.001 -0.001 -0.000 -0.000 -0.000 -0.000 -0.000 -0.000 -0.000 -0.000 0.000 0.000 0.000 0.000 0.000 0.000 0.000 0.000 0.000 0.000 0.000 0.000 0.000 0.000 0.000 0.000 0.000 0.000 0.000 0.000 0.000 0.000 0.000
-2.078 -2.212 -2.335 -2.397 -2.400 -2.348 -2.270 -2.131 -1.897 -1.604 -1.323 -1.123 -1.002 -0.942 -0.915 -0.921 -0.924 -0.910 -0.866 -0.784 -0.670 -0.552 -0.457 -0.392 -0.344 -0.305 -0.272 -0.243 -0.217 -0.192 -0.166 -0.139 -0.112 -0.087 -0.063 -0.041 -0.024 -0.012 -0.006 -0.003 -0.001 -0.001 -0.000 -0.000 -0.000 -0.000 -0.000 -0.000 -0.000 -0.000 -0.000 0.000 0.000 0.000 0.000 0.000 0.000 0.000 0.000 0.000 0.000 0.000 0.000 0.000 0.000 0.000 0.000 0.000 0.000 0.000 0.000 0.000 0.000 0.000
-2.195 -2.287 -2.335 -2.331 -2.277 -2.197 -2.077 -1.893 -1.636 -1.351 -1.129 -0.999 -0.935 -0.911 -0.906 -0.911 -0.903 -0.850 -0.767 -0.661 -0.545 -0.448 -0.382 -0.337 -0.302 -0.270 -0.241 -0.214 -0.189 -0.165 -0.142 -0.118 -0.095 -0.072 -0.049 -0.029 -0.016 -0.008 -0.004 -0.002 -0.001 -0.001 -0.000 -0.000 -0.000 -0.000 -0.000 -0.000 -0.000 -0.000 -0.000 0.000 0.000 0.000 0.000 0.000 0.000 0.000 0.000 0.000 0.000 0.000 0.000 0.000 0.000 0.000 0.000 0.000 0.000 0.000 0.000 0.000 0.000 0.000
-2.262 -2.292 -2.279 -2.219 -2.139 -2.037 -1.887 -1.652 -1.376 -1.154 -1.007 -0.929 -0.897 -0.897 -0.902 -0.892 -0.847 -0.757 -0.645 -0.537 -0.443 -0.374 -0.327 -0.294 -0.266 -0.240 -0.214 -0.188 -0.164 -0.142 -0.121 -0.101 -0.079 -0.056 -0.035 -0.020 -0.010 -0.005 -0.003 -0.001 -0.001 -0.000 -0.000 -0.000 -0.000 -0.000 -0.000 -0.000 -0.000 -0.000 -0.000 0.000 0.000 0.000 0.000 0.000 0.000 0.000 0.000 0.000 0.000 0.000 0.000 0.000 0.000 0.000 0.000 0.000 0.000 0.000 0.000 0.000 0.000 0.000
-2.265 -2.238 -2.188 -2.114 -2.013 -1.874 -1.675 -1.411 -1.163 -1.009 -0.930 -0.887 -0.874 -0.879 -0.869 -0.829 -0.756 -0.645 -0.532 -0.438 -0.369 -0.320 -0.284 -0.256 -0.234 -0.212 -0.188 -0.164 -0.142 -0.122 -0.103 -0.084 -0.063 -0.041 -0.023 -0.012 -0.007 -0.003 -0.002 -0.001 -0.001 -0.000 -0.000 -0.000 -0.000 -0.000 -0.000 -0.000 -0.000 -0.000 -0.000 0.000 0.000 0.000 0.000 0.000 0.000 0.000 0.000 0.000 0.000 0.000 0.000 0.000 0.000 0.000 0.000 0.000 0.000 0.000 0.000 0.000 0.000 0.000
