AvaFrame/avaframe/data/avaSalk/Avaflow_Input_Output/slk_results/slk_ascii/slk_basechange10019.asc
ncols 296
nrows 144
xllcenter 761600.00
yllcenter 8523000.00
cellsize 12.50
NODATA_value -9999.000
[rows 33 to 65 of 144, columns 222 to 295 of 296]
0.000 0.000 0.000 0.000 -0.000 -0.000 -0.000 -0.000 -0.000 -0.000 -0.000 -0.000 -0.000 -0.000 -0.000 -0.000 -0.000 -0.000 -0.000 -0.000 -0.000 -0.001 -0.001 -0.001 -0.002 -0.004 -0.007 -0.014 -0.026 -0.045 -0.071 -0.104 -0.146 -0.196 -0.267 -0.343 -0.426 -0.520 -0.599 -0.672 -0.727 -0.749 -0.724 -0.663 -0.572 -0.410 -0.204 -0.072 -0.021 -0.004 -0.001 -0.000 -0.000 -0.000 -0.000 0.000 0.000 0.000 0.000 0.000 0.000 0.000 0.000 0.000 0.000 0.000 0.000 0.000 0.000 0.000 0.000 0.000 0.000 0.000
0.000 0.000 0.000 -0.000 -0.000 -0.000 -0.000 -0.000 -0.000 -0.000 -0.000 -0.000 -0.000 -0.000 -0.000 -0.000 -0.000 -0.000 -0.000 -0.001 -0.001 -0.001 -0.002 -0.004 -0.007 -0.014 -0.026 -0.046 -0.074 -0.109 -0.150 -0.195 -0.249 -0.312 -0.409 -0.533 -0.669 -0.817 -0.934 -1.010 -1.049 -1.029 -0.956 -0.837 -0.679 -0.461 -0.226 -0.072 -0.020 -0.004 -0.001 -0.000 -0.000 -0.000 -0.000 0.000 0.000 0.000 0.000 0.000 0.000 0.000 0.000 0.000 0.000 0.000 0.000 0.000 0.000 0.000 0.000 0.000 0.000 0.000
0.000 -0.000 -0.000 -0.000 -0.000 -0.000 -0.000 -0.000 -0.000 -0.000 -0.000 -0.000 -0.000 -0.000 -0.000 -0.000 -0.000 -0.001 -0.001 -0.001 -0.002 -0.003 -0.006 -0.012 -0.024 -0.044 -0.073 -0.111 -0.155 -0.203 -0.254 -0.311 -0.376 -0.465 -0.610 -0.815 -1.053 -1.317 -1.524 -1.619 -1.650 -1.583 -1.405 -1.135 -0.840 -0.532 -0.241 -0.079 -0.021 -0.005 -0.001 -0.000 -0.000 -0.000 -0.000 -0.000 0.000 0.000 0.000 0.000 0.000 0.000 0.000 0.000 0.000 0.000 0.000 0.000 0.000 0.000 0.000 0.000 0.000 0.000
-0.000 -0.000 -0.000 -0.000 -0.000 -0.000 -0.000 -0.000 -0.000 -0.000 -0.000 -0.000 -0.000 -0.000 -0.000 -0.000 -0.001 -0.001 -0.002 -0.003 -0.005 -0.010 -0.020 -0.040 -0.069 -0.108 -0.154 -0.204 -0.257 -0.313 -0.373 -0.444 -0.529 -0.684 -0.942 -1.251 -1.590 -2.002 -2.366 -2.550 -2.592 -2.517 -2.248 -1.762 -1.209 -0.672 -0.274 -0.086 -0.023 -0.005 -0.001 -0.000 -0.000 -0.000 -0.000 -0.000 0.000 0.000 0.000 0.000 0.000 0.000 0.000 0.000 0.000 0.000 0.000 0.000 0.000 0.000 0.000 0.000 0.000 0.000
-0.000 -0.000 -0.000 -0.000 -0.000 -0.000 -0.000 -0.000 -0.000 -0.000 -0.000 -0.000 -0.000 -0.000 -0.001 -0.001 -0.001 -0.002 -0.004 -0.009 -0.017 -0.034 -0.062 -0.101 -0.148 -0.198 -0.252 -0.309 -0.368 -0.429 -0.495 -0.583 -0.702 -0.949 -1.369 -1.854 -2.302 -2.672 -2.947 -3.179 -3.300 -3.311 -3.038 -2.534 -1.838 -0.981 -0.346 -0.093 -0.023 -0.005 -0.001 -0.000 -0.000 -0.000 -0.000 -0.000 0.000 0.000 0.000 0.000 0.000 0.000 0.000 0.000 0.000 0.000 0.000 0.000 0.000 0.000 0.000 0.000 0.000 0.000
-0.000 -0.000 -0.000 -0.000 -0.000 -0.000 -0.000 -0.000 -0.000 -0.000 -0.000 -0.000 -0.001 -0.001 -0.001 -0.002 -0.003 -0.006 -0.013 -0.027 -0.052 -0.090 -0.137 -0.189 -0.244 -0.300 -0.358 -0.419 -0.483 -0.551 -0.622 -0.732 -0.924 -1.311 -1.874 -2.480 -3.026 -3.139 -2.875 -2.766 -2.922 -3.135 -2.951 -2.776 -2.521 -1.460 -0.463 -0.105 -0.025 -0.006 -0.001 -0.000 -0.000 -0.000 -0.000 -0.000 0.000 0.000 0.000 0.000 0.000 0.000 0.000 0.000 0.000 0.000 0.000 0.000 0.000 0.000 0.000 0.000 0.000 0.000
-0.000 -0.000 -0.000 -0.000 -0.000 -0.000 -0.000 -0.000 -0.000 -0.000 -0.001 -0.001 -0.001 -0.002 -0.003 -0.005 -0.009 -0.019 -0.040 -0.075 -0.121 -0.174 -0.231 -0.290 -0.350 -0.413 -0.476 -0.543 -0.612 -0.685 -0.771 -0.913 -1.242 -1.811 -2.374 -2.789 -3.215 -3.278 -2.897 -2.273 -1.895 -2.141 -2.294 -2.543 -2.821 -1.825 -0.526 -0.111 -0.026 -0.006 -0.002 -0.000 -0.000 -0.000 -0.000 -0.000 0.000 0.000 0.000 0.000 0.000 0.000 0.000 0.000 0.000 0.000 0.000 0.000 0.000 0.000 0.000 0.000 0.000 0.000
-0.000 -0.000 -0.000 -0.000 -0.000 -0.000 -0.000 -0.000 -0.001 -0.001 -0.001 -0.002 -0.002 -0.004 -0.007 -0.014 -0.028 -0.056 -0.100 -0.155 -0.215 -0.276 -0.338 -0.405 -0.471 -0.541 -0.610 -0.684 -0.764 -0.848 -0.957 -1.156 -1.641 -2.189 -2.419 -2.617 -2.968 -2.883 -2.738 -2.289 -1.790 -1.793 -1.751 -2.533 -2.880 -1.879 -0.525 -0.104 -0.025 -0.006 -0.002 -0.001 -0.000 -0.000 -0.000 -0.000 0.000 0.000 0.000 0.000 0.000 0.000 0.000 0.000 0.000 0.000 0.000 0.000 0.000 0.000 0.000 0.000 0.000 0.000
-0.000 -0.000 -0.000 -0.000 -0.000 -0.000 -0.000 -0.001 -0.001 -0.001 -0.002 -0.003 -0.005 -0.010 -0.020 -0.041 -0.078 -0.132 -0.196 -0.261 -0.326 -0.396 -0.465 -0.539 -0.614 -0.691 -0.769 -0.850 -0.942 -1.045 -1.202 -1.499 -2.017 -2.327 -2.232 -2.213 -2.405 -2.264 -2.352 -2.134 -1.748 -1.843 -1.819 -2.693 -2.821 -1.575 -0.441 -0.093 -0.023 -0.005 -0.002 -0.001 -0.000 -0.000 -0.000 -0.000 0.000 0.000 0.000 0.000 0.000 0.000 0.000 0.000 0.000 0.000 0.000 0.000 0.000 0.000 0.000 0.000 0.000 0.000
-0.000 -0.000 -0.000 -0.000 -0.000 -0.001 -0.001 -0.001 -0.002 -0.003 -0.005 -0.008 -0.015 -0.029 -0.060 -0.110 -0.178 -0.252 -0.327 -0.401 -0.472 -0.545 -0.625 -0.707 -0.793 -0.881 -0.972 -1.064 -1.175 -1.312 -1.540 -1.963 -2.382 -2.456 -2.244 -2.205 -2.219 -2.110 -2.416 -2.294 -1.985 -1.959 -1.968 -2.579 -2.224 -1.053 -0.298 -0.073 -0.019 -0.005 -0.002 -0.001 -0.000 -0.000 -0.000 -0.000 0.000 0.000 0.000 0.000 0.000 0.000 0.000 0.000 0.000 0.000 0.000 0.000 0.000 0.000 0.000 0.000 0.000 0.000
-0.000 -0.000 -0.000 -0.001 -0.001 -0.001 -0.002 -0.003 -0.004 -0.007 -0.013 -0.024 -0.046 -0.088 -0.153 -0.236 -0.322 -0.407 -0.490 -0.572 -0.655 -0.740 -0.835 -0.934 -1.032 -1.138 -1.247 -1.370 -1.519 -1.740 -2.047 -2.483 -2.734 -2.673 -2.498 -2.401 -2.374 -2.230 -2.328 -2.270 -2.091 -2.029 -2.149 -2.192 -1.471 -0.628 -0.177 -0.052 -0.014 -0.004 -0.002 -0.001 -0.000 -0.000 -0.000 -0.000 0.000 0.000 0.000 0.000 0.000 0.000 0.000 0.000 0.000 0.000 0.000 0.000 0.000 0.000 0.000 0.000 0.000 0.000
-0.000 -0.001 -0.001 -0.001 -0.002 -0.002 -0.004 -0.006 -0.011 -0.021 -0.040 -0.075 -0.133 -0.213 -0.308 -0.406 -0.496 -0.584 -0.673 -0.775 -0.881 -0.994 -1.126 -1.256 -1.384 -1.523 -1.682 -1.867 -2.120 -2.466 -2.837 -3.088 -3.151 -3.054 -3.017 -2.871 -2.764 -2.704 -2.727 -2.692 -2.488 -2.260 -2.072 -1.575 -0.836 -0.333 -0.108 -0.035 -0.010 -0.004 -0.001 -0.001 -0.000 -0.000 -0.000 -0.000 0.000 0.000 0.000 0.000 0.000 0.000 0.000 0.000 0.000 0.000 0.000 0.000 0.000 0.000 0.000 0.000 0.000 0.000
-0.001 -0.001 -0.002 -0.002 -0.003 -0.005 -0.009 -0.017 -0.034 -0.065 -0.117 -0.192 -0.291 -0.395 -0.497 -0.597 -0.697 -0.802 -0.912 -1.048 -1.208 -1.372 -1.561 -1.767 -1.968 -2.186 -2.454 -2.764 -3.101 -3.448 -3.766 -3.887 -3.805 -3.675 -3.668 -3.641 -3.553 -3.482 -3.393 -3.086 -2.641 -2.051 -1.482 -0.864 -0.397 -0.156 -0.060 -0.022 -0.007 -0.003 -0.001 -0.000 -0.000 -0.000 -0.000 -0.000 0.000 0.000 0.000 0.000 0.000 0.000 0.000 0.000 0.000 0.000 0.000 0.000 0.000 0.000 0.000 0.000 0.000 0.000
-0.001 -0.002 -0.003 -0.005 -0.008 -0.014 -0.026 -0.052 -0.099 -0.167 -0.257 -0.362 -0.475 -0.592 -0.701 -0.819 -0.951 -1.097 -1.269 -1.476 -1.736 -2.015 -2.294 -2.588 -2.892 -3.178 -3.495 -3.814 -4.061 -4.209 -4.292 -4.332 -4.241 -4.062 -3.976 -3.857 -3.636 -3.316 -2.923 -2.441 -1.840 -1.229 -0.724 -0.373 -0.167 -0.071 -0.031 -0.012 -0.005 -0.002 -0.001 -0.000 -0.000 -0.000 -0.000 -0.000 0.000 0.000 0.000 0.000 0.000 0.000 0.000 0.000 0.000 0.000 0.000 0.000 0.000 0.000 0.000 0.000 0.000 0.000
-0.003 -0.004 -0.007 -0.011 -0.021 -0.042 -0.079 -0.139 -0.222 -0.323 -0.429 -0.545 -0.666 -0.800 -0.943 -1.105 -1.309 -1.541 -1.822 -2.172 -2.560 -2.958 -3.310 -3.588 -3.790 -3.941 -4.093 -4.265 -4.378 -4.356 -4.240 -4.152 -3.989 -3.701 -3.448 -3.117 -2.624 -2.069 -1.634 -1.250 -0.881 -0.546 -0.302 -0.154 -0.073 -0.034 -0.016 -0.007 -0.003 -0.001 -0.001 -0.000 -0.000 -0.000 -0.000 0.000 0.000 0.000 0.000 0.000 0.000 0.000 0.000 0.000 0.000 0.000 0.000 0.000 0.000 0.000 0.000 0.000 0.000 0.000
-0.006 -0.010 -0.017 -0.033 -0.063 -0.115 -0.192 -0.287 -0.391 -0.505 -0.622 -0.748 -0.895 -1.065 -1.265 -1.514 -1.831 -2.211 -2.618 -3.076 -3.511 -3.831 -4.010 -4.100 -4.112 -4.089 -4.101 -4.144 -4.104 -3.929 -3.611 -3.273 -2.940 -2.545 -2.158 -1.777 -1.396 -1.070 -0.816 -0.599 -0.408 -0.251 -0.142 -0.076 -0.039 -0.019 -0.009 -0.004 -0.002 -0.001 -0.001 -0.000 -0.000 -0.000 -0.000 0.000 0.000 0.000 0.000 0.000 0.000 0.000 0.000 0.000 0.000 0.000 0.000 0.000 0.000 0.000 0.000 0.000 0.000 0.000
-0.015 -0.027 -0.052 -0.095 -0.162 -0.249 -0.353 -0.464 -0.582 -0.713 -0.860 -1.020 -1.216 -1.465 -1.750 -2.106 -2.547 -3.042 -3.481 -3.828 -4.031 -4.101 -4.039 -3.937 -3.815 -3.671 -3.567 -3.445 -3.246 -2.941 -2.564 -2.161 -1.794 -1.491 -1.240 -1.025 -0.827 -0.643 -0.487 -0.355 -0.244 -0.153 -0.088 -0.047 -0.023 -0.011 -0.006 -0.003 -0.001 -0.001 -0.000 -0.000 -0.000 -0.000 -0.000 0.000 0.000 0.000 0.000 0.000 0.000 0.000 0.000 0.000 0.000 0.000 0.000 0.000 0.000 0.000 0.000 0.000 0.000 0.000
-0.043 -0.080 -0.139 -0.220 -0.321 -0.430 -0.542 -0.665 -0.805 -0.969 -1.169 -1.405 -1.677 -2.022 -2.416 -2.850 -3.314 -3.738 -3.991 -4.055 -3.979 -3.793 -3.518 -3.254 -3.026 -2.820 -2.662 -2.508 -2.295 -2.030 -1.744 -1.464 -1.212 -1.008 -0.849 -0.711 -0.577 -0.453 -0.345 -0.251 -0.170 -0.104 -0.057 -0.028 -0.013 -0.007 -0.004 -0.002 -0.001 -0.001 -0.000 -0.000 -0.000 -0.000 -0.000 0.000 0.000 0.000 0.000 0.000 0.000 0.000 0.000 0.000 0.000 0.000 0.000 0.000 0.000 0.000 0.000 0.000 0.000 0.000
-0.115 -0.189 -0.285 -0.393 -0.508 -0.633 -0.764 -0.914 -1.094 -1.311 -1.575 -1.883 -2.234 -2.631 -3.062 -3.474 -3.814 -3.976 -3.933 -3.707 -3.385 -3.024 -2.687 -2.419 -2.227 -2.085 -1.974 -1.855 -1.686 -1.470 -1.255 -1.062 -0.897 -0.760 -0.640 -0.536 -0.434 -0.339 -0.258 -0.186 -0.120 -0.067 -0.033 -0.016 -0.008 -0.004 -0.002 -0.001 -0.001 -0.000 -0.000 -0.000 -0.000 -0.000 0.000 0.000 0.000 0.000 0.000 0.000 0.000 0.000 0.000 0.000 0.000 0.000 0.000 0.000 0.000 0.000 0.000 0.000 0.000 0.000
-0.250 -0.351 -0.462 -0.583 -0.712 -0.853 -1.020 -1.210 -1.443 -1.715 -2.040 -2.388 -2.762 -3.133 -3.491 -3.766 -3.843 -3.690 -3.364 -2.946 -2.516 -2.184 -1.953 -1.819 -1.743 -1.669 -1.580 -1.460 -1.301 -1.121 -0.958 -0.820 -0.700 -0.601 -0.510 -0.422 -0.339 -0.261 -0.193 -0.133 -0.080 -0.041 -0.020 -0.010 -0.005 -0.003 -0.002 -0.001 -0.001 -0.000 -0.000 -0.000 -0.000 -0.000 0.000 0.000 0.000 0.000 0.000 0.000 0.000 0.000 0.000 0.000 0.000 0.000 0.000 0.000 0.000 0.000 0.000 0.000 0.000 0.000
-0.431 -0.543 -0.662 -0.794 -0.942 -1.111 -1.308 -1.537 -1.820 -2.129 -2.469 -2.811 -3.151 -3.449 -3.628 -3.670 -3.474 -3.060 -2.593 -2.160 -1.838 -1.649 -1.550 -1.502 -1.478 -1.423 -1.318 -1.184 -1.035 -0.888 -0.760 -0.658 -0.572 -0.492 -0.415 -0.341 -0.270 -0.203 -0.143 -0.092 -0.051 -0.025 -0.013 -0.007 -0.004 -0.002 -0.001 -0.001 -0.000 -0.000 -0.000 -0.000 -0.000 -0.000 0.000 0.000 0.000 0.000 0.000 0.000 0.000 0.000 0.000 0.000 0.000 0.000 0.000 0.000 0.000 0.000 0.000 0.000 0.000 0.000
-0.612 -0.738 -0.871 -1.023 -1.195 -1.393 -1.627 -1.891 -2.190 -2.509 -2.820 -3.112 -3.363 -3.521 -3.458 -3.225 -2.877 -2.403 -1.975 -1.675 -1.489 -1.392 -1.346 -1.326 -1.298 -1.227 -1.107 -0.967 -0.831 -0.718 -0.623 -0.541 -0.473 -0.409 -0.342 -0.276 -0.214 -0.157 -0.106 -0.063 -0.033 -0.017 -0.008 -0.005 -0.002 -0.001 -0.001 -0.000 -0.000 -0.000 -0.000 -0.000 -0.000 0.000 0.000 0.000 0.000 0.000 0.000 0.000 0.000 0.000 0.000 0.000 0.000 0.000 0.000 0.000 0.000 0.000 0.000 0.000 0.000 0.000
-0.790 -0.926 -1.078 -1.252 -1.453 -1.685 -1.948 -2.243 -2.524 -2.814 -3.072 -3.284 -3.384 -3.322 -3.068 -2.683 -2.269 -1.894 -1.614 -1.433 -1.326 -1.269 -1.238 -1.205 -1.147 -1.050 -0.922 -0.787 -0.672 -0.583 -0.516 -0.455 -0.397 -0.341 -0.282 -0.223 -0.169 -0.120 -0.077 -0.043 -0.022 -0.011 -0.006 -0.003 -0.002 -0.001 -0.001 -0.000 -0.000 -0.000 -0.000 -0.000 -0.000 0.000 0.000 0.000 0.000 0.000 0.000 0.000 0.000 0.000 0.000 0.000 0.000 0.000 0.000 0.000 0.000 0.000 0.000 0.000 0.000 0.000
-0.990 -1.132 -1.299 -1.496 -1.722 -1.979 -2.253 -2.529 -2.786 -3.022 -3.187 -3.277 -3.215 -2.972 -2.611 -2.199 -1.815 -1.541 -1.380 -1.294 -1.240 -1.199 -1.161 -1.102 -1.007 -0.887 -0.759 -0.642 -0.552 -0.484 -0.431 -0.384 -0.337 -0.286 -0.231 -0.180 -0.133 -0.091 -0.055 -0.029 -0.015 -0.008 -0.004 -0.002 -0.001 -0.001 -0.000 -0.000 -0.000 -0.000 -0.000 -0.000 0.000 0.000 0.000 0.000 0.000 0.000 0.000 0.000 0.000 0.000 0.000 0.000 0.000 0.000 0.000 0.000 0.000 0.000 0.000 0.000 0.000 0.000
-1.196 -1.353 -1.545 -1.754 -1.988 -2.243 -2.496 -2.733 -2.936 -3.108 -3.164 -3.079 -2.871 -2.536 -2.120 -1.734 -1.469 -1.316 -1.232 -1.193 -1.174 -1.135 -1.070 -0.980 -0.865 -0.737 -0.619 -0.527 -0.460 -0.409 -0.366 -0.325 -0.283 -0.239 -0.190 -0.144 -0.103 -0.067 -0.038 -0.019 -0.010 -0.005 -0.003 -0.002 -0.001 -0.001 -0.000 -0.000 -0.000 -0.000 -0.000 -0.000 0.000 0.000 0.000 0.000 0.000 0.000 0.000 0.000 0.000 0.000 0.000 0.000 0.000 0.000 0.000 0.000 0.000 0.000 0.000 0.000 0.000 0.000
-1.392 -1.564 -1.777 -1.999 -2.216 -2.456 -2.674 -2.866 -3.003 -3.070 -3.015 -2.788 -2.445 -2.035 -1.656 -1.372 -1.215 -1.150 -1.132 -1.122 -1.106 -1.054 -0.959 -0.843 -0.718 -0.599 -0.506 -0.437 -0.387 -0.347 -0.312 -0.275 -0.235 -0.194 -0.153 -0.114 -0.079 -0.049 -0.026 -0.013 -0.006 -0.003 -0.002 -0.001 -0.001 -0.000 -0.000 -0.000 -0.000 -0.000 -0.000 0.000 0.000 0.000 0.000 0.000 0.000 0.000 0.000 0.000 0.000 0.000 0.000 0.000 0.000 0.000 0.000 0.000 0.000 0.000 0.000 0.000 0.000 0.000
-1.582 -1.771 -1.982 -2.201 -2.402 -2.608 -2.814 -2.934 -2.982 -2.923 -2.737 -2.420 -2.017 -1.629 -1.340 -1.165 -1.081 -1.055 -1.055 -1.055 -1.029 -0.951 -0.832 -0.704 -0.584 -0.488 -0.419 -0.369 -0.330 -0.297 -0.266 -0.232 -0.195 -0.157 -0.121 -0.089 -0.060 -0.035 -0.018 -0.008 -0.004 -0.002 -0.001 -0.001 -0.000 -0.000 -0.000 -0.000 -0.000 -0.000 -0.000 0.000 0.000 0.000 0.000 0.000 0.000 0.000 0.000 0.000 0.000 0.000 0.000 0.000 0.000 0.000 0.000 0.000 0.000 0.000 0.000 0.000 0.000 0.000
-1.769 -1.969 -2.165 -2.364 -2.547 -2.713 -2.861 -2.930 -2.876 -2.684 -2.371 -1.999 -1.623 -1.332 -1.157 -1.060 -1.020 -1.017 -1.016 -0.992 -0.932 -0.831 -0.696 -0.577 -0.480 -0.409 -0.358 -0.318 -0.286 -0.258 -0.229 -0.196 -0.161 -0.128 -0.098 -0.070 -0.045 -0.025 -0.012 -0.006 -0.003 -0.002 -0.001 -0.001 -0.000 -0.000 -0.000 -0.000 -0.000 -0.000 -0.000 0.000 0.000 0.000 0.000 0.000 0.000 0.000 0.000 0.000 0.000 0.000 0.000 0.000 0.000 0.000 0.000 0.000 0.000 0.000 0.000 0.000 0.000 0.000
-1.953 -2.137 -2.328 -2.493 -2.644 -2.765 -2.843 -2.822 -2.672 -2.373 -1.978 -1.609 -1.325 -1.143 -1.052 -1.010 -0.995 -0.996 -0.975 -0.919 -0.822 -0.694 -0.569 -0.473 -0.404 -0.352 -0.312 -0.278 -0.250 -0.223 -0.196 -0.166 -0.134 -0.106 -0.079 -0.055 -0.033 -0.018 -0.009 -0.004 -0.002 -0.001 -0.001 -0.000 -0.000 -0.000 -0.000 -0.000 -0.000 -0.000 -0.000 0.000 0.000 0.000 0.000 0.000 0.000 0.000 0.000 0.000 0.000 0.000 0.000 0.000 0.000 0.000 0.000 0.000 0.000 0.000 0.000 0.000 0.000 0.000
-2.120 -2.280 -2.448 -2.584 -2.686 -2.742 -2.742 -2.638 -2.381 -2.003 -1.615 -1.325 -1.141 -1.044 -0.996 -0.989 -0.983 -0.959 -0.904 -0.812 -0.689 -0.564 -0.465 -0.397 -0.348 -0.307 -0.274 -0.245 -0.218 -0.193 -0.167 -0.140 -0.113 -0.088 -0.064 -0.042 -0.024 -0.013 -0.006 -0.003 -0.002 -0.001 -0.001 -0.000 -0.000 -0.000 -0.000 -0.000 -0.000 -0.000 -0.000 0.000 0.000 0.000 0.000 0.000 0.000 0.000 0.000 0.000 0.000 0.000 0.000 0.000 0.000 0.000 0.000 0.000 0.000 0.000 0.000 0.000 0.000 0.000
-2.268 -2.407 -2.526 -2.615 -2.658 -2.656 -2.568 -2.375 -2.051 -1.654 -1.336 -1.143 -1.041 -0.996 -0.977 -0.971 -0.953 -0.888 -0.795 -0.680 -0.558 -0.457 -0.388 -0.342 -0.305 -0.273 -0.243 -0.215 -0.190 -0.167 -0.143 -0.119 -0.096 -0.073 -0.049 -0.030 -0.017 -0.009 -0.004 -0.002 -0.001 -0.001 -0.000 -0.000 -0.000 -0.000 -0.000 -0.000 -0.000 -0.000 -0.000 0.000 0.000 0.000 0.000 0.000 0.000 0.000 0.000 0.000 0.000 0.000 0.000 0.000 0.000 0.000 0.000 0.000 0.000 0.000 0.000 0.000 0.000 0.000
-2.387 -2.489 -2.565 -2.593 -2.585 -2.525 -2.370 -2.075 -1.698 -1.374 -1.158 -1.040 -0.986 -0.971 -0.964 -0.943 -0.887 -0.785 -0.664 -0.550 -0.451 -0.380 -0.331 -0.297 -0.269 -0.242 -0.215 -0.189 -0.165 -0.143 -0.122 -0.101 -0.080 -0.057 -0.035 -0.020 -0.011 -0.006 -0.003 -0.001 -0.001 -0.000 -0.000 -0.000 -0.000 -0.000 -0.000 -0.000 -0.000 -0.000 -0.000 0.000 0.000 0.000 0.000 0.000 0.000 0.000 0.000 0.000 0.000 0.000 0.000 0.000 0.000 0.000 0.000 0.000 0.000 0.000 0.000 0.000 0.000 0.000
-2.467 -2.527 -2.563 -2.559 -2.500 -2.355 -2.105 -1.745 -1.394 -1.167 -1.046 -0.979 -0.950 -0.942 -0.921 -0.870 -0.786 -0.665 -0.545 -0.447 -0.375 -0.324 -0.287 -0.259 -0.236 -0.214 -0.190 -0.165 -0.143 -0.123 -0.104 -0.085 -0.064 -0.042 -0.024 -0.013 -0.007 -0.004 -0.002 -0.001 -0.001 -0.000 -0.000 -0.000 -0.000 -0.000 -0.000 -0.000 -0.000 -0.000 -0.000 0.000 0.000 0.000 0.000 0.000 0.000 0.000 0.000 0.000 0.000 0.000 0.000 0.000 0.000 0.000 0.000 0.000 0.000 0.000 0.000 0.000 0.000 0.000
