AvaFrame/avaframe/data/avaSalk/Avaflow_Input_Output/slk_results/slk_ascii/slk_basechange0028.asc
ncols 296
nrows 144
xllcenter 761600.00
yllcenter 8523000.00
cellsize 12.50
NODATA_value -9999.000
[rows 33 to 65 of 144, columns 222 to 295 of 296]
0.000 0.000 0.000 0.000 -0.000 -0.000 -0.000 -0.000 -0.000 -0.000 -0.000 -0.000 -0.000 -0.000 -0.000 -0.000 -0.000 -0.000 -0.000 -0.000 -0.000 -0.001 -0.001 -0.001 -0.002 -0.004 -0.007 -0.014 -0.026 -0.045 -0.071 -0.104 -0.146 -0.196 -0.267 -0.343 -0.426 -0.520 -0.599 -0.672 -0.727 -0.749 -0.724 -0.663 -0.572 -0.410 -0.204 -0.072 -0.021 -0.004 -0.001 -0.000 -0.000 -0.000 -0.000 0.000 0.000 0.000 0.000 0.000 0.000 0.000 0.000 0.000 0.000 0.000 0.000 0.000 0.000 0.000 0.000 0.000 0.000 0.000
0.000 0.000 0.000 -0.000 -0.000 -0.000 -0.000 -0.000 -0.000 -0.000 -0.000 -0.000 -0.000 -0.000 -0.000 -0.000 -0.000 -0.000 -0.000 -0.001 -0.001 -0.001 -0.002 -0.004 -0.007 -0.014 -0.026 -0.046 -0.074 -0.109 -0.150 -0.195 -0.249 -0.312 -0.409 -0.533 -0.669 -0.817 -0.935 -1.010 -1.049 -1.029 -0.956 -0.837 -0.679 -0.461 -0.226 -0.072 -0.020 -0.004 -0.001 -0.000 -0.000 -0.000 -0.000 0.000 0.000 0.000 0.000 0.000 0.000 0.000 0.000 0.000 0.000 0.000 0.000 0.000 0.000 0.000 0.000 0.000 0.000 0.000
0.000 -0.000 -0.000 -0.000 -0.000 -0.000 -0.000 -0.000 -0.000 -0.000 -0.000 -0.000 -0.000 -0.000 -0.000 -0.000 -0.000 -0.001 -0.001 -0.001 -0.002 -0.003 -0.006 -0.012 -0.024 -0.044 -0.073 -0.111 -0.155 -0.203 -0.254 -0.311 -0.376 -0.465 -0.610 -0.815 -1.053 -1.318 -1.525 -1.621 -1.652 -1.583 -1.405 -1.135 -0.840 -0.532 -0.241 -0.079 -0.021 -0.005 -0.001 -0.000 -0.000 -0.000 -0.000 -0.000 0.000 0.000 0.000 0.000 0.000 0.000 0.000 0.000 0.000 0.000 0.000 0.000 0.000 0.000 0.000 0.000 0.000 0.000
-0.000 -0.000 -0.000 -0.000 -0.000 -0.000 -0.000 -0.000 -0.000 -0.000 -0.000 -0.000 -0.000 -0.000 -0.000 -0.000 -0.001 -0.001 -0.002 -0.003 -0.005 -0.010 -0.020 -0.040 -0.069 -0.108 -0.154 -0.204 -0.257 -0.313 -0.373 -0.444 -0.529 -0.684 -0.942 -1.251 -1.590 -2.006 -2.393 -2.583 -2.621 -2.534 -2.250 -1.762 -1.209 -0.672 -0.274 -0.086 -0.023 -0.005 -0.001 -0.000 -0.000 -0.000 -0.000 -0.000 0.000 0.000 0.000 0.000 0.000 0.000 0.000 0.000 0.000 0.000 0.000 0.000 0.000 0.000 0.000 0.000 0.000 0.000
-0.000 -0.000 -0.000 -0.000 -0.000 -0.000 -0.000 -0.000 -0.000 -0.000 -0.000 -0.000 -0.000 -0.000 -0.001 -0.001 -0.001 -0.002 -0.004 -0.009 -0.017 -0.034 -0.062 -0.101 -0.148 -0.198 -0.252 -0.309 -0.368 -0.429 -0.495 -0.583 -0.702 -0.949 -1.369 -1.855 -2.332 -2.804 -3.213 -3.515 -3.648 -3.616 -3.211 -2.550 -1.838 -0.981 -0.347 -0.093 -0.023 -0.005 -0.001 -0.000 -0.000 -0.000 -0.000 -0.000 0.000 0.000 0.000 0.000 0.000 0.000 0.000 0.000 0.000 0.000 0.000 0.000 0.000 0.000 0.000 0.000 0.000 0.000
-0.000 -0.000 -0.000 -0.000 -0.000 -0.000 -0.000 -0.000 -0.000 -0.000 -0.000 -0.000 -0.001 -0.001 -0.001 -0.002 -0.003 -0.006 -0.013 -0.027 -0.052 -0.090 -0.137 -0.189 -0.244 -0.300 -0.358 -0.419 -0.483 -0.551 -0.622 -0.732 -0.924 -1.311 -1.897 -2.621 -3.349 -3.585 -3.331 -3.197 -3.416 -3.691 -3.450 -3.041 -2.554 -1.462 -0.464 -0.105 -0.025 -0.006 -0.001 -0.000 -0.000 -0.000 -0.000 -0.000 0.000 0.000 0.000 0.000 0.000 0.000 0.000 0.000 0.000 0.000 0.000 0.000 0.000 0.000 0.000 0.000 0.000 0.000
-0.000 -0.000 -0.000 -0.000 -0.000 -0.000 -0.000 -0.000 -0.000 -0.000 -0.001 -0.001 -0.001 -0.002 -0.003 -0.005 -0.009 -0.019 -0.040 -0.075 -0.121 -0.174 -0.231 -0.290 -0.350 -0.413 -0.476 -0.543 -0.612 -0.685 -0.771 -0.913 -1.242 -1.852 -2.564 -3.157 -3.715 -3.798 -3.284 -2.489 -2.067 -2.440 -2.735 -3.016 -3.035 -1.842 -0.528 -0.111 -0.026 -0.006 -0.002 -0.000 -0.000 -0.000 -0.000 -0.000 0.000 0.000 0.000 0.000 0.000 0.000 0.000 0.000 0.000 0.000 0.000 0.000 0.000 0.000 0.000 0.000 0.000 0.000
-0.000 -0.000 -0.000 -0.000 -0.000 -0.000 -0.000 -0.000 -0.001 -0.001 -0.001 -0.002 -0.002 -0.004 -0.007 -0.014 -0.028 -0.056 -0.100 -0.155 -0.215 -0.276 -0.338 -0.405 -0.471 -0.541 -0.610 -0.684 -0.764 -0.848 -0.957 -1.156 -1.660 -2.349 -2.687 -2.921 -3.317 -3.240 -3.002 -2.447 -1.864 -1.874 -1.973 -2.995 -3.172 -1.904 -0.528 -0.105 -0.025 -0.006 -0.002 -0.001 -0.000 -0.000 -0.000 -0.000 0.000 0.000 0.000 0.000 0.000 0.000 0.000 0.000 0.000 0.000 0.000 0.000 0.000 0.000 0.000 0.000 0.000 0.000
-0.000 -0.000 -0.000 -0.000 -0.000 -0.000 -0.000 -0.001 -0.001 -0.001 -0.002 -0.003 -0.005 -0.010 -0.020 -0.041 -0.078 -0.132 -0.196 -0.261 -0.326 -0.396 -0.465 -0.539 -0.614 -0.691 -0.769 -0.850 -0.942 -1.045 -1.202 -1.504 -2.103 -2.531 -2.414 -2.332 -2.517 -2.397 -2.465 -2.235 -1.789 -1.914 -2.020 -3.085 -3.027 -1.590 -0.443 -0.093 -0.023 -0.005 -0.002 -0.001 -0.000 -0.000 -0.000 -0.000 0.000 0.000 0.000 0.000 0.000 0.000 0.000 0.000 0.000 0.000 0.000 0.000 0.000 0.000 0.000 0.000 0.000 0.000
-0.000 -0.000 -0.000 -0.000 -0.000 -0.001 -0.001 -0.001 -0.002 -0.003 -0.005 -0.008 -0.015 -0.029 -0.060 -0.110 -0.178 -0.252 -0.327 -0.401 -0.472 -0.545 -0.625 -0.708 -0.793 -0.881 -0.972 -1.065 -1.176 -1.313 -1.542 -2.008 -2.536 -2.634 -2.335 -2.291 -2.289 -2.140 -2.452 -2.378 -2.064 -2.060 -2.208 -2.878 -2.289 -1.058 -0.298 -0.074 -0.019 -0.005 -0.002 -0.001 -0.000 -0.000 -0.000 -0.000 0.000 0.000 0.000 0.000 0.000 0.000 0.000 0.000 0.000 0.000 0.000 0.000 0.000 0.000 0.000 0.000 0.000 0.000
-0.000 -0.000 -0.000 -0.001 -0.001 -0.001 -0.002 -0.003 -0.004 -0.007 -0.013 -0.024 -0.046 -0.088 -0.153 -0.236 -0.322 -0.407 -0.490 -0.572 -0.655 -0.740 -0.836 -0.934 -1.033 -1.139 -1.249 -1.372 -1.523 -1.746 -2.079 -2.605 -2.917 -2.795 -2.576 -2.485 -2.534 -2.326 -2.399 -2.415 -2.247 -2.188 -2.388 -2.327 -1.480 -0.629 -0.178 -0.052 -0.015 -0.004 -0.002 -0.001 -0.000 -0.000 -0.000 -0.000 0.000 0.000 0.000 0.000 0.000 0.000 0.000 0.000 0.000 0.000 0.000 0.000 0.000 0.000 0.000 0.000 0.000 0.000
-0.000 -0.001 -0.001 -0.001 -0.002 -0.002 -0.004 -0.006 -0.011 -0.021 -0.040 -0.075 -0.133 -0.213 -0.308 -0.406 -0.496 -0.584 -0.674 -0.775 -0.881 -0.995 -1.127 -1.257 -1.386 -1.527 -1.688 -1.878 -2.142 -2.518 -2.948 -3.262 -3.308 -3.159 -3.107 -2.971 -3.008 -3.085 -3.072 -3.035 -2.814 -2.480 -2.209 -1.591 -0.838 -0.333 -0.108 -0.035 -0.010 -0.004 -0.001 -0.001 -0.000 -0.000 -0.000 -0.000 0.000 0.000 0.000 0.000 0.000 0.000 0.000 0.000 0.000 0.000 0.000 0.000 0.000 0.000 0.000 0.000 0.000 0.000
-0.001 -0.001 -0.002 -0.002 -0.003 -0.005 -0.009 -0.017 -0.034 -0.065 -0.117 -0.192 -0.291 -0.395 -0.497 -0.597 -0.697 -0.802 -0.912 -1.048 -1.209 -1.374 -1.565 -1.772 -1.977 -2.203 -2.487 -2.828 -3.213 -3.612 -3.979 -4.094 -3.955 -3.797 -3.810 -3.862 -3.890 -3.965 -3.884 -3.519 -2.927 -2.149 -1.496 -0.866 -0.398 -0.157 -0.060 -0.022 -0.007 -0.003 -0.001 -0.000 -0.000 -0.000 -0.000 -0.000 0.000 0.000 0.000 0.000 0.000 0.000 0.000 0.000 0.000 0.000 0.000 0.000 0.000 0.000 0.000 0.000 0.000 0.000
-0.001 -0.002 -0.003 -0.005 -0.008 -0.014 -0.026 -0.052 -0.099 -0.167 -0.257 -0.362 -0.475 -0.592 -0.701 -0.819 -0.951 -1.097 -1.270 -1.478 -1.740 -2.023 -2.312 -2.622 -2.948 -3.271 -3.647 -4.032 -4.324 -4.492 -4.571 -4.596 -4.484 -4.300 -4.224 -4.134 -3.956 -3.609 -3.121 -2.534 -1.866 -1.234 -0.725 -0.373 -0.167 -0.071 -0.031 -0.012 -0.005 -0.002 -0.001 -0.000 -0.000 -0.000 -0.000 -0.000 0.000 0.000 0.000 0.000 0.000 0.000 0.000 0.000 0.000 0.000 0.000 0.000 0.000 0.000 0.000 0.000 0.000 0.000
-0.003 -0.004 -0.007 -0.011 -0.021 -0.042 -0.079 -0.139 -0.222 -0.323 -0.429 -0.545 -0.666 -0.800 -0.944 -1.106 -1.311 -1.543 -1.826 -2.181 -2.580 -3.009 -3.410 -3.749 -4.014 -4.218 -4.403 -4.591 -4.697 -4.650 -4.499 -4.397 -4.226 -3.926 -3.654 -3.280 -2.691 -2.094 -1.646 -1.256 -0.883 -0.547 -0.302 -0.154 -0.073 -0.034 -0.016 -0.007 -0.003 -0.001 -0.001 -0.000 -0.000 -0.000 -0.000 0.000 0.000 0.000 0.000 0.000 0.000 0.000 0.000 0.000 0.000 0.000 0.000 0.000 0.000 0.000 0.000 0.000 0.000 0.000
-0.006 -0.010 -0.017 -0.033 -0.063 -0.115 -0.192 -0.287 -0.391 -0.505 -0.622 -0.748 -0.895 -1.065 -1.266 -1.516 -1.835 -2.218 -2.633 -3.116 -3.613 -4.017 -4.276 -4.421 -4.456 -4.427 -4.418 -4.429 -4.342 -4.112 -3.744 -3.378 -3.025 -2.608 -2.193 -1.790 -1.401 -1.073 -0.818 -0.600 -0.408 -0.251 -0.142 -0.076 -0.039 -0.019 -0.009 -0.004 -0.002 -0.001 -0.001 -0.000 -0.000 -0.000 -0.000 0.000 0.000 0.000 0.000 0.000 0.000 0.000 0.000 0.000 0.000 0.000 0.000 0.000 0.000 0.000 0.000 0.000 0.000 0.000
-0.015 -0.027 -0.052 -0.095 -0.162 -0.249 -0.353 -0.464 -0.582 -0.713 -0.860 -1.020 -1.217 -1.466 -1.753 -2.111 -2.557 -3.066 -3.547 -3.982 -4.280 -4.411 -4.359 -4.227 -4.060 -3.874 -3.734 -3.579 -3.342 -3.001 -2.594 -2.177 -1.805 -1.498 -1.244 -1.028 -0.828 -0.643 -0.487 -0.355 -0.244 -0.153 -0.088 -0.047 -0.023 -0.011 -0.006 -0.003 -0.001 -0.001 -0.000 -0.000 -0.000 -0.000 -0.000 0.000 0.000 0.000 0.000 0.000 0.000 0.000 0.000 0.000 0.000 0.000 0.000 0.000 0.000 0.000 0.000 0.000 0.000 0.000
-0.043 -0.080 -0.139 -0.220 -0.321 -0.431 -0.542 -0.665 -0.805 -0.970 -1.169 -1.406 -1.679 -2.025 -2.423 -2.864 -3.347 -3.824 -4.177 -4.332 -4.291 -4.080 -3.748 -3.421 -3.143 -2.904 -2.726 -2.558 -2.331 -2.053 -1.757 -1.470 -1.215 -1.011 -0.851 -0.712 -0.578 -0.454 -0.346 -0.252 -0.170 -0.104 -0.057 -0.028 -0.013 -0.007 -0.004 -0.002 -0.001 -0.001 -0.000 -0.000 -0.000 -0.000 -0.000 0.000 0.000 0.000 0.000 0.000 0.000 0.000 0.000 0.000 0.000 0.000 0.000 0.000 0.000 0.000 0.000 0.000 0.000 0.000
-0.115 -0.189 -0.285 -0.393 -0.508 -0.633 -0.764 -0.914 -1.095 -1.311 -1.576 -1.885 -2.238 -2.640 -3.080 -3.515 -3.911 -4.171 -4.213 -3.998 -3.633 -3.208 -2.811 -2.498 -2.280 -2.124 -2.005 -1.880 -1.704 -1.482 -1.262 -1.066 -0.899 -0.761 -0.642 -0.537 -0.435 -0.340 -0.258 -0.186 -0.120 -0.067 -0.033 -0.016 -0.008 -0.004 -0.002 -0.001 -0.001 -0.000 -0.000 -0.000 -0.000 -0.000 0.000 0.000 0.000 0.000 0.000 0.000 0.000 0.000 0.000 0.000 0.000 0.000 0.000 0.000 0.000 0.000 0.000 0.000 0.000 0.000
-0.250 -0.351 -0.462 -0.583 -0.712 -0.853 -1.020 -1.211 -1.444 -1.716 -2.042 -2.393 -2.772 -3.155 -3.539 -3.873 -4.042 -3.963 -3.642 -3.174 -2.672 -2.282 -2.015 -1.862 -1.776 -1.697 -1.603 -1.477 -1.312 -1.128 -0.962 -0.823 -0.702 -0.603 -0.511 -0.423 -0.339 -0.261 -0.193 -0.133 -0.080 -0.041 -0.020 -0.010 -0.005 -0.003 -0.002 -0.001 -0.001 -0.000 -0.000 -0.000 -0.000 -0.000 0.000 0.000 0.000 0.000 0.000 0.000 0.000 0.000 0.000 0.000 0.000 0.000 0.000 0.000 0.000 0.000 0.000 0.000 0.000 0.000
-0.431 -0.543 -0.662 -0.794 -0.942 -1.111 -1.309 -1.539 -1.822 -2.132 -2.475 -2.823 -3.176 -3.504 -3.745 -3.875 -3.741 -3.330 -2.813 -2.314 -1.934 -1.708 -1.590 -1.534 -1.505 -1.444 -1.334 -1.195 -1.042 -0.892 -0.763 -0.660 -0.574 -0.493 -0.416 -0.342 -0.270 -0.203 -0.144 -0.092 -0.051 -0.025 -0.013 -0.007 -0.004 -0.002 -0.001 -0.001 -0.000 -0.000 -0.000 -0.000 -0.000 -0.000 0.000 0.000 0.000 0.000 0.000 0.000 0.000 0.000 0.000 0.000 0.000 0.000 0.000 0.000 0.000 0.000 0.000 0.000 0.000 0.000
-0.613 -0.738 -0.872 -1.023 -1.196 -1.394 -1.628 -1.893 -2.194 -2.517 -2.834 -3.140 -3.426 -3.648 -3.667 -3.489 -3.145 -2.625 -2.131 -1.773 -1.550 -1.433 -1.377 -1.351 -1.317 -1.241 -1.117 -0.974 -0.835 -0.721 -0.625 -0.543 -0.474 -0.410 -0.343 -0.276 -0.214 -0.157 -0.106 -0.063 -0.033 -0.017 -0.008 -0.005 -0.002 -0.001 -0.001 -0.000 -0.000 -0.000 -0.000 -0.000 -0.000 0.000 0.000 0.000 0.000 0.000 0.000 0.000 0.000 0.000 0.000 0.000 0.000 0.000 0.000 0.000 0.000 0.000 0.000 0.000 0.000 0.000
-0.790 -0.926 -1.078 -1.252 -1.454 -1.687 -1.950 -2.248 -2.532 -2.830 -3.103 -3.351 -3.519 -3.536 -3.331 -2.948 -2.495 -2.058 -1.719 -1.498 -1.369 -1.300 -1.262 -1.224 -1.161 -1.060 -0.929 -0.792 -0.675 -0.585 -0.517 -0.456 -0.398 -0.341 -0.282 -0.223 -0.169 -0.121 -0.077 -0.043 -0.022 -0.011 -0.006 -0.003 -0.002 -0.001 -0.001 -0.000 -0.000 -0.000 -0.000 -0.000 -0.000 0.000 0.000 0.000 0.000 0.000 0.000 0.000 0.000 0.000 0.000 0.000 0.000 0.000 0.000 0.000 0.000 0.000 0.000 0.000 0.000 0.000
-0.990 -1.133 -1.300 -1.497 -1.724 -1.982 -2.258 -2.538 -2.803 -3.056 -3.257 -3.412 -3.435 -3.235 -2.879 -2.430 -1.982 -1.649 -1.450 -1.342 -1.274 -1.225 -1.181 -1.116 -1.017 -0.894 -0.763 -0.645 -0.554 -0.485 -0.432 -0.385 -0.338 -0.287 -0.232 -0.180 -0.133 -0.091 -0.055 -0.029 -0.015 -0.008 -0.004 -0.002 -0.001 -0.001 -0.000 -0.000 -0.000 -0.000 -0.000 -0.000 0.000 0.000 0.000 0.000 0.000 0.000 0.000 0.000 0.000 0.000 0.000 0.000 0.000 0.000 0.000 0.000 0.000 0.000 0.000 0.000 0.000 0.000
-1.197 -1.354 -1.547 -1.756 -1.992 -2.249 -2.506 -2.753 -2.973 -3.183 -3.300 -3.294 -3.141 -2.804 -2.346 -1.890 -1.570 -1.383 -1.280 -1.230 -1.202 -1.156 -1.085 -0.991 -0.872 -0.741 -0.622 -0.529 -0.461 -0.410 -0.366 -0.325 -0.284 -0.239 -0.190 -0.144 -0.104 -0.068 -0.038 -0.020 -0.010 -0.005 -0.003 -0.002 -0.001 -0.001 -0.000 -0.000 -0.000 -0.000 -0.000 -0.000 0.000 0.000 0.000 0.000 0.000 0.000 0.000 0.000 0.000 0.000 0.000 0.000 0.000 0.000 0.000 0.000 0.000 0.000 0.000 0.000 0.000 0.000
-1.394 -1.565 -1.779 -2.003 -2.223 -2.468 -2.696 -2.906 -3.081 -3.211 -3.230 -3.053 -2.705 -2.250 -1.805 -1.460 -1.270 -1.191 -1.166 -1.151 -1.128 -1.070 -0.970 -0.850 -0.722 -0.602 -0.508 -0.439 -0.388 -0.348 -0.312 -0.276 -0.235 -0.195 -0.153 -0.114 -0.080 -0.049 -0.026 -0.013 -0.006 -0.003 -0.002 -0.001 -0.001 -0.000 -0.000 -0.000 -0.000 -0.000 -0.000 0.000 0.000 0.000 0.000 0.000 0.000 0.000 0.000 0.000 0.000 0.000 0.000 0.000 0.000 0.000 0.000 0.000 0.000 0.000 0.000 0.000 0.000 0.000
-1.584 -1.774 -1.986 -2.208 -2.415 -2.632 -2.858 -3.015 -3.124 -3.137 -2.997 -2.676 -2.230 -1.779 -1.432 -1.219 -1.117 -1.084 -1.081 -1.078 -1.047 -0.964 -0.840 -0.709 -0.587 -0.489 -0.420 -0.370 -0.331 -0.298 -0.266 -0.233 -0.195 -0.157 -0.122 -0.089 -0.060 -0.035 -0.018 -0.008 -0.004 -0.002 -0.001 -0.001 -0.000 -0.000 -0.000 -0.000 -0.000 -0.000 -0.000 0.000 0.000 0.000 0.000 0.000 0.000 0.000 0.000 0.000 0.000 0.000 0.000 0.000 0.000 0.000 0.000 0.000 0.000 0.000 0.000 0.000 0.000 0.000
-1.772 -1.974 -2.173 -2.378 -2.572 -2.759 -2.947 -3.078 -3.091 -2.940 -2.624 -2.213 -1.776 -1.429 -1.215 -1.098 -1.049 -1.043 -1.039 -1.010 -0.946 -0.840 -0.702 -0.580 -0.482 -0.411 -0.359 -0.319 -0.287 -0.258 -0.229 -0.196 -0.161 -0.128 -0.098 -0.070 -0.045 -0.025 -0.012 -0.006 -0.003 -0.002 -0.001 -0.001 -0.000 -0.000 -0.000 -0.000 -0.000 -0.000 -0.000 0.000 0.000 0.000 0.000 0.000 0.000 0.000 0.000 0.000 0.000 0.000 0.000 0.000 0.000 0.000 0.000 0.000 0.000 0.000 0.000 0.000 0.000 0.000
-1.958 -2.146 -2.344 -2.520 -2.692 -2.852 -2.991 -3.036 -2.927 -2.625 -2.189 -1.764 -1.426 -1.205 -1.093 -1.041 -1.021 -1.019 -0.994 -0.934 -0.832 -0.700 -0.573 -0.476 -0.405 -0.353 -0.312 -0.279 -0.250 -0.224 -0.197 -0.166 -0.134 -0.106 -0.080 -0.055 -0.034 -0.018 -0.009 -0.004 -0.002 -0.001 -0.001 -0.000 -0.000 -0.000 -0.000 -0.000 -0.000 -0.000 -0.000 0.000 0.000 0.000 0.000 0.000 0.000 0.000 0.000 0.000 0.000 0.000 0.000 0.000 0.000 0.000 0.000 0.000 0.000 0.000 0.000 0.000 0.000 0.000
-2.130 -2.297 -2.477 -2.634 -2.774 -2.886 -2.950 -2.887 -2.633 -2.216 -1.771 -1.429 -1.206 -1.088 -1.028 -1.016 -1.005 -0.978 -0.919 -0.822 -0.695 -0.567 -0.468 -0.399 -0.349 -0.308 -0.275 -0.245 -0.218 -0.194 -0.168 -0.140 -0.113 -0.088 -0.064 -0.042 -0.025 -0.013 -0.006 -0.003 -0.002 -0.001 -0.001 -0.000 -0.000 -0.000 -0.000 -0.000 -0.000 -0.000 -0.000 0.000 0.000 0.000 0.000 0.000 0.000 0.000 0.000 0.000 0.000 0.000 0.000 0.000 0.000 0.000 0.000 0.000 0.000 0.000 0.000 0.000 0.000 0.000
-2.287 -2.438 -2.578 -2.702 -2.797 -2.854 -2.807 -2.625 -2.272 -1.816 -1.442 -1.211 -1.088 -1.031 -1.005 -0.995 -0.972 -0.902 -0.805 -0.686 -0.562 -0.459 -0.390 -0.343 -0.306 -0.273 -0.243 -0.216 -0.190 -0.167 -0.143 -0.119 -0.096 -0.073 -0.050 -0.030 -0.017 -0.009 -0.004 -0.002 -0.001 -0.001 -0.000 -0.000 -0.000 -0.000 -0.000 -0.000 -0.000 -0.000 -0.000 0.000 0.000 0.000 0.000 0.000 0.000 0.000 0.000 0.000 0.000 0.000 0.000 0.000 0.000 0.000 0.000 0.000 0.000 0.000 0.000 0.000 0.000 0.000
-2.420 -2.543 -2.654 -2.730 -2.774 -2.758 -2.618 -2.301 -1.871 -1.488 -1.231 -1.089 -1.023 -1.001 -0.989 -0.963 -0.902 -0.795 -0.670 -0.554 -0.454 -0.382 -0.332 -0.298 -0.270 -0.243 -0.216 -0.189 -0.165 -0.144 -0.123 -0.102 -0.080 -0.057 -0.036 -0.020 -0.011 -0.006 -0.003 -0.001 -0.001 -0.000 -0.000 -0.000 -0.000 -0.000 -0.000 -0.000 -0.000 -0.000 -0.000 0.000 0.000 0.000 0.000 0.000 0.000 0.000 0.000 0.000 0.000 0.000 0.000 0.000 0.000 0.000 0.000 0.000 0.000 0.000 0.000 0.000 0.000 0.000
-2.524 -2.617 -2.701 -2.747 -2.731 -2.602 -2.335 -1.925 -1.514 -1.242 -1.099 -1.018 -0.981 -0.967 -0.941 -0.885 -0.796 -0.672 -0.550 -0.450 -0.377 -0.325 -0.288 -0.260 -0.237 -0.214 -0.190 -0.165 -0.143 -0.124 -0.105 -0.085 -0.064 -0.042 -0.024 -0.013 -0.007 -0.004 -0.002 -0.001 -0.001 -0.000 -0.000 -0.000 -0.000 -0.000 -0.000 -0.000 -0.000 -0.000 -0.000 0.000 0.000 0.000 0.000 0.000 0.000 0.000 0.000 0.000 0.000 0.000 0.000 0.000 0.000 0.000 0.000 0.000 0.000 0.000 0.000 0.000 0.000 0.000
