AvaFrame/avaframe/data/avaSalk/Avaflow_Input_Output/slk_results/slk_ascii/slk_hflow10020.asc
ncols 296
nrows 144
xllcenter 761600.00
yllcenter 8523000.00
cellsize 12.50
NODATA_value -9999.000
[rows 102 to 135 of 144, columns 154 to 230 of 296]
1.524 1.659 1.807 2.072 2.393 2.647 2.831 3.010 3.210 3.425 3.555 3.598 3.585 3.509 3.441 3.394 3.322 3.164 2.985 2.751 2.572 2.395 2.194 2.008 1.889 1.821 1.800 1.788 1.844 2.031 2.375 2.789 3.309 3.700 3.904 4.030 4.013 3.853 3.565 3.000 2.072 1.329 1.218 1.429 1.763 2.108 2.504 2.985 3.640 4.646 6.019 7.551 8.815 9.821 10.582 11.184 11.774 11.909 12.183 12.278 12.232 12.267 11.941 11.723 11.124 10.137 8.583 6.373 4.410 2.912 1.744 0.911 0.431 0.234 0.192 0.200 0.246
0.344 0.384 0.425 0.526 0.713 0.901 1.059 1.224 1.362 1.450 1.473 1.479 1.497 1.504 1.483 1.451 1.351 1.178 0.995 0.842 0.728 0.647 0.583 0.524 0.470 0.438 0.433 0.461 0.551 0.754 1.058 1.341 1.519 1.617 1.719 1.904 2.023 2.000 1.645 0.907 0.360 0.267 0.372 0.605 0.941 1.404 1.996 2.727 3.616 4.756 6.246 7.905 9.494 10.822 11.840 12.670 13.256 13.561 13.586 13.753 13.566 13.558 13.307 12.920 12.483 11.578 9.998 7.642 5.676 4.121 2.852 1.897 1.226 0.828 0.679 0.677 0.830
0.080 0.081 0.083 0.098 0.144 0.199 0.252 0.313 0.354 0.367 0.365 0.361 0.368 0.384 0.389 0.379 0.341 0.272 0.210 0.168 0.144 0.132 0.124 0.113 0.100 0.092 0.089 0.094 0.125 0.195 0.297 0.370 0.396 0.405 0.433 0.518 0.598 0.603 0.431 0.128 0.049 0.054 0.085 0.170 0.329 0.605 1.161 2.099 3.318 4.700 6.308 8.050 9.765 11.319 12.619 13.774 14.323 14.712 14.714 14.987 14.748 14.473 14.128 13.679 13.428 12.530 11.230 9.102 7.107 5.506 4.189 3.171 2.426 1.950 1.753 1.761 1.988
0.027 0.027 0.026 0.029 0.038 0.051 0.063 0.073 0.077 0.078 0.076 0.075 0.076 0.082 0.086 0.084 0.077 0.063 0.051 0.044 0.040 0.038 0.035 0.033 0.030 0.029 0.029 0.030 0.038 0.052 0.066 0.073 0.078 0.082 0.084 0.091 0.100 0.100 0.070 0.029 0.018 0.017 0.021 0.034 0.071 0.160 0.410 1.124 2.487 4.233 5.955 7.742 9.590 11.324 12.793 14.083 14.888 15.439 15.509 15.578 15.353 15.127 14.655 14.172 14.018 13.460 12.502 10.923 8.868 7.118 5.765 4.686 3.878 3.402 3.222 3.257 3.434
0.010 0.011 0.011 0.011 0.014 0.018 0.022 0.024 0.025 0.024 0.024 0.023 0.024 0.027 0.028 0.027 0.024 0.020 0.017 0.015 0.014 0.014 0.013 0.012 0.011 0.011 0.012 0.013 0.016 0.020 0.023 0.025 0.027 0.026 0.026 0.027 0.028 0.027 0.022 0.014 0.010 0.008 0.009 0.011 0.016 0.029 0.081 0.337 1.252 3.014 5.078 7.019 9.081 10.960 12.641 13.858 14.837 15.379 15.639 15.714 15.456 15.301 14.985 14.621 14.323 13.932 13.416 12.482 10.784 9.043 7.626 6.592 5.692 5.205 4.976 4.910 4.835
0.004 0.005 0.005 0.005 0.006 0.008 0.009 0.010 0.010 0.010 0.009 0.009 0.010 0.011 0.011 0.010 0.009 0.008 0.007 0.006 0.006 0.006 0.006 0.005 0.005 0.005 0.006 0.007 0.008 0.009 0.011 0.011 0.012 0.011 0.012 0.013 0.014 0.015 0.014 0.011 0.007 0.005 0.005 0.005 0.007 0.009 0.015 0.054 0.380 1.495 3.464 5.620 7.858 9.908 11.871 13.363 14.686 15.136 15.425 15.617 15.520 15.328 15.020 14.633 14.414 14.323 14.065 13.494 12.220 10.696 9.352 8.304 7.442 6.866 6.487 6.203 5.879
0.002 0.002 0.002 0.003 0.003 0.003 0.004 0.004 0.004 0.004 0.004 0.004 0.004 0.005 0.005 0.004 0.004 0.003 0.003 0.003 0.003 0.003 0.003 0.003 0.003 0.003 0.004 0.004 0.005 0.006 0.007 0.007 0.007 0.008 0.009 0.010 0.011 0.011 0.010 0.009 0.006 0.004 0.003 0.003 0.004 0.004 0.006 0.012 0.064 0.467 1.660 3.621 5.994 8.360 10.559 12.186 13.532 14.171 14.563 14.870 14.982 14.992 14.777 14.537 14.473 14.428 14.304 13.997 13.054 11.716 10.448 9.409 8.581 7.983 7.500 6.995 6.452
0.001 0.001 0.001 0.001 0.001 0.002 0.002 0.002 0.002 0.002 0.002 0.002 0.002 0.002 0.002 0.002 0.002 0.002 0.002 0.002 0.002 0.002 0.002 0.002 0.002 0.003 0.003 0.003 0.004 0.005 0.006 0.006 0.007 0.007 0.008 0.008 0.009 0.009 0.008 0.007 0.006 0.004 0.003 0.002 0.002 0.003 0.003 0.005 0.011 0.070 0.453 1.570 3.556 6.057 8.570 10.476 11.841 12.591 13.105 13.516 13.838 14.052 14.207 14.151 14.250 14.265 14.216 13.870 13.203 12.061 10.752 9.761 9.015 8.350 7.752 7.187 6.602
0.000 0.000 0.000 0.000 0.001 0.001 0.001 0.001 0.001 0.001 0.001 0.001 0.001 0.001 0.001 0.001 0.001 0.001 0.001 0.001 0.001 0.001 0.001 0.002 0.002 0.002 0.003 0.003 0.004 0.005 0.006 0.006 0.007 0.007 0.008 0.008 0.008 0.007 0.007 0.006 0.005 0.004 0.003 0.002 0.002 0.002 0.002 0.003 0.005 0.011 0.055 0.389 1.478 3.424 5.744 7.732 9.312 10.490 11.385 11.978 12.422 12.685 12.964 13.201 13.616 13.886 13.955 13.580 12.979 11.951 10.685 9.701 8.973 8.280 7.652 7.036 6.382
0.000 0.000 0.000 0.000 0.000 0.000 0.000 0.000 0.000 0.000 0.000 0.000 0.000 0.000 0.000 0.000 0.000 0.000 0.000 0.000 0.001 0.001 0.001 0.001 0.002 0.002 0.003 0.003 0.004 0.005 0.006 0.007 0.007 0.007 0.008 0.008 0.007 0.007 0.007 0.006 0.005 0.004 0.003 0.002 0.002 0.001 0.001 0.002 0.003 0.005 0.011 0.042 0.360 1.382 3.039 4.793 6.420 7.910 9.257 10.286 10.983 11.328 11.616 11.929 12.464 12.889 13.002 12.800 12.275 11.492 10.451 9.455 8.752 8.023 7.306 6.627 5.897
0.000 0.000 0.000 0.000 0.000 0.000 0.000 0.000 0.000 0.000 0.000 0.000 0.000 0.000 0.000 0.000 0.000 0.000 0.000 0.000 0.000 0.000 0.001 0.001 0.001 0.002 0.002 0.003 0.004 0.005 0.006 0.007 0.007 0.008 0.008 0.008 0.008 0.008 0.007 0.006 0.005 0.004 0.003 0.002 0.002 0.001 0.001 0.001 0.002 0.002 0.004 0.010 0.040 0.328 1.186 2.495 3.912 5.356 6.925 8.290 9.376 9.915 10.341 10.671 11.164 11.563 11.716 11.755 11.407 10.723 9.863 8.934 8.176 7.407 6.674 5.959 5.182
0.000 0.000 0.000 0.000 0.000 0.000 0.000 0.000 0.000 0.000 0.000 0.000 0.000 0.000 0.000 0.000 0.000 0.000 0.000 0.000 0.000 0.000 0.000 0.000 0.001 0.001 0.002 0.002 0.003 0.004 0.005 0.007 0.008 0.009 0.010 0.010 0.011 0.011 0.011 0.009 0.006 0.004 0.003 0.002 0.002 0.001 0.001 0.001 0.001 0.001 0.002 0.004 0.009 0.039 0.284 0.971 2.015 3.243 4.636 6.054 7.346 8.252 8.979 9.491 9.882 10.146 10.139 10.223 10.071 9.589 8.878 8.070 7.290 6.537 5.803 5.064 4.295
0.000 0.000 0.000 0.000 0.000 0.000 0.000 0.000 0.000 0.000 0.000 0.000 0.000 0.000 0.000 0.000 0.000 0.000 0.000 0.000 0.000 0.000 0.000 0.000 0.000 0.001 0.001 0.002 0.003 0.004 0.005 0.006 0.008 0.009 0.011 0.012 0.013 0.013 0.013 0.012 0.009 0.006 0.004 0.003 0.002 0.001 0.001 0.001 0.001 0.001 0.001 0.002 0.004 0.009 0.035 0.227 0.768 1.638 2.730 4.005 5.262 6.418 7.439 8.175 8.532 8.718 8.621 8.533 8.349 8.025 7.508 6.850 6.167 5.503 4.853 4.177 3.488
0.000 0.000 0.000 0.000 0.000 0.000 0.000 0.000 0.000 0.000 0.000 0.000 0.000 0.000 0.000 0.000 0.000 0.000 0.000 0.000 0.000 0.000 0.000 0.000 0.000 0.000 0.000 0.001 0.002 0.003 0.004 0.006 0.007 0.009 0.011 0.012 0.013 0.013 0.013 0.012 0.009 0.006 0.004 0.003 0.002 0.001 0.001 0.001 0.001 0.001 0.001 0.001 0.002 0.004 0.008 0.028 0.174 0.601 1.309 2.277 3.417 4.586 5.729 6.645 7.167 7.283 7.240 7.055 6.746 6.317 5.891 5.489 5.053 4.596 4.076 3.471 2.830
0.000 0.000 0.000 0.000 0.000 0.000 0.000 0.000 0.000 0.000 0.000 0.000 0.000 0.000 0.000 0.000 0.000 0.000 0.000 0.000 0.000 0.000 0.000 0.000 0.000 0.000 0.000 0.000 0.001 0.002 0.003 0.005 0.007 0.008 0.010 0.011 0.011 0.011 0.011 0.010 0.009 0.006 0.004 0.003 0.002 0.001 0.001 0.000 0.000 0.000 0.000 0.001 0.001 0.002 0.003 0.007 0.021 0.126 0.426 1.005 1.881 2.922 4.069 5.033 5.736 5.996 5.982 5.799 5.461 4.989 4.587 4.329 4.115 3.842 3.442 2.920 2.317
0.000 0.000 0.000 0.000 0.000 0.000 0.000 0.000 0.000 0.000 0.000 0.000 0.000 0.000 0.000 0.000 0.000 0.000 0.000 0.000 0.000 0.000 0.000 0.000 0.000 0.000 0.000 0.000 0.000 0.001 0.002 0.003 0.005 0.006 0.007 0.008 0.008 0.008 0.007 0.007 0.006 0.005 0.004 0.002 0.001 0.001 0.000 0.000 0.000 0.000 0.000 0.000 0.001 0.001 0.002 0.003 0.006 0.017 0.079 0.292 0.776 1.546 2.558 3.543 4.248 4.621 4.707 4.619 4.372 4.026 3.669 3.417 3.302 3.170 2.920 2.524 1.966
0.000 0.000 0.000 0.000 0.000 0.000 0.000 0.000 0.000 0.000 0.000 0.000 0.000 0.000 0.000 0.000 0.000 0.000 0.000 0.000 0.000 0.000 0.000 0.000 0.000 0.000 0.000 0.000 0.000 0.000 0.001 0.002 0.003 0.004 0.004 0.004 0.004 0.004 0.004 0.004 0.004 0.003 0.003 0.002 0.001 0.000 0.000 0.000 0.000 0.000 0.000 0.000 0.000 0.001 0.001 0.001 0.003 0.006 0.013 0.050 0.203 0.595 1.322 2.264 2.964 3.352 3.520 3.536 3.435 3.267 3.045 2.793 2.652 2.564 2.430 2.161 1.721
0.000 0.000 0.000 0.000 0.000 0.000 0.000 0.000 0.000 0.000 0.000 0.000 0.000 0.000 0.000 0.000 0.000 0.000 0.000 0.000 0.000 0.000 0.000 0.000 0.000 0.000 0.000 0.000 0.000 0.000 0.000 0.001 0.001 0.002 0.002 0.002 0.002 0.002 0.002 0.002 0.002 0.002 0.001 0.001 0.000 0.000 0.000 0.000 0.000 0.000 0.000 0.000 0.000 0.000 0.000 0.001 0.001 0.002 0.005 0.011 0.031 0.137 0.479 1.194 1.898 2.268 2.476 2.590 2.625 2.593 2.511 2.334 2.173 2.054 1.931 1.755 1.483
0.000 0.000 0.000 0.000 0.000 0.000 0.000 0.000 0.000 0.000 0.000 0.000 0.000 0.000 0.000 0.000 0.000 0.000 0.000 0.000 0.000 0.000 0.000 0.000 0.000 0.000 0.000 0.000 0.000 0.000 0.000 0.000 0.000 0.001 0.001 0.001 0.001 0.001 0.001 0.001 0.001 0.001 0.000 0.000 0.000 0.000 0.000 0.000 0.000 0.000 0.000 0.000 0.000 0.000 0.000 0.000 0.001 0.001 0.002 0.004 0.008 0.020 0.107 0.454 1.023 1.398 1.632 1.823 1.954 2.014 2.014 1.935 1.796 1.647 1.500 1.341 1.155
0.000 0.000 0.000 0.000 0.000 0.000 0.000 0.000 0.000 0.000 0.000 0.000 0.000 0.000 0.000 0.000 0.000 0.000 0.000 0.000 0.000 0.000 0.000 0.000 0.000 0.000 0.000 0.000 0.000 0.000 0.000 0.000 0.000 0.000 0.000 0.000 0.000 0.000 0.000 0.000 0.000 0.000 0.000 0.000 0.000 0.000 0.000 0.000 0.000 0.000 0.000 0.000 0.000 0.000 0.000 0.000 0.000 0.000 0.001 0.002 0.003 0.007 0.018 0.116 0.409 0.738 0.996 1.234 1.420 1.538 1.579 1.552 1.451 1.309 1.162 1.013 0.851
0.000 0.000 0.000 0.000 0.000 0.000 0.000 0.000 0.000 0.000 0.000 0.000 0.000 0.000 0.000 0.000 0.000 0.000 0.000 0.000 0.000 0.000 0.000 0.000 0.000 0.000 0.000 0.000 0.000 0.000 0.000 0.000 0.000 0.000 0.000 0.000 0.000 0.000 0.000 0.000 0.000 0.000 0.000 0.000 0.000 0.000 0.000 0.000 0.000 0.000 0.000 0.000 0.000 0.000 0.000 0.000 0.000 0.000 0.000 0.001 0.001 0.003 0.007 0.025 0.116 0.305 0.539 0.790 1.003 1.149 1.211 1.202 1.132 1.024 0.899 0.768 0.625
0.000 0.000 0.000 0.000 0.000 0.000 0.000 0.000 0.000 0.000 0.000 0.000 0.000 0.000 0.000 0.000 0.000 0.000 0.000 0.000 0.000 0.000 0.000 0.000 0.000 0.000 0.000 0.000 0.000 0.000 0.000 0.000 0.000 0.000 0.000 0.000 0.000 0.000 0.000 0.000 0.000 0.000 0.000 0.000 0.000 0.000 0.000 0.000 0.000 0.000 0.000 0.000 0.000 0.000 0.000 0.000 0.000 0.000 0.000 0.000 0.001 0.001 0.003 0.008 0.029 0.097 0.234 0.445 0.674 0.832 0.904 0.905 0.862 0.787 0.691 0.580 0.453
0.000 0.000 0.000 0.000 0.000 0.000 0.000 0.000 0.000 0.000 0.000 0.000 0.000 0.000 0.000 0.000 0.000 0.000 0.000 0.000 0.000 0.000 0.000 0.000 0.000 0.000 0.000 0.000 0.000 0.000 0.000 0.000 0.000 0.000 0.000 0.000 0.000 0.000 0.000 0.000 0.000 0.000 0.000 0.000 0.000 0.000 0.000 0.000 0.000 0.000 0.000 0.000 0.000 0.000 0.000 0.000 0.000 0.000 0.000 0.000 0.000 0.001 0.001 0.003 0.009 0.027 0.081 0.209 0.416 0.579 0.654 0.668 0.646 0.596 0.525 0.431 0.321
0.000 0.000 0.000 0.000 0.000 0.000 0.000 0.000 0.000 0.000 0.000 0.000 0.000 0.000 0.000 0.000 0.000 0.000 0.000 0.000 0.000 0.000 0.000 0.000 0.000 0.000 0.000 0.000 0.000 0.000 0.000 0.000 0.000 0.000 0.000 0.000 0.000 0.000 0.000 0.000 0.000 0.000 0.000 0.000 0.000 0.000 0.000 0.000 0.000 0.000 0.000 0.000 0.000 0.000 0.000 0.000 0.000 0.000 0.000 0.000 0.000 0.000 0.001 0.002 0.004 0.010 0.028 0.089 0.236 0.385 0.458 0.480 0.473 0.441 0.390 0.312 0.228
0.000 0.000 0.000 0.000 0.000 0.000 0.000 0.000 0.000 0.000 0.000 0.000 0.000 0.000 0.000 0.000 0.000 0.000 0.000 0.000 0.000 0.000 0.000 0.000 0.000 0.000 0.000 0.000 0.000 0.000 0.000 0.000 0.000 0.000 0.000 0.000 0.000 0.000 0.000 0.000 0.000 0.000 0.000 0.000 0.000 0.000 0.000 0.000 0.000 0.000 0.000 0.000 0.000 0.000 0.000 0.000 0.000 0.000 0.000 0.000 0.000 0.000 0.000 0.001 0.002 0.005 0.012 0.041 0.130 0.247 0.312 0.337 0.338 0.319 0.281 0.224 0.164
0.000 0.000 0.000 0.000 0.000 0.000 0.000 0.000 0.000 0.000 0.000 0.000 0.000 0.000 0.000 0.000 0.000 0.000 0.000 0.000 0.000 0.000 0.000 0.000 0.000 0.000 0.000 0.000 0.000 0.000 0.000 0.000 0.000 0.000 0.000 0.000 0.000 0.000 0.000 0.000 0.000 0.000 0.000 0.000 0.000 0.000 0.000 0.000 0.000 0.000 0.000 0.000 0.000 0.000 0.000 0.000 0.000 0.000 0.000 0.000 0.000 0.000 0.000 0.000 0.001 0.003 0.007 0.020 0.069 0.154 0.208 0.232 0.236 0.225 0.199 0.161 0.118
0.000 0.000 0.000 0.000 0.000 0.000 0.000 0.000 0.000 0.000 0.000 0.000 0.000 0.000 0.000 0.000 0.000 0.000 0.000 0.000 0.000 0.000 0.000 0.000 0.000 0.000 0.000 0.000 0.000 0.000 0.000 0.000 0.000 0.000 0.000 0.000 0.000 0.000 0.000 0.000 0.000 0.000 0.000 0.000 0.000 0.000 0.000 0.000 0.000 0.000 0.000 0.000 0.000 0.000 0.000 0.000 0.000 0.000 0.000 0.000 0.000 0.000 0.000 0.000 0.001 0.002 0.004 0.011 0.036 0.092 0.137 0.157 0.161 0.154 0.139 0.114 0.084
0.000 0.000 0.000 0.000 0.000 0.000 0.000 0.000 0.000 0.000 0.000 0.000 0.000 0.000 0.000 0.000 0.000 0.000 0.000 0.000 0.000 0.000 0.000 0.000 0.000 0.000 0.000 0.000 0.000 0.000 0.000 0.000 0.000 0.000 0.000 0.000 0.000 0.000 0.000 0.000 0.000 0.000 0.000 0.000 0.000 0.000 0.000 0.000 0.000 0.000 0.000 0.000 0.000 0.000 0.000 0.000 0.000 0.000 0.000 0.000 0.000 0.000 0.000 0.000 0.000 0.001 0.002 0.006 0.020 0.054 0.090 0.105 0.107 0.104 0.094 0.079 0.058
0.000 0.000 0.000 0.000 0.000 0.000 0.000 0.000 0.000 0.000 0.000 0.000 0.000 0.000 0.000 0.000 0.000 0.000 0.000 0.000 0.000 0.000 0.000 0.000 0.000 0.000 0.000 0.000 0.000 0.000 0.000 0.000 0.000 0.000 0.000 0.000 0.000 0.000 0.000 0.000 0.000 0.000 0.000 0.000 0.000 0.000 0.000 0.000 0.000 0.000 0.000 0.000 0.000 0.000 0.000 0.000 0.000 0.000 0.000 0.000 0.000 0.000 0.000 0.000 0.000 0.001 0.001 0.004 0.011 0.031 0.058 0.069 0.070 0.069 0.064 0.054 0.040
0.000 0.000 0.000 0.000 0.000 0.000 0.000 0.000 0.000 0.000 0.000 0.000 0.000 0.000 0.000 0.000 0.000 0.000 0.000 0.000 0.000 0.000 0.000 0.000 0.000 0.000 0.000 0.000 0.000 0.000 0.000 0.000 0.000 0.000 0.000 0.000 0.000 0.000 0.000 0.000 0.000 0.000 0.000 0.000 0.000 0.000 0.000 0.000 0.000 0.000 0.000 0.000 0.000 0.000 0.000 0.000 0.000 0.000 0.000 0.000 0.000 0.000 0.000 0.000 0.000 0.000 0.001 0.002 0.006 0.015 0.034 0.045 0.047 0.046 0.043 0.037 0.029
0.000 0.000 0.000 0.000 0.000 0.000 0.000 0.000 0.000 0.000 0.000 0.000 0.000 0.000 0.000 0.000 0.000 0.000 0.000 0.000 0.000 0.000 0.000 0.000 0.000 0.000 0.000 0.000 0.000 0.000 0.000 0.000 0.000 0.000 0.000 0.000 0.000 0.000 0.000 0.000 0.000 0.000 0.000 0.000 0.000 0.000 0.000 0.000 0.000 0.000 0.000 0.000 0.000 0.000 0.000 0.000 0.000 0.000 0.000 0.000 0.000 0.000 0.000 0.000 0.000 0.000 0.000 0.001 0.003 0.007 0.017 0.027 0.030 0.030 0.029 0.026 0.021
0.000 0.000 0.000 0.000 0.000 0.000 0.000 0.000 0.000 0.000 0.000 0.000 0.000 0.000 0.000 0.000 0.000 0.000 0.000 0.000 0.000 0.000 0.000 0.000 0.000 0.000 0.000 0.000 0.000 0.000 0.000 0.000 0.000 0.000 0.000 0.000 0.000 0.000 0.000 0.000 0.000 0.000 0.000 0.000 0.000 0.000 0.000 0.000 0.000 0.000 0.000 0.000 0.000 0.000 0.000 0.000 0.000 0.000 0.000 0.000 0.000 0.000 0.000 0.000 0.000 0.000 0.000 0.001 0.001 0.003 0.008 0.015 0.019 0.019 0.019 0.018 0.015
0.000 0.000 0.000 0.000 0.000 0.000 0.000 0.000 0.000 0.000 0.000 0.000 0.000 0.000 0.000 0.000 0.000 0.000 0.000 0.000 0.000 0.000 0.000 0.000 0.000 0.000 0.000 0.000 0.000 0.000 0.000 0.000 0.000 0.000 0.000 0.000 0.000 0.000 0.000 0.000 0.000 0.000 0.000 0.000 0.000 0.000 0.000 0.000 0.000 0.000 0.000 0.000 0.000 0.000 0.000 0.000 0.000 0.000 0.000 0.000 0.000 0.000 0.000 0.000 0.000 0.000 0.000 0.000 0.001 0.002 0.004 0.008 0.011 0.012 0.012 0.011 0.010
0.000 0.000 0.000 0.000 0.000 0.000 0.000 0.000 0.000 0.000 0.000 0.000 0.000 0.000 0.000 0.000 0.000 0.000 0.000 0.000 0.000 0.000 0.000 0.000 0.000 0.000 0.000 0.000 0.000 0.000 0.000 0.000 0.000 0.000 0.000 0.000 0.000 0.000 0.000 0.000 0.000 0.000 0.000 0.000 0.000 0.000 0.000 0.000 0.000 0.000 0.000 0.000 0.000 0.000 0.000 0.000 0.000 0.000 0.000 0.000 0.000 0.000 0.000 0.000 0.000 0.000 0.000 0.000 0.000 0.001 0.002 0.004 0.006 0.007 0.007 0.006 0.006
