AvaFrame/avaframe/data/avaSalk/Avaflow_Input_Output/slk_results/slk_ascii/slk_basechange10029.asc
ncols 296
nrows 144
xllcenter 761600.00
yllcenter 8523000.00
cellsize 12.50
NODATA_value -9999.000
[rows 66 to 98 of 144, columns 148 to 221 of 296]
0.000 0.000 0.000 0.000 0.000 0.000 0.000 0.000 0.000 0.000 0.000 0.000 0.000 0.000 0.000 0.000 0.000 0.000 0.000 0.000 0.000 0.000 0.000 0.000 0.000 -0.000 -0.000 -0.000 -0.000 -0.000 -0.000 -0.000 -0.000 -0.000 -0.000 -0.000 -0.000 -0.000 -0.000 -0.001 -0.001 -0.001 -0.002 -0.002 -0.004 -0.006 -0.009 -0.016 -0.029 -0.052 -0.090 -0.145 -0.225 -0.330 -0.438 -0.536 -0.614 -0.670 -0.712 -0.747 -0.783 -0.815 -0.860 -0.923 -1.011 -1.123 -1.285 -1.492 -1.697 -1.899 -2.092 -2.259 -2.385 -2.488
0.000 0.000 0.000 0.000 0.000 0.000 0.000 0.000 0.000 0.000 0.000 0.000 0.000 0.000 0.000 0.000 0.000 0.000 0.000 0.000 0.000 0.000 0.000 0.000 -0.000 -0.000 -0.000 -0.000 -0.000 -0.000 -0.000 -0.000 -0.000 -0.000 -0.000 -0.000 -0.000 -0.000 -0.001 -0.001 -0.001 -0.002 -0.003 -0.004 -0.007 -0.012 -0.022 -0.041 -0.073 -0.121 -0.187 -0.269 -0.363 -0.462 -0.548 -0.620 -0.679 -0.717 -0.740 -0.766 -0.802 -0.845 -0.906 -0.990 -1.105 -1.260 -1.458 -1.688 -1.917 -2.109 -2.265 -2.388 -2.488 -2.583
0.000 0.000 0.000 0.000 0.000 0.000 0.000 0.000 0.000 0.000 0.000 0.000 0.000 0.000 0.000 0.000 0.000 0.000 0.000 0.000 0.000 0.000 0.000 -0.000 -0.000 -0.000 -0.000 -0.000 -0.000 -0.000 -0.000 -0.000 -0.000 -0.000 -0.000 -0.000 -0.001 -0.001 -0.001 -0.002 -0.002 -0.004 -0.006 -0.009 -0.016 -0.029 -0.052 -0.091 -0.145 -0.216 -0.298 -0.390 -0.477 -0.553 -0.615 -0.660 -0.697 -0.727 -0.752 -0.787 -0.834 -0.897 -0.978 -1.097 -1.240 -1.432 -1.656 -1.871 -2.076 -2.266 -2.408 -2.502 -2.575 -2.666
0.000 0.000 0.000 0.000 0.000 0.000 0.000 0.000 0.000 0.000 0.000 0.000 0.000 0.000 0.000 0.000 0.000 0.000 0.000 0.000 0.000 0.000 -0.000 -0.000 -0.000 -0.000 -0.000 -0.000 -0.000 -0.000 -0.000 -0.000 -0.000 -0.000 -0.000 -0.001 -0.001 -0.001 -0.002 -0.003 -0.004 -0.007 -0.011 -0.019 -0.035 -0.061 -0.102 -0.159 -0.231 -0.312 -0.396 -0.477 -0.546 -0.600 -0.642 -0.674 -0.702 -0.731 -0.772 -0.823 -0.890 -0.974 -1.082 -1.234 -1.422 -1.629 -1.847 -2.052 -2.238 -2.389 -2.508 -2.605 -2.675 -2.712
0.000 0.000 0.000 0.000 0.000 0.000 0.000 0.000 0.000 0.000 0.000 0.000 0.000 0.000 0.000 0.000 0.000 0.000 0.000 0.000 -0.000 -0.000 -0.000 -0.000 -0.000 -0.000 -0.000 -0.000 -0.000 -0.000 -0.000 -0.000 -0.000 -0.000 -0.001 -0.001 -0.001 -0.002 -0.003 -0.005 -0.008 -0.013 -0.023 -0.041 -0.070 -0.113 -0.169 -0.240 -0.320 -0.400 -0.472 -0.533 -0.582 -0.618 -0.649 -0.681 -0.719 -0.766 -0.822 -0.889 -0.970 -1.077 -1.212 -1.391 -1.614 -1.842 -2.060 -2.242 -2.405 -2.528 -2.604 -2.687 -2.743 -2.710
0.000 0.000 0.000 0.000 0.000 0.000 0.000 0.000 0.000 0.000 0.000 0.000 0.000 -0.000 -0.000 0.000 0.000 0.000 -0.000 -0.000 -0.000 -0.000 -0.000 -0.000 -0.000 -0.000 -0.000 -0.000 -0.000 -0.000 -0.000 -0.000 -0.001 -0.001 -0.001 -0.002 -0.002 -0.004 -0.005 -0.009 -0.014 -0.026 -0.046 -0.077 -0.122 -0.181 -0.252 -0.330 -0.405 -0.472 -0.528 -0.572 -0.612 -0.646 -0.682 -0.720 -0.763 -0.817 -0.896 -0.983 -1.081 -1.202 -1.363 -1.571 -1.806 -2.070 -2.310 -2.463 -2.570 -2.668 -2.710 -2.723 -2.711 -2.602
0.000 0.000 0.000 0.000 0.000 0.000 0.000 0.000 0.000 -0.000 -0.000 -0.000 -0.000 -0.000 -0.000 -0.000 -0.000 -0.000 -0.000 -0.000 -0.000 -0.000 -0.000 -0.000 -0.000 -0.000 -0.000 -0.001 -0.001 -0.001 -0.001 -0.001 -0.001 -0.001 -0.002 -0.003 -0.004 -0.006 -0.010 -0.016 -0.028 -0.050 -0.084 -0.130 -0.190 -0.259 -0.335 -0.411 -0.477 -0.527 -0.570 -0.611 -0.648 -0.684 -0.726 -0.774 -0.824 -0.888 -0.993 -1.104 -1.214 -1.351 -1.539 -1.788 -2.057 -2.313 -2.544 -2.654 -2.700 -2.741 -2.739 -2.656 -2.544 -2.345
-0.000 0.000 0.000 0.000 -0.000 -0.000 0.000 0.000 -0.000 -0.000 -0.000 -0.000 -0.000 -0.000 -0.000 -0.000 -0.000 -0.000 -0.000 -0.000 -0.000 -0.000 -0.001 -0.001 -0.001 -0.001 -0.001 -0.001 -0.001 -0.001 -0.001 -0.001 -0.002 -0.002 -0.003 -0.004 -0.007 -0.011 -0.018 -0.031 -0.055 -0.090 -0.139 -0.199 -0.269 -0.340 -0.410 -0.472 -0.530 -0.578 -0.616 -0.657 -0.696 -0.736 -0.784 -0.841 -0.907 -0.991 -1.115 -1.244 -1.377 -1.548 -1.803 -2.125 -2.421 -2.631 -2.764 -2.797 -2.750 -2.703 -2.619 -2.480 -2.276 -1.986
-0.000 -0.000 -0.000 -0.000 -0.000 -0.000 -0.000 -0.000 -0.000 -0.000 -0.000 -0.000 -0.000 -0.000 -0.000 -0.000 -0.000 -0.000 -0.000 -0.000 -0.000 -0.001 -0.002 -0.004 -0.005 -0.005 -0.005 -0.004 -0.003 -0.003 -0.002 -0.002 -0.003 -0.004 -0.005 -0.008 -0.012 -0.020 -0.034 -0.059 -0.097 -0.147 -0.208 -0.277 -0.347 -0.415 -0.477 -0.529 -0.578 -0.626 -0.670 -0.713 -0.759 -0.804 -0.863 -0.931 -1.010 -1.115 -1.256 -1.417 -1.601 -1.870 -2.265 -2.621 -2.830 -2.872 -2.855 -2.816 -2.726 -2.604 -2.438 -2.219 -1.940 -1.625
-0.000 -0.000 -0.000 -0.000 -0.000 -0.000 -0.000 -0.000 -0.000 -0.000 -0.000 -0.000 -0.001 -0.001 -0.001 -0.001 -0.001 -0.001 -0.001 -0.001 -0.001 -0.004 -0.008 -0.012 -0.013 -0.013 -0.012 -0.011 -0.008 -0.006 -0.005 -0.004 -0.005 -0.006 -0.009 -0.014 -0.022 -0.037 -0.063 -0.102 -0.154 -0.216 -0.283 -0.351 -0.420 -0.481 -0.537 -0.587 -0.636 -0.686 -0.732 -0.780 -0.833 -0.890 -0.956 -1.033 -1.131 -1.266 -1.438 -1.675 -1.999 -2.416 -2.791 -2.972 -2.960 -2.832 -2.705 -2.612 -2.557 -2.418 -2.171 -1.903 -1.591 -1.320
-0.000 -0.000 -0.000 -0.000 -0.000 -0.000 -0.000 -0.000 -0.000 -0.000 -0.001 -0.002 -0.003 -0.003 -0.003 -0.002 -0.002 -0.002 -0.002 -0.003 -0.007 -0.011 -0.013 -0.015 -0.016 -0.017 -0.018 -0.022 -0.021 -0.016 -0.011 -0.009 -0.010 -0.013 -0.017 -0.026 -0.042 -0.068 -0.108 -0.161 -0.222 -0.290 -0.359 -0.424 -0.487 -0.546 -0.599 -0.654 -0.709 -0.763 -0.815 -0.864 -0.921 -0.980 -1.052 -1.147 -1.285 -1.473 -1.733 -2.089 -2.528 -2.910 -3.019 -2.899 -2.709 -2.513 -2.397 -2.349 -2.289 -2.140 -1.831 -1.543 -1.288 -1.089
-0.000 -0.000 -0.000 -0.000 -0.000 -0.000 -0.001 -0.001 -0.001 -0.001 -0.004 -0.013 -0.022 -0.025 -0.022 -0.014 -0.009 -0.009 -0.011 -0.017 -0.020 -0.019 -0.013 -0.013 -0.015 -0.016 -0.016 -0.029 -0.043 -0.041 -0.032 -0.025 -0.024 -0.029 -0.040 -0.056 -0.082 -0.120 -0.171 -0.231 -0.298 -0.367 -0.434 -0.497 -0.557 -0.620 -0.680 -0.741 -0.797 -0.846 -0.895 -0.953 -1.016 -1.081 -1.163 -1.298 -1.496 -1.780 -2.155 -2.542 -2.823 -2.966 -2.851 -2.576 -2.338 -2.188 -2.136 -2.133 -2.057 -1.819 -1.501 -1.237 -1.053 -0.941
-0.002 -0.001 -0.001 -0.001 -0.001 -0.002 -0.002 -0.002 -0.002 -0.005 -0.018 -0.031 -0.035 -0.038 -0.041 -0.038 -0.035 -0.035 -0.036 -0.034 -0.028 -0.020 -0.015 -0.016 -0.020 -0.019 -0.019 -0.035 -0.063 -0.076 -0.072 -0.064 -0.061 -0.067 -0.083 -0.112 -0.152 -0.206 -0.269 -0.332 -0.392 -0.449 -0.509 -0.571 -0.636 -0.707 -0.775 -0.839 -0.888 -0.925 -0.969 -1.035 -1.107 -1.194 -1.317 -1.513 -1.797 -2.157 -2.526 -2.765 -2.824 -2.752 -2.547 -2.278 -2.112 -2.039 -1.981 -1.930 -1.777 -1.498 -1.222 -1.028 -0.915 -0.856
-0.007 -0.007 -0.006 -0.006 -0.007 -0.007 -0.009 -0.012 -0.020 -0.038 -0.055 -0.047 -0.025 -0.026 -0.036 -0.044 -0.049 -0.049 -0.042 -0.030 -0.021 -0.017 -0.022 -0.024 -0.023 -0.034 -0.048 -0.059 -0.086 -0.115 -0.111 -0.098 -0.099 -0.109 -0.131 -0.169 -0.225 -0.297 -0.382 -0.462 -0.522 -0.564 -0.609 -0.665 -0.735 -0.811 -0.875 -0.918 -0.957 -0.992 -1.037 -1.112 -1.218 -1.336 -1.527 -1.818 -2.162 -2.504 -2.711 -2.755 -2.665 -2.475 -2.250 -2.085 -1.986 -1.908 -1.811 -1.689 -1.499 -1.233 -1.012 -0.880 -0.811 -0.787
-0.067 -0.059 -0.053 -0.052 -0.057 -0.061 -0.064 -0.076 -0.095 -0.115 -0.113 -0.070 -0.031 -0.028 -0.033 -0.036 -0.035 -0.032 -0.030 -0.028 -0.029 -0.028 -0.029 -0.031 -0.033 -0.060 -0.093 -0.106 -0.130 -0.155 -0.135 -0.110 -0.118 -0.145 -0.183 -0.233 -0.297 -0.375 -0.467 -0.565 -0.637 -0.696 -0.754 -0.809 -0.864 -0.915 -0.958 -0.984 -1.010 -1.051 -1.111 -1.204 -1.351 -1.553 -1.820 -2.163 -2.478 -2.673 -2.721 -2.619 -2.420 -2.220 -2.072 -1.966 -1.881 -1.775 -1.633 -1.463 -1.260 -1.045 -0.877 -0.776 -0.725 -0.717
-0.175 -0.181 -0.180 -0.178 -0.182 -0.188 -0.181 -0.160 -0.149 -0.142 -0.122 -0.081 -0.051 -0.042 -0.038 -0.029 -0.026 -0.032 -0.040 -0.041 -0.042 -0.047 -0.045 -0.047 -0.057 -0.079 -0.112 -0.150 -0.183 -0.188 -0.152 -0.123 -0.139 -0.186 -0.250 -0.324 -0.399 -0.480 -0.566 -0.671 -0.763 -0.830 -0.907 -0.970 -1.002 -1.011 -1.013 -1.031 -1.066 -1.120 -1.207 -1.346 -1.550 -1.829 -2.152 -2.441 -2.626 -2.673 -2.583 -2.404 -2.203 -2.049 -1.949 -1.861 -1.757 -1.623 -1.456 -1.274 -1.080 -0.905 -0.775 -0.691 -0.646 -0.646
-0.140 -0.160 -0.187 -0.201 -0.193 -0.190 -0.186 -0.154 -0.103 -0.070 -0.063 -0.063 -0.069 -0.065 -0.062 -0.052 -0.060 -0.064 -0.070 -0.065 -0.052 -0.059 -0.070 -0.076 -0.082 -0.089 -0.109 -0.174 -0.213 -0.195 -0.160 -0.157 -0.190 -0.255 -0.341 -0.433 -0.526 -0.623 -0.713 -0.833 -0.964 -1.021 -1.055 -1.097 -1.122 -1.119 -1.090 -1.091 -1.131 -1.219 -1.344 -1.543 -1.818 -2.115 -2.382 -2.566 -2.617 -2.560 -2.406 -2.218 -2.060 -1.937 -1.840 -1.737 -1.615 -1.455 -1.281 -1.101 -0.936 -0.791 -0.679 -0.603 -0.564 -0.576
-0.063 -0.053 -0.057 -0.099 -0.121 -0.112 -0.105 -0.099 -0.054 -0.020 -0.033 -0.054 -0.089 -0.101 -0.110 -0.111 -0.113 -0.101 -0.102 -0.096 -0.089 -0.090 -0.089 -0.099 -0.098 -0.098 -0.119 -0.187 -0.220 -0.185 -0.162 -0.200 -0.263 -0.348 -0.450 -0.549 -0.654 -0.769 -0.868 -0.994 -1.158 -1.250 -1.237 -1.219 -1.217 -1.230 -1.226 -1.224 -1.265 -1.361 -1.561 -1.821 -2.100 -2.343 -2.502 -2.542 -2.508 -2.388 -2.233 -2.077 -1.945 -1.836 -1.726 -1.599 -1.453 -1.285 -1.109 -0.944 -0.794 -0.673 -0.579 -0.516 -0.486 -0.512
-0.078 -0.052 -0.031 -0.022 -0.029 -0.047 -0.045 -0.027 -0.015 -0.016 -0.030 -0.055 -0.067 -0.106 -0.147 -0.141 -0.138 -0.125 -0.117 -0.103 -0.111 -0.115 -0.128 -0.133 -0.124 -0.119 -0.143 -0.202 -0.223 -0.196 -0.204 -0.269 -0.351 -0.449 -0.567 -0.684 -0.805 -0.924 -1.015 -1.124 -1.245 -1.341 -1.345 -1.319 -1.304 -1.331 -1.366 -1.412 -1.516 -1.642 -1.843 -2.102 -2.358 -2.459 -2.482 -2.436 -2.347 -2.229 -2.096 -1.958 -1.823 -1.707 -1.590 -1.453 -1.288 -1.117 -0.951 -0.799 -0.667 -0.560 -0.485 -0.438 -0.422 -0.463
-0.146 -0.134 -0.073 -0.047 -0.043 -0.039 -0.039 -0.033 -0.028 -0.027 -0.027 -0.028 -0.026 -0.032 -0.057 -0.076 -0.085 -0.081 -0.081 -0.092 -0.102 -0.112 -0.142 -0.176 -0.166 -0.167 -0.181 -0.222 -0.232 -0.246 -0.294 -0.372 -0.471 -0.581 -0.700 -0.836 -0.961 -1.082 -1.143 -1.207 -1.273 -1.330 -1.356 -1.377 -1.399 -1.460 -1.529 -1.612 -1.773 -2.022 -2.225 -2.324 -2.421 -2.476 -2.383 -2.286 -2.204 -2.102 -1.984 -1.839 -1.688 -1.552 -1.425 -1.285 -1.122 -0.955 -0.805 -0.669 -0.555 -0.468 -0.410 -0.380 -0.383 -0.436
-0.149 -0.224 -0.238 -0.148 -0.083 -0.077 -0.074 -0.073 -0.069 -0.069 -0.076 -0.082 -0.090 -0.091 -0.079 -0.065 -0.066 -0.081 -0.097 -0.107 -0.119 -0.130 -0.173 -0.235 -0.241 -0.234 -0.217 -0.237 -0.260 -0.317 -0.403 -0.500 -0.617 -0.740 -0.870 -0.992 -1.096 -1.189 -1.221 -1.255 -1.288 -1.295 -1.331 -1.396 -1.491 -1.620 -1.752 -1.835 -1.994 -2.228 -2.453 -2.552 -2.400 -2.338 -2.262 -2.140 -2.076 -2.000 -1.867 -1.692 -1.515 -1.365 -1.235 -1.104 -0.950 -0.796 -0.662 -0.546 -0.455 -0.394 -0.358 -0.346 -0.367 -0.433
-0.189 -0.191 -0.245 -0.381 -0.236 -0.132 -0.136 -0.133 -0.131 -0.138 -0.158 -0.160 -0.162 -0.163 -0.157 -0.152 -0.153 -0.150 -0.147 -0.168 -0.171 -0.195 -0.265 -0.303 -0.306 -0.289 -0.253 -0.285 -0.345 -0.429 -0.536 -0.659 -0.798 -0.928 -1.049 -1.119 -1.189 -1.232 -1.259 -1.284 -1.315 -1.320 -1.356 -1.437 -1.572 -1.721 -1.931 -2.051 -2.157 -2.275 -2.393 -2.568 -2.464 -2.159 -2.098 -2.030 -1.967 -1.883 -1.720 -1.503 -1.309 -1.159 -1.045 -0.938 -0.808 -0.669 -0.544 -0.445 -0.377 -0.340 -0.326 -0.333 -0.371 -0.449
-0.305 -0.287 -0.272 -0.313 -0.409 -0.293 -0.211 -0.217 -0.222 -0.246 -0.259 -0.263 -0.261 -0.255 -0.246 -0.241 -0.236 -0.224 -0.244 -0.270 -0.286 -0.317 -0.358 -0.369 -0.360 -0.342 -0.319 -0.388 -0.488 -0.602 -0.722 -0.862 -1.011 -1.140 -1.220 -1.258 -1.278 -1.291 -1.282 -1.302 -1.350 -1.388 -1.449 -1.542 -1.663 -1.787 -1.974 -2.151 -2.227 -2.261 -2.244 -2.347 -2.504 -2.195 -1.939 -1.939 -1.878 -1.725 -1.513 -1.285 -1.103 -0.979 -0.897 -0.816 -0.706 -0.574 -0.457 -0.372 -0.322 -0.303 -0.307 -0.335 -0.394 -0.479
-0.379 -0.379 -0.384 -0.371 -0.381 -0.421 -0.344 -0.327 -0.326 -0.343 -0.359 -0.368 -0.356 -0.341 -0.345 -0.325 -0.329 -0.348 -0.381 -0.434 -0.445 -0.431 -0.421 -0.419 -0.420 -0.432 -0.453 -0.539 -0.661 -0.810 -0.981 -1.100 -1.231 -1.330 -1.362 -1.397 -1.403 -1.376 -1.382 -1.403 -1.420 -1.453 -1.540 -1.632 -1.729 -1.841 -1.953 -2.083 -2.138 -2.140 -2.084 -2.027 -2.202 -2.295 -1.978 -1.815 -1.739 -1.503 -1.247 -1.048 -0.917 -0.845 -0.797 -0.734 -0.631 -0.498 -0.389 -0.322 -0.288 -0.280 -0.296 -0.342 -0.419 -0.515
-0.405 -0.423 -0.440 -0.448 -0.468 -0.461 -0.496 -0.434 -0.440 -0.451 -0.465 -0.459 -0.451 -0.446 -0.424 -0.431 -0.465 -0.514 -0.561 -0.592 -0.558 -0.503 -0.466 -0.472 -0.513 -0.559 -0.640 -0.759 -0.894 -1.036 -1.209 -1.285 -1.418 -1.459 -1.448 -1.514 -1.479 -1.425 -1.491 -1.545 -1.529 -1.547 -1.617 -1.713 -1.814 -1.872 -1.923 -1.940 -1.955 -1.937 -1.881 -1.785 -1.801 -2.021 -2.042 -1.730 -1.494 -1.243 -0.997 -0.852 -0.778 -0.752 -0.733 -0.682 -0.579 -0.442 -0.340 -0.285 -0.265 -0.268 -0.293 -0.352 -0.440 -0.544
-0.477 -0.492 -0.506 -0.508 -0.535 -0.586 -0.566 -0.547 -0.542 -0.547 -0.547 -0.540 -0.534 -0.519 -0.527 -0.592 -0.668 -0.713 -0.700 -0.661 -0.630 -0.556 -0.541 -0.598 -0.662 -0.735 -0.845 -1.003 -1.129 -1.273 -1.397 -1.405 -1.507 -1.493 -1.451 -1.506 -1.447 -1.434 -1.509 -1.545 -1.587 -1.663 -1.695 -1.780 -1.876 -1.923 -1.907 -1.839 -1.767 -1.743 -1.680 -1.601 -1.595 -1.729 -1.849 -1.646 -1.226 -0.974 -0.807 -0.720 -0.690 -0.691 -0.690 -0.649 -0.546 -0.404 -0.309 -0.263 -0.254 -0.269 -0.304 -0.362 -0.446 -0.552
-0.515 -0.538 -0.557 -0.559 -0.598 -0.689 -0.643 -0.636 -0.630 -0.652 -0.639 -0.623 -0.611 -0.659 -0.727 -0.829 -0.904 -0.870 -0.808 -0.761 -0.706 -0.676 -0.723 -0.812 -0.902 -1.008 -1.142 -1.249 -1.325 -1.438 -1.512 -1.511 -1.555 -1.480 -1.424 -1.440 -1.386 -1.412 -1.460 -1.461 -1.533 -1.663 -1.733 -1.777 -1.828 -1.847 -1.862 -1.754 -1.604 -1.523 -1.509 -1.457 -1.454 -1.546 -1.605 -1.444 -1.067 -0.785 -0.674 -0.630 -0.628 -0.648 -0.660 -0.625 -0.525 -0.383 -0.291 -0.254 -0.251 -0.278 -0.325 -0.376 -0.435 -0.531
-0.501 -0.538 -0.556 -0.597 -0.742 -0.733 -0.700 -0.720 -0.699 -0.742 -0.768 -0.781 -0.817 -0.893 -0.986 -1.012 -0.994 -0.954 -0.924 -0.918 -0.934 -0.972 -1.056 -1.173 -1.292 -1.408 -1.509 -1.573 -1.577 -1.619 -1.628 -1.585 -1.610 -1.532 -1.477 -1.478 -1.395 -1.390 -1.440 -1.419 -1.459 -1.546 -1.615 -1.652 -1.703 -1.684 -1.695 -1.609 -1.497 -1.349 -1.272 -1.279 -1.305 -1.345 -1.368 -1.241 -0.974 -0.696 -0.595 -0.572 -0.580 -0.608 -0.628 -0.601 -0.512 -0.382 -0.288 -0.259 -0.262 -0.294 -0.349 -0.398 -0.430 -0.492
-0.527 -0.569 -0.651 -0.741 -0.783 -0.803 -0.818 -0.797 -0.833 -0.875 -0.928 -0.950 -0.992 -1.009 -1.048 -1.055 -1.074 -1.026 -1.062 -1.126 -1.275 -1.353 -1.467 -1.555 -1.623 -1.717 -1.774 -1.844 -1.858 -1.872 -1.794 -1.737 -1.747 -1.662 -1.620 -1.601 -1.498 -1.483 -1.505 -1.502 -1.499 -1.577 -1.591 -1.515 -1.516 -1.497 -1.489 -1.408 -1.349 -1.275 -1.117 -1.064 -1.112 -1.138 -1.150 -1.086 -0.924 -0.704 -0.566 -0.545 -0.553 -0.575 -0.595 -0.578 -0.512 -0.413 -0.324 -0.295 -0.304 -0.328 -0.369 -0.412 -0.436 -0.458
-0.565 -0.617 -0.691 -0.758 -0.793 -0.795 -0.810 -0.859 -0.910 -0.938 -1.010 -0.987 -1.017 -1.034 -1.036 -1.073 -1.118 -1.195 -1.286 -1.355 -1.477 -1.583 -1.721 -1.757 -1.834 -1.866 -1.849 -1.897 -1.911 -1.960 -1.913 -1.879 -1.864 -1.813 -1.847 -1.828 -1.753 -1.742 -1.725 -1.668 -1.642 -1.693 -1.721 -1.558 -1.434 -1.345 -1.284 -1.222 -1.153 -1.089 -1.027 -0.927 -0.947 -0.990 -1.015 -0.995 -0.917 -0.783 -0.643 -0.590 -0.589 -0.598 -0.605 -0.596 -0.564 -0.523 -0.480 -0.462 -0.470 -0.474 -0.442 -0.430 -0.439 -0.448
-0.586 -0.624 -0.667 -0.721 -0.756 -0.709 -0.758 -0.866 -0.889 -0.969 -1.023 -0.997 -1.063 -1.071 -1.095 -1.141 -1.265 -1.335 -1.407 -1.530 -1.606 -1.700 -1.789 -1.803 -1.888 -1.893 -1.866 -1.869 -1.838 -1.843 -1.834 -1.800 -1.735 -1.742 -1.807 -1.857 -1.831 -1.822 -1.775 -1.692 -1.657 -1.689 -1.732 -1.703 -1.537 -1.359 -1.165 -1.056 -0.984 -0.890 -0.849 -0.823 -0.847 -0.904 -0.958 -0.990 -1.015 -1.010 -0.945 -0.849 -0.795 -0.780 -0.770 -0.755 -0.743 -0.723 -0.677 -0.639 -0.641 -0.696 -0.715 -0.613 -0.493 -0.455
-0.528 -0.534 -0.561 -0.596 -0.610 -0.638 -0.730 -0.820 -0.843 -0.956 -1.012 -1.013 -1.110 -1.117 -1.125 -1.166 -1.252 -1.396 -1.489 -1.591 -1.630 -1.714 -1.756 -1.753 -1.820 -1.849 -1.822 -1.840 -1.799 -1.706 -1.688 -1.663 -1.628 -1.579 -1.561 -1.574 -1.590 -1.568 -1.486 -1.413 -1.422 -1.462 -1.501 -1.521 -1.509 -1.441 -1.223 -0.983 -0.828 -0.742 -0.692 -0.702 -0.746 -0.821 -0.928 -1.027 -1.101 -1.136 -1.100 -0.995 -0.901 -0.867 -0.853 -0.833 -0.796 -0.738 -0.659 -0.603 -0.593 -0.651 -0.803 -0.881 -0.763 -0.581
-0.386 -0.399 -0.415 -0.463 -0.542 -0.593 -0.690 -0.770 -0.829 -0.932 -0.984 -1.003 -1.093 -1.118 -1.139 -1.136 -1.224 -1.377 -1.493 -1.623 -1.661 -1.709 -1.739 -1.695 -1.737 -1.735 -1.681 -1.678 -1.628 -1.523 -1.520 -1.535 -1.488 -1.406 -1.430 -1.420 -1.419 -1.347 -1.231 -1.192 -1.210 -1.195 -1.101 -1.060 -1.115 -1.097 -1.116 -0.961 -0.724 -0.596 -0.573 -0.591 -0.636 -0.710 -0.842 -0.965 -1.025 -1.033 -0.994 -0.907 -0.817 -0.768 -0.757 -0.746 -0.713 -0.655 -0.595 -0.565 -0.557 -0.556 -0.635 -0.799 -0.821 -0.673
