AvaFrame/avaframe/data/avaSalk/Avaflow_Input_Output/slk_results/slk_ascii/slk_hflow10015.asc
ncols 296
nrows 144
xllcenter 761600.00
yllcenter 8523000.00
cellsize 12.50
NODATA_value -9999.000
[rows 102 to 135 of 144, columns 154 to 230 of 296]
1.865 2.030 2.200 2.528 2.903 3.112 3.233 3.344 3.489 3.696 3.830 3.839 3.783 3.700 3.642 3.643 3.571 3.446 3.270 3.108 2.955 2.832 2.668 2.548 2.455 2.426 2.427 2.440 2.528 2.773 3.203 3.703 4.247 4.631 4.845 4.957 4.948 4.824 4.531 3.966 2.957 2.038 1.832 1.997 2.250 2.511 2.800 3.183 3.804 4.801 6.163 7.601 8.725 9.678 10.315 10.886 11.399 11.707 11.849 11.869 11.799 11.636 11.414 10.897 10.357 9.407 7.964 5.902 3.997 2.492 1.358 0.634 0.287 0.185 0.178 0.194 0.243
0.453 0.513 0.584 0.736 0.966 1.136 1.270 1.415 1.557 1.639 1.648 1.638 1.634 1.633 1.622 1.608 1.525 1.367 1.198 1.062 0.958 0.888 0.839 0.802 0.760 0.735 0.735 0.785 0.922 1.199 1.595 1.945 2.168 2.306 2.454 2.646 2.752 2.708 2.251 1.339 0.648 0.510 0.643 0.904 1.242 1.678 2.227 2.914 3.784 4.931 6.381 7.939 9.302 10.536 11.428 12.186 12.725 13.013 13.071 13.126 13.004 12.824 12.627 12.133 11.540 10.611 9.049 6.960 5.041 3.527 2.312 1.425 0.858 0.575 0.493 0.513 0.710
0.107 0.116 0.127 0.159 0.226 0.277 0.324 0.382 0.426 0.439 0.434 0.426 0.429 0.445 0.455 0.449 0.413 0.346 0.282 0.238 0.212 0.201 0.197 0.191 0.180 0.169 0.165 0.177 0.230 0.341 0.496 0.612 0.674 0.724 0.798 0.912 0.981 0.959 0.667 0.226 0.098 0.103 0.158 0.282 0.470 0.757 1.324 2.273 3.501 4.900 6.399 7.965 9.483 10.821 12.040 13.034 13.608 13.955 14.052 14.028 13.849 13.579 13.337 12.880 12.340 11.596 10.199 8.189 6.249 4.773 3.562 2.609 1.932 1.542 1.416 1.469 1.813
0.037 0.038 0.039 0.046 0.062 0.074 0.084 0.093 0.096 0.096 0.093 0.092 0.093 0.100 0.106 0.105 0.097 0.083 0.070 0.062 0.058 0.056 0.055 0.054 0.051 0.049 0.049 0.051 0.062 0.082 0.107 0.127 0.145 0.163 0.181 0.198 0.206 0.196 0.114 0.044 0.031 0.030 0.036 0.061 0.115 0.222 0.503 1.258 2.650 4.411 6.099 7.654 9.320 10.774 12.173 13.276 13.967 14.378 14.496 14.449 14.392 14.100 13.799 13.353 12.802 12.268 11.271 9.716 7.828 6.280 5.061 4.066 3.343 2.956 2.878 2.990 3.293
0.015 0.015 0.016 0.018 0.022 0.027 0.031 0.032 0.032 0.032 0.030 0.030 0.031 0.034 0.036 0.035 0.031 0.027 0.024 0.022 0.021 0.020 0.020 0.020 0.019 0.019 0.019 0.021 0.024 0.030 0.036 0.043 0.048 0.050 0.052 0.053 0.053 0.049 0.035 0.020 0.015 0.013 0.014 0.017 0.026 0.045 0.115 0.410 1.357 3.122 5.124 6.892 8.721 10.351 11.874 13.153 13.929 14.375 14.619 14.550 14.555 14.325 13.933 13.604 13.242 12.788 12.175 11.175 9.601 8.062 6.809 5.775 5.038 4.642 4.520 4.489 4.520
0.006 0.007 0.007 0.008 0.009 0.012 0.013 0.014 0.013 0.013 0.012 0.012 0.013 0.014 0.014 0.013 0.012 0.011 0.010 0.009 0.009 0.009 0.009 0.009 0.009 0.009 0.009 0.010 0.012 0.014 0.017 0.019 0.020 0.020 0.021 0.023 0.024 0.023 0.020 0.015 0.010 0.008 0.007 0.008 0.010 0.014 0.023 0.079 0.425 1.500 3.377 5.446 7.489 9.395 11.078 12.524 13.508 14.080 14.386 14.383 14.372 14.206 13.815 13.527 13.325 13.011 12.756 12.252 11.054 9.610 8.402 7.422 6.694 6.170 5.856 5.578 5.335
0.003 0.003 0.004 0.004 0.004 0.005 0.006 0.007 0.006 0.006 0.006 0.006 0.006 0.006 0.006 0.006 0.005 0.005 0.005 0.004 0.004 0.004 0.004 0.005 0.005 0.005 0.005 0.006 0.007 0.008 0.010 0.011 0.011 0.012 0.014 0.016 0.016 0.016 0.015 0.012 0.009 0.006 0.005 0.005 0.005 0.006 0.009 0.016 0.078 0.463 1.551 3.410 5.639 7.804 9.716 11.293 12.513 13.112 13.495 13.692 13.798 13.933 13.686 13.484 13.390 13.181 13.006 12.689 11.808 10.537 9.355 8.457 7.752 7.198 6.724 6.247 5.781
0.002 0.002 0.002 0.002 0.002 0.002 0.003 0.003 0.003 0.003 0.003 0.003 0.003 0.003 0.003 0.003 0.003 0.002 0.002 0.002 0.002 0.003 0.003 0.003 0.003 0.004 0.004 0.005 0.006 0.007 0.008 0.009 0.010 0.010 0.011 0.012 0.012 0.012 0.011 0.010 0.008 0.005 0.004 0.003 0.003 0.004 0.005 0.007 0.015 0.076 0.422 1.433 3.244 5.523 7.736 9.467 10.806 11.512 12.080 12.397 12.788 13.083 12.998 13.002 13.110 13.123 12.997 12.638 11.957 10.814 9.589 8.737 8.088 7.538 6.975 6.452 5.887
0.001 0.001 0.001 0.001 0.001 0.001 0.001 0.002 0.001 0.001 0.001 0.001 0.001 0.001 0.001 0.001 0.001 0.001 0.001 0.001 0.002 0.002 0.002 0.002 0.003 0.003 0.004 0.005 0.005 0.006 0.008 0.008 0.009 0.010 0.010 0.010 0.010 0.010 0.009 0.008 0.007 0.005 0.004 0.003 0.002 0.003 0.003 0.004 0.006 0.014 0.053 0.330 1.238 2.917 5.026 6.919 8.462 9.539 10.418 10.952 11.416 11.708 11.857 12.188 12.508 12.705 12.685 12.311 11.692 10.669 9.520 8.643 7.978 7.387 6.813 6.282 5.661
0.000 0.000 0.000 0.000 0.000 0.001 0.001 0.001 0.001 0.001 0.001 0.001 0.001 0.001 0.001 0.001 0.001 0.001 0.001 0.001 0.001 0.001 0.001 0.002 0.002 0.003 0.003 0.004 0.005 0.006 0.007 0.008 0.009 0.010 0.010 0.010 0.010 0.009 0.009 0.008 0.006 0.005 0.004 0.003 0.002 0.002 0.002 0.002 0.003 0.006 0.012 0.033 0.261 1.067 2.498 4.137 5.699 7.106 8.370 9.338 9.991 10.381 10.634 10.977 11.371 11.679 11.777 11.534 11.023 10.155 9.149 8.292 7.654 7.022 6.417 5.835 5.175
0.000 0.000 0.000 0.000 0.000 0.000 0.000 0.000 0.000 0.000 0.000 0.000 0.000 0.000 0.000 0.000 0.000 0.000 0.000 0.000 0.000 0.001 0.001 0.001 0.002 0.002 0.003 0.003 0.004 0.006 0.007 0.008 0.009 0.010 0.010 0.010 0.010 0.010 0.009 0.008 0.006 0.005 0.004 0.003 0.002 0.002 0.002 0.002 0.002 0.003 0.005 0.010 0.024 0.222 0.890 2.023 3.352 4.697 6.082 7.408 8.405 8.999 9.385 9.642 10.050 10.258 10.367 10.355 9.966 9.333 8.503 7.690 7.016 6.347 5.717 5.088 4.395
0.000 0.000 0.000 0.000 0.000 0.000 0.000 0.000 0.000 0.000 0.000 0.000 0.000 0.000 0.000 0.000 0.000 0.000 0.000 0.000 0.000 0.000 0.000 0.001 0.001 0.001 0.002 0.003 0.004 0.005 0.006 0.008 0.009 0.011 0.011 0.012 0.013 0.013 0.013 0.011 0.008 0.005 0.004 0.003 0.002 0.002 0.001 0.001 0.001 0.002 0.002 0.004 0.008 0.024 0.191 0.720 1.616 2.719 3.961 5.272 6.457 7.328 7.992 8.388 8.731 8.786 8.786 8.840 8.707 8.223 7.548 6.829 6.139 5.462 4.813 4.160 3.483
0.000 0.000 0.000 0.000 0.000 0.000 0.000 0.000 0.000 0.000 0.000 0.000 0.000 0.000 0.000 0.000 0.000 0.000 0.000 0.000 0.000 0.000 0.000 0.000 0.000 0.001 0.001 0.002 0.003 0.004 0.005 0.007 0.009 0.011 0.012 0.013 0.014 0.015 0.015 0.013 0.010 0.007 0.005 0.003 0.002 0.002 0.001 0.001 0.001 0.001 0.001 0.002 0.004 0.008 0.025 0.158 0.565 1.285 2.239 3.364 4.536 5.557 6.415 7.031 7.370 7.395 7.324 7.172 6.977 6.668 6.258 5.727 5.132 4.528 3.959 3.358 2.746
0.000 0.000 0.000 0.000 0.000 0.000 0.000 0.000 0.000 0.000 0.000 0.000 0.000 0.000 0.000 0.000 0.000 0.000 0.000 0.000 0.000 0.000 0.000 0.000 0.000 0.000 0.000 0.001 0.002 0.003 0.004 0.006 0.008 0.010 0.012 0.013 0.014 0.014 0.014 0.013 0.010 0.007 0.005 0.003 0.002 0.001 0.001 0.001 0.001 0.001 0.001 0.001 0.002 0.004 0.008 0.023 0.125 0.436 1.008 1.824 2.836 3.879 4.821 5.578 6.042 6.155 6.081 5.843 5.450 5.113 4.846 4.547 4.172 3.746 3.274 2.738 2.172
0.000 0.000 0.000 0.000 0.000 0.000 0.000 0.000 0.000 0.000 0.000 0.000 0.000 0.000 0.000 0.000 0.000 0.000 0.000 0.000 0.000 0.000 0.000 0.000 0.000 0.000 0.000 0.000 0.001 0.002 0.003 0.004 0.006 0.009 0.010 0.011 0.012 0.012 0.012 0.011 0.009 0.007 0.005 0.003 0.002 0.001 0.001 0.000 0.000 0.000 0.000 0.001 0.001 0.002 0.004 0.008 0.021 0.093 0.306 0.747 1.460 2.372 3.326 4.154 4.721 4.952 4.917 4.709 4.327 3.948 3.694 3.514 3.328 3.086 2.719 2.255 1.724
0.000 0.000 0.000 0.000 0.000 0.000 0.000 0.000 0.000 0.000 0.000 0.000 0.000 0.000 0.000 0.000 0.000 0.000 0.000 0.000 0.000 0.000 0.000 0.000 0.000 0.000 0.000 0.000 0.000 0.001 0.002 0.003 0.004 0.006 0.007 0.008 0.008 0.008 0.008 0.008 0.007 0.006 0.004 0.003 0.002 0.001 0.000 0.000 0.000 0.000 0.000 0.000 0.001 0.001 0.002 0.003 0.007 0.018 0.059 0.201 0.552 1.164 2.000 2.873 3.495 3.795 3.826 3.693 3.431 3.124 2.865 2.703 2.610 2.489 2.244 1.881 1.395
0.000 0.000 0.000 0.000 0.000 0.000 0.000 0.000 0.000 0.000 0.000 0.000 0.000 0.000 0.000 0.000 0.000 0.000 0.000 0.000 0.000 0.000 0.000 0.000 0.000 0.000 0.000 0.000 0.000 0.000 0.001 0.001 0.002 0.004 0.004 0.004 0.004 0.004 0.004 0.004 0.004 0.004 0.003 0.002 0.001 0.000 0.000 0.000 0.000 0.000 0.000 0.000 0.000 0.001 0.001 0.002 0.003 0.006 0.013 0.037 0.136 0.404 0.945 1.757 2.407 2.728 2.814 2.775 2.657 2.494 2.298 2.141 2.048 1.951 1.795 1.542 1.158
0.000 0.000 0.000 0.000 0.000 0.000 0.000 0.000 0.000 0.000 0.000 0.000 0.000 0.000 0.000 0.000 0.000 0.000 0.000 0.000 0.000 0.000 0.000 0.000 0.000 0.000 0.000 0.000 0.000 0.000 0.000 0.001 0.001 0.002 0.002 0.002 0.002 0.002 0.002 0.002 0.002 0.002 0.001 0.001 0.000 0.000 0.000 0.000 0.000 0.000 0.000 0.000 0.000 0.000 0.000 0.001 0.001 0.003 0.005 0.011 0.026 0.091 0.313 0.854 1.487 1.815 1.944 1.992 1.988 1.947 1.860 1.744 1.631 1.510 1.374 1.193 0.937
0.000 0.000 0.000 0.000 0.000 0.000 0.000 0.000 0.000 0.000 0.000 0.000 0.000 0.000 0.000 0.000 0.000 0.000 0.000 0.000 0.000 0.000 0.000 0.000 0.000 0.000 0.000 0.000 0.000 0.000 0.000 0.000 0.000 0.001 0.001 0.001 0.001 0.001 0.001 0.001 0.001 0.001 0.000 0.000 0.000 0.000 0.000 0.000 0.000 0.000 0.000 0.000 0.000 0.000 0.000 0.000 0.001 0.001 0.002 0.004 0.008 0.019 0.070 0.299 0.751 1.085 1.261 1.378 1.449 1.480 1.472 1.410 1.301 1.169 1.029 0.876 0.697
0.000 0.000 0.000 0.000 0.000 0.000 0.000 0.000 0.000 0.000 0.000 0.000 0.000 0.000 0.000 0.000 0.000 0.000 0.000 0.000 0.000 0.000 0.000 0.000 0.000 0.000 0.000 0.000 0.000 0.000 0.000 0.000 0.000 0.000 0.000 0.000 0.000 0.000 0.000 0.000 0.000 0.000 0.000 0.000 0.000 0.000 0.000 0.000 0.000 0.000 0.000 0.000 0.000 0.000 0.000 0.000 0.000 0.000 0.001 0.002 0.004 0.007 0.017 0.077 0.280 0.542 0.753 0.918 1.035 1.106 1.128 1.102 1.015 0.896 0.767 0.634 0.492
0.000 0.000 0.000 0.000 0.000 0.000 0.000 0.000 0.000 0.000 0.000 0.000 0.000 0.000 0.000 0.000 0.000 0.000 0.000 0.000 0.000 0.000 0.000 0.000 0.000 0.000 0.000 0.000 0.000 0.000 0.000 0.000 0.000 0.000 0.000 0.000 0.000 0.000 0.000 0.000 0.000 0.000 0.000 0.000 0.000 0.000 0.000 0.000 0.000 0.000 0.000 0.000 0.000 0.000 0.000 0.000 0.000 0.000 0.000 0.001 0.002 0.003 0.007 0.020 0.078 0.210 0.386 0.572 0.717 0.807 0.841 0.828 0.767 0.676 0.571 0.460 0.344
0.000 0.000 0.000 0.000 0.000 0.000 0.000 0.000 0.000 0.000 0.000 0.000 0.000 0.000 0.000 0.000 0.000 0.000 0.000 0.000 0.000 0.000 0.000 0.000 0.000 0.000 0.000 0.000 0.000 0.000 0.000 0.000 0.000 0.000 0.000 0.000 0.000 0.000 0.000 0.000 0.000 0.000 0.000 0.000 0.000 0.000 0.000 0.000 0.000 0.000 0.000 0.000 0.000 0.000 0.000 0.000 0.000 0.000 0.000 0.000 0.001 0.001 0.003 0.008 0.021 0.064 0.158 0.309 0.467 0.567 0.606 0.602 0.565 0.504 0.424 0.332 0.239
0.000 0.000 0.000 0.000 0.000 0.000 0.000 0.000 0.000 0.000 0.000 0.000 0.000 0.000 0.000 0.000 0.000 0.000 0.000 0.000 0.000 0.000 0.000 0.000 0.000 0.000 0.000 0.000 0.000 0.000 0.000 0.000 0.000 0.000 0.000 0.000 0.000 0.000 0.000 0.000 0.000 0.000 0.000 0.000 0.000 0.000 0.000 0.000 0.000 0.000 0.000 0.000 0.000 0.000 0.000 0.000 0.000 0.000 0.000 0.000 0.000 0.001 0.002 0.003 0.008 0.020 0.054 0.139 0.277 0.379 0.422 0.426 0.409 0.369 0.311 0.236 0.165
0.000 0.000 0.000 0.000 0.000 0.000 0.000 0.000 0.000 0.000 0.000 0.000 0.000 0.000 0.000 0.000 0.000 0.000 0.000 0.000 0.000 0.000 0.000 0.000 0.000 0.000 0.000 0.000 0.000 0.000 0.000 0.000 0.000 0.000 0.000 0.000 0.000 0.000 0.000 0.000 0.000 0.000 0.000 0.000 0.000 0.000 0.000 0.000 0.000 0.000 0.000 0.000 0.000 0.000 0.000 0.000 0.000 0.000 0.000 0.000 0.000 0.000 0.001 0.002 0.004 0.008 0.020 0.060 0.153 0.243 0.284 0.293 0.287 0.264 0.224 0.165 0.115
0.000 0.000 0.000 0.000 0.000 0.000 0.000 0.000 0.000 0.000 0.000 0.000 0.000 0.000 0.000 0.000 0.000 0.000 0.000 0.000 0.000 0.000 0.000 0.000 0.000 0.000 0.000 0.000 0.000 0.000 0.000 0.000 0.000 0.000 0.000 0.000 0.000 0.000 0.000 0.000 0.000 0.000 0.000 0.000 0.000 0.000 0.000 0.000 0.000 0.000 0.000 0.000 0.000 0.000 0.000 0.000 0.000 0.000 0.000 0.000 0.000 0.000 0.000 0.001 0.002 0.004 0.010 0.029 0.083 0.151 0.185 0.196 0.196 0.184 0.156 0.115 0.080
0.000 0.000 0.000 0.000 0.000 0.000 0.000 0.000 0.000 0.000 0.000 0.000 0.000 0.000 0.000 0.000 0.000 0.000 0.000 0.000 0.000 0.000 0.000 0.000 0.000 0.000 0.000 0.000 0.000 0.000 0.000 0.000 0.000 0.000 0.000 0.000 0.000 0.000 0.000 0.000 0.000 0.000 0.000 0.000 0.000 0.000 0.000 0.000 0.000 0.000 0.000 0.000 0.000 0.000 0.000 0.000 0.000 0.000 0.000 0.000 0.000 0.000 0.000 0.000 0.001 0.002 0.006 0.015 0.044 0.091 0.118 0.129 0.131 0.123 0.106 0.080 0.056
0.000 0.000 0.000 0.000 0.000 0.000 0.000 0.000 0.000 0.000 0.000 0.000 0.000 0.000 0.000 0.000 0.000 0.000 0.000 0.000 0.000 0.000 0.000 0.000 0.000 0.000 0.000 0.000 0.000 0.000 0.000 0.000 0.000 0.000 0.000 0.000 0.000 0.000 0.000 0.000 0.000 0.000 0.000 0.000 0.000 0.000 0.000 0.000 0.000 0.000 0.000 0.000 0.000 0.000 0.000 0.000 0.000 0.000 0.000 0.000 0.000 0.000 0.000 0.000 0.001 0.001 0.003 0.008 0.023 0.053 0.074 0.084 0.085 0.081 0.071 0.055 0.038
0.000 0.000 0.000 0.000 0.000 0.000 0.000 0.000 0.000 0.000 0.000 0.000 0.000 0.000 0.000 0.000 0.000 0.000 0.000 0.000 0.000 0.000 0.000 0.000 0.000 0.000 0.000 0.000 0.000 0.000 0.000 0.000 0.000 0.000 0.000 0.000 0.000 0.000 0.000 0.000 0.000 0.000 0.000 0.000 0.000 0.000 0.000 0.000 0.000 0.000 0.000 0.000 0.000 0.000 0.000 0.000 0.000 0.000 0.000 0.000 0.000 0.000 0.000 0.000 0.000 0.001 0.002 0.005 0.013 0.030 0.046 0.053 0.054 0.052 0.046 0.036 0.025
0.000 0.000 0.000 0.000 0.000 0.000 0.000 0.000 0.000 0.000 0.000 0.000 0.000 0.000 0.000 0.000 0.000 0.000 0.000 0.000 0.000 0.000 0.000 0.000 0.000 0.000 0.000 0.000 0.000 0.000 0.000 0.000 0.000 0.000 0.000 0.000 0.000 0.000 0.000 0.000 0.000 0.000 0.000 0.000 0.000 0.000 0.000 0.000 0.000 0.000 0.000 0.000 0.000 0.000 0.000 0.000 0.000 0.000 0.000 0.000 0.000 0.000 0.000 0.000 0.000 0.000 0.001 0.003 0.007 0.017 0.029 0.033 0.034 0.033 0.029 0.023 0.016
0.000 0.000 0.000 0.000 0.000 0.000 0.000 0.000 0.000 0.000 0.000 0.000 0.000 0.000 0.000 0.000 0.000 0.000 0.000 0.000 0.000 0.000 0.000 0.000 0.000 0.000 0.000 0.000 0.000 0.000 0.000 0.000 0.000 0.000 0.000 0.000 0.000 0.000 0.000 0.000 0.000 0.000 0.000 0.000 0.000 0.000 0.000 0.000 0.000 0.000 0.000 0.000 0.000 0.000 0.000 0.000 0.000 0.000 0.000 0.000 0.000 0.000 0.000 0.000 0.000 0.000 0.001 0.002 0.004 0.009 0.017 0.020 0.021 0.020 0.018 0.015 0.010
0.000 0.000 0.000 0.000 0.000 0.000 0.000 0.000 0.000 0.000 0.000 0.000 0.000 0.000 0.000 0.000 0.000 0.000 0.000 0.000 0.000 0.000 0.000 0.000 0.000 0.000 0.000 0.000 0.000 0.000 0.000 0.000 0.000 0.000 0.000 0.000 0.000 0.000 0.000 0.000 0.000 0.000 0.000 0.000 0.000 0.000 0.000 0.000 0.000 0.000 0.000 0.000 0.000 0.000 0.000 0.000 0.000 0.000 0.000 0.000 0.000 0.000 0.000 0.000 0.000 0.000 0.000 0.001 0.002 0.004 0.009 0.012 0.012 0.012 0.011 0.009 0.007
0.000 0.000 0.000 0.000 0.000 0.000 0.000 0.000 0.000 0.000 0.000 0.000 0.000 0.000 0.000 0.000 0.000 0.000 0.000 0.000 0.000 0.000 0.000 0.000 0.000 0.000 0.000 0.000 0.000 0.000 0.000 0.000 0.000 0.000 0.000 0.000 0.000 0.000 0.000 0.000 0.000 0.000 0.000 0.000 0.000 0.000 0.000 0.000 0.000 0.000 0.000 0.000 0.000 0.000 0.000 0.000 0.000 0.000 0.000 0.000 0.000 0.000 0.000 0.000 0.000 0.000 0.000 0.000 0.001 0.002 0.004 0.006 0.007 0.007 0.006 0.005 0.004
0.000 0.000 0.000 0.000 0.000 0.000 0.000 0.000 0.000 0.000 0.000 0.000 0.000 0.000 0.000 0.000 0.000 0.000 0.000 0.000 0.000 0.000 0.000 0.000 0.000 0.000 0.000 0.000 0.000 0.000 0.000 0.000 0.000 0.000 0.000 0.000 0.000 0.000 0.000 0.000 0.000 0.000 0.000 0.000 0.000 0.000 0.000 0.000 0.000 0.000 0.000 0.000 0.000 0.000 0.000 0.000 0.000 0.000 0.000 0.000 0.000 0.000 0.000 0.000 0.000 0.000 0.000 0.000 0.000 0.001 0.002 0.003 0.003 0.003 0.003 0.002 0.002
0.000 0.000 0.000 0.000 0.000 0.000 0.000 0.000 0.000 0.000 0.000 0.000 0.000 0.000 0.000 0.000 0.000 0.000 0.000 0.000 0.000 0.000 0.000 0.000 0.000 0.000 0.000 0.000 0.000 0.000 0.000 0.000 0.000 0.000 0.000 0.000 0.000 0.000 0.000 0.000 0.000 0.000 0.000 0.000 0.000 0.000 0.000 0.000 0.000 0.000 0.000 0.000 0.000 0.000 0.000 0.000 0.000 0.000 0.000 0.000 0.000 0.000 0.000 0.000 0.000 0.000 0.000 0.000 0.000 0.000 0.001 0.001 0.001 0.001 0.001 0.001 0.001
