AvaFrame/avaframe/data/avaSalk/Avaflow_Input_Output/slk_results/slk_ascii/slk_treach.asc
ncols 296
nrows 144
xllcenter 761600.00
yllcenter 8523000.00
cellsize 12.50
NODATA_value -9999.000
[rows 54 to 80 of 144, columns 186 to 247 of 296]
-9999.000 -9999.000 -9999.000 -9999.000 -9999.000 -9999.000 -9999.000 -9999.000 -9999.000 -9999.000 -9999.000 -9999.000 -9999.000 -9999.000 -9999.000 -9999.000 -9999.000 -9999.000 -9999.000 -9999.000 -9999.000 -9999.000 -9999.000 -9999.000 -9999.000 -9999.000 20.666 18.014 17.016 16.182 15.676 15.164 14.651 14.135 13.790 13.443 12.921 12.573 12.225 11.877 11.529 11.181 10.834 10.661 10.314 9.966 9.617 9.442 9.091 8.915 8.560 8.379 8.011 7.824 7.635 7.254 7.060 6.864 6.665 6.462 6.044 5.826
-9999.000 -9999.000 -9999.000 -9999.000 -9999.000 -9999.000 -9999.000 -9999.000 -9999.000 -9999.000 -9999.000 -9999.000 -9999.000 -9999.000 -9999.000 -9999.000 -9999.000 -9999.000 -9999.000 -9999.000 -9999.000 -9999.000 -9999.000 -9999.000 -9999.000 19.178 17.847 17.016 16.350 15.846 15.335 14.822 14.479 13.962 13.617 13.268 12.921 12.573 12.225 11.877 11.529 11.181 10.834 10.661 10.314 9.966 9.791 9.442 9.266 8.915 8.738 8.560 8.197 8.011 7.824 7.635 7.445 7.254 7.060 6.665 6.462 6.462
-9999.000 -9999.000 -9999.000 -9999.000 -9999.000 -9999.000 -9999.000 -9999.000 -9999.000 -9999.000 -9999.000 -9999.000 -9999.000 -9999.000 -9999.000 -9999.000 -9999.000 -9999.000 -9999.000 -9999.000 -9999.000 -9999.000 -9999.000 20.995 18.844 17.847 17.016 16.516 16.015 15.506 14.993 14.651 14.307 13.790 13.443 13.095 12.747 12.573 12.225 11.877 11.529 11.181 11.008 10.661 10.487 10.140 9.966 9.617 9.442 9.091 8.915 8.738 8.560 8.379 8.197 8.011 7.635 7.445 7.254 7.060 7.060 6.864
-9999.000 -9999.000 -9999.000 -9999.000 -9999.000 -9999.000 -9999.000 -9999.000 -9999.000 -9999.000 -9999.000 -9999.000 -9999.000 -9999.000 -9999.000 -9999.000 -9999.000 -9999.000 -9999.000 -9999.000 -9999.000 -9999.000 19.845 18.678 17.847 17.182 16.516 16.015 15.676 15.164 14.822 14.479 14.135 13.790 13.443 13.095 12.747 12.399 12.225 11.877 11.529 11.355 11.008 10.834 10.487 10.314 9.966 9.791 9.617 9.442 9.266 8.915 8.738 8.560 8.379 8.197 8.011 7.824 7.635 7.635 7.445 7.254
-9999.000 -9999.000 -9999.000 -9999.000 -9999.000 -9999.000 -9999.000 -9999.000 -9999.000 -9999.000 -9999.000 -9999.000 -9999.000 -9999.000 -9999.000 -9999.000 -9999.000 -9999.000 -9999.000 -9999.000 21.327 19.512 18.512 17.847 17.182 16.683 16.350 15.846 15.506 14.993 14.651 14.307 13.962 13.790 13.443 13.095 12.747 12.573 12.225 11.877 11.703 11.355 11.181 11.008 10.661 10.487 10.314 9.966 9.791 9.617 9.442 9.266 9.091 8.915 8.738 8.560 8.379 8.197 8.197 8.011 7.824 7.824
-9999.000 -9999.000 -9999.000 -9999.000 -9999.000 -9999.000 -9999.000 -9999.000 -9999.000 -9999.000 -9999.000 -9999.000 -9999.000 -9999.000 -9999.000 -9999.000 -9999.000 -9999.000 -9999.000 20.501 19.345 18.512 17.847 17.348 16.849 16.516 16.015 15.676 15.335 14.993 14.651 14.307 13.962 13.790 13.443 13.095 12.747 12.573 12.225 12.051 11.703 11.529 11.355 11.008 10.834 10.661 10.487 10.314 10.140 9.966 9.791 9.617 9.442 9.266 9.091 8.915 8.738 8.560 8.560 8.379 8.379 8.379
-9999.000 -9999.000 -9999.000 -9999.000 -9999.000 -9999.000 -9999.000 -9999.000 -9999.000 -9999.000 -9999.000 -9999.000 -9999.000 -9999.000 -9999.000 -9999.000 -9999.000 21.833 20.173 19.345 18.512 18.014 17.514 17.016 16.683 16.350 15.846 15.506 15.164 14.993 14.651 14.307 13.962 13.790 13.443 13.095 12.921 12.573 12.399 12.225 11.877 11.703 11.529 11.355 11.008 10.834 10.661 10.487 10.314 10.140 9.966 9.791 9.617 9.617 9.442 9.266 9.091 8.915 8.915 8.915 8.738 8.738
-9999.000 -9999.000 -9999.000 -9999.000 -9999.000 -9999.000 -9999.000 -9999.000 -9999.000 -9999.000 -9999.000 -9999.000 -9999.000 -9999.000 -9999.000 -9999.000 21.161 20.010 19.345 18.678 18.181 17.680 17.348 16.849 16.516 16.182 15.846 15.506 15.164 14.993 14.651 14.307 13.962 13.790 13.443 13.268 12.921 12.747 12.573 12.225 12.051 11.877 11.703 11.529 11.355 11.181 11.008 10.834 10.661 10.487 10.314 10.140 9.966 9.791 9.791 9.617 9.442 9.442 9.266 9.266 9.266 9.266
-9999.000 -9999.000 -9999.000 -9999.000 -9999.000 -9999.000 -9999.000 -9999.000 -9999.000 -9999.000 -9999.000 -9999.000 -9999.000 -9999.000 22.514 20.831 20.010 19.345 18.844 18.347 17.847 17.514 17.182 16.683 16.350 16.182 15.846 15.506 15.164 14.993 14.651 14.307 14.135 13.790 13.617 13.443 13.095 12.921 12.747 12.399 12.225 12.051 11.877 11.703 11.529 11.355 11.355 11.181 11.008 10.834 10.661 10.487 10.314 10.140 10.140 9.966 9.966 9.791 9.791 9.791 9.791 9.966
-9999.000 -9999.000 -9999.000 -9999.000 -9999.000 -9999.000 -9999.000 -9999.000 -9999.000 -9999.000 -9999.000 -9999.000 24.039 21.833 20.831 20.010 19.512 19.011 18.512 18.181 17.680 17.348 17.016 16.683 16.350 16.015 15.846 15.506 15.164 14.993 14.651 14.479 14.135 13.962 13.790 13.443 13.268 13.095 12.921 12.747 12.573 12.399 12.225 12.051 11.877 11.703 11.529 11.355 11.355 11.181 11.008 10.834 10.661 10.661 10.487 10.314 10.314 10.314 10.314 10.314 10.487 10.487
-9999.000 -9999.000 -9999.000 -9999.000 -9999.000 -9999.000 -9999.000 -9999.000 -9999.000 -9999.000 -9999.000 22.851 21.664 20.831 20.173 19.679 19.178 18.678 18.347 18.014 17.680 17.348 17.016 16.683 16.350 16.015 15.846 15.506 15.335 14.993 14.822 14.479 14.307 14.135 13.790 13.617 13.443 13.268 13.095 12.921 12.747 12.573 12.399 12.225 12.225 12.051 11.877 11.703 11.703 11.529 11.355 11.181 11.008 11.008 10.834 10.834 10.834 10.834 10.834 10.834 11.008 11.181
-9999.000 -9999.000 -9999.000 -9999.000 -9999.000 -9999.000 -9999.000 -9999.000 -9999.000 23.868 22.344 21.495 20.831 20.173 19.845 19.345 19.011 18.512 18.181 17.847 17.514 17.182 17.016 16.683 16.350 16.182 15.846 15.676 15.335 15.164 14.822 14.651 14.479 14.135 13.962 13.790 13.617 13.443 13.268 13.095 13.095 12.921 12.747 12.573 12.399 12.399 12.225 12.051 11.877 11.877 11.703 11.529 11.529 11.355 11.355 11.355 11.355 11.355 11.355 11.529 11.703 11.877
-9999.000 -9999.000 -9999.000 -9999.000 -9999.000 -9999.000 -9999.000 25.248 23.357 22.344 21.495 20.995 20.337 20.010 19.512 19.178 18.844 18.512 18.181 17.847 17.514 17.182 17.016 16.683 16.350 16.182 15.846 15.676 15.506 15.164 14.993 14.822 14.651 14.479 14.307 14.135 13.962 13.790 13.617 13.443 13.268 13.095 13.095 12.921 12.747 12.747 12.573 12.399 12.225 12.225 12.051 11.877 11.877 11.703 11.703 11.703 11.877 11.877 12.051 12.225 12.399 12.399
-9999.000 -9999.000 -9999.000 -9999.000 -9999.000 -9999.000 24.556 23.188 22.344 21.664 20.995 20.666 20.173 19.845 19.345 19.011 18.678 18.512 18.181 17.847 17.514 17.348 17.016 16.683 16.516 16.182 16.015 15.846 15.506 15.335 15.164 14.993 14.822 14.651 14.479 14.307 14.135 13.962 13.790 13.790 13.617 13.443 13.443 13.268 13.095 12.921 12.921 12.747 12.573 12.573 12.399 12.399 12.225 12.225 12.225 12.225 12.399 12.573 12.747 12.921 12.921 13.095
-9999.000 -9999.000 -9999.000 -9999.000 26.861 24.384 23.357 22.514 21.833 21.327 20.831 20.337 20.010 19.679 19.345 19.011 18.678 18.347 18.181 17.847 17.514 17.348 17.016 16.849 16.516 16.350 16.182 15.846 15.676 15.506 15.335 15.164 14.993 14.822 14.651 14.479 14.479 14.307 14.135 13.962 13.962 13.790 13.617 13.617 13.443 13.268 13.268 13.095 12.921 12.921 12.747 12.747 12.747 12.747 12.747 12.921 13.095 13.268 13.268 13.443 13.617 13.790
-9999.000 -9999.000 -9999.000 26.137 24.556 23.526 22.683 22.004 21.495 20.995 20.666 20.337 20.010 19.679 19.345 19.011 18.678 18.512 18.181 17.847 17.680 17.348 17.182 16.849 16.683 16.516 16.182 16.015 15.846 15.676 15.506 15.335 15.164 14.993 14.993 14.822 14.651 14.479 14.479 14.307 14.307 14.135 13.962 13.962 13.790 13.617 13.617 13.443 13.443 13.268 13.268 13.268 13.268 13.268 13.443 13.443 13.617 13.790 13.962 14.135 14.307 14.479
-9999.000 -9999.000 26.137 24.556 23.697 22.851 22.344 21.664 21.327 20.831 20.501 20.173 19.845 19.512 19.345 19.011 18.678 18.512 18.181 18.014 17.680 17.514 17.182 17.016 16.849 16.516 16.350 16.182 16.015 15.846 15.676 15.506 15.506 15.335 15.164 15.164 14.993 14.822 14.822 14.651 14.479 14.479 14.307 14.307 14.135 13.962 13.962 13.790 13.790 13.617 13.617 13.617 13.790 13.790 13.962 14.135 14.307 14.479 14.651 14.822 14.993 15.164
-9999.000 26.137 24.901 23.868 23.188 22.514 22.004 21.495 21.161 20.831 20.501 20.173 19.845 19.512 19.345 19.011 18.678 18.512 18.347 18.014 17.847 17.514 17.348 17.182 16.849 16.683 16.516 16.350 16.182 16.015 16.015 15.846 15.676 15.676 15.506 15.335 15.335 15.164 14.993 14.993 14.822 14.822 14.651 14.651 14.479 14.479 14.307 14.307 14.135 14.135 14.135 14.135 14.307 14.479 14.651 14.822 14.993 15.164 15.335 15.506 15.676 15.846
26.317 25.074 24.039 23.357 22.851 22.344 21.833 21.495 20.995 20.666 20.337 20.173 19.845 19.512 19.345 19.011 18.844 18.512 18.347 18.181 17.847 17.680 17.514 17.348 17.182 16.849 16.683 16.683 16.516 16.350 16.182 16.015 16.015 15.846 15.846 15.676 15.506 15.506 15.335 15.335 15.164 15.164 14.993 14.993 14.822 14.822 14.651 14.651 14.651 14.651 14.651 14.822 14.822 15.164 15.335 15.506 15.676 15.846 16.015 16.182 16.350 16.516
25.248 24.384 23.697 23.019 22.514 22.174 21.664 21.327 20.995 20.666 20.337 20.173 19.845 19.679 19.345 19.178 18.844 18.678 18.512 18.181 18.014 17.847 17.680 17.514 17.348 17.182 17.016 16.849 16.683 16.683 16.516 16.350 16.182 16.182 16.015 16.015 15.846 15.846 15.676 15.676 15.506 15.506 15.506 15.335 15.164 15.164 15.164 15.164 15.164 15.164 15.164 15.335 15.506 15.676 16.015 16.182 16.350 16.516 16.683 16.849 17.016 17.348
24.556 23.868 23.357 22.851 22.344 22.004 21.664 21.327 20.995 20.666 20.337 20.173 19.845 19.679 19.512 19.178 19.011 18.844 18.512 18.347 18.181 18.014 17.847 17.680 17.514 17.348 17.182 17.182 17.016 16.849 16.683 16.683 16.516 16.516 16.350 16.350 16.182 16.182 16.015 16.015 16.015 15.846 15.846 15.676 15.676 15.506 15.506 15.506 15.676 15.676 15.846 16.015 16.182 16.350 16.683 16.849 17.016 17.182 17.348 17.514 17.847 18.014
24.212 23.526 23.019 22.683 22.344 21.833 21.664 21.327 20.995 20.666 20.501 20.173 20.010 19.679 19.512 19.345 19.178 18.844 18.678 18.512 18.347 18.181 18.014 17.847 17.680 17.680 17.514 17.348 17.182 17.182 17.016 17.016 16.849 16.849 16.683 16.683 16.516 16.516 16.516 16.350 16.350 16.182 16.182 16.015 16.015 16.015 16.015 16.015 16.182 16.350 16.516 16.683 16.849 17.016 17.348 17.514 17.680 17.847 18.014 18.181 18.512 18.844
23.868 23.357 22.851 22.514 22.174 21.833 21.664 21.327 20.995 20.831 20.501 20.337 20.010 19.845 19.679 19.512 19.178 19.011 18.844 18.678 18.512 18.347 18.181 18.181 18.014 17.847 17.847 17.680 17.514 17.514 17.348 17.348 17.182 17.182 17.016 17.016 16.849 16.849 16.849 16.683 16.683 16.683 16.516 16.516 16.516 16.516 16.516 16.516 16.683 16.849 17.182 17.348 17.514 17.680 18.014 18.181 18.347 18.512 18.678 19.011 19.345 19.679
23.697 23.188 22.851 22.514 22.174 21.833 21.664 21.327 21.161 20.831 20.666 20.337 20.173 20.010 19.845 19.679 19.512 19.178 19.011 18.844 18.844 18.678 18.512 18.347 18.347 18.181 18.014 18.014 17.847 17.847 17.680 17.514 17.514 17.514 17.348 17.348 17.348 17.182 17.182 17.182 17.016 17.016 17.016 17.016 17.016 17.016 17.016 17.182 17.348 17.514 17.847 18.014 18.181 18.512 18.678 18.844 19.011 19.178 19.512 19.679 20.173 20.666
23.526 23.188 22.851 22.514 22.174 22.004 21.664 21.327 21.161 20.995 20.666 20.501 20.337 20.173 20.010 19.845 19.679 19.512 19.345 19.178 19.011 18.844 18.844 18.678 18.512 18.512 18.347 18.181 18.181 18.014 18.014 18.014 17.847 17.847 17.680 17.680 17.680 17.514 17.514 17.514 17.348 17.348 17.348 17.348 17.348 17.514 17.680 17.847 18.014 18.181 18.512 18.678 18.844 19.011 19.345 19.512 19.679 19.845 20.173 20.501 20.995 21.495
23.526 23.188 22.851 22.514 22.174 22.004 21.664 21.495 21.327 20.995 20.831 20.666 20.501 20.337 20.173 20.010 19.845 19.679 19.512 19.345 19.345 19.178 19.011 19.011 18.844 18.678 18.678 18.512 18.512 18.347 18.347 18.347 18.181 18.181 18.181 18.014 18.014 18.014 17.847 17.847 17.847 17.847 17.847 17.847 17.847 18.014 18.181 18.347 18.678 18.844 19.178 19.345 19.512 19.679 20.010 20.173 20.337 20.666 20.995 21.495 22.004 22.514
23.357 23.188 22.851 22.514 22.344 22.004 21.833 21.664 21.327 21.161 20.995 20.831 20.666 20.501 20.337 20.173 20.010 20.010 19.845 19.679 19.512 19.512 19.345 19.178 19.178 19.011 19.011 18.844 18.844 18.844 18.678 18.678 18.512 18.512 18.512 18.512 18.347 18.347 18.347 18.347 18.181 18.181 18.347 18.347 18.512 18.678 18.844 19.011 19.345 19.512 19.845 20.010 20.173 20.501 20.666 20.831 21.161 21.495 21.833 22.344 22.851 23.697
