AvaFrame/avaframe/data/avaSalk/Avaflow_Input_Output/slk_results/slk_ascii/slk_hflow10015.asc
ncols 296
nrows 144
xllcenter 761600.00
yllcenter 8523000.00
cellsize 12.50
NODATA_value -9999.000
[rows 68 to 101 of 144, columns 154 to 230 of 296]
0.000 0.000 0.000 0.000 0.000 0.000 0.000 0.000 0.000 0.000 0.000 0.000 0.000 0.000 0.000 0.001 0.001 0.001 0.001 0.001 0.001 0.002 0.002 0.002 0.002 0.002 0.002 0.002 0.002 0.002 0.003 0.003 0.004 0.004 0.005 0.005 0.006 0.006 0.007 0.007 0.008 0.008 0.009 0.009 0.010 0.010 0.011 0.011 0.013 0.014 0.016 0.017 0.018 0.020 0.023 0.026 0.030 0.035 0.042 0.052 0.068 0.093 0.131 0.182 0.249 0.336 0.442 0.558 0.655 0.721 0.756 0.763 0.737 0.652 0.503 0.367 0.287
0.000 0.000 0.000 0.000 0.000 0.000 0.000 0.000 0.000 0.000 0.000 0.000 0.000 0.001 0.001 0.001 0.001 0.001 0.001 0.001 0.001 0.002 0.002 0.002 0.002 0.002 0.002 0.002 0.002 0.003 0.003 0.004 0.004 0.005 0.005 0.006 0.007 0.007 0.008 0.008 0.009 0.009 0.009 0.010 0.010 0.010 0.011 0.012 0.013 0.015 0.017 0.019 0.021 0.023 0.026 0.031 0.036 0.044 0.055 0.070 0.093 0.130 0.184 0.256 0.347 0.458 0.569 0.663 0.729 0.761 0.766 0.731 0.633 0.486 0.354 0.283 0.243
0.000 0.000 0.000 0.000 0.000 0.000 0.000 0.000 0.000 0.000 0.000 0.001 0.001 0.001 0.001 0.001 0.001 0.001 0.001 0.002 0.002 0.002 0.003 0.003 0.003 0.003 0.002 0.002 0.003 0.003 0.004 0.004 0.005 0.005 0.006 0.007 0.007 0.008 0.008 0.009 0.009 0.009 0.010 0.010 0.010 0.011 0.012 0.013 0.015 0.017 0.019 0.021 0.024 0.027 0.031 0.037 0.045 0.057 0.073 0.096 0.132 0.183 0.256 0.351 0.469 0.587 0.673 0.729 0.759 0.767 0.732 0.634 0.489 0.360 0.283 0.242 0.216
0.000 0.000 0.001 0.001 0.001 0.001 0.001 0.000 0.000 0.000 0.000 0.001 0.001 0.001 0.001 0.001 0.002 0.002 0.002 0.002 0.002 0.003 0.003 0.003 0.003 0.003 0.003 0.003 0.003 0.004 0.004 0.005 0.006 0.006 0.007 0.008 0.008 0.009 0.009 0.009 0.010 0.010 0.010 0.011 0.012 0.013 0.014 0.016 0.017 0.020 0.022 0.025 0.029 0.033 0.038 0.046 0.057 0.074 0.097 0.139 0.195 0.262 0.356 0.479 0.601 0.696 0.753 0.770 0.761 0.731 0.643 0.501 0.374 0.294 0.245 0.214 0.190
0.000 0.001 0.001 0.001 0.001 0.001 0.001 0.001 0.001 0.001 0.001 0.001 0.001 0.001 0.001 0.002 0.002 0.003 0.003 0.003 0.003 0.004 0.004 0.004 0.004 0.004 0.004 0.004 0.004 0.005 0.005 0.006 0.007 0.007 0.008 0.009 0.009 0.009 0.010 0.010 0.011 0.011 0.012 0.012 0.013 0.015 0.017 0.019 0.021 0.024 0.027 0.030 0.036 0.042 0.049 0.058 0.074 0.098 0.136 0.210 0.294 0.375 0.495 0.621 0.704 0.748 0.770 0.771 0.735 0.653 0.521 0.390 0.306 0.252 0.216 0.187 0.162
0.000 0.000 0.001 0.001 0.001 0.001 0.001 0.001 0.001 0.001 0.001 0.001 0.001 0.002 0.002 0.003 0.004 0.005 0.005 0.005 0.005 0.006 0.006 0.005 0.005 0.005 0.005 0.005 0.005 0.005 0.006 0.007 0.007 0.008 0.009 0.009 0.010 0.010 0.011 0.011 0.012 0.012 0.013 0.014 0.016 0.018 0.020 0.023 0.026 0.029 0.033 0.038 0.046 0.056 0.066 0.080 0.106 0.149 0.223 0.350 0.447 0.524 0.621 0.699 0.738 0.750 0.753 0.729 0.652 0.522 0.396 0.314 0.260 0.221 0.191 0.164 0.139
0.000 0.001 0.001 0.001 0.001 0.002 0.002 0.002 0.002 0.002 0.002 0.002 0.002 0.002 0.003 0.005 0.008 0.009 0.010 0.010 0.010 0.010 0.009 0.007 0.007 0.006 0.006 0.006 0.006 0.007 0.007 0.008 0.008 0.009 0.010 0.010 0.011 0.011 0.012 0.012 0.013 0.014 0.016 0.018 0.020 0.022 0.024 0.027 0.031 0.035 0.041 0.049 0.062 0.077 0.095 0.125 0.183 0.293 0.442 0.588 0.665 0.705 0.729 0.734 0.732 0.726 0.703 0.638 0.517 0.393 0.314 0.264 0.226 0.196 0.169 0.143 0.119
0.001 0.001 0.001 0.002 0.002 0.004 0.005 0.005 0.005 0.004 0.004 0.004 0.004 0.004 0.006 0.010 0.017 0.022 0.024 0.024 0.024 0.022 0.016 0.011 0.009 0.009 0.009 0.009 0.009 0.009 0.009 0.009 0.009 0.010 0.011 0.012 0.012 0.013 0.013 0.014 0.015 0.017 0.019 0.022 0.025 0.027 0.030 0.033 0.037 0.043 0.051 0.065 0.085 0.113 0.154 0.229 0.373 0.530 0.638 0.695 0.729 0.757 0.767 0.751 0.719 0.689 0.622 0.515 0.401 0.321 0.270 0.233 0.202 0.174 0.148 0.123 0.101
0.002 0.002 0.002 0.003 0.004 0.008 0.012 0.013 0.012 0.009 0.008 0.008 0.008 0.010 0.014 0.025 0.045 0.062 0.069 0.069 0.067 0.059 0.038 0.020 0.015 0.015 0.014 0.014 0.013 0.013 0.012 0.012 0.011 0.012 0.012 0.013 0.013 0.014 0.015 0.016 0.018 0.021 0.026 0.030 0.033 0.034 0.037 0.040 0.045 0.054 0.067 0.089 0.126 0.187 0.291 0.431 0.554 0.613 0.643 0.662 0.681 0.721 0.755 0.739 0.684 0.618 0.510 0.402 0.332 0.283 0.244 0.208 0.179 0.151 0.124 0.101 0.084
0.004 0.004 0.004 0.005 0.009 0.021 0.037 0.042 0.039 0.026 0.020 0.019 0.021 0.026 0.041 0.071 0.110 0.140 0.157 0.164 0.165 0.153 0.105 0.048 0.030 0.028 0.028 0.028 0.028 0.026 0.023 0.020 0.017 0.016 0.015 0.015 0.015 0.016 0.017 0.019 0.022 0.026 0.034 0.040 0.043 0.044 0.045 0.049 0.056 0.070 0.093 0.133 0.204 0.330 0.471 0.557 0.578 0.573 0.563 0.573 0.604 0.660 0.711 0.693 0.605 0.492 0.392 0.332 0.298 0.267 0.232 0.191 0.152 0.124 0.101 0.082 0.071
0.009 0.009 0.010 0.013 0.026 0.075 0.141 0.162 0.148 0.100 0.069 0.065 0.071 0.092 0.132 0.179 0.220 0.258 0.291 0.312 0.321 0.313 0.244 0.124 0.070 0.062 0.061 0.064 0.071 0.073 0.067 0.056 0.044 0.035 0.026 0.020 0.019 0.019 0.020 0.023 0.027 0.033 0.039 0.045 0.050 0.054 0.056 0.061 0.074 0.098 0.139 0.209 0.323 0.443 0.520 0.550 0.545 0.535 0.543 0.574 0.601 0.647 0.671 0.619 0.502 0.395 0.330 0.298 0.281 0.262 0.233 0.190 0.139 0.104 0.083 0.070 0.063
0.024 0.026 0.031 0.044 0.095 0.226 0.355 0.396 0.375 0.300 0.250 0.242 0.252 0.281 0.326 0.363 0.391 0.431 0.490 0.527 0.538 0.528 0.453 0.268 0.149 0.127 0.129 0.143 0.173 0.203 0.213 0.201 0.176 0.143 0.094 0.048 0.030 0.025 0.026 0.028 0.033 0.039 0.044 0.048 0.054 0.062 0.071 0.083 0.105 0.147 0.216 0.323 0.429 0.491 0.517 0.527 0.533 0.543 0.568 0.593 0.591 0.612 0.610 0.537 0.424 0.343 0.296 0.276 0.269 0.260 0.239 0.200 0.141 0.097 0.075 0.065 0.060
0.093 0.107 0.138 0.209 0.356 0.544 0.671 0.716 0.708 0.660 0.622 0.607 0.599 0.602 0.610 0.615 0.632 0.682 0.770 0.821 0.827 0.804 0.696 0.421 0.244 0.217 0.235 0.285 0.363 0.456 0.532 0.569 0.565 0.520 0.396 0.221 0.105 0.054 0.038 0.036 0.040 0.045 0.049 0.053 0.061 0.074 0.092 0.116 0.156 0.225 0.326 0.427 0.487 0.512 0.521 0.531 0.547 0.569 0.586 0.587 0.567 0.552 0.528 0.462 0.366 0.299 0.261 0.248 0.250 0.256 0.246 0.217 0.156 0.100 0.075 0.065 0.060
0.492 0.535 0.641 0.823 1.029 1.150 1.175 1.170 1.170 1.165 1.139 1.099 1.051 0.996 0.958 0.948 0.963 1.018 1.100 1.143 1.149 1.105 0.893 0.515 0.335 0.324 0.381 0.501 0.662 0.847 1.034 1.184 1.262 1.256 1.097 0.766 0.437 0.227 0.109 0.059 0.049 0.052 0.055 0.062 0.074 0.094 0.124 0.167 0.234 0.331 0.426 0.484 0.513 0.527 0.536 0.551 0.572 0.583 0.582 0.568 0.530 0.481 0.438 0.384 0.311 0.252 0.218 0.208 0.217 0.243 0.252 0.238 0.184 0.114 0.081 0.069 0.062
1.660 1.682 1.807 2.017 2.134 2.116 1.968 1.859 1.821 1.790 1.725 1.647 1.551 1.441 1.382 1.378 1.394 1.416 1.432 1.431 1.409 1.326 0.994 0.579 0.451 0.472 0.589 0.795 1.059 1.355 1.670 1.955 2.173 2.281 2.189 1.801 1.246 0.774 0.425 0.194 0.088 0.065 0.066 0.076 0.097 0.129 0.174 0.241 0.334 0.425 0.482 0.515 0.533 0.545 0.558 0.572 0.579 0.578 0.566 0.534 0.482 0.423 0.370 0.318 0.256 0.204 0.173 0.165 0.174 0.217 0.256 0.259 0.223 0.141 0.095 0.079 0.069
3.433 3.384 3.372 3.408 3.400 3.290 3.034 2.838 2.719 2.562 2.384 2.250 2.119 1.988 1.921 1.915 1.918 1.876 1.786 1.690 1.597 1.447 1.024 0.669 0.617 0.702 0.898 1.192 1.560 1.978 2.425 2.844 3.215 3.484 3.549 3.260 2.583 1.841 1.231 0.687 0.307 0.140 0.094 0.102 0.133 0.182 0.248 0.335 0.420 0.478 0.515 0.539 0.556 0.568 0.577 0.580 0.575 0.562 0.536 0.490 0.432 0.373 0.314 0.257 0.199 0.150 0.124 0.118 0.127 0.175 0.254 0.276 0.256 0.176 0.117 0.095 0.082
4.740 4.661 4.590 4.526 4.472 4.355 4.195 4.029 3.820 3.476 3.167 2.969 2.824 2.708 2.626 2.584 2.554 2.427 2.147 1.917 1.742 1.498 1.069 0.847 0.869 1.041 1.332 1.716 2.181 2.727 3.306 3.819 4.251 4.575 4.708 4.575 4.085 3.359 2.604 1.799 1.018 0.532 0.286 0.175 0.187 0.262 0.345 0.417 0.473 0.511 0.539 0.560 0.575 0.582 0.581 0.575 0.564 0.538 0.496 0.441 0.378 0.315 0.253 0.195 0.144 0.103 0.082 0.077 0.086 0.127 0.239 0.290 0.280 0.213 0.147 0.116 0.091
5.614 5.543 5.493 5.453 5.414 5.333 5.232 5.101 4.903 4.502 4.123 3.893 3.746 3.644 3.566 3.467 3.321 2.956 2.435 2.098 1.850 1.535 1.229 1.159 1.263 1.522 1.904 2.371 2.932 3.616 4.304 4.859 5.253 5.515 5.621 5.546 5.254 4.815 4.264 3.469 2.361 1.501 1.022 0.655 0.366 0.330 0.435 0.481 0.508 0.534 0.556 0.575 0.589 0.590 0.577 0.560 0.538 0.505 0.452 0.383 0.317 0.253 0.196 0.145 0.103 0.072 0.057 0.055 0.063 0.104 0.225 0.298 0.299 0.249 0.176 0.127 0.091
6.355 6.311 6.291 6.276 6.259 6.224 6.166 6.075 5.918 5.611 5.285 5.076 4.937 4.848 4.680 4.343 3.903 3.286 2.640 2.214 1.919 1.683 1.570 1.636 1.851 2.197 2.652 3.185 3.844 4.654 5.396 5.918 6.181 6.303 6.337 6.281 6.120 5.895 5.567 4.959 3.913 2.910 2.381 1.966 1.323 0.618 0.455 0.521 0.539 0.551 0.566 0.592 0.603 0.594 0.565 0.530 0.497 0.457 0.393 0.321 0.261 0.208 0.160 0.116 0.081 0.059 0.050 0.050 0.060 0.107 0.227 0.303 0.308 0.264 0.183 0.125 0.085
6.995 6.984 7.007 7.029 7.038 7.041 7.013 6.951 6.838 6.650 6.449 6.307 6.188 5.949 5.508 4.908 4.215 3.439 2.777 2.315 2.060 2.003 2.084 2.303 2.656 3.112 3.638 4.256 4.979 5.823 6.463 6.850 6.981 7.004 6.964 6.903 6.761 6.606 6.348 5.816 4.985 4.170 3.771 3.585 3.171 1.989 0.711 0.489 0.556 0.557 0.571 0.605 0.612 0.585 0.529 0.471 0.429 0.389 0.335 0.274 0.223 0.176 0.135 0.100 0.073 0.057 0.052 0.053 0.069 0.126 0.243 0.306 0.310 0.265 0.174 0.112 0.073
7.555 7.589 7.645 7.680 7.691 7.693 7.693 7.670 7.605 7.509 7.421 7.306 7.131 6.637 5.931 5.148 4.356 3.562 2.955 2.566 2.450 2.547 2.811 3.199 3.703 4.305 4.977 5.695 6.377 7.083 7.514 7.749 7.744 7.710 7.612 7.480 7.264 7.046 6.716 6.160 5.586 5.078 4.773 4.644 4.533 4.009 2.202 0.663 0.506 0.565 0.585 0.610 0.607 0.551 0.456 0.390 0.361 0.338 0.302 0.255 0.201 0.149 0.110 0.084 0.069 0.060 0.058 0.065 0.093 0.166 0.268 0.312 0.310 0.250 0.151 0.092 0.060
8.126 8.146 8.176 8.186 8.183 8.181 8.182 8.187 8.208 8.220 8.200 8.078 7.705 6.934 6.026 5.167 4.415 3.766 3.334 3.127 3.139 3.347 3.789 4.347 5.053 5.830 6.663 7.389 7.976 8.402 8.550 8.652 8.532 8.454 8.297 7.999 7.715 7.383 6.928 6.327 5.888 5.561 5.327 5.207 5.111 4.985 4.126 1.952 0.619 0.547 0.604 0.604 0.567 0.473 0.372 0.332 0.320 0.312 0.292 0.251 0.185 0.123 0.086 0.069 0.064 0.064 0.069 0.087 0.131 0.220 0.296 0.322 0.304 0.209 0.115 0.070 0.050
8.837 8.636 8.590 8.571 8.577 8.581 8.582 8.604 8.674 8.741 8.754 8.514 7.871 6.970 5.931 5.100 4.549 4.194 4.029 4.009 4.127 4.455 5.038 5.788 6.728 7.569 8.340 8.934 9.337 9.622 9.558 9.651 9.445 9.241 8.929 8.471 8.113 7.680 7.157 6.530 6.032 5.720 5.519 5.394 5.244 5.074 4.704 3.392 1.399 0.604 0.595 0.571 0.474 0.372 0.314 0.301 0.305 0.306 0.293 0.247 0.160 0.096 0.068 0.059 0.059 0.062 0.075 0.108 0.180 0.275 0.324 0.330 0.269 0.147 0.080 0.053 0.044
9.423 8.940 8.823 8.758 8.731 8.757 8.817 8.921 9.077 9.160 9.061 8.602 7.784 6.837 5.839 5.210 4.986 4.943 5.016 5.169 5.434 5.857 6.504 7.365 8.277 9.003 9.714 10.174 10.430 10.626 10.534 10.440 10.181 9.880 9.518 9.028 8.568 8.036 7.516 6.856 6.186 5.751 5.503 5.349 5.168 4.916 4.523 3.795 2.292 0.957 0.535 0.469 0.372 0.304 0.281 0.284 0.302 0.312 0.303 0.247 0.141 0.078 0.061 0.058 0.058 0.060 0.073 0.119 0.218 0.317 0.344 0.325 0.230 0.114 0.065 0.046 0.041
9.518 9.084 8.941 8.935 8.925 8.940 8.961 9.113 9.314 9.334 9.065 8.520 7.631 6.768 6.074 5.815 5.878 6.054 6.314 6.613 6.995 7.408 7.991 8.780 9.524 10.149 10.840 11.177 11.399 11.438 11.304 11.053 10.739 10.322 10.006 9.633 9.188 8.542 7.974 7.277 6.500 5.790 5.360 5.131 4.895 4.559 4.134 3.567 2.727 1.498 0.628 0.364 0.288 0.258 0.254 0.267 0.302 0.325 0.323 0.260 0.138 0.074 0.060 0.060 0.060 0.059 0.069 0.116 0.229 0.333 0.354 0.323 0.219 0.111 0.064 0.046 0.041
9.468 9.154 9.041 9.083 9.015 9.040 9.062 9.232 9.334 9.303 8.913 8.344 7.619 7.097 6.902 7.035 7.259 7.561 7.876 8.145 8.525 8.905 9.333 9.973 10.516 11.051 11.680 11.967 12.052 12.083 11.855 11.510 11.108 10.736 10.429 10.149 9.791 9.113 8.473 7.760 6.956 5.968 5.219 4.723 4.363 4.036 3.628 3.140 2.599 1.814 0.874 0.377 0.253 0.226 0.227 0.249 0.299 0.331 0.331 0.272 0.147 0.082 0.065 0.065 0.066 0.063 0.067 0.105 0.213 0.324 0.350 0.323 0.224 0.121 0.072 0.051 0.042
9.384 9.173 9.124 9.177 9.044 9.031 9.041 9.160 9.083 9.072 8.867 8.481 8.203 8.190 8.438 8.752 8.956 9.095 9.278 9.387 9.743 10.175 10.502 11.016 11.305 11.692 12.229 12.580 12.546 12.528 12.226 11.771 11.470 11.153 10.857 10.605 10.276 9.619 8.939 8.181 7.296 6.165 5.232 4.465 3.803 3.379 2.979 2.536 2.186 1.776 1.103 0.502 0.261 0.218 0.217 0.238 0.290 0.325 0.327 0.281 0.175 0.115 0.095 0.084 0.074 0.072 0.074 0.096 0.179 0.293 0.334 0.318 0.239 0.143 0.092 0.064 0.049
9.211 9.144 9.152 9.180 8.988 8.853 8.847 8.840 8.742 8.869 8.971 9.140 9.332 9.612 9.995 10.161 10.278 10.243 10.347 10.406 10.716 11.030 11.398 11.769 11.927 12.153 12.546 12.921 12.893 12.784 12.561 12.072 11.832 11.556 11.316 11.186 10.910 10.246 9.429 8.547 7.480 6.275 5.254 4.398 3.584 3.016 2.529 2.075 1.777 1.559 1.215 0.685 0.345 0.257 0.251 0.267 0.306 0.333 0.334 0.312 0.285 0.287 0.279 0.232 0.142 0.095 0.090 0.102 0.154 0.249 0.298 0.299 0.257 0.179 0.122 0.086 0.061
8.992 9.087 9.112 9.082 8.848 8.583 8.493 8.467 8.409 8.656 9.055 9.733 10.241 10.614 10.942 10.977 11.124 11.011 11.060 11.085 11.287 11.502 11.839 12.047 12.246 12.361 12.698 13.023 13.001 12.913 12.683 12.342 12.166 12.155 12.133 12.101 12.062 11.546 10.439 9.117 7.634 6.350 5.255 4.357 3.577 2.964 2.410 1.962 1.673 1.477 1.281 0.990 0.735 0.669 0.688 0.690 0.649 0.640 0.659 0.758 0.981 1.145 1.175 1.064 0.729 0.331 0.158 0.125 0.147 0.197 0.244 0.263 0.254 0.215 0.164 0.117 0.079
8.716 8.878 8.952 8.881 8.581 8.256 8.107 8.114 8.087 8.386 8.995 9.877 10.671 11.169 11.415 11.392 11.463 11.353 11.393 11.457 11.616 11.696 11.919 12.040 12.291 12.351 12.655 12.881 12.945 12.891 12.695 12.518 12.364 12.457 12.541 12.734 12.879 12.561 11.595 10.165 8.127 6.419 5.226 4.322 3.628 3.037 2.485 2.075 1.825 1.712 1.798 2.119 2.413 2.535 2.531 2.396 2.169 2.081 2.108 2.312 2.695 2.912 2.971 2.911 2.511 1.684 0.849 0.360 0.181 0.153 0.179 0.212 0.233 0.227 0.198 0.153 0.105
8.278 8.446 8.535 8.492 8.235 7.885 7.759 7.749 7.719 7.973 8.670 9.721 10.701 11.260 11.479 11.513 11.496 11.327 11.456 11.452 11.625 11.734 11.880 11.868 12.084 12.114 12.322 12.396 12.532 12.480 12.446 12.303 12.320 12.457 12.688 12.963 12.970 12.740 11.977 10.768 8.788 6.679 5.161 4.276 3.655 3.149 2.731 2.480 2.428 2.680 3.307 4.213 4.892 5.134 5.133 4.987 4.728 4.582 4.546 4.632 4.762 4.807 4.802 4.761 4.650 4.130 2.944 1.509 0.542 0.191 0.140 0.159 0.196 0.215 0.209 0.180 0.136
7.635 7.872 7.972 7.964 7.755 7.438 7.257 7.193 7.186 7.371 7.928 9.026 10.106 10.675 10.852 10.827 10.747 10.615 10.768 10.920 11.123 11.291 11.438 11.373 11.498 11.405 11.164 10.911 10.999 10.962 11.037 11.034 11.391 11.855 12.145 12.283 12.270 12.143 11.596 10.528 8.869 6.806 5.076 4.134 3.591 3.200 2.968 2.908 3.117 3.766 4.741 5.690 6.334 6.657 6.719 6.700 6.676 6.694 6.699 6.722 6.656 6.599 6.494 6.361 6.204 5.824 4.862 3.128 1.361 0.427 0.154 0.131 0.153 0.185 0.199 0.190 0.161
6.670 6.898 6.991 7.090 6.980 6.774 6.576 6.460 6.426 6.537 6.945 7.815 8.555 8.912 9.055 9.094 9.003 8.986 8.982 9.098 9.229 9.382 9.449 9.346 9.313 9.132 8.762 8.422 8.341 8.273 8.375 8.671 9.365 10.009 10.287 10.325 10.356 10.286 9.960 9.178 8.010 6.402 4.731 3.805 3.400 3.159 3.076 3.140 3.504 4.296 5.440 6.498 7.217 7.673 7.877 8.061 8.308 8.495 8.591 8.637 8.547 8.470 8.285 8.031 7.654 7.040 5.993 4.190 2.175 0.892 0.291 0.135 0.127 0.144 0.171 0.181 0.171
4.625 4.820 5.017 5.307 5.454 5.406 5.286 5.214 5.214 5.360 5.687 6.095 6.329 6.382 6.323 6.299 6.261 6.328 6.234 6.175 6.137 6.103 5.955 5.766 5.618 5.509 5.341 5.129 5.062 5.103 5.364 5.805 6.560 7.196 7.543 7.666 7.638 7.407 7.181 6.901 6.174 4.791 3.610 3.138 3.005 2.987 3.054 3.232 3.706 4.582 5.831 7.079 7.962 8.602 8.999 9.417 9.937 10.247 10.341 10.335 10.276 10.161 9.984 9.600 9.087 8.287 7.044 5.058 3.041 1.595 0.679 0.248 0.134 0.130 0.148 0.167 0.175
