AvaFrame/avaframe/data/avaSalk/Avaflow_Input_Output/slk_results/slk_ascii/slk_hflow_max0005.asc
ncols 296
nrows 144
xllcenter 761600.00
yllcenter 8523000.00
cellsize 12.50
NODATA_value -9999.000
[rows 68 to 101 of 144, columns 154 to 230 of 296]
0.000 0.000 0.000 0.000 0.000 0.000 0.000 0.000 0.000 0.000 0.000 0.000 0.000 0.000 0.000 0.000 0.000 0.000 0.001 0.001 0.001 0.001 0.002 0.002 0.003 0.003 0.004 0.005 0.007 0.010 0.014 0.019 0.028 0.043 0.067 0.110 0.187 0.328 0.584 1.017 1.632 2.343 3.057 3.718 4.308 4.842 5.322 5.681 5.861 6.006 6.037 6.082 6.180 6.568 6.751 7.020 7.448 7.832 8.276 8.855 9.416 9.860 10.151 10.224 10.075 9.795 9.484 9.238 9.311 9.375 9.373 9.229 9.173 8.855 8.324 7.749 7.401
0.000 0.000 0.000 0.000 0.000 0.000 0.000 0.000 0.000 0.000 0.000 0.000 0.000 0.000 0.000 0.000 0.001 0.001 0.001 0.001 0.001 0.002 0.002 0.003 0.004 0.005 0.006 0.008 0.011 0.015 0.022 0.032 0.048 0.077 0.126 0.217 0.387 0.691 1.160 1.737 2.400 3.075 3.686 4.220 4.688 5.054 5.298 5.493 5.666 5.852 6.047 6.375 6.620 6.737 7.108 7.491 7.922 8.443 8.942 9.423 9.862 10.161 10.353 10.375 10.264 10.024 9.686 9.730 9.877 9.822 9.612 9.416 9.010 8.374 7.714 7.351 7.440
0.000 0.000 0.000 0.000 0.000 0.000 0.000 0.000 0.000 0.000 0.000 0.000 0.000 0.000 0.000 0.001 0.001 0.001 0.001 0.001 0.002 0.002 0.003 0.004 0.006 0.007 0.009 0.012 0.017 0.024 0.035 0.054 0.085 0.141 0.242 0.434 0.774 1.289 1.891 2.522 3.118 3.670 4.140 4.558 4.833 5.022 5.225 5.528 5.911 6.102 6.560 6.773 6.897 7.204 7.447 7.821 8.368 9.082 9.818 10.219 10.374 10.418 10.428 10.449 10.417 10.262 10.283 10.258 10.278 10.142 9.890 9.374 8.529 7.683 7.231 7.210 7.521
0.000 0.000 0.000 0.000 0.000 0.000 0.000 0.000 0.000 0.000 0.000 0.000 0.000 0.000 0.001 0.001 0.001 0.001 0.001 0.002 0.002 0.003 0.004 0.006 0.008 0.011 0.014 0.019 0.027 0.039 0.059 0.094 0.155 0.264 0.468 0.830 1.350 1.949 2.604 3.288 3.855 4.247 4.519 4.715 4.838 5.259 5.674 6.100 6.360 6.815 7.062 7.254 7.609 7.703 7.845 8.237 8.859 9.797 10.698 11.141 11.124 10.776 10.597 10.527 10.513 10.661 10.780 10.725 10.499 10.383 9.949 8.991 7.884 7.258 7.116 7.256 7.555
0.000 0.000 0.000 0.000 0.000 0.000 0.000 0.000 0.000 0.000 0.000 0.000 0.000 0.001 0.001 0.001 0.001 0.001 0.002 0.002 0.003 0.005 0.007 0.009 0.012 0.016 0.021 0.030 0.043 0.065 0.102 0.168 0.285 0.499 0.877 1.410 2.000 2.632 3.237 3.865 4.402 4.698 4.791 4.939 5.385 5.987 6.261 6.721 7.080 7.288 7.534 7.848 8.195 8.250 8.336 8.704 9.426 10.670 11.522 11.932 11.849 11.264 10.786 10.630 10.690 10.833 10.929 10.873 10.710 10.333 9.589 8.364 7.623 7.276 7.279 7.373 7.500
0.000 0.000 0.000 0.000 0.000 0.000 0.000 0.000 0.000 0.000 0.000 0.001 0.001 0.001 0.001 0.001 0.001 0.002 0.003 0.003 0.005 0.007 0.010 0.014 0.018 0.023 0.032 0.047 0.071 0.110 0.180 0.305 0.536 0.933 1.484 2.090 2.731 3.277 3.841 4.334 4.720 4.963 5.264 5.712 6.371 6.584 7.058 7.246 7.413 7.639 8.010 8.427 8.755 8.808 8.960 9.371 10.457 11.585 12.146 12.339 12.269 11.772 10.964 10.744 10.719 10.805 10.922 10.873 10.586 9.842 8.887 7.968 7.606 7.474 7.487 7.490 7.478
0.000 0.000 0.000 0.000 0.000 0.000 0.000 0.000 0.000 0.001 0.001 0.001 0.001 0.001 0.001 0.002 0.002 0.003 0.004 0.006 0.008 0.011 0.015 0.020 0.026 0.036 0.051 0.076 0.118 0.192 0.324 0.569 0.987 1.573 2.203 2.795 3.348 3.911 4.350 4.736 5.071 5.554 6.114 6.814 7.058 7.520 7.542 7.555 7.700 7.982 8.407 8.914 9.415 9.733 10.083 10.671 11.524 12.089 12.357 12.437 12.420 12.077 11.205 10.833 10.702 10.743 10.731 10.550 10.023 9.085 8.351 7.914 7.738 7.722 7.685 7.586 7.433
0.000 0.000 0.000 0.000 0.000 0.001 0.001 0.001 0.001 0.001 0.001 0.001 0.001 0.001 0.002 0.003 0.004 0.005 0.007 0.010 0.014 0.018 0.023 0.030 0.040 0.056 0.082 0.126 0.203 0.341 0.595 1.020 1.594 2.267 2.876 3.433 3.968 4.420 4.808 5.210 5.779 6.458 7.117 7.506 7.876 7.940 7.812 7.743 7.897 8.212 8.653 9.188 10.291 11.247 11.799 12.036 11.978 12.126 12.280 12.365 12.309 11.986 11.467 10.980 10.686 10.548 10.360 9.966 9.367 8.629 8.148 7.998 7.949 7.874 7.780 7.631 7.288
0.001 0.001 0.001 0.001 0.001 0.001 0.001 0.001 0.001 0.001 0.001 0.001 0.002 0.002 0.003 0.005 0.007 0.010 0.014 0.019 0.025 0.030 0.037 0.047 0.063 0.089 0.134 0.214 0.358 0.619 1.044 1.599 2.259 2.861 3.509 4.096 4.549 4.960 5.434 6.008 6.652 7.272 7.791 8.037 8.310 8.235 7.990 7.907 8.067 8.395 8.866 10.096 11.378 12.358 12.914 12.762 12.271 12.000 12.045 11.940 11.758 11.537 11.395 11.055 10.638 10.263 9.875 9.390 8.969 8.606 8.421 8.346 8.261 8.070 7.748 7.421 7.012
0.001 0.001 0.001 0.001 0.001 0.001 0.001 0.001 0.001 0.001 0.002 0.002 0.003 0.004 0.006 0.009 0.013 0.020 0.028 0.038 0.046 0.053 0.062 0.077 0.101 0.145 0.227 0.380 0.653 1.075 1.635 2.271 2.840 3.557 4.196 4.738 5.308 5.814 6.372 6.918 7.398 7.855 8.130 8.331 8.515 8.487 8.286 8.167 8.290 8.653 9.720 11.063 12.123 12.758 13.057 13.076 12.518 11.701 11.309 11.054 10.978 11.028 11.052 10.857 10.446 9.902 9.461 9.099 8.945 8.921 8.899 8.812 8.599 8.249 7.685 7.144 6.604
0.002 0.002 0.002 0.002 0.002 0.002 0.002 0.002 0.002 0.002 0.003 0.004 0.005 0.008 0.012 0.018 0.028 0.043 0.062 0.077 0.089 0.096 0.107 0.124 0.163 0.248 0.408 0.692 1.110 1.684 2.323 2.947 3.708 4.379 5.004 5.631 6.246 6.791 7.302 7.727 8.037 8.258 8.375 8.482 8.571 8.597 8.492 8.458 8.732 9.288 10.592 11.737 12.435 12.758 12.913 12.979 12.335 11.102 10.422 10.198 10.344 10.623 10.743 10.547 10.183 9.595 9.185 9.190 9.380 9.444 9.405 9.248 8.943 8.372 7.476 6.747 6.229
0.006 0.006 0.006 0.006 0.006 0.004 0.004 0.003 0.003 0.004 0.005 0.007 0.010 0.016 0.025 0.040 0.062 0.098 0.133 0.150 0.151 0.152 0.166 0.193 0.280 0.457 0.747 1.150 1.743 2.381 3.134 3.973 4.733 5.424 6.066 6.683 7.219 7.732 8.097 8.381 8.428 8.463 8.488 8.565 8.686 8.852 8.896 9.021 9.502 10.522 11.524 12.128 12.387 12.577 12.649 12.458 11.642 10.371 9.771 9.844 10.182 10.365 10.490 10.270 9.882 9.530 9.335 9.459 9.727 9.823 9.801 9.607 9.251 8.355 7.185 6.490 6.161
0.022 0.022 0.023 0.023 0.021 0.014 0.008 0.006 0.006 0.007 0.009 0.013 0.020 0.033 0.053 0.087 0.139 0.199 0.233 0.225 0.211 0.215 0.239 0.325 0.514 0.817 1.234 1.830 2.462 3.368 4.293 5.160 5.879 6.512 7.105 7.638 8.129 8.433 8.712 8.837 8.760 8.633 8.584 8.666 8.823 9.047 9.354 9.798 10.671 11.554 12.051 12.251 12.277 12.279 12.083 11.610 10.657 9.840 9.717 9.904 10.128 10.191 10.221 10.010 9.624 9.391 9.359 9.534 9.897 10.052 10.052 9.896 9.289 8.058 6.966 6.465 6.420
0.095 0.096 0.098 0.096 0.085 0.058 0.030 0.018 0.014 0.014 0.017 0.025 0.040 0.065 0.109 0.186 0.259 0.297 0.291 0.275 0.270 0.291 0.390 0.593 0.894 1.337 1.943 2.702 3.685 4.704 5.610 6.419 7.024 7.471 7.913 8.383 8.732 8.907 9.087 9.116 8.997 8.856 8.803 8.879 9.112 9.469 9.950 10.740 11.535 12.041 12.255 12.263 12.211 11.992 11.433 10.735 10.003 9.846 10.008 10.058 10.137 10.057 9.978 9.741 9.445 9.243 9.181 9.458 9.899 10.087 10.123 9.885 8.992 7.729 6.938 6.726 6.623
0.368 0.361 0.358 0.346 0.305 0.222 0.131 0.074 0.046 0.039 0.042 0.053 0.079 0.127 0.218 0.315 0.353 0.339 0.318 0.322 0.347 0.481 0.699 1.015 1.516 2.090 3.046 4.085 5.141 6.111 6.966 7.661 8.196 8.537 8.667 8.890 9.122 9.243 9.302 9.312 9.223 9.117 9.167 9.397 9.662 10.136 10.678 11.291 11.867 12.229 12.305 12.317 12.108 11.613 10.853 10.183 10.062 10.188 10.321 10.248 10.221 10.060 9.821 9.538 9.249 9.076 9.050 9.381 9.983 10.213 10.109 9.651 8.561 7.490 6.895 6.842 6.757
1.091 1.069 1.053 1.005 0.891 0.706 0.483 0.300 0.185 0.137 0.129 0.140 0.179 0.264 0.361 0.404 0.390 0.363 0.365 0.440 0.605 0.843 1.233 1.739 2.485 3.469 4.548 5.680 6.688 7.565 8.312 8.920 9.342 9.529 9.495 9.350 9.402 9.471 9.494 9.447 9.436 9.517 9.719 10.170 10.673 11.014 11.268 11.601 11.973 12.178 12.317 12.222 11.954 11.236 10.598 10.332 10.432 10.523 10.615 10.508 10.340 10.129 9.812 9.452 9.072 8.838 8.940 9.507 10.145 10.397 10.211 9.517 8.233 7.238 6.884 6.870 6.674
2.553 2.532 2.509 2.401 2.167 1.824 1.399 0.965 0.635 0.467 0.412 0.405 0.433 0.480 0.508 0.480 0.426 0.447 0.593 0.818 1.134 1.545 2.098 2.891 3.868 5.021 6.208 7.355 8.458 9.264 9.732 9.981 10.148 10.195 10.131 9.906 9.660 9.634 9.593 9.594 9.735 10.121 10.564 10.949 11.364 11.687 11.832 11.738 11.917 12.068 12.162 11.951 11.693 11.075 10.652 10.667 10.858 10.908 10.924 10.840 10.562 10.253 9.864 9.365 8.922 8.829 9.056 9.758 10.481 10.666 10.385 9.402 7.941 7.085 6.862 6.748 6.387
4.587 4.602 4.570 4.426 4.143 3.701 3.100 2.393 1.730 1.321 1.135 1.039 0.961 0.851 0.715 0.573 0.691 0.902 1.189 1.566 2.011 2.600 3.375 4.359 5.440 6.642 7.899 9.032 9.973 10.673 10.887 10.796 10.648 10.577 10.417 10.216 9.989 9.805 9.774 9.918 10.109 10.621 11.206 11.631 11.862 12.019 12.098 11.986 11.798 11.857 11.833 11.700 11.581 11.145 10.809 10.971 11.236 11.305 11.291 11.186 10.899 10.514 10.019 9.390 9.028 9.029 9.380 10.185 10.952 11.024 10.584 9.295 7.796 6.909 6.689 6.444 5.912
6.311 6.241 6.163 6.014 5.722 5.311 4.854 4.324 3.649 2.976 2.485 2.142 1.789 1.374 0.992 1.117 1.368 1.681 2.067 2.549 3.170 3.924 4.818 6.011 7.246 8.404 9.441 10.317 10.909 11.345 11.493 11.348 10.997 10.761 10.597 10.350 10.178 10.183 10.195 10.392 10.494 10.895 11.517 12.011 12.150 12.144 12.110 12.116 11.673 11.559 11.599 11.578 11.580 11.249 11.002 11.234 11.594 11.708 11.653 11.461 11.228 10.815 10.164 9.509 9.337 9.487 10.000 10.866 11.427 11.244 10.668 9.114 7.549 6.731 6.411 6.022 5.306
7.679 7.554 7.454 7.234 6.813 6.375 6.016 5.671 5.231 4.506 3.549 2.860 2.342 1.845 1.764 1.981 2.243 2.588 3.038 3.626 4.387 5.343 6.368 7.516 8.733 9.801 10.609 11.125 11.403 11.522 11.554 11.537 11.234 10.904 10.646 10.301 10.252 10.365 10.419 10.690 10.906 11.120 11.633 12.023 12.193 12.244 12.001 11.740 11.410 11.387 11.457 11.522 11.575 11.323 11.180 11.441 11.875 12.080 11.999 11.694 11.315 10.746 10.019 9.702 9.749 10.048 10.697 11.494 11.784 11.510 10.530 8.841 7.335 6.550 6.102 5.519 4.657
8.930 8.679 8.502 8.141 7.561 7.118 6.817 6.540 6.140 5.480 4.483 3.359 2.611 2.408 2.615 2.847 3.112 3.487 3.994 4.690 5.610 6.793 8.003 9.115 10.058 10.794 11.339 11.621 11.632 11.542 11.533 11.466 11.115 10.800 10.573 10.362 10.381 10.491 10.584 10.848 11.198 11.401 11.657 11.839 12.031 12.208 11.959 11.332 11.123 11.297 11.366 11.435 11.565 11.530 11.441 11.685 12.186 12.391 12.263 11.910 11.409 10.618 9.928 9.799 10.103 10.653 11.378 11.946 11.891 11.533 10.181 8.411 7.050 6.357 5.757 4.966 4.065
9.933 9.537 9.288 8.810 8.220 7.746 7.478 7.197 6.787 6.163 5.015 3.597 2.827 2.945 3.179 3.517 3.916 4.414 5.037 5.842 6.998 8.253 9.430 10.431 11.110 11.446 11.670 11.822 11.747 11.617 11.470 11.195 10.800 10.524 10.399 10.420 10.499 10.523 10.594 10.897 11.324 11.494 11.603 11.693 11.795 11.953 11.804 11.357 11.133 11.259 11.403 11.386 11.554 11.756 11.865 12.136 12.532 12.651 12.515 12.135 11.380 10.422 9.790 9.852 10.202 10.888 11.694 12.115 12.038 11.350 9.760 8.067 6.893 6.075 5.277 4.418 3.586
10.859 10.090 9.755 9.386 8.751 8.286 7.982 7.731 7.383 6.803 5.489 3.920 3.414 3.306 3.601 4.096 4.686 5.334 6.137 7.156 8.621 9.923 10.756 11.292 11.696 11.881 11.922 11.882 11.847 11.615 11.159 10.803 10.585 10.432 10.275 10.302 10.430 10.513 10.538 10.807 11.154 11.389 11.529 11.596 11.500 11.575 11.583 11.512 11.374 11.351 11.490 11.418 11.569 11.926 12.308 12.790 13.053 13.046 12.737 12.166 11.162 10.156 9.744 9.741 10.046 10.769 11.570 11.883 11.797 10.964 9.387 7.820 6.717 5.696 4.706 3.836 3.167
11.489 10.441 10.061 9.691 9.111 8.679 8.395 8.163 7.821 7.219 5.851 4.971 4.602 4.421 4.443 4.699 5.433 6.242 7.220 8.400 9.827 10.992 11.675 11.938 12.053 12.088 12.077 11.965 11.853 11.580 10.902 10.527 10.448 10.385 10.222 10.153 10.213 10.380 10.549 10.755 10.909 11.089 11.291 11.369 11.198 11.127 11.227 11.460 11.639 11.596 11.612 11.593 11.705 12.163 12.771 13.304 13.539 13.468 13.089 12.274 10.942 9.882 9.550 9.699 9.940 10.408 10.966 11.408 11.264 10.444 9.079 7.803 6.611 5.356 4.136 3.269 2.753
11.426 10.497 10.500 10.171 9.761 9.470 9.243 9.088 8.744 7.912 7.067 6.654 6.490 6.527 6.704 7.059 7.468 7.827 8.491 9.700 10.713 11.440 11.987 12.186 12.194 12.161 12.141 12.041 11.773 11.310 10.740 10.454 10.333 10.271 10.131 10.106 10.077 10.310 10.464 10.594 10.692 10.703 10.854 11.025 10.982 10.735 10.925 11.361 11.702 11.850 11.818 11.786 11.945 12.490 13.189 13.619 13.689 13.562 13.204 12.077 10.528 9.620 9.481 9.587 9.883 10.017 10.281 10.572 10.460 9.841 8.844 7.712 6.460 5.018 3.680 2.822 2.416
10.560 11.059 11.277 11.178 10.912 10.649 10.485 10.392 10.094 9.677 9.354 9.232 9.533 9.992 10.300 10.620 11.003 11.276 11.540 11.819 12.148 12.633 12.991 13.219 13.241 13.018 12.149 11.997 11.509 10.781 10.464 10.328 10.170 10.051 10.021 10.051 10.016 10.115 10.310 10.394 10.401 10.299 10.444 10.630 10.751 10.600 10.729 11.187 11.594 11.862 12.000 12.019 12.196 12.706 13.292 13.501 13.564 13.389 12.744 11.446 10.203 9.484 9.374 9.623 9.856 9.809 9.659 9.518 9.406 9.051 8.389 7.459 6.184 4.692 3.417 2.627 2.275
11.059 11.745 11.866 11.858 11.787 11.798 11.889 12.055 12.297 12.803 12.960 13.180 13.831 14.344 14.512 14.500 14.586 14.616 14.730 14.799 14.831 14.823 15.031 14.956 14.769 14.603 14.149 12.441 10.892 10.282 10.079 9.992 9.921 9.785 9.760 9.817 9.815 9.874 10.006 10.146 10.116 9.977 10.161 10.256 10.302 10.373 10.582 10.900 11.357 11.716 12.000 12.168 12.382 12.786 13.039 13.175 13.093 12.743 11.934 10.732 9.925 9.512 9.499 9.654 9.710 9.675 9.254 8.611 8.321 8.131 7.736 6.997 5.792 4.415 3.274 2.591 2.281
11.896 12.198 12.252 12.211 12.286 12.638 13.133 13.669 14.405 15.663 16.558 17.094 17.317 17.342 17.294 17.186 17.157 17.186 17.344 17.378 17.300 17.200 16.487 15.919 15.681 15.405 15.200 14.636 13.138 11.298 9.960 9.492 9.475 9.431 9.412 9.523 9.522 9.493 9.619 9.782 9.876 9.836 9.936 10.003 9.890 9.969 10.287 10.625 11.067 11.507 11.918 12.146 12.372 12.601 12.707 12.684 12.455 11.949 11.101 10.130 9.689 9.588 9.763 9.899 9.706 9.429 8.929 8.071 7.511 7.288 6.989 6.377 5.411 4.210 3.214 2.596 2.310
12.186 12.401 12.522 12.533 12.732 13.165 13.784 14.627 15.664 17.291 18.769 19.336 19.528 19.465 19.459 19.624 19.801 19.734 19.843 19.767 19.414 18.801 17.814 16.738 16.033 15.720 15.523 15.401 14.963 14.112 13.159 12.667 12.623 12.428 11.781 10.696 9.414 9.223 9.252 9.408 9.532 9.607 9.639 9.641 9.544 9.569 9.930 10.332 10.812 11.232 11.737 12.034 12.138 12.269 12.264 12.119 11.699 11.047 10.227 9.690 9.470 9.665 9.952 10.077 9.881 9.336 8.522 7.729 7.079 6.648 6.255 5.720 4.987 4.055 3.191 2.603 2.325
12.182 12.503 12.666 12.826 13.022 13.328 13.842 14.663 15.850 17.841 19.750 20.655 20.992 21.206 21.199 21.374 21.558 21.455 21.771 21.721 21.269 20.242 18.937 17.754 16.661 15.951 15.761 15.850 15.852 15.559 15.051 14.548 14.498 14.577 14.572 14.493 13.911 11.970 9.336 9.131 9.107 9.168 9.218 9.229 9.167 9.324 9.619 10.051 10.533 10.934 11.432 11.780 11.879 11.856 11.725 11.420 10.846 10.238 9.596 9.284 9.292 9.724 10.010 10.135 10.010 9.382 8.337 7.443 6.820 6.286 5.708 5.171 4.596 3.885 3.154 2.604 2.320
11.883 12.253 12.591 12.878 13.051 13.328 13.648 14.248 15.390 17.373 19.619 20.793 21.240 21.417 21.432 21.497 21.722 21.711 21.987 22.224 22.120 21.439 20.296 18.646 16.985 15.981 15.543 15.485 15.622 15.643 15.335 14.994 15.085 15.044 15.019 14.724 14.592 13.997 12.512 9.875 8.965 8.676 8.597 8.686 8.780 9.039 9.287 9.714 10.205 10.585 11.021 11.340 11.449 11.346 11.076 10.706 10.239 9.661 9.157 8.939 9.207 9.659 9.917 10.110 10.014 9.488 8.413 7.276 6.590 5.987 5.317 4.741 4.273 3.722 3.114 2.602 2.310
11.123 11.736 12.214 12.604 12.870 13.119 13.400 13.943 14.871 16.503 18.560 19.953 20.732 21.055 21.017 21.057 21.046 21.096 21.260 21.721 21.814 21.395 20.352 18.810 17.105 15.660 14.544 14.089 14.215 14.484 14.751 14.893 15.065 15.050 14.662 14.121 13.674 13.473 12.904 11.661 9.241 8.379 8.047 8.095 8.424 8.694 8.922 9.316 9.804 10.227 10.569 10.807 10.868 10.794 10.520 10.114 9.744 9.247 8.904 8.778 9.161 9.556 9.828 9.987 9.919 9.507 8.524 7.252 6.210 5.493 4.861 4.340 3.955 3.538 3.071 2.637 2.327
9.750 10.475 11.196 11.794 12.210 12.552 12.881 13.320 14.149 15.613 17.001 18.419 19.010 19.284 19.276 19.226 19.021 19.099 19.177 19.353 19.448 19.117 18.115 16.639 15.235 14.040 13.092 12.709 12.724 12.858 13.315 13.751 14.285 14.539 14.136 13.060 11.969 11.450 11.262 10.580 9.159 8.115 7.601 7.605 8.058 8.319 8.581 8.880 9.389 9.858 10.191 10.340 10.357 10.259 9.979 9.632 9.350 9.034 8.742 8.789 9.139 9.514 9.783 9.877 9.808 9.445 8.556 7.149 5.760 4.907 4.339 3.946 3.652 3.350 3.001 2.651 2.375
7.831 8.612 9.460 10.307 10.891 11.341 11.711 12.180 12.990 14.203 15.398 15.943 16.141 16.158 16.120 16.106 15.918 15.930 15.715 15.398 15.214 14.712 13.613 12.546 11.876 11.311 10.935 10.783 10.779 10.987 11.570 12.350 13.040 13.439 13.337 12.485 11.019 10.075 9.525 9.095 8.456 7.582 7.097 7.240 7.679 8.003 8.214 8.487 8.913 9.414 9.751 9.885 9.886 9.726 9.403 9.254 9.045 8.838 8.660 8.849 9.207 9.565 9.817 9.883 9.802 9.421 8.499 6.901 5.263 4.349 3.879 3.582 3.353 3.132 2.893 2.648 2.428
