AvaFrame/avaframe/data/avaSalk/Avaflow_Input_Output/slk_results/slk_ascii/slk_hillshade0014.asc
ncols 296
nrows 144
xllcenter 761600.00
yllcenter 8523000.00
cellsize 12.50
NODATA_value -9999.000
[rows 0 to 48 of 144, columns 0 to 95 of 296]
180 180 180 180 180 180 180 180 180 180 180 180 180 180 180 180 180 180 180 180 180 180 180 180 180 180 180 180 180 180 180 180 180 180 180 180 180 180 180 180 180 180 180 180 180 180 180 180 180 180 180 180 180 180 180 180 180 180 180 180 180 180 180 180 180 180 180 180 180 180 180 180 180 180 180 180 180 180 180 180 180 180 180 180 180 180 180 180 180 180 180 180 180 180 180 180
180 -21 3 0 -26 -43 -38 -21 -22 -35 -32 -10 -30 -9 -3 -34 -49 10 39 46 71 86 97 124 160 186 195 186 151 141 171 181 150 113 134 166 163 123 41 -12 -28 -21 -24 -35 -39 -45 -44 -47 -56 -50 -29 -17 -21 33 87 32 36 84 90 76 91 105 90 84 73 58 47 29 8 -9 -17 -23 -23 -11 8 37 62 78 88 91 84 84 80 81 83 89 89 84 67 66 65 54 54 50 47 33
180 -33 -14 5 -11 -37 -47 -34 -23 -22 -35 -16 -31 -29 -2 -12 -59 -35 82 57 71 103 115 120 131 158 180 177 170 173 182 191 204 195 141 126 127 126 72 -11 -33 -30 -24 -29 -38 -42 -38 -43 -68 -71 -53 -45 -50 -6 92 39 18 69 95 88 81 96 85 85 84 73 62 56 38 8 -11 -17 -17 -11 1 28 52 67 81 84 89 86 81 78 84 94 95 95 89 88 86 70 48 41 31 29
180 -34 -29 -8 -2 -16 -29 -37 -30 -17 -25 -21 -20 -39 -29 -13 -40 -34 37 53 63 99 122 140 147 150 155 160 156 166 180 201 237 205 165 134 113 110 97 11 -25 -32 -23 -20 -33 -48 -40 -37 -40 -32 -63 -65 -82 -93 -29 35 16 48 62 78 82 80 75 75 84 78 76 70 71 42 8 -11 -11 -11 1 20 42 51 64 78 90 93 89 83 73 78 101 101 106 110 96 89 65 38 23 18
180 -30 -39 -28 -14 -13 -14 -13 -27 -22 -19 -17 -12 -12 -26 -28 -54 -42 124 84 66 98 131 149 154 158 159 160 127 111 206 237 182 151 139 112 117 100 87 28 1 -22 -27 -11 -24 -41 -49 -71 -103 -97 -42 -45 -62 -94 -100 -48 -10 34 37 42 71 78 71 66 78 71 65 65 72 51 23 1 -2 -5 1 16 20 20 24 46 72 94 100 101 89 73 84 95 100 101 96 80 83 56 30 20
180 -23 -32 -35 -27 -21 -26 -7 0 -5 -14 -13 -17 -6 -6 -17 -42 -81 13 116 113 126 148 157 130 133 131 130 161 227 189 173 167 141 114 86 74 85 66 22 1 -3 -23 -17 -24 -27 -32 -35 -82 -121 -111 -59 -49 -79 -92 -70 -26 4 25 18 42 71 78 68 67 71 61 47 53 47 19 8 4 11 12 24 12 -9 -18 -5 20 62 100 124 112 95 84 89 77 80 75 82 82 76 42 25
180 -16 -17 -24 -28 -17 -20 -23 -11 4 4 -17 -11 -16 -24 -18 -30 -69 -47 37 94 124 127 121 115 124 106 102 230 191 150 145 160 166 138 115 84 70 59 50 28 4 0 0 -10 -26 -13 -10 -6 -69 -108 -87 0 -50 -80 -81 -28 11 20 30 37 53 70 73 67 67 67 57 38 37 15 8 8 15 28 48 37 -2 -27 -27 -15 16 67 106 106 89 76 88 78 73 61 59 74 74 59 40
180 5 -3 -6 -18 -23 -16 -21 -19 -21 -14 -28 -27 -24 -36 -49 -25 -51 -54 -33 3 63 48 39 100 96 102 153 122 124 125 128 107 120 124 136 146 113 75 64 68 48 27 30 29 7 12 16 19 23 -49 -90 -50 -9 -63 -84 -58 -7 30 31 55 59 64 70 66 72 72 72 55 32 11 -2 4 15 37 73 72 29 -2 -15 -18 -12 20 50 53 43 34 38 71 78 71 39 42 52 71 81
180 17 11 0 -4 -13 -25 -33 -39 -27 -34 -39 -43 -33 -28 -50 -38 -35 -45 -17 -25 9 27 -1 -2 75 83 120 117 134 141 127 116 100 98 141 153 111 95 80 63 48 27 34 65 49 37 34 31 45 41 -21 -39 -9 -26 -51 -45 -27 15 19 47 74 72 69 62 62 71 71 71 46 12 -5 -2 8 33 84 106 57 16 8 -2 -9 4 22 21 17 16 16 34 67 84 59 39 25 28 80
180 -14 2 -2 -10 -12 -19 -23 -45 -41 -30 -37 -42 -35 -35 -41 -40 -20 -45 -22 -10 5 25 21 8 37 95 54 50 89 113 93 102 122 148 170 153 102 82 97 86 81 70 56 78 99 86 75 55 52 72 46 18 21 11 -10 -8 0 20 25 20 64 77 77 68 52 51 61 67 56 19 -8 -8 1 24 73 107 78 28 12 8 4 19 33 37 33 31 29 33 52 73 66 51 33 -9 -7
180 -31 -22 -20 -20 -25 -17 -19 -25 -41 -26 -23 -29 -19 -31 -40 -48 -32 -33 -38 -22 -12 17 29 66 143 138 91 44 81 104 94 78 94 156 160 150 123 84 94 129 117 94 93 120 120 89 75 82 96 103 101 78 56 50 28 10 14 18 49 27 43 72 82 78 62 46 47 57 56 28 1 -12 -8 8 52 95 83 47 20 12 8 27 52 61 67 66 57 46 48 64 56 28 32 13 -31
180 -28 -25 -23 -21 -27 -21 -14 -17 -39 -31 -21 -26 -12 -7 -16 -38 -37 -34 -43 -32 -28 -31 -48 -26 67 89 105 72 51 89 96 82 77 113 124 122 130 140 107 80 79 104 130 140 110 53 81 86 62 95 149 144 104 81 70 48 56 41 58 63 50 54 88 88 71 60 57 57 60 41 16 -2 -8 5 33 73 84 68 43 28 24 32 54 70 81 84 78 62 52 63 67 38 19 36 2
180 -22 -23 -23 -16 -14 -27 -13 -7 -39 -35 -28 -36 -31 -15 -6 -17 -23 -32 -39 -35 -28 -28 -50 -53 -11 25 48 44 7 33 61 63 58 86 133 127 123 125 121 86 67 83 116 151 188 45 -11 66 126 153 176 167 127 107 106 85 81 93 82 76 73 54 67 86 89 74 75 75 70 64 41 20 1 5 29 52 79 84 73 57 52 61 66 71 81 87 80 66 60 68 75 75 30 31 29
180 -21 -20 -26 -28 -19 -30 -27 0 -28 -43 -22 -45 -45 -37 -32 -18 -18 -26 -41 -32 -12 -27 -31 -30 3 43 65 37 24 25 49 61 39 63 124 121 98 113 119 81 60 95 114 170 205 119 0 33 141 148 158 173 174 170 156 128 111 131 129 105 91 81 79 75 89 84 84 85 80 75 66 37 20 12 29 43 63 78 84 72 67 78 82 76 75 82 86 79 63 64 68 88 53 18 25
180 -27 -22 -21 -34 -28 -25 -36 -23 -15 -40 -15 -35 -52 -40 -49 -39 -20 -17 -43 -35 14 2 -22 -26 -8 48 116 108 51 37 52 98 85 60 95 81 71 116 118 106 65 64 139 137 128 130 80 28 108 170 189 198 191 180 177 193 174 155 152 137 119 116 111 96 95 97 90 92 90 86 81 60 32 24 29 43 57 68 78 73 67 71 81 75 78 77 82 91 81 69 62 61 63 32 11
180 -28 -29 -14 -21 -37 -27 -21 -27 -25 -37 -21 -10 -32 -32 -33 -40 -23 0 -30 -42 17 51 -6 -17 -19 36 100 142 108 103 96 80 88 106 99 91 75 80 27 62 107 172 179 147 67 33 70 103 48 66 123 166 188 206 216 215 206 192 155 158 141 107 124 134 103 99 94 97 91 96 92 80 56 38 29 38 52 68 67 73 67 71 75 74 74 76 85 92 101 96 85 63 46 34 31
180 -20 -33 -24 -10 -30 -39 -22 -15 -15 -29 -27 -17 -15 -16 -4 -20 -17 8 1 -19 29 134 100 31 -5 35 50 59 110 150 128 81 56 65 124 136 86 74 12 7 236 208 165 158 143 63 -18 -36 -33 -27 -17 -4 36 120 169 175 164 187 172 126 139 140 122 109 100 91 82 91 88 87 87 82 73 57 38 34 43 62 67 71 66 71 74 72 75 76 80 94 102 109 103 92 69 38 43
180 -13 -23 -33 -14 -21 -34 -38 -24 -12 -14 -15 -10 -23 -27 -1 -3 -16 10 17 13 67 152 210 141 35 29 61 77 153 166 128 68 67 58 108 152 -4 6 54 -8 -8 21 8 -9 -34 -43 -36 -44 -58 -47 -38 -48 -43 -12 61 122 113 102 137 119 106 100 105 87 68 78 74 77 80 81 83 83 79 73 58 43 43 52 67 65 76 70 73 73 71 78 70 80 88 81 79 78 75 66 49
180 -18 -6 -27 -22 -27 -25 -39 -38 -32 -25 -20 -3 -9 -37 -29 5 -13 4 44 15 39 95 109 65 40 36 95 159 170 168 117 65 74 96 97 94 9 -40 13 20 -28 -36 -22 -16 -26 -41 -48 -50 -57 -58 -49 -63 -59 -43 -29 32 77 65 69 72 77 77 77 90 70 67 65 68 84 82 79 79 84 73 73 57 52 52 61 65 69 79 80 75 68 65 65 65 70 59 46 39 35 35 44
180 -19 -7 -11 -17 -18 -12 -27 -37 -30 -33 -32 -20 2 -18 -39 -19 -16 -9 57 50 26 46 70 74 88 89 137 167 152 126 99 70 36 94 73 27 51 -34 -28 17 12 -19 -29 -31 -29 -34 -38 -47 -56 -54 -40 -52 -74 -57 -53 -36 -5 1 61 57 49 76 72 73 75 75 84 69 91 96 81 66 75 70 63 63 57 62 66 75 79 80 93 90 76 46 38 63 70 70 53 25 17 9 -12
180 -3 -9 -3 -14 -14 5 15 -29 -18 -13 -23 -25 -6 -5 -28 -24 -30 -19 34 61 41 28 35 79 157 156 147 136 100 105 95 87 30 2 16 18 13 15 -15 -11 -11 -17 -29 -34 -32 -36 -40 -39 -40 -49 -39 -21 -61 -72 -65 -58 -28 -36 -30 68 51 55 76 65 68 64 79 88 101 106 81 62 63 77 67 64 65 64 72 81 94 99 97 98 93 65 17 22 57 72 80 59 26 28 -7
180 4 -3 -3 -9 -23 -19 19 -8 -20 -7 -10 -27 -28 -15 -34 -29 -32 -19 38 93 74 48 -5 36 157 164 143 135 40 70 151 197 42 -2 -1 -3 -6 7 -3 -12 -17 -19 -26 -36 -36 -35 -43 -48 -43 -47 -57 -33 -23 -52 -55 -60 -54 -21 -42 -13 59 52 86 87 67 51 58 98 108 99 80 47 49 78 88 71 70 71 69 77 90 112 112 104 95 96 62 19 33 56 69 81 61 58 54
180 0 1 0 3 -14 -28 -23 -8 -25 -18 -14 -26 -44 -39 -43 -46 -34 -4 65 162 163 193 118 21 150 165 62 73 51 14 122 213 93 16 10 3 -6 0 0 -8 -16 -22 -27 -32 -37 -36 -40 -45 -45 -42 -48 -47 -33 -41 -41 -37 -33 -42 -19 -31 24 50 61 92 85 78 57 80 108 85 70 37 7 30 73 69 56 60 60 57 76 108 125 120 102 101 115 86 58 64 70 72 70 55 78
180 -9 0 -9 -6 -10 -12 -31 -34 -29 -29 -21 -23 -39 -45 -47 -52 -42 -11 80 209 252 232 161 131 215 207 191 -2 39 16 47 195 213 22 19 4 -11 -10 -7 -7 -15 -19 -21 -28 -37 -34 -33 -45 -41 -36 -47 -43 -25 -25 -42 -47 -27 -28 -27 -16 -4 56 64 102 61 69 96 74 84 77 53 31 -4 -19 5 34 30 36 46 33 29 71 110 122 117 105 121 136 118 93 89 81 82 74 59
180 -9 -7 -15 -12 -12 -20 -18 -32 -34 -31 -24 -17 -28 -38 -43 -41 -31 -15 58 162 202 193 170 119 127 189 207 76 0 119 22 19 7 1 4 17 6 -3 -8 -11 -19 -29 -25 -19 -29 -41 -35 -33 -43 -33 -40 -45 -34 -16 -20 -38 -38 -23 -27 16 15 44 39 125 129 68 89 89 77 75 61 35 11 -8 -17 -2 16 21 35 48 20 22 64 100 115 106 103 119 114 99 76 61 61 82 76
180 1 3 -10 -15 2 -14 -27 -22 -17 -24 -28 -13 -5 -20 -31 -28 -20 -10 14 82 162 177 156 85 42 162 215 205 78 13 7 1 3 5 0 9 14 7 0 -9 -12 -24 -33 -30 -20 -28 -43 -41 -37 -32 -33 -44 -26 -21 -8 -10 -17 -20 -39 -28 37 88 21 39 181 129 95 100 100 91 82 63 35 32 31 21 27 36 34 55 53 27 36 58 84 82 73 85 83 73 51 13 22 51 69
180 -4 1 -9 -13 2 -2 -20 -37 -16 -14 -26 -31 -8 -7 -24 -30 -35 -25 -13 5 70 111 119 145 42 -12 2 5 5 3 6 6 3 3 0 1 6 4 4 -4 -11 -17 -30 -33 -26 -24 -27 -39 -41 -36 -27 -38 -27 -10 -20 -14 20 2 -15 -36 12 64 78 8 84 122 109 100 102 107 102 94 69 50 56 71 75 75 59 61 73 47 33 33 38 45 45 54 67 65 53 12 18 35 61
180 -9 -10 -25 -19 1 3 -17 -34 -41 -21 -18 -34 -33 -22 -29 -33 -37 -41 -36 -37 -15 7 2 8 12 3 -4 -3 0 2 5 7 11 12 3 -3 1 -2 -4 -5 -7 -7 -23 -36 -26 -22 -28 -29 -34 -36 -26 -26 -28 -4 -5 -37 8 48 -10 -34 18 119 97 74 98 117 120 116 112 119 116 108 100 83 63 64 80 102 104 83 88 77 49 41 38 34 31 37 50 59 53 9 22 59 71
180 -4 -12 -32 -45 -22 -1 -24 -14 -40 -40 -29 -26 -34 -34 -36 -37 -31 -34 -42 -52 -48 -27 -27 -24 -13 -6 -5 -3 -2 -1 2 2 1 8 13 4 4 4 -8 -16 -13 -2 -8 -31 -33 -16 -21 -25 -26 -31 -27 -21 -31 -18 6 -25 -50 25 11 -44 -34 97 89 94 124 128 133 129 120 123 124 109 97 101 96 77 63 76 106 100 89 77 61 46 43 45 40 43 50 49 36 4 -3 51 62
180 -4 -11 -15 -43 -41 -28 -37 -20 -19 -36 -42 -40 -36 -34 -42 -46 -49 -46 -40 -48 -53 -38 -26 -24 -19 -12 -8 -2 1 2 1 4 0 -2 0 4 3 12 5 -13 -21 -15 -1 -10 -27 -22 -15 -18 -19 -16 -19 -4 -27 -26 -15 12 -43 -34 33 -16 -49 42 86 77 108 122 136 133 116 113 124 111 93 92 109 119 86 49 68 89 91 83 72 60 46 41 40 42 56 58 28 21 11 48 63
180 -24 -15 -10 -24 -29 -32 -38 -34 -23 -32 -37 -46 -50 -40 -45 -49 -57 -62 -46 -38 -43 -37 -24 -17 -16 -14 -12 -7 -1 7 8 7 6 3 -3 -4 -2 1 5 -1 -11 -20 -16 -3 -9 -14 -8 -14 -21 -14 -12 20 -5 -25 -21 19 15 -42 -3 34 -22 29 102 91 98 104 109 111 96 77 96 100 89 86 99 127 144 106 73 87 98 100 97 84 72 59 57 49 45 42 -7 -18 66 94 94
180 -29 -33 -22 -12 -12 -23 -36 -38 -28 -30 -34 -42 -55 -56 -49 -52 -54 -60 -54 -34 -29 -29 -23 -12 -7 -8 -11 -8 -7 0 11 15 12 6 1 -4 -5 -1 -2 -6 -11 -16 -21 -9 -4 -12 -5 -5 -14 -24 -23 5 41 -8 -35 -11 44 -15 -31 31 0 0 69 79 86 90 91 94 84 52 47 68 69 74 99 123 142 152 134 114 107 108 111 111 93 74 63 63 58 31 -6 -22 -6 116 113
180 -19 -34 -44 -31 -27 -27 -38 -45 -36 -29 -29 -38 -52 -63 -56 -47 -45 -52 -57 -44 -24 -19 -21 -15 -7 -4 -7 -6 -6 -4 2 8 19 18 10 1 -9 -1 2 0 -7 -16 -25 -19 -3 -11 -11 -4 0 -14 -29 -27 -2 22 -9 -34 10 -6 -35 9 39 16 38 65 83 98 110 107 100 73 35 40 57 62 77 105 127 133 138 141 126 116 108 107 110 90 73 69 87 57 -37 -11 -3 42 80
180 -14 -27 -50 -43 -39 -43 -42 -45 -46 -42 -40 -32 -36 -50 -59 -44 -33 -33 -40 -42 -28 -13 -10 -10 -6 -5 -8 -7 -4 0 7 0 6 18 21 19 3 -6 2 5 5 0 -11 -19 -5 -4 -14 -11 -2 0 -20 -15 -30 -16 -6 -27 -10 -6 -39 -14 29 41 39 73 112 126 151 151 133 105 54 20 31 69 87 94 118 132 133 142 148 120 74 48 43 42 56 81 95 87 -23 -54 0 5 57
180 -10 -10 -39 -46 -37 -44 -45 -39 -42 -45 -58 -47 -35 -32 -42 -43 -35 -28 -23 -22 -21 -11 -2 1 4 5 -2 -7 -2 0 16 16 4 6 17 22 22 1 2 3 0 0 -3 -12 -9 0 -9 -15 -7 1 -11 -1 -20 -22 -16 -27 -36 -16 -36 -23 25 56 44 56 121 141 153 170 168 157 111 42 13 51 100 119 136 152 149 129 100 80 61 34 10 -5 -20 6 50 92 0 -65 -38 -27 7
180 -23 -22 -23 -44 -41 -34 -50 -46 -39 -34 -46 -58 -51 -38 -30 -29 -32 -31 -27 -21 -11 -4 1 9 11 12 11 0 0 4 15 28 24 5 8 24 29 11 -3 -1 -4 -10 -14 -13 -16 -13 -6 -10 -11 2 -13 2 -10 -40 -16 -22 -33 -40 -34 -27 18 70 63 47 96 147 158 172 177 173 153 100 44 54 103 116 122 144 136 110 85 62 53 34 22 19 1 -16 -17 30 74 4 -24 -27 -24
180 -33 -28 -45 -48 -50 -48 -48 -59 -50 -50 -39 -45 -51 -48 -33 -23 -22 -25 -21 -19 -10 -1 2 12 20 15 15 11 5 6 18 21 34 19 -2 17 27 24 3 -5 -5 -11 -19 -18 -15 -26 -11 -8 -17 -11 -20 -17 8 -41 -31 -21 -25 -38 -37 -21 2 52 67 53 84 140 166 178 192 197 164 102 55 65 122 134 103 96 88 84 85 81 63 42 24 16 16 13 -7 -26 42 90 61 42 29
180 -38 -18 -31 -47 -59 -60 -50 -54 -57 -61 -64 -59 -56 -56 -35 -20 -13 -18 -16 -2 10 18 16 19 27 22 17 19 17 8 21 34 27 20 -9 0 18 19 9 0 -1 -7 -11 -17 -16 -33 -28 -10 -20 -29 -27 -34 -8 -24 -37 -30 -28 -33 -38 -20 5 32 62 41 61 121 164 184 192 212 202 140 48 32 87 120 124 106 90 84 88 80 58 39 29 15 4 -4 3 -30 -13 74 84 69 77
180 -34 -29 -33 -26 -44 -70 -66 -44 -52 -59 -66 -63 -65 -70 -54 -26 -17 -16 -23 -4 28 51 47 39 43 34 24 22 30 20 13 43 39 28 5 -6 14 15 15 7 3 -1 -4 3 -4 -28 -47 -25 -17 -35 -34 -38 -29 -28 -34 -37 -32 -30 -32 -31 13 31 47 32 26 72 132 171 186 207 211 168 65 25 54 68 90 106 116 103 95 88 68 35 26 16 8 -5 -12 -23 -40 33 89 67 81
180 -30 -36 -41 -46 0 -34 -67 -64 -50 -65 -61 -58 -62 -70 -64 -38 -25 -26 -31 -23 10 50 62 53 54 50 36 30 36 44 17 27 41 38 34 16 24 24 23 22 14 8 -6 0 13 -2 -36 -39 -24 -32 -42 -40 -41 -39 -32 -28 -34 -25 -23 -33 -1 57 60 31 17 38 86 139 172 202 222 202 119 44 59 67 57 69 82 97 93 89 72 43 23 26 6 1 -23 -26 -41 -10 69 74 71
180 -27 -27 -38 -60 -32 -5 -20 -54 -56 -62 -69 -56 -55 -68 -69 -49 -26 -25 -37 -31 -11 23 54 58 61 63 44 30 22 48 42 26 35 27 44 38 25 24 21 22 12 4 -6 -17 -3 1 -14 -33 -32 -31 -39 -41 -30 -40 -17 -11 -24 -16 -18 -26 -16 65 90 46 18 38 69 121 158 185 224 225 195 116 98 98 78 64 68 80 98 91 77 59 20 27 18 19 -4 -37 -48 -37 44 79 79
180 -21 -38 -27 -51 -70 -37 -29 -15 -50 -61 -69 -64 -52 -59 -69 -64 -47 -27 -35 -40 -24 5 42 56 65 73 71 44 21 15 44 38 37 20 36 50 25 12 11 14 5 -5 -11 -18 -19 -11 -10 -20 -27 -29 -19 -20 -10 -28 -7 16 -5 -6 -4 -18 -25 37 98 66 17 29 59 97 167 187 206 221 210 164 137 124 120 108 98 88 94 100 95 90 48 25 22 7 11 -9 -34 -52 -15 64 78
180 17 -48 -39 -32 -65 -67 -49 -14 -15 -51 -63 -66 -63 -53 -52 -59 -63 -55 -38 -39 -37 -17 24 44 52 57 73 69 56 33 25 49 36 18 18 52 41 9 1 9 0 -8 -18 -19 -18 -16 -10 -5 -11 -14 -9 2 4 -7 -26 20 0 -7 0 -12 -14 19 79 72 21 9 39 79 145 197 210 214 201 176 157 144 145 155 144 131 106 100 93 83 62 26 26 7 -1 -12 -23 -31 -23 40 90
180 49 -40 -73 -63 -73 -82 -65 -46 2 -20 -47 -45 -54 -62 -50 -44 -49 -53 -51 -36 -25 -21 4 37 46 50 49 56 38 67 33 61 53 22 5 29 51 28 3 12 3 -13 -16 -21 -13 -3 -4 3 -4 -10 -2 -1 -2 4 -22 -2 -4 -19 -13 -22 -19 21 78 74 30 2 11 51 131 198 220 215 199 171 155 154 158 177 189 177 145 108 84 62 54 27 20 8 -2 0 -9 -19 -7 33 94
180 38 26 -54 -68 -70 -98 -103 -77 -37 -15 -36 -33 -28 -45 -48 -42 -40 -30 -42 -48 -28 -1 9 31 58 69 59 62 25 37 33 47 85 45 10 11 36 41 16 20 17 -7 -11 -13 -13 6 7 4 0 -22 -11 -7 -9 -10 -9 -2 4 -18 -21 -18 -29 2 88 102 61 19 12 24 90 194 214 199 189 164 155 157 164 194 214 207 191 151 98 56 43 31 30 26 10 2 0 -10 0 30 86
180 9 50 37 -36 -54 -41 -94 -103 -80 -44 -49 -48 -35 -36 -37 -37 -39 -21 -11 -36 -42 -21 22 27 43 71 75 79 59 38 43 30 74 68 31 12 25 32 14 18 24 0 -10 -7 -14 0 13 0 -2 -20 -25 -13 -15 -10 -4 0 15 0 -15 -11 -17 -12 63 111 95 51 35 38 60 158 187 169 168 163 158 159 165 177 225 222 218 202 164 119 59 48 37 38 32 24 6 0 7 28 63
180 32 41 81 75 -24 -39 -25 -69 -76 -63 -53 -50 -50 -42 -30 -26 -32 -29 -16 -31 -45 -37 -6 26 33 54 67 86 70 56 66 44 50 57 48 17 14 27 18 13 21 0 -21 -16 -14 -9 13 3 -10 -14 -25 -8 -14 -17 -4 5 17 13 0 -4 -5 -13 39 94 90 69 43 55 86 145 169 150 139 146 150 171 166 187 202 207 212 206 182 159 101 70 57 58 54 51 30 9 21 58 70
180 97 83 81 100 90 -4 -5 -17 -36 -39 -39 -25 -36 -39 -20 -7 -2 0 9 0 -44 -48 -26 -6 11 45 46 57 71 66 70 52 42 42 52 37 13 15 18 11 18 13 -18 -28 -20 -17 7 9 -10 -13 -25 -7 11 -15 -18 1 4 7 -1 3 7 -11 13 84 99 86 41 37 101 160 160 144 132 140 138 181 186 190 178 191 200 196 175 145 100 72 66 52 69 69 49 28 38 70 98
180 108 108 108 78 66 45 8 31 7 -14 -24 -14 -11 -21 -18 -6 6 27 45 63 23 -23 -5 14 11 27 33 32 53 57 61 56 38 30 37 48 39 21 18 14 12 18 -5 -4 -7 -2 7 18 1 -10 -25 -31 8 7 -21 -3 2 0 -10 -11 9 2 -9 45 96 115 85 32 74 160 151 164 168 160 159 153 193 154 162 189 189 196 179 130 100 66 59 65 71 87 93 60 55 103 127
