AvaFrame/avaframe/data/avaSalk/Avaflow_Input_Output/slk_results/slk_ascii/slk_vhmax.asc
ncols 296
nrows 144
xllcenter 761600.00
yllcenter 8523000.00
cellsize 12.50
NODATA_value -9999.000
[rows 87 to 115 of 144, columns 134 to 200 of 296]
7.766 8.625 9.938 11.177 11.683 12.119 12.460 12.780 12.375 12.393 13.284 13.081 12.837 12.732 13.120 13.446 13.052 13.153 12.633 12.340 12.365 12.317 12.377 12.195 12.523 12.129 11.912 11.121 10.736 10.414 10.817 11.859 22.235 23.811 25.554 27.681 30.013 31.764 33.304 35.056 36.154 37.983 39.556 41.117 41.943 42.421 43.040 43.914 44.061 43.964 44.037 45.008 45.232 46.144 46.848 47.294 47.053 46.446 46.564 46.156 47.073 46.909 46.107 45.744 45.635 46.074 47.211
8.466 9.920 11.139 11.558 12.609 13.030 13.479 13.851 13.751 14.714 14.131 14.966 15.111 15.328 14.922 15.220 15.210 14.991 15.285 16.067 15.577 15.449 15.497 15.277 15.720 15.912 15.337 14.769 14.526 14.318 15.304 26.697 28.370 29.695 30.488 32.195 33.880 35.360 36.595 37.798 38.769 39.681 40.938 42.007 42.543 43.224 43.368 43.574 44.484 44.353 44.415 44.077 45.542 45.884 46.219 46.501 46.305 45.748 46.040 45.215 45.461 45.842 46.295 45.918 45.066 44.422 45.868
8.485 9.943 11.763 12.809 13.746 14.762 14.478 15.529 16.033 15.306 15.828 16.178 16.235 16.416 15.958 16.360 16.053 17.019 17.097 17.927 18.220 18.372 18.133 18.352 17.995 18.552 17.565 17.293 17.135 17.438 29.516 30.994 32.762 33.826 34.065 34.573 35.513 36.986 38.369 39.854 39.964 40.413 41.320 41.725 42.736 44.181 43.828 43.922 44.225 44.553 44.800 45.188 45.850 45.999 45.612 45.414 45.331 45.296 45.653 45.522 43.947 44.778 44.991 44.770 43.821 42.966 42.757
8.947 10.481 12.428 12.795 14.396 15.394 15.018 15.469 16.532 17.675 17.508 18.098 17.662 16.983 17.359 18.183 17.944 17.796 18.296 19.570 20.387 20.163 20.484 20.769 21.033 20.292 20.033 19.575 19.267 19.900 32.750 33.611 34.529 36.262 36.228 36.024 36.698 37.809 39.776 41.140 40.762 40.805 41.429 42.383 42.541 43.038 43.168 43.300 43.827 44.190 45.202 45.937 45.555 45.487 45.666 45.001 44.465 44.647 44.988 44.770 43.745 43.150 42.993 42.913 42.607 41.864 40.796
8.566 10.791 12.206 13.310 14.373 16.131 16.445 17.512 18.442 18.201 19.008 18.450 18.095 18.737 18.814 19.424 18.896 19.461 19.829 21.416 22.619 21.891 22.396 21.660 21.934 22.442 21.910 21.062 20.406 21.748 22.655 35.206 36.174 37.574 37.503 37.524 38.116 38.799 40.816 40.834 40.236 39.720 40.236 41.557 42.935 42.851 43.112 43.235 43.311 43.494 45.068 45.064 44.551 44.659 45.211 45.160 44.469 43.976 44.205 44.341 43.776 42.657 40.981 41.104 41.395 41.338 39.877
8.796 10.131 12.242 13.676 14.887 16.652 17.130 18.198 17.969 18.681 19.195 19.210 19.401 19.679 19.989 19.631 20.575 20.240 21.741 23.851 24.032 22.776 23.085 22.695 23.349 22.975 23.055 22.631 23.647 23.673 23.013 23.208 37.653 38.479 39.076 39.350 39.779 40.293 40.815 40.417 40.379 40.275 41.023 41.536 42.035 41.995 41.961 42.222 42.281 42.684 43.910 43.925 43.735 43.617 43.890 43.975 44.758 44.036 43.280 42.884 42.817 42.348 40.593 39.928 40.711 41.175 40.492
7.482 9.139 10.910 13.018 15.241 16.436 17.615 18.710 18.868 18.914 19.535 19.684 19.811 20.541 20.639 21.515 21.349 21.948 23.595 24.592 24.151 22.984 23.393 23.934 24.444 24.376 23.801 24.176 23.493 24.352 23.593 22.220 21.365 39.270 40.729 41.187 40.634 40.440 39.907 39.746 39.717 40.800 40.677 40.623 40.716 40.679 41.675 40.810 42.190 42.613 42.597 42.625 42.809 42.673 42.415 42.593 43.044 42.886 42.575 41.821 41.983 41.799 40.218 38.863 38.794 39.624 39.665
1.802 1.395 10.423 12.318 14.452 15.844 17.855 18.733 19.602 19.645 19.741 19.986 20.341 20.797 21.393 21.830 22.622 24.228 25.664 24.594 23.532 23.012 23.140 24.175 24.395 24.635 24.843 24.850 24.033 22.867 22.215 21.989 21.461 20.925 40.290 40.722 40.192 39.791 40.107 39.505 38.448 39.602 40.280 40.510 40.916 40.834 40.511 40.845 41.708 42.136 42.012 41.877 41.745 42.110 41.953 41.815 42.404 42.300 41.102 40.653 40.601 40.884 39.826 39.086 38.587 37.797 37.438
2.798 2.324 1.889 10.454 13.176 15.795 17.329 18.661 20.114 20.316 20.669 21.010 20.965 21.509 22.289 23.033 24.506 25.595 24.891 23.451 22.705 22.651 23.679 24.830 24.609 24.681 24.503 25.024 23.811 23.046 21.679 22.044 22.174 24.428 23.299 39.997 39.958 39.227 39.166 39.250 38.333 38.460 39.707 40.455 41.204 40.821 40.395 40.570 41.542 42.124 42.074 41.728 41.209 41.330 41.864 42.592 43.055 42.251 40.741 39.943 39.515 39.405 38.045 37.883 38.254 37.134 36.291
5.581 4.692 3.605 2.468 2.096 13.157 16.011 19.101 19.800 20.091 21.078 21.430 21.442 23.627 24.451 25.392 26.047 25.862 25.019 22.189 23.056 23.296 23.840 24.567 24.749 25.032 24.650 24.854 24.443 23.389 21.868 22.475 23.676 23.497 23.967 24.860 25.405 24.697 25.428 36.218 38.164 38.343 38.566 38.907 39.510 40.371 39.929 39.455 40.349 41.840 42.229 42.038 41.542 42.029 41.745 40.964 41.543 42.441 41.083 40.360 39.077 38.048 37.118 36.487 36.876 37.295 36.226
3.814 5.079 5.315 4.363 3.027 2.618 1.896 17.618 20.669 21.824 22.614 22.921 23.607 24.433 24.478 25.135 25.485 24.943 22.511 22.610 23.649 23.876 24.038 24.556 24.725 25.103 25.093 25.349 24.406 23.298 22.496 22.447 23.749 25.163 25.846 25.506 25.894 24.903 25.220 25.686 25.775 27.217 28.894 37.120 37.299 38.417 37.990 37.130 37.640 38.852 39.631 40.084 39.562 39.133 38.646 38.090 38.541 39.650 40.476 40.353 38.771 37.624 36.049 35.546 35.440 35.152 35.193
2.419 2.940 4.335 4.921 4.680 5.039 4.043 2.845 18.119 20.547 21.684 23.132 24.341 25.106 24.729 24.341 23.876 22.769 22.956 23.393 22.962 23.644 23.857 24.236 24.498 25.754 25.184 25.399 24.785 23.256 22.382 22.489 22.840 24.316 25.018 25.539 25.708 25.241 24.853 24.882 25.227 25.776 26.948 26.987 28.524 30.081 32.322 31.746 33.627 34.072 34.739 35.498 35.624 34.074 33.834 33.851 34.350 35.280 36.147 36.979 38.385 37.708 35.375 34.210 33.724 33.233 33.266
1.656 1.909 2.512 3.499 4.913 4.658 3.023 3.118 12.070 16.389 18.240 19.839 21.502 22.959 23.172 23.123 22.654 22.460 22.384 22.922 23.156 23.181 23.359 24.161 24.648 25.425 25.089 25.005 25.158 24.392 22.911 22.294 22.433 23.134 24.309 24.750 25.199 25.686 24.748 24.408 24.036 24.457 24.699 24.520 25.730 26.566 27.500 27.678 27.083 27.700 28.027 27.875 28.096 29.078 29.285 29.415 29.596 30.080 30.635 31.489 33.415 35.366 34.157 32.485 31.283 31.383 31.622
1.164 1.323 1.652 2.175 2.953 4.604 4.070 2.447 2.067 10.707 14.309 16.588 18.180 19.607 20.682 21.469 21.965 22.334 23.262 23.198 23.671 24.091 24.383 23.671 23.970 24.527 25.503 25.433 24.986 24.437 23.173 22.940 23.830 24.266 24.290 24.922 25.483 25.425 25.285 24.848 24.215 24.287 24.670 24.643 25.312 26.536 26.391 26.078 25.521 25.502 25.284 25.362 24.554 24.192 25.899 25.958 26.152 26.158 26.764 27.760 29.144 30.232 30.695 29.242 28.357 29.049 29.770
0.827 0.958 1.176 1.528 2.101 2.865 3.883 4.364 3.821 3.513 3.533 12.058 14.924 17.185 18.968 21.106 21.772 22.256 22.932 23.520 23.974 24.283 24.121 23.955 24.490 24.867 25.242 25.052 25.279 24.363 23.911 24.309 24.744 24.466 26.303 25.501 25.989 25.597 25.263 24.882 24.309 24.328 24.452 24.053 24.438 24.288 24.474 24.339 24.508 23.920 23.198 22.519 22.321 22.083 22.571 23.113 23.740 24.288 24.380 24.570 25.410 26.156 25.939 25.137 24.995 26.374 27.377
0.535 0.692 0.847 1.066 1.481 1.979 2.565 3.363 4.226 4.935 5.408 5.605 5.608 11.669 15.069 18.870 20.467 21.175 22.202 22.579 22.954 23.451 23.236 23.077 23.535 23.932 24.806 25.066 24.570 24.113 25.004 24.616 24.164 25.086 24.525 24.861 24.295 23.569 23.201 22.826 22.284 21.448 21.771 21.677 21.511 21.436 21.304 21.391 21.374 20.792 20.170 20.154 19.137 19.338 19.795 20.118 21.253 22.570 22.702 22.052 21.895 21.562 20.460 20.774 22.006 23.583 24.695
0.212 0.278 0.463 0.721 0.980 1.312 1.758 2.536 2.774 2.982 3.222 3.490 5.648 6.974 8.781 11.424 15.437 18.030 18.526 19.142 20.138 20.412 20.095 19.893 21.524 22.011 22.612 22.484 22.976 22.637 22.784 21.913 21.013 21.765 21.430 21.345 21.211 21.059 20.274 19.615 19.343 18.951 18.958 19.008 19.051 18.862 18.313 17.753 17.289 16.786 16.595 16.167 16.289 16.686 16.935 17.502 18.476 20.089 20.657 19.521 16.816 15.186 14.886 16.603 18.735 20.498 22.045
-nan -nan -nan 0.368 0.585 0.846 1.203 1.694 1.974 2.028 2.186 2.501 3.614 4.373 5.413 6.872 8.867 11.675 14.776 15.876 16.656 17.666 17.545 17.209 17.580 18.394 18.642 19.354 19.322 19.677 19.137 18.314 17.975 18.089 17.931 18.076 18.372 17.885 17.265 16.824 16.676 16.388 16.395 16.495 16.515 16.280 15.785 15.011 13.725 13.339 12.938 13.268 13.309 13.681 14.351 14.775 15.917 16.459 18.088 16.133 10.928 9.494 10.830 12.630 15.329 17.520 19.220
-9999.000 -9999.000 -nan -nan 0.242 0.467 0.776 1.131 1.386 1.415 1.516 1.979 2.398 2.828 3.250 4.134 5.400 6.886 8.724 11.147 13.305 14.164 14.277 14.078 14.492 15.075 15.252 15.553 15.634 16.082 15.571 15.058 14.531 14.518 14.521 14.661 14.722 14.173 13.767 13.595 13.629 13.826 14.071 14.051 13.898 13.508 12.963 12.271 11.464 11.045 11.015 11.238 11.968 12.477 12.932 13.209 13.366 14.283 15.021 11.195 7.818 7.206 7.701 9.458 11.698 14.277 16.262
-9999.000 -9999.000 -9999.000 -nan -nan -nan 0.427 0.707 1.013 1.038 0.960 1.197 1.639 1.815 1.946 2.288 2.936 4.000 5.266 6.447 7.923 9.632 11.620 11.696 12.000 12.192 12.377 12.591 12.863 12.731 12.310 11.650 11.298 11.136 10.991 10.870 10.124 9.928 10.208 10.377 10.457 10.825 10.964 11.583 11.889 11.821 11.335 10.890 10.581 10.390 10.079 10.198 10.907 11.669 12.114 12.055 11.504 11.327 10.103 6.689 5.346 4.334 5.283 6.280 8.359 10.947 12.516
-9999.000 -9999.000 -9999.000 -9999.000 -9999.000 -nan -nan 0.361 0.560 0.677 0.703 0.609 0.861 1.025 1.165 1.338 1.624 2.101 3.010 4.024 4.786 5.732 6.661 7.520 8.326 8.860 9.062 9.269 9.786 9.777 9.604 9.438 9.478 9.379 8.690 8.001 7.154 6.619 6.289 6.172 6.168 6.268 6.501 7.072 7.735 8.697 9.856 9.888 9.893 9.433 9.250 9.637 10.340 10.675 10.221 8.970 7.879 7.182 6.018 4.285 3.292 2.218 4.753 5.431 6.675 8.448 9.818
-9999.000 -9999.000 -9999.000 -9999.000 -9999.000 -9999.000 -nan -nan 0.210 0.253 0.299 0.384 0.451 0.586 0.738 0.907 1.094 1.321 1.764 2.456 2.919 3.301 3.967 4.376 4.894 4.894 5.359 5.547 5.740 5.872 5.912 5.866 5.806 5.529 5.090 4.584 4.220 3.967 3.840 3.854 3.865 3.935 4.074 4.399 4.804 5.294 5.934 6.694 7.342 7.762 8.074 8.060 7.877 7.407 6.459 5.709 4.965 4.321 3.202 2.458 1.710 1.282 4.019 5.776 7.118 8.308 9.267
-9999.000 -9999.000 -9999.000 -9999.000 -9999.000 -9999.000 -9999.000 -nan -nan -nan -nan -nan 0.192 0.302 0.433 0.586 1.071 1.043 1.120 1.316 1.579 1.930 2.472 2.683 2.567 2.411 2.660 3.434 3.559 3.621 3.637 3.617 3.584 3.441 3.162 2.874 2.686 2.578 2.566 2.525 2.529 2.582 2.645 2.698 2.860 3.175 3.615 4.175 4.556 4.819 5.017 5.216 4.949 4.551 3.946 3.527 3.015 2.109 1.298 0.956 0.542 0.670 1.968 4.889 7.173 8.389 9.359
-9999.000 -9999.000 -9999.000 -9999.000 -9999.000 -9999.000 -9999.000 -9999.000 -9999.000 -9999.000 -9999.000 -nan -nan -nan 0.226 0.287 0.578 0.794 0.774 0.954 1.026 1.214 1.628 1.747 1.408 2.017 1.808 1.912 2.337 2.354 2.356 2.335 2.322 2.220 2.061 1.906 1.828 1.570 1.418 1.219 0.944 0.715 0.723 0.932 1.077 1.241 1.436 1.660 2.133 2.503 2.687 2.678 2.515 2.231 1.853 1.590 1.304 0.722 0.171 0.167 0.130 0.299 0.995 3.230 5.286 6.918 8.590
-9999.000 -9999.000 -9999.000 -9999.000 -9999.000 -9999.000 -9999.000 -9999.000 -9999.000 -9999.000 -9999.000 -9999.000 -9999.000 -nan -nan -nan 0.245 0.398 0.440 0.593 0.673 0.751 1.058 1.074 0.965 1.243 1.160 1.142 1.374 1.443 1.500 1.541 1.530 1.483 1.398 1.159 0.641 0.275 0.269 0.225 0.051 0.060 0.190 0.172 0.273 0.264 0.225 0.285 0.634 0.754 0.758 0.755 0.845 0.718 0.526 0.492 0.847 0.940 0.770 0.549 0.435 0.180 0.360 1.411 3.284 4.833 5.830
-9999.000 -9999.000 -9999.000 -9999.000 -9999.000 -9999.000 -9999.000 -9999.000 -9999.000 -9999.000 -9999.000 -9999.000 -9999.000 -9999.000 -9999.000 -nan -nan -nan 0.175 0.289 0.366 0.418 0.488 0.482 0.539 0.593 0.601 0.658 0.709 0.719 0.727 0.714 0.706 0.664 0.459 0.157 0.308 0.158 0.141 0.167 0.034 0.189 0.160 0.139 0.194 0.171 0.056 0.074 0.097 0.068 0.123 0.087 0.489 0.748 0.925 1.223 1.533 1.696 1.630 1.064 0.696 0.436 0.156 0.418 1.225 2.799 3.710
-9999.000 -9999.000 -9999.000 -9999.000 -9999.000 -9999.000 -9999.000 -9999.000 -9999.000 -9999.000 -9999.000 -9999.000 -9999.000 -9999.000 -9999.000 -9999.000 -9999.000 -nan -nan -nan 0.140 0.187 0.206 0.182 0.203 0.219 0.225 0.209 0.270 0.275 0.244 0.255 0.229 0.138 0.138 0.091 0.117 0.135 0.057 0.046 0.064 0.053 0.078 0.119 0.151 0.173 0.048 0.087 0.160 0.055 0.090 0.057 0.210 0.546 0.806 1.046 1.450 1.695 1.753 1.622 1.235 0.700 0.234 0.153 0.233 0.983 2.195
-9999.000 -9999.000 -9999.000 -9999.000 -9999.000 -9999.000 -9999.000 -9999.000 -9999.000 -9999.000 -9999.000 -9999.000 -9999.000 -9999.000 -9999.000 -9999.000 -9999.000 -9999.000 -9999.000 -nan -nan -nan -nan -nan -nan -nan -nan -nan -nan -nan -nan -nan -nan -nan -nan -nan -nan -nan -nan -nan -nan 0.006 0.025 0.007 0.109 0.138 0.046 0.079 0.120 0.090 0.011 0.009 0.078 0.261 0.518 0.642 0.862 0.900 0.918 1.035 1.084 0.877 0.638 0.284 0.204 0.246 0.721
-9999.000 -9999.000 -9999.000 -9999.000 -9999.000 -9999.000 -9999.000 -9999.000 -9999.000 -9999.000 -9999.000 -9999.000 -9999.000 -9999.000 -9999.000 -9999.000 -9999.000 -9999.000 -9999.000 -9999.000 -9999.000 -9999.000 -9999.000 -9999.000 -9999.000 -9999.000 -9999.000 -9999.000 -9999.000 -9999.000 -9999.000 -9999.000 -9999.000 -9999.000 -9999.000 -9999.000 -9999.000 -9999.000 -9999.000 -9999.000 -nan -nan -nan -nan 0.002 0.001 0.000 0.000 0.000 0.002 0.009 0.030 0.038 0.113 0.265 0.382 0.367 0.324 0.282 0.169 0.306 0.377 0.471 0.438 0.366 0.166 0.237
