AvaFrame/avaframe/data/avaSalk/Avaflow_Input_Output/slk_results/slk_ascii/slk_hflow10011.asc
ncols 296
nrows 144
xllcenter 761600.00
yllcenter 8523000.00
cellsize 12.50
NODATA_value -9999.000
[rows 102 to 135 of 144, columns 154 to 230 of 296]
1.351 1.494 1.660 1.946 2.294 2.562 2.772 2.973 3.252 3.614 3.912 3.991 3.964 3.910 3.872 3.890 3.862 3.781 3.656 3.492 3.383 3.286 3.173 3.092 3.040 3.027 3.040 3.085 3.204 3.498 3.999 4.634 5.277 5.704 5.947 6.050 6.045 5.896 5.603 4.968 3.892 2.858 2.501 2.471 2.491 2.577 2.767 3.158 3.842 4.853 6.101 7.242 8.198 8.992 9.536 10.078 10.472 10.767 10.982 10.997 10.958 10.766 10.512 10.080 9.548 8.704 7.475 5.644 3.641 2.064 0.952 0.380 0.198 0.175 0.190 0.212 0.238
0.333 0.371 0.414 0.513 0.695 0.870 1.031 1.208 1.426 1.615 1.707 1.739 1.770 1.789 1.795 1.792 1.727 1.588 1.434 1.305 1.214 1.161 1.134 1.117 1.087 1.072 1.083 1.163 1.347 1.685 2.167 2.650 2.959 3.143 3.318 3.491 3.566 3.507 2.996 1.898 1.069 0.863 0.968 1.161 1.373 1.662 2.125 2.814 3.749 4.943 6.329 7.655 8.792 9.816 10.631 11.374 11.819 12.046 12.181 12.109 12.078 11.904 11.572 11.148 10.475 9.590 8.252 6.404 4.523 2.966 1.710 0.873 0.447 0.299 0.280 0.309 0.468
0.091 0.095 0.101 0.120 0.167 0.220 0.269 0.332 0.408 0.453 0.470 0.481 0.501 0.535 0.554 0.548 0.505 0.431 0.368 0.325 0.299 0.288 0.287 0.286 0.278 0.270 0.268 0.292 0.384 0.556 0.786 0.986 1.113 1.206 1.312 1.411 1.454 1.395 0.981 0.380 0.190 0.195 0.262 0.390 0.549 0.771 1.248 2.138 3.381 4.846 6.309 7.735 8.993 10.234 11.251 12.144 12.634 12.889 13.073 12.987 12.889 12.675 12.302 11.914 11.272 10.469 9.169 7.394 5.580 4.084 2.828 1.849 1.210 0.903 0.834 0.913 1.319
0.034 0.035 0.035 0.040 0.053 0.067 0.079 0.093 0.104 0.108 0.108 0.110 0.117 0.132 0.140 0.137 0.124 0.104 0.093 0.085 0.081 0.079 0.079 0.078 0.077 0.075 0.075 0.080 0.101 0.141 0.192 0.242 0.284 0.318 0.344 0.354 0.356 0.328 0.184 0.071 0.052 0.051 0.062 0.095 0.149 0.243 0.482 1.159 2.485 4.269 5.934 7.448 8.803 10.193 11.342 12.366 13.007 13.322 13.515 13.441 13.398 13.165 12.864 12.451 11.868 11.093 10.147 8.731 6.974 5.465 4.269 3.265 2.530 2.170 2.123 2.306 2.830
0.014 0.015 0.015 0.017 0.021 0.027 0.032 0.036 0.037 0.037 0.037 0.037 0.040 0.046 0.048 0.046 0.041 0.035 0.032 0.030 0.029 0.029 0.029 0.029 0.028 0.028 0.029 0.031 0.038 0.049 0.060 0.075 0.086 0.090 0.089 0.088 0.086 0.079 0.052 0.030 0.022 0.021 0.022 0.027 0.038 0.058 0.120 0.382 1.238 2.913 4.854 6.587 8.123 9.690 10.998 12.122 12.925 13.335 13.576 13.515 13.487 13.211 12.973 12.532 12.136 11.654 11.058 10.124 8.700 7.194 5.968 4.953 4.214 3.858 3.813 3.912 4.126
0.007 0.007 0.008 0.008 0.009 0.012 0.015 0.016 0.016 0.016 0.016 0.016 0.017 0.019 0.019 0.018 0.016 0.014 0.013 0.013 0.013 0.013 0.012 0.012 0.012 0.013 0.013 0.015 0.018 0.022 0.027 0.031 0.033 0.033 0.033 0.035 0.036 0.034 0.029 0.021 0.015 0.012 0.011 0.012 0.015 0.019 0.029 0.081 0.385 1.331 3.055 5.075 6.956 8.739 10.229 11.508 12.424 12.980 13.300 13.365 13.392 13.152 12.916 12.585 12.242 11.968 11.644 11.057 9.985 8.618 7.464 6.533 5.809 5.357 5.127 4.973 4.838
0.003 0.004 0.004 0.004 0.004 0.006 0.007 0.008 0.008 0.008 0.008 0.008 0.008 0.009 0.009 0.008 0.007 0.007 0.006 0.006 0.006 0.006 0.006 0.006 0.007 0.007 0.008 0.009 0.010 0.012 0.015 0.016 0.017 0.018 0.020 0.022 0.023 0.022 0.021 0.017 0.012 0.009 0.007 0.007 0.008 0.009 0.012 0.020 0.077 0.408 1.363 3.051 5.135 7.199 8.942 10.426 11.454 12.174 12.471 12.794 12.914 12.846 12.751 12.477 12.234 12.086 11.853 11.523 10.755 9.554 8.374 7.513 6.882 6.387 5.947 5.533 5.160
0.002 0.002 0.002 0.002 0.002 0.003 0.004 0.004 0.004 0.004 0.004 0.004 0.004 0.004 0.004 0.004 0.004 0.003 0.003 0.003 0.004 0.004 0.004 0.004 0.005 0.005 0.006 0.007 0.008 0.009 0.011 0.012 0.013 0.014 0.016 0.017 0.017 0.017 0.016 0.014 0.011 0.008 0.006 0.005 0.005 0.005 0.006 0.009 0.018 0.072 0.370 1.247 2.867 4.991 7.047 8.690 9.835 10.769 11.191 11.654 11.924 12.055 12.084 12.044 12.083 12.081 11.860 11.486 10.840 9.753 8.540 7.719 7.146 6.655 6.160 5.649 5.169
0.001 0.001 0.001 0.001 0.001 0.001 0.002 0.002 0.002 0.002 0.002 0.002 0.002 0.002 0.002 0.002 0.002 0.002 0.002 0.002 0.002 0.003 0.003 0.003 0.004 0.004 0.005 0.006 0.007 0.008 0.010 0.011 0.012 0.013 0.013 0.014 0.014 0.013 0.013 0.011 0.009 0.007 0.005 0.004 0.003 0.003 0.004 0.005 0.008 0.016 0.053 0.290 1.067 2.562 4.522 6.256 7.649 8.887 9.698 10.243 10.651 10.889 11.060 11.226 11.491 11.611 11.528 11.139 10.511 9.537 8.397 7.585 6.985 6.476 5.957 5.447 4.928
0.000 0.000 0.000 0.000 0.001 0.001 0.001 0.001 0.001 0.001 0.001 0.001 0.001 0.001 0.001 0.001 0.001 0.001 0.001 0.001 0.002 0.002 0.002 0.002 0.003 0.003 0.004 0.005 0.006 0.007 0.009 0.010 0.011 0.012 0.012 0.012 0.012 0.012 0.011 0.010 0.009 0.007 0.005 0.004 0.003 0.003 0.003 0.003 0.004 0.007 0.014 0.035 0.229 0.914 2.194 3.674 5.126 6.572 7.791 8.649 9.273 9.555 9.824 10.068 10.413 10.642 10.667 10.363 9.816 8.978 7.977 7.180 6.535 6.007 5.461 4.956 4.383
0.000 0.000 0.000 0.000 0.000 0.000 0.000 0.000 0.000 0.000 0.000 0.000 0.000 0.000 0.000 0.000 0.000 0.000 0.001 0.001 0.001 0.001 0.001 0.002 0.002 0.002 0.003 0.004 0.005 0.006 0.008 0.009 0.010 0.011 0.012 0.012 0.012 0.012 0.012 0.011 0.009 0.007 0.005 0.004 0.003 0.002 0.002 0.002 0.003 0.004 0.006 0.011 0.029 0.197 0.767 1.766 2.965 4.234 5.550 6.747 7.654 8.135 8.485 8.785 9.055 9.269 9.356 9.212 8.869 8.168 7.301 6.529 5.860 5.282 4.712 4.169 3.591
0.000 0.000 0.000 0.000 0.000 0.000 0.000 0.000 0.000 0.000 0.000 0.000 0.000 0.000 0.000 0.000 0.000 0.000 0.000 0.000 0.000 0.000 0.001 0.001 0.001 0.001 0.002 0.003 0.004 0.005 0.006 0.008 0.010 0.011 0.013 0.013 0.014 0.014 0.014 0.013 0.010 0.007 0.005 0.004 0.003 0.002 0.002 0.002 0.002 0.002 0.003 0.005 0.010 0.029 0.174 0.626 1.402 2.378 3.502 4.684 5.794 6.557 7.080 7.430 7.633 7.752 7.833 7.772 7.605 7.101 6.395 5.667 4.990 4.375 3.815 3.278 2.758
0.000 0.000 0.000 0.000 0.000 0.000 0.000 0.000 0.000 0.000 0.000 0.000 0.000 0.000 0.000 0.000 0.000 0.000 0.000 0.000 0.000 0.000 0.000 0.000 0.000 0.001 0.001 0.002 0.002 0.003 0.005 0.006 0.009 0.011 0.013 0.014 0.015 0.016 0.016 0.014 0.011 0.008 0.005 0.004 0.003 0.002 0.001 0.001 0.001 0.001 0.002 0.003 0.005 0.010 0.029 0.145 0.485 1.087 1.908 2.890 3.965 4.873 5.586 6.092 6.370 6.426 6.381 6.196 6.004 5.707 5.245 4.689 4.094 3.566 3.074 2.580 2.105
0.000 0.000 0.000 0.000 0.000 0.000 0.000 0.000 0.000 0.000 0.000 0.000 0.000 0.000 0.000 0.000 0.000 0.000 0.000 0.000 0.000 0.000 0.000 0.000 0.000 0.000 0.000 0.001 0.001 0.002 0.003 0.005 0.007 0.010 0.012 0.013 0.014 0.015 0.015 0.014 0.011 0.008 0.006 0.004 0.003 0.002 0.001 0.001 0.001 0.001 0.001 0.001 0.002 0.004 0.010 0.027 0.112 0.353 0.809 1.494 2.383 3.306 4.137 4.791 5.184 5.260 5.189 4.952 4.612 4.296 4.004 3.695 3.304 2.912 2.496 2.049 1.595
0.000 0.000 0.000 0.000 0.000 0.000 0.000 0.000 0.000 0.000 0.000 0.000 0.000 0.000 0.000 0.000 0.000 0.000 0.000 0.000 0.000 0.000 0.000 0.000 0.000 0.000 0.000 0.000 0.000 0.001 0.002 0.003 0.005 0.007 0.009 0.011 0.012 0.012 0.012 0.011 0.010 0.008 0.005 0.004 0.002 0.001 0.001 0.000 0.000 0.000 0.001 0.001 0.001 0.002 0.004 0.009 0.023 0.077 0.234 0.576 1.162 1.949 2.811 3.556 4.037 4.187 4.139 3.934 3.587 3.243 2.989 2.802 2.597 2.356 2.033 1.640 1.200
0.000 0.000 0.000 0.000 0.000 0.000 0.000 0.000 0.000 0.000 0.000 0.000 0.000 0.000 0.000 0.000 0.000 0.000 0.000 0.000 0.000 0.000 0.000 0.000 0.000 0.000 0.000 0.000 0.000 0.000 0.001 0.002 0.003 0.004 0.006 0.007 0.007 0.007 0.007 0.007 0.006 0.006 0.004 0.003 0.002 0.001 0.000 0.000 0.000 0.000 0.000 0.001 0.001 0.001 0.002 0.004 0.008 0.017 0.048 0.150 0.413 0.897 1.626 2.434 2.956 3.152 3.149 3.016 2.783 2.502 2.258 2.096 1.982 1.847 1.624 1.310 0.905
0.000 0.000 0.000 0.000 0.000 0.000 0.000 0.000 0.000 0.000 0.000 0.000 0.000 0.000 0.000 0.000 0.000 0.000 0.000 0.000 0.000 0.000 0.000 0.000 0.000 0.000 0.000 0.000 0.000 0.000 0.000 0.001 0.001 0.002 0.003 0.003 0.003 0.003 0.003 0.003 0.003 0.003 0.002 0.002 0.001 0.000 0.000 0.000 0.000 0.000 0.000 0.000 0.000 0.001 0.001 0.002 0.003 0.007 0.013 0.033 0.101 0.291 0.721 1.432 1.999 2.225 2.255 2.207 2.095 1.938 1.753 1.600 1.497 1.394 1.243 1.020 0.704
0.000 0.000 0.000 0.000 0.000 0.000 0.000 0.000 0.000 0.000 0.000 0.000 0.000 0.000 0.000 0.000 0.000 0.000 0.000 0.000 0.000 0.000 0.000 0.000 0.000 0.000 0.000 0.000 0.000 0.000 0.000 0.000 0.000 0.001 0.001 0.001 0.001 0.001 0.001 0.001 0.001 0.001 0.001 0.001 0.000 0.000 0.000 0.000 0.000 0.000 0.000 0.000 0.000 0.000 0.001 0.001 0.002 0.003 0.005 0.011 0.024 0.067 0.229 0.662 1.194 1.452 1.519 1.533 1.510 1.459 1.365 1.249 1.144 1.036 0.913 0.752 0.543
0.000 0.000 0.000 0.000 0.000 0.000 0.000 0.000 0.000 0.000 0.000 0.000 0.000 0.000 0.000 0.000 0.000 0.000 0.000 0.000 0.000 0.000 0.000 0.000 0.000 0.000 0.000 0.000 0.000 0.000 0.000 0.000 0.000 0.000 0.000 0.000 0.000 0.000 0.000 0.000 0.000 0.000 0.000 0.000 0.000 0.000 0.000 0.000 0.000 0.000 0.000 0.000 0.000 0.000 0.000 0.000 0.001 0.001 0.002 0.004 0.008 0.018 0.056 0.228 0.587 0.852 0.968 1.027 1.054 1.060 1.036 0.971 0.877 0.769 0.653 0.526 0.383
0.000 0.000 0.000 0.000 0.000 0.000 0.000 0.000 0.000 0.000 0.000 0.000 0.000 0.000 0.000 0.000 0.000 0.000 0.000 0.000 0.000 0.000 0.000 0.000 0.000 0.000 0.000 0.000 0.000 0.000 0.000 0.000 0.000 0.000 0.000 0.000 0.000 0.000 0.000 0.000 0.000 0.000 0.000 0.000 0.000 0.000 0.000 0.000 0.000 0.000 0.000 0.000 0.000 0.000 0.000 0.000 0.000 0.001 0.001 0.002 0.004 0.007 0.017 0.064 0.218 0.422 0.572 0.668 0.725 0.753 0.757 0.730 0.660 0.566 0.462 0.358 0.255
0.000 0.000 0.000 0.000 0.000 0.000 0.000 0.000 0.000 0.000 0.000 0.000 0.000 0.000 0.000 0.000 0.000 0.000 0.000 0.000 0.000 0.000 0.000 0.000 0.000 0.000 0.000 0.000 0.000 0.000 0.000 0.000 0.000 0.000 0.000 0.000 0.000 0.000 0.000 0.000 0.000 0.000 0.000 0.000 0.000 0.000 0.000 0.000 0.000 0.000 0.000 0.000 0.000 0.000 0.000 0.000 0.000 0.000 0.000 0.001 0.002 0.003 0.007 0.019 0.063 0.163 0.291 0.408 0.485 0.524 0.536 0.526 0.480 0.409 0.325 0.243 0.170
0.000 0.000 0.000 0.000 0.000 0.000 0.000 0.000 0.000 0.000 0.000 0.000 0.000 0.000 0.000 0.000 0.000 0.000 0.000 0.000 0.000 0.000 0.000 0.000 0.000 0.000 0.000 0.000 0.000 0.000 0.000 0.000 0.000 0.000 0.000 0.000 0.000 0.000 0.000 0.000 0.000 0.000 0.000 0.000 0.000 0.000 0.000 0.000 0.000 0.000 0.000 0.000 0.000 0.000 0.000 0.000 0.000 0.000 0.000 0.000 0.001 0.002 0.003 0.008 0.019 0.051 0.118 0.216 0.304 0.353 0.370 0.366 0.339 0.290 0.228 0.165 0.113
0.000 0.000 0.000 0.000 0.000 0.000 0.000 0.000 0.000 0.000 0.000 0.000 0.000 0.000 0.000 0.000 0.000 0.000 0.000 0.000 0.000 0.000 0.000 0.000 0.000 0.000 0.000 0.000 0.000 0.000 0.000 0.000 0.000 0.000 0.000 0.000 0.000 0.000 0.000 0.000 0.000 0.000 0.000 0.000 0.000 0.000 0.000 0.000 0.000 0.000 0.000 0.000 0.000 0.000 0.000 0.000 0.000 0.000 0.000 0.000 0.000 0.001 0.002 0.003 0.007 0.017 0.041 0.095 0.174 0.228 0.247 0.247 0.232 0.202 0.158 0.111 0.074
0.000 0.000 0.000 0.000 0.000 0.000 0.000 0.000 0.000 0.000 0.000 0.000 0.000 0.000 0.000 0.000 0.000 0.000 0.000 0.000 0.000 0.000 0.000 0.000 0.000 0.000 0.000 0.000 0.000 0.000 0.000 0.000 0.000 0.000 0.000 0.000 0.000 0.000 0.000 0.000 0.000 0.000 0.000 0.000 0.000 0.000 0.000 0.000 0.000 0.000 0.000 0.000 0.000 0.000 0.000 0.000 0.000 0.000 0.000 0.000 0.000 0.000 0.001 0.002 0.004 0.007 0.016 0.040 0.093 0.140 0.158 0.161 0.155 0.137 0.108 0.074 0.049
0.000 0.000 0.000 0.000 0.000 0.000 0.000 0.000 0.000 0.000 0.000 0.000 0.000 0.000 0.000 0.000 0.000 0.000 0.000 0.000 0.000 0.000 0.000 0.000 0.000 0.000 0.000 0.000 0.000 0.000 0.000 0.000 0.000 0.000 0.000 0.000 0.000 0.000 0.000 0.000 0.000 0.000 0.000 0.000 0.000 0.000 0.000 0.000 0.000 0.000 0.000 0.000 0.000 0.000 0.000 0.000 0.000 0.000 0.000 0.000 0.000 0.000 0.000 0.001 0.002 0.004 0.008 0.019 0.049 0.083 0.098 0.101 0.099 0.090 0.071 0.048 0.032
0.000 0.000 0.000 0.000 0.000 0.000 0.000 0.000 0.000 0.000 0.000 0.000 0.000 0.000 0.000 0.000 0.000 0.000 0.000 0.000 0.000 0.000 0.000 0.000 0.000 0.000 0.000 0.000 0.000 0.000 0.000 0.000 0.000 0.000 0.000 0.000 0.000 0.000 0.000 0.000 0.000 0.000 0.000 0.000 0.000 0.000 0.000 0.000 0.000 0.000 0.000 0.000 0.000 0.000 0.000 0.000 0.000 0.000 0.000 0.000 0.000 0.000 0.000 0.000 0.001 0.002 0.004 0.010 0.026 0.047 0.059 0.062 0.062 0.057 0.046 0.031 0.021
0.000 0.000 0.000 0.000 0.000 0.000 0.000 0.000 0.000 0.000 0.000 0.000 0.000 0.000 0.000 0.000 0.000 0.000 0.000 0.000 0.000 0.000 0.000 0.000 0.000 0.000 0.000 0.000 0.000 0.000 0.000 0.000 0.000 0.000 0.000 0.000 0.000 0.000 0.000 0.000 0.000 0.000 0.000 0.000 0.000 0.000 0.000 0.000 0.000 0.000 0.000 0.000 0.000 0.000 0.000 0.000 0.000 0.000 0.000 0.000 0.000 0.000 0.000 0.000 0.000 0.001 0.003 0.006 0.013 0.026 0.034 0.037 0.037 0.035 0.028 0.020 0.013
0.000 0.000 0.000 0.000 0.000 0.000 0.000 0.000 0.000 0.000 0.000 0.000 0.000 0.000 0.000 0.000 0.000 0.000 0.000 0.000 0.000 0.000 0.000 0.000 0.000 0.000 0.000 0.000 0.000 0.000 0.000 0.000 0.000 0.000 0.000 0.000 0.000 0.000 0.000 0.000 0.000 0.000 0.000 0.000 0.000 0.000 0.000 0.000 0.000 0.000 0.000 0.000 0.000 0.000 0.000 0.000 0.000 0.000 0.000 0.000 0.000 0.000 0.000 0.000 0.000 0.001 0.001 0.003 0.007 0.014 0.020 0.022 0.022 0.020 0.017 0.012 0.008
0.000 0.000 0.000 0.000 0.000 0.000 0.000 0.000 0.000 0.000 0.000 0.000 0.000 0.000 0.000 0.000 0.000 0.000 0.000 0.000 0.000 0.000 0.000 0.000 0.000 0.000 0.000 0.000 0.000 0.000 0.000 0.000 0.000 0.000 0.000 0.000 0.000 0.000 0.000 0.000 0.000 0.000 0.000 0.000 0.000 0.000 0.000 0.000 0.000 0.000 0.000 0.000 0.000 0.000 0.000 0.000 0.000 0.000 0.000 0.000 0.000 0.000 0.000 0.000 0.000 0.000 0.001 0.002 0.004 0.008 0.011 0.012 0.012 0.012 0.010 0.007 0.004
0.000 0.000 0.000 0.000 0.000 0.000 0.000 0.000 0.000 0.000 0.000 0.000 0.000 0.000 0.000 0.000 0.000 0.000 0.000 0.000 0.000 0.000 0.000 0.000 0.000 0.000 0.000 0.000 0.000 0.000 0.000 0.000 0.000 0.000 0.000 0.000 0.000 0.000 0.000 0.000 0.000 0.000 0.000 0.000 0.000 0.000 0.000 0.000 0.000 0.000 0.000 0.000 0.000 0.000 0.000 0.000 0.000 0.000 0.000 0.000 0.000 0.000 0.000 0.000 0.000 0.000 0.000 0.001 0.002 0.004 0.006 0.006 0.006 0.006 0.005 0.004 0.002
0.000 0.000 0.000 0.000 0.000 0.000 0.000 0.000 0.000 0.000 0.000 0.000 0.000 0.000 0.000 0.000 0.000 0.000 0.000 0.000 0.000 0.000 0.000 0.000 0.000 0.000 0.000 0.000 0.000 0.000 0.000 0.000 0.000 0.000 0.000 0.000 0.000 0.000 0.000 0.000 0.000 0.000 0.000 0.000 0.000 0.000 0.000 0.000 0.000 0.000 0.000 0.000 0.000 0.000 0.000 0.000 0.000 0.000 0.000 0.000 0.000 0.000 0.000 0.000 0.000 0.000 0.000 0.000 0.001 0.002 0.003 0.003 0.003 0.003 0.002 0.002 0.001
0.000 0.000 0.000 0.000 0.000 0.000 0.000 0.000 0.000 0.000 0.000 0.000 0.000 0.000 0.000 0.000 0.000 0.000 0.000 0.000 0.000 0.000 0.000 0.000 0.000 0.000 0.000 0.000 0.000 0.000 0.000 0.000 0.000 0.000 0.000 0.000 0.000 0.000 0.000 0.000 0.000 0.000 0.000 0.000 0.000 0.000 0.000 0.000 0.000 0.000 0.000 0.000 0.000 0.000 0.000 0.000 0.000 0.000 0.000 0.000 0.000 0.000 0.000 0.000 0.000 0.000 0.000 0.000 0.000 0.000 0.001 0.001 0.001 0.001 0.001 0.001 0.000
0.000 0.000 0.000 0.000 0.000 0.000 0.000 0.000 0.000 0.000 0.000 0.000 0.000 0.000 0.000 0.000 0.000 0.000 0.000 0.000 0.000 0.000 0.000 0.000 0.000 0.000 0.000 0.000 0.000 0.000 0.000 0.000 0.000 0.000 0.000 0.000 0.000 0.000 0.000 0.000 0.000 0.000 0.000 0.000 0.000 0.000 0.000 0.000 0.000 0.000 0.000 0.000 0.000 0.000 0.000 0.000 0.000 0.000 0.000 0.000 0.000 0.000 0.000 0.000 0.000 0.000 0.000 0.000 0.000 0.000 0.000 0.000 0.000 0.000 0.000 0.000 0.000
0.000 0.000 0.000 0.000 0.000 0.000 0.000 0.000 0.000 0.000 0.000 0.000 0.000 0.000 0.000 0.000 0.000 0.000 0.000 0.000 0.000 0.000 0.000 0.000 0.000 0.000 0.000 0.000 0.000 0.000 0.000 0.000 0.000 0.000 0.000 0.000 0.000 0.000 0.000 0.000 0.000 0.000 0.000 0.000 0.000 0.000 0.000 0.000 0.000 0.000 0.000 0.000 0.000 0.000 0.000 0.000 0.000 0.000 0.000 0.000 0.000 0.000 0.000 0.000 0.000 0.000 0.000 0.000 0.000 0.000 0.000 0.000 0.000 0.000 0.000 0.000 0.000
