AvaFrame/avaframe/data/avaSalk/Avaflow_Input_Output/slk_results/slk_ascii/slk_hflow10006.asc
ncols 296
nrows 144
xllcenter 761600.00
yllcenter 8523000.00
cellsize 12.50
NODATA_value -9999.000
[rows 68 to 101 of 144, columns 154 to 230 of 296]
0.000 0.000 0.000 0.000 0.000 0.000 0.000 0.000 0.000 0.000 0.000 0.000 0.000 0.000 0.000 0.000 0.001 0.001 0.001 0.001 0.001 0.001 0.002 0.002 0.002 0.002 0.003 0.003 0.004 0.006 0.008 0.010 0.012 0.014 0.016 0.019 0.021 0.024 0.028 0.032 0.036 0.040 0.044 0.047 0.050 0.052 0.055 0.061 0.068 0.077 0.086 0.096 0.107 0.120 0.138 0.161 0.192 0.234 0.290 0.369 0.484 0.654 0.935 1.233 1.426 1.530 1.574 1.590 1.579 1.536 1.471 1.366 1.237 1.063 0.877 0.745 0.661
0.000 0.000 0.000 0.000 0.000 0.000 0.000 0.000 0.000 0.000 0.000 0.000 0.000 0.000 0.000 0.001 0.001 0.001 0.001 0.001 0.001 0.001 0.002 0.003 0.003 0.003 0.004 0.005 0.006 0.008 0.010 0.012 0.015 0.017 0.020 0.023 0.026 0.030 0.034 0.038 0.042 0.046 0.049 0.052 0.054 0.057 0.062 0.068 0.078 0.089 0.102 0.114 0.127 0.145 0.169 0.202 0.246 0.306 0.388 0.503 0.668 0.911 1.221 1.473 1.609 1.646 1.617 1.578 1.554 1.491 1.390 1.243 1.051 0.866 0.732 0.655 0.610
0.000 0.000 0.000 0.000 0.000 0.000 0.000 0.000 0.000 0.000 0.000 0.000 0.000 0.000 0.001 0.001 0.001 0.001 0.001 0.001 0.001 0.002 0.003 0.004 0.004 0.005 0.006 0.007 0.008 0.010 0.013 0.016 0.018 0.022 0.025 0.029 0.033 0.037 0.041 0.045 0.048 0.051 0.054 0.057 0.060 0.065 0.071 0.080 0.091 0.104 0.119 0.135 0.153 0.178 0.211 0.256 0.319 0.405 0.524 0.695 0.928 1.199 1.434 1.582 1.657 1.674 1.628 1.552 1.489 1.401 1.252 1.060 0.877 0.745 0.660 0.610 0.577
0.000 0.000 0.000 0.000 0.000 0.000 0.000 0.000 0.000 0.000 0.000 0.000 0.000 0.001 0.001 0.001 0.001 0.001 0.001 0.001 0.002 0.003 0.004 0.005 0.006 0.007 0.008 0.009 0.011 0.014 0.017 0.020 0.023 0.027 0.030 0.035 0.039 0.043 0.047 0.051 0.054 0.058 0.060 0.064 0.068 0.075 0.084 0.095 0.109 0.124 0.142 0.162 0.189 0.224 0.268 0.329 0.415 0.534 0.701 0.975 1.239 1.440 1.565 1.632 1.657 1.659 1.618 1.512 1.395 1.263 1.080 0.894 0.765 0.680 0.622 0.580 0.544
0.000 0.000 0.000 0.000 0.000 0.000 0.000 0.000 0.000 0.000 0.000 0.001 0.001 0.001 0.001 0.001 0.001 0.001 0.002 0.002 0.003 0.004 0.005 0.007 0.009 0.010 0.011 0.013 0.015 0.018 0.021 0.025 0.029 0.032 0.037 0.042 0.046 0.050 0.054 0.057 0.061 0.065 0.069 0.073 0.080 0.090 0.102 0.116 0.132 0.151 0.172 0.200 0.239 0.288 0.348 0.429 0.542 0.699 0.961 1.362 1.594 1.654 1.654 1.660 1.646 1.606 1.560 1.451 1.280 1.098 0.926 0.790 0.698 0.636 0.590 0.548 0.507
0.001 0.001 0.001 0.001 0.001 0.001 0.001 0.001 0.001 0.001 0.001 0.001 0.001 0.001 0.001 0.001 0.001 0.002 0.002 0.003 0.004 0.005 0.008 0.010 0.012 0.013 0.015 0.017 0.020 0.023 0.026 0.030 0.035 0.039 0.044 0.049 0.054 0.057 0.061 0.065 0.070 0.075 0.080 0.087 0.096 0.109 0.125 0.142 0.161 0.184 0.213 0.252 0.307 0.375 0.455 0.566 0.721 0.953 1.400 1.794 1.882 1.794 1.674 1.643 1.600 1.522 1.439 1.320 1.118 0.929 0.800 0.713 0.650 0.600 0.557 0.514 0.467
0.001 0.001 0.001 0.001 0.001 0.001 0.001 0.001 0.001 0.001 0.001 0.001 0.001 0.001 0.001 0.002 0.002 0.003 0.004 0.005 0.006 0.008 0.011 0.014 0.016 0.018 0.020 0.022 0.025 0.029 0.033 0.037 0.041 0.046 0.052 0.057 0.061 0.066 0.070 0.074 0.079 0.086 0.094 0.105 0.118 0.135 0.153 0.172 0.195 0.225 0.266 0.324 0.405 0.497 0.606 0.771 1.028 1.439 1.848 1.984 1.974 1.847 1.691 1.604 1.512 1.397 1.268 1.112 0.934 0.797 0.709 0.652 0.607 0.565 0.522 0.476 0.421
0.001 0.001 0.001 0.001 0.001 0.001 0.001 0.001 0.001 0.001 0.001 0.001 0.001 0.001 0.002 0.002 0.003 0.005 0.006 0.008 0.010 0.013 0.016 0.019 0.022 0.024 0.026 0.029 0.031 0.035 0.040 0.044 0.049 0.054 0.061 0.066 0.070 0.075 0.080 0.085 0.092 0.100 0.113 0.129 0.146 0.166 0.186 0.208 0.238 0.280 0.339 0.425 0.541 0.684 0.867 1.150 1.519 1.838 1.967 1.980 1.942 1.829 1.690 1.541 1.399 1.263 1.097 0.936 0.807 0.716 0.656 0.613 0.574 0.531 0.484 0.429 0.367
0.002 0.002 0.002 0.002 0.002 0.002 0.002 0.002 0.002 0.002 0.002 0.002 0.002 0.002 0.003 0.004 0.006 0.009 0.012 0.015 0.018 0.021 0.024 0.026 0.029 0.032 0.034 0.036 0.039 0.042 0.047 0.052 0.057 0.063 0.070 0.076 0.080 0.085 0.091 0.098 0.107 0.120 0.139 0.161 0.183 0.204 0.225 0.253 0.293 0.354 0.440 0.561 0.741 1.011 1.384 1.699 1.860 1.901 1.912 1.872 1.758 1.682 1.605 1.460 1.264 1.097 0.930 0.804 0.727 0.675 0.634 0.593 0.545 0.492 0.433 0.368 0.317
0.003 0.003 0.003 0.003 0.004 0.004 0.004 0.004 0.003 0.003 0.003 0.003 0.003 0.004 0.005 0.008 0.012 0.017 0.024 0.030 0.034 0.037 0.038 0.039 0.041 0.043 0.045 0.046 0.047 0.050 0.055 0.060 0.066 0.073 0.080 0.086 0.092 0.098 0.105 0.114 0.127 0.146 0.175 0.206 0.231 0.252 0.275 0.310 0.368 0.457 0.583 0.772 1.069 1.468 1.824 1.940 1.897 1.802 1.712 1.577 1.446 1.441 1.436 1.329 1.097 0.912 0.789 0.723 0.689 0.662 0.630 0.583 0.509 0.439 0.371 0.311 0.281
0.007 0.006 0.007 0.007 0.009 0.010 0.011 0.010 0.008 0.006 0.006 0.006 0.006 0.008 0.010 0.015 0.023 0.035 0.050 0.061 0.066 0.068 0.066 0.062 0.061 0.059 0.057 0.056 0.057 0.059 0.063 0.070 0.077 0.084 0.091 0.097 0.104 0.112 0.122 0.136 0.154 0.181 0.216 0.249 0.278 0.306 0.337 0.390 0.478 0.609 0.803 1.095 1.428 1.718 1.874 1.896 1.801 1.629 1.505 1.397 1.297 1.314 1.310 1.176 0.943 0.793 0.715 0.685 0.675 0.663 0.633 0.566 0.456 0.375 0.317 0.275 0.258
0.015 0.015 0.016 0.018 0.024 0.028 0.029 0.028 0.021 0.017 0.016 0.015 0.016 0.018 0.023 0.032 0.046 0.069 0.100 0.118 0.122 0.113 0.097 0.085 0.077 0.072 0.068 0.066 0.066 0.068 0.073 0.080 0.089 0.097 0.104 0.111 0.120 0.130 0.144 0.163 0.189 0.221 0.254 0.284 0.320 0.364 0.421 0.505 0.640 0.840 1.124 1.413 1.605 1.721 1.763 1.724 1.629 1.501 1.394 1.302 1.211 1.211 1.182 1.021 0.823 0.720 0.676 0.667 0.671 0.668 0.637 0.554 0.422 0.335 0.287 0.259 0.249
0.042 0.043 0.046 0.057 0.073 0.082 0.084 0.074 0.059 0.052 0.049 0.047 0.047 0.048 0.054 0.066 0.089 0.133 0.184 0.206 0.190 0.144 0.113 0.096 0.087 0.082 0.079 0.077 0.075 0.077 0.083 0.093 0.105 0.113 0.119 0.128 0.139 0.153 0.172 0.198 0.230 0.262 0.291 0.322 0.366 0.435 0.535 0.673 0.875 1.161 1.431 1.595 1.663 1.671 1.631 1.579 1.503 1.399 1.308 1.220 1.130 1.096 1.035 0.882 0.731 0.659 0.636 0.639 0.660 0.663 0.637 0.555 0.416 0.323 0.279 0.258 0.246
0.151 0.156 0.175 0.213 0.250 0.260 0.244 0.202 0.167 0.150 0.140 0.129 0.119 0.115 0.118 0.133 0.170 0.232 0.275 0.274 0.224 0.156 0.119 0.102 0.094 0.092 0.093 0.092 0.090 0.090 0.095 0.110 0.125 0.131 0.137 0.147 0.163 0.183 0.208 0.241 0.275 0.305 0.336 0.376 0.442 0.547 0.699 0.913 1.189 1.446 1.603 1.662 1.670 1.646 1.572 1.485 1.405 1.317 1.232 1.144 1.051 0.973 0.878 0.751 0.652 0.601 0.586 0.595 0.635 0.654 0.638 0.563 0.422 0.325 0.282 0.262 0.247
0.551 0.556 0.586 0.649 0.688 0.684 0.624 0.527 0.441 0.380 0.338 0.301 0.269 0.249 0.243 0.256 0.298 0.335 0.331 0.296 0.226 0.158 0.122 0.107 0.104 0.110 0.120 0.123 0.120 0.115 0.119 0.136 0.150 0.154 0.158 0.171 0.193 0.221 0.254 0.290 0.323 0.356 0.397 0.462 0.566 0.720 0.938 1.206 1.458 1.612 1.666 1.676 1.663 1.604 1.510 1.413 1.327 1.246 1.161 1.067 0.964 0.855 0.745 0.647 0.578 0.539 0.527 0.539 0.600 0.649 0.648 0.586 0.441 0.336 0.292 0.272 0.254
1.389 1.376 1.390 1.427 1.435 1.402 1.310 1.168 1.001 0.842 0.723 0.635 0.565 0.509 0.473 0.455 0.447 0.400 0.340 0.278 0.210 0.157 0.127 0.119 0.128 0.153 0.179 0.191 0.189 0.176 0.170 0.179 0.187 0.188 0.190 0.205 0.233 0.270 0.308 0.345 0.381 0.424 0.488 0.592 0.753 0.962 1.222 1.463 1.603 1.661 1.669 1.666 1.639 1.554 1.449 1.356 1.267 1.179 1.087 0.981 0.863 0.750 0.651 0.570 0.505 0.470 0.460 0.472 0.553 0.648 0.670 0.623 0.470 0.353 0.307 0.287 0.267
2.604 2.564 2.537 2.515 2.490 2.442 2.345 2.175 1.934 1.638 1.404 1.241 1.113 0.996 0.885 0.765 0.589 0.421 0.313 0.252 0.205 0.168 0.153 0.159 0.188 0.236 0.285 0.317 0.329 0.317 0.288 0.258 0.245 0.242 0.244 0.260 0.293 0.333 0.374 0.414 0.462 0.531 0.638 0.796 1.031 1.309 1.507 1.607 1.666 1.675 1.648 1.635 1.597 1.495 1.379 1.285 1.196 1.098 0.984 0.866 0.757 0.664 0.581 0.503 0.428 0.391 0.383 0.396 0.494 0.652 0.710 0.671 0.504 0.375 0.326 0.303 0.274
4.099 4.033 3.982 3.939 3.901 3.850 3.750 3.563 3.267 2.861 2.510 2.247 2.024 1.805 1.560 1.158 0.694 0.415 0.298 0.254 0.231 0.219 0.231 0.268 0.325 0.391 0.461 0.528 0.577 0.590 0.541 0.417 0.344 0.325 0.325 0.340 0.377 0.419 0.461 0.515 0.594 0.717 0.902 1.130 1.355 1.567 1.698 1.726 1.694 1.639 1.604 1.586 1.551 1.433 1.296 1.186 1.093 0.993 0.877 0.770 0.680 0.595 0.512 0.426 0.347 0.312 0.306 0.323 0.436 0.657 0.756 0.720 0.539 0.403 0.348 0.312 0.268
5.901 5.813 5.751 5.704 5.654 5.578 5.451 5.247 4.938 4.524 4.095 3.716 3.347 2.931 2.351 1.437 0.739 0.421 0.321 0.300 0.311 0.349 0.419 0.508 0.598 0.684 0.775 0.879 0.970 1.016 0.943 0.669 0.499 0.439 0.429 0.443 0.488 0.538 0.592 0.674 0.801 0.987 1.252 1.513 1.655 1.716 1.735 1.729 1.697 1.573 1.556 1.547 1.503 1.358 1.199 1.077 0.987 0.894 0.788 0.695 0.614 0.531 0.438 0.350 0.285 0.259 0.257 0.285 0.413 0.668 0.788 0.756 0.579 0.434 0.361 0.305 0.244
7.828 7.648 7.486 7.335 7.191 7.050 6.873 6.645 6.356 5.999 5.581 5.109 4.549 3.832 2.803 1.524 0.762 0.479 0.420 0.426 0.492 0.632 0.806 0.962 1.088 1.203 1.321 1.460 1.575 1.621 1.402 0.872 0.628 0.561 0.553 0.573 0.634 0.707 0.793 0.908 1.072 1.257 1.481 1.674 1.764 1.777 1.728 1.644 1.586 1.500 1.494 1.500 1.445 1.256 1.074 0.949 0.868 0.793 0.709 0.630 0.552 0.461 0.369 0.298 0.255 0.239 0.242 0.281 0.423 0.686 0.812 0.785 0.631 0.460 0.355 0.279 0.210
9.439 9.123 8.818 8.550 8.306 8.071 7.842 7.596 7.310 6.968 6.547 6.014 5.294 4.325 2.904 1.538 0.859 0.669 0.653 0.714 0.889 1.193 1.509 1.743 1.924 2.078 2.227 2.377 2.482 2.491 1.961 1.031 0.723 0.685 0.707 0.757 0.833 0.932 1.056 1.202 1.379 1.516 1.626 1.710 1.761 1.783 1.729 1.561 1.454 1.449 1.468 1.456 1.348 1.110 0.920 0.814 0.757 0.708 0.653 0.587 0.496 0.389 0.307 0.261 0.243 0.238 0.248 0.301 0.462 0.718 0.831 0.812 0.679 0.465 0.326 0.238 0.180
10.535 10.122 9.719 9.349 9.023 8.736 8.459 8.180 7.883 7.537 7.101 6.487 5.616 4.457 2.766 1.559 1.114 1.052 1.126 1.311 1.658 2.168 2.649 3.008 3.277 3.478 3.631 3.745 3.804 3.755 2.892 1.308 0.820 0.816 0.873 0.961 1.057 1.158 1.290 1.465 1.657 1.752 1.773 1.771 1.762 1.771 1.712 1.513 1.407 1.436 1.463 1.379 1.173 0.935 0.789 0.726 0.696 0.669 0.633 0.562 0.439 0.323 0.256 0.231 0.229 0.240 0.268 0.342 0.529 0.767 0.855 0.840 0.704 0.435 0.275 0.196 0.159
11.167 10.702 10.222 9.795 9.418 9.087 8.794 8.505 8.200 7.852 7.391 6.662 5.682 4.272 2.567 1.730 1.561 1.686 1.970 2.371 2.935 3.671 4.350 4.886 5.283 5.527 5.650 5.703 5.708 5.586 4.593 2.147 1.012 0.952 1.013 1.108 1.227 1.360 1.491 1.628 1.765 1.839 1.846 1.814 1.744 1.707 1.640 1.516 1.450 1.440 1.413 1.231 0.951 0.778 0.702 0.681 0.674 0.664 0.631 0.531 0.368 0.263 0.218 0.208 0.213 0.237 0.288 0.392 0.608 0.824 0.889 0.868 0.692 0.368 0.212 0.161 0.147
11.449 10.920 10.404 9.961 9.561 9.215 8.909 8.615 8.332 8.011 7.497 6.637 5.529 4.025 2.704 2.240 2.316 2.738 3.352 4.059 4.900 5.842 6.714 7.449 7.964 8.245 8.383 8.413 8.412 8.225 7.280 4.164 1.492 1.091 1.156 1.249 1.369 1.535 1.670 1.749 1.791 1.820 1.846 1.816 1.667 1.558 1.516 1.489 1.487 1.434 1.263 1.000 0.774 0.678 0.651 0.657 0.671 0.670 0.627 0.484 0.301 0.220 0.199 0.199 0.209 0.235 0.297 0.436 0.693 0.901 0.949 0.894 0.640 0.304 0.176 0.146 0.143
11.428 10.902 10.438 10.007 9.610 9.269 8.974 8.703 8.433 8.068 7.448 6.494 5.349 4.114 3.402 3.331 3.717 4.504 5.494 6.509 7.587 8.629 9.493 10.209 10.800 11.198 11.491 11.619 11.627 11.463 10.650 7.642 2.850 1.238 1.311 1.472 1.580 1.669 1.747 1.789 1.787 1.746 1.762 1.743 1.578 1.406 1.396 1.431 1.442 1.345 1.069 0.798 0.660 0.616 0.617 0.647 0.673 0.672 0.620 0.458 0.275 0.205 0.194 0.200 0.216 0.239 0.297 0.453 0.749 0.958 0.988 0.890 0.593 0.285 0.172 0.146 0.144
11.122 10.650 10.294 9.944 9.602 9.247 8.945 8.697 8.427 7.994 7.343 6.449 5.518 4.959 4.951 5.342 6.140 7.245 8.394 9.424 10.298 11.091 11.750 12.332 12.876 13.358 13.808 14.018 13.955 13.855 13.242 11.313 6.315 2.486 1.600 1.549 1.659 1.727 1.763 1.770 1.726 1.642 1.577 1.527 1.448 1.346 1.317 1.328 1.310 1.185 0.912 0.685 0.594 0.578 0.593 0.642 0.674 0.672 0.616 0.455 0.279 0.209 0.200 0.209 0.231 0.255 0.301 0.448 0.744 0.953 0.986 0.880 0.577 0.295 0.186 0.156 0.152
10.410 10.159 9.990 9.799 9.551 9.176 8.884 8.615 8.279 7.891 7.364 6.804 6.540 6.858 7.602 8.433 9.319 10.132 10.848 11.536 12.132 12.829 13.353 13.776 14.189 14.544 15.067 15.438 15.364 15.183 14.621 13.598 10.839 6.579 3.929 2.512 1.745 1.560 1.671 1.703 1.617 1.491 1.412 1.331 1.250 1.241 1.235 1.191 1.124 1.011 0.797 0.622 0.560 0.556 0.580 0.635 0.668 0.666 0.611 0.463 0.304 0.236 0.222 0.227 0.250 0.282 0.324 0.441 0.705 0.912 0.951 0.864 0.585 0.327 0.218 0.179 0.168
9.435 9.436 9.453 9.416 9.287 8.952 8.651 8.343 8.053 7.891 7.758 7.927 8.451 9.315 10.234 10.875 11.470 11.905 12.318 12.709 13.108 13.751 14.196 14.498 14.829 15.049 15.543 15.954 15.970 15.829 15.399 14.783 13.785 11.588 9.393 7.268 4.901 2.662 1.691 1.466 1.491 1.405 1.297 1.219 1.121 1.098 1.108 1.074 0.999 0.896 0.729 0.599 0.552 0.549 0.572 0.625 0.654 0.653 0.605 0.476 0.347 0.287 0.267 0.264 0.278 0.310 0.359 0.456 0.664 0.847 0.891 0.829 0.610 0.378 0.267 0.217 0.191
8.230 8.522 8.701 8.731 8.694 8.477 8.206 7.969 7.852 7.935 8.267 9.013 10.040 10.985 11.676 12.127 12.531 12.699 12.988 13.210 13.498 14.021 14.382 14.705 15.013 15.152 15.571 16.002 16.067 16.056 15.793 15.259 14.882 14.238 13.630 13.210 12.060 8.910 5.161 2.506 1.545 1.362 1.253 1.130 1.034 0.995 0.990 0.977 0.923 0.824 0.691 0.595 0.555 0.551 0.569 0.611 0.628 0.624 0.585 0.487 0.396 0.354 0.339 0.333 0.328 0.346 0.394 0.494 0.655 0.764 0.797 0.772 0.632 0.445 0.334 0.268 0.220
6.944 7.446 7.740 7.833 7.872 7.770 7.626 7.551 7.613 7.857 8.448 9.473 10.780 11.714 12.253 12.566 12.852 12.856 13.087 13.304 13.570 13.960 14.279 14.594 14.854 14.997 15.266 15.672 15.848 15.878 15.651 15.057 14.832 14.762 15.047 15.429 15.405 14.359 11.820 8.029 4.223 2.325 1.694 1.337 1.095 0.962 0.900 0.862 0.818 0.738 0.648 0.594 0.568 0.562 0.579 0.612 0.622 0.616 0.582 0.515 0.473 0.482 0.527 0.545 0.519 0.447 0.444 0.539 0.671 0.708 0.697 0.689 0.625 0.502 0.404 0.325 0.256
5.725 6.266 6.612 6.789 6.886 6.892 6.907 6.962 7.149 7.559 8.316 9.492 10.915 11.855 12.353 12.598 12.823 12.751 12.866 13.083 13.322 13.511 13.717 13.926 14.082 14.208 14.371 14.562 14.742 14.777 14.688 14.327 14.272 14.486 15.045 15.533 15.588 15.078 13.923 12.073 8.888 5.669 3.785 2.775 2.032 1.409 1.010 0.831 0.742 0.671 0.620 0.597 0.592 0.647 0.743 0.822 0.860 0.873 0.874 0.888 0.964 1.126 1.335 1.435 1.399 1.124 0.705 0.592 0.668 0.664 0.608 0.595 0.583 0.524 0.446 0.370 0.294
4.508 5.031 5.402 5.633 5.764 5.855 5.972 6.122 6.391 6.873 7.748 9.063 10.472 11.346 11.791 11.985 12.071 12.004 12.073 12.188 12.330 12.424 12.483 12.507 12.524 12.462 12.328 12.290 12.429 12.485 12.582 12.660 12.929 13.497 14.049 14.332 14.322 14.089 13.403 12.186 10.099 7.248 5.091 3.981 3.345 2.606 1.766 1.103 0.793 0.681 0.638 0.685 0.944 1.371 1.757 2.054 2.267 2.409 2.512 2.605 2.736 2.954 3.221 3.378 3.396 3.044 1.977 0.921 0.618 0.583 0.529 0.517 0.522 0.506 0.461 0.400 0.333
3.185 3.633 4.002 4.292 4.477 4.613 4.760 4.935 5.241 5.786 6.720 8.001 9.123 9.796 10.157 10.302 10.309 10.275 10.315 10.296 10.273 10.242 10.121 9.971 9.786 9.490 9.144 8.945 8.918 8.934 9.184 9.688 10.475 11.349 11.852 12.048 12.050 11.943 11.575 10.812 9.344 7.122 5.058 3.995 3.491 3.039 2.489 1.767 1.168 0.936 0.983 1.506 2.469 3.330 3.967 4.489 4.937 5.264 5.443 5.497 5.486 5.461 5.459 5.419 5.384 5.219 4.196 2.091 0.768 0.493 0.460 0.457 0.461 0.465 0.451 0.413 0.365
1.553 1.801 2.083 2.424 2.703 2.886 3.058 3.258 3.615 4.248 5.178 6.184 6.865 7.215 7.381 7.501 7.598 7.630 7.588 7.422 7.218 7.007 6.714 6.397 6.075 5.807 5.610 5.484 5.459 5.537 5.839 6.459 7.395 8.326 8.868 9.054 9.029 8.924 8.707 8.355 7.443 5.773 4.312 3.554 3.151 2.854 2.566 2.208 1.892 1.869 2.449 3.822 5.082 5.770 6.254 6.713 7.123 7.413 7.533 7.537 7.489 7.375 7.245 7.079 6.849 6.554 5.774 3.631 1.414 0.564 0.416 0.400 0.404 0.416 0.423 0.410 0.386
