AvaFrame/avaframe/data/avaSalk/Avaflow_Input_Output/slk_results/slk_ascii/slk_hflow0027.asc
ncols 296
nrows 144
xllcenter 761600.00
yllcenter 8523000.00
cellsize 12.50
NODATA_value -9999.000
[rows 68 to 101 of 144, columns 154 to 230 of 296]
0.000 0.000 0.000 0.000 0.000 0.000 0.000 0.000 0.000 0.000 0.000 0.000 0.000 0.000 0.000 0.001 0.000 0.000 0.000 0.000 0.000 0.000 0.000 0.000 0.000 0.000 0.000 0.000 0.000 0.000 0.000 0.000 0.000 0.000 0.000 0.000 0.000 0.000 0.000 0.000 0.001 0.001 0.001 0.001 0.001 0.002 0.002 0.002 0.003 0.003 0.004 0.004 0.005 0.005 0.006 0.007 0.009 0.011 0.013 0.017 0.023 0.033 0.049 0.070 0.098 0.134 0.180 0.241 0.317 0.384 0.426 0.442 0.435 0.392 0.299 0.205 0.150
0.000 0.000 0.000 0.000 0.000 0.000 0.000 0.000 0.000 0.000 0.000 0.000 0.000 0.001 0.000 0.000 0.000 0.000 0.000 0.000 0.000 0.000 0.000 0.000 0.000 0.000 0.000 0.000 0.000 0.000 0.000 0.000 0.000 0.000 0.000 0.000 0.000 0.001 0.001 0.001 0.001 0.001 0.001 0.001 0.002 0.002 0.002 0.003 0.003 0.004 0.004 0.005 0.006 0.007 0.008 0.009 0.011 0.014 0.018 0.023 0.032 0.047 0.070 0.101 0.140 0.189 0.248 0.321 0.390 0.429 0.443 0.427 0.372 0.279 0.191 0.146 0.122
0.000 0.000 0.000 0.000 0.000 0.000 0.000 0.000 0.000 0.000 0.000 0.001 0.001 0.001 0.001 0.000 0.000 0.000 0.000 0.001 0.001 0.001 0.001 0.001 0.000 0.000 0.000 0.000 0.000 0.000 0.000 0.000 0.000 0.000 0.001 0.001 0.001 0.001 0.001 0.001 0.002 0.002 0.002 0.002 0.002 0.002 0.003 0.003 0.004 0.004 0.005 0.006 0.007 0.008 0.009 0.011 0.014 0.018 0.024 0.034 0.048 0.069 0.100 0.142 0.195 0.261 0.329 0.390 0.425 0.440 0.424 0.367 0.276 0.193 0.144 0.120 0.105
0.000 0.000 0.001 0.001 0.001 0.000 0.000 0.000 0.000 0.000 0.000 0.001 0.001 0.001 0.001 0.001 0.001 0.001 0.001 0.002 0.002 0.002 0.002 0.002 0.001 0.001 0.000 0.000 0.000 0.000 0.000 0.000 0.000 0.001 0.001 0.001 0.001 0.002 0.002 0.002 0.002 0.002 0.002 0.002 0.003 0.003 0.004 0.004 0.005 0.006 0.006 0.008 0.009 0.010 0.012 0.015 0.018 0.025 0.034 0.051 0.075 0.103 0.143 0.199 0.270 0.344 0.401 0.430 0.435 0.422 0.372 0.283 0.202 0.151 0.122 0.103 0.090
0.000 0.001 0.000 0.000 0.000 0.000 0.000 0.000 0.000 0.000 0.000 0.001 0.001 0.001 0.001 0.001 0.002 0.003 0.004 0.004 0.006 0.007 0.007 0.006 0.003 0.001 0.001 0.001 0.001 0.001 0.001 0.001 0.001 0.001 0.002 0.002 0.002 0.002 0.002 0.002 0.002 0.003 0.003 0.003 0.004 0.004 0.005 0.005 0.006 0.007 0.008 0.010 0.012 0.014 0.017 0.020 0.026 0.036 0.052 0.083 0.119 0.154 0.206 0.281 0.353 0.403 0.428 0.436 0.424 0.378 0.296 0.211 0.159 0.126 0.105 0.089 0.076
0.000 0.000 0.000 0.000 0.000 0.000 0.000 0.000 0.001 0.001 0.001 0.001 0.001 0.001 0.002 0.003 0.005 0.007 0.010 0.012 0.016 0.020 0.020 0.016 0.007 0.003 0.002 0.001 0.001 0.001 0.001 0.001 0.002 0.002 0.002 0.002 0.002 0.002 0.003 0.003 0.003 0.003 0.004 0.004 0.005 0.005 0.006 0.007 0.008 0.009 0.011 0.013 0.017 0.021 0.025 0.032 0.045 0.069 0.109 0.163 0.203 0.228 0.280 0.350 0.394 0.416 0.422 0.416 0.377 0.297 0.217 0.165 0.131 0.108 0.091 0.076 0.063
0.000 0.000 0.000 0.000 0.001 0.001 0.001 0.002 0.002 0.002 0.002 0.002 0.002 0.003 0.004 0.007 0.012 0.020 0.030 0.040 0.051 0.058 0.057 0.044 0.018 0.007 0.004 0.003 0.003 0.003 0.003 0.002 0.002 0.003 0.003 0.003 0.003 0.003 0.003 0.003 0.004 0.004 0.005 0.006 0.006 0.007 0.008 0.009 0.010 0.012 0.015 0.018 0.025 0.033 0.043 0.062 0.104 0.175 0.251 0.302 0.321 0.334 0.362 0.389 0.402 0.404 0.395 0.362 0.291 0.213 0.165 0.136 0.113 0.094 0.079 0.065 0.053
0.000 0.000 0.001 0.001 0.001 0.003 0.004 0.005 0.005 0.004 0.004 0.004 0.004 0.006 0.010 0.020 0.040 0.077 0.113 0.141 0.159 0.164 0.153 0.109 0.045 0.016 0.009 0.007 0.006 0.006 0.005 0.005 0.004 0.004 0.004 0.004 0.004 0.004 0.004 0.004 0.005 0.005 0.007 0.008 0.009 0.010 0.011 0.012 0.013 0.016 0.020 0.027 0.038 0.055 0.081 0.133 0.214 0.284 0.320 0.336 0.349 0.376 0.403 0.407 0.400 0.386 0.349 0.287 0.219 0.169 0.138 0.115 0.098 0.082 0.067 0.055 0.044
0.001 0.001 0.001 0.002 0.003 0.007 0.014 0.016 0.015 0.012 0.011 0.011 0.012 0.017 0.034 0.075 0.151 0.249 0.327 0.380 0.405 0.405 0.365 0.254 0.108 0.038 0.022 0.018 0.016 0.015 0.014 0.011 0.009 0.007 0.006 0.005 0.005 0.005 0.005 0.005 0.006 0.007 0.009 0.011 0.012 0.013 0.014 0.015 0.017 0.021 0.028 0.040 0.061 0.097 0.157 0.224 0.271 0.289 0.298 0.303 0.322 0.363 0.399 0.402 0.382 0.345 0.282 0.221 0.181 0.150 0.124 0.101 0.083 0.068 0.055 0.044 0.036
0.003 0.003 0.004 0.005 0.010 0.026 0.057 0.069 0.065 0.045 0.034 0.034 0.041 0.070 0.136 0.244 0.385 0.546 0.679 0.771 0.819 0.817 0.751 0.559 0.276 0.108 0.059 0.053 0.053 0.051 0.047 0.038 0.029 0.021 0.014 0.009 0.007 0.006 0.006 0.006 0.007 0.009 0.012 0.015 0.017 0.017 0.018 0.019 0.022 0.029 0.041 0.062 0.100 0.162 0.227 0.260 0.263 0.250 0.243 0.255 0.293 0.348 0.385 0.381 0.335 0.271 0.214 0.182 0.162 0.145 0.123 0.096 0.071 0.054 0.043 0.035 0.030
0.008 0.009 0.011 0.017 0.042 0.129 0.245 0.291 0.275 0.207 0.168 0.169 0.211 0.297 0.424 0.576 0.753 0.959 1.173 1.330 1.380 1.374 1.308 1.083 0.640 0.296 0.174 0.159 0.166 0.185 0.189 0.174 0.144 0.107 0.066 0.031 0.015 0.010 0.008 0.009 0.010 0.012 0.015 0.018 0.020 0.022 0.023 0.026 0.032 0.044 0.065 0.101 0.158 0.216 0.245 0.252 0.246 0.236 0.242 0.267 0.303 0.353 0.371 0.345 0.279 0.217 0.178 0.160 0.153 0.143 0.126 0.100 0.068 0.047 0.036 0.030 0.027
0.024 0.030 0.042 0.081 0.200 0.427 0.614 0.682 0.663 0.588 0.561 0.594 0.676 0.789 0.933 1.077 1.239 1.459 1.767 1.957 1.974 1.947 1.858 1.608 1.036 0.591 0.421 0.397 0.423 0.500 0.561 0.577 0.554 0.491 0.371 0.209 0.087 0.033 0.015 0.012 0.013 0.014 0.017 0.019 0.023 0.027 0.031 0.037 0.048 0.068 0.103 0.156 0.208 0.236 0.246 0.247 0.242 0.243 0.261 0.288 0.309 0.340 0.344 0.308 0.242 0.190 0.159 0.146 0.143 0.142 0.133 0.112 0.075 0.047 0.034 0.029 0.026
0.105 0.158 0.265 0.454 0.731 0.999 1.155 1.208 1.207 1.201 1.248 1.337 1.415 1.488 1.580 1.672 1.804 2.018 2.317 2.487 2.501 2.448 2.303 1.908 1.236 0.874 0.783 0.794 0.890 1.064 1.227 1.331 1.355 1.316 1.139 0.808 0.438 0.193 0.067 0.023 0.017 0.018 0.020 0.022 0.026 0.033 0.042 0.054 0.073 0.107 0.157 0.205 0.233 0.243 0.246 0.246 0.249 0.263 0.286 0.300 0.301 0.308 0.302 0.269 0.211 0.165 0.137 0.126 0.127 0.136 0.139 0.129 0.094 0.053 0.035 0.029 0.026
0.596 0.765 1.066 1.471 1.799 1.951 1.986 1.994 2.017 2.072 2.156 2.231 2.262 2.251 2.270 2.328 2.434 2.596 2.805 2.925 2.936 2.865 2.618 2.010 1.377 1.164 1.187 1.326 1.571 1.880 2.160 2.367 2.461 2.445 2.266 1.827 1.234 0.702 0.320 0.104 0.031 0.023 0.024 0.027 0.033 0.044 0.059 0.079 0.112 0.159 0.204 0.231 0.243 0.247 0.248 0.252 0.265 0.284 0.296 0.298 0.287 0.271 0.253 0.225 0.179 0.135 0.108 0.099 0.102 0.121 0.139 0.141 0.118 0.069 0.043 0.033 0.028
1.900 2.111 2.539 3.043 3.283 3.275 3.119 3.057 3.104 3.152 3.147 3.127 3.091 3.013 2.989 3.038 3.115 3.189 3.260 3.285 3.237 3.147 2.761 2.020 1.586 1.529 1.661 1.979 2.445 2.928 3.332 3.613 3.761 3.753 3.613 3.137 2.403 1.604 0.932 0.426 0.141 0.049 0.034 0.036 0.044 0.060 0.084 0.117 0.161 0.203 0.230 0.244 0.250 0.253 0.256 0.267 0.283 0.293 0.294 0.287 0.269 0.243 0.214 0.181 0.138 0.099 0.077 0.070 0.074 0.096 0.134 0.148 0.139 0.094 0.056 0.042 0.034
3.765 3.938 4.242 4.543 4.647 4.616 4.535 4.476 4.473 4.319 4.105 3.992 3.912 3.818 3.768 3.806 3.834 3.793 3.686 3.560 3.414 3.276 2.744 2.091 1.908 1.997 2.265 2.755 3.414 3.987 4.416 4.689 4.866 4.922 4.892 4.512 3.716 2.762 1.894 1.137 0.561 0.245 0.109 0.060 0.064 0.084 0.121 0.161 0.200 0.226 0.242 0.252 0.258 0.264 0.273 0.285 0.292 0.292 0.286 0.270 0.246 0.214 0.176 0.136 0.097 0.067 0.050 0.045 0.050 0.069 0.120 0.151 0.151 0.120 0.077 0.056 0.042
5.156 5.283 5.491 5.660 5.717 5.743 5.805 5.795 5.734 5.414 5.092 4.907 4.802 4.733 4.690 4.686 4.623 4.372 4.006 3.722 3.520 3.273 2.712 2.333 2.342 2.573 2.987 3.576 4.285 4.861 5.278 5.525 5.704 5.738 5.755 5.518 4.893 4.029 3.123 2.231 1.419 0.847 0.493 0.257 0.129 0.119 0.163 0.199 0.222 0.239 0.251 0.260 0.270 0.279 0.288 0.291 0.292 0.285 0.271 0.248 0.215 0.175 0.134 0.097 0.067 0.044 0.032 0.029 0.035 0.055 0.110 0.150 0.156 0.138 0.099 0.069 0.048
6.139 6.244 6.363 6.489 6.642 6.767 6.854 6.874 6.839 6.500 6.200 5.969 5.877 5.847 5.816 5.661 5.362 4.780 4.191 3.814 3.568 3.232 2.848 2.755 2.916 3.265 3.775 4.393 5.018 5.576 5.985 6.205 6.362 6.334 6.363 6.208 5.762 5.138 4.369 3.525 2.579 1.820 1.326 0.912 0.497 0.224 0.187 0.224 0.236 0.248 0.259 0.272 0.285 0.291 0.291 0.287 0.282 0.273 0.250 0.215 0.177 0.137 0.102 0.072 0.048 0.032 0.024 0.024 0.030 0.054 0.113 0.150 0.155 0.142 0.108 0.072 0.048
6.866 6.956 7.098 7.282 7.499 7.713 7.836 7.860 7.842 7.644 7.460 7.272 7.177 7.066 6.867 6.391 5.804 4.949 4.256 3.835 3.539 3.322 3.206 3.338 3.669 4.119 4.643 5.208 5.695 6.159 6.580 6.790 6.873 6.826 6.791 6.643 6.292 5.879 5.232 4.503 3.562 2.713 2.224 1.887 1.396 0.713 0.272 0.230 0.249 0.257 0.268 0.288 0.297 0.296 0.286 0.273 0.263 0.247 0.217 0.179 0.144 0.112 0.084 0.059 0.039 0.028 0.024 0.024 0.032 0.065 0.123 0.152 0.153 0.138 0.104 0.068 0.043
7.577 7.690 7.866 8.079 8.320 8.521 8.648 8.723 8.754 8.725 8.624 8.542 8.442 8.080 7.539 6.757 5.941 4.968 4.259 3.820 3.576 3.571 3.741 4.094 4.619 5.145 5.622 6.030 6.397 6.732 7.120 7.293 7.300 7.271 7.167 6.969 6.597 6.262 5.698 5.014 4.179 3.344 2.852 2.583 2.333 1.721 0.724 0.260 0.253 0.263 0.277 0.298 0.303 0.295 0.269 0.243 0.229 0.216 0.192 0.159 0.126 0.096 0.071 0.052 0.037 0.029 0.026 0.029 0.045 0.088 0.137 0.153 0.150 0.128 0.090 0.058 0.036
8.283 8.433 8.656 8.843 8.993 9.170 9.372 9.524 9.618 9.649 9.628 9.575 9.293 8.702 7.775 6.843 5.904 4.949 4.294 3.910 3.831 4.037 4.485 5.108 5.738 6.247 6.648 6.909 7.170 7.360 7.634 7.699 7.714 7.613 7.498 7.254 6.828 6.432 5.883 5.166 4.448 3.740 3.257 2.985 2.812 2.600 1.704 0.519 0.241 0.265 0.287 0.302 0.304 0.281 0.232 0.202 0.195 0.192 0.181 0.155 0.118 0.082 0.058 0.044 0.036 0.032 0.033 0.042 0.070 0.118 0.148 0.154 0.144 0.110 0.071 0.044 0.029
9.132 9.192 9.339 9.492 9.603 9.710 9.877 10.108 10.351 10.458 10.452 10.304 9.703 8.884 7.742 6.719 5.806 5.022 4.536 4.340 4.388 4.780 5.463 6.236 6.798 7.238 7.604 7.831 8.054 8.099 8.221 8.146 8.174 7.997 7.818 7.471 7.028 6.550 5.938 5.183 4.478 3.884 3.449 3.174 2.976 2.864 2.521 1.315 0.386 0.253 0.291 0.297 0.285 0.242 0.189 0.173 0.176 0.183 0.179 0.158 0.113 0.069 0.045 0.035 0.033 0.035 0.042 0.062 0.107 0.144 0.155 0.153 0.125 0.081 0.050 0.033 0.024
10.088 9.857 9.887 9.993 10.070 10.148 10.344 10.566 10.853 11.045 11.075 10.632 9.804 8.699 7.435 6.380 5.745 5.315 5.109 5.098 5.262 5.789 6.532 7.189 7.713 8.087 8.475 8.701 8.953 8.989 9.016 8.851 8.839 8.591 8.177 7.678 7.164 6.673 5.984 5.174 4.406 3.859 3.472 3.193 2.985 2.811 2.616 2.022 0.963 0.350 0.276 0.278 0.243 0.196 0.165 0.161 0.172 0.185 0.184 0.159 0.102 0.054 0.036 0.031 0.031 0.033 0.045 0.078 0.136 0.162 0.161 0.147 0.101 0.057 0.036 0.025 0.021
10.601 10.213 10.223 10.266 10.398 10.492 10.764 10.981 11.249 11.471 11.369 10.633 9.633 8.286 7.133 6.358 6.040 5.916 5.935 6.147 6.430 6.933 7.510 8.025 8.515 8.848 9.300 9.562 9.738 9.803 9.872 9.609 9.393 9.080 8.550 8.012 7.348 6.800 6.063 5.224 4.318 3.698 3.365 3.116 2.845 2.593 2.376 2.092 1.455 0.678 0.305 0.228 0.187 0.157 0.146 0.151 0.173 0.195 0.196 0.165 0.093 0.046 0.033 0.031 0.031 0.032 0.044 0.081 0.144 0.172 0.170 0.148 0.095 0.051 0.031 0.022 0.019
10.899 10.405 10.391 10.423 10.575 10.674 10.940 11.156 11.488 11.589 11.332 10.413 9.290 8.092 7.237 6.813 6.804 6.903 7.102 7.407 7.691 8.024 8.394 8.841 9.235 9.582 9.984 10.350 10.353 10.438 10.437 10.111 9.752 9.369 8.891 8.408 7.731 6.997 6.189 5.345 4.380 3.556 3.077 2.808 2.514 2.235 2.036 1.868 1.533 0.962 0.438 0.208 0.154 0.132 0.128 0.138 0.171 0.207 0.215 0.179 0.094 0.045 0.033 0.033 0.033 0.033 0.041 0.074 0.138 0.172 0.175 0.155 0.101 0.053 0.032 0.022 0.018
10.664 10.307 10.365 10.542 10.657 10.747 11.007 11.176 11.519 11.368 11.059 10.161 9.225 8.398 7.973 7.863 8.015 8.149 8.385 8.568 8.807 9.035 9.267 9.621 9.910 10.299 10.569 10.930 10.981 11.011 10.757 10.352 9.989 9.537 9.147 8.720 8.129 7.273 6.417 5.529 4.543 3.565 2.885 2.427 2.112 1.880 1.698 1.524 1.324 1.035 0.606 0.270 0.147 0.121 0.117 0.125 0.161 0.209 0.221 0.191 0.106 0.052 0.038 0.037 0.037 0.037 0.040 0.060 0.114 0.162 0.173 0.161 0.115 0.065 0.039 0.026 0.020
10.488 10.273 10.408 10.655 10.640 10.651 10.901 10.972 11.087 10.887 10.677 10.113 9.597 9.327 9.346 9.275 9.329 9.414 9.484 9.569 9.715 9.962 10.164 10.345 10.512 10.903 11.056 11.334 11.459 11.310 11.027 10.559 10.100 9.699 9.332 8.936 8.382 7.579 6.736 5.795 4.721 3.642 2.874 2.269 1.835 1.593 1.347 1.107 0.954 0.860 0.661 0.355 0.171 0.124 0.117 0.122 0.151 0.199 0.215 0.198 0.133 0.082 0.062 0.051 0.044 0.043 0.045 0.053 0.085 0.137 0.162 0.160 0.130 0.085 0.054 0.035 0.024
10.184 10.212 10.417 10.556 10.475 10.384 10.452 10.487 10.448 10.458 10.537 10.393 10.412 10.262 10.436 10.461 10.389 10.349 10.280 10.353 10.370 10.645 10.864 10.978 10.946 11.282 11.353 11.532 11.784 11.570 11.207 10.776 10.227 9.884 9.614 9.340 8.845 8.069 7.143 6.077 4.873 3.762 2.926 2.290 1.760 1.410 1.115 0.856 0.713 0.659 0.594 0.424 0.238 0.168 0.160 0.160 0.174 0.207 0.226 0.236 0.241 0.230 0.216 0.166 0.089 0.057 0.053 0.056 0.068 0.105 0.138 0.148 0.139 0.109 0.077 0.051 0.032
9.880 10.051 10.262 10.193 10.153 9.950 9.849 9.811 9.817 9.947 10.308 10.603 10.848 10.907 11.070 11.036 11.027 10.881 10.929 10.945 10.863 11.035 11.107 11.263 11.107 11.366 11.470 11.647 11.925 11.802 11.324 10.994 10.478 10.295 10.160 10.167 9.957 9.324 8.071 6.534 5.056 3.898 2.993 2.327 1.784 1.398 1.077 0.819 0.678 0.619 0.587 0.616 0.630 0.624 0.626 0.596 0.550 0.547 0.592 0.723 0.923 1.022 1.026 0.900 0.579 0.235 0.101 0.070 0.063 0.075 0.099 0.122 0.132 0.124 0.104 0.075 0.046
9.370 9.681 9.834 9.710 9.733 9.426 9.233 9.138 9.232 9.549 10.015 10.567 11.021 11.248 11.338 11.218 11.224 10.987 11.025 11.002 11.016 11.097 11.150 11.248 11.122 11.271 11.361 11.532 11.747 11.738 11.449 11.222 10.667 10.645 10.548 10.765 10.822 10.458 9.406 7.669 5.650 4.035 3.048 2.370 1.859 1.479 1.167 0.943 0.838 0.823 1.011 1.581 2.100 2.278 2.256 2.118 1.942 1.876 1.920 2.122 2.425 2.568 2.591 2.515 2.148 1.437 0.749 0.328 0.127 0.066 0.069 0.085 0.111 0.124 0.118 0.098 0.068
8.720 9.041 9.186 9.134 9.094 8.807 8.562 8.505 8.577 8.908 9.450 10.156 10.866 11.259 11.363 11.167 11.036 10.967 10.875 10.926 10.985 10.993 11.063 11.037 10.928 10.986 10.959 10.959 11.089 11.186 11.107 10.883 10.604 10.648 10.747 10.982 10.971 10.581 9.679 8.300 6.391 4.360 3.072 2.395 1.957 1.637 1.393 1.274 1.299 1.550 2.157 3.153 3.926 4.242 4.296 4.219 4.076 3.987 3.993 4.095 4.288 4.373 4.377 4.367 4.232 3.769 2.689 1.462 0.604 0.180 0.066 0.064 0.084 0.109 0.117 0.108 0.088
7.880 8.195 8.347 8.336 8.270 8.032 7.795 7.704 7.667 7.851 8.324 9.205 9.964 10.339 10.493 10.420 10.267 10.181 10.057 10.276 10.303 10.333 10.340 10.290 10.197 10.004 9.672 9.450 9.293 9.256 9.240 9.312 9.554 9.894 10.099 10.135 10.088 9.909 9.338 8.192 6.558 4.616 3.069 2.347 2.017 1.843 1.748 1.753 1.966 2.496 3.300 4.295 5.056 5.505 5.739 5.866 5.992 6.138 6.217 6.210 6.188 6.199 6.199 6.194 6.001 5.660 4.677 3.055 1.503 0.565 0.155 0.064 0.067 0.084 0.103 0.107 0.098
6.726 6.912 7.087 7.166 7.144 7.008 6.877 6.687 6.599 6.631 6.995 7.693 8.252 8.494 8.501 8.423 8.346 8.307 8.290 8.340 8.368 8.448 8.383 8.215 8.021 7.694 7.197 6.738 6.450 6.292 6.290 6.608 7.263 7.850 8.036 8.055 8.046 7.930 7.549 6.821 5.868 4.381 2.865 2.153 1.975 1.933 2.024 2.234 2.623 3.273 4.209 5.229 6.005 6.632 7.076 7.432 7.747 7.976 8.245 8.334 8.351 8.358 8.283 8.160 7.870 7.341 6.238 4.417 2.490 1.221 0.480 0.149 0.071 0.072 0.086 0.098 0.101
4.609 4.674 4.857 5.135 5.294 5.269 5.179 4.989 4.943 5.039 5.335 5.634 5.769 5.715 5.572 5.493 5.499 5.505 5.433 5.285 5.198 5.081 4.831 4.564 4.325 4.112 3.873 3.594 3.445 3.404 3.510 3.833 4.466 5.020 5.279 5.341 5.275 5.013 4.797 4.610 4.052 2.833 1.930 1.698 1.752 1.883 2.141 2.566 3.178 3.995 5.097 6.235 7.144 7.856 8.499 9.074 9.662 9.977 10.404 10.506 10.597 10.577 10.473 10.246 9.923 9.040 7.722 5.683 3.622 2.175 1.162 0.498 0.184 0.095 0.090 0.100 0.108
