AvaFrame/avaframe/data/avaSalk/Avaflow_Input_Output/slk_results/slk_ascii/slk_basechange10025.asc
ncols 296
nrows 144
xllcenter 761600.00
yllcenter 8523000.00
cellsize 12.50
NODATA_value -9999.000
[rows 66 to 98 of 144, columns 148 to 221 of 296]
0.000 0.000 0.000 0.000 0.000 0.000 0.000 0.000 0.000 0.000 0.000 0.000 0.000 0.000 0.000 0.000 0.000 0.000 0.000 0.000 0.000 0.000 0.000 0.000 0.000 -0.000 -0.000 -0.000 -0.000 -0.000 -0.000 -0.000 -0.000 -0.000 -0.000 -0.000 -0.000 -0.000 -0.000 -0.001 -0.001 -0.001 -0.002 -0.002 -0.004 -0.006 -0.009 -0.016 -0.029 -0.052 -0.090 -0.145 -0.225 -0.330 -0.438 -0.536 -0.614 -0.670 -0.712 -0.747 -0.783 -0.815 -0.859 -0.923 -1.011 -1.123 -1.284 -1.491 -1.696 -1.896 -2.088 -2.252 -2.373 -2.469
0.000 0.000 0.000 0.000 0.000 0.000 0.000 0.000 0.000 0.000 0.000 0.000 0.000 0.000 0.000 0.000 0.000 0.000 0.000 0.000 0.000 0.000 0.000 0.000 -0.000 -0.000 -0.000 -0.000 -0.000 -0.000 -0.000 -0.000 -0.000 -0.000 -0.000 -0.000 -0.000 -0.000 -0.001 -0.001 -0.001 -0.002 -0.003 -0.004 -0.007 -0.012 -0.022 -0.041 -0.073 -0.121 -0.187 -0.269 -0.363 -0.462 -0.548 -0.620 -0.679 -0.717 -0.740 -0.766 -0.802 -0.844 -0.906 -0.990 -1.105 -1.259 -1.457 -1.686 -1.915 -2.104 -2.257 -2.376 -2.469 -2.553
0.000 0.000 0.000 0.000 0.000 0.000 0.000 0.000 0.000 0.000 0.000 0.000 0.000 0.000 0.000 0.000 0.000 0.000 0.000 0.000 0.000 0.000 0.000 -0.000 -0.000 -0.000 -0.000 -0.000 -0.000 -0.000 -0.000 -0.000 -0.000 -0.000 -0.000 -0.000 -0.001 -0.001 -0.001 -0.002 -0.002 -0.004 -0.006 -0.009 -0.016 -0.029 -0.052 -0.091 -0.145 -0.216 -0.298 -0.390 -0.477 -0.553 -0.615 -0.660 -0.697 -0.727 -0.752 -0.787 -0.834 -0.897 -0.978 -1.096 -1.240 -1.431 -1.655 -1.868 -2.071 -2.258 -2.395 -2.481 -2.544 -2.619
0.000 0.000 0.000 0.000 0.000 0.000 0.000 0.000 0.000 0.000 0.000 0.000 0.000 0.000 0.000 0.000 0.000 0.000 0.000 0.000 0.000 0.000 -0.000 -0.000 -0.000 -0.000 -0.000 -0.000 -0.000 -0.000 -0.000 -0.000 -0.000 -0.000 -0.000 -0.001 -0.001 -0.001 -0.002 -0.003 -0.004 -0.007 -0.011 -0.019 -0.035 -0.061 -0.102 -0.159 -0.231 -0.312 -0.396 -0.477 -0.546 -0.600 -0.642 -0.674 -0.702 -0.731 -0.772 -0.822 -0.890 -0.974 -1.082 -1.233 -1.421 -1.628 -1.844 -2.048 -2.230 -2.375 -2.486 -2.572 -2.627 -2.646
0.000 0.000 0.000 0.000 0.000 0.000 0.000 0.000 0.000 0.000 0.000 0.000 0.000 0.000 0.000 0.000 0.000 0.000 0.000 0.000 -0.000 -0.000 -0.000 -0.000 -0.000 -0.000 -0.000 -0.000 -0.000 -0.000 -0.000 -0.000 -0.000 -0.000 -0.001 -0.001 -0.001 -0.002 -0.003 -0.005 -0.008 -0.013 -0.023 -0.041 -0.070 -0.113 -0.169 -0.240 -0.320 -0.400 -0.472 -0.533 -0.582 -0.618 -0.649 -0.681 -0.719 -0.766 -0.822 -0.889 -0.970 -1.076 -1.211 -1.390 -1.613 -1.840 -2.056 -2.234 -2.391 -2.506 -2.570 -2.636 -2.675 -2.628
0.000 0.000 0.000 0.000 0.000 0.000 0.000 0.000 0.000 0.000 0.000 0.000 0.000 -0.000 -0.000 0.000 0.000 0.000 -0.000 -0.000 -0.000 -0.000 -0.000 -0.000 -0.000 -0.000 -0.000 -0.000 -0.000 -0.000 -0.000 -0.000 -0.001 -0.001 -0.001 -0.002 -0.002 -0.004 -0.005 -0.009 -0.014 -0.026 -0.046 -0.077 -0.122 -0.181 -0.252 -0.330 -0.405 -0.472 -0.528 -0.572 -0.612 -0.646 -0.682 -0.720 -0.763 -0.817 -0.896 -0.983 -1.080 -1.201 -1.361 -1.569 -1.804 -2.065 -2.300 -2.449 -2.546 -2.631 -2.656 -2.653 -2.629 -2.517
0.000 0.000 0.000 0.000 0.000 0.000 0.000 0.000 0.000 -0.000 -0.000 -0.000 -0.000 -0.000 -0.000 -0.000 -0.000 -0.000 -0.000 -0.000 -0.000 -0.000 -0.000 -0.000 -0.000 -0.000 -0.000 -0.000 -0.000 -0.001 -0.001 -0.001 -0.001 -0.001 -0.002 -0.003 -0.004 -0.006 -0.010 -0.016 -0.028 -0.050 -0.084 -0.130 -0.190 -0.259 -0.335 -0.411 -0.477 -0.527 -0.570 -0.611 -0.648 -0.684 -0.725 -0.773 -0.824 -0.888 -0.993 -1.103 -1.213 -1.349 -1.537 -1.785 -2.051 -2.302 -2.527 -2.629 -2.661 -2.684 -2.667 -2.575 -2.461 -2.267
-0.000 0.000 0.000 0.000 -0.000 -0.000 0.000 0.000 -0.000 -0.000 -0.000 -0.000 -0.000 -0.000 -0.000 -0.000 -0.000 -0.000 -0.000 -0.000 -0.000 -0.000 -0.000 -0.001 -0.001 -0.001 -0.001 -0.001 -0.001 -0.001 -0.001 -0.001 -0.002 -0.002 -0.003 -0.004 -0.007 -0.011 -0.018 -0.031 -0.055 -0.090 -0.139 -0.199 -0.269 -0.340 -0.410 -0.472 -0.530 -0.578 -0.616 -0.657 -0.696 -0.736 -0.783 -0.841 -0.907 -0.990 -1.114 -1.242 -1.375 -1.546 -1.798 -2.114 -2.404 -2.607 -2.731 -2.755 -2.693 -2.632 -2.540 -2.401 -2.202 -1.923
-0.000 -0.000 -0.000 -0.000 -0.000 -0.000 -0.000 -0.000 -0.000 -0.000 -0.000 -0.000 -0.000 -0.000 -0.000 -0.000 -0.000 -0.000 -0.000 -0.000 -0.000 -0.001 -0.001 -0.002 -0.002 -0.003 -0.002 -0.002 -0.002 -0.002 -0.002 -0.002 -0.003 -0.004 -0.005 -0.008 -0.012 -0.020 -0.034 -0.059 -0.097 -0.147 -0.208 -0.277 -0.347 -0.415 -0.477 -0.529 -0.578 -0.626 -0.670 -0.713 -0.758 -0.804 -0.862 -0.931 -1.010 -1.114 -1.254 -1.415 -1.597 -1.861 -2.246 -2.591 -2.792 -2.828 -2.805 -2.755 -2.653 -2.526 -2.360 -2.148 -1.880 -1.580
-0.000 -0.000 -0.000 -0.000 -0.000 -0.000 -0.000 -0.000 -0.000 -0.000 -0.000 -0.000 -0.001 -0.001 -0.000 -0.000 -0.000 -0.000 -0.000 -0.000 -0.001 -0.002 -0.005 -0.007 -0.008 -0.008 -0.008 -0.007 -0.005 -0.004 -0.003 -0.004 -0.005 -0.006 -0.009 -0.014 -0.022 -0.037 -0.063 -0.102 -0.154 -0.216 -0.282 -0.351 -0.420 -0.480 -0.537 -0.586 -0.636 -0.685 -0.732 -0.779 -0.833 -0.889 -0.955 -1.032 -1.130 -1.265 -1.434 -1.669 -1.987 -2.391 -2.755 -2.928 -2.914 -2.784 -2.651 -2.546 -2.482 -2.341 -2.101 -1.845 -1.547 -1.288
-0.000 -0.000 -0.000 -0.000 -0.000 -0.000 -0.000 -0.000 -0.000 -0.000 -0.001 -0.001 -0.002 -0.003 -0.002 -0.002 -0.001 -0.001 -0.001 -0.002 -0.004 -0.007 -0.009 -0.010 -0.011 -0.012 -0.014 -0.016 -0.014 -0.010 -0.007 -0.007 -0.009 -0.012 -0.017 -0.025 -0.041 -0.068 -0.108 -0.160 -0.222 -0.289 -0.359 -0.424 -0.487 -0.546 -0.599 -0.654 -0.709 -0.762 -0.815 -0.864 -0.920 -0.979 -1.051 -1.145 -1.283 -1.470 -1.726 -2.075 -2.501 -2.872 -2.978 -2.860 -2.671 -2.472 -2.346 -2.285 -2.219 -2.072 -1.776 -1.501 -1.257 -1.067
-0.000 -0.000 -0.000 -0.000 -0.000 -0.000 -0.000 -0.000 -0.000 -0.001 -0.003 -0.010 -0.016 -0.018 -0.016 -0.010 -0.006 -0.006 -0.007 -0.010 -0.013 -0.013 -0.010 -0.009 -0.011 -0.012 -0.013 -0.023 -0.030 -0.027 -0.019 -0.017 -0.019 -0.025 -0.035 -0.051 -0.078 -0.117 -0.169 -0.230 -0.298 -0.367 -0.433 -0.497 -0.557 -0.620 -0.680 -0.741 -0.796 -0.846 -0.895 -0.953 -1.015 -1.080 -1.161 -1.295 -1.492 -1.772 -2.140 -2.515 -2.787 -2.926 -2.813 -2.541 -2.303 -2.147 -2.085 -2.071 -1.993 -1.765 -1.460 -1.209 -1.033 -0.926
-0.001 -0.001 -0.001 -0.001 -0.001 -0.001 -0.002 -0.002 -0.002 -0.004 -0.014 -0.023 -0.026 -0.029 -0.031 -0.028 -0.025 -0.025 -0.025 -0.024 -0.020 -0.015 -0.011 -0.011 -0.013 -0.012 -0.013 -0.026 -0.047 -0.055 -0.048 -0.043 -0.046 -0.054 -0.071 -0.100 -0.141 -0.194 -0.258 -0.323 -0.385 -0.446 -0.508 -0.570 -0.636 -0.707 -0.775 -0.839 -0.888 -0.924 -0.968 -1.034 -1.106 -1.192 -1.314 -1.509 -1.790 -2.142 -2.500 -2.730 -2.785 -2.714 -2.511 -2.242 -2.072 -1.992 -1.928 -1.873 -1.724 -1.457 -1.193 -1.008 -0.900 -0.843
-0.007 -0.006 -0.005 -0.005 -0.006 -0.006 -0.007 -0.009 -0.014 -0.028 -0.041 -0.036 -0.020 -0.021 -0.029 -0.034 -0.037 -0.037 -0.032 -0.022 -0.015 -0.011 -0.014 -0.015 -0.014 -0.021 -0.032 -0.042 -0.066 -0.086 -0.079 -0.071 -0.076 -0.090 -0.115 -0.156 -0.213 -0.284 -0.364 -0.441 -0.502 -0.550 -0.602 -0.663 -0.734 -0.811 -0.874 -0.917 -0.956 -0.991 -1.036 -1.111 -1.216 -1.333 -1.522 -1.809 -2.147 -2.478 -2.677 -2.717 -2.627 -2.438 -2.213 -2.045 -1.941 -1.859 -1.761 -1.640 -1.456 -1.201 -0.991 -0.865 -0.800 -0.776
-0.057 -0.050 -0.045 -0.044 -0.047 -0.049 -0.051 -0.059 -0.074 -0.091 -0.092 -0.058 -0.025 -0.022 -0.026 -0.028 -0.028 -0.026 -0.023 -0.018 -0.018 -0.015 -0.017 -0.018 -0.018 -0.040 -0.066 -0.078 -0.100 -0.117 -0.099 -0.084 -0.096 -0.125 -0.165 -0.218 -0.284 -0.364 -0.453 -0.545 -0.615 -0.675 -0.737 -0.798 -0.859 -0.914 -0.958 -0.983 -1.009 -1.050 -1.110 -1.202 -1.347 -1.547 -1.811 -2.147 -2.453 -2.639 -2.685 -2.582 -2.383 -2.181 -2.031 -1.921 -1.832 -1.726 -1.587 -1.422 -1.226 -1.020 -0.860 -0.765 -0.716 -0.708
-0.146 -0.151 -0.150 -0.148 -0.150 -0.154 -0.147 -0.131 -0.124 -0.120 -0.105 -0.069 -0.043 -0.035 -0.032 -0.025 -0.022 -0.025 -0.028 -0.028 -0.027 -0.031 -0.029 -0.029 -0.037 -0.057 -0.086 -0.117 -0.142 -0.143 -0.115 -0.101 -0.122 -0.168 -0.230 -0.302 -0.378 -0.459 -0.546 -0.650 -0.740 -0.809 -0.887 -0.950 -0.986 -1.003 -1.011 -1.030 -1.065 -1.118 -1.205 -1.342 -1.544 -1.819 -2.136 -2.416 -2.593 -2.636 -2.545 -2.366 -2.164 -2.008 -1.904 -1.813 -1.708 -1.577 -1.414 -1.237 -1.052 -0.885 -0.762 -0.682 -0.640 -0.640
-0.119 -0.136 -0.157 -0.169 -0.162 -0.159 -0.155 -0.129 -0.090 -0.065 -0.055 -0.052 -0.054 -0.051 -0.047 -0.039 -0.043 -0.047 -0.052 -0.048 -0.036 -0.041 -0.052 -0.058 -0.063 -0.069 -0.089 -0.140 -0.168 -0.153 -0.129 -0.136 -0.173 -0.236 -0.318 -0.406 -0.497 -0.592 -0.681 -0.797 -0.923 -0.987 -1.028 -1.071 -1.094 -1.094 -1.077 -1.087 -1.129 -1.216 -1.340 -1.537 -1.807 -2.098 -2.357 -2.534 -2.581 -2.522 -2.366 -2.178 -2.018 -1.892 -1.793 -1.689 -1.569 -1.413 -1.245 -1.071 -0.914 -0.776 -0.669 -0.598 -0.560 -0.573
-0.055 -0.048 -0.051 -0.085 -0.102 -0.092 -0.085 -0.078 -0.043 -0.016 -0.023 -0.039 -0.064 -0.076 -0.081 -0.082 -0.083 -0.074 -0.076 -0.073 -0.067 -0.067 -0.071 -0.081 -0.080 -0.080 -0.099 -0.154 -0.180 -0.155 -0.143 -0.183 -0.245 -0.325 -0.423 -0.520 -0.624 -0.732 -0.832 -0.951 -1.102 -1.191 -1.190 -1.180 -1.183 -1.192 -1.192 -1.203 -1.254 -1.355 -1.554 -1.810 -2.082 -2.319 -2.471 -2.507 -2.470 -2.348 -2.192 -2.034 -1.899 -1.789 -1.679 -1.553 -1.411 -1.249 -1.080 -0.922 -0.778 -0.663 -0.574 -0.512 -0.484 -0.510
-0.070 -0.050 -0.031 -0.022 -0.027 -0.038 -0.033 -0.019 -0.011 -0.012 -0.023 -0.043 -0.049 -0.082 -0.115 -0.108 -0.107 -0.096 -0.090 -0.083 -0.088 -0.092 -0.105 -0.111 -0.104 -0.101 -0.121 -0.172 -0.191 -0.175 -0.190 -0.253 -0.333 -0.428 -0.539 -0.655 -0.774 -0.886 -0.979 -1.081 -1.194 -1.282 -1.291 -1.272 -1.265 -1.291 -1.325 -1.374 -1.485 -1.617 -1.826 -2.086 -2.333 -2.428 -2.447 -2.399 -2.307 -2.187 -2.051 -1.912 -1.776 -1.660 -1.545 -1.411 -1.252 -1.088 -0.929 -0.783 -0.657 -0.555 -0.482 -0.436 -0.421 -0.461
-0.129 -0.120 -0.070 -0.047 -0.043 -0.039 -0.036 -0.030 -0.028 -0.027 -0.027 -0.027 -0.025 -0.030 -0.048 -0.064 -0.073 -0.070 -0.071 -0.079 -0.088 -0.097 -0.123 -0.152 -0.145 -0.143 -0.158 -0.194 -0.208 -0.227 -0.277 -0.355 -0.450 -0.560 -0.675 -0.808 -0.934 -1.048 -1.114 -1.173 -1.235 -1.288 -1.311 -1.332 -1.357 -1.418 -1.486 -1.573 -1.738 -1.981 -2.181 -2.291 -2.392 -2.442 -2.345 -2.246 -2.162 -2.057 -1.937 -1.791 -1.642 -1.508 -1.384 -1.249 -1.093 -0.933 -0.789 -0.658 -0.548 -0.464 -0.408 -0.379 -0.382 -0.436
-0.138 -0.198 -0.211 -0.137 -0.083 -0.077 -0.073 -0.071 -0.068 -0.067 -0.072 -0.075 -0.077 -0.077 -0.068 -0.057 -0.058 -0.071 -0.087 -0.098 -0.110 -0.117 -0.153 -0.203 -0.210 -0.203 -0.195 -0.217 -0.243 -0.299 -0.385 -0.482 -0.594 -0.721 -0.848 -0.970 -1.078 -1.168 -1.201 -1.231 -1.263 -1.272 -1.304 -1.365 -1.455 -1.577 -1.705 -1.797 -1.963 -2.192 -2.398 -2.490 -2.360 -2.301 -2.222 -2.099 -2.032 -1.953 -1.818 -1.646 -1.473 -1.327 -1.201 -1.075 -0.927 -0.780 -0.650 -0.539 -0.451 -0.391 -0.356 -0.345 -0.366 -0.432
-0.180 -0.184 -0.232 -0.340 -0.222 -0.132 -0.133 -0.131 -0.129 -0.132 -0.147 -0.150 -0.152 -0.150 -0.145 -0.138 -0.138 -0.137 -0.136 -0.156 -0.160 -0.177 -0.231 -0.263 -0.268 -0.257 -0.234 -0.268 -0.329 -0.410 -0.517 -0.640 -0.778 -0.908 -1.027 -1.104 -1.172 -1.216 -1.242 -1.265 -1.295 -1.300 -1.337 -1.415 -1.546 -1.691 -1.888 -2.011 -2.124 -2.246 -2.352 -2.494 -2.394 -2.121 -2.057 -1.987 -1.922 -1.835 -1.673 -1.462 -1.274 -1.130 -1.020 -0.916 -0.790 -0.656 -0.536 -0.439 -0.373 -0.338 -0.325 -0.332 -0.370 -0.447
-0.284 -0.270 -0.258 -0.300 -0.388 -0.282 -0.209 -0.211 -0.214 -0.236 -0.248 -0.249 -0.246 -0.236 -0.229 -0.226 -0.218 -0.211 -0.230 -0.249 -0.262 -0.283 -0.317 -0.327 -0.322 -0.312 -0.302 -0.369 -0.466 -0.578 -0.695 -0.836 -0.984 -1.107 -1.194 -1.237 -1.253 -1.268 -1.266 -1.284 -1.330 -1.368 -1.431 -1.521 -1.644 -1.767 -1.949 -2.117 -2.196 -2.232 -2.215 -2.293 -2.411 -2.129 -1.903 -1.896 -1.832 -1.679 -1.471 -1.251 -1.077 -0.957 -0.878 -0.798 -0.690 -0.562 -0.450 -0.368 -0.320 -0.301 -0.306 -0.333 -0.392 -0.477
-0.354 -0.359 -0.368 -0.357 -0.370 -0.411 -0.335 -0.319 -0.317 -0.330 -0.344 -0.350 -0.338 -0.325 -0.328 -0.311 -0.311 -0.326 -0.353 -0.391 -0.398 -0.385 -0.379 -0.379 -0.386 -0.401 -0.430 -0.514 -0.630 -0.779 -0.935 -1.065 -1.186 -1.279 -1.329 -1.358 -1.355 -1.341 -1.352 -1.369 -1.394 -1.432 -1.520 -1.612 -1.712 -1.823 -1.937 -2.060 -2.114 -2.116 -2.060 -2.001 -2.137 -2.201 -1.920 -1.775 -1.695 -1.463 -1.214 -1.023 -0.898 -0.829 -0.781 -0.717 -0.615 -0.487 -0.383 -0.319 -0.286 -0.278 -0.295 -0.340 -0.417 -0.510
-0.390 -0.408 -0.427 -0.435 -0.453 -0.449 -0.478 -0.423 -0.427 -0.438 -0.451 -0.443 -0.437 -0.426 -0.404 -0.410 -0.434 -0.472 -0.507 -0.531 -0.504 -0.458 -0.430 -0.443 -0.483 -0.528 -0.612 -0.726 -0.856 -0.998 -1.153 -1.249 -1.362 -1.402 -1.408 -1.454 -1.416 -1.383 -1.441 -1.489 -1.492 -1.515 -1.587 -1.687 -1.792 -1.854 -1.905 -1.926 -1.939 -1.921 -1.863 -1.772 -1.779 -1.958 -1.963 -1.680 -1.457 -1.212 -0.974 -0.835 -0.764 -0.738 -0.717 -0.664 -0.562 -0.432 -0.335 -0.283 -0.264 -0.267 -0.292 -0.351 -0.437 -0.538
-0.455 -0.474 -0.490 -0.501 -0.522 -0.567 -0.552 -0.531 -0.528 -0.530 -0.529 -0.522 -0.517 -0.498 -0.505 -0.556 -0.617 -0.645 -0.637 -0.606 -0.580 -0.524 -0.518 -0.574 -0.635 -0.708 -0.820 -0.960 -1.093 -1.234 -1.343 -1.373 -1.457 -1.445 -1.413 -1.450 -1.398 -1.393 -1.457 -1.492 -1.544 -1.618 -1.655 -1.746 -1.842 -1.896 -1.882 -1.821 -1.755 -1.729 -1.666 -1.588 -1.581 -1.696 -1.783 -1.583 -1.194 -0.952 -0.791 -0.708 -0.679 -0.678 -0.672 -0.628 -0.527 -0.394 -0.304 -0.261 -0.252 -0.268 -0.302 -0.360 -0.443 -0.545
-0.495 -0.522 -0.541 -0.548 -0.588 -0.667 -0.628 -0.617 -0.616 -0.632 -0.622 -0.606 -0.591 -0.629 -0.683 -0.770 -0.825 -0.796 -0.748 -0.708 -0.664 -0.647 -0.696 -0.781 -0.870 -0.980 -1.104 -1.204 -1.297 -1.409 -1.476 -1.486 -1.516 -1.448 -1.396 -1.404 -1.355 -1.381 -1.426 -1.430 -1.500 -1.626 -1.698 -1.743 -1.794 -1.815 -1.826 -1.724 -1.590 -1.513 -1.499 -1.445 -1.440 -1.521 -1.551 -1.380 -1.025 -0.768 -0.663 -0.621 -0.618 -0.636 -0.641 -0.603 -0.504 -0.371 -0.287 -0.251 -0.249 -0.276 -0.324 -0.375 -0.433 -0.525
-0.489 -0.523 -0.546 -0.587 -0.714 -0.707 -0.684 -0.701 -0.684 -0.717 -0.742 -0.748 -0.776 -0.846 -0.914 -0.948 -0.927 -0.894 -0.867 -0.867 -0.886 -0.925 -1.010 -1.120 -1.233 -1.361 -1.452 -1.519 -1.544 -1.586 -1.601 -1.565 -1.581 -1.511 -1.453 -1.450 -1.369 -1.363 -1.415 -1.396 -1.437 -1.527 -1.593 -1.628 -1.673 -1.656 -1.659 -1.577 -1.475 -1.339 -1.269 -1.272 -1.293 -1.324 -1.323 -1.180 -0.923 -0.675 -0.584 -0.563 -0.571 -0.596 -0.610 -0.578 -0.490 -0.367 -0.282 -0.256 -0.260 -0.292 -0.346 -0.395 -0.428 -0.488
-0.510 -0.554 -0.625 -0.705 -0.755 -0.771 -0.784 -0.774 -0.806 -0.844 -0.898 -0.905 -0.948 -0.970 -0.992 -1.008 -1.023 -0.986 -1.017 -1.081 -1.215 -1.288 -1.407 -1.489 -1.558 -1.665 -1.712 -1.782 -1.812 -1.823 -1.755 -1.702 -1.711 -1.632 -1.583 -1.567 -1.464 -1.445 -1.476 -1.470 -1.472 -1.545 -1.555 -1.493 -1.492 -1.473 -1.461 -1.382 -1.325 -1.258 -1.111 -1.062 -1.105 -1.122 -1.114 -1.032 -0.870 -0.669 -0.553 -0.535 -0.543 -0.564 -0.578 -0.556 -0.488 -0.393 -0.313 -0.289 -0.299 -0.324 -0.367 -0.409 -0.433 -0.455
-0.532 -0.589 -0.663 -0.728 -0.767 -0.765 -0.781 -0.827 -0.875 -0.907 -0.977 -0.955 -0.991 -1.007 -1.010 -1.048 -1.095 -1.163 -1.247 -1.324 -1.435 -1.535 -1.672 -1.705 -1.785 -1.825 -1.810 -1.854 -1.876 -1.915 -1.869 -1.826 -1.806 -1.761 -1.779 -1.771 -1.693 -1.676 -1.674 -1.621 -1.599 -1.644 -1.667 -1.514 -1.404 -1.322 -1.265 -1.204 -1.134 -1.074 -1.015 -0.924 -0.941 -0.973 -0.980 -0.944 -0.859 -0.732 -0.612 -0.568 -0.569 -0.578 -0.583 -0.567 -0.530 -0.486 -0.444 -0.430 -0.442 -0.452 -0.433 -0.425 -0.435 -0.444
-0.555 -0.596 -0.639 -0.692 -0.723 -0.692 -0.740 -0.835 -0.864 -0.940 -0.992 -0.978 -1.042 -1.057 -1.084 -1.128 -1.243 -1.319 -1.392 -1.508 -1.580 -1.672 -1.763 -1.774 -1.860 -1.866 -1.839 -1.841 -1.812 -1.814 -1.805 -1.764 -1.702 -1.700 -1.751 -1.804 -1.769 -1.755 -1.723 -1.648 -1.610 -1.639 -1.680 -1.643 -1.490 -1.325 -1.145 -1.044 -0.970 -0.880 -0.841 -0.819 -0.838 -0.884 -0.921 -0.934 -0.938 -0.920 -0.859 -0.778 -0.734 -0.724 -0.714 -0.697 -0.680 -0.656 -0.614 -0.583 -0.589 -0.641 -0.664 -0.581 -0.480 -0.448
-0.488 -0.505 -0.537 -0.576 -0.599 -0.627 -0.713 -0.798 -0.826 -0.930 -0.982 -0.990 -1.083 -1.099 -1.114 -1.156 -1.237 -1.369 -1.461 -1.565 -1.605 -1.688 -1.732 -1.729 -1.795 -1.825 -1.801 -1.812 -1.771 -1.686 -1.664 -1.637 -1.602 -1.557 -1.538 -1.556 -1.562 -1.540 -1.469 -1.396 -1.402 -1.435 -1.466 -1.482 -1.462 -1.393 -1.187 -0.964 -0.819 -0.735 -0.689 -0.701 -0.739 -0.801 -0.888 -0.962 -1.011 -1.031 -0.998 -0.909 -0.830 -0.803 -0.791 -0.770 -0.736 -0.683 -0.613 -0.565 -0.559 -0.610 -0.742 -0.809 -0.708 -0.552
-0.359 -0.379 -0.404 -0.453 -0.531 -0.583 -0.674 -0.751 -0.807 -0.903 -0.952 -0.975 -1.058 -1.086 -1.112 -1.118 -1.202 -1.347 -1.465 -1.584 -1.619 -1.671 -1.706 -1.665 -1.706 -1.702 -1.653 -1.649 -1.599 -1.503 -1.493 -1.501 -1.460 -1.383 -1.399 -1.383 -1.379 -1.317 -1.219 -1.182 -1.189 -1.169 -1.085 -1.050 -1.088 -1.078 -1.086 -0.931 -0.712 -0.593 -0.572 -0.590 -0.631 -0.697 -0.812 -0.915 -0.959 -0.961 -0.923 -0.846 -0.767 -0.725 -0.716 -0.705 -0.675 -0.621 -0.564 -0.536 -0.529 -0.532 -0.606 -0.750 -0.768 -0.638
