AvaFrame/avaframe/data/avaSalk/Avaflow_Input_Output/slk_results/slk_ascii/slk_hflow10014.asc
ncols 296
nrows 144
xllcenter 761600.00
yllcenter 8523000.00
cellsize 12.50
NODATA_value -9999.000
[rows 102 to 135 of 144, columns 154 to 230 of 296]
1.828 1.959 2.099 2.413 2.775 3.015 3.143 3.274 3.458 3.668 3.827 3.867 3.832 3.763 3.711 3.698 3.655 3.527 3.374 3.198 3.044 2.930 2.789 2.683 2.611 2.568 2.572 2.582 2.677 2.940 3.394 3.921 4.489 4.874 5.097 5.217 5.220 5.071 4.814 4.217 3.188 2.228 1.986 2.105 2.320 2.546 2.810 3.196 3.833 4.846 6.223 7.607 8.725 9.582 10.236 10.740 11.198 11.464 11.672 11.740 11.694 11.611 11.298 10.813 10.142 9.258 7.885 5.852 3.883 2.383 1.252 0.561 0.255 0.175 0.176 0.192 0.239
0.444 0.491 0.550 0.688 0.910 1.084 1.220 1.372 1.533 1.632 1.656 1.652 1.665 1.677 1.675 1.666 1.587 1.428 1.254 1.111 1.009 0.949 0.915 0.887 0.847 0.817 0.817 0.870 1.018 1.309 1.728 2.104 2.341 2.484 2.636 2.825 2.923 2.882 2.431 1.445 0.723 0.573 0.708 0.963 1.281 1.695 2.233 2.929 3.818 4.976 6.424 7.970 9.288 10.427 11.417 12.085 12.607 12.784 12.909 12.948 12.791 12.643 12.317 11.852 11.267 10.287 8.798 6.767 4.905 3.397 2.172 1.295 0.756 0.502 0.436 0.459 0.661
0.105 0.112 0.121 0.151 0.213 0.264 0.311 0.371 0.421 0.441 0.438 0.434 0.441 0.466 0.482 0.477 0.438 0.367 0.301 0.255 0.229 0.220 0.219 0.216 0.204 0.192 0.188 0.201 0.261 0.386 0.558 0.687 0.762 0.823 0.908 1.016 1.076 1.045 0.725 0.248 0.108 0.114 0.175 0.305 0.494 0.775 1.338 2.293 3.537 4.940 6.426 8.015 9.443 10.765 12.007 12.798 13.432 13.675 13.772 13.808 13.622 13.397 13.158 12.685 12.075 11.251 9.922 7.986 6.113 4.630 3.407 2.451 1.775 1.402 1.292 1.354 1.729
0.036 0.037 0.038 0.044 0.060 0.072 0.082 0.094 0.098 0.098 0.096 0.094 0.096 0.105 0.113 0.111 0.102 0.086 0.074 0.066 0.062 0.061 0.060 0.059 0.057 0.055 0.054 0.057 0.069 0.092 0.122 0.147 0.169 0.191 0.213 0.228 0.233 0.219 0.124 0.048 0.033 0.032 0.040 0.067 0.123 0.230 0.513 1.277 2.676 4.443 6.116 7.703 9.299 10.747 12.081 13.087 13.789 14.100 14.223 14.302 14.078 13.825 13.528 13.139 12.712 12.032 11.046 9.486 7.596 6.072 4.884 3.903 3.178 2.802 2.740 2.872 3.227
0.015 0.015 0.016 0.017 0.022 0.027 0.031 0.033 0.033 0.033 0.031 0.031 0.033 0.036 0.038 0.037 0.033 0.028 0.025 0.023 0.022 0.022 0.022 0.021 0.021 0.021 0.021 0.023 0.027 0.033 0.040 0.048 0.054 0.057 0.059 0.059 0.059 0.054 0.037 0.022 0.016 0.014 0.015 0.019 0.028 0.048 0.120 0.420 1.375 3.137 5.121 6.892 8.642 10.286 11.755 12.918 13.743 14.179 14.254 14.436 14.261 14.062 13.774 13.355 12.988 12.559 11.961 10.914 9.375 7.857 6.633 5.635 4.884 4.486 4.370 4.381 4.451
0.006 0.007 0.007 0.008 0.009 0.012 0.014 0.014 0.014 0.013 0.013 0.013 0.014 0.015 0.015 0.014 0.013 0.011 0.010 0.010 0.010 0.009 0.009 0.009 0.009 0.009 0.010 0.011 0.013 0.015 0.018 0.021 0.022 0.022 0.023 0.025 0.026 0.025 0.022 0.016 0.011 0.008 0.008 0.009 0.011 0.015 0.025 0.083 0.435 1.508 3.359 5.406 7.391 9.261 10.930 12.297 13.268 13.733 13.984 14.222 14.054 13.926 13.644 13.308 13.072 12.858 12.565 11.916 10.798 9.374 8.212 7.217 6.458 5.976 5.663 5.442 5.205
0.003 0.003 0.004 0.004 0.004 0.005 0.007 0.007 0.007 0.006 0.006 0.006 0.007 0.007 0.007 0.006 0.006 0.005 0.005 0.005 0.005 0.005 0.005 0.005 0.005 0.005 0.006 0.007 0.008 0.009 0.010 0.012 0.012 0.013 0.015 0.017 0.017 0.017 0.016 0.013 0.009 0.007 0.005 0.005 0.006 0.007 0.010 0.017 0.082 0.467 1.536 3.355 5.522 7.669 9.610 11.092 12.243 12.836 13.222 13.432 13.578 13.624 13.431 13.204 12.985 12.910 12.742 12.392 11.630 10.319 9.128 8.229 7.520 6.978 6.512 6.093 5.635
0.002 0.002 0.002 0.002 0.002 0.002 0.003 0.003 0.003 0.003 0.003 0.003 0.003 0.003 0.003 0.003 0.003 0.003 0.002 0.003 0.003 0.003 0.003 0.003 0.004 0.004 0.005 0.005 0.006 0.007 0.008 0.009 0.010 0.011 0.012 0.013 0.013 0.013 0.012 0.011 0.008 0.006 0.004 0.004 0.004 0.004 0.005 0.007 0.016 0.077 0.416 1.397 3.150 5.386 7.558 9.243 10.521 11.361 11.874 12.207 12.557 12.766 12.833 12.825 12.833 12.936 12.647 12.298 11.760 10.560 9.293 8.453 7.865 7.332 6.805 6.266 5.720
0.001 0.001 0.001 0.001 0.001 0.001 0.002 0.002 0.002 0.001 0.001 0.002 0.002 0.002 0.002 0.001 0.001 0.001 0.001 0.001 0.002 0.002 0.002 0.003 0.003 0.003 0.004 0.005 0.006 0.007 0.008 0.009 0.010 0.010 0.011 0.011 0.011 0.011 0.010 0.009 0.007 0.005 0.004 0.003 0.003 0.003 0.003 0.004 0.007 0.015 0.054 0.321 1.194 2.813 4.854 6.715 8.185 9.375 10.145 10.760 11.187 11.504 11.793 11.949 12.270 12.481 12.337 12.040 11.474 10.390 9.231 8.367 7.779 7.207 6.661 6.122 5.516
0.000 0.000 0.000 0.000 0.000 0.001 0.001 0.001 0.001 0.001 0.001 0.001 0.001 0.001 0.001 0.001 0.001 0.001 0.001 0.001 0.001 0.001 0.002 0.002 0.002 0.003 0.003 0.004 0.005 0.006 0.008 0.009 0.010 0.010 0.010 0.010 0.010 0.010 0.009 0.008 0.007 0.005 0.004 0.003 0.002 0.002 0.002 0.003 0.004 0.006 0.013 0.033 0.250 1.015 2.395 3.995 5.502 6.945 8.198 9.147 9.797 10.169 10.506 10.782 11.203 11.450 11.489 11.252 10.697 9.833 8.876 8.041 7.420 6.831 6.230 5.647 5.002
0.000 0.000 0.000 0.000 0.000 0.000 0.000 0.000 0.000 0.000 0.000 0.000 0.000 0.000 0.000 0.000 0.000 0.000 0.000 0.000 0.001 0.001 0.001 0.001 0.002 0.002 0.003 0.004 0.005 0.006 0.007 0.008 0.010 0.010 0.011 0.011 0.011 0.010 0.010 0.009 0.007 0.005 0.004 0.003 0.002 0.002 0.002 0.002 0.002 0.003 0.005 0.010 0.024 0.210 0.843 1.931 3.216 4.553 5.943 7.223 8.182 8.744 9.142 9.489 9.783 10.035 10.174 10.074 9.681 9.018 8.211 7.444 6.771 6.148 5.511 4.881 4.208
0.000 0.000 0.000 0.000 0.000 0.000 0.000 0.000 0.000 0.000 0.000 0.000 0.000 0.000 0.000 0.000 0.000 0.000 0.000 0.000 0.000 0.000 0.000 0.001 0.001 0.001 0.002 0.003 0.004 0.005 0.006 0.008 0.009 0.011 0.012 0.012 0.013 0.013 0.013 0.012 0.008 0.006 0.004 0.003 0.002 0.002 0.001 0.001 0.001 0.002 0.002 0.004 0.008 0.024 0.179 0.678 1.539 2.617 3.833 5.124 6.255 7.128 7.759 8.211 8.429 8.531 8.556 8.583 8.368 7.907 7.265 6.578 5.878 5.216 4.580 3.943 3.309
0.000 0.000 0.000 0.000 0.000 0.000 0.000 0.000 0.000 0.000 0.000 0.000 0.000 0.000 0.000 0.000 0.000 0.000 0.000 0.000 0.000 0.000 0.000 0.000 0.000 0.001 0.001 0.002 0.003 0.004 0.005 0.007 0.009 0.011 0.012 0.014 0.015 0.015 0.015 0.014 0.010 0.007 0.005 0.003 0.002 0.002 0.001 0.001 0.001 0.001 0.001 0.002 0.004 0.008 0.024 0.149 0.533 1.224 2.149 3.237 4.378 5.401 6.217 6.803 7.109 7.204 7.125 6.953 6.691 6.406 6.026 5.502 4.887 4.293 3.742 3.171 2.593
0.000 0.000 0.000 0.000 0.000 0.000 0.000 0.000 0.000 0.000 0.000 0.000 0.000 0.000 0.000 0.000 0.000 0.000 0.000 0.000 0.000 0.000 0.000 0.000 0.000 0.000 0.000 0.001 0.002 0.003 0.004 0.006 0.008 0.010 0.012 0.013 0.014 0.015 0.014 0.013 0.011 0.007 0.005 0.003 0.002 0.001 0.001 0.001 0.001 0.001 0.001 0.001 0.002 0.004 0.008 0.024 0.119 0.409 0.951 1.728 2.712 3.734 4.637 5.375 5.810 5.923 5.852 5.617 5.221 4.911 4.647 4.350 3.965 3.537 3.077 2.568 2.031
0.000 0.000 0.000 0.000 0.000 0.000 0.000 0.000 0.000 0.000 0.000 0.000 0.000 0.000 0.000 0.000 0.000 0.000 0.000 0.000 0.000 0.000 0.000 0.000 0.000 0.000 0.000 0.000 0.001 0.002 0.003 0.004 0.006 0.008 0.010 0.011 0.012 0.012 0.012 0.011 0.010 0.007 0.005 0.003 0.002 0.001 0.001 0.000 0.000 0.000 0.000 0.001 0.001 0.002 0.004 0.008 0.021 0.087 0.282 0.694 1.373 2.257 3.187 4.013 4.556 4.778 4.726 4.512 4.138 3.780 3.521 3.342 3.147 2.898 2.543 2.099 1.597
0.000 0.000 0.000 0.000 0.000 0.000 0.000 0.000 0.000 0.000 0.000 0.000 0.000 0.000 0.000 0.000 0.000 0.000 0.000 0.000 0.000 0.000 0.000 0.000 0.000 0.000 0.000 0.000 0.000 0.001 0.001 0.002 0.004 0.006 0.007 0.008 0.008 0.008 0.008 0.007 0.007 0.006 0.004 0.003 0.002 0.001 0.000 0.000 0.000 0.000 0.000 0.000 0.001 0.001 0.002 0.003 0.007 0.017 0.054 0.183 0.511 1.092 1.912 2.786 3.371 3.642 3.648 3.513 3.265 2.972 2.714 2.551 2.451 2.324 2.085 1.735 1.276
0.000 0.000 0.000 0.000 0.000 0.000 0.000 0.000 0.000 0.000 0.000 0.000 0.000 0.000 0.000 0.000 0.000 0.000 0.000 0.000 0.000 0.000 0.000 0.000 0.000 0.000 0.000 0.000 0.000 0.000 0.001 0.001 0.002 0.003 0.004 0.004 0.004 0.004 0.004 0.004 0.004 0.004 0.003 0.002 0.001 0.000 0.000 0.000 0.000 0.000 0.000 0.000 0.000 0.001 0.001 0.002 0.003 0.006 0.013 0.035 0.126 0.376 0.905 1.711 2.326 2.591 2.655 2.617 2.511 2.357 2.163 2.004 1.907 1.808 1.654 1.411 1.050
0.000 0.000 0.000 0.000 0.000 0.000 0.000 0.000 0.000 0.000 0.000 0.000 0.000 0.000 0.000 0.000 0.000 0.000 0.000 0.000 0.000 0.000 0.000 0.000 0.000 0.000 0.000 0.000 0.000 0.000 0.000 0.000 0.001 0.002 0.002 0.002 0.002 0.002 0.002 0.002 0.002 0.002 0.001 0.001 0.000 0.000 0.000 0.000 0.000 0.000 0.000 0.000 0.000 0.000 0.000 0.001 0.001 0.003 0.005 0.010 0.025 0.085 0.301 0.830 1.423 1.705 1.812 1.860 1.862 1.826 1.737 1.617 1.505 1.388 1.256 1.084 0.844
0.000 0.000 0.000 0.000 0.000 0.000 0.000 0.000 0.000 0.000 0.000 0.000 0.000 0.000 0.000 0.000 0.000 0.000 0.000 0.000 0.000 0.000 0.000 0.000 0.000 0.000 0.000 0.000 0.000 0.000 0.000 0.000 0.000 0.000 0.001 0.001 0.001 0.001 0.001 0.001 0.001 0.001 0.000 0.000 0.000 0.000 0.000 0.000 0.000 0.000 0.000 0.000 0.000 0.000 0.000 0.000 0.001 0.001 0.002 0.004 0.008 0.019 0.069 0.292 0.713 1.011 1.163 1.277 1.347 1.377 1.364 1.300 1.192 1.065 0.932 0.789 0.624
0.000 0.000 0.000 0.000 0.000 0.000 0.000 0.000 0.000 0.000 0.000 0.000 0.000 0.000 0.000 0.000 0.000 0.000 0.000 0.000 0.000 0.000 0.000 0.000 0.000 0.000 0.000 0.000 0.000 0.000 0.000 0.000 0.000 0.000 0.000 0.000 0.000 0.000 0.000 0.000 0.000 0.000 0.000 0.000 0.000 0.000 0.000 0.000 0.000 0.000 0.000 0.000 0.000 0.000 0.000 0.000 0.000 0.000 0.001 0.002 0.003 0.007 0.017 0.076 0.265 0.504 0.697 0.850 0.958 1.021 1.038 1.010 0.925 0.810 0.687 0.563 0.432
0.000 0.000 0.000 0.000 0.000 0.000 0.000 0.000 0.000 0.000 0.000 0.000 0.000 0.000 0.000 0.000 0.000 0.000 0.000 0.000 0.000 0.000 0.000 0.000 0.000 0.000 0.000 0.000 0.000 0.000 0.000 0.000 0.000 0.000 0.000 0.000 0.000 0.000 0.000 0.000 0.000 0.000 0.000 0.000 0.000 0.000 0.000 0.000 0.000 0.000 0.000 0.000 0.000 0.000 0.000 0.000 0.000 0.000 0.000 0.001 0.002 0.003 0.007 0.020 0.073 0.194 0.357 0.529 0.661 0.740 0.768 0.754 0.694 0.606 0.506 0.402 0.297
0.000 0.000 0.000 0.000 0.000 0.000 0.000 0.000 0.000 0.000 0.000 0.000 0.000 0.000 0.000 0.000 0.000 0.000 0.000 0.000 0.000 0.000 0.000 0.000 0.000 0.000 0.000 0.000 0.000 0.000 0.000 0.000 0.000 0.000 0.000 0.000 0.000 0.000 0.000 0.000 0.000 0.000 0.000 0.000 0.000 0.000 0.000 0.000 0.000 0.000 0.000 0.000 0.000 0.000 0.000 0.000 0.000 0.000 0.000 0.000 0.001 0.001 0.003 0.007 0.020 0.059 0.144 0.284 0.428 0.516 0.549 0.543 0.506 0.447 0.371 0.286 0.204
0.000 0.000 0.000 0.000 0.000 0.000 0.000 0.000 0.000 0.000 0.000 0.000 0.000 0.000 0.000 0.000 0.000 0.000 0.000 0.000 0.000 0.000 0.000 0.000 0.000 0.000 0.000 0.000 0.000 0.000 0.000 0.000 0.000 0.000 0.000 0.000 0.000 0.000 0.000 0.000 0.000 0.000 0.000 0.000 0.000 0.000 0.000 0.000 0.000 0.000 0.000 0.000 0.000 0.000 0.000 0.000 0.000 0.000 0.000 0.000 0.000 0.001 0.002 0.003 0.008 0.018 0.049 0.127 0.252 0.342 0.377 0.380 0.362 0.324 0.270 0.201 0.139
0.000 0.000 0.000 0.000 0.000 0.000 0.000 0.000 0.000 0.000 0.000 0.000 0.000 0.000 0.000 0.000 0.000 0.000 0.000 0.000 0.000 0.000 0.000 0.000 0.000 0.000 0.000 0.000 0.000 0.000 0.000 0.000 0.000 0.000 0.000 0.000 0.000 0.000 0.000 0.000 0.000 0.000 0.000 0.000 0.000 0.000 0.000 0.000 0.000 0.000 0.000 0.000 0.000 0.000 0.000 0.000 0.000 0.000 0.000 0.000 0.000 0.000 0.001 0.002 0.004 0.008 0.019 0.054 0.137 0.216 0.250 0.258 0.252 0.230 0.192 0.139 0.096
0.000 0.000 0.000 0.000 0.000 0.000 0.000 0.000 0.000 0.000 0.000 0.000 0.000 0.000 0.000 0.000 0.000 0.000 0.000 0.000 0.000 0.000 0.000 0.000 0.000 0.000 0.000 0.000 0.000 0.000 0.000 0.000 0.000 0.000 0.000 0.000 0.000 0.000 0.000 0.000 0.000 0.000 0.000 0.000 0.000 0.000 0.000 0.000 0.000 0.000 0.000 0.000 0.000 0.000 0.000 0.000 0.000 0.000 0.000 0.000 0.000 0.000 0.000 0.001 0.002 0.004 0.010 0.026 0.074 0.132 0.162 0.171 0.170 0.158 0.133 0.096 0.066
0.000 0.000 0.000 0.000 0.000 0.000 0.000 0.000 0.000 0.000 0.000 0.000 0.000 0.000 0.000 0.000 0.000 0.000 0.000 0.000 0.000 0.000 0.000 0.000 0.000 0.000 0.000 0.000 0.000 0.000 0.000 0.000 0.000 0.000 0.000 0.000 0.000 0.000 0.000 0.000 0.000 0.000 0.000 0.000 0.000 0.000 0.000 0.000 0.000 0.000 0.000 0.000 0.000 0.000 0.000 0.000 0.000 0.000 0.000 0.000 0.000 0.000 0.000 0.000 0.001 0.002 0.005 0.014 0.039 0.079 0.102 0.111 0.112 0.105 0.089 0.066 0.046
0.000 0.000 0.000 0.000 0.000 0.000 0.000 0.000 0.000 0.000 0.000 0.000 0.000 0.000 0.000 0.000 0.000 0.000 0.000 0.000 0.000 0.000 0.000 0.000 0.000 0.000 0.000 0.000 0.000 0.000 0.000 0.000 0.000 0.000 0.000 0.000 0.000 0.000 0.000 0.000 0.000 0.000 0.000 0.000 0.000 0.000 0.000 0.000 0.000 0.000 0.000 0.000 0.000 0.000 0.000 0.000 0.000 0.000 0.000 0.000 0.000 0.000 0.000 0.000 0.001 0.001 0.003 0.008 0.021 0.046 0.063 0.071 0.072 0.068 0.059 0.045 0.031
0.000 0.000 0.000 0.000 0.000 0.000 0.000 0.000 0.000 0.000 0.000 0.000 0.000 0.000 0.000 0.000 0.000 0.000 0.000 0.000 0.000 0.000 0.000 0.000 0.000 0.000 0.000 0.000 0.000 0.000 0.000 0.000 0.000 0.000 0.000 0.000 0.000 0.000 0.000 0.000 0.000 0.000 0.000 0.000 0.000 0.000 0.000 0.000 0.000 0.000 0.000 0.000 0.000 0.000 0.000 0.000 0.000 0.000 0.000 0.000 0.000 0.000 0.000 0.000 0.000 0.001 0.002 0.004 0.011 0.026 0.039 0.044 0.045 0.043 0.038 0.029 0.020
0.000 0.000 0.000 0.000 0.000 0.000 0.000 0.000 0.000 0.000 0.000 0.000 0.000 0.000 0.000 0.000 0.000 0.000 0.000 0.000 0.000 0.000 0.000 0.000 0.000 0.000 0.000 0.000 0.000 0.000 0.000 0.000 0.000 0.000 0.000 0.000 0.000 0.000 0.000 0.000 0.000 0.000 0.000 0.000 0.000 0.000 0.000 0.000 0.000 0.000 0.000 0.000 0.000 0.000 0.000 0.000 0.000 0.000 0.000 0.000 0.000 0.000 0.000 0.000 0.000 0.000 0.001 0.003 0.006 0.015 0.024 0.027 0.027 0.026 0.023 0.018 0.013
0.000 0.000 0.000 0.000 0.000 0.000 0.000 0.000 0.000 0.000 0.000 0.000 0.000 0.000 0.000 0.000 0.000 0.000 0.000 0.000 0.000 0.000 0.000 0.000 0.000 0.000 0.000 0.000 0.000 0.000 0.000 0.000 0.000 0.000 0.000 0.000 0.000 0.000 0.000 0.000 0.000 0.000 0.000 0.000 0.000 0.000 0.000 0.000 0.000 0.000 0.000 0.000 0.000 0.000 0.000 0.000 0.000 0.000 0.000 0.000 0.000 0.000 0.000 0.000 0.000 0.000 0.001 0.001 0.003 0.008 0.013 0.016 0.016 0.016 0.014 0.011 0.008
0.000 0.000 0.000 0.000 0.000 0.000 0.000 0.000 0.000 0.000 0.000 0.000 0.000 0.000 0.000 0.000 0.000 0.000 0.000 0.000 0.000 0.000 0.000 0.000 0.000 0.000 0.000 0.000 0.000 0.000 0.000 0.000 0.000 0.000 0.000 0.000 0.000 0.000 0.000 0.000 0.000 0.000 0.000 0.000 0.000 0.000 0.000 0.000 0.000 0.000 0.000 0.000 0.000 0.000 0.000 0.000 0.000 0.000 0.000 0.000 0.000 0.000 0.000 0.000 0.000 0.000 0.000 0.001 0.002 0.004 0.007 0.009 0.009 0.009 0.008 0.007 0.005
0.000 0.000 0.000 0.000 0.000 0.000 0.000 0.000 0.000 0.000 0.000 0.000 0.000 0.000 0.000 0.000 0.000 0.000 0.000 0.000 0.000 0.000 0.000 0.000 0.000 0.000 0.000 0.000 0.000 0.000 0.000 0.000 0.000 0.000 0.000 0.000 0.000 0.000 0.000 0.000 0.000 0.000 0.000 0.000 0.000 0.000 0.000 0.000 0.000 0.000 0.000 0.000 0.000 0.000 0.000 0.000 0.000 0.000 0.000 0.000 0.000 0.000 0.000 0.000 0.000 0.000 0.000 0.000 0.001 0.002 0.003 0.005 0.005 0.005 0.004 0.004 0.002
0.000 0.000 0.000 0.000 0.000 0.000 0.000 0.000 0.000 0.000 0.000 0.000 0.000 0.000 0.000 0.000 0.000 0.000 0.000 0.000 0.000 0.000 0.000 0.000 0.000 0.000 0.000 0.000 0.000 0.000 0.000 0.000 0.000 0.000 0.000 0.000 0.000 0.000 0.000 0.000 0.000 0.000 0.000 0.000 0.000 0.000 0.000 0.000 0.000 0.000 0.000 0.000 0.000 0.000 0.000 0.000 0.000 0.000 0.000 0.000 0.000 0.000 0.000 0.000 0.000 0.000 0.000 0.000 0.000 0.001 0.001 0.002 0.002 0.002 0.002 0.002 0.001
0.000 0.000 0.000 0.000 0.000 0.000 0.000 0.000 0.000 0.000 0.000 0.000 0.000 0.000 0.000 0.000 0.000 0.000 0.000 0.000 0.000 0.000 0.000 0.000 0.000 0.000 0.000 0.000 0.000 0.000 0.000 0.000 0.000 0.000 0.000 0.000 0.000 0.000 0.000 0.000 0.000 0.000 0.000 0.000 0.000 0.000 0.000 0.000 0.000 0.000 0.000 0.000 0.000 0.000 0.000 0.000 0.000 0.000 0.000 0.000 0.000 0.000 0.000 0.000 0.000 0.000 0.000 0.000 0.000 0.000 0.000 0.001 0.001 0.001 0.001 0.001 0.000
