AvaFrame/avaframe/data/avaSalk/Avaflow_Input_Output/slk_results/slk_ascii/slk_basechange0024.asc
ncols 296
nrows 144
xllcenter 761600.00
yllcenter 8523000.00
cellsize 12.50
NODATA_value -9999.000
[rows 66 to 98 of 144, columns 148 to 221 of 296]
0.000 0.000 0.000 0.000 0.000 0.000 0.000 0.000 0.000 0.000 0.000 0.000 0.000 0.000 0.000 0.000 0.000 0.000 0.000 0.000 0.000 0.000 0.000 0.000 0.000 -0.000 -0.000 -0.000 -0.000 -0.000 -0.000 -0.000 -0.000 -0.000 -0.000 -0.000 -0.000 -0.000 -0.000 -0.001 -0.001 -0.001 -0.002 -0.002 -0.004 -0.006 -0.009 -0.016 -0.029 -0.052 -0.090 -0.145 -0.225 -0.330 -0.438 -0.536 -0.614 -0.670 -0.712 -0.747 -0.783 -0.815 -0.859 -0.923 -1.011 -1.123 -1.284 -1.491 -1.695 -1.895 -2.086 -2.250 -2.369 -2.463
0.000 0.000 0.000 0.000 0.000 0.000 0.000 0.000 0.000 0.000 0.000 0.000 0.000 0.000 0.000 0.000 0.000 0.000 0.000 0.000 0.000 0.000 0.000 0.000 -0.000 -0.000 -0.000 -0.000 -0.000 -0.000 -0.000 -0.000 -0.000 -0.000 -0.000 -0.000 -0.000 -0.000 -0.001 -0.001 -0.001 -0.002 -0.003 -0.004 -0.007 -0.012 -0.022 -0.041 -0.073 -0.121 -0.187 -0.269 -0.363 -0.462 -0.548 -0.620 -0.679 -0.717 -0.740 -0.766 -0.802 -0.844 -0.906 -0.990 -1.104 -1.259 -1.457 -1.686 -1.914 -2.103 -2.255 -2.372 -2.463 -2.544
0.000 0.000 0.000 0.000 0.000 0.000 0.000 0.000 0.000 0.000 0.000 0.000 0.000 0.000 0.000 0.000 0.000 0.000 0.000 0.000 0.000 0.000 0.000 -0.000 -0.000 -0.000 -0.000 -0.000 -0.000 -0.000 -0.000 -0.000 -0.000 -0.000 -0.000 -0.000 -0.001 -0.001 -0.001 -0.002 -0.002 -0.004 -0.006 -0.009 -0.016 -0.029 -0.052 -0.091 -0.145 -0.216 -0.298 -0.390 -0.477 -0.553 -0.614 -0.660 -0.697 -0.727 -0.752 -0.787 -0.834 -0.897 -0.978 -1.096 -1.239 -1.431 -1.654 -1.867 -2.070 -2.256 -2.391 -2.475 -2.535 -2.605
0.000 0.000 0.000 0.000 0.000 0.000 0.000 0.000 0.000 0.000 0.000 0.000 0.000 0.000 0.000 0.000 0.000 0.000 0.000 0.000 0.000 0.000 -0.000 -0.000 -0.000 -0.000 -0.000 -0.000 -0.000 -0.000 -0.000 -0.000 -0.000 -0.000 -0.000 -0.001 -0.001 -0.001 -0.002 -0.003 -0.004 -0.007 -0.011 -0.019 -0.035 -0.061 -0.102 -0.159 -0.231 -0.312 -0.396 -0.477 -0.546 -0.600 -0.642 -0.674 -0.702 -0.731 -0.772 -0.822 -0.890 -0.974 -1.081 -1.233 -1.421 -1.627 -1.843 -2.046 -2.227 -2.371 -2.479 -2.562 -2.613 -2.626
0.000 0.000 0.000 0.000 0.000 0.000 0.000 0.000 0.000 0.000 0.000 0.000 0.000 0.000 0.000 0.000 0.000 0.000 0.000 0.000 -0.000 -0.000 -0.000 -0.000 -0.000 -0.000 -0.000 -0.000 -0.000 -0.000 -0.000 -0.000 -0.000 -0.000 -0.001 -0.001 -0.001 -0.002 -0.003 -0.005 -0.008 -0.013 -0.023 -0.041 -0.070 -0.113 -0.169 -0.240 -0.320 -0.400 -0.472 -0.533 -0.582 -0.618 -0.649 -0.681 -0.719 -0.766 -0.822 -0.889 -0.969 -1.076 -1.211 -1.390 -1.612 -1.839 -2.054 -2.232 -2.387 -2.499 -2.559 -2.621 -2.655 -2.605
0.000 0.000 0.000 0.000 0.000 0.000 0.000 0.000 0.000 0.000 0.000 0.000 0.000 -0.000 -0.000 0.000 0.000 0.000 -0.000 -0.000 -0.000 -0.000 -0.000 -0.000 -0.000 -0.000 -0.000 -0.000 -0.000 -0.000 -0.000 -0.000 -0.001 -0.001 -0.001 -0.002 -0.002 -0.004 -0.005 -0.009 -0.014 -0.026 -0.046 -0.077 -0.122 -0.180 -0.252 -0.330 -0.405 -0.472 -0.528 -0.572 -0.612 -0.646 -0.682 -0.720 -0.763 -0.817 -0.895 -0.983 -1.080 -1.201 -1.361 -1.569 -1.803 -2.063 -2.298 -2.444 -2.539 -2.620 -2.640 -2.633 -2.606 -2.492
0.000 0.000 0.000 0.000 0.000 0.000 0.000 0.000 0.000 -0.000 -0.000 -0.000 -0.000 -0.000 -0.000 -0.000 -0.000 -0.000 -0.000 -0.000 -0.000 -0.000 -0.000 -0.000 -0.000 -0.000 -0.000 -0.000 -0.000 -0.001 -0.001 -0.001 -0.001 -0.001 -0.002 -0.003 -0.004 -0.006 -0.010 -0.016 -0.028 -0.050 -0.084 -0.130 -0.190 -0.259 -0.335 -0.411 -0.477 -0.527 -0.570 -0.611 -0.648 -0.684 -0.725 -0.773 -0.824 -0.887 -0.992 -1.103 -1.213 -1.349 -1.536 -1.784 -2.050 -2.299 -2.522 -2.622 -2.650 -2.668 -2.647 -2.552 -2.437 -2.245
-0.000 0.000 0.000 0.000 -0.000 -0.000 0.000 0.000 -0.000 -0.000 -0.000 -0.000 -0.000 -0.000 -0.000 -0.000 -0.000 -0.000 -0.000 -0.000 -0.000 -0.000 -0.000 -0.000 -0.001 -0.001 -0.001 -0.001 -0.001 -0.001 -0.001 -0.001 -0.002 -0.002 -0.003 -0.004 -0.007 -0.011 -0.018 -0.031 -0.055 -0.090 -0.139 -0.199 -0.269 -0.340 -0.410 -0.472 -0.530 -0.578 -0.616 -0.657 -0.696 -0.736 -0.783 -0.841 -0.906 -0.990 -1.114 -1.242 -1.375 -1.545 -1.797 -2.112 -2.400 -2.600 -2.722 -2.743 -2.677 -2.611 -2.517 -2.377 -2.180 -1.905
-0.000 -0.000 -0.000 -0.000 -0.000 -0.000 -0.000 -0.000 -0.000 -0.000 -0.000 -0.000 -0.000 -0.000 -0.000 -0.000 -0.000 -0.000 -0.000 -0.000 -0.000 -0.001 -0.001 -0.002 -0.002 -0.002 -0.002 -0.002 -0.002 -0.002 -0.002 -0.002 -0.003 -0.004 -0.005 -0.008 -0.012 -0.020 -0.034 -0.059 -0.097 -0.147 -0.208 -0.277 -0.347 -0.415 -0.477 -0.529 -0.578 -0.626 -0.669 -0.713 -0.758 -0.804 -0.862 -0.930 -1.009 -1.114 -1.254 -1.414 -1.596 -1.859 -2.241 -2.583 -2.781 -2.815 -2.790 -2.737 -2.632 -2.503 -2.338 -2.127 -1.863 -1.567
-0.000 -0.000 -0.000 -0.000 -0.000 -0.000 -0.000 -0.000 -0.000 -0.000 -0.000 -0.000 -0.000 -0.001 -0.000 -0.000 -0.000 -0.000 -0.000 -0.000 -0.001 -0.002 -0.004 -0.006 -0.007 -0.007 -0.007 -0.006 -0.005 -0.003 -0.003 -0.004 -0.005 -0.006 -0.009 -0.014 -0.022 -0.037 -0.063 -0.102 -0.154 -0.216 -0.282 -0.351 -0.419 -0.480 -0.537 -0.586 -0.636 -0.685 -0.732 -0.779 -0.833 -0.889 -0.955 -1.032 -1.130 -1.264 -1.433 -1.668 -1.984 -2.385 -2.744 -2.915 -2.901 -2.770 -2.635 -2.527 -2.460 -2.319 -2.081 -1.828 -1.534 -1.279
-0.000 -0.000 -0.000 -0.000 -0.000 -0.000 -0.000 -0.000 -0.000 -0.000 -0.001 -0.001 -0.002 -0.002 -0.002 -0.002 -0.001 -0.001 -0.001 -0.002 -0.004 -0.006 -0.008 -0.009 -0.010 -0.011 -0.012 -0.014 -0.013 -0.009 -0.006 -0.007 -0.009 -0.011 -0.016 -0.025 -0.041 -0.068 -0.108 -0.160 -0.222 -0.289 -0.359 -0.424 -0.487 -0.546 -0.599 -0.654 -0.709 -0.762 -0.815 -0.864 -0.920 -0.979 -1.051 -1.145 -1.283 -1.469 -1.724 -2.071 -2.493 -2.861 -2.966 -2.848 -2.660 -2.460 -2.331 -2.267 -2.198 -2.052 -1.760 -1.488 -1.248 -1.061
-0.000 -0.000 -0.000 -0.000 -0.000 -0.000 -0.000 -0.000 -0.000 -0.001 -0.003 -0.009 -0.015 -0.017 -0.014 -0.009 -0.006 -0.005 -0.006 -0.009 -0.012 -0.012 -0.009 -0.008 -0.010 -0.011 -0.012 -0.021 -0.028 -0.024 -0.017 -0.016 -0.018 -0.024 -0.034 -0.050 -0.077 -0.117 -0.169 -0.230 -0.298 -0.367 -0.433 -0.497 -0.557 -0.620 -0.680 -0.741 -0.796 -0.845 -0.895 -0.952 -1.014 -1.079 -1.161 -1.295 -1.491 -1.770 -2.136 -2.508 -2.776 -2.914 -2.801 -2.531 -2.293 -2.135 -2.070 -2.053 -1.975 -1.749 -1.449 -1.201 -1.027 -0.921
-0.001 -0.001 -0.001 -0.001 -0.001 -0.001 -0.001 -0.002 -0.002 -0.004 -0.013 -0.021 -0.024 -0.027 -0.028 -0.026 -0.023 -0.022 -0.023 -0.021 -0.018 -0.014 -0.010 -0.010 -0.012 -0.011 -0.012 -0.025 -0.044 -0.049 -0.043 -0.039 -0.042 -0.051 -0.069 -0.098 -0.139 -0.192 -0.255 -0.321 -0.384 -0.446 -0.508 -0.570 -0.636 -0.707 -0.774 -0.839 -0.887 -0.924 -0.968 -1.034 -1.106 -1.192 -1.313 -1.507 -1.787 -2.138 -2.493 -2.720 -2.774 -2.703 -2.501 -2.231 -2.060 -1.979 -1.913 -1.857 -1.709 -1.445 -1.185 -1.003 -0.896 -0.839
-0.006 -0.006 -0.005 -0.005 -0.006 -0.006 -0.007 -0.009 -0.013 -0.026 -0.038 -0.033 -0.018 -0.020 -0.027 -0.032 -0.035 -0.034 -0.030 -0.021 -0.014 -0.010 -0.012 -0.014 -0.013 -0.019 -0.029 -0.039 -0.062 -0.079 -0.072 -0.065 -0.070 -0.085 -0.111 -0.152 -0.210 -0.280 -0.360 -0.436 -0.497 -0.546 -0.600 -0.662 -0.734 -0.811 -0.874 -0.917 -0.956 -0.991 -1.036 -1.110 -1.215 -1.332 -1.521 -1.807 -2.142 -2.471 -2.667 -2.707 -2.616 -2.427 -2.202 -2.033 -1.928 -1.844 -1.746 -1.625 -1.444 -1.192 -0.985 -0.861 -0.796 -0.773
-0.055 -0.048 -0.043 -0.042 -0.045 -0.047 -0.048 -0.055 -0.069 -0.085 -0.086 -0.054 -0.023 -0.021 -0.024 -0.026 -0.026 -0.024 -0.021 -0.017 -0.016 -0.014 -0.016 -0.016 -0.017 -0.036 -0.060 -0.072 -0.093 -0.107 -0.091 -0.079 -0.091 -0.120 -0.161 -0.214 -0.281 -0.361 -0.450 -0.540 -0.609 -0.670 -0.733 -0.795 -0.858 -0.914 -0.957 -0.983 -1.009 -1.049 -1.109 -1.201 -1.346 -1.546 -1.808 -2.143 -2.445 -2.630 -2.674 -2.571 -2.371 -2.170 -2.019 -1.908 -1.818 -1.712 -1.574 -1.410 -1.216 -1.013 -0.855 -0.761 -0.714 -0.706
-0.140 -0.145 -0.143 -0.141 -0.143 -0.146 -0.139 -0.124 -0.118 -0.114 -0.099 -0.066 -0.040 -0.032 -0.029 -0.023 -0.022 -0.024 -0.026 -0.025 -0.025 -0.028 -0.026 -0.026 -0.034 -0.053 -0.080 -0.109 -0.132 -0.132 -0.106 -0.096 -0.118 -0.163 -0.225 -0.297 -0.373 -0.455 -0.542 -0.646 -0.735 -0.804 -0.883 -0.945 -0.982 -1.001 -1.011 -1.030 -1.064 -1.118 -1.204 -1.341 -1.542 -1.817 -2.131 -2.409 -2.584 -2.626 -2.534 -2.355 -2.153 -1.996 -1.891 -1.799 -1.694 -1.563 -1.402 -1.227 -1.044 -0.879 -0.758 -0.680 -0.638 -0.638
-0.114 -0.130 -0.150 -0.162 -0.155 -0.152 -0.147 -0.123 -0.086 -0.063 -0.053 -0.049 -0.051 -0.048 -0.044 -0.037 -0.041 -0.043 -0.048 -0.044 -0.033 -0.037 -0.048 -0.054 -0.058 -0.065 -0.084 -0.132 -0.157 -0.143 -0.122 -0.131 -0.169 -0.231 -0.313 -0.400 -0.490 -0.584 -0.674 -0.788 -0.913 -0.978 -1.022 -1.064 -1.086 -1.088 -1.074 -1.085 -1.128 -1.215 -1.339 -1.535 -1.804 -2.093 -2.350 -2.525 -2.570 -2.510 -2.355 -2.166 -2.005 -1.879 -1.779 -1.675 -1.555 -1.401 -1.234 -1.063 -0.908 -0.771 -0.666 -0.596 -0.559 -0.572
-0.054 -0.047 -0.050 -0.082 -0.099 -0.089 -0.081 -0.074 -0.040 -0.016 -0.022 -0.037 -0.060 -0.070 -0.075 -0.077 -0.077 -0.069 -0.071 -0.068 -0.062 -0.062 -0.067 -0.076 -0.076 -0.076 -0.094 -0.146 -0.170 -0.147 -0.139 -0.179 -0.241 -0.320 -0.416 -0.513 -0.616 -0.723 -0.822 -0.940 -1.088 -1.176 -1.178 -1.170 -1.174 -1.182 -1.183 -1.197 -1.251 -1.353 -1.552 -1.807 -2.077 -2.312 -2.462 -2.496 -2.459 -2.336 -2.179 -2.021 -1.886 -1.776 -1.665 -1.540 -1.399 -1.239 -1.072 -0.916 -0.774 -0.660 -0.572 -0.511 -0.483 -0.510
-0.069 -0.050 -0.031 -0.022 -0.027 -0.038 -0.032 -0.018 -0.011 -0.011 -0.021 -0.040 -0.045 -0.076 -0.107 -0.100 -0.100 -0.089 -0.084 -0.078 -0.083 -0.086 -0.099 -0.106 -0.099 -0.096 -0.116 -0.164 -0.183 -0.170 -0.186 -0.249 -0.329 -0.422 -0.532 -0.648 -0.765 -0.877 -0.971 -1.071 -1.181 -1.267 -1.277 -1.260 -1.255 -1.280 -1.314 -1.364 -1.476 -1.610 -1.821 -2.081 -2.326 -2.419 -2.437 -2.388 -2.295 -2.174 -2.038 -1.898 -1.762 -1.646 -1.531 -1.399 -1.241 -1.079 -0.923 -0.779 -0.654 -0.553 -0.481 -0.435 -0.421 -0.461
-0.125 -0.117 -0.069 -0.047 -0.043 -0.039 -0.036 -0.030 -0.027 -0.027 -0.027 -0.026 -0.024 -0.029 -0.046 -0.061 -0.069 -0.066 -0.067 -0.076 -0.084 -0.093 -0.117 -0.146 -0.139 -0.137 -0.152 -0.188 -0.202 -0.223 -0.273 -0.350 -0.445 -0.555 -0.669 -0.801 -0.927 -1.041 -1.107 -1.164 -1.225 -1.277 -1.299 -1.320 -1.346 -1.407 -1.475 -1.563 -1.728 -1.969 -2.167 -2.281 -2.384 -2.431 -2.334 -2.235 -2.149 -2.044 -1.923 -1.777 -1.629 -1.495 -1.372 -1.238 -1.084 -0.926 -0.784 -0.655 -0.546 -0.463 -0.407 -0.379 -0.382 -0.435
-0.135 -0.192 -0.204 -0.134 -0.083 -0.077 -0.073 -0.071 -0.068 -0.067 -0.071 -0.073 -0.074 -0.074 -0.065 -0.055 -0.056 -0.069 -0.084 -0.096 -0.107 -0.114 -0.148 -0.195 -0.202 -0.196 -0.189 -0.212 -0.239 -0.295 -0.381 -0.478 -0.589 -0.715 -0.843 -0.965 -1.072 -1.163 -1.195 -1.224 -1.256 -1.265 -1.296 -1.356 -1.445 -1.565 -1.693 -1.786 -1.954 -2.183 -2.382 -2.471 -2.347 -2.290 -2.210 -2.087 -2.019 -1.939 -1.804 -1.633 -1.460 -1.316 -1.192 -1.067 -0.921 -0.775 -0.647 -0.537 -0.449 -0.391 -0.356 -0.345 -0.366 -0.432
-0.179 -0.183 -0.228 -0.330 -0.218 -0.131 -0.132 -0.131 -0.129 -0.132 -0.145 -0.148 -0.149 -0.147 -0.142 -0.135 -0.134 -0.134 -0.134 -0.154 -0.157 -0.173 -0.223 -0.253 -0.258 -0.249 -0.229 -0.264 -0.325 -0.405 -0.512 -0.635 -0.774 -0.902 -1.021 -1.100 -1.168 -1.212 -1.237 -1.260 -1.290 -1.295 -1.332 -1.409 -1.539 -1.682 -1.877 -2.001 -2.115 -2.237 -2.340 -2.474 -2.373 -2.110 -2.045 -1.974 -1.908 -1.821 -1.659 -1.450 -1.264 -1.121 -1.013 -0.909 -0.785 -0.652 -0.533 -0.438 -0.372 -0.337 -0.324 -0.331 -0.370 -0.447
-0.279 -0.267 -0.257 -0.297 -0.383 -0.280 -0.208 -0.210 -0.213 -0.233 -0.244 -0.245 -0.241 -0.231 -0.225 -0.222 -0.215 -0.209 -0.225 -0.244 -0.256 -0.275 -0.307 -0.316 -0.313 -0.305 -0.299 -0.365 -0.461 -0.572 -0.688 -0.831 -0.977 -1.099 -1.188 -1.233 -1.247 -1.263 -1.261 -1.279 -1.324 -1.363 -1.427 -1.515 -1.638 -1.762 -1.942 -2.107 -2.187 -2.223 -2.207 -2.278 -2.385 -2.109 -1.892 -1.883 -1.819 -1.665 -1.459 -1.240 -1.069 -0.951 -0.872 -0.792 -0.685 -0.559 -0.448 -0.367 -0.319 -0.301 -0.305 -0.333 -0.391 -0.476
-0.350 -0.354 -0.363 -0.353 -0.368 -0.408 -0.332 -0.316 -0.315 -0.328 -0.341 -0.346 -0.333 -0.322 -0.325 -0.309 -0.308 -0.321 -0.346 -0.380 -0.386 -0.374 -0.370 -0.370 -0.378 -0.394 -0.426 -0.509 -0.624 -0.771 -0.922 -1.058 -1.173 -1.266 -1.321 -1.348 -1.343 -1.332 -1.345 -1.359 -1.388 -1.428 -1.514 -1.608 -1.708 -1.817 -1.932 -2.054 -2.107 -2.109 -2.053 -1.994 -2.119 -2.174 -1.903 -1.763 -1.682 -1.451 -1.204 -1.016 -0.893 -0.824 -0.776 -0.712 -0.611 -0.484 -0.381 -0.318 -0.286 -0.278 -0.294 -0.340 -0.416 -0.509
-0.386 -0.404 -0.423 -0.432 -0.450 -0.447 -0.473 -0.420 -0.425 -0.436 -0.447 -0.440 -0.433 -0.423 -0.401 -0.406 -0.428 -0.463 -0.494 -0.516 -0.490 -0.446 -0.422 -0.436 -0.476 -0.521 -0.606 -0.717 -0.847 -0.989 -1.138 -1.242 -1.345 -1.387 -1.397 -1.438 -1.400 -1.373 -1.429 -1.473 -1.483 -1.507 -1.578 -1.681 -1.785 -1.849 -1.900 -1.923 -1.935 -1.917 -1.858 -1.768 -1.773 -1.940 -1.939 -1.665 -1.446 -1.202 -0.967 -0.830 -0.760 -0.734 -0.712 -0.659 -0.557 -0.429 -0.333 -0.282 -0.263 -0.267 -0.291 -0.350 -0.437 -0.536
-0.452 -0.470 -0.485 -0.499 -0.520 -0.564 -0.549 -0.529 -0.525 -0.528 -0.526 -0.518 -0.512 -0.493 -0.499 -0.549 -0.606 -0.630 -0.621 -0.592 -0.567 -0.515 -0.513 -0.567 -0.628 -0.702 -0.813 -0.949 -1.086 -1.223 -1.330 -1.367 -1.443 -1.433 -1.404 -1.434 -1.385 -1.383 -1.443 -1.477 -1.533 -1.605 -1.644 -1.737 -1.833 -1.889 -1.875 -1.817 -1.752 -1.726 -1.662 -1.585 -1.578 -1.686 -1.763 -1.564 -1.184 -0.946 -0.786 -0.705 -0.675 -0.674 -0.667 -0.623 -0.522 -0.391 -0.303 -0.260 -0.252 -0.267 -0.302 -0.360 -0.443 -0.543
-0.491 -0.518 -0.537 -0.544 -0.586 -0.661 -0.625 -0.613 -0.613 -0.629 -0.617 -0.601 -0.589 -0.622 -0.675 -0.757 -0.808 -0.778 -0.734 -0.695 -0.653 -0.640 -0.690 -0.772 -0.863 -0.974 -1.093 -1.193 -1.292 -1.399 -1.468 -1.481 -1.505 -1.441 -1.390 -1.393 -1.348 -1.372 -1.416 -1.421 -1.491 -1.616 -1.687 -1.734 -1.784 -1.807 -1.817 -1.717 -1.586 -1.510 -1.496 -1.442 -1.437 -1.513 -1.534 -1.361 -1.013 -0.763 -0.659 -0.618 -0.615 -0.632 -0.636 -0.597 -0.498 -0.368 -0.285 -0.251 -0.249 -0.276 -0.323 -0.374 -0.432 -0.523
-0.485 -0.520 -0.544 -0.585 -0.708 -0.701 -0.681 -0.696 -0.682 -0.714 -0.735 -0.742 -0.768 -0.834 -0.899 -0.931 -0.912 -0.879 -0.855 -0.854 -0.873 -0.916 -0.999 -1.104 -1.223 -1.348 -1.436 -1.508 -1.537 -1.575 -1.595 -1.562 -1.572 -1.506 -1.447 -1.441 -1.364 -1.357 -1.407 -1.390 -1.431 -1.520 -1.587 -1.621 -1.665 -1.649 -1.649 -1.568 -1.468 -1.336 -1.268 -1.271 -1.290 -1.318 -1.309 -1.162 -0.908 -0.669 -0.581 -0.560 -0.569 -0.593 -0.605 -0.571 -0.484 -0.364 -0.281 -0.255 -0.259 -0.291 -0.346 -0.395 -0.427 -0.487
-0.508 -0.550 -0.618 -0.698 -0.748 -0.764 -0.777 -0.769 -0.803 -0.837 -0.891 -0.897 -0.938 -0.961 -0.980 -0.998 -1.011 -0.975 -1.007 -1.069 -1.200 -1.276 -1.390 -1.472 -1.548 -1.648 -1.696 -1.770 -1.801 -1.809 -1.746 -1.696 -1.700 -1.624 -1.574 -1.557 -1.457 -1.436 -1.467 -1.463 -1.464 -1.536 -1.546 -1.487 -1.486 -1.467 -1.453 -1.375 -1.319 -1.253 -1.109 -1.062 -1.104 -1.117 -1.103 -1.016 -0.853 -0.659 -0.549 -0.532 -0.541 -0.560 -0.574 -0.549 -0.481 -0.388 -0.309 -0.287 -0.297 -0.323 -0.366 -0.408 -0.432 -0.454
-0.524 -0.583 -0.657 -0.721 -0.760 -0.760 -0.773 -0.822 -0.870 -0.902 -0.971 -0.950 -0.987 -1.001 -1.004 -1.042 -1.089 -1.155 -1.239 -1.314 -1.425 -1.527 -1.657 -1.694 -1.776 -1.812 -1.800 -1.844 -1.866 -1.902 -1.858 -1.815 -1.791 -1.747 -1.763 -1.754 -1.679 -1.658 -1.660 -1.609 -1.588 -1.632 -1.652 -1.503 -1.396 -1.315 -1.260 -1.200 -1.129 -1.069 -1.011 -0.923 -0.939 -0.969 -0.970 -0.929 -0.842 -0.716 -0.602 -0.561 -0.562 -0.572 -0.576 -0.559 -0.520 -0.475 -0.434 -0.421 -0.433 -0.446 -0.430 -0.424 -0.434 -0.443
-0.549 -0.590 -0.634 -0.686 -0.716 -0.690 -0.735 -0.832 -0.860 -0.935 -0.986 -0.974 -1.038 -1.054 -1.081 -1.126 -1.235 -1.312 -1.387 -1.501 -1.574 -1.665 -1.756 -1.768 -1.854 -1.858 -1.832 -1.833 -1.807 -1.807 -1.797 -1.754 -1.691 -1.689 -1.736 -1.789 -1.754 -1.737 -1.708 -1.637 -1.600 -1.626 -1.667 -1.628 -1.479 -1.316 -1.140 -1.040 -0.966 -0.877 -0.839 -0.818 -0.835 -0.878 -0.910 -0.917 -0.914 -0.892 -0.833 -0.758 -0.717 -0.708 -0.698 -0.681 -0.662 -0.638 -0.598 -0.568 -0.575 -0.626 -0.650 -0.572 -0.477 -0.446
-0.480 -0.499 -0.531 -0.572 -0.598 -0.626 -0.712 -0.797 -0.824 -0.926 -0.977 -0.986 -1.078 -1.094 -1.110 -1.152 -1.232 -1.361 -1.452 -1.557 -1.599 -1.680 -1.726 -1.724 -1.789 -1.819 -1.796 -1.805 -1.764 -1.681 -1.658 -1.630 -1.596 -1.550 -1.532 -1.551 -1.555 -1.532 -1.464 -1.392 -1.397 -1.428 -1.457 -1.471 -1.451 -1.381 -1.178 -0.959 -0.817 -0.733 -0.688 -0.701 -0.737 -0.796 -0.877 -0.943 -0.985 -1.003 -0.970 -0.885 -0.811 -0.785 -0.774 -0.754 -0.720 -0.669 -0.601 -0.555 -0.550 -0.600 -0.727 -0.790 -0.694 -0.544
-0.354 -0.375 -0.402 -0.453 -0.531 -0.583 -0.674 -0.750 -0.802 -0.896 -0.945 -0.969 -1.051 -1.079 -1.106 -1.113 -1.196 -1.339 -1.456 -1.573 -1.608 -1.661 -1.696 -1.657 -1.697 -1.693 -1.645 -1.641 -1.592 -1.498 -1.486 -1.492 -1.454 -1.378 -1.392 -1.376 -1.370 -1.309 -1.215 -1.180 -1.184 -1.162 -1.082 -1.047 -1.082 -1.073 -1.079 -0.924 -0.708 -0.593 -0.572 -0.590 -0.630 -0.693 -0.804 -0.901 -0.941 -0.942 -0.904 -0.828 -0.752 -0.712 -0.704 -0.693 -0.664 -0.611 -0.556 -0.528 -0.521 -0.526 -0.598 -0.737 -0.754 -0.628
