AvaFrame/avaframe/data/avaSalk/Avaflow_Input_Output/slk_results/slk_ascii/slk_basechange0028.asc
ncols 296
nrows 144
xllcenter 761600.00
yllcenter 8523000.00
cellsize 12.50
NODATA_value -9999.000
[rows 66 to 98 of 144, columns 148 to 221 of 296]
0.000 0.000 0.000 0.000 0.000 0.000 0.000 0.000 0.000 0.000 0.000 0.000 0.000 0.000 0.000 0.000 0.000 0.000 0.000 0.000 0.000 0.000 0.000 0.000 0.000 -0.000 -0.000 -0.000 -0.000 -0.000 -0.000 -0.000 -0.000 -0.000 -0.000 -0.000 -0.000 -0.000 -0.000 -0.001 -0.001 -0.001 -0.002 -0.002 -0.004 -0.006 -0.009 -0.016 -0.029 -0.052 -0.090 -0.145 -0.225 -0.330 -0.438 -0.536 -0.614 -0.670 -0.712 -0.747 -0.783 -0.815 -0.859 -0.923 -1.011 -1.123 -1.284 -1.492 -1.697 -1.898 -2.091 -2.258 -2.382 -2.484
0.000 0.000 0.000 0.000 0.000 0.000 0.000 0.000 0.000 0.000 0.000 0.000 0.000 0.000 0.000 0.000 0.000 0.000 0.000 0.000 0.000 0.000 0.000 0.000 -0.000 -0.000 -0.000 -0.000 -0.000 -0.000 -0.000 -0.000 -0.000 -0.000 -0.000 -0.000 -0.000 -0.000 -0.001 -0.001 -0.001 -0.002 -0.003 -0.004 -0.007 -0.012 -0.022 -0.041 -0.073 -0.121 -0.187 -0.269 -0.363 -0.462 -0.548 -0.620 -0.679 -0.717 -0.740 -0.766 -0.802 -0.844 -0.906 -0.990 -1.105 -1.259 -1.458 -1.687 -1.917 -2.108 -2.263 -2.386 -2.484 -2.576
0.000 0.000 0.000 0.000 0.000 0.000 0.000 0.000 0.000 0.000 0.000 0.000 0.000 0.000 0.000 0.000 0.000 0.000 0.000 0.000 0.000 0.000 0.000 -0.000 -0.000 -0.000 -0.000 -0.000 -0.000 -0.000 -0.000 -0.000 -0.000 -0.000 -0.000 -0.000 -0.001 -0.001 -0.001 -0.002 -0.002 -0.004 -0.006 -0.009 -0.016 -0.029 -0.052 -0.091 -0.145 -0.216 -0.298 -0.390 -0.477 -0.553 -0.615 -0.660 -0.697 -0.727 -0.752 -0.787 -0.834 -0.897 -0.978 -1.097 -1.240 -1.432 -1.656 -1.870 -2.075 -2.265 -2.406 -2.497 -2.568 -2.655
0.000 0.000 0.000 0.000 0.000 0.000 0.000 0.000 0.000 0.000 0.000 0.000 0.000 0.000 0.000 0.000 0.000 0.000 0.000 0.000 0.000 0.000 -0.000 -0.000 -0.000 -0.000 -0.000 -0.000 -0.000 -0.000 -0.000 -0.000 -0.000 -0.000 -0.000 -0.001 -0.001 -0.001 -0.002 -0.003 -0.004 -0.007 -0.011 -0.019 -0.035 -0.061 -0.102 -0.159 -0.231 -0.312 -0.396 -0.477 -0.546 -0.600 -0.642 -0.674 -0.702 -0.731 -0.772 -0.823 -0.890 -0.974 -1.082 -1.234 -1.422 -1.629 -1.846 -2.051 -2.236 -2.386 -2.503 -2.598 -2.665 -2.698
0.000 0.000 0.000 0.000 0.000 0.000 0.000 0.000 0.000 0.000 0.000 0.000 0.000 0.000 0.000 0.000 0.000 0.000 0.000 0.000 -0.000 -0.000 -0.000 -0.000 -0.000 -0.000 -0.000 -0.000 -0.000 -0.000 -0.000 -0.000 -0.000 -0.000 -0.001 -0.001 -0.001 -0.002 -0.003 -0.005 -0.008 -0.013 -0.023 -0.041 -0.070 -0.113 -0.169 -0.240 -0.320 -0.400 -0.472 -0.533 -0.582 -0.618 -0.649 -0.681 -0.719 -0.766 -0.822 -0.889 -0.970 -1.077 -1.212 -1.391 -1.614 -1.842 -2.059 -2.240 -2.401 -2.523 -2.596 -2.675 -2.728 -2.692
0.000 0.000 0.000 0.000 0.000 0.000 0.000 0.000 0.000 0.000 0.000 0.000 0.000 -0.000 -0.000 0.000 0.000 0.000 -0.000 -0.000 -0.000 -0.000 -0.000 -0.000 -0.000 -0.000 -0.000 -0.000 -0.000 -0.000 -0.000 -0.000 -0.001 -0.001 -0.001 -0.002 -0.002 -0.004 -0.005 -0.009 -0.014 -0.026 -0.046 -0.077 -0.122 -0.181 -0.252 -0.330 -0.405 -0.472 -0.528 -0.572 -0.612 -0.646 -0.682 -0.720 -0.763 -0.817 -0.896 -0.983 -1.081 -1.201 -1.362 -1.570 -1.806 -2.069 -2.307 -2.460 -2.564 -2.660 -2.698 -2.707 -2.693 -2.583
0.000 0.000 0.000 0.000 0.000 0.000 0.000 0.000 0.000 -0.000 -0.000 -0.000 -0.000 -0.000 -0.000 -0.000 -0.000 -0.000 -0.000 -0.000 -0.000 -0.000 -0.000 -0.000 -0.000 -0.000 -0.000 -0.000 -0.001 -0.001 -0.001 -0.001 -0.001 -0.001 -0.002 -0.003 -0.004 -0.006 -0.010 -0.016 -0.028 -0.050 -0.084 -0.130 -0.190 -0.259 -0.335 -0.411 -0.477 -0.527 -0.570 -0.611 -0.648 -0.684 -0.726 -0.774 -0.824 -0.888 -0.993 -1.103 -1.214 -1.350 -1.538 -1.788 -2.055 -2.310 -2.540 -2.649 -2.691 -2.728 -2.723 -2.638 -2.526 -2.328
-0.000 0.000 0.000 0.000 -0.000 -0.000 0.000 0.000 -0.000 -0.000 -0.000 -0.000 -0.000 -0.000 -0.000 -0.000 -0.000 -0.000 -0.000 -0.000 -0.000 -0.000 -0.000 -0.001 -0.001 -0.001 -0.001 -0.001 -0.001 -0.001 -0.001 -0.001 -0.002 -0.002 -0.003 -0.004 -0.007 -0.011 -0.018 -0.031 -0.055 -0.090 -0.139 -0.199 -0.269 -0.340 -0.410 -0.472 -0.530 -0.578 -0.616 -0.657 -0.696 -0.736 -0.784 -0.841 -0.907 -0.991 -1.115 -1.243 -1.377 -1.548 -1.802 -2.122 -2.417 -2.626 -2.757 -2.788 -2.738 -2.688 -2.602 -2.463 -2.260 -1.972
-0.000 -0.000 -0.000 -0.000 -0.000 -0.000 -0.000 -0.000 -0.000 -0.000 -0.000 -0.000 -0.000 -0.000 -0.000 -0.000 -0.000 -0.000 -0.000 -0.000 -0.000 -0.001 -0.002 -0.003 -0.004 -0.004 -0.004 -0.003 -0.003 -0.002 -0.002 -0.002 -0.003 -0.004 -0.005 -0.008 -0.012 -0.020 -0.034 -0.059 -0.097 -0.147 -0.208 -0.277 -0.347 -0.415 -0.477 -0.529 -0.578 -0.626 -0.670 -0.713 -0.759 -0.804 -0.863 -0.931 -1.010 -1.115 -1.256 -1.417 -1.600 -1.868 -2.261 -2.614 -2.821 -2.862 -2.844 -2.803 -2.710 -2.587 -2.421 -2.203 -1.927 -1.615
-0.000 -0.000 -0.000 -0.000 -0.000 -0.000 -0.000 -0.000 -0.000 -0.000 -0.000 -0.000 -0.001 -0.001 -0.001 -0.000 -0.001 -0.001 -0.000 -0.001 -0.001 -0.003 -0.007 -0.010 -0.012 -0.012 -0.011 -0.010 -0.007 -0.005 -0.004 -0.004 -0.005 -0.006 -0.009 -0.014 -0.022 -0.037 -0.063 -0.102 -0.154 -0.216 -0.283 -0.351 -0.420 -0.481 -0.537 -0.587 -0.636 -0.686 -0.732 -0.780 -0.833 -0.890 -0.955 -1.032 -1.131 -1.266 -1.437 -1.674 -1.996 -2.410 -2.783 -2.962 -2.950 -2.822 -2.694 -2.597 -2.541 -2.401 -2.156 -1.890 -1.581 -1.313
-0.000 -0.000 -0.000 -0.000 -0.000 -0.000 -0.000 -0.000 -0.000 -0.000 -0.001 -0.002 -0.003 -0.003 -0.003 -0.002 -0.002 -0.002 -0.002 -0.003 -0.006 -0.010 -0.012 -0.014 -0.015 -0.016 -0.017 -0.020 -0.019 -0.014 -0.010 -0.008 -0.010 -0.012 -0.017 -0.026 -0.041 -0.068 -0.108 -0.161 -0.222 -0.289 -0.359 -0.424 -0.487 -0.546 -0.599 -0.654 -0.709 -0.763 -0.815 -0.864 -0.921 -0.980 -1.051 -1.146 -1.285 -1.472 -1.732 -2.086 -2.522 -2.902 -3.010 -2.891 -2.701 -2.505 -2.386 -2.335 -2.274 -2.125 -1.819 -1.534 -1.281 -1.084
-0.000 -0.000 -0.000 -0.000 -0.000 -0.000 -0.000 -0.000 -0.001 -0.001 -0.003 -0.012 -0.021 -0.023 -0.020 -0.013 -0.008 -0.008 -0.010 -0.015 -0.018 -0.017 -0.013 -0.012 -0.014 -0.015 -0.015 -0.027 -0.039 -0.037 -0.028 -0.022 -0.023 -0.028 -0.038 -0.055 -0.081 -0.120 -0.171 -0.231 -0.298 -0.367 -0.434 -0.497 -0.557 -0.620 -0.680 -0.741 -0.796 -0.846 -0.895 -0.953 -1.015 -1.080 -1.162 -1.297 -1.495 -1.778 -2.151 -2.536 -2.815 -2.958 -2.843 -2.568 -2.331 -2.180 -2.125 -2.119 -2.043 -1.808 -1.492 -1.231 -1.049 -0.938
-0.002 -0.001 -0.001 -0.001 -0.001 -0.002 -0.002 -0.002 -0.002 -0.005 -0.017 -0.029 -0.033 -0.036 -0.038 -0.035 -0.032 -0.032 -0.033 -0.031 -0.026 -0.019 -0.014 -0.014 -0.018 -0.016 -0.017 -0.033 -0.058 -0.071 -0.066 -0.058 -0.057 -0.063 -0.080 -0.109 -0.150 -0.203 -0.266 -0.330 -0.390 -0.448 -0.509 -0.571 -0.636 -0.707 -0.775 -0.839 -0.888 -0.925 -0.969 -1.035 -1.107 -1.194 -1.316 -1.512 -1.796 -2.154 -2.520 -2.757 -2.815 -2.743 -2.540 -2.270 -2.103 -2.029 -1.970 -1.918 -1.765 -1.489 -1.215 -1.024 -0.912 -0.853
-0.007 -0.006 -0.006 -0.006 -0.006 -0.007 -0.008 -0.011 -0.018 -0.035 -0.051 -0.044 -0.024 -0.025 -0.034 -0.042 -0.046 -0.046 -0.039 -0.028 -0.019 -0.015 -0.019 -0.021 -0.019 -0.030 -0.043 -0.055 -0.080 -0.107 -0.103 -0.091 -0.093 -0.104 -0.127 -0.166 -0.222 -0.294 -0.378 -0.457 -0.517 -0.560 -0.607 -0.664 -0.734 -0.811 -0.875 -0.918 -0.956 -0.992 -1.037 -1.112 -1.218 -1.335 -1.526 -1.816 -2.159 -2.498 -2.704 -2.746 -2.657 -2.467 -2.242 -2.076 -1.976 -1.897 -1.800 -1.678 -1.489 -1.226 -1.007 -0.877 -0.809 -0.785
-0.064 -0.057 -0.051 -0.050 -0.054 -0.057 -0.061 -0.071 -0.090 -0.109 -0.108 -0.067 -0.029 -0.027 -0.031 -0.034 -0.034 -0.031 -0.028 -0.025 -0.026 -0.024 -0.025 -0.027 -0.029 -0.055 -0.086 -0.098 -0.122 -0.145 -0.126 -0.104 -0.113 -0.140 -0.179 -0.230 -0.294 -0.372 -0.464 -0.560 -0.632 -0.691 -0.750 -0.806 -0.863 -0.915 -0.958 -0.984 -1.010 -1.051 -1.111 -1.204 -1.350 -1.552 -1.818 -2.160 -2.472 -2.665 -2.713 -2.611 -2.412 -2.211 -2.063 -1.956 -1.870 -1.765 -1.623 -1.454 -1.253 -1.040 -0.874 -0.774 -0.723 -0.715
-0.168 -0.173 -0.173 -0.170 -0.174 -0.179 -0.172 -0.153 -0.143 -0.137 -0.119 -0.078 -0.049 -0.040 -0.036 -0.027 -0.024 -0.029 -0.037 -0.038 -0.038 -0.042 -0.041 -0.042 -0.052 -0.073 -0.105 -0.141 -0.173 -0.177 -0.142 -0.118 -0.134 -0.181 -0.245 -0.318 -0.394 -0.475 -0.561 -0.667 -0.758 -0.825 -0.903 -0.965 -0.998 -1.009 -1.012 -1.031 -1.066 -1.119 -1.207 -1.345 -1.548 -1.827 -2.148 -2.436 -2.619 -2.665 -2.575 -2.396 -2.195 -2.040 -1.939 -1.850 -1.746 -1.613 -1.447 -1.265 -1.074 -0.901 -0.772 -0.689 -0.645 -0.645
-0.135 -0.154 -0.180 -0.194 -0.185 -0.183 -0.179 -0.148 -0.100 -0.069 -0.061 -0.061 -0.065 -0.062 -0.058 -0.048 -0.055 -0.059 -0.065 -0.061 -0.048 -0.054 -0.065 -0.072 -0.077 -0.084 -0.105 -0.165 -0.202 -0.185 -0.152 -0.152 -0.186 -0.250 -0.336 -0.426 -0.519 -0.616 -0.706 -0.825 -0.954 -1.013 -1.049 -1.091 -1.115 -1.114 -1.087 -1.090 -1.131 -1.218 -1.344 -1.542 -1.815 -2.111 -2.376 -2.559 -2.609 -2.552 -2.397 -2.209 -2.050 -1.927 -1.830 -1.726 -1.605 -1.446 -1.273 -1.094 -0.931 -0.788 -0.677 -0.602 -0.563 -0.575
-0.060 -0.051 -0.056 -0.096 -0.116 -0.107 -0.100 -0.093 -0.051 -0.019 -0.030 -0.050 -0.082 -0.095 -0.102 -0.104 -0.105 -0.094 -0.096 -0.090 -0.084 -0.084 -0.084 -0.095 -0.093 -0.093 -0.114 -0.178 -0.210 -0.178 -0.157 -0.196 -0.259 -0.342 -0.443 -0.542 -0.647 -0.760 -0.859 -0.984 -1.145 -1.235 -1.226 -1.210 -1.209 -1.221 -1.218 -1.219 -1.263 -1.359 -1.559 -1.818 -2.096 -2.338 -2.495 -2.535 -2.500 -2.379 -2.224 -2.067 -1.935 -1.826 -1.716 -1.589 -1.443 -1.277 -1.103 -0.939 -0.790 -0.671 -0.578 -0.515 -0.485 -0.512
-0.075 -0.051 -0.031 -0.022 -0.028 -0.044 -0.041 -0.024 -0.013 -0.015 -0.028 -0.052 -0.062 -0.101 -0.139 -0.133 -0.130 -0.117 -0.111 -0.098 -0.106 -0.110 -0.122 -0.127 -0.119 -0.114 -0.137 -0.195 -0.216 -0.191 -0.200 -0.265 -0.347 -0.444 -0.560 -0.677 -0.798 -0.915 -1.006 -1.113 -1.233 -1.327 -1.332 -1.308 -1.295 -1.321 -1.357 -1.403 -1.509 -1.636 -1.839 -2.098 -2.353 -2.452 -2.474 -2.428 -2.338 -2.220 -2.086 -1.948 -1.813 -1.696 -1.580 -1.444 -1.280 -1.111 -0.946 -0.795 -0.664 -0.559 -0.485 -0.437 -0.422 -0.462
-0.143 -0.131 -0.073 -0.047 -0.043 -0.039 -0.038 -0.032 -0.028 -0.027 -0.027 -0.027 -0.025 -0.032 -0.055 -0.073 -0.082 -0.079 -0.079 -0.089 -0.099 -0.108 -0.137 -0.170 -0.161 -0.161 -0.176 -0.215 -0.226 -0.241 -0.289 -0.368 -0.466 -0.576 -0.694 -0.829 -0.954 -1.073 -1.136 -1.199 -1.263 -1.320 -1.345 -1.366 -1.390 -1.451 -1.519 -1.603 -1.765 -2.013 -2.216 -2.317 -2.415 -2.469 -2.374 -2.277 -2.195 -2.093 -1.974 -1.828 -1.678 -1.542 -1.416 -1.277 -1.116 -0.950 -0.802 -0.667 -0.553 -0.467 -0.410 -0.380 -0.383 -0.436
-0.147 -0.219 -0.234 -0.147 -0.083 -0.077 -0.074 -0.072 -0.069 -0.068 -0.075 -0.080 -0.086 -0.088 -0.076 -0.063 -0.063 -0.078 -0.094 -0.105 -0.117 -0.127 -0.168 -0.227 -0.234 -0.226 -0.211 -0.232 -0.255 -0.313 -0.399 -0.496 -0.611 -0.735 -0.864 -0.986 -1.090 -1.183 -1.216 -1.249 -1.282 -1.290 -1.325 -1.389 -1.483 -1.610 -1.741 -1.826 -1.987 -2.220 -2.440 -2.538 -2.392 -2.330 -2.253 -2.131 -2.066 -1.990 -1.856 -1.682 -1.506 -1.357 -1.228 -1.098 -0.945 -0.793 -0.659 -0.545 -0.454 -0.393 -0.357 -0.346 -0.367 -0.433
-0.187 -0.191 -0.242 -0.374 -0.234 -0.132 -0.135 -0.132 -0.131 -0.137 -0.155 -0.158 -0.159 -0.158 -0.154 -0.149 -0.149 -0.147 -0.144 -0.165 -0.168 -0.190 -0.257 -0.293 -0.297 -0.281 -0.249 -0.280 -0.341 -0.424 -0.531 -0.655 -0.792 -0.923 -1.043 -1.114 -1.184 -1.227 -1.255 -1.279 -1.311 -1.316 -1.352 -1.432 -1.566 -1.715 -1.921 -2.042 -2.150 -2.268 -2.383 -2.551 -2.449 -2.151 -2.089 -2.020 -1.957 -1.872 -1.709 -1.494 -1.302 -1.153 -1.040 -0.933 -0.804 -0.666 -0.542 -0.444 -0.376 -0.340 -0.326 -0.333 -0.371 -0.449
-0.300 -0.284 -0.269 -0.310 -0.405 -0.291 -0.211 -0.215 -0.220 -0.244 -0.256 -0.260 -0.256 -0.250 -0.242 -0.236 -0.231 -0.221 -0.241 -0.265 -0.280 -0.308 -0.348 -0.359 -0.351 -0.335 -0.315 -0.383 -0.483 -0.595 -0.716 -0.856 -1.003 -1.132 -1.214 -1.253 -1.272 -1.285 -1.278 -1.298 -1.345 -1.383 -1.445 -1.537 -1.659 -1.783 -1.969 -2.143 -2.221 -2.255 -2.238 -2.335 -2.484 -2.180 -1.931 -1.930 -1.868 -1.715 -1.504 -1.277 -1.098 -0.974 -0.893 -0.812 -0.702 -0.571 -0.455 -0.372 -0.322 -0.303 -0.307 -0.335 -0.393 -0.479
-0.373 -0.374 -0.381 -0.369 -0.378 -0.419 -0.342 -0.325 -0.324 -0.339 -0.356 -0.364 -0.353 -0.339 -0.340 -0.321 -0.325 -0.343 -0.374 -0.423 -0.433 -0.420 -0.411 -0.409 -0.412 -0.424 -0.448 -0.533 -0.653 -0.801 -0.971 -1.091 -1.220 -1.317 -1.353 -1.389 -1.391 -1.367 -1.375 -1.396 -1.413 -1.448 -1.535 -1.627 -1.725 -1.837 -1.949 -2.078 -2.133 -2.134 -2.078 -2.022 -2.188 -2.274 -1.966 -1.806 -1.729 -1.495 -1.240 -1.043 -0.913 -0.841 -0.794 -0.731 -0.628 -0.496 -0.387 -0.321 -0.287 -0.279 -0.296 -0.342 -0.419 -0.514
-0.402 -0.419 -0.436 -0.445 -0.464 -0.458 -0.491 -0.432 -0.437 -0.448 -0.462 -0.455 -0.447 -0.439 -0.417 -0.426 -0.457 -0.504 -0.546 -0.576 -0.545 -0.492 -0.457 -0.465 -0.505 -0.551 -0.633 -0.751 -0.884 -1.027 -1.196 -1.276 -1.406 -1.444 -1.438 -1.500 -1.464 -1.416 -1.478 -1.533 -1.519 -1.539 -1.611 -1.706 -1.809 -1.868 -1.919 -1.937 -1.951 -1.934 -1.877 -1.782 -1.796 -2.007 -2.025 -1.719 -1.486 -1.236 -0.992 -0.848 -0.775 -0.749 -0.730 -0.678 -0.575 -0.439 -0.339 -0.285 -0.265 -0.268 -0.293 -0.352 -0.439 -0.543
-0.470 -0.487 -0.502 -0.506 -0.532 -0.581 -0.562 -0.543 -0.539 -0.543 -0.542 -0.535 -0.530 -0.513 -0.522 -0.583 -0.654 -0.696 -0.684 -0.647 -0.617 -0.548 -0.535 -0.592 -0.655 -0.728 -0.839 -0.992 -1.119 -1.264 -1.383 -1.396 -1.496 -1.480 -1.442 -1.492 -1.435 -1.424 -1.496 -1.534 -1.576 -1.652 -1.686 -1.772 -1.868 -1.917 -1.901 -1.835 -1.765 -1.740 -1.677 -1.598 -1.592 -1.722 -1.835 -1.633 -1.219 -0.969 -0.803 -0.718 -0.688 -0.688 -0.686 -0.644 -0.541 -0.402 -0.308 -0.263 -0.254 -0.269 -0.303 -0.361 -0.445 -0.551
-0.508 -0.535 -0.553 -0.556 -0.596 -0.684 -0.639 -0.631 -0.626 -0.647 -0.635 -0.618 -0.607 -0.651 -0.715 -0.813 -0.884 -0.851 -0.793 -0.747 -0.695 -0.669 -0.715 -0.804 -0.894 -1.001 -1.133 -1.238 -1.317 -1.432 -1.503 -1.505 -1.547 -1.471 -1.417 -1.431 -1.378 -1.404 -1.453 -1.454 -1.525 -1.654 -1.724 -1.769 -1.821 -1.839 -1.853 -1.747 -1.601 -1.521 -1.507 -1.455 -1.451 -1.541 -1.594 -1.431 -1.058 -0.781 -0.671 -0.628 -0.626 -0.645 -0.656 -0.620 -0.520 -0.380 -0.290 -0.253 -0.251 -0.278 -0.325 -0.376 -0.434 -0.530
-0.499 -0.534 -0.553 -0.594 -0.735 -0.728 -0.697 -0.715 -0.694 -0.735 -0.762 -0.772 -0.808 -0.881 -0.967 -0.996 -0.980 -0.939 -0.908 -0.905 -0.923 -0.959 -1.044 -1.159 -1.278 -1.395 -1.496 -1.560 -1.568 -1.611 -1.621 -1.580 -1.603 -1.526 -1.471 -1.472 -1.389 -1.384 -1.436 -1.414 -1.454 -1.542 -1.609 -1.646 -1.696 -1.677 -1.687 -1.601 -1.492 -1.346 -1.272 -1.278 -1.302 -1.341 -1.359 -1.228 -0.962 -0.691 -0.592 -0.570 -0.578 -0.605 -0.624 -0.596 -0.507 -0.379 -0.287 -0.258 -0.261 -0.294 -0.348 -0.397 -0.430 -0.491
-0.521 -0.565 -0.644 -0.732 -0.777 -0.795 -0.812 -0.793 -0.826 -0.869 -0.921 -0.939 -0.981 -1.000 -1.035 -1.043 -1.063 -1.016 -1.049 -1.115 -1.261 -1.336 -1.453 -1.539 -1.608 -1.704 -1.760 -1.829 -1.847 -1.861 -1.785 -1.727 -1.736 -1.655 -1.611 -1.594 -1.490 -1.474 -1.498 -1.495 -1.492 -1.570 -1.582 -1.509 -1.511 -1.491 -1.483 -1.402 -1.343 -1.271 -1.116 -1.063 -1.110 -1.135 -1.143 -1.075 -0.913 -0.696 -0.563 -0.542 -0.551 -0.572 -0.591 -0.573 -0.507 -0.408 -0.321 -0.293 -0.303 -0.327 -0.369 -0.411 -0.436 -0.457
-0.557 -0.610 -0.684 -0.750 -0.788 -0.788 -0.806 -0.854 -0.904 -0.934 -1.004 -0.982 -1.011 -1.028 -1.030 -1.067 -1.113 -1.187 -1.275 -1.349 -1.467 -1.572 -1.711 -1.744 -1.823 -1.857 -1.840 -1.888 -1.903 -1.951 -1.904 -1.866 -1.847 -1.802 -1.830 -1.814 -1.739 -1.727 -1.714 -1.656 -1.632 -1.682 -1.708 -1.547 -1.426 -1.339 -1.280 -1.218 -1.149 -1.085 -1.025 -0.926 -0.945 -0.986 -1.007 -0.984 -0.905 -0.772 -0.637 -0.585 -0.585 -0.594 -0.600 -0.590 -0.556 -0.515 -0.472 -0.455 -0.463 -0.469 -0.440 -0.429 -0.438 -0.447
-0.578 -0.617 -0.659 -0.714 -0.750 -0.707 -0.756 -0.863 -0.884 -0.964 -1.018 -0.993 -1.059 -1.068 -1.092 -1.138 -1.259 -1.331 -1.403 -1.525 -1.600 -1.695 -1.784 -1.796 -1.883 -1.887 -1.861 -1.863 -1.832 -1.837 -1.828 -1.792 -1.727 -1.732 -1.793 -1.843 -1.817 -1.807 -1.763 -1.682 -1.647 -1.678 -1.720 -1.689 -1.525 -1.351 -1.160 -1.053 -0.980 -0.887 -0.847 -0.822 -0.845 -0.900 -0.950 -0.978 -0.999 -0.991 -0.926 -0.833 -0.781 -0.768 -0.757 -0.742 -0.729 -0.708 -0.662 -0.625 -0.628 -0.683 -0.703 -0.605 -0.490 -0.453
-0.518 -0.526 -0.554 -0.591 -0.610 -0.638 -0.729 -0.818 -0.838 -0.950 -1.007 -1.007 -1.105 -1.113 -1.122 -1.163 -1.248 -1.389 -1.483 -1.584 -1.624 -1.708 -1.750 -1.748 -1.815 -1.844 -1.817 -1.834 -1.793 -1.701 -1.683 -1.657 -1.622 -1.574 -1.556 -1.570 -1.585 -1.561 -1.482 -1.410 -1.419 -1.456 -1.493 -1.511 -1.497 -1.429 -1.214 -0.978 -0.826 -0.740 -0.691 -0.702 -0.745 -0.817 -0.919 -1.013 -1.081 -1.113 -1.076 -0.975 -0.885 -0.852 -0.838 -0.818 -0.781 -0.725 -0.648 -0.593 -0.585 -0.641 -0.789 -0.864 -0.750 -0.574
-0.379 -0.393 -0.411 -0.461 -0.541 -0.592 -0.689 -0.767 -0.824 -0.926 -0.977 -0.995 -1.084 -1.110 -1.133 -1.133 -1.219 -1.369 -1.487 -1.613 -1.650 -1.699 -1.732 -1.688 -1.729 -1.726 -1.675 -1.672 -1.620 -1.518 -1.513 -1.527 -1.481 -1.399 -1.421 -1.409 -1.409 -1.340 -1.228 -1.190 -1.205 -1.188 -1.097 -1.057 -1.109 -1.092 -1.108 -0.954 -0.721 -0.595 -0.573 -0.591 -0.635 -0.707 -0.835 -0.954 -1.010 -1.017 -0.978 -0.894 -0.805 -0.759 -0.748 -0.736 -0.704 -0.647 -0.588 -0.558 -0.550 -0.550 -0.628 -0.788 -0.809 -0.665
