AvaFrame/avaframe/data/avaSalk/Avaflow_Input_Output/slk_results/slk_ascii/slk_basechange0011.asc
ncols 296
nrows 144
xllcenter 761600.00
yllcenter 8523000.00
cellsize 12.50
NODATA_value -9999.000
[rows 66 to 98 of 144, columns 148 to 221 of 296]
0.000 0.000 0.000 0.000 0.000 0.000 0.000 0.000 0.000 0.000 0.000 0.000 0.000 0.000 0.000 0.000 0.000 0.000 0.000 0.000 0.000 0.000 0.000 0.000 0.000 -0.000 -0.000 -0.000 -0.000 -0.000 -0.000 -0.000 -0.000 -0.000 -0.000 -0.000 -0.000 -0.000 -0.000 -0.001 -0.001 -0.001 -0.001 -0.002 -0.003 -0.005 -0.009 -0.015 -0.028 -0.051 -0.089 -0.144 -0.224 -0.329 -0.437 -0.535 -0.613 -0.669 -0.710 -0.745 -0.781 -0.812 -0.856 -0.919 -1.006 -1.117 -1.276 -1.479 -1.677 -1.866 -2.037 -2.169 -2.240 -2.263
0.000 0.000 0.000 0.000 0.000 0.000 0.000 0.000 0.000 0.000 0.000 0.000 0.000 0.000 0.000 0.000 0.000 0.000 0.000 0.000 0.000 0.000 0.000 0.000 -0.000 -0.000 -0.000 -0.000 -0.000 -0.000 -0.000 -0.000 -0.000 -0.000 -0.000 -0.000 -0.000 -0.000 -0.001 -0.001 -0.001 -0.002 -0.003 -0.004 -0.007 -0.012 -0.022 -0.040 -0.072 -0.120 -0.186 -0.268 -0.362 -0.461 -0.547 -0.619 -0.677 -0.715 -0.738 -0.764 -0.800 -0.841 -0.902 -0.985 -1.098 -1.250 -1.445 -1.666 -1.882 -2.051 -2.170 -2.237 -2.256 -2.245
0.000 0.000 0.000 0.000 0.000 0.000 0.000 0.000 0.000 0.000 0.000 0.000 0.000 0.000 0.000 0.000 0.000 0.000 0.000 0.000 0.000 0.000 0.000 -0.000 -0.000 -0.000 -0.000 -0.000 -0.000 -0.000 -0.000 -0.000 -0.000 -0.000 -0.000 -0.000 -0.000 -0.001 -0.001 -0.001 -0.002 -0.003 -0.005 -0.009 -0.015 -0.028 -0.052 -0.090 -0.145 -0.215 -0.298 -0.389 -0.476 -0.552 -0.613 -0.659 -0.696 -0.725 -0.750 -0.784 -0.831 -0.893 -0.973 -1.089 -1.230 -1.418 -1.634 -1.835 -2.016 -2.167 -2.249 -2.260 -2.228 -2.197
0.000 0.000 0.000 0.000 0.000 0.000 0.000 0.000 0.000 0.000 0.000 0.000 0.000 0.000 0.000 0.000 0.000 0.000 0.000 0.000 0.000 0.000 -0.000 -0.000 -0.000 -0.000 -0.000 -0.000 -0.000 -0.000 -0.000 -0.000 -0.000 -0.000 -0.000 -0.000 -0.001 -0.001 -0.002 -0.002 -0.004 -0.006 -0.010 -0.019 -0.034 -0.060 -0.101 -0.159 -0.230 -0.311 -0.395 -0.476 -0.545 -0.599 -0.640 -0.672 -0.700 -0.728 -0.769 -0.819 -0.885 -0.968 -1.074 -1.223 -1.407 -1.607 -1.810 -1.992 -2.137 -2.226 -2.256 -2.245 -2.198 -2.124
0.000 0.000 0.000 0.000 0.000 0.000 0.000 0.000 0.000 0.000 0.000 0.000 0.000 0.000 0.000 0.000 0.000 0.000 0.000 0.000 -0.000 -0.000 -0.000 -0.000 -0.000 -0.000 -0.000 -0.000 -0.000 -0.000 -0.000 -0.000 -0.000 -0.000 -0.001 -0.001 -0.001 -0.002 -0.003 -0.004 -0.007 -0.012 -0.022 -0.040 -0.069 -0.112 -0.169 -0.240 -0.319 -0.399 -0.471 -0.532 -0.580 -0.616 -0.648 -0.679 -0.717 -0.762 -0.818 -0.884 -0.964 -1.069 -1.201 -1.375 -1.590 -1.804 -1.997 -2.139 -2.239 -2.270 -2.232 -2.193 -2.145 -2.047
0.000 0.000 0.000 0.000 0.000 0.000 0.000 0.000 0.000 0.000 0.000 0.000 0.000 -0.000 -0.000 0.000 0.000 0.000 -0.000 -0.000 -0.000 -0.000 -0.000 -0.000 -0.000 -0.000 -0.000 -0.000 -0.000 -0.000 -0.000 -0.000 -0.000 -0.001 -0.001 -0.001 -0.002 -0.003 -0.005 -0.008 -0.014 -0.025 -0.045 -0.077 -0.121 -0.180 -0.252 -0.330 -0.404 -0.471 -0.526 -0.570 -0.610 -0.644 -0.680 -0.717 -0.759 -0.813 -0.890 -0.976 -1.072 -1.190 -1.346 -1.547 -1.769 -2.003 -2.197 -2.288 -2.299 -2.276 -2.198 -2.118 -2.049 -1.935
0.000 0.000 0.000 0.000 0.000 0.000 0.000 0.000 0.000 -0.000 -0.000 -0.000 -0.000 -0.000 -0.000 -0.000 -0.000 -0.000 -0.000 -0.000 -0.000 -0.000 -0.000 -0.000 -0.000 -0.000 -0.000 -0.000 -0.000 -0.000 -0.000 -0.001 -0.001 -0.001 -0.002 -0.002 -0.004 -0.006 -0.009 -0.016 -0.028 -0.049 -0.083 -0.129 -0.189 -0.258 -0.334 -0.410 -0.476 -0.526 -0.568 -0.609 -0.646 -0.681 -0.722 -0.770 -0.819 -0.882 -0.985 -1.093 -1.201 -1.333 -1.513 -1.748 -1.989 -2.189 -2.347 -2.371 -2.293 -2.211 -2.124 -2.005 -1.892 -1.741
-0.000 0.000 0.000 0.000 -0.000 -0.000 0.000 0.000 -0.000 -0.000 -0.000 -0.000 -0.000 -0.000 -0.000 -0.000 -0.000 -0.000 -0.000 -0.000 -0.000 -0.000 -0.000 -0.000 -0.000 -0.000 -0.000 -0.000 -0.000 -0.001 -0.001 -0.001 -0.001 -0.002 -0.003 -0.004 -0.006 -0.010 -0.017 -0.031 -0.054 -0.089 -0.138 -0.198 -0.268 -0.339 -0.409 -0.471 -0.528 -0.576 -0.614 -0.654 -0.693 -0.732 -0.779 -0.836 -0.900 -0.982 -1.103 -1.228 -1.356 -1.517 -1.751 -2.029 -2.261 -2.385 -2.429 -2.368 -2.217 -2.096 -1.979 -1.848 -1.691 -1.495
-0.000 -0.000 -0.000 -0.000 -0.000 -0.000 -0.000 -0.000 -0.000 -0.000 -0.000 -0.000 -0.000 -0.000 -0.000 -0.000 -0.000 -0.000 -0.000 -0.000 -0.000 -0.000 -0.000 -0.000 -0.000 -0.000 -0.000 -0.000 -0.001 -0.001 -0.001 -0.002 -0.002 -0.003 -0.005 -0.007 -0.011 -0.019 -0.033 -0.058 -0.096 -0.146 -0.207 -0.276 -0.345 -0.414 -0.475 -0.527 -0.576 -0.623 -0.667 -0.709 -0.754 -0.799 -0.857 -0.924 -1.001 -1.102 -1.237 -1.390 -1.560 -1.796 -2.114 -2.374 -2.488 -2.459 -2.375 -2.258 -2.108 -1.968 -1.818 -1.653 -1.465 -1.259
-0.000 -0.000 -0.000 -0.000 -0.000 -0.000 -0.000 -0.000 -0.000 -0.000 -0.000 -0.000 -0.000 -0.000 -0.000 -0.000 -0.000 -0.000 -0.000 -0.000 -0.000 -0.000 -0.000 -0.001 -0.001 -0.001 -0.001 -0.001 -0.001 -0.001 -0.002 -0.003 -0.004 -0.005 -0.008 -0.013 -0.021 -0.036 -0.062 -0.101 -0.153 -0.215 -0.281 -0.350 -0.418 -0.479 -0.535 -0.584 -0.633 -0.682 -0.728 -0.775 -0.828 -0.883 -0.947 -1.022 -1.117 -1.246 -1.404 -1.620 -1.898 -2.219 -2.479 -2.574 -2.518 -2.361 -2.192 -2.038 -1.936 -1.803 -1.618 -1.438 -1.233 -1.057
-0.000 -0.000 -0.000 -0.000 -0.000 -0.000 -0.000 -0.000 -0.000 -0.000 -0.000 -0.000 -0.000 -0.000 -0.000 -0.000 -0.000 -0.000 -0.000 -0.000 -0.000 -0.001 -0.001 -0.001 -0.001 -0.001 -0.002 -0.002 -0.002 -0.003 -0.003 -0.004 -0.006 -0.009 -0.014 -0.023 -0.039 -0.066 -0.106 -0.159 -0.221 -0.288 -0.358 -0.423 -0.486 -0.544 -0.596 -0.651 -0.705 -0.757 -0.809 -0.857 -0.913 -0.971 -1.040 -1.131 -1.263 -1.437 -1.667 -1.960 -2.297 -2.572 -2.622 -2.497 -2.307 -2.090 -1.919 -1.806 -1.714 -1.593 -1.385 -1.196 -1.033 -0.902
-0.000 -0.000 -0.000 -0.000 -0.000 -0.000 -0.000 -0.000 -0.000 -0.000 -0.000 -0.001 -0.001 -0.001 -0.001 -0.001 -0.001 -0.001 -0.001 -0.001 -0.001 -0.001 -0.001 -0.001 -0.001 -0.002 -0.003 -0.004 -0.005 -0.005 -0.006 -0.008 -0.010 -0.016 -0.025 -0.042 -0.070 -0.111 -0.164 -0.227 -0.295 -0.365 -0.431 -0.495 -0.555 -0.617 -0.676 -0.736 -0.790 -0.839 -0.887 -0.944 -1.005 -1.068 -1.146 -1.273 -1.456 -1.708 -2.014 -2.298 -2.488 -2.581 -2.464 -2.203 -1.962 -1.776 -1.669 -1.614 -1.537 -1.375 -1.167 -0.997 -0.877 -0.802
-0.001 -0.000 -0.000 -0.000 -0.000 -0.000 -0.000 -0.000 -0.000 -0.001 -0.002 -0.002 -0.003 -0.003 -0.003 -0.003 -0.002 -0.002 -0.002 -0.002 -0.002 -0.002 -0.001 -0.001 -0.002 -0.004 -0.005 -0.007 -0.009 -0.009 -0.011 -0.013 -0.019 -0.029 -0.046 -0.074 -0.116 -0.170 -0.235 -0.305 -0.374 -0.441 -0.505 -0.568 -0.633 -0.703 -0.770 -0.832 -0.880 -0.916 -0.959 -1.023 -1.092 -1.175 -1.289 -1.469 -1.721 -2.015 -2.287 -2.440 -2.460 -2.379 -2.174 -1.900 -1.707 -1.597 -1.517 -1.458 -1.345 -1.161 -0.982 -0.856 -0.782 -0.741
-0.002 -0.002 -0.002 -0.001 -0.002 -0.002 -0.002 -0.002 -0.002 -0.004 -0.006 -0.006 -0.004 -0.005 -0.005 -0.005 -0.005 -0.005 -0.004 -0.003 -0.003 -0.002 -0.002 -0.003 -0.004 -0.007 -0.010 -0.013 -0.015 -0.016 -0.018 -0.023 -0.033 -0.050 -0.079 -0.122 -0.178 -0.244 -0.315 -0.388 -0.456 -0.520 -0.587 -0.656 -0.729 -0.806 -0.868 -0.909 -0.947 -0.981 -1.025 -1.096 -1.196 -1.305 -1.479 -1.735 -2.016 -2.266 -2.394 -2.399 -2.297 -2.103 -1.868 -1.680 -1.554 -1.464 -1.381 -1.288 -1.154 -0.978 -0.834 -0.749 -0.706 -0.690
-0.016 -0.013 -0.011 -0.010 -0.010 -0.010 -0.010 -0.011 -0.013 -0.016 -0.017 -0.014 -0.008 -0.006 -0.006 -0.006 -0.006 -0.005 -0.004 -0.003 -0.003 -0.004 -0.005 -0.006 -0.007 -0.011 -0.017 -0.021 -0.023 -0.024 -0.027 -0.036 -0.054 -0.084 -0.127 -0.184 -0.253 -0.328 -0.404 -0.474 -0.540 -0.611 -0.690 -0.769 -0.844 -0.906 -0.949 -0.974 -0.998 -1.037 -1.094 -1.180 -1.315 -1.499 -1.732 -2.012 -2.240 -2.359 -2.367 -2.251 -2.044 -1.831 -1.664 -1.537 -1.443 -1.353 -1.250 -1.132 -0.989 -0.844 -0.737 -0.675 -0.643 -0.637
-0.039 -0.039 -0.037 -0.036 -0.035 -0.034 -0.032 -0.029 -0.029 -0.028 -0.025 -0.021 -0.015 -0.011 -0.008 -0.005 -0.003 -0.003 -0.003 -0.003 -0.003 -0.006 -0.008 -0.009 -0.012 -0.017 -0.026 -0.031 -0.033 -0.035 -0.042 -0.058 -0.087 -0.131 -0.190 -0.260 -0.336 -0.416 -0.496 -0.573 -0.644 -0.722 -0.812 -0.884 -0.936 -0.975 -0.998 -1.018 -1.051 -1.101 -1.182 -1.308 -1.491 -1.735 -1.996 -2.203 -2.315 -2.319 -2.210 -2.021 -1.810 -1.639 -1.522 -1.427 -1.337 -1.238 -1.121 -0.994 -0.861 -0.745 -0.664 -0.613 -0.585 -0.587
-0.036 -0.039 -0.043 -0.046 -0.044 -0.041 -0.037 -0.031 -0.026 -0.021 -0.018 -0.018 -0.018 -0.015 -0.011 -0.006 -0.006 -0.007 -0.008 -0.008 -0.006 -0.007 -0.012 -0.016 -0.019 -0.025 -0.033 -0.040 -0.045 -0.050 -0.066 -0.095 -0.138 -0.196 -0.267 -0.345 -0.429 -0.514 -0.599 -0.689 -0.777 -0.848 -0.913 -0.964 -0.991 -1.012 -1.030 -1.063 -1.110 -1.192 -1.305 -1.481 -1.718 -1.955 -2.145 -2.259 -2.265 -2.182 -2.014 -1.815 -1.645 -1.511 -1.411 -1.320 -1.227 -1.115 -0.996 -0.873 -0.760 -0.666 -0.595 -0.549 -0.524 -0.536
-0.016 -0.012 -0.015 -0.023 -0.025 -0.021 -0.017 -0.014 -0.011 -0.009 -0.008 -0.011 -0.015 -0.016 -0.016 -0.015 -0.014 -0.014 -0.014 -0.016 -0.016 -0.017 -0.023 -0.029 -0.031 -0.035 -0.043 -0.054 -0.064 -0.077 -0.104 -0.149 -0.207 -0.277 -0.360 -0.447 -0.539 -0.633 -0.726 -0.821 -0.916 -0.979 -1.003 -1.018 -1.032 -1.045 -1.070 -1.121 -1.201 -1.312 -1.495 -1.715 -1.935 -2.107 -2.199 -2.195 -2.130 -1.990 -1.821 -1.654 -1.515 -1.407 -1.310 -1.212 -1.109 -0.996 -0.878 -0.768 -0.668 -0.588 -0.525 -0.481 -0.463 -0.488
-0.025 -0.016 -0.011 -0.011 -0.012 -0.012 -0.011 -0.009 -0.008 -0.007 -0.007 -0.008 -0.009 -0.017 -0.025 -0.025 -0.023 -0.022 -0.023 -0.025 -0.028 -0.032 -0.041 -0.049 -0.049 -0.051 -0.061 -0.076 -0.094 -0.119 -0.160 -0.219 -0.293 -0.376 -0.473 -0.577 -0.681 -0.781 -0.871 -0.951 -1.018 -1.058 -1.069 -1.066 -1.070 -1.093 -1.137 -1.212 -1.344 -1.494 -1.711 -1.934 -2.114 -2.158 -2.138 -2.061 -1.949 -1.812 -1.665 -1.523 -1.395 -1.293 -1.201 -1.105 -0.995 -0.883 -0.773 -0.671 -0.581 -0.506 -0.452 -0.418 -0.410 -0.449
-0.075 -0.066 -0.046 -0.033 -0.033 -0.034 -0.032 -0.029 -0.027 -0.027 -0.025 -0.022 -0.020 -0.019 -0.022 -0.025 -0.027 -0.028 -0.032 -0.038 -0.043 -0.049 -0.061 -0.074 -0.075 -0.077 -0.091 -0.112 -0.139 -0.182 -0.241 -0.314 -0.403 -0.508 -0.618 -0.740 -0.857 -0.951 -1.010 -1.051 -1.083 -1.100 -1.105 -1.115 -1.130 -1.171 -1.240 -1.357 -1.532 -1.743 -1.922 -2.048 -2.125 -2.126 -2.009 -1.892 -1.790 -1.671 -1.542 -1.405 -1.278 -1.171 -1.080 -0.988 -0.884 -0.775 -0.674 -0.579 -0.496 -0.433 -0.389 -0.367 -0.375 -0.427
-0.117 -0.126 -0.129 -0.094 -0.072 -0.072 -0.072 -0.071 -0.068 -0.066 -0.065 -0.062 -0.058 -0.055 -0.050 -0.045 -0.045 -0.051 -0.060 -0.067 -0.073 -0.076 -0.090 -0.106 -0.112 -0.117 -0.131 -0.162 -0.203 -0.262 -0.345 -0.439 -0.545 -0.672 -0.801 -0.916 -1.014 -1.084 -1.109 -1.121 -1.131 -1.133 -1.146 -1.183 -1.227 -1.301 -1.403 -1.530 -1.716 -1.911 -2.026 -2.088 -2.031 -1.967 -1.867 -1.735 -1.653 -1.557 -1.425 -1.277 -1.144 -1.039 -0.954 -0.872 -0.771 -0.666 -0.570 -0.484 -0.416 -0.369 -0.343 -0.336 -0.359 -0.424
-0.169 -0.171 -0.182 -0.208 -0.162 -0.129 -0.131 -0.130 -0.129 -0.129 -0.128 -0.124 -0.122 -0.119 -0.114 -0.110 -0.107 -0.110 -0.115 -0.122 -0.121 -0.122 -0.137 -0.150 -0.158 -0.168 -0.185 -0.231 -0.294 -0.372 -0.475 -0.595 -0.726 -0.857 -0.973 -1.055 -1.108 -1.146 -1.154 -1.166 -1.180 -1.188 -1.211 -1.276 -1.351 -1.445 -1.589 -1.715 -1.841 -1.956 -1.991 -2.001 -1.924 -1.780 -1.696 -1.617 -1.539 -1.440 -1.297 -1.134 -1.002 -0.906 -0.834 -0.762 -0.671 -0.570 -0.477 -0.401 -0.349 -0.322 -0.314 -0.323 -0.362 -0.437
-0.230 -0.237 -0.243 -0.252 -0.276 -0.235 -0.204 -0.204 -0.205 -0.211 -0.212 -0.208 -0.203 -0.198 -0.195 -0.192 -0.186 -0.183 -0.185 -0.187 -0.187 -0.191 -0.202 -0.210 -0.219 -0.234 -0.266 -0.331 -0.420 -0.523 -0.640 -0.772 -0.906 -1.027 -1.113 -1.157 -1.175 -1.184 -1.180 -1.195 -1.232 -1.273 -1.318 -1.393 -1.492 -1.591 -1.743 -1.866 -1.931 -1.951 -1.911 -1.867 -1.819 -1.661 -1.567 -1.523 -1.447 -1.305 -1.139 -0.983 -0.870 -0.794 -0.737 -0.673 -0.587 -0.489 -0.403 -0.340 -0.302 -0.289 -0.295 -0.323 -0.381 -0.461
-0.297 -0.309 -0.322 -0.321 -0.337 -0.348 -0.307 -0.295 -0.295 -0.305 -0.308 -0.305 -0.298 -0.291 -0.286 -0.278 -0.271 -0.266 -0.266 -0.272 -0.270 -0.269 -0.273 -0.282 -0.302 -0.332 -0.385 -0.469 -0.574 -0.695 -0.829 -0.958 -1.058 -1.146 -1.209 -1.221 -1.217 -1.214 -1.218 -1.246 -1.285 -1.335 -1.407 -1.497 -1.604 -1.700 -1.822 -1.913 -1.937 -1.905 -1.817 -1.720 -1.657 -1.592 -1.490 -1.421 -1.324 -1.136 -0.954 -0.828 -0.752 -0.704 -0.662 -0.604 -0.519 -0.423 -0.345 -0.297 -0.273 -0.268 -0.285 -0.329 -0.402 -0.486
-0.347 -0.363 -0.383 -0.398 -0.413 -0.425 -0.424 -0.398 -0.399 -0.407 -0.407 -0.400 -0.393 -0.381 -0.369 -0.365 -0.364 -0.355 -0.354 -0.361 -0.353 -0.343 -0.349 -0.373 -0.414 -0.466 -0.545 -0.653 -0.770 -0.888 -1.009 -1.118 -1.190 -1.231 -1.255 -1.251 -1.228 -1.223 -1.253 -1.304 -1.341 -1.382 -1.453 -1.571 -1.684 -1.755 -1.811 -1.843 -1.842 -1.800 -1.695 -1.579 -1.501 -1.461 -1.422 -1.300 -1.143 -0.955 -0.791 -0.701 -0.655 -0.632 -0.606 -0.553 -0.465 -0.372 -0.303 -0.266 -0.253 -0.258 -0.283 -0.340 -0.421 -0.504
-0.391 -0.415 -0.445 -0.473 -0.497 -0.519 -0.520 -0.501 -0.499 -0.499 -0.492 -0.484 -0.477 -0.462 -0.455 -0.467 -0.469 -0.459 -0.447 -0.442 -0.433 -0.428 -0.455 -0.504 -0.569 -0.643 -0.742 -0.862 -0.990 -1.106 -1.193 -1.247 -1.289 -1.291 -1.269 -1.256 -1.238 -1.237 -1.267 -1.319 -1.369 -1.436 -1.498 -1.607 -1.702 -1.771 -1.773 -1.732 -1.684 -1.651 -1.561 -1.440 -1.374 -1.329 -1.283 -1.154 -0.944 -0.777 -0.667 -0.611 -0.588 -0.579 -0.560 -0.510 -0.425 -0.335 -0.275 -0.247 -0.242 -0.258 -0.293 -0.350 -0.427 -0.508
-0.442 -0.470 -0.500 -0.524 -0.560 -0.607 -0.592 -0.579 -0.585 -0.589 -0.581 -0.569 -0.560 -0.563 -0.574 -0.590 -0.589 -0.571 -0.552 -0.545 -0.544 -0.558 -0.613 -0.685 -0.780 -0.877 -0.987 -1.089 -1.194 -1.292 -1.358 -1.374 -1.372 -1.342 -1.291 -1.259 -1.249 -1.256 -1.276 -1.306 -1.365 -1.465 -1.537 -1.601 -1.640 -1.675 -1.677 -1.596 -1.510 -1.453 -1.427 -1.337 -1.260 -1.202 -1.111 -0.961 -0.777 -0.644 -0.574 -0.545 -0.540 -0.542 -0.525 -0.475 -0.394 -0.310 -0.259 -0.237 -0.238 -0.265 -0.311 -0.362 -0.418 -0.490
-0.460 -0.494 -0.525 -0.558 -0.635 -0.645 -0.637 -0.640 -0.647 -0.664 -0.671 -0.669 -0.674 -0.692 -0.717 -0.716 -0.702 -0.686 -0.676 -0.697 -0.729 -0.772 -0.853 -0.949 -1.056 -1.170 -1.271 -1.346 -1.402 -1.451 -1.492 -1.482 -1.461 -1.423 -1.360 -1.312 -1.267 -1.266 -1.285 -1.303 -1.347 -1.421 -1.475 -1.514 -1.529 -1.528 -1.501 -1.435 -1.362 -1.279 -1.235 -1.208 -1.142 -1.046 -0.931 -0.787 -0.647 -0.554 -0.511 -0.497 -0.501 -0.509 -0.494 -0.448 -0.373 -0.296 -0.252 -0.239 -0.246 -0.278 -0.331 -0.380 -0.412 -0.459
-0.458 -0.495 -0.546 -0.615 -0.664 -0.675 -0.680 -0.688 -0.717 -0.742 -0.770 -0.782 -0.799 -0.815 -0.824 -0.829 -0.840 -0.830 -0.846 -0.910 -0.999 -1.069 -1.172 -1.262 -1.342 -1.438 -1.500 -1.567 -1.612 -1.622 -1.603 -1.574 -1.552 -1.508 -1.454 -1.403 -1.335 -1.319 -1.331 -1.337 -1.361 -1.401 -1.398 -1.388 -1.374 -1.353 -1.331 -1.262 -1.208 -1.168 -1.071 -1.026 -0.986 -0.893 -0.776 -0.662 -0.559 -0.495 -0.469 -0.465 -0.471 -0.477 -0.464 -0.423 -0.359 -0.295 -0.257 -0.252 -0.268 -0.301 -0.348 -0.389 -0.412 -0.428
-0.455 -0.506 -0.567 -0.622 -0.649 -0.665 -0.691 -0.726 -0.766 -0.795 -0.833 -0.851 -0.880 -0.907 -0.929 -0.949 -0.996 -1.040 -1.093 -1.174 -1.269 -1.352 -1.462 -1.514 -1.583 -1.638 -1.647 -1.685 -1.706 -1.721 -1.693 -1.632 -1.587 -1.561 -1.547 -1.517 -1.471 -1.451 -1.453 -1.431 -1.423 -1.445 -1.441 -1.346 -1.269 -1.205 -1.177 -1.124 -1.041 -1.003 -0.953 -0.886 -0.840 -0.765 -0.665 -0.577 -0.507 -0.463 -0.445 -0.442 -0.447 -0.450 -0.437 -0.402 -0.354 -0.309 -0.283 -0.284 -0.308 -0.343 -0.374 -0.395 -0.406 -0.411
-0.432 -0.484 -0.531 -0.573 -0.602 -0.628 -0.678 -0.737 -0.772 -0.814 -0.857 -0.889 -0.938 -0.986 -1.032 -1.081 -1.149 -1.242 -1.314 -1.404 -1.468 -1.547 -1.627 -1.648 -1.717 -1.738 -1.726 -1.736 -1.709 -1.704 -1.682 -1.613 -1.554 -1.535 -1.546 -1.557 -1.537 -1.510 -1.494 -1.469 -1.446 -1.450 -1.477 -1.433 -1.308 -1.174 -1.057 -0.985 -0.905 -0.836 -0.806 -0.775 -0.731 -0.671 -0.597 -0.527 -0.479 -0.453 -0.443 -0.442 -0.444 -0.443 -0.429 -0.401 -0.370 -0.346 -0.339 -0.347 -0.372 -0.410 -0.434 -0.426 -0.406 -0.400
-0.357 -0.396 -0.444 -0.487 -0.535 -0.591 -0.656 -0.719 -0.758 -0.814 -0.860 -0.901 -0.965 -1.015 -1.056 -1.110 -1.185 -1.289 -1.372 -1.468 -1.512 -1.581 -1.631 -1.638 -1.694 -1.713 -1.701 -1.703 -1.658 -1.608 -1.569 -1.518 -1.482 -1.453 -1.441 -1.459 -1.453 -1.415 -1.373 -1.329 -1.316 -1.310 -1.323 -1.328 -1.283 -1.209 -1.052 -0.881 -0.777 -0.707 -0.676 -0.669 -0.649 -0.608 -0.562 -0.514 -0.483 -0.474 -0.474 -0.475 -0.477 -0.477 -0.468 -0.447 -0.424 -0.406 -0.394 -0.395 -0.412 -0.443 -0.485 -0.497 -0.456 -0.406
-0.254 -0.295 -0.348 -0.413 -0.481 -0.541 -0.612 -0.678 -0.725 -0.788 -0.838 -0.879 -0.939 -0.980 -1.022 -1.051 -1.121 -1.220 -1.327 -1.414 -1.458 -1.511 -1.542 -1.535 -1.559 -1.550 -1.530 -1.526 -1.468 -1.418 -1.381 -1.349 -1.321 -1.285 -1.276 -1.265 -1.247 -1.202 -1.155 -1.124 -1.098 -1.064 -1.025 -1.001 -0.989 -0.994 -0.972 -0.819 -0.663 -0.583 -0.569 -0.575 -0.575 -0.565 -0.549 -0.533 -0.520 -0.510 -0.496 -0.482 -0.475 -0.476 -0.477 -0.468 -0.453 -0.432 -0.412 -0.409 -0.421 -0.436 -0.468 -0.512 -0.506 -0.437
