AvaFrame/avaframe/data/avaSalk/Avaflow_Input_Output/slk_results/slk_ascii/slk_hflow10007.asc
ncols 296
nrows 144
xllcenter 761600.00
yllcenter 8523000.00
cellsize 12.50
NODATA_value -9999.000
[rows 68 to 101 of 144, columns 154 to 230 of 296]
0.000 0.000 0.000 0.000 0.000 0.000 0.000 0.000 0.000 0.000 0.000 0.000 0.000 0.000 0.000 0.000 0.001 0.001 0.001 0.001 0.001 0.001 0.002 0.002 0.002 0.002 0.002 0.003 0.004 0.005 0.007 0.008 0.010 0.011 0.013 0.015 0.016 0.019 0.022 0.024 0.027 0.030 0.033 0.035 0.037 0.038 0.040 0.044 0.049 0.056 0.062 0.069 0.076 0.085 0.097 0.112 0.132 0.159 0.196 0.247 0.323 0.438 0.611 0.861 1.083 1.238 1.330 1.377 1.388 1.375 1.344 1.270 1.159 0.989 0.800 0.662 0.576
0.000 0.000 0.000 0.000 0.000 0.000 0.000 0.000 0.000 0.000 0.000 0.000 0.000 0.000 0.000 0.001 0.001 0.001 0.001 0.001 0.001 0.002 0.002 0.003 0.003 0.003 0.003 0.004 0.005 0.007 0.008 0.010 0.012 0.014 0.016 0.018 0.021 0.023 0.026 0.029 0.031 0.034 0.036 0.038 0.039 0.041 0.044 0.049 0.056 0.064 0.073 0.081 0.090 0.101 0.117 0.138 0.167 0.206 0.259 0.334 0.446 0.609 0.847 1.118 1.301 1.381 1.396 1.392 1.388 1.361 1.292 1.166 0.978 0.788 0.648 0.568 0.521
0.000 0.000 0.000 0.000 0.000 0.000 0.000 0.000 0.000 0.000 0.000 0.000 0.000 0.000 0.001 0.001 0.001 0.001 0.001 0.001 0.002 0.002 0.003 0.004 0.004 0.005 0.005 0.006 0.007 0.009 0.011 0.013 0.015 0.017 0.019 0.022 0.025 0.028 0.031 0.033 0.035 0.037 0.039 0.041 0.043 0.046 0.051 0.056 0.064 0.074 0.084 0.094 0.106 0.122 0.143 0.173 0.214 0.270 0.349 0.463 0.623 0.845 1.090 1.283 1.403 1.450 1.438 1.398 1.362 1.306 1.180 0.989 0.796 0.659 0.571 0.519 0.485
0.000 0.000 0.000 0.000 0.000 0.000 0.000 0.000 0.000 0.001 0.001 0.001 0.001 0.001 0.001 0.001 0.001 0.001 0.001 0.002 0.002 0.003 0.004 0.005 0.006 0.006 0.007 0.008 0.009 0.011 0.013 0.016 0.018 0.021 0.023 0.026 0.030 0.032 0.035 0.037 0.040 0.042 0.044 0.046 0.049 0.053 0.060 0.067 0.076 0.087 0.099 0.113 0.130 0.152 0.181 0.220 0.276 0.356 0.468 0.653 0.875 1.101 1.278 1.387 1.435 1.453 1.445 1.385 1.297 1.185 1.006 0.811 0.676 0.588 0.529 0.486 0.450
0.000 0.000 0.000 0.001 0.001 0.001 0.001 0.001 0.001 0.001 0.001 0.001 0.001 0.001 0.001 0.001 0.001 0.002 0.002 0.002 0.003 0.004 0.005 0.007 0.008 0.009 0.009 0.011 0.012 0.014 0.017 0.019 0.022 0.025 0.028 0.031 0.034 0.037 0.039 0.041 0.044 0.047 0.049 0.052 0.057 0.063 0.072 0.082 0.093 0.106 0.120 0.137 0.163 0.194 0.232 0.285 0.362 0.469 0.641 0.958 1.199 1.329 1.401 1.437 1.442 1.425 1.411 1.339 1.195 1.019 0.842 0.699 0.605 0.541 0.494 0.453 0.413
0.000 0.000 0.001 0.001 0.001 0.001 0.001 0.001 0.001 0.001 0.001 0.001 0.001 0.001 0.001 0.001 0.002 0.002 0.003 0.003 0.004 0.006 0.008 0.009 0.010 0.011 0.012 0.014 0.016 0.018 0.021 0.023 0.026 0.029 0.033 0.036 0.039 0.042 0.044 0.046 0.050 0.053 0.057 0.062 0.068 0.077 0.088 0.100 0.113 0.128 0.146 0.171 0.207 0.252 0.304 0.377 0.488 0.650 0.979 1.392 1.537 1.520 1.452 1.436 1.417 1.370 1.316 1.219 1.035 0.845 0.709 0.617 0.552 0.502 0.459 0.418 0.373
0.001 0.001 0.001 0.001 0.001 0.001 0.001 0.001 0.001 0.001 0.001 0.001 0.001 0.001 0.002 0.002 0.003 0.004 0.005 0.005 0.007 0.008 0.011 0.012 0.013 0.015 0.016 0.018 0.020 0.022 0.025 0.028 0.031 0.034 0.038 0.042 0.045 0.047 0.050 0.053 0.056 0.061 0.067 0.074 0.084 0.095 0.107 0.120 0.136 0.155 0.181 0.218 0.270 0.331 0.407 0.523 0.708 1.033 1.434 1.663 1.676 1.610 1.482 1.419 1.358 1.279 1.178 1.033 0.851 0.704 0.613 0.554 0.507 0.466 0.424 0.380 0.329
0.001 0.001 0.001 0.001 0.001 0.002 0.002 0.002 0.002 0.002 0.002 0.002 0.002 0.002 0.003 0.004 0.005 0.007 0.008 0.009 0.011 0.012 0.015 0.016 0.018 0.019 0.021 0.022 0.024 0.027 0.030 0.033 0.036 0.040 0.044 0.048 0.051 0.054 0.057 0.060 0.065 0.071 0.080 0.091 0.104 0.117 0.130 0.145 0.163 0.190 0.228 0.282 0.359 0.456 0.586 0.802 1.144 1.470 1.637 1.674 1.659 1.605 1.501 1.393 1.285 1.176 1.021 0.852 0.713 0.618 0.557 0.513 0.473 0.431 0.386 0.336 0.284
0.002 0.002 0.002 0.002 0.003 0.004 0.004 0.004 0.004 0.004 0.004 0.004 0.004 0.004 0.005 0.007 0.010 0.014 0.016 0.017 0.019 0.020 0.020 0.021 0.023 0.025 0.027 0.028 0.029 0.032 0.035 0.038 0.041 0.046 0.050 0.054 0.057 0.061 0.064 0.069 0.075 0.085 0.099 0.116 0.130 0.143 0.157 0.174 0.198 0.237 0.293 0.373 0.495 0.682 0.985 1.296 1.510 1.585 1.608 1.586 1.516 1.490 1.452 1.341 1.175 1.018 0.846 0.709 0.627 0.573 0.531 0.490 0.443 0.393 0.339 0.284 0.244
0.004 0.004 0.004 0.004 0.006 0.008 0.010 0.011 0.010 0.009 0.008 0.008 0.008 0.009 0.011 0.015 0.023 0.031 0.035 0.036 0.036 0.034 0.031 0.030 0.031 0.033 0.034 0.035 0.035 0.037 0.040 0.044 0.048 0.052 0.057 0.061 0.065 0.069 0.074 0.081 0.090 0.104 0.127 0.149 0.165 0.177 0.190 0.210 0.247 0.304 0.389 0.520 0.739 1.068 1.421 1.572 1.569 1.504 1.434 1.344 1.265 1.287 1.309 1.222 1.006 0.820 0.692 0.622 0.585 0.556 0.522 0.472 0.403 0.343 0.286 0.239 0.214
0.008 0.008 0.008 0.009 0.013 0.020 0.027 0.029 0.027 0.022 0.019 0.019 0.020 0.022 0.027 0.035 0.047 0.062 0.072 0.075 0.073 0.064 0.051 0.046 0.046 0.046 0.045 0.044 0.043 0.044 0.046 0.050 0.055 0.060 0.064 0.069 0.074 0.079 0.086 0.096 0.110 0.130 0.155 0.177 0.196 0.213 0.231 0.262 0.319 0.408 0.544 0.763 1.059 1.344 1.514 1.547 1.488 1.359 1.280 1.221 1.156 1.183 1.191 1.071 0.847 0.695 0.614 0.582 0.569 0.553 0.521 0.455 0.357 0.290 0.243 0.210 0.196
0.018 0.018 0.020 0.024 0.036 0.055 0.069 0.072 0.068 0.059 0.056 0.057 0.058 0.061 0.067 0.076 0.089 0.111 0.135 0.144 0.139 0.112 0.082 0.069 0.065 0.063 0.062 0.058 0.054 0.052 0.053 0.057 0.063 0.069 0.073 0.078 0.085 0.092 0.102 0.116 0.134 0.157 0.178 0.198 0.222 0.251 0.286 0.340 0.430 0.572 0.789 1.056 1.268 1.387 1.430 1.414 1.359 1.282 1.217 1.161 1.087 1.094 1.074 0.926 0.729 0.621 0.574 0.561 0.561 0.556 0.525 0.452 0.337 0.261 0.221 0.198 0.188
0.051 0.054 0.062 0.083 0.121 0.154 0.169 0.171 0.162 0.155 0.154 0.152 0.145 0.139 0.139 0.143 0.155 0.184 0.227 0.247 0.230 0.161 0.107 0.087 0.083 0.084 0.089 0.087 0.081 0.071 0.066 0.067 0.074 0.080 0.084 0.090 0.098 0.108 0.122 0.141 0.163 0.184 0.202 0.222 0.250 0.297 0.363 0.456 0.598 0.820 1.073 1.268 1.360 1.378 1.355 1.334 1.296 1.229 1.166 1.102 1.021 0.991 0.935 0.790 0.638 0.561 0.532 0.532 0.548 0.551 0.527 0.458 0.338 0.254 0.215 0.196 0.185
0.204 0.223 0.262 0.327 0.398 0.429 0.421 0.391 0.367 0.355 0.343 0.327 0.295 0.264 0.252 0.249 0.257 0.286 0.328 0.340 0.293 0.189 0.124 0.102 0.100 0.109 0.128 0.139 0.137 0.124 0.104 0.092 0.091 0.094 0.096 0.103 0.115 0.129 0.148 0.170 0.193 0.212 0.231 0.257 0.301 0.372 0.477 0.626 0.844 1.087 1.268 1.354 1.377 1.373 1.339 1.292 1.244 1.179 1.110 1.034 0.944 0.868 0.780 0.660 0.558 0.502 0.483 0.488 0.521 0.543 0.531 0.471 0.351 0.259 0.219 0.200 0.187
0.733 0.757 0.815 0.910 0.977 0.982 0.926 0.836 0.765 0.706 0.654 0.595 0.519 0.453 0.424 0.412 0.406 0.411 0.417 0.391 0.309 0.203 0.140 0.121 0.125 0.150 0.191 0.219 0.233 0.229 0.207 0.172 0.133 0.115 0.113 0.120 0.135 0.156 0.179 0.203 0.225 0.246 0.272 0.315 0.386 0.494 0.647 0.863 1.098 1.270 1.352 1.373 1.373 1.347 1.298 1.238 1.183 1.121 1.044 0.953 0.852 0.752 0.653 0.559 0.486 0.443 0.427 0.433 0.482 0.536 0.540 0.498 0.378 0.274 0.229 0.211 0.196
1.743 1.734 1.750 1.797 1.823 1.803 1.712 1.582 1.439 1.283 1.131 0.995 0.867 0.759 0.693 0.649 0.609 0.561 0.485 0.398 0.302 0.216 0.165 0.155 0.178 0.233 0.292 0.339 0.374 0.393 0.391 0.354 0.258 0.166 0.141 0.145 0.164 0.190 0.217 0.241 0.264 0.291 0.334 0.405 0.516 0.671 0.884 1.110 1.265 1.347 1.373 1.376 1.364 1.315 1.247 1.180 1.110 1.035 0.953 0.860 0.758 0.661 0.568 0.487 0.419 0.379 0.364 0.369 0.427 0.527 0.560 0.537 0.416 0.296 0.246 0.227 0.210
3.058 2.983 2.931 2.899 2.876 2.832 2.744 2.616 2.417 2.133 1.837 1.601 1.406 1.237 1.099 0.984 0.872 0.720 0.525 0.392 0.305 0.246 0.220 0.234 0.295 0.383 0.459 0.523 0.583 0.634 0.662 0.653 0.531 0.303 0.201 0.190 0.206 0.235 0.263 0.289 0.320 0.365 0.437 0.545 0.712 0.943 1.141 1.271 1.358 1.390 1.379 1.382 1.363 1.295 1.200 1.120 1.043 0.959 0.866 0.769 0.675 0.586 0.502 0.424 0.351 0.309 0.294 0.297 0.359 0.513 0.592 0.584 0.459 0.323 0.269 0.245 0.220
4.595 4.482 4.376 4.286 4.205 4.123 4.024 3.882 3.653 3.270 2.835 2.484 2.193 1.930 1.689 1.462 1.234 0.897 0.565 0.404 0.344 0.323 0.341 0.414 0.528 0.639 0.730 0.814 0.903 0.993 1.056 1.076 0.973 0.588 0.313 0.260 0.269 0.296 0.326 0.360 0.413 0.497 0.620 0.781 0.972 1.183 1.328 1.387 1.391 1.374 1.361 1.364 1.356 1.274 1.156 1.058 0.976 0.891 0.792 0.690 0.599 0.513 0.430 0.348 0.275 0.236 0.224 0.227 0.292 0.492 0.624 0.626 0.500 0.357 0.295 0.257 0.217
6.304 6.181 6.052 5.920 5.784 5.637 5.471 5.267 4.998 4.605 4.116 3.657 3.251 2.871 2.491 2.080 1.630 1.069 0.644 0.471 0.446 0.484 0.591 0.763 0.931 1.059 1.168 1.277 1.395 1.525 1.623 1.675 1.602 1.064 0.495 0.352 0.352 0.382 0.422 0.474 0.561 0.701 0.904 1.114 1.248 1.320 1.359 1.382 1.375 1.301 1.295 1.300 1.287 1.190 1.069 0.970 0.895 0.815 0.710 0.609 0.525 0.442 0.358 0.280 0.220 0.190 0.182 0.191 0.263 0.480 0.644 0.656 0.541 0.392 0.311 0.254 0.200
7.767 7.641 7.501 7.329 7.129 6.913 6.680 6.418 6.106 5.731 5.289 4.810 4.333 3.822 3.227 2.578 1.895 1.216 0.782 0.632 0.647 0.794 1.064 1.350 1.566 1.725 1.861 1.998 2.142 2.295 2.418 2.484 2.417 1.767 0.794 0.472 0.458 0.505 0.566 0.640 0.759 0.921 1.122 1.299 1.389 1.401 1.363 1.308 1.291 1.242 1.247 1.265 1.238 1.091 0.944 0.842 0.775 0.708 0.622 0.537 0.460 0.377 0.299 0.236 0.194 0.174 0.171 0.186 0.267 0.486 0.659 0.677 0.586 0.425 0.310 0.235 0.173
8.894 8.745 8.584 8.377 8.119 7.836 7.556 7.264 6.944 6.575 6.158 5.705 5.173 4.496 3.685 2.884 2.084 1.417 1.054 0.962 1.052 1.373 1.855 2.250 2.532 2.744 2.920 3.081 3.237 3.377 3.476 3.519 3.440 2.789 1.353 0.655 0.599 0.665 0.755 0.848 0.980 1.125 1.261 1.366 1.436 1.467 1.428 1.306 1.235 1.233 1.264 1.270 1.199 1.003 0.829 0.728 0.671 0.621 0.563 0.495 0.411 0.318 0.246 0.204 0.182 0.173 0.175 0.200 0.295 0.515 0.676 0.696 0.621 0.438 0.288 0.202 0.148
9.764 9.567 9.348 9.071 8.760 8.454 8.153 7.839 7.519 7.189 6.835 6.381 5.741 4.877 3.881 3.015 2.280 1.783 1.575 1.569 1.803 2.341 3.029 3.562 3.951 4.228 4.433 4.606 4.744 4.825 4.870 4.867 4.823 4.291 2.459 0.979 0.777 0.844 0.948 1.074 1.241 1.355 1.402 1.434 1.464 1.488 1.462 1.332 1.237 1.267 1.310 1.257 1.099 0.876 0.713 0.640 0.608 0.577 0.538 0.473 0.366 0.263 0.201 0.175 0.170 0.175 0.189 0.230 0.346 0.567 0.699 0.716 0.638 0.416 0.246 0.166 0.130
10.411 10.067 9.768 9.433 9.099 8.784 8.479 8.200 7.939 7.668 7.338 6.792 6.016 5.010 3.913 3.102 2.608 2.409 2.411 2.575 3.012 3.789 4.678 5.373 5.890 6.251 6.486 6.639 6.728 6.736 6.747 6.699 6.721 6.334 4.412 1.742 0.949 1.025 1.134 1.252 1.390 1.474 1.487 1.477 1.449 1.454 1.432 1.345 1.267 1.263 1.262 1.119 0.871 0.695 0.613 0.588 0.578 0.564 0.529 0.445 0.305 0.209 0.167 0.155 0.156 0.169 0.201 0.268 0.412 0.629 0.735 0.743 0.634 0.352 0.188 0.135 0.119
10.766 10.286 9.955 9.639 9.294 8.973 8.700 8.455 8.233 8.012 7.632 6.949 6.073 5.022 4.025 3.452 3.300 3.407 3.679 4.128 4.815 5.808 6.858 7.691 8.310 8.731 8.986 9.134 9.210 9.203 9.157 9.045 8.986 8.655 7.091 3.769 1.434 1.150 1.331 1.394 1.437 1.470 1.491 1.471 1.351 1.285 1.272 1.270 1.266 1.215 1.083 0.873 0.678 0.585 0.556 0.558 0.568 0.565 0.526 0.413 0.251 0.172 0.150 0.148 0.152 0.165 0.202 0.294 0.482 0.705 0.790 0.769 0.590 0.283 0.152 0.119 0.114
10.790 10.298 9.975 9.632 9.305 9.026 8.798 8.617 8.447 8.170 7.689 6.963 6.079 5.197 4.587 4.404 4.568 4.964 5.557 6.362 7.212 8.215 9.120 9.837 10.415 10.906 11.302 11.510 11.638 11.645 11.449 11.118 10.742 10.349 9.574 7.364 3.593 1.477 1.352 1.469 1.457 1.426 1.427 1.404 1.277 1.172 1.177 1.217 1.227 1.162 0.949 0.705 0.569 0.522 0.520 0.543 0.568 0.569 0.531 0.404 0.235 0.160 0.146 0.149 0.156 0.166 0.198 0.300 0.526 0.760 0.821 0.769 0.547 0.263 0.148 0.118 0.115
10.572 10.152 9.894 9.630 9.352 9.047 8.842 8.673 8.497 8.168 7.648 6.961 6.314 5.913 5.850 6.053 6.527 7.184 7.970 8.816 9.521 10.291 10.905 11.491 12.017 12.462 12.939 13.236 13.375 13.300 13.022 12.573 12.067 11.634 11.123 10.380 7.631 3.586 1.599 1.388 1.424 1.366 1.313 1.274 1.207 1.143 1.134 1.162 1.165 1.073 0.828 0.602 0.506 0.484 0.493 0.533 0.568 0.572 0.537 0.411 0.242 0.165 0.151 0.155 0.167 0.175 0.197 0.292 0.527 0.760 0.819 0.761 0.532 0.272 0.161 0.127 0.121
10.085 9.814 9.687 9.527 9.313 8.992 8.788 8.629 8.420 8.118 7.739 7.321 7.152 7.349 7.881 8.356 8.905 9.414 9.996 10.576 11.116 11.747 12.251 12.647 13.052 13.417 13.912 14.284 14.392 14.264 13.948 13.441 13.101 12.764 12.441 12.149 11.162 8.042 4.092 1.865 1.330 1.250 1.212 1.154 1.082 1.078 1.084 1.068 1.018 0.911 0.713 0.541 0.471 0.461 0.475 0.522 0.564 0.571 0.537 0.424 0.269 0.191 0.171 0.171 0.180 0.193 0.211 0.285 0.498 0.726 0.791 0.745 0.535 0.300 0.191 0.149 0.133
9.398 9.333 9.351 9.289 9.123 8.799 8.559 8.389 8.223 8.098 8.074 8.234 8.636 9.218 9.854 10.264 10.644 10.917 11.294 11.696 12.055 12.583 13.056 13.325 13.656 13.887 14.339 14.754 14.882 14.712 14.395 13.937 13.860 13.701 13.602 13.617 13.389 12.108 8.990 4.953 2.250 1.323 1.132 1.066 0.966 0.953 0.972 0.945 0.880 0.795 0.650 0.515 0.459 0.451 0.464 0.508 0.546 0.552 0.524 0.432 0.309 0.242 0.219 0.211 0.208 0.217 0.237 0.298 0.467 0.668 0.738 0.709 0.553 0.347 0.237 0.183 0.153
8.565 8.698 8.805 8.773 8.662 8.405 8.164 8.028 7.978 8.079 8.447 9.133 9.948 10.670 11.112 11.455 11.675 11.801 12.020 12.300 12.531 12.986 13.339 13.574 13.898 14.013 14.464 14.836 14.967 14.887 14.542 14.204 14.203 14.225 14.504 14.753 14.869 14.344 12.701 9.696 5.813 2.991 1.687 1.157 0.922 0.845 0.824 0.807 0.767 0.701 0.599 0.506 0.462 0.453 0.466 0.503 0.530 0.535 0.514 0.442 0.373 0.355 0.382 0.382 0.346 0.281 0.275 0.328 0.467 0.600 0.653 0.650 0.566 0.412 0.301 0.231 0.180
7.526 7.835 8.003 8.002 7.975 7.806 7.656 7.609 7.683 7.973 8.565 9.547 10.655 11.467 11.838 12.055 12.155 12.183 12.278 12.468 12.723 13.062 13.318 13.545 13.858 13.962 14.344 14.685 14.764 14.777 14.507 14.326 14.269 14.444 14.771 15.174 15.464 15.223 14.320 12.511 9.475 6.218 4.016 2.505 1.494 0.965 0.778 0.717 0.678 0.628 0.562 0.513 0.499 0.544 0.596 0.635 0.650 0.649 0.634 0.615 0.686 0.878 1.086 1.152 1.071 0.770 0.437 0.382 0.483 0.550 0.562 0.571 0.547 0.461 0.364 0.282 0.213
6.323 6.735 6.969 7.050 7.089 7.040 7.037 7.070 7.262 7.675 8.433 9.600 10.869 11.706 12.080 12.234 12.264 12.237 12.305 12.455 12.727 12.986 13.100 13.192 13.461 13.502 13.749 13.961 14.038 14.163 14.024 13.976 14.009 14.270 14.756 15.183 15.449 15.176 14.563 13.147 10.804 7.734 5.576 4.150 2.981 1.892 1.108 0.771 0.672 0.624 0.587 0.672 0.937 1.241 1.457 1.579 1.624 1.638 1.664 1.760 2.001 2.372 2.694 2.866 2.848 2.418 1.479 0.700 0.495 0.500 0.483 0.487 0.500 0.470 0.402 0.325 0.250
5.020 5.480 5.791 5.982 6.085 6.176 6.285 6.391 6.625 7.082 7.909 9.170 10.437 11.237 11.595 11.730 11.691 11.667 11.772 11.954 12.173 12.399 12.444 12.438 12.560 12.478 12.410 12.351 12.357 12.496 12.558 12.778 13.075 13.585 14.159 14.402 14.445 14.238 13.710 12.565 10.632 7.921 5.727 4.391 3.555 2.772 1.897 1.221 0.952 0.928 1.132 1.693 2.442 3.016 3.398 3.692 3.929 4.105 4.223 4.329 4.468 4.629 4.725 4.766 4.772 4.600 3.639 1.855 0.700 0.434 0.411 0.417 0.441 0.443 0.415 0.357 0.289
3.611 4.035 4.401 4.745 4.977 5.142 5.298 5.468 5.710 6.191 6.997 8.083 9.022 9.602 9.859 9.966 9.929 9.966 10.023 10.146 10.346 10.519 10.515 10.407 10.341 10.137 9.825 9.685 9.630 9.708 9.884 10.359 11.026 11.825 12.285 12.436 12.425 12.294 11.836 10.971 9.506 7.410 5.391 4.168 3.437 2.862 2.401 2.078 1.961 2.188 2.866 3.833 4.585 5.003 5.340 5.700 6.117 6.446 6.631 6.673 6.651 6.552 6.416 6.240 6.080 5.892 5.248 3.388 1.323 0.500 0.369 0.365 0.383 0.400 0.400 0.371 0.321
1.813 2.064 2.375 2.815 3.220 3.488 3.733 3.991 4.330 4.903 5.657 6.336 6.748 6.956 7.077 7.195 7.283 7.406 7.408 7.385 7.380 7.340 7.231 7.009 6.837 6.659 6.461 6.351 6.281 6.379 6.712 7.359 8.249 9.031 9.447 9.585 9.563 9.409 9.094 8.527 7.517 5.854 4.366 3.501 2.956 2.617 2.478 2.605 3.020 3.762 4.735 5.601 6.184 6.609 7.024 7.406 7.819 8.113 8.275 8.310 8.309 8.161 7.904 7.582 7.244 6.844 6.148 4.509 2.170 0.805 0.384 0.326 0.326 0.350 0.370 0.365 0.339
