AvaFrame/avaframe/data/avaSalk/Avaflow_Input_Output/slk_results/slk_ascii/slk_hflow10009.asc
ncols 296
nrows 144
xllcenter 761600.00
yllcenter 8523000.00
cellsize 12.50
NODATA_value -9999.000
[rows 102 to 135 of 144, columns 154 to 230 of 296]
0.919 1.053 1.215 1.495 1.826 2.102 2.351 2.611 2.957 3.431 3.822 3.994 4.020 4.008 4.029 4.067 4.093 4.027 3.925 3.794 3.703 3.621 3.527 3.433 3.382 3.371 3.380 3.438 3.550 3.856 4.372 5.029 5.681 6.111 6.335 6.444 6.429 6.281 5.960 5.270 4.060 2.936 2.470 2.319 2.285 2.354 2.547 2.940 3.596 4.541 5.720 6.785 7.666 8.357 9.007 9.528 10.029 10.325 10.459 10.533 10.443 10.284 9.986 9.549 9.002 8.258 7.122 5.464 3.424 1.784 0.738 0.305 0.211 0.210 0.230 0.256 0.267
0.228 0.262 0.300 0.379 0.521 0.678 0.836 1.018 1.247 1.496 1.647 1.738 1.811 1.868 1.906 1.922 1.877 1.756 1.613 1.501 1.430 1.388 1.363 1.337 1.308 1.296 1.311 1.400 1.599 1.960 2.455 2.940 3.268 3.472 3.632 3.788 3.855 3.766 3.218 2.069 1.181 0.927 0.985 1.108 1.261 1.510 1.949 2.612 3.512 4.678 6.027 7.246 8.338 9.289 10.141 10.771 11.282 11.520 11.611 11.648 11.511 11.333 11.005 10.532 9.868 9.091 7.888 6.201 4.270 2.594 1.317 0.579 0.292 0.232 0.238 0.263 0.346
0.072 0.077 0.083 0.098 0.132 0.178 0.225 0.284 0.361 0.424 0.461 0.494 0.537 0.590 0.621 0.620 0.580 0.501 0.434 0.395 0.375 0.367 0.365 0.362 0.352 0.346 0.345 0.381 0.501 0.708 0.960 1.171 1.307 1.406 1.508 1.593 1.628 1.556 1.106 0.448 0.224 0.220 0.277 0.383 0.514 0.710 1.142 1.971 3.160 4.609 6.056 7.355 8.581 9.738 10.749 11.551 12.158 12.438 12.481 12.504 12.342 12.112 11.717 11.240 10.632 9.912 8.768 7.113 5.254 3.622 2.275 1.291 0.722 0.499 0.463 0.532 0.872
0.029 0.030 0.032 0.036 0.046 0.059 0.073 0.088 0.102 0.109 0.114 0.120 0.133 0.155 0.165 0.163 0.148 0.124 0.110 0.104 0.101 0.100 0.099 0.098 0.096 0.095 0.095 0.103 0.134 0.190 0.251 0.307 0.354 0.389 0.410 0.416 0.417 0.387 0.228 0.087 0.061 0.060 0.071 0.099 0.147 0.230 0.444 1.058 2.310 4.062 5.739 7.148 8.468 9.743 10.849 11.753 12.417 12.752 12.877 12.933 12.809 12.557 12.217 11.799 11.262 10.616 9.695 8.316 6.570 4.976 3.663 2.572 1.805 1.449 1.396 1.581 2.201
0.013 0.014 0.015 0.016 0.020 0.025 0.031 0.036 0.038 0.039 0.040 0.042 0.047 0.054 0.057 0.055 0.049 0.043 0.039 0.037 0.037 0.036 0.036 0.036 0.035 0.035 0.036 0.040 0.049 0.063 0.076 0.092 0.104 0.107 0.106 0.104 0.102 0.095 0.064 0.036 0.027 0.025 0.026 0.031 0.041 0.059 0.117 0.352 1.145 2.762 4.727 6.418 7.937 9.371 10.594 11.587 12.347 12.739 12.940 12.991 12.906 12.721 12.404 11.998 11.568 11.112 10.500 9.590 8.188 6.664 5.390 4.310 3.501 3.121 3.097 3.280 3.689
0.006 0.007 0.008 0.008 0.009 0.012 0.015 0.017 0.017 0.017 0.017 0.018 0.021 0.023 0.023 0.022 0.020 0.018 0.017 0.016 0.016 0.015 0.015 0.015 0.015 0.016 0.016 0.019 0.022 0.027 0.033 0.038 0.040 0.039 0.039 0.041 0.042 0.040 0.034 0.026 0.018 0.014 0.014 0.015 0.017 0.021 0.032 0.080 0.362 1.269 2.976 4.980 6.862 8.514 9.916 11.056 11.917 12.393 12.612 12.793 12.817 12.681 12.406 12.074 11.723 11.408 11.038 10.497 9.411 8.061 6.919 5.949 5.183 4.737 4.541 4.456 4.460
0.003 0.004 0.004 0.004 0.005 0.006 0.008 0.009 0.009 0.009 0.009 0.009 0.010 0.011 0.011 0.010 0.009 0.008 0.008 0.008 0.008 0.008 0.008 0.008 0.008 0.009 0.009 0.011 0.012 0.015 0.018 0.019 0.020 0.021 0.023 0.026 0.026 0.026 0.025 0.021 0.016 0.011 0.009 0.009 0.009 0.010 0.014 0.023 0.078 0.395 1.324 3.009 5.108 7.076 8.674 9.964 10.907 11.498 11.841 12.171 12.277 12.299 12.185 11.972 11.705 11.564 11.293 10.916 10.146 8.935 7.774 6.911 6.243 5.761 5.353 5.002 4.703
0.002 0.002 0.002 0.002 0.002 0.003 0.004 0.005 0.004 0.004 0.005 0.005 0.005 0.005 0.005 0.005 0.005 0.004 0.004 0.004 0.004 0.005 0.005 0.005 0.006 0.006 0.007 0.008 0.009 0.011 0.013 0.014 0.015 0.017 0.018 0.019 0.019 0.019 0.019 0.017 0.014 0.010 0.007 0.006 0.006 0.006 0.007 0.010 0.021 0.076 0.369 1.232 2.849 4.921 6.808 8.298 9.404 10.152 10.666 11.080 11.329 11.535 11.600 11.620 11.525 11.470 11.274 10.826 10.187 9.110 7.895 7.070 6.490 6.024 5.553 5.101 4.699
0.001 0.001 0.001 0.001 0.001 0.002 0.002 0.002 0.002 0.002 0.002 0.003 0.003 0.003 0.003 0.003 0.002 0.002 0.002 0.003 0.003 0.003 0.003 0.004 0.004 0.005 0.006 0.007 0.008 0.009 0.011 0.012 0.013 0.014 0.015 0.015 0.015 0.015 0.015 0.014 0.012 0.009 0.007 0.005 0.004 0.004 0.005 0.006 0.009 0.019 0.058 0.294 1.048 2.478 4.286 5.936 7.295 8.382 9.194 9.781 10.177 10.410 10.612 10.813 11.000 11.061 10.980 10.517 9.868 8.856 7.704 6.896 6.301 5.811 5.344 4.879 4.411
0.000 0.000 0.000 0.000 0.001 0.001 0.001 0.001 0.001 0.001 0.001 0.001 0.001 0.001 0.001 0.001 0.001 0.001 0.001 0.002 0.002 0.002 0.002 0.003 0.003 0.004 0.005 0.006 0.007 0.008 0.009 0.011 0.012 0.013 0.013 0.014 0.014 0.014 0.013 0.012 0.011 0.009 0.007 0.005 0.004 0.003 0.003 0.004 0.005 0.008 0.016 0.042 0.230 0.851 2.018 3.436 4.842 6.198 7.382 8.266 8.846 9.129 9.403 9.683 10.007 10.146 10.149 9.795 9.188 8.290 7.271 6.469 5.840 5.321 4.843 4.372 3.865
0.000 0.000 0.000 0.000 0.000 0.000 0.000 0.000 0.000 0.000 0.000 0.001 0.001 0.001 0.001 0.001 0.001 0.001 0.001 0.001 0.001 0.001 0.001 0.002 0.002 0.003 0.003 0.004 0.005 0.006 0.008 0.009 0.011 0.012 0.013 0.013 0.014 0.014 0.013 0.012 0.011 0.008 0.006 0.005 0.004 0.003 0.003 0.003 0.003 0.004 0.007 0.014 0.034 0.183 0.683 1.599 2.731 3.932 5.197 6.415 7.312 7.777 8.103 8.410 8.645 8.781 8.832 8.691 8.273 7.512 6.602 5.814 5.156 4.600 4.091 3.601 3.112
0.000 0.000 0.000 0.000 0.000 0.000 0.000 0.000 0.000 0.000 0.000 0.000 0.000 0.000 0.000 0.000 0.000 0.000 0.000 0.000 0.000 0.000 0.001 0.001 0.001 0.002 0.002 0.003 0.004 0.005 0.006 0.007 0.009 0.011 0.013 0.014 0.015 0.015 0.015 0.014 0.011 0.008 0.006 0.005 0.003 0.003 0.002 0.002 0.002 0.003 0.004 0.006 0.012 0.031 0.155 0.545 1.242 2.152 3.213 4.402 5.486 6.242 6.713 7.072 7.227 7.276 7.281 7.233 7.038 6.498 5.755 4.996 4.330 3.754 3.253 2.791 2.364
0.000 0.000 0.000 0.000 0.000 0.000 0.000 0.000 0.000 0.000 0.000 0.000 0.000 0.000 0.000 0.000 0.000 0.000 0.000 0.000 0.000 0.000 0.000 0.000 0.001 0.001 0.001 0.002 0.002 0.003 0.004 0.006 0.008 0.010 0.012 0.014 0.015 0.016 0.016 0.015 0.012 0.009 0.006 0.004 0.003 0.002 0.002 0.001 0.001 0.002 0.002 0.003 0.005 0.011 0.030 0.128 0.413 0.941 1.699 2.651 3.682 4.568 5.228 5.707 5.939 5.969 5.916 5.724 5.511 5.176 4.696 4.126 3.559 3.042 2.579 2.158 1.775
0.000 0.000 0.000 0.000 0.000 0.000 0.000 0.000 0.000 0.000 0.000 0.000 0.000 0.000 0.000 0.000 0.000 0.000 0.000 0.000 0.000 0.000 0.000 0.000 0.000 0.000 0.000 0.001 0.001 0.002 0.003 0.004 0.006 0.008 0.011 0.013 0.014 0.015 0.015 0.014 0.012 0.009 0.006 0.004 0.003 0.002 0.001 0.001 0.001 0.001 0.001 0.002 0.003 0.005 0.011 0.028 0.098 0.297 0.697 1.329 2.162 3.024 3.809 4.422 4.769 4.829 4.754 4.533 4.195 3.871 3.565 3.255 2.875 2.467 2.055 1.664 1.306
0.000 0.000 0.000 0.000 0.000 0.000 0.000 0.000 0.000 0.000 0.000 0.000 0.000 0.000 0.000 0.000 0.000 0.000 0.000 0.000 0.000 0.000 0.000 0.000 0.000 0.000 0.000 0.000 0.000 0.001 0.001 0.002 0.003 0.005 0.008 0.010 0.011 0.011 0.011 0.011 0.010 0.008 0.005 0.004 0.002 0.001 0.001 0.001 0.001 0.001 0.001 0.001 0.002 0.003 0.005 0.010 0.023 0.067 0.199 0.499 1.018 1.717 2.513 3.238 3.672 3.798 3.746 3.553 3.229 2.887 2.639 2.454 2.239 1.970 1.641 1.285 0.938
0.000 0.000 0.000 0.000 0.000 0.000 0.000 0.000 0.000 0.000 0.000 0.000 0.000 0.000 0.000 0.000 0.000 0.000 0.000 0.000 0.000 0.000 0.000 0.000 0.000 0.000 0.000 0.000 0.000 0.000 0.001 0.001 0.002 0.003 0.004 0.005 0.006 0.006 0.006 0.006 0.006 0.005 0.004 0.002 0.001 0.001 0.000 0.000 0.000 0.000 0.000 0.001 0.001 0.001 0.002 0.004 0.008 0.018 0.045 0.132 0.349 0.756 1.394 2.156 2.651 2.816 2.804 2.684 2.466 2.189 1.961 1.805 1.674 1.514 1.282 0.995 0.669
0.000 0.000 0.000 0.000 0.000 0.000 0.000 0.000 0.000 0.000 0.000 0.000 0.000 0.000 0.000 0.000 0.000 0.000 0.000 0.000 0.000 0.000 0.000 0.000 0.000 0.000 0.000 0.000 0.000 0.000 0.000 0.000 0.001 0.001 0.002 0.002 0.003 0.003 0.003 0.003 0.003 0.002 0.002 0.001 0.001 0.000 0.000 0.000 0.000 0.000 0.000 0.000 0.000 0.001 0.001 0.002 0.004 0.007 0.014 0.032 0.087 0.237 0.589 1.215 1.746 1.949 1.963 1.918 1.812 1.655 1.483 1.343 1.231 1.113 0.956 0.753 0.492
0.000 0.000 0.000 0.000 0.000 0.000 0.000 0.000 0.000 0.000 0.000 0.000 0.000 0.000 0.000 0.000 0.000 0.000 0.000 0.000 0.000 0.000 0.000 0.000 0.000 0.000 0.000 0.000 0.000 0.000 0.000 0.000 0.000 0.000 0.001 0.001 0.001 0.001 0.001 0.001 0.001 0.001 0.001 0.000 0.000 0.000 0.000 0.000 0.000 0.000 0.000 0.000 0.000 0.000 0.001 0.001 0.002 0.003 0.006 0.011 0.023 0.056 0.181 0.535 1.008 1.241 1.289 1.295 1.268 1.211 1.121 1.018 0.910 0.798 0.678 0.537 0.364
0.000 0.000 0.000 0.000 0.000 0.000 0.000 0.000 0.000 0.000 0.000 0.000 0.000 0.000 0.000 0.000 0.000 0.000 0.000 0.000 0.000 0.000 0.000 0.000 0.000 0.000 0.000 0.000 0.000 0.000 0.000 0.000 0.000 0.000 0.000 0.000 0.000 0.000 0.000 0.000 0.000 0.000 0.000 0.000 0.000 0.000 0.000 0.000 0.000 0.000 0.000 0.000 0.000 0.000 0.000 0.000 0.001 0.001 0.003 0.005 0.009 0.017 0.046 0.179 0.479 0.711 0.806 0.844 0.860 0.852 0.825 0.763 0.671 0.567 0.465 0.359 0.248
0.000 0.000 0.000 0.000 0.000 0.000 0.000 0.000 0.000 0.000 0.000 0.000 0.000 0.000 0.000 0.000 0.000 0.000 0.000 0.000 0.000 0.000 0.000 0.000 0.000 0.000 0.000 0.000 0.000 0.000 0.000 0.000 0.000 0.000 0.000 0.000 0.000 0.000 0.000 0.000 0.000 0.000 0.000 0.000 0.000 0.000 0.000 0.000 0.000 0.000 0.000 0.000 0.000 0.000 0.000 0.000 0.000 0.001 0.001 0.002 0.004 0.007 0.016 0.052 0.175 0.344 0.466 0.537 0.573 0.585 0.583 0.552 0.485 0.397 0.312 0.232 0.159
0.000 0.000 0.000 0.000 0.000 0.000 0.000 0.000 0.000 0.000 0.000 0.000 0.000 0.000 0.000 0.000 0.000 0.000 0.000 0.000 0.000 0.000 0.000 0.000 0.000 0.000 0.000 0.000 0.000 0.000 0.000 0.000 0.000 0.000 0.000 0.000 0.000 0.000 0.000 0.000 0.000 0.000 0.000 0.000 0.000 0.000 0.000 0.000 0.000 0.000 0.000 0.000 0.000 0.000 0.000 0.000 0.000 0.000 0.000 0.001 0.002 0.003 0.007 0.017 0.053 0.133 0.233 0.319 0.371 0.393 0.397 0.383 0.338 0.273 0.207 0.150 0.101
0.000 0.000 0.000 0.000 0.000 0.000 0.000 0.000 0.000 0.000 0.000 0.000 0.000 0.000 0.000 0.000 0.000 0.000 0.000 0.000 0.000 0.000 0.000 0.000 0.000 0.000 0.000 0.000 0.000 0.000 0.000 0.000 0.000 0.000 0.000 0.000 0.000 0.000 0.000 0.000 0.000 0.000 0.000 0.000 0.000 0.000 0.000 0.000 0.000 0.000 0.000 0.000 0.000 0.000 0.000 0.000 0.000 0.000 0.000 0.000 0.001 0.002 0.003 0.007 0.017 0.043 0.094 0.165 0.225 0.255 0.261 0.255 0.228 0.185 0.136 0.096 0.064
0.000 0.000 0.000 0.000 0.000 0.000 0.000 0.000 0.000 0.000 0.000 0.000 0.000 0.000 0.000 0.000 0.000 0.000 0.000 0.000 0.000 0.000 0.000 0.000 0.000 0.000 0.000 0.000 0.000 0.000 0.000 0.000 0.000 0.000 0.000 0.000 0.000 0.000 0.000 0.000 0.000 0.000 0.000 0.000 0.000 0.000 0.000 0.000 0.000 0.000 0.000 0.000 0.000 0.000 0.000 0.000 0.000 0.000 0.000 0.000 0.000 0.001 0.002 0.003 0.007 0.015 0.034 0.073 0.125 0.156 0.166 0.164 0.149 0.122 0.089 0.061 0.039
0.000 0.000 0.000 0.000 0.000 0.000 0.000 0.000 0.000 0.000 0.000 0.000 0.000 0.000 0.000 0.000 0.000 0.000 0.000 0.000 0.000 0.000 0.000 0.000 0.000 0.000 0.000 0.000 0.000 0.000 0.000 0.000 0.000 0.000 0.000 0.000 0.000 0.000 0.000 0.000 0.000 0.000 0.000 0.000 0.000 0.000 0.000 0.000 0.000 0.000 0.000 0.000 0.000 0.000 0.000 0.000 0.000 0.000 0.000 0.000 0.000 0.000 0.001 0.002 0.003 0.007 0.014 0.031 0.065 0.092 0.101 0.101 0.095 0.079 0.057 0.038 0.024
0.000 0.000 0.000 0.000 0.000 0.000 0.000 0.000 0.000 0.000 0.000 0.000 0.000 0.000 0.000 0.000 0.000 0.000 0.000 0.000 0.000 0.000 0.000 0.000 0.000 0.000 0.000 0.000 0.000 0.000 0.000 0.000 0.000 0.000 0.000 0.000 0.000 0.000 0.000 0.000 0.000 0.000 0.000 0.000 0.000 0.000 0.000 0.000 0.000 0.000 0.000 0.000 0.000 0.000 0.000 0.000 0.000 0.000 0.000 0.000 0.000 0.000 0.000 0.001 0.002 0.003 0.007 0.015 0.034 0.052 0.059 0.060 0.058 0.049 0.036 0.023 0.015
0.000 0.000 0.000 0.000 0.000 0.000 0.000 0.000 0.000 0.000 0.000 0.000 0.000 0.000 0.000 0.000 0.000 0.000 0.000 0.000 0.000 0.000 0.000 0.000 0.000 0.000 0.000 0.000 0.000 0.000 0.000 0.000 0.000 0.000 0.000 0.000 0.000 0.000 0.000 0.000 0.000 0.000 0.000 0.000 0.000 0.000 0.000 0.000 0.000 0.000 0.000 0.000 0.000 0.000 0.000 0.000 0.000 0.000 0.000 0.000 0.000 0.000 0.000 0.000 0.001 0.002 0.004 0.008 0.017 0.028 0.033 0.034 0.034 0.029 0.021 0.014 0.009
0.000 0.000 0.000 0.000 0.000 0.000 0.000 0.000 0.000 0.000 0.000 0.000 0.000 0.000 0.000 0.000 0.000 0.000 0.000 0.000 0.000 0.000 0.000 0.000 0.000 0.000 0.000 0.000 0.000 0.000 0.000 0.000 0.000 0.000 0.000 0.000 0.000 0.000 0.000 0.000 0.000 0.000 0.000 0.000 0.000 0.000 0.000 0.000 0.000 0.000 0.000 0.000 0.000 0.000 0.000 0.000 0.000 0.000 0.000 0.000 0.000 0.000 0.000 0.000 0.000 0.001 0.002 0.004 0.008 0.015 0.018 0.019 0.019 0.017 0.012 0.008 0.005
0.000 0.000 0.000 0.000 0.000 0.000 0.000 0.000 0.000 0.000 0.000 0.000 0.000 0.000 0.000 0.000 0.000 0.000 0.000 0.000 0.000 0.000 0.000 0.000 0.000 0.000 0.000 0.000 0.000 0.000 0.000 0.000 0.000 0.000 0.000 0.000 0.000 0.000 0.000 0.000 0.000 0.000 0.000 0.000 0.000 0.000 0.000 0.000 0.000 0.000 0.000 0.000 0.000 0.000 0.000 0.000 0.000 0.000 0.000 0.000 0.000 0.000 0.000 0.000 0.000 0.000 0.001 0.002 0.004 0.007 0.009 0.010 0.010 0.009 0.007 0.004 0.002
0.000 0.000 0.000 0.000 0.000 0.000 0.000 0.000 0.000 0.000 0.000 0.000 0.000 0.000 0.000 0.000 0.000 0.000 0.000 0.000 0.000 0.000 0.000 0.000 0.000 0.000 0.000 0.000 0.000 0.000 0.000 0.000 0.000 0.000 0.000 0.000 0.000 0.000 0.000 0.000 0.000 0.000 0.000 0.000 0.000 0.000 0.000 0.000 0.000 0.000 0.000 0.000 0.000 0.000 0.000 0.000 0.000 0.000 0.000 0.000 0.000 0.000 0.000 0.000 0.000 0.000 0.000 0.001 0.002 0.004 0.005 0.005 0.005 0.004 0.003 0.002 0.001
0.000 0.000 0.000 0.000 0.000 0.000 0.000 0.000 0.000 0.000 0.000 0.000 0.000 0.000 0.000 0.000 0.000 0.000 0.000 0.000 0.000 0.000 0.000 0.000 0.000 0.000 0.000 0.000 0.000 0.000 0.000 0.000 0.000 0.000 0.000 0.000 0.000 0.000 0.000 0.000 0.000 0.000 0.000 0.000 0.000 0.000 0.000 0.000 0.000 0.000 0.000 0.000 0.000 0.000 0.000 0.000 0.000 0.000 0.000 0.000 0.000 0.000 0.000 0.000 0.000 0.000 0.000 0.000 0.001 0.001 0.002 0.002 0.002 0.002 0.001 0.001 0.000
0.000 0.000 0.000 0.000 0.000 0.000 0.000 0.000 0.000 0.000 0.000 0.000 0.000 0.000 0.000 0.000 0.000 0.000 0.000 0.000 0.000 0.000 0.000 0.000 0.000 0.000 0.000 0.000 0.000 0.000 0.000 0.000 0.000 0.000 0.000 0.000 0.000 0.000 0.000 0.000 0.000 0.000 0.000 0.000 0.000 0.000 0.000 0.000 0.000 0.000 0.000 0.000 0.000 0.000 0.000 0.000 0.000 0.000 0.000 0.000 0.000 0.000 0.000 0.000 0.000 0.000 0.000 0.000 0.000 0.000 0.001 0.001 0.001 0.001 0.000 0.000 0.000
0.000 0.000 0.000 0.000 0.000 0.000 0.000 0.000 0.000 0.000 0.000 0.000 0.000 0.000 0.000 0.000 0.000 0.000 0.000 0.000 0.000 0.000 0.000 0.000 0.000 0.000 0.000 0.000 0.000 0.000 0.000 0.000 0.000 0.000 0.000 0.000 0.000 0.000 0.000 0.000 0.000 0.000 0.000 0.000 0.000 0.000 0.000 0.000 0.000 0.000 0.000 0.000 0.000 0.000 0.000 0.000 0.000 0.000 0.000 0.000 0.000 0.000 0.000 0.000 0.000 0.000 0.000 0.000 0.000 0.000 0.000 0.000 0.000 0.000 0.000 0.000 0.000
0.000 0.000 0.000 0.000 0.000 0.000 0.000 0.000 0.000 0.000 0.000 0.000 0.000 0.000 0.000 0.000 0.000 0.000 0.000 0.000 0.000 0.000 0.000 0.000 0.000 0.000 0.000 0.000 0.000 0.000 0.000 0.000 0.000 0.000 0.000 0.000 0.000 0.000 0.000 0.000 0.000 0.000 0.000 0.000 0.000 0.000 0.000 0.000 0.000 0.000 0.000 0.000 0.000 0.000 0.000 0.000 0.000 0.000 0.000 0.000 0.000 0.000 0.000 0.000 0.000 0.000 0.000 0.000 0.000 0.000 0.000 0.000 0.000 0.000 0.000 0.000 0.000
0.000 0.000 0.000 0.000 0.000 0.000 0.000 0.000 0.000 0.000 0.000 0.000 0.000 0.000 0.000 0.000 0.000 0.000 0.000 0.000 0.000 0.000 0.000 0.000 0.000 0.000 0.000 0.000 0.000 0.000 0.000 0.000 0.000 0.000 0.000 0.000 0.000 0.000 0.000 0.000 0.000 0.000 0.000 0.000 0.000 0.000 0.000 0.000 0.000 0.000 0.000 0.000 0.000 0.000 0.000 0.000 0.000 0.000 0.000 0.000 0.000 0.000 0.000 0.000 0.000 0.000 0.000 0.000 0.000 0.000 0.000 0.000 0.000 0.000 0.000 0.000 0.000
