AvaFrame/avaframe/data/avaSalk/Avaflow_Input_Output/slk_results/slk_ascii/slk_basechange10017.asc
ncols 296
nrows 144
xllcenter 761600.00
yllcenter 8523000.00
cellsize 12.50
NODATA_value -9999.000
[rows 66 to 98 of 144, columns 148 to 221 of 296]
0.000 0.000 0.000 0.000 0.000 0.000 0.000 0.000 0.000 0.000 0.000 0.000 0.000 0.000 0.000 0.000 0.000 0.000 0.000 0.000 0.000 0.000 0.000 0.000 0.000 -0.000 -0.000 -0.000 -0.000 -0.000 -0.000 -0.000 -0.000 -0.000 -0.000 -0.000 -0.000 -0.000 -0.000 -0.001 -0.001 -0.001 -0.002 -0.002 -0.004 -0.006 -0.009 -0.016 -0.028 -0.052 -0.090 -0.144 -0.225 -0.329 -0.438 -0.535 -0.613 -0.670 -0.711 -0.746 -0.782 -0.814 -0.858 -0.922 -1.010 -1.121 -1.282 -1.488 -1.690 -1.887 -2.072 -2.226 -2.330 -2.402
0.000 0.000 0.000 0.000 0.000 0.000 0.000 0.000 0.000 0.000 0.000 0.000 0.000 0.000 0.000 0.000 0.000 0.000 0.000 0.000 0.000 0.000 0.000 0.000 -0.000 -0.000 -0.000 -0.000 -0.000 -0.000 -0.000 -0.000 -0.000 -0.000 -0.000 -0.000 -0.000 -0.000 -0.001 -0.001 -0.001 -0.002 -0.003 -0.004 -0.007 -0.012 -0.022 -0.041 -0.072 -0.121 -0.186 -0.269 -0.363 -0.461 -0.548 -0.620 -0.678 -0.717 -0.740 -0.765 -0.801 -0.843 -0.904 -0.988 -1.103 -1.256 -1.454 -1.680 -1.905 -2.087 -2.230 -2.331 -2.399 -2.446
0.000 0.000 0.000 0.000 0.000 0.000 0.000 0.000 0.000 0.000 0.000 0.000 0.000 0.000 0.000 0.000 0.000 0.000 0.000 0.000 0.000 0.000 0.000 -0.000 -0.000 -0.000 -0.000 -0.000 -0.000 -0.000 -0.000 -0.000 -0.000 -0.000 -0.000 -0.000 -0.001 -0.001 -0.001 -0.002 -0.002 -0.003 -0.005 -0.009 -0.016 -0.029 -0.052 -0.091 -0.145 -0.216 -0.298 -0.390 -0.477 -0.553 -0.614 -0.660 -0.697 -0.726 -0.751 -0.786 -0.833 -0.896 -0.976 -1.094 -1.237 -1.427 -1.649 -1.858 -2.054 -2.229 -2.348 -2.408 -2.434 -2.460
0.000 0.000 0.000 0.000 0.000 0.000 0.000 0.000 0.000 0.000 0.000 0.000 0.000 0.000 0.000 0.000 0.000 0.000 0.000 0.000 0.000 0.000 -0.000 -0.000 -0.000 -0.000 -0.000 -0.000 -0.000 -0.000 -0.000 -0.000 -0.000 -0.000 -0.000 -0.001 -0.001 -0.001 -0.002 -0.003 -0.004 -0.006 -0.011 -0.019 -0.035 -0.061 -0.102 -0.159 -0.231 -0.311 -0.396 -0.477 -0.546 -0.600 -0.641 -0.673 -0.701 -0.730 -0.771 -0.821 -0.888 -0.972 -1.079 -1.230 -1.417 -1.622 -1.834 -2.030 -2.200 -2.327 -2.409 -2.457 -2.465 -2.434
0.000 0.000 0.000 0.000 0.000 0.000 0.000 0.000 0.000 0.000 0.000 0.000 0.000 0.000 0.000 0.000 0.000 0.000 0.000 0.000 -0.000 -0.000 -0.000 -0.000 -0.000 -0.000 -0.000 -0.000 -0.000 -0.000 -0.000 -0.000 -0.000 -0.000 -0.001 -0.001 -0.001 -0.002 -0.003 -0.005 -0.007 -0.013 -0.023 -0.041 -0.070 -0.112 -0.169 -0.240 -0.320 -0.399 -0.471 -0.533 -0.581 -0.618 -0.649 -0.680 -0.719 -0.765 -0.820 -0.888 -0.968 -1.074 -1.208 -1.386 -1.606 -1.829 -2.038 -2.204 -2.341 -2.427 -2.450 -2.466 -2.459 -2.379
0.000 0.000 0.000 0.000 0.000 0.000 0.000 0.000 0.000 0.000 0.000 0.000 0.000 -0.000 -0.000 0.000 0.000 0.000 -0.000 -0.000 -0.000 -0.000 -0.000 -0.000 -0.000 -0.000 -0.000 -0.000 -0.000 -0.000 -0.000 -0.000 -0.001 -0.001 -0.001 -0.002 -0.002 -0.003 -0.005 -0.008 -0.014 -0.025 -0.045 -0.077 -0.122 -0.180 -0.252 -0.330 -0.405 -0.471 -0.527 -0.571 -0.611 -0.646 -0.681 -0.719 -0.762 -0.816 -0.894 -0.981 -1.078 -1.198 -1.357 -1.563 -1.794 -2.045 -2.267 -2.396 -2.463 -2.504 -2.479 -2.432 -2.381 -2.262
0.000 0.000 0.000 0.000 0.000 0.000 0.000 0.000 0.000 -0.000 -0.000 -0.000 -0.000 -0.000 -0.000 -0.000 -0.000 -0.000 -0.000 -0.000 -0.000 -0.000 -0.000 -0.000 -0.000 -0.000 -0.000 -0.000 -0.000 -0.000 -0.001 -0.001 -0.001 -0.001 -0.002 -0.003 -0.004 -0.006 -0.010 -0.016 -0.028 -0.050 -0.083 -0.130 -0.190 -0.258 -0.335 -0.411 -0.477 -0.527 -0.569 -0.610 -0.647 -0.683 -0.724 -0.772 -0.823 -0.886 -0.990 -1.100 -1.209 -1.344 -1.529 -1.774 -2.032 -2.265 -2.467 -2.541 -2.528 -2.499 -2.442 -2.330 -2.213 -2.035
-0.000 0.000 0.000 0.000 -0.000 -0.000 0.000 0.000 -0.000 -0.000 -0.000 -0.000 -0.000 -0.000 -0.000 -0.000 -0.000 -0.000 -0.000 -0.000 -0.000 -0.000 -0.000 -0.000 -0.000 -0.000 -0.000 -0.000 -0.001 -0.001 -0.001 -0.001 -0.001 -0.002 -0.003 -0.004 -0.007 -0.011 -0.018 -0.031 -0.054 -0.090 -0.139 -0.199 -0.268 -0.340 -0.409 -0.472 -0.529 -0.577 -0.615 -0.656 -0.695 -0.734 -0.782 -0.839 -0.905 -0.988 -1.111 -1.238 -1.369 -1.536 -1.782 -2.084 -2.353 -2.528 -2.624 -2.614 -2.507 -2.410 -2.300 -2.161 -1.978 -1.735
-0.000 -0.000 -0.000 -0.000 -0.000 -0.000 -0.000 -0.000 -0.000 -0.000 -0.000 -0.000 -0.000 -0.000 -0.000 -0.000 -0.000 -0.000 -0.000 -0.000 -0.000 -0.000 -0.000 -0.001 -0.001 -0.001 -0.001 -0.001 -0.001 -0.001 -0.001 -0.002 -0.002 -0.003 -0.005 -0.007 -0.012 -0.020 -0.034 -0.059 -0.097 -0.147 -0.207 -0.276 -0.346 -0.415 -0.476 -0.528 -0.577 -0.625 -0.669 -0.712 -0.757 -0.802 -0.860 -0.928 -1.007 -1.110 -1.249 -1.406 -1.584 -1.837 -2.194 -2.506 -2.674 -2.687 -2.640 -2.558 -2.427 -2.288 -2.126 -1.932 -1.699 -1.441
-0.000 -0.000 -0.000 -0.000 -0.000 -0.000 -0.000 -0.000 -0.000 -0.000 -0.000 -0.000 -0.000 -0.000 -0.000 -0.000 -0.000 -0.000 -0.000 -0.000 -0.000 -0.001 -0.002 -0.002 -0.002 -0.002 -0.002 -0.002 -0.002 -0.002 -0.002 -0.003 -0.004 -0.006 -0.008 -0.013 -0.022 -0.037 -0.063 -0.102 -0.154 -0.216 -0.282 -0.351 -0.419 -0.480 -0.536 -0.586 -0.635 -0.684 -0.731 -0.778 -0.831 -0.887 -0.952 -1.029 -1.126 -1.258 -1.424 -1.651 -1.953 -2.322 -2.645 -2.791 -2.763 -2.623 -2.469 -2.337 -2.251 -2.110 -1.892 -1.668 -1.412 -1.190
-0.000 -0.000 -0.000 -0.000 -0.000 -0.000 -0.000 -0.000 -0.000 -0.000 -0.000 -0.001 -0.001 -0.001 -0.001 -0.001 -0.001 -0.001 -0.001 -0.001 -0.001 -0.002 -0.003 -0.003 -0.004 -0.004 -0.005 -0.005 -0.005 -0.004 -0.004 -0.005 -0.007 -0.010 -0.015 -0.024 -0.040 -0.067 -0.107 -0.160 -0.222 -0.289 -0.359 -0.424 -0.487 -0.545 -0.598 -0.653 -0.708 -0.761 -0.813 -0.862 -0.918 -0.977 -1.047 -1.141 -1.276 -1.458 -1.705 -2.031 -2.421 -2.755 -2.843 -2.725 -2.537 -2.328 -2.177 -2.086 -2.003 -1.865 -1.607 -1.370 -1.162 -0.999
-0.000 -0.000 -0.000 -0.000 -0.000 -0.000 -0.000 -0.000 -0.000 -0.001 -0.001 -0.004 -0.006 -0.007 -0.006 -0.003 -0.002 -0.002 -0.002 -0.003 -0.005 -0.005 -0.004 -0.003 -0.004 -0.005 -0.007 -0.010 -0.011 -0.009 -0.009 -0.010 -0.013 -0.018 -0.028 -0.044 -0.072 -0.113 -0.166 -0.228 -0.296 -0.366 -0.433 -0.496 -0.556 -0.619 -0.679 -0.740 -0.794 -0.843 -0.892 -0.950 -1.011 -1.076 -1.156 -1.288 -1.480 -1.749 -2.094 -2.432 -2.671 -2.795 -2.683 -2.417 -2.177 -2.005 -1.916 -1.877 -1.798 -1.598 -1.335 -1.120 -0.969 -0.875
-0.001 -0.001 -0.001 -0.001 -0.001 -0.001 -0.001 -0.001 -0.001 -0.002 -0.006 -0.009 -0.010 -0.012 -0.012 -0.011 -0.010 -0.009 -0.009 -0.009 -0.008 -0.006 -0.004 -0.004 -0.005 -0.006 -0.008 -0.014 -0.020 -0.019 -0.018 -0.020 -0.026 -0.035 -0.053 -0.081 -0.123 -0.176 -0.240 -0.308 -0.376 -0.443 -0.507 -0.569 -0.635 -0.706 -0.773 -0.837 -0.885 -0.921 -0.965 -1.030 -1.101 -1.186 -1.306 -1.495 -1.765 -2.095 -2.420 -2.618 -2.660 -2.587 -2.386 -2.115 -1.933 -1.834 -1.758 -1.697 -1.561 -1.330 -1.104 -0.945 -0.852 -0.802
-0.005 -0.004 -0.004 -0.003 -0.004 -0.004 -0.004 -0.005 -0.006 -0.012 -0.018 -0.017 -0.010 -0.011 -0.014 -0.017 -0.017 -0.017 -0.014 -0.010 -0.007 -0.005 -0.005 -0.007 -0.007 -0.010 -0.015 -0.022 -0.032 -0.034 -0.031 -0.034 -0.043 -0.060 -0.089 -0.132 -0.190 -0.257 -0.330 -0.402 -0.465 -0.525 -0.590 -0.659 -0.732 -0.809 -0.872 -0.915 -0.953 -0.987 -1.032 -1.106 -1.209 -1.323 -1.507 -1.783 -2.098 -2.398 -2.569 -2.596 -2.502 -2.312 -2.084 -1.906 -1.787 -1.697 -1.602 -1.489 -1.326 -1.106 -0.925 -0.818 -0.762 -0.742
-0.036 -0.031 -0.027 -0.026 -0.027 -0.027 -0.027 -0.029 -0.035 -0.044 -0.046 -0.031 -0.014 -0.012 -0.014 -0.015 -0.015 -0.014 -0.011 -0.007 -0.006 -0.007 -0.008 -0.009 -0.010 -0.017 -0.029 -0.039 -0.048 -0.050 -0.044 -0.047 -0.064 -0.094 -0.137 -0.193 -0.264 -0.343 -0.425 -0.502 -0.565 -0.629 -0.701 -0.775 -0.849 -0.911 -0.955 -0.980 -1.005 -1.045 -1.104 -1.194 -1.336 -1.530 -1.782 -2.098 -2.373 -2.533 -2.564 -2.456 -2.255 -2.049 -1.890 -1.769 -1.674 -1.571 -1.444 -1.297 -1.123 -0.944 -0.809 -0.728 -0.688 -0.680
-0.087 -0.090 -0.088 -0.086 -0.086 -0.085 -0.080 -0.072 -0.069 -0.067 -0.059 -0.041 -0.026 -0.019 -0.015 -0.011 -0.010 -0.010 -0.011 -0.011 -0.010 -0.013 -0.014 -0.014 -0.018 -0.029 -0.044 -0.060 -0.068 -0.065 -0.059 -0.069 -0.096 -0.140 -0.199 -0.269 -0.346 -0.427 -0.514 -0.609 -0.688 -0.761 -0.840 -0.904 -0.949 -0.984 -1.005 -1.026 -1.060 -1.112 -1.197 -1.330 -1.525 -1.789 -2.084 -2.336 -2.488 -2.516 -2.419 -2.236 -2.030 -1.866 -1.753 -1.656 -1.554 -1.434 -1.288 -1.132 -0.969 -0.825 -0.721 -0.654 -0.619 -0.620
-0.072 -0.081 -0.094 -0.101 -0.097 -0.093 -0.088 -0.074 -0.056 -0.042 -0.034 -0.032 -0.033 -0.029 -0.024 -0.018 -0.018 -0.020 -0.023 -0.021 -0.015 -0.017 -0.024 -0.028 -0.032 -0.039 -0.053 -0.076 -0.086 -0.080 -0.082 -0.106 -0.147 -0.206 -0.280 -0.361 -0.446 -0.534 -0.622 -0.729 -0.842 -0.915 -0.968 -1.008 -1.026 -1.034 -1.044 -1.074 -1.122 -1.207 -1.328 -1.516 -1.774 -2.045 -2.277 -2.431 -2.461 -2.394 -2.233 -2.040 -1.873 -1.741 -1.638 -1.537 -1.425 -1.286 -1.137 -0.985 -0.848 -0.729 -0.639 -0.579 -0.547 -0.560
-0.033 -0.026 -0.029 -0.050 -0.059 -0.051 -0.044 -0.038 -0.023 -0.012 -0.014 -0.023 -0.032 -0.037 -0.039 -0.040 -0.038 -0.035 -0.036 -0.036 -0.033 -0.033 -0.040 -0.047 -0.048 -0.050 -0.064 -0.091 -0.104 -0.101 -0.115 -0.158 -0.217 -0.290 -0.377 -0.468 -0.564 -0.663 -0.760 -0.865 -0.989 -1.070 -1.089 -1.094 -1.099 -1.100 -1.107 -1.145 -1.221 -1.336 -1.533 -1.775 -2.027 -2.240 -2.369 -2.390 -2.342 -2.212 -2.050 -1.886 -1.747 -1.635 -1.527 -1.411 -1.282 -1.140 -0.993 -0.856 -0.732 -0.632 -0.555 -0.501 -0.477 -0.503
-0.044 -0.026 -0.014 -0.012 -0.014 -0.016 -0.014 -0.010 -0.008 -0.008 -0.011 -0.019 -0.021 -0.039 -0.058 -0.056 -0.054 -0.048 -0.048 -0.047 -0.050 -0.054 -0.064 -0.073 -0.070 -0.069 -0.084 -0.113 -0.129 -0.138 -0.169 -0.228 -0.305 -0.390 -0.491 -0.600 -0.711 -0.814 -0.909 -0.996 -1.088 -1.153 -1.169 -1.165 -1.170 -1.192 -1.219 -1.274 -1.395 -1.544 -1.774 -2.033 -2.252 -2.327 -2.332 -2.272 -2.172 -2.043 -1.901 -1.758 -1.622 -1.510 -1.402 -1.282 -1.142 -0.999 -0.862 -0.736 -0.625 -0.535 -0.471 -0.429 -0.417 -0.457
-0.101 -0.087 -0.050 -0.033 -0.033 -0.034 -0.032 -0.029 -0.027 -0.027 -0.025 -0.023 -0.021 -0.022 -0.033 -0.042 -0.045 -0.046 -0.048 -0.054 -0.062 -0.067 -0.085 -0.106 -0.104 -0.102 -0.118 -0.144 -0.164 -0.197 -0.252 -0.326 -0.416 -0.522 -0.631 -0.757 -0.880 -0.984 -1.052 -1.098 -1.150 -1.189 -1.204 -1.224 -1.253 -1.310 -1.374 -1.469 -1.635 -1.857 -2.044 -2.186 -2.298 -2.325 -2.219 -2.112 -2.018 -1.906 -1.780 -1.636 -1.493 -1.368 -1.256 -1.137 -1.003 -0.865 -0.740 -0.625 -0.527 -0.452 -0.401 -0.375 -0.380 -0.433
-0.127 -0.158 -0.164 -0.110 -0.072 -0.072 -0.072 -0.071 -0.068 -0.066 -0.066 -0.066 -0.064 -0.062 -0.055 -0.048 -0.048 -0.058 -0.069 -0.078 -0.089 -0.092 -0.116 -0.146 -0.153 -0.151 -0.156 -0.183 -0.216 -0.272 -0.356 -0.451 -0.557 -0.682 -0.810 -0.930 -1.035 -1.116 -1.151 -1.172 -1.199 -1.211 -1.231 -1.285 -1.357 -1.461 -1.581 -1.692 -1.865 -2.081 -2.230 -2.292 -2.221 -2.179 -2.088 -1.958 -1.884 -1.796 -1.660 -1.496 -1.337 -1.207 -1.097 -0.988 -0.860 -0.731 -0.616 -0.516 -0.436 -0.383 -0.351 -0.342 -0.364 -0.429
-0.173 -0.178 -0.209 -0.273 -0.190 -0.129 -0.131 -0.130 -0.129 -0.129 -0.134 -0.133 -0.132 -0.130 -0.124 -0.120 -0.117 -0.118 -0.121 -0.135 -0.138 -0.145 -0.173 -0.194 -0.201 -0.202 -0.202 -0.242 -0.304 -0.381 -0.485 -0.607 -0.739 -0.869 -0.986 -1.071 -1.131 -1.178 -1.199 -1.217 -1.242 -1.252 -1.280 -1.360 -1.471 -1.596 -1.771 -1.905 -2.027 -2.153 -2.224 -2.276 -2.168 -1.987 -1.919 -1.843 -1.771 -1.677 -1.520 -1.327 -1.162 -1.036 -0.941 -0.850 -0.739 -0.619 -0.511 -0.423 -0.363 -0.332 -0.320 -0.329 -0.367 -0.443
-0.246 -0.248 -0.249 -0.273 -0.334 -0.262 -0.205 -0.205 -0.206 -0.218 -0.224 -0.221 -0.217 -0.210 -0.206 -0.203 -0.196 -0.192 -0.201 -0.210 -0.218 -0.225 -0.244 -0.254 -0.257 -0.262 -0.277 -0.340 -0.432 -0.537 -0.654 -0.791 -0.931 -1.054 -1.141 -1.188 -1.205 -1.222 -1.224 -1.237 -1.282 -1.323 -1.378 -1.467 -1.588 -1.703 -1.875 -2.025 -2.108 -2.147 -2.127 -2.137 -2.137 -1.908 -1.777 -1.750 -1.679 -1.528 -1.335 -1.140 -0.991 -0.890 -0.819 -0.744 -0.644 -0.530 -0.430 -0.357 -0.313 -0.296 -0.301 -0.329 -0.387 -0.470
-0.316 -0.326 -0.341 -0.332 -0.353 -0.383 -0.320 -0.303 -0.302 -0.312 -0.321 -0.321 -0.311 -0.303 -0.300 -0.289 -0.285 -0.287 -0.299 -0.316 -0.317 -0.308 -0.310 -0.315 -0.331 -0.355 -0.398 -0.479 -0.587 -0.718 -0.861 -0.996 -1.103 -1.194 -1.255 -1.277 -1.270 -1.268 -1.278 -1.298 -1.339 -1.385 -1.465 -1.562 -1.667 -1.769 -1.891 -2.001 -2.050 -2.050 -1.990 -1.926 -1.946 -1.907 -1.726 -1.641 -1.547 -1.330 -1.107 -0.943 -0.838 -0.777 -0.730 -0.668 -0.571 -0.458 -0.366 -0.309 -0.281 -0.274 -0.291 -0.336 -0.410 -0.498
-0.367 -0.383 -0.399 -0.408 -0.421 -0.433 -0.445 -0.406 -0.410 -0.420 -0.424 -0.416 -0.409 -0.398 -0.381 -0.381 -0.388 -0.400 -0.412 -0.424 -0.408 -0.382 -0.375 -0.395 -0.436 -0.487 -0.566 -0.673 -0.796 -0.922 -1.059 -1.170 -1.251 -1.297 -1.315 -1.334 -1.302 -1.292 -1.331 -1.379 -1.410 -1.443 -1.513 -1.629 -1.737 -1.805 -1.859 -1.889 -1.898 -1.878 -1.812 -1.726 -1.703 -1.747 -1.703 -1.517 -1.334 -1.107 -0.898 -0.780 -0.720 -0.694 -0.668 -0.614 -0.517 -0.404 -0.321 -0.276 -0.259 -0.264 -0.288 -0.346 -0.430 -0.521
-0.414 -0.436 -0.460 -0.485 -0.509 -0.538 -0.531 -0.512 -0.507 -0.508 -0.502 -0.497 -0.490 -0.473 -0.470 -0.498 -0.528 -0.528 -0.519 -0.503 -0.487 -0.462 -0.479 -0.530 -0.591 -0.666 -0.768 -0.894 -1.028 -1.152 -1.254 -1.297 -1.356 -1.351 -1.327 -1.334 -1.301 -1.303 -1.346 -1.390 -1.447 -1.518 -1.566 -1.671 -1.766 -1.830 -1.824 -1.776 -1.720 -1.693 -1.630 -1.549 -1.535 -1.568 -1.558 -1.378 -1.090 -0.882 -0.740 -0.669 -0.642 -0.636 -0.622 -0.574 -0.479 -0.366 -0.291 -0.255 -0.248 -0.264 -0.298 -0.356 -0.436 -0.527
-0.461 -0.489 -0.515 -0.534 -0.576 -0.632 -0.603 -0.590 -0.594 -0.605 -0.597 -0.580 -0.570 -0.585 -0.618 -0.663 -0.684 -0.659 -0.632 -0.608 -0.588 -0.594 -0.645 -0.723 -0.817 -0.918 -1.033 -1.132 -1.233 -1.338 -1.410 -1.420 -1.432 -1.387 -1.335 -1.324 -1.297 -1.310 -1.345 -1.362 -1.427 -1.542 -1.612 -1.668 -1.714 -1.743 -1.746 -1.656 -1.549 -1.482 -1.469 -1.412 -1.398 -1.418 -1.359 -1.172 -0.900 -0.716 -0.627 -0.590 -0.587 -0.597 -0.589 -0.543 -0.451 -0.342 -0.274 -0.245 -0.245 -0.272 -0.318 -0.369 -0.426 -0.509
-0.473 -0.507 -0.533 -0.571 -0.671 -0.668 -0.658 -0.665 -0.659 -0.685 -0.695 -0.698 -0.716 -0.753 -0.796 -0.815 -0.797 -0.773 -0.763 -0.765 -0.792 -0.839 -0.915 -1.019 -1.130 -1.245 -1.345 -1.417 -1.460 -1.510 -1.541 -1.520 -1.516 -1.463 -1.400 -1.383 -1.315 -1.311 -1.350 -1.346 -1.390 -1.476 -1.537 -1.570 -1.603 -1.592 -1.575 -1.502 -1.416 -1.309 -1.257 -1.255 -1.256 -1.237 -1.154 -0.982 -0.770 -0.615 -0.553 -0.536 -0.543 -0.560 -0.559 -0.517 -0.433 -0.332 -0.268 -0.248 -0.254 -0.286 -0.340 -0.389 -0.421 -0.475
-0.474 -0.514 -0.574 -0.649 -0.702 -0.716 -0.729 -0.731 -0.760 -0.790 -0.829 -0.837 -0.872 -0.883 -0.897 -0.914 -0.919 -0.901 -0.932 -0.979 -1.092 -1.167 -1.269 -1.358 -1.436 -1.533 -1.591 -1.657 -1.700 -1.716 -1.669 -1.632 -1.630 -1.562 -1.510 -1.488 -1.390 -1.376 -1.407 -1.399 -1.414 -1.473 -1.474 -1.438 -1.438 -1.413 -1.393 -1.319 -1.264 -1.210 -1.094 -1.056 -1.077 -1.054 -0.976 -0.850 -0.697 -0.568 -0.512 -0.503 -0.512 -0.527 -0.528 -0.492 -0.424 -0.342 -0.284 -0.270 -0.284 -0.314 -0.359 -0.400 -0.424 -0.444
-0.484 -0.539 -0.606 -0.669 -0.701 -0.709 -0.736 -0.777 -0.822 -0.849 -0.904 -0.901 -0.946 -0.952 -0.968 -0.996 -1.042 -1.099 -1.167 -1.238 -1.349 -1.439 -1.556 -1.600 -1.674 -1.724 -1.722 -1.758 -1.785 -1.812 -1.765 -1.723 -1.688 -1.643 -1.649 -1.642 -1.562 -1.551 -1.563 -1.516 -1.508 -1.541 -1.545 -1.424 -1.336 -1.263 -1.220 -1.163 -1.085 -1.036 -0.982 -0.915 -0.918 -0.909 -0.854 -0.767 -0.666 -0.569 -0.510 -0.497 -0.502 -0.511 -0.509 -0.482 -0.435 -0.386 -0.350 -0.345 -0.365 -0.391 -0.403 -0.412 -0.423 -0.430
-0.490 -0.535 -0.578 -0.626 -0.653 -0.660 -0.711 -0.788 -0.816 -0.870 -0.920 -0.932 -0.998 -1.021 -1.059 -1.104 -1.185 -1.277 -1.352 -1.453 -1.523 -1.606 -1.692 -1.706 -1.783 -1.799 -1.774 -1.781 -1.758 -1.754 -1.735 -1.685 -1.620 -1.604 -1.637 -1.674 -1.631 -1.624 -1.607 -1.550 -1.520 -1.536 -1.570 -1.527 -1.393 -1.246 -1.100 -1.015 -0.937 -0.854 -0.821 -0.808 -0.809 -0.814 -0.789 -0.737 -0.684 -0.641 -0.604 -0.577 -0.569 -0.569 -0.560 -0.539 -0.513 -0.489 -0.467 -0.457 -0.472 -0.515 -0.539 -0.497 -0.442 -0.427
-0.414 -0.444 -0.482 -0.523 -0.563 -0.610 -0.689 -0.762 -0.793 -0.868 -0.916 -0.942 -1.026 -1.053 -1.083 -1.131 -1.207 -1.319 -1.407 -1.511 -1.554 -1.629 -1.680 -1.680 -1.740 -1.770 -1.750 -1.750 -1.710 -1.644 -1.612 -1.575 -1.543 -1.501 -1.486 -1.507 -1.501 -1.478 -1.418 -1.359 -1.359 -1.370 -1.388 -1.400 -1.366 -1.293 -1.114 -0.922 -0.798 -0.717 -0.681 -0.696 -0.717 -0.740 -0.760 -0.759 -0.751 -0.745 -0.722 -0.678 -0.646 -0.637 -0.632 -0.614 -0.587 -0.552 -0.508 -0.481 -0.486 -0.525 -0.606 -0.641 -0.574 -0.477
-0.302 -0.333 -0.371 -0.428 -0.503 -0.561 -0.643 -0.712 -0.759 -0.835 -0.886 -0.919 -0.991 -1.022 -1.056 -1.081 -1.158 -1.280 -1.392 -1.494 -1.534 -1.589 -1.625 -1.603 -1.634 -1.628 -1.590 -1.585 -1.533 -1.461 -1.433 -1.423 -1.396 -1.336 -1.338 -1.318 -1.302 -1.252 -1.189 -1.159 -1.145 -1.114 -1.053 -1.027 -1.033 -1.035 -1.023 -0.869 -0.685 -0.586 -0.570 -0.588 -0.614 -0.659 -0.723 -0.765 -0.775 -0.765 -0.725 -0.667 -0.620 -0.600 -0.599 -0.593 -0.572 -0.531 -0.489 -0.469 -0.471 -0.482 -0.536 -0.627 -0.634 -0.542
