AvaFrame/avaframe/data/avaSalk/Avaflow_Input_Output/slk_results/slk_ascii/slk_hflow10024.asc
ncols 296
nrows 144
xllcenter 761600.00
yllcenter 8523000.00
cellsize 12.50
NODATA_value -9999.000
[rows 102 to 135 of 144, columns 154 to 230 of 296]
1.711 1.825 1.951 2.266 2.604 2.782 2.853 2.938 3.024 3.230 3.387 3.426 3.427 3.374 3.276 3.225 3.130 2.948 2.765 2.538 2.360 2.178 1.953 1.761 1.607 1.513 1.460 1.442 1.479 1.632 1.934 2.333 2.820 3.168 3.327 3.428 3.409 3.212 2.969 2.450 1.634 0.982 0.899 1.128 1.488 1.866 2.304 2.855 3.606 4.642 5.998 7.410 8.677 9.525 10.364 10.971 11.593 12.098 12.197 12.417 12.325 12.377 12.226 12.004 11.419 10.683 9.066 6.862 4.775 3.199 1.996 1.105 0.537 0.269 0.192 0.189 0.218
0.380 0.418 0.459 0.578 0.782 0.945 1.073 1.196 1.295 1.359 1.378 1.377 1.397 1.399 1.370 1.330 1.217 1.029 0.854 0.714 0.602 0.521 0.458 0.409 0.362 0.331 0.322 0.330 0.377 0.521 0.773 1.039 1.202 1.277 1.352 1.508 1.622 1.604 1.298 0.684 0.242 0.170 0.251 0.455 0.780 1.260 1.889 2.654 3.594 4.792 6.333 7.944 9.467 10.721 11.923 12.686 13.172 13.608 13.715 13.939 13.969 13.855 13.587 13.495 12.892 12.131 10.569 8.227 6.111 4.462 3.157 2.173 1.432 0.942 0.722 0.689 0.783
0.081 0.081 0.082 0.101 0.154 0.203 0.249 0.297 0.326 0.333 0.329 0.324 0.329 0.341 0.345 0.332 0.290 0.219 0.162 0.125 0.104 0.094 0.088 0.081 0.074 0.069 0.067 0.068 0.081 0.123 0.201 0.269 0.292 0.298 0.316 0.381 0.451 0.457 0.321 0.089 0.034 0.037 0.056 0.118 0.257 0.538 1.111 2.056 3.279 4.712 6.359 8.162 9.932 11.479 12.873 13.895 14.478 15.060 15.283 15.081 14.975 14.885 14.687 14.474 13.881 13.317 12.011 9.827 7.636 5.925 4.562 3.491 2.676 2.108 1.830 1.793 1.926
0.025 0.025 0.025 0.028 0.039 0.050 0.060 0.068 0.070 0.070 0.067 0.066 0.067 0.071 0.075 0.073 0.065 0.050 0.039 0.033 0.029 0.027 0.025 0.023 0.022 0.021 0.021 0.022 0.026 0.035 0.048 0.057 0.062 0.064 0.066 0.069 0.076 0.075 0.051 0.021 0.013 0.013 0.015 0.022 0.051 0.133 0.380 1.090 2.444 4.206 6.028 7.930 9.757 11.458 12.939 14.333 15.158 15.620 15.899 16.074 16.024 15.550 15.209 15.175 14.706 14.157 13.287 11.672 9.561 7.671 6.246 5.071 4.180 3.606 3.345 3.309 3.430
0.009 0.010 0.010 0.010 0.014 0.018 0.021 0.022 0.022 0.021 0.020 0.020 0.021 0.023 0.023 0.022 0.019 0.016 0.013 0.011 0.010 0.010 0.009 0.009 0.008 0.008 0.009 0.010 0.011 0.014 0.017 0.020 0.021 0.020 0.020 0.020 0.021 0.020 0.017 0.011 0.007 0.006 0.006 0.008 0.012 0.022 0.069 0.315 1.221 2.995 5.101 7.184 9.199 11.113 12.754 14.080 15.118 15.802 15.998 16.205 16.187 16.122 15.805 15.435 15.148 14.602 14.156 13.303 11.518 9.681 8.257 7.039 6.116 5.526 5.242 5.094 5.017
0.004 0.004 0.004 0.005 0.005 0.007 0.008 0.008 0.008 0.008 0.008 0.008 0.008 0.009 0.009 0.008 0.007 0.006 0.005 0.005 0.004 0.004 0.004 0.004 0.004 0.004 0.004 0.005 0.006 0.007 0.008 0.009 0.009 0.009 0.009 0.010 0.011 0.011 0.010 0.008 0.006 0.004 0.004 0.004 0.005 0.007 0.012 0.046 0.363 1.489 3.464 5.716 7.954 10.193 11.966 13.510 14.914 15.640 15.934 16.272 16.148 16.012 15.787 15.467 15.292 15.220 14.982 14.394 13.015 11.472 10.143 8.942 8.030 7.411 7.004 6.634 6.242
0.002 0.002 0.002 0.002 0.002 0.003 0.004 0.004 0.004 0.004 0.003 0.003 0.004 0.004 0.004 0.003 0.003 0.002 0.002 0.002 0.002 0.002 0.002 0.002 0.002 0.002 0.003 0.003 0.004 0.004 0.005 0.005 0.006 0.006 0.007 0.008 0.008 0.008 0.008 0.007 0.005 0.003 0.003 0.003 0.003 0.003 0.005 0.009 0.058 0.462 1.670 3.680 6.071 8.649 10.721 12.525 14.049 14.756 15.060 15.359 15.580 15.550 15.551 15.363 15.172 15.277 15.115 14.875 14.005 12.679 11.327 10.204 9.326 8.661 8.074 7.548 6.935
0.001 0.001 0.001 0.001 0.001 0.001 0.002 0.002 0.002 0.002 0.002 0.002 0.002 0.002 0.002 0.001 0.001 0.001 0.001 0.001 0.001 0.001 0.001 0.001 0.002 0.002 0.002 0.003 0.003 0.004 0.005 0.005 0.005 0.006 0.006 0.007 0.007 0.007 0.006 0.006 0.005 0.003 0.002 0.002 0.002 0.002 0.003 0.004 0.009 0.064 0.449 1.610 3.683 6.325 8.723 10.795 12.195 13.119 13.683 14.037 14.564 14.637 15.016 14.971 15.170 15.399 15.128 14.761 14.320 13.126 11.618 10.539 9.695 9.072 8.417 7.794 7.114
0.000 0.000 0.000 0.000 0.000 0.001 0.001 0.001 0.001 0.001 0.001 0.001 0.001 0.001 0.001 0.001 0.001 0.000 0.000 0.000 0.001 0.001 0.001 0.001 0.001 0.002 0.002 0.003 0.003 0.004 0.005 0.005 0.005 0.006 0.006 0.006 0.006 0.006 0.006 0.005 0.004 0.003 0.002 0.002 0.001 0.001 0.002 0.002 0.004 0.009 0.050 0.394 1.562 3.671 6.055 8.149 9.789 11.124 12.004 12.544 13.076 13.266 13.674 13.808 14.461 14.745 14.917 14.569 14.061 12.990 11.575 10.595 9.714 9.003 8.291 7.630 6.921
0.000 0.000 0.000 0.000 0.000 0.000 0.000 0.000 0.000 0.000 0.000 0.000 0.000 0.000 0.000 0.000 0.000 0.000 0.000 0.000 0.000 0.000 0.001 0.001 0.001 0.002 0.002 0.003 0.003 0.004 0.005 0.005 0.006 0.006 0.006 0.006 0.006 0.006 0.005 0.005 0.004 0.003 0.002 0.002 0.001 0.001 0.001 0.001 0.002 0.004 0.009 0.041 0.390 1.493 3.254 5.099 6.840 8.459 9.897 10.916 11.652 11.976 12.337 12.614 13.318 13.853 14.043 13.835 13.364 12.554 11.388 10.365 9.436 8.759 7.995 7.302 6.485
0.000 0.000 0.000 0.000 0.000 0.000 0.000 0.000 0.000 0.000 0.000 0.000 0.000 0.000 0.000 0.000 0.000 0.000 0.000 0.000 0.000 0.000 0.000 0.001 0.001 0.001 0.002 0.002 0.003 0.004 0.005 0.006 0.006 0.006 0.007 0.006 0.006 0.006 0.006 0.005 0.004 0.003 0.002 0.002 0.001 0.001 0.001 0.001 0.001 0.002 0.003 0.008 0.048 0.384 1.329 2.736 4.268 5.835 7.473 8.906 10.095 10.682 11.132 11.486 11.909 12.346 12.567 12.663 12.452 11.794 10.799 9.835 8.930 8.179 7.369 6.632 5.783
0.000 0.000 0.000 0.000 0.000 0.000 0.000 0.000 0.000 0.000 0.000 0.000 0.000 0.000 0.000 0.000 0.000 0.000 0.000 0.000 0.000 0.000 0.000 0.000 0.001 0.001 0.002 0.002 0.003 0.004 0.005 0.006 0.007 0.008 0.008 0.009 0.009 0.009 0.009 0.008 0.005 0.004 0.003 0.002 0.001 0.001 0.001 0.001 0.001 0.001 0.002 0.003 0.008 0.047 0.336 1.118 2.284 3.618 5.118 6.672 8.050 9.043 9.742 10.271 10.755 11.017 11.131 11.288 11.149 10.670 9.872 8.969 8.118 7.306 6.506 5.704 4.851
0.000 0.000 0.000 0.000 0.000 0.000 0.000 0.000 0.000 0.000 0.000 0.000 0.000 0.000 0.000 0.000 0.000 0.000 0.000 0.000 0.000 0.000 0.000 0.000 0.000 0.001 0.001 0.002 0.002 0.003 0.004 0.006 0.007 0.008 0.009 0.010 0.011 0.011 0.011 0.010 0.008 0.005 0.003 0.002 0.002 0.001 0.001 0.000 0.001 0.001 0.001 0.002 0.003 0.008 0.042 0.277 0.919 1.910 3.110 4.502 5.888 7.163 8.135 8.979 9.464 9.541 9.551 9.540 9.360 9.093 8.508 7.760 7.011 6.261 5.498 4.724 3.936
0.000 0.000 0.000 0.000 0.000 0.000 0.000 0.000 0.000 0.000 0.000 0.000 0.000 0.000 0.000 0.000 0.000 0.000 0.000 0.000 0.000 0.000 0.000 0.000 0.000 0.000 0.000 0.001 0.002 0.003 0.004 0.005 0.007 0.008 0.009 0.010 0.011 0.011 0.011 0.010 0.008 0.006 0.004 0.003 0.002 0.001 0.000 0.000 0.000 0.000 0.001 0.001 0.002 0.003 0.008 0.034 0.224 0.755 1.581 2.640 3.917 5.272 6.449 7.434 8.086 8.260 8.203 7.998 7.680 7.246 6.787 6.371 5.886 5.319 4.648 3.927 3.193
0.000 0.000 0.000 0.000 0.000 0.000 0.000 0.000 0.000 0.000 0.000 0.000 0.000 0.000 0.000 0.000 0.000 0.000 0.000 0.000 0.000 0.000 0.000 0.000 0.000 0.000 0.000 0.000 0.001 0.002 0.003 0.004 0.006 0.007 0.009 0.009 0.010 0.010 0.010 0.009 0.008 0.006 0.004 0.003 0.002 0.001 0.000 0.000 0.000 0.000 0.000 0.001 0.001 0.001 0.003 0.007 0.025 0.166 0.558 1.247 2.251 3.447 4.717 5.852 6.622 6.862 6.848 6.660 6.301 5.768 5.325 5.146 4.899 4.495 3.941 3.301 2.634
0.000 0.000 0.000 0.000 0.000 0.000 0.000 0.000 0.000 0.000 0.000 0.000 0.000 0.000 0.000 0.000 0.000 0.000 0.000 0.000 0.000 0.000 0.000 0.000 0.000 0.000 0.000 0.000 0.000 0.001 0.002 0.003 0.005 0.006 0.007 0.007 0.007 0.007 0.007 0.006 0.006 0.005 0.003 0.002 0.001 0.001 0.000 0.000 0.000 0.000 0.000 0.000 0.001 0.001 0.001 0.003 0.006 0.017 0.107 0.395 1.004 1.910 3.033 4.116 4.931 5.370 5.485 5.393 5.142 4.767 4.387 4.152 3.975 3.727 3.359 2.865 2.294
0.000 0.000 0.000 0.000 0.000 0.000 0.000 0.000 0.000 0.000 0.000 0.000 0.000 0.000 0.000 0.000 0.000 0.000 0.000 0.000 0.000 0.000 0.000 0.000 0.000 0.000 0.000 0.000 0.000 0.000 0.001 0.002 0.003 0.004 0.004 0.004 0.004 0.004 0.004 0.004 0.004 0.003 0.003 0.002 0.001 0.000 0.000 0.000 0.000 0.000 0.000 0.000 0.000 0.000 0.001 0.001 0.002 0.005 0.013 0.070 0.294 0.800 1.619 2.630 3.450 3.951 4.150 4.209 4.144 3.952 3.695 3.446 3.231 3.030 2.809 2.511 2.095
0.000 0.000 0.000 0.000 0.000 0.000 0.000 0.000 0.000 0.000 0.000 0.000 0.000 0.000 0.000 0.000 0.000 0.000 0.000 0.000 0.000 0.000 0.000 0.000 0.000 0.000 0.000 0.000 0.000 0.000 0.000 0.001 0.001 0.002 0.002 0.002 0.002 0.002 0.002 0.002 0.002 0.002 0.001 0.001 0.000 0.000 0.000 0.000 0.000 0.000 0.000 0.000 0.000 0.000 0.000 0.001 0.001 0.002 0.004 0.011 0.050 0.206 0.624 1.411 2.223 2.707 2.989 3.181 3.256 3.220 3.090 2.893 2.660 2.451 2.261 2.083 1.851
0.000 0.000 0.000 0.000 0.000 0.000 0.000 0.000 0.000 0.000 0.000 0.000 0.000 0.000 0.000 0.000 0.000 0.000 0.000 0.000 0.000 0.000 0.000 0.000 0.000 0.000 0.000 0.000 0.000 0.000 0.000 0.000 0.000 0.001 0.001 0.001 0.001 0.001 0.001 0.001 0.001 0.000 0.000 0.000 0.000 0.000 0.000 0.000 0.000 0.000 0.000 0.000 0.000 0.000 0.000 0.000 0.000 0.001 0.002 0.004 0.009 0.028 0.138 0.542 1.213 1.700 2.024 2.298 2.478 2.553 2.525 2.396 2.194 1.987 1.803 1.635 1.477
0.000 0.000 0.000 0.000 0.000 0.000 0.000 0.000 0.000 0.000 0.000 0.000 0.000 0.000 0.000 0.000 0.000 0.000 0.000 0.000 0.000 0.000 0.000 0.000 0.000 0.000 0.000 0.000 0.000 0.000 0.000 0.000 0.000 0.000 0.000 0.000 0.000 0.000 0.000 0.000 0.000 0.000 0.000 0.000 0.000 0.000 0.000 0.000 0.000 0.000 0.000 0.000 0.000 0.000 0.000 0.000 0.000 0.000 0.001 0.002 0.003 0.007 0.018 0.132 0.491 0.913 1.263 1.580 1.832 1.983 2.022 1.943 1.786 1.604 1.433 1.271 1.113
0.000 0.000 0.000 0.000 0.000 0.000 0.000 0.000 0.000 0.000 0.000 0.000 0.000 0.000 0.000 0.000 0.000 0.000 0.000 0.000 0.000 0.000 0.000 0.000 0.000 0.000 0.000 0.000 0.000 0.000 0.000 0.000 0.000 0.000 0.000 0.000 0.000 0.000 0.000 0.000 0.000 0.000 0.000 0.000 0.000 0.000 0.000 0.000 0.000 0.000 0.000 0.000 0.000 0.000 0.000 0.000 0.000 0.000 0.000 0.001 0.001 0.003 0.007 0.026 0.140 0.385 0.689 1.019 1.311 1.505 1.572 1.531 1.422 1.278 1.131 0.989 0.842
0.000 0.000 0.000 0.000 0.000 0.000 0.000 0.000 0.000 0.000 0.000 0.000 0.000 0.000 0.000 0.000 0.000 0.000 0.000 0.000 0.000 0.000 0.000 0.000 0.000 0.000 0.000 0.000 0.000 0.000 0.000 0.000 0.000 0.000 0.000 0.000 0.000 0.000 0.000 0.000 0.000 0.000 0.000 0.000 0.000 0.000 0.000 0.000 0.000 0.000 0.000 0.000 0.000 0.000 0.000 0.000 0.000 0.000 0.000 0.000 0.001 0.001 0.003 0.008 0.036 0.126 0.306 0.583 0.891 1.101 1.188 1.175 1.107 1.006 0.891 0.767 0.636
0.000 0.000 0.000 0.000 0.000 0.000 0.000 0.000 0.000 0.000 0.000 0.000 0.000 0.000 0.000 0.000 0.000 0.000 0.000 0.000 0.000 0.000 0.000 0.000 0.000 0.000 0.000 0.000 0.000 0.000 0.000 0.000 0.000 0.000 0.000 0.000 0.000 0.000 0.000 0.000 0.000 0.000 0.000 0.000 0.000 0.000 0.000 0.000 0.000 0.000 0.000 0.000 0.000 0.000 0.000 0.000 0.000 0.000 0.000 0.000 0.000 0.001 0.001 0.004 0.011 0.036 0.109 0.282 0.560 0.774 0.870 0.884 0.845 0.776 0.687 0.584 0.470
0.000 0.000 0.000 0.000 0.000 0.000 0.000 0.000 0.000 0.000 0.000 0.000 0.000 0.000 0.000 0.000 0.000 0.000 0.000 0.000 0.000 0.000 0.000 0.000 0.000 0.000 0.000 0.000 0.000 0.000 0.000 0.000 0.000 0.000 0.000 0.000 0.000 0.000 0.000 0.000 0.000 0.000 0.000 0.000 0.000 0.000 0.000 0.000 0.000 0.000 0.000 0.000 0.000 0.000 0.000 0.000 0.000 0.000 0.000 0.000 0.000 0.000 0.001 0.002 0.004 0.012 0.036 0.124 0.327 0.523 0.619 0.645 0.632 0.586 0.514 0.426 0.335
0.000 0.000 0.000 0.000 0.000 0.000 0.000 0.000 0.000 0.000 0.000 0.000 0.000 0.000 0.000 0.000 0.000 0.000 0.000 0.000 0.000 0.000 0.000 0.000 0.000 0.000 0.000 0.000 0.000 0.000 0.000 0.000 0.000 0.000 0.000 0.000 0.000 0.000 0.000 0.000 0.000 0.000 0.000 0.000 0.000 0.000 0.000 0.000 0.000 0.000 0.000 0.000 0.000 0.000 0.000 0.000 0.000 0.000 0.000 0.000 0.000 0.000 0.000 0.001 0.002 0.005 0.015 0.056 0.184 0.343 0.428 0.460 0.462 0.432 0.374 0.305 0.238
0.000 0.000 0.000 0.000 0.000 0.000 0.000 0.000 0.000 0.000 0.000 0.000 0.000 0.000 0.000 0.000 0.000 0.000 0.000 0.000 0.000 0.000 0.000 0.000 0.000 0.000 0.000 0.000 0.000 0.000 0.000 0.000 0.000 0.000 0.000 0.000 0.000 0.000 0.000 0.000 0.000 0.000 0.000 0.000 0.000 0.000 0.000 0.000 0.000 0.000 0.000 0.000 0.000 0.000 0.000 0.000 0.000 0.000 0.000 0.000 0.000 0.000 0.000 0.000 0.001 0.003 0.008 0.026 0.098 0.216 0.290 0.324 0.329 0.314 0.276 0.226 0.172
0.000 0.000 0.000 0.000 0.000 0.000 0.000 0.000 0.000 0.000 0.000 0.000 0.000 0.000 0.000 0.000 0.000 0.000 0.000 0.000 0.000 0.000 0.000 0.000 0.000 0.000 0.000 0.000 0.000 0.000 0.000 0.000 0.000 0.000 0.000 0.000 0.000 0.000 0.000 0.000 0.000 0.000 0.000 0.000 0.000 0.000 0.000 0.000 0.000 0.000 0.000 0.000 0.000 0.000 0.000 0.000 0.000 0.000 0.000 0.000 0.000 0.000 0.000 0.000 0.001 0.002 0.004 0.013 0.050 0.130 0.194 0.225 0.230 0.221 0.199 0.166 0.125
0.000 0.000 0.000 0.000 0.000 0.000 0.000 0.000 0.000 0.000 0.000 0.000 0.000 0.000 0.000 0.000 0.000 0.000 0.000 0.000 0.000 0.000 0.000 0.000 0.000 0.000 0.000 0.000 0.000 0.000 0.000 0.000 0.000 0.000 0.000 0.000 0.000 0.000 0.000 0.000 0.000 0.000 0.000 0.000 0.000 0.000 0.000 0.000 0.000 0.000 0.000 0.000 0.000 0.000 0.000 0.000 0.000 0.000 0.000 0.000 0.000 0.000 0.000 0.000 0.000 0.001 0.003 0.007 0.026 0.077 0.130 0.153 0.157 0.152 0.140 0.118 0.090
0.000 0.000 0.000 0.000 0.000 0.000 0.000 0.000 0.000 0.000 0.000 0.000 0.000 0.000 0.000 0.000 0.000 0.000 0.000 0.000 0.000 0.000 0.000 0.000 0.000 0.000 0.000 0.000 0.000 0.000 0.000 0.000 0.000 0.000 0.000 0.000 0.000 0.000 0.000 0.000 0.000 0.000 0.000 0.000 0.000 0.000 0.000 0.000 0.000 0.000 0.000 0.000 0.000 0.000 0.000 0.000 0.000 0.000 0.000 0.000 0.000 0.000 0.000 0.000 0.000 0.001 0.001 0.004 0.013 0.043 0.085 0.104 0.106 0.104 0.098 0.084 0.065
0.000 0.000 0.000 0.000 0.000 0.000 0.000 0.000 0.000 0.000 0.000 0.000 0.000 0.000 0.000 0.000 0.000 0.000 0.000 0.000 0.000 0.000 0.000 0.000 0.000 0.000 0.000 0.000 0.000 0.000 0.000 0.000 0.000 0.000 0.000 0.000 0.000 0.000 0.000 0.000 0.000 0.000 0.000 0.000 0.000 0.000 0.000 0.000 0.000 0.000 0.000 0.000 0.000 0.000 0.000 0.000 0.000 0.000 0.000 0.000 0.000 0.000 0.000 0.000 0.000 0.000 0.001 0.002 0.007 0.021 0.049 0.068 0.072 0.071 0.068 0.060 0.048
0.000 0.000 0.000 0.000 0.000 0.000 0.000 0.000 0.000 0.000 0.000 0.000 0.000 0.000 0.000 0.000 0.000 0.000 0.000 0.000 0.000 0.000 0.000 0.000 0.000 0.000 0.000 0.000 0.000 0.000 0.000 0.000 0.000 0.000 0.000 0.000 0.000 0.000 0.000 0.000 0.000 0.000 0.000 0.000 0.000 0.000 0.000 0.000 0.000 0.000 0.000 0.000 0.000 0.000 0.000 0.000 0.000 0.000 0.000 0.000 0.000 0.000 0.000 0.000 0.000 0.000 0.000 0.001 0.003 0.009 0.024 0.042 0.048 0.049 0.048 0.044 0.038
0.000 0.000 0.000 0.000 0.000 0.000 0.000 0.000 0.000 0.000 0.000 0.000 0.000 0.000 0.000 0.000 0.000 0.000 0.000 0.000 0.000 0.000 0.000 0.000 0.000 0.000 0.000 0.000 0.000 0.000 0.000 0.000 0.000 0.000 0.000 0.000 0.000 0.000 0.000 0.000 0.000 0.000 0.000 0.000 0.000 0.000 0.000 0.000 0.000 0.000 0.000 0.000 0.000 0.000 0.000 0.000 0.000 0.000 0.000 0.000 0.000 0.000 0.000 0.000 0.000 0.000 0.000 0.001 0.002 0.004 0.010 0.023 0.031 0.033 0.033 0.032 0.029
0.000 0.000 0.000 0.000 0.000 0.000 0.000 0.000 0.000 0.000 0.000 0.000 0.000 0.000 0.000 0.000 0.000 0.000 0.000 0.000 0.000 0.000 0.000 0.000 0.000 0.000 0.000 0.000 0.000 0.000 0.000 0.000 0.000 0.000 0.000 0.000 0.000 0.000 0.000 0.000 0.000 0.000 0.000 0.000 0.000 0.000 0.000 0.000 0.000 0.000 0.000 0.000 0.000 0.000 0.000 0.000 0.000 0.000 0.000 0.000 0.000 0.000 0.000 0.000 0.000 0.000 0.000 0.000 0.001 0.002 0.005 0.011 0.019 0.022 0.022 0.021 0.020
0.000 0.000 0.000 0.000 0.000 0.000 0.000 0.000 0.000 0.000 0.000 0.000 0.000 0.000 0.000 0.000 0.000 0.000 0.000 0.000 0.000 0.000 0.000 0.000 0.000 0.000 0.000 0.000 0.000 0.000 0.000 0.000 0.000 0.000 0.000 0.000 0.000 0.000 0.000 0.000 0.000 0.000 0.000 0.000 0.000 0.000 0.000 0.000 0.000 0.000 0.000 0.000 0.000 0.000 0.000 0.000 0.000 0.000 0.000 0.000 0.000 0.000 0.000 0.000 0.000 0.000 0.000 0.000 0.000 0.001 0.003 0.006 0.010 0.013 0.014 0.013 0.013
