AvaFrame/avaframe/data/avaSalk/Avaflow_Input_Output/slk_results/slk_ascii/slk_hflow0021.asc
ncols 296
nrows 144
xllcenter 761600.00
yllcenter 8523000.00
cellsize 12.50
NODATA_value -9999.000
[rows 68 to 101 of 144, columns 154 to 230 of 296]
0.000 0.000 0.000 0.000 0.000 0.000 0.000 0.000 0.000 0.000 0.000 0.000 0.000 0.000 0.000 0.001 0.000 0.000 0.000 0.000 0.000 0.000 0.000 0.000 0.000 0.000 0.000 0.000 0.000 0.000 0.000 0.001 0.001 0.001 0.001 0.002 0.002 0.003 0.003 0.004 0.004 0.004 0.004 0.004 0.005 0.005 0.005 0.006 0.007 0.008 0.009 0.009 0.010 0.011 0.012 0.014 0.016 0.019 0.022 0.028 0.036 0.051 0.073 0.104 0.144 0.196 0.259 0.343 0.435 0.510 0.555 0.572 0.559 0.502 0.382 0.266 0.199
0.000 0.000 0.000 0.000 0.000 0.000 0.000 0.000 0.000 0.000 0.000 0.000 0.000 0.001 0.001 0.001 0.000 0.000 0.000 0.000 0.000 0.000 0.000 0.000 0.000 0.000 0.000 0.000 0.000 0.001 0.001 0.001 0.001 0.002 0.002 0.003 0.003 0.004 0.004 0.004 0.004 0.004 0.005 0.005 0.005 0.005 0.006 0.006 0.007 0.008 0.009 0.010 0.011 0.012 0.014 0.016 0.019 0.023 0.029 0.037 0.050 0.072 0.105 0.149 0.204 0.271 0.351 0.441 0.517 0.559 0.574 0.552 0.481 0.363 0.252 0.195 0.164
0.000 0.000 0.000 0.000 0.000 0.000 0.000 0.000 0.000 0.000 0.000 0.001 0.001 0.001 0.001 0.001 0.001 0.001 0.001 0.001 0.001 0.001 0.001 0.001 0.001 0.001 0.001 0.001 0.001 0.001 0.002 0.002 0.002 0.002 0.003 0.003 0.004 0.004 0.004 0.004 0.005 0.005 0.005 0.005 0.005 0.006 0.007 0.007 0.008 0.009 0.010 0.012 0.013 0.015 0.017 0.020 0.024 0.030 0.039 0.052 0.072 0.103 0.148 0.207 0.279 0.366 0.450 0.517 0.557 0.572 0.551 0.477 0.361 0.254 0.193 0.162 0.144
0.000 0.000 0.001 0.001 0.001 0.000 0.000 0.000 0.000 0.000 0.000 0.001 0.001 0.001 0.001 0.001 0.001 0.001 0.001 0.001 0.001 0.001 0.002 0.001 0.001 0.001 0.001 0.001 0.002 0.002 0.002 0.002 0.003 0.003 0.004 0.004 0.004 0.005 0.005 0.005 0.005 0.005 0.005 0.006 0.006 0.007 0.008 0.009 0.010 0.011 0.012 0.014 0.016 0.018 0.020 0.024 0.030 0.039 0.052 0.077 0.111 0.152 0.209 0.286 0.377 0.469 0.535 0.563 0.567 0.549 0.483 0.369 0.266 0.201 0.164 0.141 0.124
0.000 0.001 0.001 0.001 0.001 0.001 0.000 0.000 0.000 0.000 0.000 0.001 0.001 0.001 0.001 0.002 0.002 0.003 0.003 0.003 0.003 0.003 0.003 0.003 0.002 0.002 0.002 0.002 0.002 0.003 0.003 0.003 0.003 0.004 0.004 0.004 0.005 0.005 0.005 0.005 0.006 0.006 0.006 0.007 0.007 0.008 0.009 0.010 0.012 0.013 0.015 0.017 0.020 0.023 0.026 0.031 0.039 0.053 0.075 0.120 0.173 0.223 0.298 0.396 0.483 0.538 0.566 0.571 0.553 0.493 0.387 0.279 0.212 0.170 0.143 0.123 0.105
0.000 0.000 0.001 0.001 0.001 0.001 0.001 0.001 0.001 0.001 0.001 0.001 0.001 0.001 0.002 0.003 0.004 0.006 0.006 0.006 0.006 0.007 0.006 0.005 0.004 0.003 0.003 0.003 0.003 0.003 0.004 0.004 0.004 0.004 0.005 0.005 0.005 0.005 0.006 0.006 0.006 0.007 0.007 0.008 0.009 0.010 0.011 0.013 0.014 0.016 0.018 0.021 0.026 0.031 0.036 0.044 0.060 0.087 0.135 0.212 0.273 0.320 0.399 0.482 0.532 0.553 0.559 0.549 0.495 0.391 0.286 0.220 0.177 0.148 0.126 0.106 0.089
0.000 0.000 0.001 0.001 0.001 0.002 0.002 0.002 0.002 0.002 0.002 0.002 0.002 0.002 0.003 0.005 0.009 0.013 0.015 0.016 0.016 0.016 0.014 0.009 0.006 0.005 0.005 0.005 0.005 0.005 0.005 0.005 0.005 0.005 0.005 0.006 0.006 0.006 0.006 0.007 0.007 0.008 0.009 0.010 0.011 0.013 0.014 0.016 0.018 0.020 0.023 0.028 0.036 0.045 0.056 0.077 0.118 0.200 0.305 0.396 0.437 0.463 0.501 0.526 0.537 0.539 0.526 0.481 0.385 0.283 0.220 0.181 0.152 0.130 0.110 0.092 0.075
0.000 0.001 0.001 0.001 0.002 0.003 0.005 0.005 0.005 0.004 0.004 0.004 0.004 0.004 0.007 0.012 0.022 0.038 0.047 0.051 0.052 0.050 0.038 0.018 0.011 0.009 0.008 0.008 0.007 0.007 0.006 0.006 0.006 0.006 0.006 0.007 0.007 0.007 0.007 0.008 0.008 0.009 0.011 0.013 0.015 0.016 0.017 0.019 0.022 0.025 0.030 0.038 0.052 0.071 0.100 0.157 0.265 0.373 0.439 0.471 0.492 0.522 0.545 0.545 0.532 0.513 0.463 0.378 0.287 0.223 0.184 0.157 0.135 0.114 0.095 0.078 0.063
0.001 0.001 0.002 0.002 0.004 0.008 0.013 0.015 0.013 0.010 0.009 0.009 0.009 0.011 0.017 0.034 0.071 0.119 0.148 0.163 0.167 0.159 0.119 0.050 0.022 0.017 0.016 0.015 0.014 0.013 0.012 0.010 0.009 0.008 0.008 0.008 0.008 0.008 0.008 0.009 0.010 0.012 0.015 0.018 0.020 0.020 0.021 0.023 0.026 0.031 0.040 0.054 0.079 0.121 0.197 0.296 0.376 0.409 0.428 0.439 0.459 0.501 0.538 0.537 0.506 0.457 0.371 0.288 0.235 0.197 0.167 0.139 0.117 0.097 0.079 0.064 0.052
0.003 0.003 0.004 0.005 0.009 0.024 0.050 0.060 0.055 0.034 0.024 0.025 0.026 0.034 0.060 0.111 0.186 0.270 0.335 0.378 0.402 0.399 0.328 0.168 0.066 0.042 0.040 0.039 0.040 0.038 0.033 0.027 0.022 0.017 0.013 0.011 0.010 0.010 0.010 0.011 0.012 0.016 0.020 0.024 0.026 0.027 0.027 0.029 0.033 0.041 0.056 0.082 0.129 0.214 0.312 0.368 0.378 0.365 0.356 0.370 0.408 0.464 0.511 0.504 0.443 0.357 0.279 0.235 0.211 0.189 0.163 0.130 0.100 0.079 0.063 0.051 0.043
0.008 0.008 0.010 0.014 0.033 0.114 0.226 0.265 0.243 0.162 0.114 0.107 0.117 0.153 0.216 0.296 0.381 0.486 0.612 0.706 0.755 0.761 0.695 0.467 0.213 0.123 0.108 0.109 0.120 0.134 0.131 0.118 0.097 0.072 0.045 0.024 0.016 0.013 0.013 0.013 0.016 0.019 0.024 0.027 0.030 0.033 0.034 0.037 0.044 0.059 0.085 0.131 0.210 0.295 0.344 0.358 0.350 0.337 0.345 0.379 0.414 0.464 0.488 0.450 0.363 0.281 0.231 0.208 0.199 0.187 0.166 0.133 0.093 0.066 0.052 0.043 0.039
0.023 0.027 0.034 0.056 0.148 0.374 0.584 0.638 0.601 0.484 0.417 0.408 0.426 0.471 0.538 0.607 0.674 0.803 1.022 1.182 1.216 1.190 1.156 0.918 0.485 0.294 0.262 0.268 0.309 0.381 0.430 0.440 0.417 0.365 0.269 0.146 0.064 0.029 0.018 0.017 0.019 0.023 0.026 0.029 0.033 0.038 0.044 0.051 0.065 0.091 0.136 0.209 0.284 0.327 0.341 0.343 0.340 0.345 0.371 0.403 0.413 0.441 0.446 0.393 0.307 0.244 0.207 0.192 0.189 0.186 0.173 0.145 0.098 0.063 0.047 0.040 0.037
0.098 0.130 0.192 0.319 0.563 0.863 1.059 1.100 1.065 0.997 0.964 0.960 0.962 0.965 0.987 1.009 1.066 1.251 1.540 1.700 1.703 1.646 1.559 1.206 0.683 0.506 0.500 0.551 0.664 0.833 0.999 1.103 1.139 1.107 0.948 0.659 0.360 0.164 0.061 0.027 0.024 0.027 0.029 0.033 0.037 0.046 0.058 0.073 0.098 0.143 0.212 0.281 0.322 0.338 0.342 0.343 0.350 0.372 0.397 0.407 0.398 0.398 0.388 0.341 0.267 0.214 0.182 0.170 0.173 0.182 0.180 0.162 0.115 0.068 0.048 0.040 0.037
0.571 0.681 0.887 1.196 1.500 1.672 1.719 1.689 1.677 1.672 1.662 1.631 1.581 1.521 1.507 1.515 1.595 1.788 1.998 2.093 2.110 2.056 1.850 1.302 0.817 0.716 0.780 0.951 1.201 1.509 1.824 2.063 2.188 2.194 2.043 1.654 1.136 0.667 0.314 0.108 0.038 0.032 0.034 0.038 0.046 0.060 0.079 0.106 0.150 0.216 0.280 0.319 0.337 0.344 0.347 0.354 0.374 0.395 0.402 0.396 0.375 0.348 0.320 0.284 0.228 0.179 0.149 0.139 0.144 0.167 0.183 0.180 0.145 0.084 0.054 0.044 0.039
1.905 2.039 2.332 2.703 2.874 2.841 2.680 2.531 2.513 2.461 2.398 2.318 2.220 2.125 2.097 2.125 2.209 2.306 2.390 2.421 2.411 2.339 1.977 1.309 0.983 0.974 1.131 1.453 1.882 2.362 2.824 3.189 3.417 3.494 3.396 2.983 2.339 1.626 0.983 0.474 0.171 0.064 0.044 0.048 0.061 0.082 0.112 0.156 0.219 0.280 0.317 0.337 0.347 0.353 0.360 0.375 0.392 0.398 0.394 0.376 0.347 0.308 0.272 0.234 0.186 0.140 0.113 0.104 0.109 0.137 0.182 0.193 0.176 0.112 0.068 0.053 0.045
3.749 3.841 3.978 4.107 4.146 4.086 3.905 3.713 3.596 3.393 3.184 3.044 2.929 2.827 2.789 2.820 2.868 2.853 2.782 2.688 2.601 2.477 1.972 1.371 1.229 1.336 1.617 2.080 2.693 3.333 3.873 4.280 4.567 4.723 4.716 4.400 3.715 2.863 2.048 1.298 0.683 0.315 0.140 0.076 0.086 0.115 0.163 0.220 0.276 0.314 0.336 0.349 0.360 0.369 0.381 0.392 0.396 0.391 0.376 0.350 0.314 0.274 0.231 0.185 0.138 0.099 0.076 0.070 0.075 0.101 0.167 0.202 0.198 0.145 0.089 0.068 0.056
5.071 5.092 5.120 5.117 5.070 5.013 4.932 4.867 4.699 4.420 4.072 3.869 3.760 3.693 3.655 3.628 3.616 3.449 3.136 2.896 2.736 2.508 1.953 1.577 1.590 1.830 2.252 2.824 3.561 4.267 4.822 5.227 5.491 5.662 5.688 5.502 4.945 4.200 3.400 2.571 1.719 1.078 0.646 0.335 0.166 0.163 0.226 0.275 0.309 0.332 0.349 0.364 0.377 0.388 0.394 0.395 0.390 0.376 0.353 0.319 0.278 0.232 0.182 0.136 0.097 0.066 0.049 0.044 0.050 0.073 0.148 0.205 0.210 0.176 0.119 0.086 0.064
5.975 5.916 5.875 5.864 5.858 5.860 5.858 5.869 5.749 5.480 5.114 4.880 4.797 4.762 4.746 4.617 4.401 3.949 3.383 3.044 2.814 2.490 2.087 1.977 2.122 2.476 3.009 3.651 4.402 5.122 5.682 6.069 6.256 6.357 6.407 6.278 5.913 5.384 4.762 4.010 3.068 2.273 1.728 1.224 0.685 0.298 0.262 0.312 0.331 0.347 0.364 0.381 0.395 0.399 0.395 0.386 0.376 0.358 0.327 0.283 0.234 0.184 0.139 0.100 0.069 0.046 0.035 0.033 0.039 0.065 0.145 0.206 0.215 0.191 0.137 0.094 0.064
6.632 6.556 6.522 6.548 6.640 6.738 6.796 6.803 6.744 6.570 6.315 6.140 6.077 6.015 5.834 5.431 4.897 4.208 3.528 3.107 2.815 2.579 2.448 2.556 2.855 3.311 3.889 4.549 5.240 5.918 6.458 6.800 6.910 6.931 6.964 6.782 6.548 6.186 5.739 5.097 4.185 3.341 2.875 2.528 1.956 1.020 0.377 0.322 0.351 0.362 0.378 0.400 0.409 0.406 0.390 0.370 0.353 0.331 0.291 0.239 0.193 0.151 0.114 0.081 0.054 0.038 0.032 0.031 0.038 0.072 0.154 0.208 0.214 0.191 0.138 0.090 0.059
7.216 7.166 7.174 7.252 7.401 7.558 7.645 7.683 7.691 7.641 7.535 7.429 7.288 7.048 6.546 5.880 5.111 4.264 3.593 3.135 2.880 2.853 2.997 3.316 3.791 4.350 4.937 5.536 6.119 6.700 7.161 7.431 7.473 7.413 7.405 7.223 6.973 6.676 6.286 5.693 4.903 4.111 3.657 3.418 3.181 2.454 1.073 0.378 0.360 0.371 0.386 0.412 0.418 0.405 0.370 0.333 0.310 0.286 0.250 0.205 0.164 0.128 0.096 0.070 0.050 0.038 0.034 0.035 0.049 0.096 0.174 0.211 0.212 0.184 0.125 0.078 0.049
7.854 7.815 7.839 7.957 8.150 8.310 8.429 8.501 8.534 8.545 8.505 8.427 8.171 7.686 6.868 6.001 5.118 4.258 3.677 3.295 3.203 3.387 3.787 4.336 4.982 5.573 6.150 6.665 7.118 7.544 7.836 7.986 8.010 7.877 7.817 7.613 7.290 6.955 6.503 5.907 5.264 4.641 4.202 3.953 3.814 3.622 2.475 0.784 0.343 0.377 0.397 0.418 0.419 0.387 0.322 0.278 0.263 0.252 0.230 0.193 0.150 0.109 0.079 0.059 0.047 0.041 0.040 0.047 0.073 0.135 0.196 0.214 0.208 0.164 0.101 0.061 0.040
8.536 8.483 8.525 8.609 8.715 8.814 8.910 9.041 9.188 9.276 9.301 9.226 8.720 7.894 6.900 5.932 5.060 4.379 3.981 3.781 3.844 4.204 4.886 5.653 6.379 6.893 7.435 7.899 8.278 8.517 8.554 8.597 8.539 8.375 8.220 7.903 7.522 7.154 6.594 5.966 5.346 4.830 4.453 4.204 4.072 3.977 3.602 1.929 0.524 0.354 0.409 0.415 0.396 0.336 0.263 0.236 0.233 0.234 0.225 0.195 0.141 0.090 0.061 0.048 0.044 0.044 0.050 0.067 0.113 0.176 0.212 0.220 0.193 0.126 0.074 0.045 0.032
9.328 9.100 9.098 9.138 9.221 9.293 9.404 9.613 9.814 9.924 9.935 9.688 8.896 7.795 6.692 5.785 5.100 4.693 4.579 4.593 4.815 5.351 6.211 6.948 7.551 8.056 8.572 8.966 9.330 9.532 9.367 9.395 9.211 9.010 8.635 8.171 7.727 7.314 6.710 6.005 5.326 4.822 4.505 4.262 4.100 3.936 3.733 2.951 1.341 0.460 0.397 0.395 0.339 0.269 0.224 0.216 0.224 0.233 0.229 0.196 0.126 0.070 0.048 0.041 0.040 0.043 0.055 0.088 0.156 0.210 0.225 0.215 0.155 0.084 0.051 0.035 0.028
9.951 9.506 9.459 9.458 9.480 9.581 9.729 9.958 10.214 10.357 10.257 9.728 8.756 7.513 6.461 5.786 5.456 5.373 5.483 5.696 6.143 6.715 7.460 8.044 8.480 9.001 9.528 9.882 10.176 10.375 10.203 10.126 9.822 9.576 9.103 8.529 8.005 7.474 6.877 6.098 5.289 4.705 4.419 4.205 3.974 3.711 3.467 3.059 2.070 0.898 0.407 0.328 0.266 0.217 0.199 0.202 0.223 0.242 0.241 0.201 0.113 0.057 0.042 0.040 0.040 0.041 0.054 0.095 0.180 0.232 0.236 0.211 0.136 0.070 0.042 0.030 0.026
10.205 9.733 9.657 9.654 9.711 9.788 9.962 10.233 10.536 10.556 10.289 9.507 8.487 7.367 6.611 6.306 6.264 6.435 6.705 7.090 7.561 7.962 8.502 8.972 9.329 9.824 10.366 10.719 10.864 10.981 10.829 10.665 10.271 9.882 9.490 9.035 8.454 7.741 7.085 6.293 5.408 4.602 4.147 3.911 3.638 3.305 3.019 2.726 2.216 1.338 0.565 0.269 0.206 0.180 0.176 0.186 0.221 0.256 0.262 0.216 0.111 0.054 0.042 0.042 0.042 0.042 0.050 0.091 0.179 0.237 0.244 0.215 0.138 0.071 0.042 0.029 0.025
10.307 9.819 9.828 9.869 9.929 10.005 10.148 10.306 10.540 10.410 10.041 9.279 8.458 7.795 7.487 7.462 7.566 7.822 8.063 8.385 8.761 9.084 9.443 9.827 10.120 10.553 11.016 11.394 11.444 11.447 11.191 10.888 10.534 10.124 9.791 9.487 8.958 8.159 7.385 6.580 5.668 4.669 3.934 3.447 3.097 2.778 2.483 2.214 1.931 1.500 0.825 0.335 0.185 0.159 0.156 0.168 0.212 0.260 0.269 0.226 0.120 0.061 0.047 0.046 0.047 0.046 0.049 0.077 0.156 0.227 0.241 0.220 0.150 0.082 0.049 0.033 0.027
10.061 9.919 9.919 9.967 9.989 10.008 10.077 10.203 10.263 10.125 9.873 9.287 8.898 8.876 9.011 9.047 9.095 9.172 9.271 9.447 9.740 10.094 10.331 10.668 10.799 11.126 11.560 11.896 11.890 11.861 11.481 11.027 10.755 10.404 10.090 9.780 9.297 8.575 7.760 6.896 5.898 4.789 3.912 3.226 2.683 2.340 2.032 1.701 1.481 1.309 0.956 0.465 0.210 0.159 0.154 0.164 0.204 0.253 0.264 0.234 0.148 0.096 0.076 0.063 0.054 0.053 0.055 0.068 0.121 0.199 0.228 0.220 0.169 0.103 0.066 0.044 0.032
9.832 9.913 9.966 9.979 9.937 9.829 9.789 9.769 9.697 9.784 9.872 9.795 9.939 10.029 10.236 10.249 10.217 10.224 10.199 10.285 10.486 10.826 11.050 11.374 11.333 11.552 11.926 12.203 12.283 12.145 11.708 11.200 10.982 10.676 10.450 10.245 9.813 9.115 8.201 7.201 6.051 4.885 3.947 3.204 2.541 2.100 1.746 1.389 1.177 1.071 0.927 0.612 0.322 0.235 0.233 0.234 0.248 0.279 0.293 0.297 0.305 0.311 0.299 0.230 0.115 0.070 0.066 0.073 0.100 0.160 0.201 0.206 0.184 0.134 0.091 0.062 0.042
9.570 9.805 9.901 9.853 9.736 9.482 9.401 9.286 9.293 9.569 9.875 10.286 10.677 10.736 10.892 10.954 10.909 10.929 10.895 10.918 10.958 11.241 11.381 11.571 11.616 11.752 12.078 12.295 12.478 12.299 12.036 11.559 11.398 11.180 11.082 11.046 10.909 10.364 9.105 7.648 6.197 4.961 3.970 3.199 2.565 2.075 1.686 1.345 1.140 1.054 1.031 1.085 1.038 0.998 0.974 0.901 0.806 0.780 0.815 0.962 1.218 1.359 1.366 1.198 0.761 0.306 0.129 0.091 0.091 0.118 0.155 0.177 0.179 0.159 0.126 0.089 0.057
9.153 9.483 9.591 9.539 9.355 9.036 8.942 8.839 8.971 9.255 9.726 10.399 10.944 11.221 11.318 11.286 11.188 11.159 11.059 11.144 11.202 11.352 11.478 11.564 11.671 11.640 11.956 12.225 12.367 12.265 12.142 11.731 11.609 11.500 11.631 11.793 11.845 11.547 10.472 8.834 6.728 5.045 3.966 3.192 2.612 2.160 1.805 1.535 1.412 1.474 1.863 2.659 3.167 3.270 3.172 2.926 2.632 2.485 2.512 2.711 3.062 3.231 3.261 3.159 2.669 1.749 0.884 0.367 0.142 0.088 0.105 0.132 0.159 0.164 0.150 0.120 0.081
8.543 8.859 9.011 8.965 8.828 8.551 8.478 8.326 8.436 8.708 9.350 10.186 10.890 11.272 11.364 11.316 11.221 11.074 10.986 11.155 11.258 11.257 11.346 11.361 11.491 11.535 11.606 11.709 11.853 11.824 11.814 11.561 11.504 11.543 11.767 11.937 11.977 11.696 10.761 9.439 7.472 5.382 3.926 3.160 2.679 2.345 2.101 1.992 2.093 2.542 3.359 4.404 5.074 5.325 5.336 5.206 4.996 4.846 4.832 4.855 4.982 5.010 4.998 4.983 4.870 4.340 3.127 1.655 0.613 0.170 0.082 0.093 0.127 0.152 0.153 0.138 0.108
7.672 8.015 8.201 8.191 8.120 7.907 7.765 7.594 7.673 7.835 8.397 9.383 10.210 10.571 10.647 10.581 10.499 10.380 10.269 10.457 10.633 10.687 10.762 10.690 10.689 10.565 10.259 10.071 10.130 10.075 10.100 10.187 10.496 10.905 11.193 11.254 11.198 11.056 10.442 9.314 7.646 5.557 3.876 3.057 2.685 2.495 2.420 2.445 2.712 3.393 4.356 5.370 6.109 6.511 6.726 6.811 6.874 6.880 6.948 6.870 6.820 6.774 6.752 6.682 6.509 6.122 5.060 3.263 1.512 0.505 0.135 0.078 0.094 0.122 0.141 0.141 0.125
6.453 6.741 6.909 7.066 7.085 6.953 6.784 6.628 6.543 6.707 7.173 7.917 8.491 8.803 8.825 8.752 8.635 8.641 8.602 8.634 8.732 8.817 8.813 8.659 8.528 8.280 7.787 7.361 7.130 7.025 7.098 7.432 8.161 8.883 9.107 9.127 9.136 9.060 8.685 7.910 6.797 5.219 3.608 2.818 2.589 2.509 2.562 2.745 3.161 3.919 4.978 6.106 6.929 7.484 7.887 8.212 8.518 8.657 8.808 8.819 8.809 8.670 8.557 8.376 8.041 7.508 6.318 4.378 2.388 1.086 0.374 0.120 0.081 0.093 0.116 0.129 0.129
4.305 4.451 4.645 4.987 5.201 5.198 5.045 4.984 4.980 5.153 5.525 5.903 6.089 6.069 5.992 5.961 5.946 5.966 5.861 5.727 5.634 5.537 5.313 5.013 4.791 4.621 4.364 4.147 4.014 4.023 4.183 4.603 5.290 5.953 6.299 6.391 6.339 6.125 5.859 5.589 4.946 3.660 2.612 2.287 2.294 2.400 2.608 2.925 3.457 4.312 5.476 6.794 7.793 8.601 9.184 9.693 10.084 10.388 10.638 10.688 10.737 10.584 10.441 10.060 9.642 8.969 7.469 5.367 3.347 1.924 0.940 0.360 0.136 0.095 0.106 0.123 0.132
