AvaFrame/avaframe/data/avaSalk/Avaflow_Input_Output/slk_results/slk_ascii/slk_hflow10023.asc
ncols 296
nrows 144
xllcenter 761600.00
yllcenter 8523000.00
cellsize 12.50
NODATA_value -9999.000
[rows 102 to 135 of 144, columns 154 to 230 of 296]
1.575 1.641 1.715 1.937 2.263 2.509 2.680 2.869 3.091 3.340 3.463 3.478 3.452 3.401 3.334 3.280 3.200 3.038 2.849 2.648 2.434 2.254 2.010 1.812 1.683 1.614 1.575 1.557 1.588 1.734 2.029 2.430 2.923 3.286 3.464 3.576 3.563 3.406 3.125 2.584 1.724 1.058 0.965 1.186 1.544 1.930 2.355 2.897 3.593 4.588 5.951 7.424 8.741 9.657 10.420 11.076 11.642 12.122 12.286 12.369 12.520 12.325 12.176 11.859 11.376 10.418 8.955 6.758 4.715 3.160 1.957 1.070 0.519 0.265 0.196 0.196 0.227
0.348 0.367 0.381 0.447 0.609 0.794 0.958 1.135 1.294 1.375 1.392 1.393 1.411 1.420 1.400 1.369 1.268 1.093 0.919 0.772 0.653 0.564 0.490 0.434 0.392 0.366 0.358 0.370 0.426 0.579 0.833 1.099 1.268 1.356 1.447 1.609 1.721 1.702 1.383 0.740 0.268 0.190 0.275 0.484 0.816 1.294 1.911 2.675 3.598 4.762 6.296 7.915 9.593 10.814 11.850 12.614 13.235 13.451 13.833 13.832 13.925 13.787 13.603 13.297 12.801 11.931 10.471 8.166 6.059 4.416 3.095 2.108 1.393 0.930 0.727 0.699 0.802
0.078 0.077 0.075 0.081 0.113 0.162 0.214 0.280 0.325 0.337 0.333 0.329 0.336 0.351 0.357 0.348 0.311 0.243 0.182 0.142 0.118 0.106 0.097 0.088 0.080 0.076 0.073 0.075 0.092 0.139 0.220 0.287 0.313 0.322 0.345 0.416 0.487 0.492 0.347 0.097 0.037 0.040 0.062 0.129 0.273 0.550 1.113 2.053 3.280 4.693 6.343 8.094 9.913 11.467 12.853 13.751 14.715 14.716 15.125 14.893 15.008 14.768 14.572 14.352 13.868 13.134 11.821 9.736 7.531 5.835 4.451 3.401 2.623 2.090 1.836 1.805 1.951
0.025 0.025 0.024 0.025 0.032 0.042 0.053 0.065 0.070 0.070 0.068 0.067 0.069 0.074 0.078 0.076 0.069 0.055 0.043 0.036 0.032 0.029 0.027 0.025 0.024 0.023 0.023 0.024 0.029 0.039 0.053 0.061 0.066 0.069 0.070 0.073 0.080 0.079 0.056 0.023 0.014 0.014 0.016 0.025 0.056 0.138 0.382 1.087 2.444 4.200 6.039 7.997 9.785 11.479 13.013 14.125 15.051 15.203 15.967 15.887 15.951 15.684 15.205 14.870 14.674 13.962 13.131 11.545 9.350 7.486 6.097 4.979 4.148 3.562 3.320 3.320 3.448
0.010 0.010 0.010 0.010 0.012 0.016 0.019 0.021 0.022 0.022 0.021 0.021 0.021 0.024 0.024 0.023 0.021 0.017 0.014 0.012 0.011 0.010 0.010 0.009 0.009 0.009 0.009 0.010 0.012 0.016 0.018 0.021 0.022 0.022 0.021 0.021 0.022 0.021 0.018 0.011 0.008 0.007 0.007 0.008 0.013 0.023 0.070 0.315 1.215 2.984 5.090 7.193 9.172 11.130 12.750 14.054 14.990 15.515 16.018 15.995 15.983 15.853 15.532 15.119 15.052 14.628 14.263 13.084 11.279 9.477 8.111 6.941 6.037 5.457 5.177 5.050 4.975
0.004 0.004 0.004 0.005 0.005 0.007 0.008 0.009 0.008 0.008 0.008 0.008 0.008 0.009 0.009 0.009 0.008 0.006 0.006 0.005 0.005 0.004 0.004 0.004 0.004 0.004 0.005 0.005 0.006 0.008 0.009 0.010 0.010 0.009 0.009 0.011 0.012 0.012 0.011 0.009 0.006 0.004 0.004 0.004 0.005 0.007 0.013 0.047 0.361 1.478 3.442 5.700 7.963 10.154 12.106 13.697 14.820 15.505 16.069 16.029 16.018 15.918 15.547 15.220 15.093 14.780 14.658 14.224 12.846 11.214 9.866 8.785 7.918 7.298 6.866 6.511 6.141
0.002 0.002 0.002 0.002 0.002 0.003 0.004 0.004 0.004 0.004 0.004 0.004 0.004 0.004 0.004 0.004 0.003 0.003 0.002 0.002 0.002 0.002 0.002 0.002 0.002 0.003 0.003 0.003 0.004 0.005 0.005 0.006 0.006 0.006 0.007 0.008 0.009 0.009 0.008 0.007 0.005 0.004 0.003 0.003 0.003 0.004 0.005 0.010 0.059 0.466 1.673 3.677 6.052 8.519 10.759 12.615 13.939 14.698 15.152 15.158 15.439 15.646 15.345 15.096 15.105 15.049 14.856 14.522 13.637 12.398 11.053 9.945 9.075 8.445 7.929 7.411 6.831
0.001 0.001 0.001 0.001 0.001 0.001 0.002 0.002 0.002 0.002 0.002 0.002 0.002 0.002 0.002 0.002 0.001 0.001 0.001 0.001 0.001 0.001 0.001 0.002 0.002 0.002 0.002 0.003 0.003 0.004 0.005 0.005 0.006 0.006 0.007 0.007 0.007 0.007 0.007 0.006 0.005 0.003 0.002 0.002 0.002 0.002 0.003 0.004 0.009 0.067 0.452 1.598 3.669 6.316 8.828 10.897 12.226 13.175 13.624 13.849 14.285 14.732 14.656 14.662 14.925 14.951 14.774 14.602 13.906 12.779 11.378 10.327 9.573 8.896 8.291 7.686 7.027
0.000 0.000 0.000 0.000 0.001 0.001 0.001 0.001 0.001 0.001 0.001 0.001 0.001 0.001 0.001 0.001 0.001 0.001 0.001 0.001 0.001 0.001 0.001 0.001 0.002 0.002 0.002 0.003 0.003 0.004 0.005 0.005 0.006 0.006 0.006 0.006 0.006 0.006 0.006 0.005 0.004 0.003 0.002 0.002 0.002 0.002 0.002 0.002 0.004 0.010 0.050 0.388 1.541 3.615 6.038 8.137 9.757 11.028 11.731 12.423 12.934 13.309 13.353 13.689 14.180 14.543 14.536 14.363 13.769 12.765 11.416 10.308 9.512 8.789 8.130 7.521 6.819
0.000 0.000 0.000 0.000 0.000 0.000 0.000 0.000 0.000 0.000 0.000 0.000 0.000 0.000 0.000 0.000 0.000 0.000 0.000 0.000 0.000 0.001 0.001 0.001 0.001 0.002 0.002 0.003 0.003 0.004 0.005 0.006 0.006 0.006 0.006 0.006 0.006 0.006 0.006 0.005 0.004 0.003 0.002 0.002 0.001 0.001 0.001 0.001 0.002 0.004 0.009 0.039 0.383 1.489 3.244 5.084 6.807 8.396 9.677 10.779 11.464 11.942 12.153 12.512 13.077 13.501 13.696 13.536 13.095 12.276 11.119 10.085 9.272 8.537 7.797 7.112 6.364
0.000 0.000 0.000 0.000 0.000 0.000 0.000 0.000 0.000 0.000 0.000 0.000 0.000 0.000 0.000 0.000 0.000 0.000 0.000 0.000 0.000 0.000 0.000 0.001 0.001 0.001 0.002 0.003 0.003 0.004 0.005 0.006 0.006 0.007 0.007 0.007 0.007 0.007 0.006 0.005 0.004 0.003 0.002 0.002 0.001 0.001 0.001 0.001 0.001 0.002 0.004 0.009 0.046 0.371 1.303 2.708 4.215 5.723 7.300 8.729 9.840 10.416 10.843 11.227 11.655 12.243 12.539 12.436 12.261 11.598 10.570 9.546 8.702 7.929 7.171 6.440 5.651
0.000 0.000 0.000 0.000 0.000 0.000 0.000 0.000 0.000 0.000 0.000 0.000 0.000 0.000 0.000 0.000 0.000 0.000 0.000 0.000 0.000 0.000 0.000 0.000 0.001 0.001 0.002 0.002 0.003 0.004 0.005 0.006 0.007 0.008 0.009 0.009 0.009 0.010 0.009 0.008 0.006 0.004 0.003 0.002 0.001 0.001 0.001 0.001 0.001 0.001 0.002 0.003 0.009 0.047 0.329 1.087 2.217 3.539 4.998 6.472 7.868 8.769 9.517 10.170 10.463 10.770 11.007 10.941 10.968 10.455 9.618 8.715 7.883 7.069 6.300 5.525 4.723
0.000 0.000 0.000 0.000 0.000 0.000 0.000 0.000 0.000 0.000 0.000 0.000 0.000 0.000 0.000 0.000 0.000 0.000 0.000 0.000 0.000 0.000 0.000 0.000 0.000 0.001 0.001 0.002 0.002 0.003 0.004 0.006 0.007 0.008 0.010 0.011 0.011 0.012 0.012 0.010 0.008 0.005 0.004 0.002 0.002 0.001 0.001 0.001 0.001 0.001 0.001 0.002 0.003 0.009 0.042 0.270 0.888 1.861 3.035 4.348 5.734 6.918 7.942 8.803 9.173 9.362 9.397 9.239 9.203 8.867 8.257 7.524 6.782 6.039 5.322 4.583 3.835
0.000 0.000 0.000 0.000 0.000 0.000 0.000 0.000 0.000 0.000 0.000 0.000 0.000 0.000 0.000 0.000 0.000 0.000 0.000 0.000 0.000 0.000 0.000 0.000 0.000 0.000 0.000 0.001 0.002 0.003 0.004 0.005 0.007 0.008 0.010 0.011 0.011 0.012 0.011 0.011 0.009 0.006 0.004 0.003 0.002 0.001 0.001 0.000 0.000 0.000 0.001 0.001 0.002 0.003 0.008 0.032 0.213 0.720 1.523 2.561 3.773 5.074 6.258 7.339 7.880 8.011 7.957 7.771 7.449 7.008 6.577 6.156 5.658 5.105 4.483 3.816 3.116
0.000 0.000 0.000 0.000 0.000 0.000 0.000 0.000 0.000 0.000 0.000 0.000 0.000 0.000 0.000 0.000 0.000 0.000 0.000 0.000 0.000 0.000 0.000 0.000 0.000 0.000 0.000 0.000 0.001 0.002 0.003 0.005 0.006 0.008 0.009 0.010 0.010 0.010 0.010 0.009 0.008 0.006 0.004 0.003 0.002 0.001 0.000 0.000 0.000 0.000 0.000 0.001 0.001 0.002 0.003 0.008 0.025 0.157 0.527 1.194 2.151 3.313 4.516 5.639 6.337 6.632 6.628 6.434 6.093 5.580 5.143 4.918 4.666 4.303 3.809 3.223 2.572
0.000 0.000 0.000 0.000 0.000 0.000 0.000 0.000 0.000 0.000 0.000 0.000 0.000 0.000 0.000 0.000 0.000 0.000 0.000 0.000 0.000 0.000 0.000 0.000 0.000 0.000 0.000 0.000 0.000 0.001 0.002 0.003 0.005 0.006 0.007 0.007 0.007 0.007 0.007 0.007 0.006 0.005 0.004 0.002 0.001 0.001 0.000 0.000 0.000 0.000 0.000 0.000 0.001 0.001 0.001 0.003 0.006 0.017 0.100 0.368 0.945 1.818 2.874 3.947 4.722 5.158 5.288 5.195 4.953 4.577 4.169 3.924 3.767 3.577 3.267 2.806 2.229
0.000 0.000 0.000 0.000 0.000 0.000 0.000 0.000 0.000 0.000 0.000 0.000 0.000 0.000 0.000 0.000 0.000 0.000 0.000 0.000 0.000 0.000 0.000 0.000 0.000 0.000 0.000 0.000 0.000 0.000 0.001 0.002 0.003 0.004 0.004 0.004 0.004 0.004 0.004 0.004 0.004 0.003 0.003 0.002 0.001 0.000 0.000 0.000 0.000 0.000 0.000 0.000 0.000 0.000 0.001 0.001 0.003 0.005 0.013 0.064 0.267 0.738 1.511 2.504 3.303 3.776 3.996 4.047 3.982 3.786 3.497 3.226 3.047 2.916 2.750 2.457 2.019
0.000 0.000 0.000 0.000 0.000 0.000 0.000 0.000 0.000 0.000 0.000 0.000 0.000 0.000 0.000 0.000 0.000 0.000 0.000 0.000 0.000 0.000 0.000 0.000 0.000 0.000 0.000 0.000 0.000 0.000 0.000 0.001 0.001 0.002 0.002 0.002 0.002 0.002 0.002 0.002 0.002 0.002 0.001 0.001 0.000 0.000 0.000 0.000 0.000 0.000 0.000 0.000 0.000 0.000 0.000 0.001 0.001 0.002 0.005 0.011 0.043 0.179 0.568 1.331 2.118 2.578 2.863 3.041 3.116 3.067 2.923 2.706 2.506 2.357 2.207 2.021 1.767
0.000 0.000 0.000 0.000 0.000 0.000 0.000 0.000 0.000 0.000 0.000 0.000 0.000 0.000 0.000 0.000 0.000 0.000 0.000 0.000 0.000 0.000 0.000 0.000 0.000 0.000 0.000 0.000 0.000 0.000 0.000 0.000 0.000 0.001 0.001 0.001 0.001 0.001 0.001 0.001 0.001 0.001 0.000 0.000 0.000 0.000 0.000 0.000 0.000 0.000 0.000 0.000 0.000 0.000 0.000 0.000 0.000 0.001 0.002 0.004 0.009 0.024 0.125 0.506 1.144 1.610 1.925 2.182 2.359 2.421 2.393 2.256 2.075 1.903 1.737 1.567 1.400
0.000 0.000 0.000 0.000 0.000 0.000 0.000 0.000 0.000 0.000 0.000 0.000 0.000 0.000 0.000 0.000 0.000 0.000 0.000 0.000 0.000 0.000 0.000 0.000 0.000 0.000 0.000 0.000 0.000 0.000 0.000 0.000 0.000 0.000 0.000 0.000 0.000 0.000 0.000 0.000 0.000 0.000 0.000 0.000 0.000 0.000 0.000 0.000 0.000 0.000 0.000 0.000 0.000 0.000 0.000 0.000 0.000 0.000 0.001 0.002 0.003 0.007 0.017 0.123 0.456 0.856 1.194 1.494 1.736 1.880 1.915 1.835 1.689 1.528 1.369 1.209 1.049
0.000 0.000 0.000 0.000 0.000 0.000 0.000 0.000 0.000 0.000 0.000 0.000 0.000 0.000 0.000 0.000 0.000 0.000 0.000 0.000 0.000 0.000 0.000 0.000 0.000 0.000 0.000 0.000 0.000 0.000 0.000 0.000 0.000 0.000 0.000 0.000 0.000 0.000 0.000 0.000 0.000 0.000 0.000 0.000 0.000 0.000 0.000 0.000 0.000 0.000 0.000 0.000 0.000 0.000 0.000 0.000 0.000 0.000 0.000 0.001 0.001 0.003 0.007 0.025 0.128 0.355 0.644 0.959 1.236 1.420 1.483 1.444 1.344 1.214 1.076 0.936 0.790
0.000 0.000 0.000 0.000 0.000 0.000 0.000 0.000 0.000 0.000 0.000 0.000 0.000 0.000 0.000 0.000 0.000 0.000 0.000 0.000 0.000 0.000 0.000 0.000 0.000 0.000 0.000 0.000 0.000 0.000 0.000 0.000 0.000 0.000 0.000 0.000 0.000 0.000 0.000 0.000 0.000 0.000 0.000 0.000 0.000 0.000 0.000 0.000 0.000 0.000 0.000 0.000 0.000 0.000 0.000 0.000 0.000 0.000 0.000 0.000 0.001 0.001 0.003 0.008 0.032 0.114 0.281 0.544 0.837 1.034 1.115 1.106 1.047 0.953 0.843 0.721 0.592
0.000 0.000 0.000 0.000 0.000 0.000 0.000 0.000 0.000 0.000 0.000 0.000 0.000 0.000 0.000 0.000 0.000 0.000 0.000 0.000 0.000 0.000 0.000 0.000 0.000 0.000 0.000 0.000 0.000 0.000 0.000 0.000 0.000 0.000 0.000 0.000 0.000 0.000 0.000 0.000 0.000 0.000 0.000 0.000 0.000 0.000 0.000 0.000 0.000 0.000 0.000 0.000 0.000 0.000 0.000 0.000 0.000 0.000 0.000 0.000 0.000 0.001 0.001 0.003 0.010 0.032 0.099 0.259 0.521 0.723 0.813 0.829 0.800 0.734 0.649 0.547 0.435
0.000 0.000 0.000 0.000 0.000 0.000 0.000 0.000 0.000 0.000 0.000 0.000 0.000 0.000 0.000 0.000 0.000 0.000 0.000 0.000 0.000 0.000 0.000 0.000 0.000 0.000 0.000 0.000 0.000 0.000 0.000 0.000 0.000 0.000 0.000 0.000 0.000 0.000 0.000 0.000 0.000 0.000 0.000 0.000 0.000 0.000 0.000 0.000 0.000 0.000 0.000 0.000 0.000 0.000 0.000 0.000 0.000 0.000 0.000 0.000 0.000 0.000 0.001 0.002 0.004 0.011 0.033 0.113 0.301 0.486 0.577 0.603 0.593 0.550 0.481 0.396 0.309
0.000 0.000 0.000 0.000 0.000 0.000 0.000 0.000 0.000 0.000 0.000 0.000 0.000 0.000 0.000 0.000 0.000 0.000 0.000 0.000 0.000 0.000 0.000 0.000 0.000 0.000 0.000 0.000 0.000 0.000 0.000 0.000 0.000 0.000 0.000 0.000 0.000 0.000 0.000 0.000 0.000 0.000 0.000 0.000 0.000 0.000 0.000 0.000 0.000 0.000 0.000 0.000 0.000 0.000 0.000 0.000 0.000 0.000 0.000 0.000 0.000 0.000 0.000 0.001 0.002 0.005 0.014 0.051 0.168 0.318 0.398 0.429 0.430 0.402 0.347 0.282 0.218
0.000 0.000 0.000 0.000 0.000 0.000 0.000 0.000 0.000 0.000 0.000 0.000 0.000 0.000 0.000 0.000 0.000 0.000 0.000 0.000 0.000 0.000 0.000 0.000 0.000 0.000 0.000 0.000 0.000 0.000 0.000 0.000 0.000 0.000 0.000 0.000 0.000 0.000 0.000 0.000 0.000 0.000 0.000 0.000 0.000 0.000 0.000 0.000 0.000 0.000 0.000 0.000 0.000 0.000 0.000 0.000 0.000 0.000 0.000 0.000 0.000 0.000 0.000 0.000 0.001 0.003 0.007 0.024 0.090 0.199 0.269 0.300 0.305 0.290 0.255 0.208 0.157
0.000 0.000 0.000 0.000 0.000 0.000 0.000 0.000 0.000 0.000 0.000 0.000 0.000 0.000 0.000 0.000 0.000 0.000 0.000 0.000 0.000 0.000 0.000 0.000 0.000 0.000 0.000 0.000 0.000 0.000 0.000 0.000 0.000 0.000 0.000 0.000 0.000 0.000 0.000 0.000 0.000 0.000 0.000 0.000 0.000 0.000 0.000 0.000 0.000 0.000 0.000 0.000 0.000 0.000 0.000 0.000 0.000 0.000 0.000 0.000 0.000 0.000 0.000 0.000 0.001 0.002 0.004 0.013 0.046 0.120 0.179 0.207 0.212 0.203 0.183 0.152 0.114
0.000 0.000 0.000 0.000 0.000 0.000 0.000 0.000 0.000 0.000 0.000 0.000 0.000 0.000 0.000 0.000 0.000 0.000 0.000 0.000 0.000 0.000 0.000 0.000 0.000 0.000 0.000 0.000 0.000 0.000 0.000 0.000 0.000 0.000 0.000 0.000 0.000 0.000 0.000 0.000 0.000 0.000 0.000 0.000 0.000 0.000 0.000 0.000 0.000 0.000 0.000 0.000 0.000 0.000 0.000 0.000 0.000 0.000 0.000 0.000 0.000 0.000 0.000 0.000 0.000 0.001 0.003 0.007 0.024 0.071 0.119 0.141 0.144 0.139 0.128 0.108 0.081
0.000 0.000 0.000 0.000 0.000 0.000 0.000 0.000 0.000 0.000 0.000 0.000 0.000 0.000 0.000 0.000 0.000 0.000 0.000 0.000 0.000 0.000 0.000 0.000 0.000 0.000 0.000 0.000 0.000 0.000 0.000 0.000 0.000 0.000 0.000 0.000 0.000 0.000 0.000 0.000 0.000 0.000 0.000 0.000 0.000 0.000 0.000 0.000 0.000 0.000 0.000 0.000 0.000 0.000 0.000 0.000 0.000 0.000 0.000 0.000 0.000 0.000 0.000 0.000 0.000 0.001 0.001 0.004 0.013 0.040 0.078 0.095 0.096 0.095 0.089 0.076 0.058
0.000 0.000 0.000 0.000 0.000 0.000 0.000 0.000 0.000 0.000 0.000 0.000 0.000 0.000 0.000 0.000 0.000 0.000 0.000 0.000 0.000 0.000 0.000 0.000 0.000 0.000 0.000 0.000 0.000 0.000 0.000 0.000 0.000 0.000 0.000 0.000 0.000 0.000 0.000 0.000 0.000 0.000 0.000 0.000 0.000 0.000 0.000 0.000 0.000 0.000 0.000 0.000 0.000 0.000 0.000 0.000 0.000 0.000 0.000 0.000 0.000 0.000 0.000 0.000 0.000 0.000 0.001 0.002 0.006 0.019 0.045 0.062 0.065 0.065 0.062 0.054 0.043
0.000 0.000 0.000 0.000 0.000 0.000 0.000 0.000 0.000 0.000 0.000 0.000 0.000 0.000 0.000 0.000 0.000 0.000 0.000 0.000 0.000 0.000 0.000 0.000 0.000 0.000 0.000 0.000 0.000 0.000 0.000 0.000 0.000 0.000 0.000 0.000 0.000 0.000 0.000 0.000 0.000 0.000 0.000 0.000 0.000 0.000 0.000 0.000 0.000 0.000 0.000 0.000 0.000 0.000 0.000 0.000 0.000 0.000 0.000 0.000 0.000 0.000 0.000 0.000 0.000 0.000 0.000 0.001 0.003 0.008 0.022 0.038 0.044 0.044 0.043 0.039 0.033
0.000 0.000 0.000 0.000 0.000 0.000 0.000 0.000 0.000 0.000 0.000 0.000 0.000 0.000 0.000 0.000 0.000 0.000 0.000 0.000 0.000 0.000 0.000 0.000 0.000 0.000 0.000 0.000 0.000 0.000 0.000 0.000 0.000 0.000 0.000 0.000 0.000 0.000 0.000 0.000 0.000 0.000 0.000 0.000 0.000 0.000 0.000 0.000 0.000 0.000 0.000 0.000 0.000 0.000 0.000 0.000 0.000 0.000 0.000 0.000 0.000 0.000 0.000 0.000 0.000 0.000 0.000 0.001 0.002 0.004 0.010 0.021 0.028 0.029 0.029 0.028 0.025
0.000 0.000 0.000 0.000 0.000 0.000 0.000 0.000 0.000 0.000 0.000 0.000 0.000 0.000 0.000 0.000 0.000 0.000 0.000 0.000 0.000 0.000 0.000 0.000 0.000 0.000 0.000 0.000 0.000 0.000 0.000 0.000 0.000 0.000 0.000 0.000 0.000 0.000 0.000 0.000 0.000 0.000 0.000 0.000 0.000 0.000 0.000 0.000 0.000 0.000 0.000 0.000 0.000 0.000 0.000 0.000 0.000 0.000 0.000 0.000 0.000 0.000 0.000 0.000 0.000 0.000 0.000 0.000 0.001 0.002 0.005 0.010 0.017 0.019 0.019 0.019 0.017
0.000 0.000 0.000 0.000 0.000 0.000 0.000 0.000 0.000 0.000 0.000 0.000 0.000 0.000 0.000 0.000 0.000 0.000 0.000 0.000 0.000 0.000 0.000 0.000 0.000 0.000 0.000 0.000 0.000 0.000 0.000 0.000 0.000 0.000 0.000 0.000 0.000 0.000 0.000 0.000 0.000 0.000 0.000 0.000 0.000 0.000 0.000 0.000 0.000 0.000 0.000 0.000 0.000 0.000 0.000 0.000 0.000 0.000 0.000 0.000 0.000 0.000 0.000 0.000 0.000 0.000 0.000 0.000 0.000 0.001 0.002 0.005 0.009 0.011 0.012 0.011 0.011
