AvaFrame/avaframe/data/avaSalk/Avaflow_Input_Output/slk_results/slk_ascii/slk_hflow0013.asc
ncols 296
nrows 144
xllcenter 761600.00
yllcenter 8523000.00
cellsize 12.50
NODATA_value -9999.000
[rows 68 to 101 of 144, columns 154 to 230 of 296]
0.000 0.000 0.000 0.000 0.000 0.000 0.000 0.000 0.000 0.000 0.000 0.000 0.000 0.000 0.000 0.001 0.001 0.001 0.001 0.001 0.001 0.002 0.002 0.002 0.002 0.002 0.002 0.002 0.002 0.003 0.003 0.004 0.004 0.005 0.005 0.006 0.007 0.007 0.008 0.009 0.010 0.010 0.011 0.012 0.012 0.012 0.013 0.014 0.016 0.018 0.020 0.021 0.023 0.026 0.029 0.033 0.038 0.046 0.056 0.069 0.089 0.121 0.170 0.235 0.322 0.433 0.561 0.685 0.777 0.834 0.863 0.864 0.830 0.727 0.561 0.417 0.332
0.000 0.000 0.000 0.000 0.000 0.000 0.000 0.000 0.000 0.000 0.000 0.000 0.000 0.001 0.001 0.001 0.001 0.001 0.001 0.001 0.002 0.002 0.002 0.002 0.002 0.002 0.002 0.002 0.003 0.003 0.004 0.004 0.005 0.005 0.006 0.007 0.008 0.009 0.009 0.010 0.011 0.011 0.012 0.012 0.013 0.013 0.014 0.015 0.017 0.020 0.022 0.024 0.027 0.030 0.034 0.039 0.047 0.058 0.072 0.092 0.122 0.170 0.239 0.330 0.447 0.578 0.696 0.784 0.844 0.871 0.868 0.823 0.708 0.544 0.403 0.327 0.284
0.000 0.000 0.000 0.000 0.000 0.000 0.000 0.000 0.000 0.000 0.000 0.001 0.001 0.001 0.001 0.001 0.001 0.001 0.001 0.002 0.002 0.002 0.003 0.003 0.003 0.003 0.003 0.003 0.003 0.004 0.005 0.005 0.006 0.006 0.007 0.008 0.009 0.010 0.010 0.011 0.011 0.012 0.012 0.013 0.013 0.014 0.016 0.017 0.019 0.022 0.025 0.028 0.031 0.035 0.041 0.048 0.059 0.075 0.096 0.127 0.172 0.239 0.330 0.450 0.590 0.715 0.796 0.843 0.867 0.870 0.824 0.709 0.548 0.410 0.328 0.283 0.255
0.000 0.000 0.001 0.001 0.001 0.001 0.001 0.000 0.000 0.000 0.000 0.001 0.001 0.001 0.001 0.001 0.001 0.002 0.002 0.002 0.002 0.003 0.003 0.004 0.004 0.004 0.004 0.004 0.004 0.005 0.005 0.006 0.007 0.008 0.008 0.009 0.010 0.011 0.011 0.012 0.012 0.013 0.013 0.014 0.015 0.016 0.018 0.020 0.022 0.025 0.029 0.032 0.037 0.043 0.050 0.060 0.076 0.097 0.129 0.181 0.253 0.339 0.458 0.602 0.728 0.818 0.868 0.877 0.862 0.823 0.718 0.560 0.426 0.341 0.289 0.255 0.228
0.000 0.001 0.001 0.001 0.001 0.001 0.001 0.001 0.001 0.001 0.001 0.001 0.001 0.001 0.001 0.002 0.002 0.003 0.003 0.003 0.003 0.004 0.004 0.004 0.004 0.004 0.004 0.005 0.005 0.006 0.006 0.007 0.008 0.009 0.010 0.011 0.011 0.012 0.012 0.013 0.014 0.014 0.015 0.016 0.017 0.019 0.021 0.024 0.027 0.031 0.034 0.039 0.047 0.055 0.064 0.077 0.098 0.129 0.178 0.273 0.378 0.477 0.620 0.747 0.823 0.860 0.880 0.876 0.828 0.730 0.585 0.445 0.355 0.298 0.258 0.226 0.197
0.000 0.000 0.001 0.001 0.001 0.001 0.001 0.001 0.001 0.001 0.001 0.001 0.001 0.002 0.002 0.003 0.004 0.004 0.004 0.004 0.005 0.005 0.006 0.006 0.006 0.006 0.006 0.006 0.006 0.007 0.007 0.008 0.009 0.010 0.011 0.012 0.013 0.013 0.014 0.014 0.015 0.016 0.017 0.019 0.020 0.023 0.026 0.029 0.033 0.037 0.042 0.049 0.060 0.073 0.086 0.105 0.138 0.191 0.285 0.447 0.565 0.654 0.751 0.819 0.850 0.857 0.857 0.826 0.732 0.586 0.452 0.365 0.306 0.263 0.230 0.199 0.169
0.000 0.001 0.001 0.001 0.001 0.002 0.002 0.002 0.002 0.002 0.002 0.002 0.002 0.002 0.003 0.005 0.007 0.008 0.008 0.008 0.008 0.009 0.008 0.008 0.007 0.007 0.007 0.007 0.008 0.008 0.009 0.010 0.010 0.011 0.012 0.013 0.014 0.014 0.015 0.016 0.017 0.018 0.020 0.023 0.025 0.028 0.032 0.035 0.040 0.045 0.052 0.063 0.079 0.098 0.121 0.159 0.228 0.357 0.537 0.718 0.807 0.843 0.854 0.848 0.840 0.828 0.797 0.718 0.581 0.448 0.364 0.310 0.269 0.235 0.204 0.174 0.145
0.001 0.001 0.001 0.002 0.002 0.004 0.004 0.005 0.005 0.004 0.004 0.004 0.004 0.004 0.006 0.009 0.014 0.018 0.019 0.019 0.019 0.017 0.013 0.011 0.010 0.010 0.010 0.010 0.010 0.010 0.011 0.011 0.012 0.013 0.014 0.015 0.016 0.016 0.017 0.018 0.019 0.022 0.025 0.029 0.032 0.035 0.039 0.043 0.048 0.055 0.066 0.083 0.108 0.142 0.189 0.276 0.445 0.629 0.761 0.829 0.864 0.887 0.889 0.861 0.822 0.783 0.702 0.581 0.457 0.371 0.316 0.276 0.241 0.209 0.178 0.149 0.123
0.002 0.002 0.002 0.003 0.004 0.007 0.011 0.011 0.011 0.008 0.008 0.007 0.007 0.009 0.012 0.021 0.036 0.049 0.053 0.053 0.050 0.043 0.027 0.017 0.015 0.015 0.014 0.014 0.014 0.013 0.013 0.013 0.013 0.014 0.015 0.017 0.017 0.018 0.019 0.021 0.023 0.027 0.033 0.038 0.041 0.044 0.047 0.051 0.058 0.069 0.086 0.113 0.157 0.228 0.349 0.514 0.661 0.733 0.768 0.786 0.801 0.842 0.873 0.845 0.776 0.696 0.575 0.458 0.383 0.330 0.287 0.248 0.214 0.181 0.150 0.123 0.103
0.004 0.004 0.004 0.005 0.009 0.019 0.031 0.034 0.031 0.021 0.017 0.017 0.018 0.022 0.033 0.055 0.084 0.108 0.120 0.124 0.122 0.109 0.070 0.035 0.026 0.025 0.025 0.025 0.024 0.022 0.020 0.018 0.017 0.017 0.018 0.019 0.020 0.021 0.022 0.025 0.028 0.034 0.043 0.050 0.055 0.056 0.058 0.062 0.072 0.089 0.118 0.166 0.251 0.399 0.566 0.669 0.695 0.689 0.676 0.679 0.706 0.761 0.815 0.788 0.681 0.554 0.446 0.381 0.343 0.310 0.271 0.225 0.182 0.149 0.122 0.100 0.087
0.009 0.009 0.010 0.012 0.023 0.060 0.108 0.123 0.112 0.074 0.054 0.051 0.056 0.072 0.102 0.137 0.169 0.197 0.222 0.237 0.241 0.227 0.163 0.082 0.054 0.051 0.050 0.051 0.054 0.052 0.046 0.038 0.032 0.027 0.023 0.022 0.022 0.024 0.026 0.030 0.035 0.042 0.050 0.057 0.063 0.068 0.071 0.078 0.094 0.125 0.174 0.258 0.394 0.535 0.627 0.662 0.654 0.640 0.646 0.674 0.695 0.737 0.761 0.698 0.565 0.449 0.378 0.344 0.325 0.303 0.269 0.222 0.164 0.125 0.101 0.086 0.078
0.023 0.025 0.028 0.039 0.078 0.178 0.276 0.305 0.287 0.227 0.192 0.187 0.196 0.219 0.252 0.281 0.302 0.331 0.375 0.403 0.409 0.391 0.309 0.170 0.105 0.097 0.100 0.110 0.127 0.138 0.136 0.123 0.103 0.078 0.047 0.030 0.028 0.029 0.032 0.036 0.043 0.050 0.056 0.061 0.069 0.079 0.089 0.104 0.133 0.185 0.268 0.395 0.518 0.588 0.619 0.630 0.637 0.647 0.666 0.685 0.677 0.693 0.687 0.604 0.478 0.391 0.342 0.320 0.312 0.300 0.274 0.230 0.164 0.115 0.091 0.080 0.074
0.083 0.093 0.119 0.176 0.296 0.446 0.546 0.577 0.566 0.524 0.497 0.486 0.479 0.477 0.482 0.485 0.496 0.531 0.596 0.635 0.639 0.608 0.493 0.278 0.172 0.161 0.177 0.215 0.266 0.317 0.351 0.363 0.346 0.293 0.184 0.084 0.047 0.039 0.040 0.044 0.051 0.057 0.062 0.067 0.077 0.093 0.115 0.145 0.196 0.280 0.401 0.518 0.585 0.613 0.623 0.634 0.650 0.667 0.678 0.674 0.647 0.625 0.594 0.519 0.414 0.343 0.303 0.290 0.293 0.296 0.282 0.246 0.178 0.118 0.090 0.079 0.073
0.436 0.470 0.556 0.710 0.888 0.987 1.002 0.985 0.976 0.964 0.944 0.912 0.866 0.808 0.773 0.765 0.774 0.808 0.865 0.904 0.913 0.861 0.650 0.358 0.244 0.241 0.288 0.377 0.488 0.600 0.716 0.809 0.852 0.812 0.624 0.345 0.166 0.088 0.060 0.056 0.060 0.065 0.070 0.078 0.093 0.118 0.155 0.209 0.292 0.408 0.518 0.585 0.616 0.631 0.641 0.654 0.670 0.676 0.671 0.650 0.604 0.546 0.495 0.433 0.352 0.291 0.256 0.247 0.259 0.284 0.288 0.268 0.204 0.130 0.096 0.083 0.075
1.503 1.520 1.609 1.785 1.894 1.877 1.741 1.622 1.569 1.527 1.468 1.397 1.305 1.198 1.142 1.136 1.142 1.145 1.152 1.153 1.137 1.045 0.736 0.420 0.338 0.359 0.452 0.604 0.790 0.989 1.212 1.428 1.589 1.630 1.476 1.068 0.618 0.333 0.170 0.092 0.074 0.076 0.083 0.097 0.122 0.161 0.218 0.301 0.413 0.520 0.585 0.621 0.640 0.651 0.662 0.670 0.673 0.668 0.651 0.610 0.548 0.480 0.420 0.361 0.293 0.239 0.208 0.200 0.213 0.261 0.293 0.292 0.244 0.155 0.109 0.093 0.083
3.181 3.123 3.099 3.128 3.111 3.000 2.772 2.577 2.423 2.246 2.078 1.948 1.821 1.695 1.628 1.616 1.606 1.559 1.477 1.386 1.297 1.142 0.770 0.505 0.476 0.550 0.705 0.926 1.193 1.489 1.821 2.164 2.460 2.646 2.651 2.318 1.652 1.042 0.594 0.276 0.124 0.096 0.102 0.127 0.168 0.227 0.308 0.416 0.516 0.582 0.623 0.648 0.664 0.672 0.676 0.675 0.667 0.649 0.615 0.559 0.491 0.424 0.359 0.296 0.233 0.182 0.156 0.150 0.162 0.222 0.297 0.314 0.283 0.189 0.130 0.109 0.096
4.528 4.439 4.361 4.293 4.233 4.124 3.943 3.738 3.470 3.114 2.822 2.628 2.481 2.364 2.285 2.240 2.191 2.074 1.821 1.597 1.422 1.185 0.827 0.666 0.692 0.839 1.075 1.371 1.720 2.120 2.570 3.020 3.426 3.736 3.853 3.712 3.139 2.360 1.624 0.924 0.394 0.174 0.142 0.172 0.238 0.327 0.426 0.515 0.579 0.621 0.649 0.668 0.680 0.683 0.678 0.669 0.653 0.620 0.568 0.502 0.432 0.362 0.293 0.229 0.172 0.127 0.104 0.099 0.110 0.169 0.290 0.333 0.313 0.226 0.159 0.130 0.106
5.495 5.422 5.361 5.307 5.248 5.156 5.016 4.836 4.568 4.136 3.751 3.516 3.361 3.253 3.158 3.066 2.913 2.597 2.104 1.770 1.527 1.237 0.990 0.945 1.044 1.270 1.589 1.964 2.391 2.897 3.488 4.022 4.467 4.771 4.877 4.806 4.488 3.978 3.290 2.338 1.253 0.581 0.308 0.252 0.332 0.454 0.539 0.592 0.620 0.645 0.663 0.682 0.695 0.693 0.674 0.650 0.622 0.580 0.517 0.438 0.363 0.293 0.228 0.171 0.124 0.089 0.072 0.069 0.080 0.134 0.278 0.347 0.338 0.267 0.190 0.143 0.106
6.331 6.288 6.255 6.224 6.180 6.098 5.978 5.820 5.594 5.241 4.892 4.668 4.523 4.429 4.240 3.939 3.506 2.938 2.308 1.887 1.608 1.398 1.313 1.382 1.587 1.900 2.295 2.747 3.249 3.881 4.597 5.157 5.525 5.716 5.763 5.693 5.534 5.332 4.977 4.208 2.879 1.704 1.060 0.656 0.471 0.529 0.598 0.632 0.654 0.660 0.673 0.702 0.713 0.698 0.659 0.615 0.574 0.525 0.450 0.367 0.300 0.240 0.186 0.137 0.096 0.071 0.061 0.061 0.073 0.132 0.276 0.355 0.353 0.293 0.202 0.141 0.098
7.057 7.046 7.045 7.030 6.982 6.916 6.826 6.697 6.530 6.301 6.079 5.915 5.771 5.548 5.115 4.526 3.844 3.099 2.448 1.998 1.767 1.721 1.808 2.019 2.356 2.780 3.262 3.790 4.387 5.105 5.806 6.270 6.487 6.552 6.553 6.482 6.369 6.277 6.034 5.428 4.468 3.450 2.721 2.050 1.277 0.692 0.599 0.650 0.661 0.663 0.678 0.717 0.723 0.687 0.618 0.548 0.496 0.446 0.380 0.312 0.255 0.203 0.156 0.117 0.086 0.068 0.062 0.063 0.081 0.149 0.289 0.359 0.359 0.300 0.195 0.128 0.084
7.691 7.706 7.711 7.698 7.665 7.601 7.516 7.416 7.303 7.183 7.069 6.952 6.743 6.290 5.596 4.813 4.011 3.222 2.617 2.244 2.142 2.252 2.521 2.916 3.401 3.958 4.576 5.216 5.852 6.538 7.047 7.332 7.404 7.420 7.381 7.249 7.042 6.878 6.563 5.973 5.424 4.938 4.531 4.139 3.370 1.974 0.813 0.625 0.659 0.663 0.693 0.722 0.713 0.642 0.529 0.451 0.413 0.382 0.340 0.288 0.230 0.172 0.127 0.099 0.081 0.071 0.069 0.075 0.105 0.188 0.312 0.365 0.361 0.289 0.173 0.106 0.070
8.299 8.274 8.265 8.219 8.161 8.098 8.030 7.972 7.926 7.886 7.843 7.726 7.362 6.642 5.728 4.884 4.093 3.417 2.978 2.777 2.789 3.033 3.508 4.110 4.770 5.470 6.219 6.996 7.586 8.068 8.259 8.391 8.396 8.326 8.194 7.934 7.623 7.332 6.885 6.309 5.982 5.748 5.536 5.367 5.100 4.179 2.200 0.783 0.622 0.672 0.710 0.706 0.656 0.539 0.427 0.381 0.365 0.351 0.327 0.281 0.209 0.141 0.100 0.081 0.075 0.075 0.080 0.097 0.144 0.245 0.342 0.376 0.359 0.250 0.136 0.082 0.059
8.969 8.728 8.627 8.528 8.463 8.419 8.397 8.405 8.446 8.467 8.427 8.161 7.597 6.691 5.644 4.857 4.262 3.832 3.643 3.630 3.761 4.129 4.788 5.594 6.473 7.294 8.063 8.766 9.211 9.494 9.520 9.507 9.480 9.259 8.942 8.505 8.134 7.745 7.227 6.690 6.331 6.083 5.947 5.814 5.600 5.135 3.865 1.727 0.704 0.669 0.705 0.654 0.534 0.420 0.360 0.345 0.346 0.344 0.327 0.274 0.179 0.110 0.080 0.070 0.069 0.072 0.086 0.120 0.193 0.307 0.375 0.388 0.328 0.182 0.096 0.063 0.052
9.445 9.029 8.862 8.760 8.694 8.676 8.707 8.750 8.844 8.901 8.751 8.270 7.545 6.570 5.590 5.015 4.741 4.634 4.662 4.808 5.086 5.574 6.320 7.255 8.156 8.959 9.657 10.144 10.451 10.645 10.601 10.461 10.320 9.936 9.602 9.113 8.667 8.246 7.741 7.179 6.619 6.208 6.020 5.867 5.630 5.174 4.405 2.770 1.178 0.699 0.657 0.557 0.419 0.347 0.323 0.325 0.343 0.349 0.335 0.271 0.155 0.090 0.071 0.067 0.067 0.070 0.084 0.132 0.236 0.358 0.400 0.386 0.283 0.138 0.077 0.055 0.049
9.570 9.136 8.958 8.894 8.872 8.865 8.825 8.940 9.105 9.084 8.777 8.184 7.405 6.527 5.846 5.641 5.660 5.814 6.027 6.337 6.738 7.280 7.946 8.796 9.528 10.246 10.886 11.278 11.463 11.563 11.430 11.204 10.873 10.457 10.164 9.744 9.339 8.846 8.342 7.751 7.014 6.339 5.975 5.771 5.511 5.040 4.360 3.288 1.806 0.840 0.544 0.430 0.338 0.300 0.295 0.309 0.343 0.361 0.353 0.282 0.151 0.085 0.070 0.070 0.070 0.069 0.079 0.129 0.253 0.382 0.412 0.381 0.266 0.133 0.075 0.054 0.049
9.489 9.129 8.997 8.968 8.948 8.952 8.916 9.053 9.137 9.028 8.681 8.115 7.421 6.891 6.698 6.859 7.091 7.367 7.686 8.057 8.452 8.915 9.444 10.054 10.658 11.238 11.827 12.143 12.266 12.323 12.037 11.671 11.299 10.926 10.618 10.314 9.956 9.418 8.890 8.228 7.450 6.562 5.897 5.508 5.191 4.783 4.197 3.308 2.167 1.091 0.524 0.352 0.285 0.265 0.267 0.292 0.342 0.368 0.365 0.297 0.161 0.092 0.075 0.075 0.076 0.073 0.077 0.119 0.241 0.374 0.409 0.380 0.267 0.143 0.085 0.060 0.051
9.307 9.097 9.044 9.027 8.957 8.915 8.899 8.980 8.979 8.892 8.637 8.234 8.018 8.029 8.260 8.598 8.837 9.048 9.218 9.489 9.804 10.240 10.702 11.109 11.547 11.920 12.516 12.755 12.865 12.879 12.438 12.028 11.699 11.393 11.066 10.855 10.479 9.915 9.361 8.625 7.769 6.785 5.972 5.300 4.728 4.291 3.771 3.033 2.186 1.268 0.611 0.338 0.265 0.247 0.251 0.276 0.332 0.363 0.361 0.306 0.188 0.123 0.103 0.093 0.085 0.082 0.085 0.110 0.208 0.343 0.391 0.373 0.280 0.166 0.106 0.074 0.058
9.069 9.023 9.055 9.014 8.884 8.755 8.731 8.699 8.651 8.682 8.817 8.906 9.165 9.549 9.849 10.134 10.211 10.360 10.373 10.570 10.781 11.172 11.592 11.945 12.216 12.380 12.872 13.137 13.235 13.209 12.667 12.361 12.055 11.836 11.567 11.460 11.132 10.534 9.854 8.994 7.975 6.915 6.032 5.255 4.475 3.767 3.135 2.519 1.947 1.319 0.730 0.385 0.276 0.258 0.262 0.283 0.327 0.356 0.357 0.321 0.267 0.263 0.256 0.222 0.149 0.106 0.102 0.116 0.182 0.297 0.352 0.351 0.298 0.202 0.137 0.098 0.071
8.788 8.876 8.955 8.871 8.695 8.486 8.404 8.331 8.346 8.484 8.954 9.568 10.142 10.678 10.887 11.054 11.079 11.156 11.090 11.285 11.447 11.727 12.024 12.301 12.494 12.671 12.991 13.297 13.409 13.333 12.828 12.597 12.391 12.362 12.391 12.481 12.326 11.813 10.760 9.493 8.131 6.985 6.004 5.172 4.393 3.611 2.881 2.288 1.807 1.328 0.867 0.541 0.440 0.487 0.512 0.514 0.512 0.522 0.539 0.618 0.814 0.994 1.043 0.969 0.691 0.333 0.169 0.142 0.175 0.243 0.293 0.311 0.295 0.243 0.182 0.131 0.091
8.388 8.604 8.663 8.582 8.395 8.147 8.038 7.970 8.046 8.289 8.884 9.764 10.638 11.221 11.423 11.477 11.503 11.447 11.414 11.619 11.736 11.985 12.222 12.390 12.519 12.763 12.949 13.215 13.344 13.230 12.942 12.750 12.652 12.653 12.890 13.034 13.044 12.787 11.946 10.548 8.608 7.018 5.918 5.074 4.376 3.631 2.890 2.318 1.888 1.534 1.315 1.302 1.538 1.763 1.815 1.768 1.672 1.645 1.696 1.932 2.359 2.650 2.759 2.731 2.388 1.628 0.829 0.360 0.205 0.196 0.222 0.256 0.274 0.261 0.222 0.169 0.117
7.854 8.121 8.187 8.187 7.988 7.755 7.659 7.599 7.655 7.956 8.638 9.695 10.696 11.323 11.558 11.538 11.571 11.441 11.460 11.632 11.792 11.970 12.116 12.244 12.366 12.564 12.597 12.747 12.904 12.793 12.709 12.591 12.564 12.693 13.049 13.179 13.218 12.948 12.334 11.133 9.312 7.240 5.809 4.952 4.289 3.632 3.026 2.595 2.395 2.429 2.721 3.306 3.928 4.206 4.210 4.105 3.986 3.971 4.026 4.207 4.446 4.551 4.589 4.589 4.529 4.056 2.899 1.469 0.536 0.217 0.178 0.199 0.236 0.251 0.237 0.200 0.150
7.162 7.460 7.560 7.629 7.456 7.264 7.143 7.111 7.134 7.364 7.964 9.066 10.158 10.775 10.990 11.000 11.011 10.880 10.945 11.061 11.337 11.569 11.693 11.752 11.766 11.792 11.503 11.320 11.366 11.385 11.373 11.420 11.717 12.180 12.515 12.631 12.651 12.474 11.974 10.936 9.366 7.350 5.702 4.701 4.087 3.552 3.158 2.994 3.156 3.710 4.465 5.235 5.767 5.969 6.003 6.009 6.083 6.193 6.266 6.318 6.298 6.265 6.244 6.145 6.038 5.730 4.832 3.099 1.320 0.413 0.176 0.164 0.191 0.222 0.230 0.214 0.179
6.194 6.460 6.627 6.774 6.716 6.584 6.432 6.374 6.354 6.535 6.986 7.866 8.665 9.049 9.199 9.221 9.167 9.174 9.250 9.272 9.480 9.635 9.705 9.687 9.637 9.511 9.043 8.776 8.661 8.647 8.816 9.217 9.835 10.476 10.690 10.744 10.800 10.722 10.381 9.655 8.533 6.938 5.257 4.239 3.742 3.393 3.217 3.232 3.590 4.380 5.415 6.307 6.873 7.189 7.386 7.569 7.842 8.055 8.154 8.207 8.132 8.035 7.924 7.671 7.356 6.870 5.894 4.158 2.108 0.822 0.274 0.154 0.153 0.176 0.203 0.208 0.193
4.269 4.440 4.652 4.987 5.186 5.185 5.134 5.113 5.148 5.375 5.759 6.190 6.446 6.480 6.430 6.444 6.462 6.493 6.432 6.344 6.374 6.344 6.215 6.053 5.935 5.888 5.692 5.519 5.413 5.489 5.808 6.380 7.140 7.795 8.126 8.227 8.205 8.012 7.785 7.450 6.706 5.295 4.053 3.455 3.233 3.128 3.139 3.295 3.792 4.693 5.932 7.018 7.766 8.354 8.737 9.085 9.495 9.747 9.872 9.957 9.882 9.776 9.558 9.213 8.672 7.988 6.810 4.955 2.902 1.453 0.583 0.221 0.145 0.148 0.170 0.189 0.195
