AvaFrame/avaframe/data/avaSalk/Avaflow_Input_Output/slk_results/slk_ascii/slk_basechange10025.asc
ncols 296
nrows 144
xllcenter 761600.00
yllcenter 8523000.00
cellsize 12.50
NODATA_value -9999.000
[rows 33 to 65 of 144, columns 222 to 295 of 296]
0.000 0.000 0.000 0.000 -0.000 -0.000 -0.000 -0.000 -0.000 -0.000 -0.000 -0.000 -0.000 -0.000 -0.000 -0.000 -0.000 -0.000 -0.000 -0.000 -0.000 -0.001 -0.001 -0.001 -0.002 -0.004 -0.007 -0.014 -0.026 -0.045 -0.071 -0.104 -0.146 -0.196 -0.267 -0.343 -0.426 -0.520 -0.599 -0.672 -0.727 -0.749 -0.724 -0.663 -0.572 -0.410 -0.204 -0.072 -0.021 -0.004 -0.001 -0.000 -0.000 -0.000 -0.000 0.000 0.000 0.000 0.000 0.000 0.000 0.000 0.000 0.000 0.000 0.000 0.000 0.000 0.000 0.000 0.000 0.000 0.000 0.000
0.000 0.000 0.000 -0.000 -0.000 -0.000 -0.000 -0.000 -0.000 -0.000 -0.000 -0.000 -0.000 -0.000 -0.000 -0.000 -0.000 -0.000 -0.000 -0.001 -0.001 -0.001 -0.002 -0.004 -0.007 -0.014 -0.026 -0.046 -0.074 -0.109 -0.150 -0.195 -0.249 -0.312 -0.409 -0.533 -0.669 -0.817 -0.935 -1.010 -1.049 -1.029 -0.956 -0.837 -0.679 -0.461 -0.226 -0.072 -0.020 -0.004 -0.001 -0.000 -0.000 -0.000 -0.000 0.000 0.000 0.000 0.000 0.000 0.000 0.000 0.000 0.000 0.000 0.000 0.000 0.000 0.000 0.000 0.000 0.000 0.000 0.000
0.000 -0.000 -0.000 -0.000 -0.000 -0.000 -0.000 -0.000 -0.000 -0.000 -0.000 -0.000 -0.000 -0.000 -0.000 -0.000 -0.000 -0.001 -0.001 -0.001 -0.002 -0.003 -0.006 -0.012 -0.024 -0.044 -0.073 -0.111 -0.155 -0.203 -0.254 -0.311 -0.376 -0.465 -0.610 -0.815 -1.053 -1.318 -1.525 -1.620 -1.652 -1.583 -1.405 -1.135 -0.840 -0.532 -0.241 -0.079 -0.021 -0.005 -0.001 -0.000 -0.000 -0.000 -0.000 -0.000 0.000 0.000 0.000 0.000 0.000 0.000 0.000 0.000 0.000 0.000 0.000 0.000 0.000 0.000 0.000 0.000 0.000 0.000
-0.000 -0.000 -0.000 -0.000 -0.000 -0.000 -0.000 -0.000 -0.000 -0.000 -0.000 -0.000 -0.000 -0.000 -0.000 -0.000 -0.001 -0.001 -0.002 -0.003 -0.005 -0.010 -0.020 -0.040 -0.069 -0.108 -0.154 -0.204 -0.257 -0.313 -0.373 -0.444 -0.529 -0.684 -0.942 -1.251 -1.590 -2.005 -2.388 -2.578 -2.616 -2.532 -2.250 -1.762 -1.209 -0.672 -0.274 -0.086 -0.023 -0.005 -0.001 -0.000 -0.000 -0.000 -0.000 -0.000 0.000 0.000 0.000 0.000 0.000 0.000 0.000 0.000 0.000 0.000 0.000 0.000 0.000 0.000 0.000 0.000 0.000 0.000
-0.000 -0.000 -0.000 -0.000 -0.000 -0.000 -0.000 -0.000 -0.000 -0.000 -0.000 -0.000 -0.000 -0.000 -0.001 -0.001 -0.001 -0.002 -0.004 -0.009 -0.017 -0.034 -0.062 -0.101 -0.148 -0.198 -0.252 -0.309 -0.368 -0.429 -0.495 -0.583 -0.702 -0.949 -1.369 -1.855 -2.328 -2.772 -3.141 -3.422 -3.552 -3.535 -3.171 -2.550 -1.838 -0.981 -0.347 -0.093 -0.023 -0.005 -0.001 -0.000 -0.000 -0.000 -0.000 -0.000 0.000 0.000 0.000 0.000 0.000 0.000 0.000 0.000 0.000 0.000 0.000 0.000 0.000 0.000 0.000 0.000 0.000 0.000
-0.000 -0.000 -0.000 -0.000 -0.000 -0.000 -0.000 -0.000 -0.000 -0.000 -0.000 -0.000 -0.001 -0.001 -0.001 -0.002 -0.003 -0.006 -0.013 -0.027 -0.052 -0.090 -0.137 -0.189 -0.244 -0.300 -0.358 -0.419 -0.483 -0.551 -0.622 -0.732 -0.924 -1.311 -1.894 -2.586 -3.257 -3.450 -3.188 -3.059 -3.257 -3.513 -3.295 -2.971 -2.551 -1.462 -0.464 -0.105 -0.025 -0.006 -0.001 -0.000 -0.000 -0.000 -0.000 -0.000 0.000 0.000 0.000 0.000 0.000 0.000 0.000 0.000 0.000 0.000 0.000 0.000 0.000 0.000 0.000 0.000 0.000 0.000
-0.000 -0.000 -0.000 -0.000 -0.000 -0.000 -0.000 -0.000 -0.000 -0.000 -0.001 -0.001 -0.001 -0.002 -0.003 -0.005 -0.009 -0.019 -0.040 -0.075 -0.121 -0.174 -0.231 -0.290 -0.350 -0.413 -0.476 -0.543 -0.612 -0.685 -0.771 -0.913 -1.242 -1.844 -2.512 -3.044 -3.555 -3.630 -3.162 -2.420 -2.005 -2.337 -2.587 -2.872 -2.983 -1.839 -0.528 -0.111 -0.026 -0.006 -0.002 -0.000 -0.000 -0.000 -0.000 -0.000 0.000 0.000 0.000 0.000 0.000 0.000 0.000 0.000 0.000 0.000 0.000 0.000 0.000 0.000 0.000 0.000 0.000 0.000
-0.000 -0.000 -0.000 -0.000 -0.000 -0.000 -0.000 -0.000 -0.001 -0.001 -0.001 -0.002 -0.002 -0.004 -0.007 -0.014 -0.028 -0.056 -0.100 -0.155 -0.215 -0.276 -0.338 -0.405 -0.471 -0.541 -0.610 -0.684 -0.764 -0.848 -0.957 -1.156 -1.657 -2.306 -2.607 -2.823 -3.204 -3.126 -2.922 -2.401 -1.838 -1.847 -1.898 -2.853 -3.096 -1.898 -0.528 -0.105 -0.025 -0.006 -0.002 -0.001 -0.000 -0.000 -0.000 -0.000 0.000 0.000 0.000 0.000 0.000 0.000 0.000 0.000 0.000 0.000 0.000 0.000 0.000 0.000 0.000 0.000 0.000 0.000
-0.000 -0.000 -0.000 -0.000 -0.000 -0.000 -0.000 -0.001 -0.001 -0.001 -0.002 -0.003 -0.005 -0.010 -0.020 -0.041 -0.078 -0.132 -0.196 -0.261 -0.326 -0.396 -0.465 -0.539 -0.614 -0.691 -0.769 -0.850 -0.942 -1.045 -1.202 -1.503 -2.081 -2.469 -2.353 -2.292 -2.481 -2.355 -2.433 -2.206 -1.777 -1.893 -1.953 -2.967 -2.980 -1.586 -0.443 -0.093 -0.023 -0.005 -0.002 -0.001 -0.000 -0.000 -0.000 -0.000 0.000 0.000 0.000 0.000 0.000 0.000 0.000 0.000 0.000 0.000 0.000 0.000 0.000 0.000 0.000 0.000 0.000 0.000
-0.000 -0.000 -0.000 -0.000 -0.000 -0.001 -0.001 -0.001 -0.002 -0.003 -0.005 -0.008 -0.015 -0.029 -0.060 -0.110 -0.178 -0.252 -0.327 -0.401 -0.472 -0.545 -0.625 -0.708 -0.793 -0.881 -0.972 -1.065 -1.176 -1.313 -1.542 -1.997 -2.491 -2.579 -2.304 -2.263 -2.269 -2.132 -2.442 -2.353 -2.040 -2.027 -2.129 -2.792 -2.275 -1.057 -0.298 -0.074 -0.019 -0.005 -0.002 -0.001 -0.000 -0.000 -0.000 -0.000 0.000 0.000 0.000 0.000 0.000 0.000 0.000 0.000 0.000 0.000 0.000 0.000 0.000 0.000 0.000 0.000 0.000 0.000
-0.000 -0.000 -0.000 -0.001 -0.001 -0.001 -0.002 -0.003 -0.004 -0.007 -0.013 -0.024 -0.046 -0.088 -0.153 -0.236 -0.322 -0.407 -0.490 -0.572 -0.655 -0.740 -0.836 -0.934 -1.033 -1.139 -1.248 -1.371 -1.522 -1.745 -2.072 -2.570 -2.862 -2.761 -2.556 -2.459 -2.481 -2.295 -2.375 -2.368 -2.195 -2.136 -2.316 -2.298 -1.478 -0.629 -0.178 -0.052 -0.015 -0.004 -0.002 -0.001 -0.000 -0.000 -0.000 -0.000 0.000 0.000 0.000 0.000 0.000 0.000 0.000 0.000 0.000 0.000 0.000 0.000 0.000 0.000 0.000 0.000 0.000 0.000
-0.000 -0.001 -0.001 -0.001 -0.002 -0.002 -0.004 -0.006 -0.011 -0.021 -0.040 -0.075 -0.133 -0.213 -0.308 -0.406 -0.496 -0.584 -0.674 -0.775 -0.881 -0.995 -1.126 -1.257 -1.385 -1.526 -1.687 -1.876 -2.137 -2.505 -2.918 -3.212 -3.261 -3.125 -3.082 -2.943 -2.926 -2.956 -2.953 -2.918 -2.711 -2.413 -2.175 -1.588 -0.837 -0.333 -0.108 -0.035 -0.010 -0.004 -0.001 -0.001 -0.000 -0.000 -0.000 -0.000 0.000 0.000 0.000 0.000 0.000 0.000 0.000 0.000 0.000 0.000 0.000 0.000 0.000 0.000 0.000 0.000 0.000 0.000
-0.001 -0.001 -0.002 -0.002 -0.003 -0.005 -0.009 -0.017 -0.034 -0.065 -0.117 -0.192 -0.291 -0.395 -0.497 -0.597 -0.697 -0.802 -0.912 -1.048 -1.209 -1.374 -1.564 -1.771 -1.975 -2.199 -2.478 -2.811 -3.183 -3.567 -3.919 -4.036 -3.914 -3.764 -3.768 -3.790 -3.779 -3.812 -3.733 -3.387 -2.847 -2.129 -1.493 -0.865 -0.397 -0.157 -0.060 -0.022 -0.007 -0.003 -0.001 -0.000 -0.000 -0.000 -0.000 -0.000 0.000 0.000 0.000 0.000 0.000 0.000 0.000 0.000 0.000 0.000 0.000 0.000 0.000 0.000 0.000 0.000 0.000 0.000
-0.001 -0.002 -0.003 -0.005 -0.008 -0.014 -0.026 -0.052 -0.099 -0.167 -0.257 -0.362 -0.475 -0.592 -0.701 -0.819 -0.951 -1.097 -1.270 -1.477 -1.739 -2.021 -2.307 -2.613 -2.933 -3.247 -3.606 -3.971 -4.250 -4.413 -4.493 -4.522 -4.415 -4.231 -4.152 -4.051 -3.861 -3.528 -3.075 -2.514 -1.861 -1.233 -0.725 -0.373 -0.167 -0.071 -0.031 -0.012 -0.005 -0.002 -0.001 -0.000 -0.000 -0.000 -0.000 -0.000 0.000 0.000 0.000 0.000 0.000 0.000 0.000 0.000 0.000 0.000 0.000 0.000 0.000 0.000 0.000 0.000 0.000 0.000
-0.003 -0.004 -0.007 -0.011 -0.021 -0.042 -0.079 -0.139 -0.222 -0.323 -0.429 -0.545 -0.666 -0.800 -0.944 -1.106 -1.310 -1.543 -1.825 -2.179 -2.576 -2.996 -3.384 -3.706 -3.953 -4.141 -4.317 -4.499 -4.608 -4.568 -4.428 -4.328 -4.159 -3.862 -3.596 -3.236 -2.676 -2.088 -1.644 -1.254 -0.882 -0.547 -0.302 -0.154 -0.073 -0.034 -0.016 -0.007 -0.003 -0.001 -0.001 -0.000 -0.000 -0.000 -0.000 0.000 0.000 0.000 0.000 0.000 0.000 0.000 0.000 0.000 0.000 0.000 0.000 0.000 0.000 0.000 0.000 0.000 0.000 0.000
-0.006 -0.010 -0.017 -0.033 -0.063 -0.115 -0.192 -0.287 -0.391 -0.505 -0.622 -0.748 -0.895 -1.065 -1.265 -1.515 -1.834 -2.216 -2.630 -3.107 -3.588 -3.968 -4.203 -4.332 -4.360 -4.333 -4.330 -4.352 -4.279 -4.065 -3.710 -3.351 -3.003 -2.593 -2.185 -1.787 -1.400 -1.073 -0.817 -0.600 -0.408 -0.251 -0.142 -0.076 -0.039 -0.019 -0.009 -0.004 -0.002 -0.001 -0.001 -0.000 -0.000 -0.000 -0.000 0.000 0.000 0.000 0.000 0.000 0.000 0.000 0.000 0.000 0.000 0.000 0.000 0.000 0.000 0.000 0.000 0.000 0.000 0.000
-0.015 -0.027 -0.052 -0.095 -0.162 -0.249 -0.353 -0.464 -0.582 -0.713 -0.860 -1.020 -1.217 -1.466 -1.752 -2.110 -2.555 -3.060 -3.532 -3.943 -4.213 -4.326 -4.270 -4.147 -3.993 -3.819 -3.690 -3.544 -3.316 -2.985 -2.586 -2.173 -1.802 -1.496 -1.243 -1.027 -0.828 -0.643 -0.487 -0.355 -0.244 -0.153 -0.088 -0.047 -0.023 -0.011 -0.006 -0.003 -0.001 -0.001 -0.000 -0.000 -0.000 -0.000 -0.000 0.000 0.000 0.000 0.000 0.000 0.000 0.000 0.000 0.000 0.000 0.000 0.000 0.000 0.000 0.000 0.000 0.000 0.000 0.000
-0.043 -0.080 -0.139 -0.220 -0.321 -0.431 -0.542 -0.665 -0.805 -0.970 -1.169 -1.405 -1.678 -2.024 -2.422 -2.861 -3.340 -3.805 -4.131 -4.258 -4.205 -4.000 -3.684 -3.375 -3.112 -2.882 -2.710 -2.545 -2.321 -2.047 -1.753 -1.468 -1.214 -1.010 -0.850 -0.712 -0.578 -0.454 -0.346 -0.252 -0.170 -0.104 -0.057 -0.028 -0.013 -0.007 -0.004 -0.002 -0.001 -0.001 -0.000 -0.000 -0.000 -0.000 -0.000 0.000 0.000 0.000 0.000 0.000 0.000 0.000 0.000 0.000 0.000 0.000 0.000 0.000 0.000 0.000 0.000 0.000 0.000 0.000
-0.115 -0.189 -0.285 -0.393 -0.508 -0.633 -0.764 -0.914 -1.095 -1.311 -1.576 -1.885 -2.237 -2.638 -3.076 -3.505 -3.889 -4.123 -4.138 -3.917 -3.563 -3.156 -2.777 -2.477 -2.266 -2.113 -1.997 -1.873 -1.699 -1.479 -1.260 -1.065 -0.898 -0.761 -0.641 -0.536 -0.434 -0.340 -0.258 -0.186 -0.120 -0.067 -0.033 -0.016 -0.008 -0.004 -0.002 -0.001 -0.001 -0.000 -0.000 -0.000 -0.000 -0.000 0.000 0.000 0.000 0.000 0.000 0.000 0.000 0.000 0.000 0.000 0.000 0.000 0.000 0.000 0.000 0.000 0.000 0.000 0.000 0.000
-0.250 -0.351 -0.462 -0.583 -0.712 -0.853 -1.020 -1.211 -1.444 -1.716 -2.042 -2.392 -2.770 -3.150 -3.528 -3.847 -3.992 -3.890 -3.564 -3.109 -2.628 -2.254 -1.998 -1.850 -1.767 -1.689 -1.597 -1.472 -1.309 -1.126 -0.961 -0.822 -0.702 -0.602 -0.510 -0.423 -0.339 -0.261 -0.193 -0.133 -0.080 -0.041 -0.020 -0.010 -0.005 -0.003 -0.002 -0.001 -0.001 -0.000 -0.000 -0.000 -0.000 -0.000 0.000 0.000 0.000 0.000 0.000 0.000 0.000 0.000 0.000 0.000 0.000 0.000 0.000 0.000 0.000 0.000 0.000 0.000 0.000 0.000
-0.431 -0.543 -0.662 -0.794 -0.942 -1.111 -1.309 -1.538 -1.822 -2.131 -2.474 -2.821 -3.170 -3.491 -3.716 -3.823 -3.670 -3.255 -2.751 -2.270 -1.907 -1.692 -1.579 -1.525 -1.498 -1.439 -1.330 -1.192 -1.040 -0.891 -0.762 -0.659 -0.573 -0.493 -0.416 -0.341 -0.270 -0.203 -0.144 -0.092 -0.051 -0.025 -0.013 -0.007 -0.004 -0.002 -0.001 -0.001 -0.000 -0.000 -0.000 -0.000 -0.000 -0.000 0.000 0.000 0.000 0.000 0.000 0.000 0.000 0.000 0.000 0.000 0.000 0.000 0.000 0.000 0.000 0.000 0.000 0.000 0.000 0.000
-0.613 -0.738 -0.872 -1.023 -1.195 -1.394 -1.628 -1.892 -2.193 -2.515 -2.831 -3.134 -3.411 -3.617 -3.613 -3.418 -3.071 -2.562 -2.087 -1.745 -1.533 -1.422 -1.368 -1.345 -1.312 -1.238 -1.114 -0.972 -0.834 -0.720 -0.625 -0.542 -0.474 -0.410 -0.342 -0.276 -0.214 -0.157 -0.106 -0.063 -0.033 -0.017 -0.008 -0.005 -0.002 -0.001 -0.001 -0.000 -0.000 -0.000 -0.000 -0.000 -0.000 0.000 0.000 0.000 0.000 0.000 0.000 0.000 0.000 0.000 0.000 0.000 0.000 0.000 0.000 0.000 0.000 0.000 0.000 0.000 0.000 0.000
-0.790 -0.926 -1.078 -1.252 -1.454 -1.686 -1.950 -2.246 -2.530 -2.826 -3.096 -3.335 -3.485 -3.479 -3.260 -2.875 -2.432 -2.011 -1.689 -1.479 -1.357 -1.292 -1.256 -1.219 -1.158 -1.058 -0.927 -0.791 -0.674 -0.585 -0.517 -0.456 -0.398 -0.341 -0.282 -0.223 -0.169 -0.121 -0.077 -0.043 -0.022 -0.011 -0.006 -0.003 -0.002 -0.001 -0.001 -0.000 -0.000 -0.000 -0.000 -0.000 -0.000 0.000 0.000 0.000 0.000 0.000 0.000 0.000 0.000 0.000 0.000 0.000 0.000 0.000 0.000 0.000 0.000 0.000 0.000 0.000 0.000 0.000
-0.990 -1.133 -1.300 -1.497 -1.724 -1.982 -2.257 -2.536 -2.799 -3.048 -3.240 -3.378 -3.376 -3.164 -2.805 -2.366 -1.934 -1.619 -1.430 -1.329 -1.265 -1.218 -1.175 -1.112 -1.015 -0.892 -0.762 -0.645 -0.553 -0.485 -0.431 -0.385 -0.338 -0.287 -0.232 -0.180 -0.133 -0.091 -0.055 -0.029 -0.015 -0.008 -0.004 -0.002 -0.001 -0.001 -0.000 -0.000 -0.000 -0.000 -0.000 -0.000 0.000 0.000 0.000 0.000 0.000 0.000 0.000 0.000 0.000 0.000 0.000 0.000 0.000 0.000 0.000 0.000 0.000 0.000 0.000 0.000 0.000 0.000
-1.196 -1.354 -1.546 -1.756 -1.991 -2.247 -2.504 -2.748 -2.964 -3.164 -3.266 -3.237 -3.067 -2.730 -2.284 -1.846 -1.542 -1.365 -1.267 -1.220 -1.194 -1.151 -1.081 -0.988 -0.871 -0.740 -0.621 -0.529 -0.461 -0.410 -0.366 -0.325 -0.284 -0.239 -0.190 -0.144 -0.104 -0.068 -0.038 -0.019 -0.010 -0.005 -0.003 -0.002 -0.001 -0.001 -0.000 -0.000 -0.000 -0.000 -0.000 -0.000 0.000 0.000 0.000 0.000 0.000 0.000 0.000 0.000 0.000 0.000 0.000 0.000 0.000 0.000 0.000 0.000 0.000 0.000 0.000 0.000 0.000 0.000
-1.393 -1.565 -1.779 -2.002 -2.221 -2.465 -2.691 -2.896 -3.062 -3.175 -3.173 -2.980 -2.634 -2.191 -1.764 -1.436 -1.255 -1.180 -1.157 -1.143 -1.122 -1.066 -0.967 -0.848 -0.721 -0.601 -0.508 -0.438 -0.388 -0.347 -0.312 -0.276 -0.235 -0.195 -0.153 -0.114 -0.080 -0.049 -0.026 -0.013 -0.006 -0.003 -0.002 -0.001 -0.001 -0.000 -0.000 -0.000 -0.000 -0.000 -0.000 0.000 0.000 0.000 0.000 0.000 0.000 0.000 0.000 0.000 0.000 0.000 0.000 0.000 0.000 0.000 0.000 0.000 0.000 0.000 0.000 0.000 0.000 0.000
-1.584 -1.773 -1.985 -2.207 -2.412 -2.626 -2.847 -2.995 -3.088 -3.080 -2.926 -2.605 -2.171 -1.738 -1.407 -1.205 -1.108 -1.077 -1.074 -1.072 -1.042 -0.960 -0.838 -0.708 -0.586 -0.489 -0.420 -0.370 -0.331 -0.298 -0.266 -0.232 -0.195 -0.157 -0.121 -0.089 -0.060 -0.035 -0.018 -0.008 -0.004 -0.002 -0.001 -0.001 -0.000 -0.000 -0.000 -0.000 -0.000 -0.000 -0.000 0.000 0.000 0.000 0.000 0.000 0.000 0.000 0.000 0.000 0.000 0.000 0.000 0.000 0.000 0.000 0.000 0.000 0.000 0.000 0.000 0.000 0.000 0.000
-1.772 -1.973 -2.171 -2.375 -2.566 -2.747 -2.925 -3.040 -3.034 -2.870 -2.555 -2.154 -1.734 -1.403 -1.199 -1.088 -1.041 -1.036 -1.033 -1.006 -0.943 -0.837 -0.700 -0.579 -0.481 -0.410 -0.359 -0.319 -0.287 -0.258 -0.229 -0.196 -0.161 -0.128 -0.098 -0.070 -0.045 -0.025 -0.012 -0.006 -0.003 -0.002 -0.001 -0.001 -0.000 -0.000 -0.000 -0.000 -0.000 -0.000 -0.000 0.000 0.000 0.000 0.000 0.000 0.000 0.000 0.000 0.000 0.000 0.000 0.000 0.000 0.000 0.000 0.000 0.000 0.000 0.000 0.000 0.000 0.000 0.000
-1.957 -2.144 -2.340 -2.513 -2.680 -2.830 -2.953 -2.979 -2.858 -2.556 -2.131 -1.722 -1.398 -1.188 -1.082 -1.033 -1.014 -1.013 -0.989 -0.930 -0.829 -0.699 -0.572 -0.475 -0.405 -0.353 -0.312 -0.279 -0.250 -0.224 -0.197 -0.166 -0.134 -0.106 -0.080 -0.055 -0.034 -0.018 -0.009 -0.004 -0.002 -0.001 -0.001 -0.000 -0.000 -0.000 -0.000 -0.000 -0.000 -0.000 -0.000 0.000 0.000 0.000 0.000 0.000 0.000 0.000 0.000 0.000 0.000 0.000 0.000 0.000 0.000 0.000 0.000 0.000 0.000 0.000 0.000 0.000 0.000 0.000
-2.128 -2.293 -2.470 -2.621 -2.752 -2.849 -2.895 -2.819 -2.564 -2.158 -1.729 -1.401 -1.189 -1.076 -1.020 -1.009 -0.999 -0.973 -0.915 -0.819 -0.694 -0.566 -0.467 -0.399 -0.349 -0.308 -0.275 -0.245 -0.218 -0.193 -0.168 -0.140 -0.113 -0.088 -0.064 -0.042 -0.024 -0.013 -0.006 -0.003 -0.002 -0.001 -0.001 -0.000 -0.000 -0.000 -0.000 -0.000 -0.000 -0.000 -0.000 0.000 0.000 0.000 0.000 0.000 0.000 0.000 0.000 0.000 0.000 0.000 0.000 0.000 0.000 0.000 0.000 0.000 0.000 0.000 0.000 0.000 0.000 0.000
-2.282 -2.430 -2.565 -2.680 -2.761 -2.802 -2.742 -2.556 -2.212 -1.772 -1.413 -1.193 -1.075 -1.021 -0.998 -0.989 -0.967 -0.899 -0.802 -0.684 -0.561 -0.459 -0.390 -0.343 -0.306 -0.273 -0.243 -0.216 -0.190 -0.167 -0.143 -0.119 -0.096 -0.073 -0.050 -0.030 -0.017 -0.009 -0.004 -0.002 -0.001 -0.001 -0.000 -0.000 -0.000 -0.000 -0.000 -0.000 -0.000 -0.000 -0.000 0.000 0.000 0.000 0.000 0.000 0.000 0.000 0.000 0.000 0.000 0.000 0.000 0.000 0.000 0.000 0.000 0.000 0.000 0.000 0.000 0.000 0.000 0.000
-2.412 -2.530 -2.632 -2.695 -2.724 -2.695 -2.550 -2.239 -1.823 -1.457 -1.211 -1.076 -1.013 -0.993 -0.982 -0.958 -0.898 -0.792 -0.669 -0.553 -0.453 -0.381 -0.332 -0.298 -0.270 -0.243 -0.216 -0.189 -0.165 -0.144 -0.123 -0.102 -0.080 -0.057 -0.036 -0.020 -0.011 -0.006 -0.003 -0.001 -0.001 -0.000 -0.000 -0.000 -0.000 -0.000 -0.000 -0.000 -0.000 -0.000 -0.000 0.000 0.000 0.000 0.000 0.000 0.000 0.000 0.000 0.000 0.000 0.000 0.000 0.000 0.000 0.000 0.000 0.000 0.000 0.000 0.000 0.000 0.000 0.000
-2.510 -2.594 -2.666 -2.698 -2.669 -2.535 -2.272 -1.875 -1.481 -1.222 -1.085 -1.008 -0.973 -0.961 -0.935 -0.881 -0.793 -0.670 -0.549 -0.449 -0.376 -0.325 -0.288 -0.259 -0.237 -0.214 -0.190 -0.165 -0.143 -0.124 -0.105 -0.085 -0.064 -0.042 -0.024 -0.013 -0.007 -0.004 -0.002 -0.001 -0.001 -0.000 -0.000 -0.000 -0.000 -0.000 -0.000 -0.000 -0.000 -0.000 -0.000 0.000 0.000 0.000 0.000 0.000 0.000 0.000 0.000 0.000 0.000 0.000 0.000 0.000 0.000 0.000 0.000 0.000 0.000 0.000 0.000 0.000 0.000 0.000
