AvaFrame/avaframe/data/avaSalk/Avaflow_Input_Output/slk_results/slk_ascii/slk_hflow10023.asc
ncols 296
nrows 144
xllcenter 761600.00
yllcenter 8523000.00
cellsize 12.50
NODATA_value -9999.000
[rows 68 to 101 of 144, columns 154 to 230 of 296]
0.000 0.000 0.000 0.000 0.000 0.000 0.000 0.000 0.000 0.000 0.000 0.000 0.000 0.000 0.000 0.001 0.000 0.000 0.000 0.000 0.000 0.000 0.000 0.000 0.000 0.000 0.000 0.000 0.000 0.000 0.000 0.000 0.000 0.001 0.001 0.001 0.002 0.002 0.002 0.003 0.003 0.003 0.003 0.003 0.003 0.004 0.004 0.004 0.005 0.006 0.007 0.007 0.008 0.009 0.010 0.011 0.013 0.015 0.018 0.023 0.030 0.043 0.062 0.089 0.124 0.170 0.225 0.299 0.386 0.460 0.507 0.524 0.514 0.462 0.350 0.240 0.177
0.000 0.000 0.000 0.000 0.000 0.000 0.000 0.000 0.000 0.000 0.000 0.000 0.000 0.001 0.000 0.000 0.000 0.000 0.000 0.000 0.000 0.000 0.000 0.000 0.000 0.000 0.000 0.000 0.000 0.000 0.000 0.000 0.001 0.001 0.001 0.002 0.002 0.003 0.003 0.003 0.003 0.003 0.003 0.003 0.004 0.004 0.004 0.005 0.006 0.007 0.007 0.008 0.009 0.010 0.011 0.013 0.016 0.019 0.024 0.031 0.042 0.061 0.090 0.129 0.177 0.235 0.307 0.391 0.466 0.509 0.525 0.505 0.439 0.329 0.226 0.173 0.145
0.000 0.000 0.000 0.000 0.000 0.000 0.000 0.000 0.000 0.000 0.000 0.001 0.001 0.001 0.001 0.000 0.000 0.000 0.000 0.000 0.000 0.000 0.000 0.000 0.000 0.000 0.000 0.000 0.000 0.000 0.001 0.001 0.001 0.002 0.002 0.003 0.003 0.003 0.003 0.003 0.003 0.004 0.004 0.004 0.004 0.005 0.005 0.006 0.006 0.007 0.008 0.009 0.011 0.012 0.014 0.016 0.020 0.025 0.032 0.044 0.061 0.088 0.127 0.179 0.243 0.320 0.399 0.466 0.507 0.522 0.503 0.434 0.325 0.226 0.170 0.143 0.127
0.000 0.000 0.001 0.001 0.001 0.000 0.000 0.000 0.000 0.000 0.000 0.001 0.001 0.001 0.001 0.001 0.001 0.001 0.001 0.001 0.001 0.001 0.001 0.001 0.001 0.001 0.000 0.000 0.001 0.001 0.001 0.001 0.002 0.002 0.003 0.003 0.003 0.003 0.004 0.004 0.004 0.004 0.004 0.004 0.005 0.005 0.006 0.007 0.008 0.009 0.010 0.011 0.013 0.015 0.017 0.020 0.025 0.032 0.044 0.065 0.095 0.130 0.180 0.248 0.329 0.415 0.481 0.511 0.517 0.501 0.439 0.333 0.237 0.179 0.145 0.124 0.110
0.000 0.001 0.001 0.001 0.001 0.001 0.000 0.000 0.000 0.000 0.000 0.001 0.001 0.001 0.001 0.001 0.002 0.002 0.003 0.003 0.003 0.003 0.003 0.002 0.001 0.001 0.001 0.001 0.001 0.001 0.002 0.002 0.002 0.003 0.003 0.004 0.004 0.004 0.004 0.004 0.004 0.005 0.005 0.005 0.006 0.007 0.007 0.009 0.010 0.011 0.012 0.014 0.016 0.019 0.022 0.026 0.033 0.044 0.064 0.103 0.149 0.193 0.258 0.346 0.428 0.484 0.513 0.519 0.503 0.448 0.350 0.250 0.188 0.150 0.126 0.108 0.093
0.000 0.000 0.001 0.001 0.001 0.001 0.001 0.001 0.001 0.001 0.001 0.001 0.001 0.001 0.002 0.002 0.004 0.006 0.006 0.007 0.007 0.008 0.007 0.005 0.003 0.002 0.002 0.002 0.002 0.002 0.002 0.003 0.003 0.003 0.004 0.004 0.004 0.004 0.004 0.005 0.005 0.005 0.006 0.007 0.007 0.008 0.009 0.011 0.012 0.014 0.015 0.018 0.022 0.027 0.031 0.038 0.052 0.076 0.119 0.187 0.240 0.279 0.348 0.428 0.478 0.500 0.507 0.499 0.450 0.353 0.257 0.196 0.157 0.130 0.111 0.094 0.078
0.000 0.000 0.001 0.001 0.001 0.001 0.002 0.002 0.002 0.002 0.002 0.002 0.002 0.002 0.003 0.005 0.009 0.014 0.018 0.019 0.021 0.023 0.020 0.011 0.006 0.004 0.004 0.004 0.004 0.004 0.004 0.004 0.004 0.004 0.004 0.005 0.005 0.005 0.005 0.005 0.006 0.006 0.007 0.008 0.009 0.011 0.012 0.013 0.015 0.017 0.020 0.024 0.031 0.039 0.049 0.068 0.107 0.184 0.280 0.357 0.389 0.409 0.444 0.472 0.485 0.488 0.477 0.435 0.347 0.253 0.196 0.161 0.135 0.114 0.097 0.081 0.066
0.000 0.001 0.001 0.001 0.002 0.003 0.004 0.005 0.005 0.004 0.004 0.004 0.004 0.004 0.007 0.012 0.024 0.046 0.063 0.073 0.077 0.076 0.061 0.028 0.012 0.008 0.007 0.007 0.007 0.006 0.006 0.005 0.005 0.005 0.005 0.005 0.006 0.006 0.006 0.006 0.007 0.008 0.009 0.011 0.012 0.014 0.015 0.016 0.018 0.021 0.026 0.033 0.046 0.063 0.090 0.144 0.243 0.340 0.396 0.421 0.437 0.465 0.489 0.492 0.480 0.463 0.418 0.341 0.257 0.199 0.164 0.140 0.119 0.100 0.084 0.069 0.056
0.001 0.001 0.001 0.002 0.003 0.007 0.013 0.015 0.013 0.010 0.009 0.009 0.009 0.011 0.018 0.039 0.085 0.150 0.198 0.225 0.236 0.231 0.182 0.084 0.029 0.019 0.017 0.015 0.014 0.013 0.012 0.010 0.008 0.007 0.007 0.007 0.007 0.007 0.007 0.008 0.008 0.010 0.013 0.016 0.017 0.017 0.018 0.020 0.023 0.027 0.034 0.047 0.070 0.109 0.179 0.267 0.337 0.365 0.379 0.388 0.406 0.447 0.484 0.484 0.457 0.413 0.335 0.259 0.211 0.177 0.149 0.123 0.103 0.086 0.069 0.056 0.046
0.003 0.003 0.003 0.004 0.008 0.021 0.050 0.063 0.058 0.037 0.026 0.026 0.028 0.038 0.069 0.132 0.225 0.335 0.430 0.497 0.540 0.546 0.460 0.258 0.096 0.049 0.043 0.042 0.042 0.040 0.035 0.028 0.022 0.017 0.012 0.009 0.008 0.008 0.008 0.009 0.011 0.013 0.017 0.021 0.023 0.023 0.023 0.025 0.029 0.036 0.049 0.073 0.116 0.192 0.279 0.329 0.335 0.319 0.309 0.322 0.361 0.417 0.461 0.456 0.400 0.322 0.251 0.212 0.190 0.170 0.146 0.116 0.088 0.069 0.055 0.045 0.038
0.006 0.007 0.009 0.013 0.031 0.108 0.232 0.284 0.267 0.187 0.131 0.122 0.135 0.178 0.255 0.352 0.456 0.593 0.769 0.909 0.987 1.000 0.915 0.652 0.303 0.150 0.122 0.121 0.132 0.149 0.148 0.134 0.109 0.079 0.048 0.024 0.015 0.011 0.011 0.011 0.013 0.017 0.020 0.024 0.026 0.028 0.030 0.032 0.039 0.052 0.076 0.118 0.190 0.265 0.307 0.317 0.307 0.294 0.300 0.331 0.368 0.418 0.441 0.407 0.328 0.253 0.207 0.187 0.179 0.169 0.150 0.120 0.083 0.058 0.046 0.038 0.034
0.017 0.023 0.032 0.056 0.149 0.377 0.601 0.686 0.663 0.552 0.474 0.463 0.485 0.544 0.632 0.709 0.795 0.970 1.274 1.498 1.551 1.508 1.426 1.156 0.631 0.361 0.302 0.304 0.345 0.424 0.479 0.493 0.469 0.410 0.302 0.163 0.069 0.029 0.017 0.015 0.017 0.020 0.023 0.026 0.029 0.034 0.039 0.045 0.057 0.080 0.121 0.188 0.255 0.293 0.304 0.303 0.298 0.300 0.324 0.355 0.370 0.400 0.405 0.358 0.280 0.221 0.186 0.172 0.170 0.168 0.158 0.132 0.089 0.056 0.042 0.035 0.032
0.071 0.111 0.190 0.340 0.603 0.905 1.101 1.174 1.167 1.114 1.070 1.062 1.076 1.095 1.127 1.158 1.241 1.498 1.871 2.063 2.061 1.982 1.843 1.454 0.840 0.601 0.577 0.625 0.743 0.924 1.089 1.202 1.242 1.210 1.046 0.731 0.397 0.178 0.063 0.024 0.021 0.023 0.026 0.028 0.033 0.041 0.051 0.064 0.087 0.127 0.189 0.252 0.288 0.301 0.303 0.303 0.306 0.325 0.351 0.363 0.358 0.363 0.355 0.312 0.243 0.193 0.163 0.152 0.154 0.164 0.164 0.150 0.107 0.062 0.043 0.036 0.033
0.455 0.617 0.896 1.270 1.612 1.795 1.845 1.851 1.850 1.833 1.818 1.785 1.752 1.707 1.695 1.715 1.822 2.086 2.343 2.447 2.459 2.380 2.136 1.547 0.977 0.837 0.896 1.075 1.344 1.659 1.961 2.213 2.336 2.346 2.182 1.768 1.217 0.708 0.330 0.108 0.034 0.028 0.030 0.033 0.041 0.053 0.070 0.094 0.133 0.191 0.250 0.285 0.300 0.305 0.307 0.311 0.329 0.350 0.360 0.356 0.340 0.318 0.294 0.260 0.208 0.161 0.133 0.123 0.127 0.148 0.166 0.166 0.135 0.078 0.049 0.039 0.035
1.665 1.920 2.353 2.818 3.052 3.063 2.904 2.770 2.742 2.681 2.608 2.522 2.442 2.358 2.333 2.374 2.487 2.626 2.723 2.763 2.744 2.657 2.274 1.547 1.156 1.129 1.292 1.640 2.108 2.598 3.042 3.386 3.595 3.669 3.552 3.098 2.424 1.669 1.006 0.473 0.162 0.057 0.039 0.043 0.054 0.073 0.100 0.139 0.194 0.249 0.282 0.300 0.308 0.312 0.317 0.331 0.349 0.357 0.355 0.340 0.316 0.282 0.248 0.212 0.166 0.124 0.098 0.090 0.094 0.119 0.163 0.177 0.163 0.106 0.063 0.048 0.041
3.525 3.770 4.027 4.230 4.326 4.286 4.120 3.967 3.832 3.628 3.422 3.296 3.199 3.099 3.069 3.112 3.188 3.196 3.126 3.029 2.915 2.783 2.268 1.605 1.429 1.531 1.833 2.338 3.006 3.617 4.106 4.473 4.724 4.866 4.839 4.476 3.782 2.879 2.042 1.278 0.657 0.295 0.129 0.068 0.077 0.103 0.145 0.195 0.244 0.277 0.297 0.309 0.318 0.325 0.336 0.349 0.354 0.351 0.340 0.318 0.286 0.249 0.208 0.165 0.121 0.086 0.065 0.059 0.064 0.087 0.146 0.183 0.181 0.137 0.084 0.062 0.050
5.021 5.149 5.235 5.276 5.272 5.249 5.222 5.196 5.053 4.716 4.344 4.166 4.073 3.996 3.962 3.972 3.956 3.793 3.467 3.207 3.039 2.810 2.234 1.818 1.819 2.065 2.518 3.143 3.889 4.526 5.031 5.395 5.625 5.769 5.785 5.563 5.023 4.217 3.366 2.515 1.661 1.026 0.609 0.314 0.152 0.145 0.200 0.242 0.272 0.292 0.307 0.320 0.332 0.342 0.350 0.352 0.350 0.338 0.318 0.289 0.251 0.208 0.163 0.120 0.085 0.058 0.042 0.038 0.043 0.064 0.129 0.184 0.191 0.163 0.112 0.080 0.058
5.998 6.039 6.063 6.095 6.110 6.139 6.176 6.197 6.101 5.815 5.404 5.222 5.133 5.125 5.061 4.977 4.722 4.259 3.680 3.326 3.098 2.782 2.351 2.222 2.368 2.745 3.313 3.987 4.684 5.321 5.828 6.174 6.337 6.443 6.443 6.305 5.946 5.383 4.686 3.916 2.975 2.179 1.642 1.151 0.634 0.269 0.231 0.274 0.290 0.304 0.318 0.333 0.348 0.353 0.351 0.344 0.336 0.321 0.293 0.254 0.210 0.165 0.124 0.089 0.061 0.040 0.030 0.028 0.034 0.058 0.129 0.185 0.193 0.174 0.127 0.086 0.058
6.875 6.859 6.861 6.878 6.929 7.015 7.102 7.143 7.116 6.973 6.668 6.516 6.439 6.382 6.144 5.773 5.219 4.475 3.777 3.357 3.074 2.850 2.697 2.797 3.118 3.605 4.223 4.857 5.463 6.041 6.534 6.884 6.975 7.013 6.935 6.810 6.530 6.182 5.645 4.981 4.055 3.179 2.698 2.349 1.796 0.918 0.333 0.282 0.307 0.315 0.329 0.350 0.360 0.358 0.345 0.328 0.313 0.294 0.260 0.215 0.174 0.136 0.102 0.072 0.048 0.034 0.028 0.027 0.034 0.066 0.141 0.187 0.192 0.173 0.127 0.083 0.053
7.719 7.662 7.645 7.653 7.712 7.829 7.965 8.053 8.073 8.020 7.883 7.771 7.644 7.385 6.896 6.181 5.418 4.493 3.794 3.346 3.105 3.091 3.245 3.589 4.083 4.653 5.277 5.794 6.276 6.738 7.163 7.419 7.462 7.462 7.354 7.217 6.918 6.599 6.165 5.546 4.741 3.898 3.405 3.143 2.893 2.202 0.949 0.330 0.314 0.323 0.338 0.362 0.368 0.357 0.327 0.294 0.276 0.258 0.226 0.186 0.149 0.116 0.087 0.063 0.045 0.034 0.030 0.031 0.045 0.090 0.160 0.190 0.190 0.164 0.113 0.071 0.045
8.450 8.406 8.386 8.388 8.423 8.517 8.661 8.786 8.863 8.890 8.867 8.790 8.563 8.026 7.233 6.303 5.408 4.499 3.856 3.454 3.369 3.586 4.042 4.663 5.290 5.881 6.462 6.860 7.168 7.507 7.749 7.940 7.896 7.849 7.753 7.539 7.210 6.819 6.370 5.712 5.046 4.368 3.881 3.615 3.457 3.264 2.220 0.690 0.298 0.330 0.350 0.369 0.371 0.343 0.286 0.247 0.236 0.229 0.211 0.178 0.138 0.099 0.071 0.054 0.043 0.037 0.036 0.043 0.069 0.128 0.179 0.193 0.185 0.145 0.090 0.055 0.035
9.072 9.047 9.020 9.031 9.055 9.081 9.189 9.373 9.536 9.656 9.706 9.561 9.114 8.250 7.251 6.260 5.292 4.560 4.097 3.886 3.963 4.393 5.134 5.962 6.611 7.114 7.575 7.955 8.195 8.378 8.426 8.513 8.400 8.295 8.131 7.780 7.430 7.002 6.441 5.739 5.089 4.535 4.112 3.837 3.685 3.588 3.254 1.739 0.473 0.312 0.361 0.368 0.354 0.301 0.235 0.211 0.211 0.214 0.207 0.180 0.131 0.082 0.055 0.043 0.040 0.040 0.046 0.063 0.109 0.166 0.192 0.197 0.168 0.109 0.065 0.041 0.029
9.835 9.595 9.489 9.458 9.459 9.516 9.629 9.841 10.157 10.345 10.392 9.987 9.230 8.144 6.961 6.012 5.325 4.879 4.704 4.685 4.918 5.519 6.379 7.136 7.691 8.133 8.543 8.956 9.181 9.299 9.303 9.209 9.097 8.916 8.478 8.021 7.633 7.148 6.513 5.754 5.034 4.512 4.161 3.887 3.707 3.543 3.363 2.662 1.229 0.418 0.350 0.351 0.304 0.242 0.200 0.193 0.203 0.214 0.212 0.183 0.118 0.065 0.043 0.037 0.036 0.039 0.050 0.084 0.150 0.195 0.203 0.190 0.134 0.073 0.045 0.031 0.025
10.305 9.904 9.785 9.760 9.763 9.833 10.038 10.322 10.660 10.832 10.699 10.031 9.070 7.795 6.724 5.988 5.643 5.521 5.607 5.812 6.202 6.778 7.517 8.116 8.548 8.976 9.426 9.828 10.021 10.175 10.194 9.935 9.730 9.467 8.901 8.402 7.862 7.258 6.616 5.821 4.973 4.376 4.072 3.830 3.584 3.313 3.100 2.742 1.874 0.822 0.365 0.289 0.236 0.193 0.177 0.180 0.202 0.224 0.224 0.188 0.105 0.052 0.038 0.036 0.036 0.037 0.049 0.090 0.170 0.212 0.213 0.187 0.119 0.062 0.037 0.026 0.023
10.511 10.002 9.962 9.969 10.072 10.216 10.352 10.688 10.941 10.998 10.687 9.824 8.784 7.581 6.754 6.418 6.412 6.589 6.896 7.222 7.597 7.930 8.472 8.986 9.276 9.738 10.230 10.518 10.755 10.790 10.749 10.422 10.168 9.757 9.301 8.865 8.246 7.476 6.788 5.985 5.087 4.266 3.796 3.543 3.255 2.924 2.675 2.422 1.979 1.208 0.515 0.241 0.184 0.160 0.156 0.165 0.200 0.238 0.246 0.203 0.104 0.049 0.038 0.038 0.039 0.038 0.046 0.085 0.167 0.216 0.220 0.192 0.122 0.063 0.037 0.026 0.022
10.407 9.970 10.084 10.141 10.258 10.476 10.495 10.854 10.983 10.827 10.481 9.564 8.737 7.945 7.617 7.539 7.610 7.991 8.260 8.503 8.786 8.993 9.403 9.777 10.019 10.383 10.891 11.129 11.368 11.236 11.061 10.687 10.401 10.008 9.620 9.215 8.659 7.861 7.089 6.255 5.339 4.326 3.588 3.097 2.737 2.431 2.166 1.936 1.700 1.337 0.750 0.308 0.168 0.143 0.139 0.150 0.191 0.241 0.253 0.215 0.114 0.056 0.042 0.042 0.043 0.042 0.046 0.071 0.142 0.205 0.218 0.199 0.135 0.074 0.045 0.030 0.024
10.191 9.980 10.146 10.254 10.330 10.508 10.475 10.751 10.771 10.502 10.338 9.577 9.136 9.027 9.120 9.112 9.191 9.433 9.374 9.558 9.717 9.951 10.332 10.484 10.669 10.945 11.407 11.681 11.870 11.597 11.285 10.829 10.569 10.246 9.892 9.537 8.963 8.257 7.441 6.567 5.536 4.423 3.570 2.897 2.353 2.025 1.746 1.458 1.273 1.144 0.858 0.429 0.193 0.143 0.138 0.146 0.182 0.234 0.248 0.222 0.141 0.089 0.070 0.057 0.049 0.049 0.051 0.063 0.108 0.178 0.206 0.199 0.155 0.095 0.060 0.040 0.029
9.846 9.945 10.162 10.241 10.291 10.323 10.230 10.368 10.245 10.202 10.308 10.104 10.019 10.222 10.272 10.338 10.325 10.339 10.252 10.390 10.412 10.644 11.054 11.143 11.170 11.416 11.780 12.023 12.157 11.860 11.536 10.998 10.772 10.440 10.155 9.907 9.417 8.777 7.892 6.836 5.648 4.508 3.605 2.881 2.227 1.820 1.491 1.172 0.989 0.913 0.810 0.551 0.289 0.207 0.204 0.205 0.219 0.252 0.269 0.278 0.291 0.295 0.281 0.213 0.104 0.063 0.061 0.067 0.088 0.141 0.179 0.186 0.169 0.124 0.085 0.057 0.038
9.515 9.819 10.076 10.081 10.047 9.952 9.800 9.915 9.780 9.900 10.190 10.511 10.701 10.949 10.986 11.022 10.952 10.827 10.854 10.916 10.949 11.054 11.330 11.402 11.439 11.611 11.920 12.135 12.217 12.047 11.779 11.279 11.081 10.846 10.788 10.886 10.721 10.011 8.823 7.246 5.774 4.579 3.622 2.883 2.267 1.822 1.455 1.137 0.956 0.888 0.877 0.941 0.918 0.889 0.875 0.815 0.734 0.719 0.761 0.918 1.180 1.315 1.319 1.151 0.720 0.280 0.116 0.083 0.080 0.101 0.136 0.158 0.163 0.147 0.118 0.084 0.053
9.104 9.528 9.722 9.712 9.658 9.485 9.373 9.394 9.302 9.471 9.950 10.526 10.993 11.218 11.272 11.205 11.156 11.072 11.129 11.088 11.182 11.259 11.435 11.421 11.505 11.513 11.782 11.990 12.120 12.115 11.922 11.548 11.360 11.188 11.277 11.473 11.613 11.147 10.171 8.403 6.295 4.657 3.622 2.890 2.339 1.910 1.572 1.316 1.203 1.255 1.612 2.376 2.903 3.034 2.959 2.743 2.472 2.359 2.391 2.618 2.972 3.148 3.176 3.078 2.594 1.694 0.854 0.359 0.137 0.078 0.091 0.116 0.143 0.151 0.140 0.112 0.076
8.540 8.918 9.087 9.100 9.085 8.900 8.841 8.775 8.744 8.800 9.380 10.281 10.974 11.261 11.286 11.206 11.126 11.048 10.996 11.056 11.203 11.118 11.206 11.217 11.305 11.288 11.309 11.379 11.584 11.672 11.595 11.344 11.219 11.219 11.476 11.711 11.713 11.242 10.407 9.034 7.088 5.020 3.609 2.877 2.420 2.095 1.850 1.740 1.834 2.257 3.050 4.092 4.784 5.070 5.088 4.971 4.785 4.682 4.663 4.713 4.846 4.924 4.900 4.869 4.756 4.252 3.079 1.669 0.651 0.183 0.074 0.081 0.112 0.139 0.142 0.129 0.101
7.699 7.996 8.144 8.186 8.218 8.085 8.031 7.894 7.783 7.767 8.260 9.239 10.119 10.574 10.611 10.543 10.319 10.247 10.233 10.350 10.533 10.615 10.719 10.533 10.543 10.380 10.018 9.848 9.857 9.865 9.894 9.983 10.212 10.569 10.804 10.869 10.891 10.735 10.071 8.959 7.300 5.244 3.585 2.799 2.454 2.275 2.195 2.215 2.468 3.118 4.047 5.072 5.817 6.271 6.458 6.573 6.656 6.691 6.728 6.745 6.745 6.702 6.633 6.532 6.398 6.083 5.067 3.321 1.595 0.559 0.145 0.069 0.082 0.109 0.129 0.130 0.116
6.477 6.681 6.768 6.890 6.963 6.880 6.816 6.799 6.681 6.681 6.999 7.735 8.337 8.645 8.726 8.701 8.567 8.568 8.480 8.528 8.577 8.606 8.658 8.452 8.337 8.107 7.555 7.158 6.871 6.720 6.731 7.088 7.823 8.544 8.746 8.769 8.776 8.680 8.336 7.561 6.469 4.946 3.345 2.581 2.382 2.323 2.392 2.577 2.959 3.695 4.719 5.863 6.677 7.263 7.676 8.019 8.299 8.576 8.650 8.728 8.718 8.604 8.572 8.373 8.028 7.484 6.397 4.486 2.501 1.173 0.422 0.126 0.073 0.084 0.105 0.119 0.120
4.244 4.298 4.402 4.692 4.918 5.010 4.990 5.024 5.076 5.247 5.517 5.826 5.947 5.960 5.913 5.853 5.823 5.831 5.707 5.601 5.492 5.392 5.129 4.820 4.606 4.454 4.186 3.959 3.789 3.775 3.915 4.319 4.997 5.637 5.930 5.990 5.939 5.672 5.433 5.240 4.628 3.384 2.364 2.073 2.111 2.243 2.462 2.834 3.363 4.190 5.332 6.615 7.641 8.380 8.925 9.461 9.946 10.381 10.553 10.723 10.781 10.642 10.539 10.235 9.792 8.976 7.643 5.558 3.516 2.044 1.034 0.406 0.144 0.089 0.098 0.114 0.123
