AvaFrame/avaframe/data/avaSalk/Avaflow_Input_Output/slk_results/slk_ascii/slk_basechange10026.asc
ncols 296
nrows 144
xllcenter 761600.00
yllcenter 8523000.00
cellsize 12.50
NODATA_value -9999.000
[rows 66 to 98 of 144, columns 148 to 221 of 296]
0.000 0.000 0.000 0.000 0.000 0.000 0.000 0.000 0.000 0.000 0.000 0.000 0.000 0.000 0.000 0.000 0.000 0.000 0.000 0.000 0.000 0.000 0.000 0.000 0.000 -0.000 -0.000 -0.000 -0.000 -0.000 -0.000 -0.000 -0.000 -0.000 -0.000 -0.000 -0.000 -0.000 -0.000 -0.001 -0.001 -0.001 -0.002 -0.002 -0.004 -0.006 -0.009 -0.016 -0.029 -0.052 -0.090 -0.145 -0.225 -0.330 -0.438 -0.536 -0.614 -0.670 -0.712 -0.747 -0.783 -0.815 -0.859 -0.923 -1.011 -1.123 -1.284 -1.491 -1.696 -1.897 -2.089 -2.254 -2.376 -2.474
0.000 0.000 0.000 0.000 0.000 0.000 0.000 0.000 0.000 0.000 0.000 0.000 0.000 0.000 0.000 0.000 0.000 0.000 0.000 0.000 0.000 0.000 0.000 0.000 -0.000 -0.000 -0.000 -0.000 -0.000 -0.000 -0.000 -0.000 -0.000 -0.000 -0.000 -0.000 -0.000 -0.000 -0.001 -0.001 -0.001 -0.002 -0.003 -0.004 -0.007 -0.012 -0.022 -0.041 -0.073 -0.121 -0.187 -0.269 -0.363 -0.462 -0.548 -0.620 -0.679 -0.717 -0.740 -0.766 -0.802 -0.844 -0.906 -0.990 -1.105 -1.259 -1.458 -1.687 -1.915 -2.105 -2.260 -2.379 -2.474 -2.561
0.000 0.000 0.000 0.000 0.000 0.000 0.000 0.000 0.000 0.000 0.000 0.000 0.000 0.000 0.000 0.000 0.000 0.000 0.000 0.000 0.000 0.000 0.000 -0.000 -0.000 -0.000 -0.000 -0.000 -0.000 -0.000 -0.000 -0.000 -0.000 -0.000 -0.000 -0.000 -0.001 -0.001 -0.001 -0.002 -0.002 -0.004 -0.006 -0.009 -0.016 -0.029 -0.052 -0.091 -0.145 -0.216 -0.298 -0.390 -0.477 -0.553 -0.615 -0.660 -0.697 -0.727 -0.752 -0.787 -0.834 -0.897 -0.978 -1.097 -1.240 -1.431 -1.655 -1.869 -2.073 -2.261 -2.399 -2.487 -2.553 -2.632
0.000 0.000 0.000 0.000 0.000 0.000 0.000 0.000 0.000 0.000 0.000 0.000 0.000 0.000 0.000 0.000 0.000 0.000 0.000 0.000 0.000 0.000 -0.000 -0.000 -0.000 -0.000 -0.000 -0.000 -0.000 -0.000 -0.000 -0.000 -0.000 -0.000 -0.000 -0.001 -0.001 -0.001 -0.002 -0.003 -0.004 -0.007 -0.011 -0.019 -0.035 -0.061 -0.102 -0.159 -0.231 -0.312 -0.396 -0.477 -0.546 -0.600 -0.642 -0.674 -0.702 -0.731 -0.772 -0.822 -0.890 -0.974 -1.082 -1.233 -1.422 -1.628 -1.845 -2.049 -2.232 -2.379 -2.492 -2.581 -2.640 -2.664
0.000 0.000 0.000 0.000 0.000 0.000 0.000 0.000 0.000 0.000 0.000 0.000 0.000 0.000 0.000 0.000 0.000 0.000 0.000 0.000 -0.000 -0.000 -0.000 -0.000 -0.000 -0.000 -0.000 -0.000 -0.000 -0.000 -0.000 -0.000 -0.000 -0.000 -0.001 -0.001 -0.001 -0.002 -0.003 -0.005 -0.008 -0.013 -0.023 -0.041 -0.070 -0.113 -0.169 -0.240 -0.320 -0.400 -0.472 -0.533 -0.582 -0.618 -0.649 -0.681 -0.719 -0.766 -0.822 -0.889 -0.970 -1.077 -1.212 -1.391 -1.613 -1.840 -2.057 -2.236 -2.395 -2.512 -2.579 -2.650 -2.694 -2.651
0.000 0.000 0.000 0.000 0.000 0.000 0.000 0.000 0.000 0.000 0.000 0.000 0.000 -0.000 -0.000 0.000 0.000 0.000 -0.000 -0.000 -0.000 -0.000 -0.000 -0.000 -0.000 -0.000 -0.000 -0.000 -0.000 -0.000 -0.000 -0.000 -0.001 -0.001 -0.001 -0.002 -0.002 -0.004 -0.005 -0.009 -0.014 -0.026 -0.046 -0.077 -0.122 -0.181 -0.252 -0.330 -0.405 -0.472 -0.528 -0.572 -0.612 -0.646 -0.682 -0.720 -0.763 -0.817 -0.896 -0.983 -1.081 -1.201 -1.362 -1.570 -1.805 -2.066 -2.303 -2.453 -2.553 -2.641 -2.671 -2.672 -2.652 -2.540
0.000 0.000 0.000 0.000 0.000 0.000 0.000 0.000 0.000 -0.000 -0.000 -0.000 -0.000 -0.000 -0.000 -0.000 -0.000 -0.000 -0.000 -0.000 -0.000 -0.000 -0.000 -0.000 -0.000 -0.000 -0.000 -0.000 -0.000 -0.001 -0.001 -0.001 -0.001 -0.001 -0.002 -0.003 -0.004 -0.006 -0.010 -0.016 -0.028 -0.050 -0.084 -0.130 -0.190 -0.259 -0.335 -0.411 -0.477 -0.527 -0.570 -0.611 -0.648 -0.684 -0.725 -0.773 -0.824 -0.888 -0.993 -1.103 -1.213 -1.350 -1.537 -1.786 -2.053 -2.305 -2.531 -2.636 -2.672 -2.700 -2.687 -2.598 -2.484 -2.289
-0.000 0.000 0.000 0.000 -0.000 -0.000 0.000 0.000 -0.000 -0.000 -0.000 -0.000 -0.000 -0.000 -0.000 -0.000 -0.000 -0.000 -0.000 -0.000 -0.000 -0.000 -0.000 -0.001 -0.001 -0.001 -0.001 -0.001 -0.001 -0.001 -0.001 -0.001 -0.002 -0.002 -0.003 -0.004 -0.007 -0.011 -0.018 -0.031 -0.055 -0.090 -0.139 -0.199 -0.269 -0.340 -0.410 -0.472 -0.530 -0.578 -0.616 -0.657 -0.696 -0.736 -0.784 -0.841 -0.907 -0.990 -1.115 -1.243 -1.376 -1.546 -1.800 -2.117 -2.409 -2.613 -2.740 -2.766 -2.709 -2.652 -2.562 -2.423 -2.222 -1.941
-0.000 -0.000 -0.000 -0.000 -0.000 -0.000 -0.000 -0.000 -0.000 -0.000 -0.000 -0.000 -0.000 -0.000 -0.000 -0.000 -0.000 -0.000 -0.000 -0.000 -0.000 -0.001 -0.001 -0.002 -0.003 -0.003 -0.003 -0.003 -0.002 -0.002 -0.002 -0.002 -0.003 -0.004 -0.005 -0.008 -0.012 -0.020 -0.034 -0.059 -0.097 -0.147 -0.208 -0.277 -0.347 -0.415 -0.477 -0.529 -0.578 -0.626 -0.670 -0.713 -0.758 -0.804 -0.862 -0.931 -1.010 -1.115 -1.255 -1.415 -1.598 -1.863 -2.251 -2.599 -2.802 -2.840 -2.819 -2.772 -2.673 -2.547 -2.382 -2.167 -1.897 -1.592
-0.000 -0.000 -0.000 -0.000 -0.000 -0.000 -0.000 -0.000 -0.000 -0.000 -0.000 -0.000 -0.001 -0.001 -0.000 -0.000 -0.000 -0.000 -0.000 -0.001 -0.001 -0.002 -0.006 -0.008 -0.009 -0.009 -0.009 -0.008 -0.006 -0.004 -0.003 -0.004 -0.005 -0.006 -0.009 -0.014 -0.022 -0.037 -0.063 -0.102 -0.154 -0.216 -0.283 -0.351 -0.420 -0.480 -0.537 -0.587 -0.636 -0.686 -0.732 -0.780 -0.833 -0.889 -0.955 -1.032 -1.131 -1.265 -1.435 -1.671 -1.990 -2.398 -2.765 -2.940 -2.927 -2.797 -2.666 -2.564 -2.503 -2.363 -2.121 -1.861 -1.559 -1.297
-0.000 -0.000 -0.000 -0.000 -0.000 -0.000 -0.000 -0.000 -0.000 -0.000 -0.001 -0.002 -0.002 -0.003 -0.003 -0.002 -0.001 -0.001 -0.001 -0.002 -0.005 -0.008 -0.010 -0.011 -0.013 -0.014 -0.015 -0.017 -0.016 -0.011 -0.008 -0.007 -0.009 -0.012 -0.017 -0.025 -0.041 -0.068 -0.108 -0.160 -0.222 -0.289 -0.359 -0.424 -0.487 -0.546 -0.599 -0.654 -0.709 -0.763 -0.815 -0.864 -0.920 -0.980 -1.051 -1.146 -1.284 -1.471 -1.728 -2.079 -2.508 -2.883 -2.990 -2.871 -2.682 -2.484 -2.361 -2.303 -2.238 -2.091 -1.791 -1.512 -1.266 -1.073
-0.000 -0.000 -0.000 -0.000 -0.000 -0.000 -0.000 -0.000 -0.000 -0.001 -0.003 -0.010 -0.018 -0.020 -0.017 -0.011 -0.007 -0.006 -0.008 -0.012 -0.015 -0.015 -0.011 -0.010 -0.012 -0.013 -0.013 -0.024 -0.033 -0.030 -0.022 -0.018 -0.020 -0.026 -0.036 -0.052 -0.079 -0.118 -0.169 -0.230 -0.298 -0.367 -0.433 -0.497 -0.557 -0.620 -0.680 -0.741 -0.796 -0.846 -0.895 -0.953 -1.015 -1.080 -1.162 -1.296 -1.494 -1.774 -2.144 -2.523 -2.797 -2.937 -2.823 -2.551 -2.313 -2.159 -2.099 -2.088 -2.011 -1.780 -1.472 -1.217 -1.039 -0.930
-0.001 -0.001 -0.001 -0.001 -0.001 -0.001 -0.002 -0.002 -0.002 -0.004 -0.015 -0.025 -0.028 -0.031 -0.033 -0.030 -0.027 -0.027 -0.027 -0.026 -0.022 -0.017 -0.012 -0.012 -0.015 -0.013 -0.014 -0.028 -0.051 -0.060 -0.054 -0.048 -0.049 -0.057 -0.074 -0.103 -0.144 -0.197 -0.260 -0.325 -0.387 -0.447 -0.509 -0.571 -0.636 -0.707 -0.775 -0.839 -0.888 -0.924 -0.968 -1.034 -1.107 -1.193 -1.315 -1.510 -1.792 -2.146 -2.507 -2.740 -2.796 -2.724 -2.521 -2.252 -2.083 -2.006 -1.943 -1.889 -1.739 -1.468 -1.201 -1.014 -0.904 -0.846
-0.007 -0.006 -0.005 -0.005 -0.006 -0.006 -0.007 -0.010 -0.015 -0.030 -0.044 -0.039 -0.021 -0.022 -0.030 -0.037 -0.040 -0.040 -0.035 -0.024 -0.016 -0.011 -0.015 -0.017 -0.015 -0.023 -0.035 -0.046 -0.071 -0.093 -0.087 -0.077 -0.081 -0.095 -0.119 -0.159 -0.216 -0.287 -0.369 -0.446 -0.506 -0.553 -0.603 -0.663 -0.734 -0.811 -0.874 -0.917 -0.956 -0.991 -1.036 -1.111 -1.217 -1.334 -1.524 -1.811 -2.151 -2.485 -2.687 -2.728 -2.638 -2.448 -2.224 -2.056 -1.954 -1.872 -1.775 -1.653 -1.468 -1.210 -0.997 -0.869 -0.803 -0.779
-0.059 -0.052 -0.046 -0.046 -0.049 -0.052 -0.054 -0.062 -0.079 -0.097 -0.097 -0.061 -0.026 -0.024 -0.028 -0.030 -0.030 -0.028 -0.024 -0.020 -0.020 -0.017 -0.018 -0.019 -0.020 -0.044 -0.073 -0.084 -0.107 -0.126 -0.108 -0.091 -0.102 -0.129 -0.170 -0.222 -0.287 -0.367 -0.457 -0.550 -0.621 -0.681 -0.742 -0.801 -0.860 -0.914 -0.958 -0.983 -1.009 -1.050 -1.110 -1.203 -1.348 -1.549 -1.813 -2.152 -2.459 -2.649 -2.695 -2.592 -2.393 -2.192 -2.042 -1.934 -1.846 -1.740 -1.600 -1.433 -1.235 -1.027 -0.865 -0.768 -0.719 -0.710
-0.153 -0.158 -0.157 -0.155 -0.158 -0.162 -0.155 -0.138 -0.130 -0.126 -0.110 -0.073 -0.045 -0.037 -0.033 -0.025 -0.023 -0.026 -0.031 -0.031 -0.031 -0.034 -0.032 -0.032 -0.041 -0.062 -0.092 -0.125 -0.152 -0.154 -0.124 -0.107 -0.126 -0.172 -0.235 -0.307 -0.383 -0.465 -0.551 -0.656 -0.746 -0.815 -0.893 -0.955 -0.990 -1.005 -1.012 -1.030 -1.065 -1.119 -1.206 -1.343 -1.545 -1.822 -2.140 -2.423 -2.602 -2.647 -2.556 -2.377 -2.175 -2.019 -1.917 -1.826 -1.722 -1.589 -1.426 -1.247 -1.060 -0.890 -0.765 -0.684 -0.641 -0.642
-0.124 -0.142 -0.165 -0.177 -0.170 -0.167 -0.163 -0.135 -0.093 -0.066 -0.057 -0.055 -0.058 -0.054 -0.050 -0.041 -0.046 -0.050 -0.056 -0.052 -0.040 -0.045 -0.056 -0.063 -0.067 -0.074 -0.094 -0.148 -0.179 -0.164 -0.137 -0.141 -0.177 -0.240 -0.324 -0.413 -0.505 -0.600 -0.690 -0.806 -0.934 -0.996 -1.036 -1.078 -1.101 -1.101 -1.081 -1.088 -1.130 -1.217 -1.342 -1.538 -1.810 -2.102 -2.364 -2.543 -2.591 -2.532 -2.377 -2.189 -2.029 -1.905 -1.806 -1.702 -1.581 -1.425 -1.255 -1.079 -0.920 -0.780 -0.672 -0.599 -0.561 -0.574
-0.057 -0.049 -0.053 -0.087 -0.105 -0.097 -0.090 -0.083 -0.045 -0.017 -0.025 -0.043 -0.070 -0.082 -0.088 -0.089 -0.090 -0.081 -0.082 -0.078 -0.073 -0.072 -0.076 -0.086 -0.084 -0.085 -0.104 -0.162 -0.190 -0.163 -0.148 -0.187 -0.249 -0.331 -0.429 -0.527 -0.631 -0.742 -0.841 -0.962 -1.117 -1.206 -1.202 -1.191 -1.192 -1.202 -1.201 -1.209 -1.257 -1.356 -1.556 -1.813 -2.087 -2.326 -2.480 -2.517 -2.481 -2.359 -2.203 -2.046 -1.912 -1.803 -1.692 -1.566 -1.422 -1.259 -1.088 -0.928 -0.783 -0.666 -0.575 -0.513 -0.485 -0.511
-0.072 -0.050 -0.031 -0.022 -0.028 -0.040 -0.035 -0.020 -0.012 -0.013 -0.024 -0.046 -0.054 -0.088 -0.123 -0.115 -0.115 -0.103 -0.096 -0.088 -0.094 -0.097 -0.110 -0.116 -0.109 -0.105 -0.127 -0.179 -0.199 -0.181 -0.193 -0.257 -0.337 -0.433 -0.546 -0.662 -0.782 -0.895 -0.988 -1.092 -1.207 -1.297 -1.305 -1.285 -1.275 -1.301 -1.335 -1.384 -1.493 -1.624 -1.831 -2.090 -2.340 -2.436 -2.457 -2.409 -2.318 -2.198 -2.064 -1.924 -1.789 -1.673 -1.557 -1.423 -1.262 -1.096 -0.935 -0.787 -0.659 -0.556 -0.483 -0.436 -0.422 -0.462
-0.134 -0.124 -0.071 -0.047 -0.043 -0.039 -0.036 -0.031 -0.028 -0.027 -0.027 -0.027 -0.025 -0.030 -0.050 -0.067 -0.076 -0.072 -0.073 -0.082 -0.092 -0.101 -0.127 -0.158 -0.150 -0.149 -0.164 -0.201 -0.214 -0.232 -0.281 -0.359 -0.455 -0.565 -0.681 -0.815 -0.941 -1.056 -1.122 -1.182 -1.245 -1.299 -1.323 -1.344 -1.368 -1.429 -1.497 -1.583 -1.747 -1.992 -2.193 -2.300 -2.400 -2.451 -2.356 -2.257 -2.174 -2.070 -1.950 -1.804 -1.655 -1.520 -1.396 -1.259 -1.101 -0.939 -0.794 -0.661 -0.550 -0.465 -0.408 -0.379 -0.383 -0.436
-0.141 -0.206 -0.219 -0.141 -0.083 -0.077 -0.073 -0.071 -0.068 -0.067 -0.072 -0.077 -0.080 -0.080 -0.070 -0.059 -0.060 -0.073 -0.089 -0.100 -0.112 -0.121 -0.158 -0.211 -0.218 -0.211 -0.200 -0.222 -0.247 -0.304 -0.390 -0.487 -0.599 -0.726 -0.854 -0.976 -1.082 -1.172 -1.207 -1.237 -1.269 -1.279 -1.311 -1.373 -1.465 -1.588 -1.717 -1.807 -1.971 -2.202 -2.413 -2.507 -2.371 -2.311 -2.233 -2.111 -2.044 -1.966 -1.832 -1.659 -1.484 -1.337 -1.211 -1.083 -0.933 -0.784 -0.653 -0.541 -0.452 -0.392 -0.356 -0.345 -0.366 -0.433
-0.182 -0.187 -0.235 -0.352 -0.226 -0.132 -0.134 -0.131 -0.130 -0.134 -0.150 -0.153 -0.155 -0.153 -0.148 -0.142 -0.142 -0.140 -0.138 -0.160 -0.162 -0.181 -0.240 -0.273 -0.277 -0.265 -0.239 -0.272 -0.333 -0.414 -0.521 -0.645 -0.782 -0.914 -1.032 -1.107 -1.176 -1.219 -1.246 -1.269 -1.301 -1.306 -1.342 -1.421 -1.553 -1.699 -1.900 -2.022 -2.133 -2.254 -2.363 -2.514 -2.413 -2.132 -2.068 -1.999 -1.934 -1.848 -1.686 -1.473 -1.284 -1.138 -1.027 -0.922 -0.795 -0.659 -0.538 -0.441 -0.374 -0.339 -0.325 -0.332 -0.370 -0.448
-0.290 -0.275 -0.262 -0.304 -0.393 -0.285 -0.209 -0.213 -0.216 -0.238 -0.250 -0.252 -0.249 -0.241 -0.233 -0.229 -0.222 -0.214 -0.232 -0.254 -0.267 -0.291 -0.327 -0.337 -0.332 -0.320 -0.307 -0.374 -0.471 -0.583 -0.703 -0.842 -0.990 -1.117 -1.200 -1.243 -1.260 -1.274 -1.270 -1.288 -1.335 -1.374 -1.436 -1.527 -1.649 -1.773 -1.956 -2.126 -2.205 -2.240 -2.223 -2.307 -2.436 -2.147 -1.913 -1.908 -1.845 -1.692 -1.483 -1.260 -1.084 -0.963 -0.883 -0.803 -0.694 -0.565 -0.452 -0.370 -0.321 -0.302 -0.306 -0.334 -0.392 -0.477
-0.360 -0.364 -0.372 -0.361 -0.372 -0.413 -0.337 -0.321 -0.319 -0.333 -0.349 -0.355 -0.341 -0.329 -0.333 -0.314 -0.315 -0.331 -0.360 -0.401 -0.409 -0.396 -0.390 -0.389 -0.395 -0.408 -0.436 -0.520 -0.638 -0.786 -0.948 -1.073 -1.198 -1.292 -1.337 -1.369 -1.367 -1.349 -1.361 -1.379 -1.400 -1.437 -1.525 -1.618 -1.717 -1.828 -1.941 -2.066 -2.121 -2.122 -2.067 -2.008 -2.154 -2.227 -1.937 -1.786 -1.707 -1.474 -1.223 -1.030 -0.904 -0.833 -0.785 -0.722 -0.620 -0.490 -0.384 -0.319 -0.287 -0.279 -0.295 -0.341 -0.417 -0.511
-0.394 -0.411 -0.430 -0.439 -0.456 -0.452 -0.483 -0.426 -0.431 -0.441 -0.453 -0.447 -0.441 -0.431 -0.409 -0.415 -0.441 -0.482 -0.519 -0.546 -0.518 -0.469 -0.439 -0.450 -0.490 -0.535 -0.619 -0.734 -0.865 -1.008 -1.168 -1.257 -1.378 -1.415 -1.417 -1.471 -1.431 -1.394 -1.453 -1.504 -1.501 -1.522 -1.595 -1.693 -1.797 -1.859 -1.910 -1.930 -1.943 -1.926 -1.868 -1.776 -1.785 -1.975 -1.985 -1.694 -1.468 -1.220 -0.980 -0.839 -0.768 -0.742 -0.721 -0.669 -0.566 -0.434 -0.336 -0.284 -0.264 -0.268 -0.292 -0.351 -0.438 -0.539
-0.461 -0.479 -0.495 -0.502 -0.525 -0.571 -0.555 -0.535 -0.531 -0.534 -0.532 -0.526 -0.521 -0.502 -0.511 -0.565 -0.628 -0.662 -0.652 -0.619 -0.593 -0.532 -0.523 -0.580 -0.641 -0.715 -0.827 -0.971 -1.101 -1.246 -1.356 -1.379 -1.472 -1.455 -1.423 -1.465 -1.409 -1.404 -1.471 -1.506 -1.555 -1.629 -1.666 -1.754 -1.851 -1.903 -1.889 -1.826 -1.759 -1.733 -1.670 -1.592 -1.585 -1.705 -1.801 -1.601 -1.203 -0.958 -0.795 -0.712 -0.682 -0.681 -0.677 -0.634 -0.532 -0.397 -0.305 -0.261 -0.253 -0.268 -0.303 -0.361 -0.444 -0.547
-0.499 -0.526 -0.545 -0.550 -0.590 -0.672 -0.631 -0.622 -0.619 -0.636 -0.626 -0.610 -0.595 -0.636 -0.693 -0.784 -0.843 -0.815 -0.763 -0.720 -0.675 -0.655 -0.701 -0.789 -0.878 -0.986 -1.115 -1.215 -1.302 -1.419 -1.484 -1.492 -1.528 -1.455 -1.404 -1.413 -1.362 -1.388 -1.436 -1.438 -1.509 -1.636 -1.708 -1.752 -1.803 -1.824 -1.835 -1.732 -1.594 -1.515 -1.502 -1.449 -1.444 -1.528 -1.566 -1.398 -1.037 -0.772 -0.666 -0.623 -0.621 -0.639 -0.646 -0.609 -0.509 -0.374 -0.288 -0.252 -0.250 -0.277 -0.324 -0.375 -0.433 -0.527
-0.492 -0.526 -0.548 -0.589 -0.721 -0.714 -0.687 -0.705 -0.687 -0.722 -0.749 -0.755 -0.784 -0.857 -0.931 -0.964 -0.944 -0.910 -0.880 -0.879 -0.898 -0.937 -1.020 -1.134 -1.247 -1.370 -1.469 -1.532 -1.550 -1.597 -1.606 -1.568 -1.588 -1.515 -1.460 -1.457 -1.375 -1.370 -1.423 -1.403 -1.443 -1.532 -1.600 -1.634 -1.681 -1.664 -1.668 -1.585 -1.481 -1.342 -1.270 -1.274 -1.296 -1.330 -1.336 -1.197 -0.937 -0.681 -0.587 -0.565 -0.574 -0.599 -0.615 -0.584 -0.496 -0.371 -0.284 -0.257 -0.260 -0.292 -0.347 -0.396 -0.429 -0.489
-0.516 -0.559 -0.631 -0.714 -0.763 -0.779 -0.791 -0.781 -0.811 -0.850 -0.907 -0.914 -0.957 -0.981 -1.006 -1.019 -1.037 -0.996 -1.027 -1.092 -1.230 -1.305 -1.421 -1.509 -1.574 -1.677 -1.730 -1.796 -1.824 -1.837 -1.764 -1.709 -1.719 -1.640 -1.593 -1.576 -1.473 -1.455 -1.484 -1.479 -1.478 -1.553 -1.564 -1.499 -1.499 -1.480 -1.468 -1.388 -1.332 -1.262 -1.114 -1.062 -1.107 -1.127 -1.124 -1.047 -0.885 -0.679 -0.556 -0.537 -0.546 -0.567 -0.583 -0.562 -0.494 -0.398 -0.315 -0.290 -0.300 -0.325 -0.367 -0.409 -0.434 -0.456
-0.540 -0.596 -0.670 -0.735 -0.773 -0.771 -0.787 -0.835 -0.882 -0.914 -0.986 -0.962 -0.997 -1.014 -1.016 -1.053 -1.101 -1.171 -1.257 -1.331 -1.447 -1.548 -1.686 -1.721 -1.797 -1.836 -1.821 -1.864 -1.885 -1.927 -1.881 -1.839 -1.819 -1.776 -1.796 -1.785 -1.709 -1.693 -1.688 -1.633 -1.611 -1.657 -1.680 -1.526 -1.411 -1.328 -1.271 -1.209 -1.139 -1.078 -1.019 -0.925 -0.942 -0.978 -0.990 -0.959 -0.876 -0.746 -0.621 -0.574 -0.574 -0.583 -0.589 -0.575 -0.539 -0.496 -0.454 -0.439 -0.449 -0.458 -0.435 -0.427 -0.436 -0.445
-0.563 -0.603 -0.646 -0.699 -0.731 -0.695 -0.744 -0.843 -0.870 -0.948 -1.000 -0.981 -1.047 -1.059 -1.087 -1.131 -1.248 -1.323 -1.395 -1.514 -1.588 -1.679 -1.770 -1.783 -1.868 -1.873 -1.846 -1.848 -1.819 -1.822 -1.815 -1.772 -1.710 -1.713 -1.765 -1.816 -1.786 -1.771 -1.736 -1.660 -1.624 -1.651 -1.694 -1.660 -1.500 -1.335 -1.150 -1.047 -0.974 -0.882 -0.843 -0.820 -0.840 -0.889 -0.931 -0.950 -0.960 -0.945 -0.883 -0.798 -0.751 -0.739 -0.729 -0.713 -0.696 -0.674 -0.631 -0.597 -0.602 -0.655 -0.677 -0.589 -0.484 -0.450
-0.499 -0.513 -0.543 -0.581 -0.600 -0.629 -0.717 -0.802 -0.829 -0.936 -0.989 -0.995 -1.090 -1.102 -1.116 -1.158 -1.240 -1.376 -1.468 -1.571 -1.612 -1.694 -1.738 -1.736 -1.802 -1.831 -1.806 -1.819 -1.778 -1.691 -1.670 -1.645 -1.611 -1.563 -1.544 -1.560 -1.570 -1.547 -1.474 -1.402 -1.408 -1.441 -1.476 -1.492 -1.473 -1.405 -1.196 -0.969 -0.822 -0.737 -0.690 -0.701 -0.741 -0.807 -0.899 -0.980 -1.035 -1.060 -1.025 -0.932 -0.849 -0.820 -0.807 -0.787 -0.751 -0.697 -0.625 -0.574 -0.567 -0.620 -0.758 -0.828 -0.723 -0.559
-0.367 -0.385 -0.407 -0.455 -0.532 -0.585 -0.678 -0.755 -0.813 -0.912 -0.960 -0.981 -1.067 -1.094 -1.118 -1.122 -1.207 -1.354 -1.472 -1.593 -1.629 -1.681 -1.715 -1.674 -1.714 -1.710 -1.660 -1.657 -1.606 -1.507 -1.499 -1.510 -1.467 -1.388 -1.406 -1.391 -1.388 -1.323 -1.221 -1.185 -1.194 -1.174 -1.089 -1.052 -1.095 -1.082 -1.093 -0.939 -0.715 -0.594 -0.572 -0.590 -0.632 -0.700 -0.820 -0.928 -0.976 -0.980 -0.942 -0.862 -0.780 -0.737 -0.727 -0.716 -0.685 -0.630 -0.572 -0.543 -0.536 -0.538 -0.613 -0.763 -0.782 -0.647
