AvaFrame/avaframe/data/avaSalk/Avaflow_Input_Output/slk_results/slk_ascii/slk_basechange10020.asc
ncols 296
nrows 144
xllcenter 761600.00
yllcenter 8523000.00
cellsize 12.50
NODATA_value -9999.000
[rows 66 to 98 of 144, columns 148 to 221 of 296]
0.000 0.000 0.000 0.000 0.000 0.000 0.000 0.000 0.000 0.000 0.000 0.000 0.000 0.000 0.000 0.000 0.000 0.000 0.000 0.000 0.000 0.000 0.000 0.000 0.000 -0.000 -0.000 -0.000 -0.000 -0.000 -0.000 -0.000 -0.000 -0.000 -0.000 -0.000 -0.000 -0.000 -0.000 -0.001 -0.001 -0.001 -0.002 -0.002 -0.004 -0.006 -0.009 -0.016 -0.029 -0.052 -0.090 -0.145 -0.225 -0.329 -0.438 -0.535 -0.614 -0.670 -0.712 -0.746 -0.782 -0.814 -0.859 -0.922 -1.010 -1.122 -1.283 -1.489 -1.693 -1.892 -2.080 -2.239 -2.351 -2.435
0.000 0.000 0.000 0.000 0.000 0.000 0.000 0.000 0.000 0.000 0.000 0.000 0.000 0.000 0.000 0.000 0.000 0.000 0.000 0.000 0.000 0.000 0.000 0.000 -0.000 -0.000 -0.000 -0.000 -0.000 -0.000 -0.000 -0.000 -0.000 -0.000 -0.000 -0.000 -0.000 -0.000 -0.001 -0.001 -0.001 -0.002 -0.003 -0.004 -0.007 -0.012 -0.022 -0.041 -0.073 -0.121 -0.187 -0.269 -0.363 -0.461 -0.548 -0.620 -0.679 -0.717 -0.740 -0.766 -0.802 -0.844 -0.905 -0.989 -1.104 -1.258 -1.456 -1.683 -1.910 -2.096 -2.243 -2.353 -2.433 -2.498
0.000 0.000 0.000 0.000 0.000 0.000 0.000 0.000 0.000 0.000 0.000 0.000 0.000 0.000 0.000 0.000 0.000 0.000 0.000 0.000 0.000 0.000 0.000 -0.000 -0.000 -0.000 -0.000 -0.000 -0.000 -0.000 -0.000 -0.000 -0.000 -0.000 -0.000 -0.000 -0.001 -0.001 -0.001 -0.002 -0.002 -0.004 -0.005 -0.009 -0.016 -0.029 -0.052 -0.091 -0.145 -0.216 -0.298 -0.390 -0.477 -0.553 -0.614 -0.660 -0.697 -0.727 -0.752 -0.786 -0.834 -0.896 -0.977 -1.095 -1.238 -1.429 -1.652 -1.863 -2.063 -2.243 -2.371 -2.444 -2.487 -2.536
0.000 0.000 0.000 0.000 0.000 0.000 0.000 0.000 0.000 0.000 0.000 0.000 0.000 0.000 0.000 0.000 0.000 0.000 0.000 0.000 0.000 0.000 -0.000 -0.000 -0.000 -0.000 -0.000 -0.000 -0.000 -0.000 -0.000 -0.000 -0.000 -0.000 -0.000 -0.001 -0.001 -0.001 -0.002 -0.003 -0.004 -0.007 -0.011 -0.019 -0.035 -0.061 -0.102 -0.159 -0.231 -0.311 -0.396 -0.477 -0.546 -0.600 -0.641 -0.673 -0.702 -0.730 -0.771 -0.822 -0.889 -0.973 -1.080 -1.232 -1.419 -1.625 -1.839 -2.039 -2.215 -2.350 -2.446 -2.512 -2.542 -2.532
0.000 0.000 0.000 0.000 0.000 0.000 0.000 0.000 0.000 0.000 0.000 0.000 0.000 0.000 0.000 0.000 0.000 0.000 0.000 0.000 -0.000 -0.000 -0.000 -0.000 -0.000 -0.000 -0.000 -0.000 -0.000 -0.000 -0.000 -0.000 -0.000 -0.000 -0.001 -0.001 -0.001 -0.002 -0.003 -0.005 -0.008 -0.013 -0.023 -0.041 -0.070 -0.113 -0.169 -0.240 -0.320 -0.400 -0.472 -0.533 -0.581 -0.618 -0.649 -0.681 -0.719 -0.765 -0.821 -0.889 -0.969 -1.075 -1.210 -1.388 -1.609 -1.834 -2.047 -2.219 -2.366 -2.465 -2.507 -2.546 -2.558 -2.491
0.000 0.000 0.000 0.000 0.000 0.000 0.000 0.000 0.000 0.000 0.000 0.000 0.000 -0.000 -0.000 0.000 0.000 0.000 -0.000 -0.000 -0.000 -0.000 -0.000 -0.000 -0.000 -0.000 -0.000 -0.000 -0.000 -0.000 -0.000 -0.000 -0.001 -0.001 -0.001 -0.002 -0.002 -0.003 -0.005 -0.009 -0.014 -0.026 -0.046 -0.077 -0.122 -0.180 -0.252 -0.330 -0.405 -0.472 -0.527 -0.572 -0.612 -0.646 -0.682 -0.720 -0.762 -0.817 -0.895 -0.982 -1.079 -1.199 -1.359 -1.566 -1.799 -2.055 -2.283 -2.422 -2.503 -2.565 -2.562 -2.534 -2.493 -2.375
0.000 0.000 0.000 0.000 0.000 0.000 0.000 0.000 0.000 -0.000 -0.000 -0.000 -0.000 -0.000 -0.000 -0.000 -0.000 -0.000 -0.000 -0.000 -0.000 -0.000 -0.000 -0.000 -0.000 -0.000 -0.000 -0.000 -0.000 -0.000 -0.001 -0.001 -0.001 -0.001 -0.002 -0.003 -0.004 -0.006 -0.010 -0.016 -0.028 -0.050 -0.084 -0.130 -0.190 -0.259 -0.335 -0.411 -0.477 -0.527 -0.570 -0.611 -0.648 -0.684 -0.725 -0.773 -0.823 -0.887 -0.991 -1.101 -1.211 -1.347 -1.533 -1.780 -2.041 -2.283 -2.496 -2.584 -2.592 -2.586 -2.545 -2.440 -2.324 -2.138
-0.000 0.000 0.000 0.000 -0.000 -0.000 0.000 0.000 -0.000 -0.000 -0.000 -0.000 -0.000 -0.000 -0.000 -0.000 -0.000 -0.000 -0.000 -0.000 -0.000 -0.000 -0.000 -0.000 -0.000 -0.000 -0.000 -0.001 -0.001 -0.001 -0.001 -0.001 -0.002 -0.002 -0.003 -0.004 -0.007 -0.011 -0.018 -0.031 -0.054 -0.090 -0.139 -0.199 -0.269 -0.340 -0.410 -0.472 -0.530 -0.578 -0.615 -0.656 -0.695 -0.735 -0.783 -0.840 -0.906 -0.989 -1.113 -1.240 -1.372 -1.541 -1.790 -2.098 -2.377 -2.565 -2.675 -2.681 -2.594 -2.511 -2.408 -2.268 -2.078 -1.819
-0.000 -0.000 -0.000 -0.000 -0.000 -0.000 -0.000 -0.000 -0.000 -0.000 -0.000 -0.000 -0.000 -0.000 -0.000 -0.000 -0.000 -0.000 -0.000 -0.000 -0.000 -0.000 -0.001 -0.001 -0.001 -0.001 -0.001 -0.001 -0.001 -0.001 -0.002 -0.002 -0.003 -0.003 -0.005 -0.008 -0.012 -0.020 -0.034 -0.059 -0.097 -0.147 -0.207 -0.277 -0.346 -0.415 -0.477 -0.528 -0.577 -0.625 -0.669 -0.712 -0.758 -0.803 -0.861 -0.930 -1.008 -1.112 -1.251 -1.410 -1.590 -1.848 -2.218 -2.545 -2.728 -2.752 -2.717 -2.649 -2.530 -2.395 -2.231 -2.028 -1.780 -1.504
-0.000 -0.000 -0.000 -0.000 -0.000 -0.000 -0.000 -0.000 -0.000 -0.000 -0.000 -0.000 -0.000 -0.000 -0.000 -0.000 -0.000 -0.000 -0.000 -0.000 -0.001 -0.001 -0.003 -0.004 -0.004 -0.004 -0.004 -0.003 -0.003 -0.002 -0.003 -0.003 -0.004 -0.006 -0.009 -0.013 -0.022 -0.037 -0.063 -0.102 -0.154 -0.216 -0.282 -0.351 -0.419 -0.480 -0.536 -0.586 -0.635 -0.685 -0.731 -0.779 -0.832 -0.888 -0.954 -1.030 -1.128 -1.261 -1.429 -1.660 -1.968 -2.353 -2.694 -2.853 -2.834 -2.698 -2.554 -2.433 -2.355 -2.214 -1.986 -1.748 -1.473 -1.234
-0.000 -0.000 -0.000 -0.000 -0.000 -0.000 -0.000 -0.000 -0.000 -0.000 -0.000 -0.001 -0.002 -0.002 -0.002 -0.001 -0.001 -0.001 -0.001 -0.001 -0.002 -0.004 -0.005 -0.005 -0.006 -0.007 -0.008 -0.009 -0.007 -0.005 -0.005 -0.006 -0.008 -0.011 -0.015 -0.024 -0.040 -0.067 -0.107 -0.160 -0.222 -0.289 -0.359 -0.424 -0.487 -0.546 -0.598 -0.654 -0.708 -0.762 -0.814 -0.863 -0.919 -0.978 -1.049 -1.143 -1.280 -1.464 -1.715 -2.051 -2.457 -2.809 -2.905 -2.789 -2.601 -2.396 -2.256 -2.177 -2.100 -1.957 -1.683 -1.429 -1.205 -1.030
-0.000 -0.000 -0.000 -0.000 -0.000 -0.000 -0.000 -0.000 -0.000 -0.001 -0.002 -0.006 -0.010 -0.011 -0.009 -0.006 -0.004 -0.003 -0.004 -0.006 -0.007 -0.007 -0.006 -0.005 -0.006 -0.007 -0.009 -0.014 -0.017 -0.014 -0.011 -0.012 -0.015 -0.020 -0.030 -0.047 -0.074 -0.114 -0.167 -0.229 -0.297 -0.366 -0.433 -0.496 -0.557 -0.619 -0.679 -0.740 -0.795 -0.844 -0.893 -0.951 -1.013 -1.078 -1.159 -1.291 -1.486 -1.760 -2.115 -2.470 -2.724 -2.856 -2.744 -2.477 -2.238 -2.072 -1.994 -1.965 -1.886 -1.673 -1.391 -1.160 -0.998 -0.898
-0.001 -0.001 -0.001 -0.001 -0.001 -0.001 -0.001 -0.001 -0.001 -0.003 -0.008 -0.014 -0.016 -0.018 -0.019 -0.017 -0.015 -0.014 -0.015 -0.014 -0.012 -0.009 -0.006 -0.006 -0.008 -0.008 -0.009 -0.018 -0.029 -0.030 -0.026 -0.027 -0.032 -0.041 -0.059 -0.088 -0.129 -0.182 -0.246 -0.313 -0.379 -0.444 -0.507 -0.570 -0.635 -0.706 -0.774 -0.838 -0.886 -0.923 -0.967 -1.032 -1.104 -1.189 -1.310 -1.501 -1.777 -2.117 -2.457 -2.669 -2.718 -2.647 -2.446 -2.176 -1.999 -1.908 -1.836 -1.777 -1.635 -1.387 -1.144 -0.974 -0.874 -0.821
-0.006 -0.005 -0.005 -0.004 -0.005 -0.005 -0.005 -0.006 -0.009 -0.017 -0.026 -0.023 -0.013 -0.015 -0.019 -0.023 -0.024 -0.024 -0.021 -0.015 -0.010 -0.007 -0.008 -0.009 -0.009 -0.013 -0.019 -0.028 -0.044 -0.051 -0.045 -0.044 -0.053 -0.070 -0.097 -0.140 -0.198 -0.267 -0.343 -0.416 -0.478 -0.533 -0.594 -0.660 -0.733 -0.810 -0.873 -0.916 -0.954 -0.989 -1.034 -1.108 -1.212 -1.328 -1.514 -1.795 -2.121 -2.435 -2.619 -2.652 -2.560 -2.371 -2.146 -1.972 -1.859 -1.771 -1.675 -1.557 -1.384 -1.149 -0.955 -0.839 -0.780 -0.757
-0.046 -0.040 -0.036 -0.035 -0.036 -0.037 -0.037 -0.040 -0.049 -0.061 -0.062 -0.041 -0.017 -0.015 -0.018 -0.020 -0.019 -0.018 -0.015 -0.011 -0.010 -0.010 -0.011 -0.012 -0.012 -0.024 -0.040 -0.051 -0.066 -0.072 -0.060 -0.058 -0.074 -0.103 -0.145 -0.201 -0.271 -0.350 -0.436 -0.519 -0.584 -0.647 -0.715 -0.783 -0.852 -0.912 -0.956 -0.981 -1.007 -1.047 -1.107 -1.198 -1.341 -1.538 -1.795 -2.121 -2.409 -2.582 -2.620 -2.515 -2.315 -2.112 -1.957 -1.840 -1.747 -1.642 -1.509 -1.353 -1.169 -0.978 -0.832 -0.745 -0.701 -0.693
-0.111 -0.115 -0.114 -0.111 -0.112 -0.112 -0.106 -0.095 -0.090 -0.088 -0.076 -0.052 -0.032 -0.024 -0.020 -0.016 -0.015 -0.015 -0.017 -0.016 -0.015 -0.018 -0.018 -0.019 -0.024 -0.037 -0.057 -0.079 -0.093 -0.091 -0.076 -0.078 -0.103 -0.148 -0.208 -0.279 -0.356 -0.437 -0.524 -0.625 -0.710 -0.781 -0.860 -0.922 -0.963 -0.991 -1.008 -1.028 -1.062 -1.115 -1.201 -1.336 -1.533 -1.803 -2.108 -2.373 -2.536 -2.572 -2.478 -2.297 -2.094 -1.933 -1.824 -1.729 -1.625 -1.498 -1.345 -1.179 -1.006 -0.852 -0.739 -0.667 -0.629 -0.629
-0.091 -0.102 -0.117 -0.127 -0.122 -0.118 -0.114 -0.095 -0.070 -0.052 -0.042 -0.039 -0.041 -0.037 -0.032 -0.026 -0.028 -0.029 -0.033 -0.030 -0.022 -0.024 -0.033 -0.038 -0.042 -0.049 -0.065 -0.099 -0.114 -0.104 -0.097 -0.115 -0.155 -0.215 -0.292 -0.376 -0.463 -0.553 -0.643 -0.753 -0.873 -0.943 -0.993 -1.034 -1.053 -1.057 -1.057 -1.079 -1.125 -1.211 -1.334 -1.526 -1.790 -2.070 -2.314 -2.479 -2.517 -2.453 -2.296 -2.105 -1.941 -1.812 -1.709 -1.606 -1.490 -1.343 -1.185 -1.024 -0.878 -0.750 -0.652 -0.587 -0.554 -0.566
-0.042 -0.033 -0.035 -0.061 -0.076 -0.068 -0.060 -0.053 -0.030 -0.013 -0.017 -0.028 -0.043 -0.050 -0.054 -0.055 -0.054 -0.048 -0.050 -0.048 -0.044 -0.044 -0.050 -0.059 -0.059 -0.060 -0.076 -0.114 -0.131 -0.119 -0.123 -0.166 -0.226 -0.301 -0.392 -0.486 -0.585 -0.687 -0.786 -0.896 -1.031 -1.116 -1.128 -1.127 -1.133 -1.138 -1.141 -1.168 -1.234 -1.344 -1.542 -1.791 -2.053 -2.276 -2.416 -2.444 -2.402 -2.276 -2.117 -1.955 -1.818 -1.706 -1.597 -1.475 -1.340 -1.189 -1.032 -0.886 -0.753 -0.646 -0.563 -0.506 -0.480 -0.506
-0.055 -0.032 -0.015 -0.012 -0.016 -0.023 -0.020 -0.013 -0.009 -0.009 -0.015 -0.028 -0.031 -0.054 -0.078 -0.074 -0.072 -0.064 -0.062 -0.059 -0.063 -0.066 -0.078 -0.086 -0.082 -0.079 -0.097 -0.134 -0.151 -0.150 -0.175 -0.236 -0.314 -0.402 -0.507 -0.619 -0.733 -0.839 -0.935 -1.027 -1.128 -1.203 -1.217 -1.207 -1.209 -1.233 -1.264 -1.317 -1.433 -1.574 -1.796 -2.057 -2.290 -2.374 -2.385 -2.331 -2.235 -2.110 -1.971 -1.829 -1.693 -1.579 -1.467 -1.341 -1.191 -1.039 -0.892 -0.757 -0.639 -0.544 -0.476 -0.433 -0.419 -0.459
-0.114 -0.096 -0.052 -0.033 -0.033 -0.034 -0.032 -0.029 -0.027 -0.027 -0.026 -0.024 -0.022 -0.025 -0.039 -0.050 -0.055 -0.054 -0.056 -0.063 -0.071 -0.077 -0.098 -0.122 -0.118 -0.115 -0.131 -0.162 -0.179 -0.207 -0.260 -0.335 -0.427 -0.535 -0.646 -0.774 -0.900 -1.008 -1.076 -1.126 -1.184 -1.229 -1.247 -1.267 -1.296 -1.356 -1.422 -1.515 -1.681 -1.912 -2.103 -2.233 -2.342 -2.379 -2.278 -2.175 -2.086 -1.977 -1.853 -1.707 -1.562 -1.432 -1.314 -1.187 -1.043 -0.895 -0.762 -0.640 -0.537 -0.458 -0.404 -0.377 -0.381 -0.434
-0.132 -0.175 -0.181 -0.117 -0.072 -0.072 -0.072 -0.071 -0.068 -0.067 -0.069 -0.069 -0.068 -0.066 -0.059 -0.051 -0.051 -0.062 -0.075 -0.085 -0.097 -0.101 -0.129 -0.166 -0.173 -0.169 -0.170 -0.194 -0.225 -0.280 -0.366 -0.461 -0.570 -0.695 -0.823 -0.944 -1.052 -1.137 -1.171 -1.195 -1.226 -1.237 -1.261 -1.318 -1.398 -1.511 -1.634 -1.738 -1.910 -2.133 -2.306 -2.380 -2.285 -2.236 -2.151 -2.024 -1.953 -1.869 -1.733 -1.565 -1.399 -1.261 -1.144 -1.027 -0.890 -0.753 -0.631 -0.526 -0.443 -0.387 -0.353 -0.343 -0.365 -0.431
-0.175 -0.181 -0.220 -0.305 -0.203 -0.129 -0.131 -0.131 -0.129 -0.130 -0.137 -0.138 -0.137 -0.135 -0.130 -0.125 -0.124 -0.124 -0.126 -0.143 -0.146 -0.157 -0.193 -0.217 -0.224 -0.220 -0.212 -0.250 -0.312 -0.390 -0.496 -0.618 -0.753 -0.883 -1.002 -1.084 -1.146 -1.194 -1.216 -1.236 -1.266 -1.271 -1.304 -1.383 -1.504 -1.638 -1.822 -1.951 -2.071 -2.195 -2.283 -2.375 -2.270 -2.049 -1.984 -1.910 -1.841 -1.750 -1.591 -1.389 -1.213 -1.079 -0.977 -0.879 -0.761 -0.635 -0.522 -0.431 -0.368 -0.334 -0.322 -0.330 -0.368 -0.445
-0.258 -0.256 -0.252 -0.282 -0.359 -0.274 -0.206 -0.207 -0.208 -0.224 -0.232 -0.231 -0.225 -0.218 -0.212 -0.210 -0.203 -0.198 -0.211 -0.224 -0.234 -0.245 -0.269 -0.278 -0.279 -0.278 -0.285 -0.349 -0.443 -0.551 -0.668 -0.807 -0.948 -1.075 -1.162 -1.205 -1.224 -1.242 -1.239 -1.256 -1.303 -1.339 -1.400 -1.490 -1.613 -1.732 -1.908 -2.063 -2.146 -2.184 -2.166 -2.208 -2.260 -2.009 -1.836 -1.818 -1.750 -1.598 -1.398 -1.190 -1.031 -0.921 -0.845 -0.768 -0.664 -0.544 -0.439 -0.362 -0.316 -0.299 -0.303 -0.331 -0.389 -0.473
-0.329 -0.336 -0.349 -0.338 -0.358 -0.397 -0.327 -0.308 -0.308 -0.320 -0.331 -0.333 -0.321 -0.311 -0.309 -0.297 -0.294 -0.301 -0.318 -0.341 -0.345 -0.332 -0.332 -0.335 -0.348 -0.370 -0.409 -0.489 -0.600 -0.739 -0.884 -1.022 -1.130 -1.228 -1.283 -1.304 -1.306 -1.298 -1.304 -1.327 -1.363 -1.403 -1.489 -1.585 -1.686 -1.792 -1.911 -2.025 -2.076 -2.078 -2.020 -1.961 -2.034 -2.041 -1.815 -1.704 -1.616 -1.391 -1.156 -0.980 -0.866 -0.801 -0.753 -0.689 -0.590 -0.471 -0.373 -0.314 -0.283 -0.276 -0.292 -0.338 -0.413 -0.503
-0.374 -0.391 -0.408 -0.414 -0.428 -0.439 -0.457 -0.412 -0.416 -0.426 -0.433 -0.425 -0.417 -0.407 -0.387 -0.390 -0.404 -0.424 -0.445 -0.460 -0.441 -0.406 -0.391 -0.410 -0.450 -0.500 -0.582 -0.689 -0.817 -0.947 -1.091 -1.202 -1.289 -1.337 -1.349 -1.377 -1.348 -1.327 -1.369 -1.423 -1.444 -1.469 -1.544 -1.652 -1.759 -1.826 -1.878 -1.905 -1.915 -1.896 -1.835 -1.748 -1.741 -1.846 -1.821 -1.591 -1.391 -1.155 -0.933 -0.805 -0.740 -0.714 -0.690 -0.636 -0.536 -0.416 -0.327 -0.279 -0.261 -0.265 -0.290 -0.348 -0.433 -0.528
-0.429 -0.449 -0.467 -0.488 -0.512 -0.549 -0.538 -0.518 -0.513 -0.516 -0.513 -0.506 -0.499 -0.480 -0.482 -0.519 -0.558 -0.568 -0.560 -0.539 -0.520 -0.482 -0.494 -0.544 -0.605 -0.682 -0.784 -0.917 -1.054 -1.177 -1.289 -1.328 -1.391 -1.388 -1.361 -1.375 -1.340 -1.335 -1.386 -1.431 -1.484 -1.555 -1.602 -1.698 -1.796 -1.857 -1.847 -1.795 -1.735 -1.709 -1.645 -1.568 -1.559 -1.631 -1.662 -1.470 -1.137 -0.914 -0.764 -0.687 -0.659 -0.655 -0.644 -0.597 -0.499 -0.378 -0.297 -0.257 -0.250 -0.265 -0.300 -0.358 -0.439 -0.535
-0.473 -0.500 -0.522 -0.536 -0.580 -0.643 -0.613 -0.599 -0.602 -0.616 -0.606 -0.588 -0.576 -0.599 -0.641 -0.702 -0.734 -0.708 -0.674 -0.645 -0.614 -0.614 -0.667 -0.741 -0.839 -0.942 -1.055 -1.161 -1.259 -1.361 -1.439 -1.446 -1.463 -1.411 -1.360 -1.354 -1.320 -1.336 -1.376 -1.389 -1.454 -1.576 -1.648 -1.697 -1.746 -1.772 -1.778 -1.683 -1.566 -1.495 -1.481 -1.428 -1.420 -1.471 -1.448 -1.265 -0.954 -0.739 -0.643 -0.604 -0.601 -0.614 -0.612 -0.568 -0.473 -0.354 -0.279 -0.248 -0.247 -0.274 -0.321 -0.372 -0.429 -0.516
-0.477 -0.512 -0.538 -0.576 -0.684 -0.682 -0.667 -0.677 -0.668 -0.699 -0.711 -0.716 -0.737 -0.785 -0.837 -0.865 -0.846 -0.818 -0.806 -0.804 -0.824 -0.877 -0.952 -1.051 -1.176 -1.289 -1.379 -1.461 -1.493 -1.535 -1.568 -1.537 -1.540 -1.483 -1.421 -1.409 -1.337 -1.331 -1.377 -1.367 -1.408 -1.497 -1.562 -1.594 -1.631 -1.618 -1.608 -1.532 -1.440 -1.321 -1.262 -1.264 -1.275 -1.282 -1.234 -1.072 -0.836 -0.641 -0.567 -0.548 -0.556 -0.577 -0.582 -0.543 -0.457 -0.347 -0.274 -0.252 -0.257 -0.289 -0.343 -0.391 -0.424 -0.481
-0.491 -0.531 -0.593 -0.669 -0.722 -0.736 -0.745 -0.742 -0.775 -0.811 -0.854 -0.861 -0.897 -0.913 -0.932 -0.951 -0.957 -0.935 -0.969 -1.018 -1.137 -1.220 -1.320 -1.403 -1.492 -1.582 -1.631 -1.712 -1.745 -1.753 -1.707 -1.660 -1.663 -1.590 -1.538 -1.520 -1.419 -1.402 -1.435 -1.428 -1.436 -1.502 -1.507 -1.461 -1.461 -1.438 -1.420 -1.344 -1.289 -1.230 -1.100 -1.061 -1.092 -1.089 -1.042 -0.933 -0.773 -0.611 -0.530 -0.517 -0.526 -0.544 -0.551 -0.519 -0.451 -0.363 -0.296 -0.278 -0.290 -0.318 -0.362 -0.404 -0.428 -0.449
-0.500 -0.559 -0.629 -0.694 -0.727 -0.732 -0.747 -0.789 -0.838 -0.871 -0.930 -0.919 -0.960 -0.971 -0.984 -1.015 -1.062 -1.125 -1.200 -1.274 -1.384 -1.483 -1.601 -1.640 -1.724 -1.761 -1.755 -1.800 -1.820 -1.850 -1.808 -1.765 -1.734 -1.687 -1.700 -1.693 -1.612 -1.599 -1.607 -1.558 -1.545 -1.582 -1.594 -1.459 -1.363 -1.287 -1.238 -1.180 -1.105 -1.051 -0.995 -0.919 -0.930 -0.942 -0.915 -0.848 -0.752 -0.639 -0.553 -0.527 -0.531 -0.540 -0.541 -0.518 -0.474 -0.426 -0.388 -0.379 -0.396 -0.416 -0.416 -0.418 -0.428 -0.436
-0.518 -0.561 -0.608 -0.656 -0.682 -0.676 -0.718 -0.801 -0.835 -0.898 -0.946 -0.949 -1.014 -1.034 -1.068 -1.112 -1.206 -1.292 -1.367 -1.476 -1.545 -1.636 -1.721 -1.732 -1.817 -1.825 -1.798 -1.805 -1.780 -1.776 -1.764 -1.715 -1.651 -1.640 -1.680 -1.725 -1.684 -1.675 -1.651 -1.589 -1.556 -1.574 -1.613 -1.571 -1.431 -1.278 -1.117 -1.027 -0.950 -0.864 -0.830 -0.813 -0.822 -0.847 -0.851 -0.827 -0.796 -0.761 -0.711 -0.661 -0.638 -0.633 -0.624 -0.605 -0.582 -0.557 -0.527 -0.507 -0.519 -0.565 -0.589 -0.531 -0.458 -0.436
-0.443 -0.471 -0.507 -0.549 -0.584 -0.618 -0.695 -0.773 -0.808 -0.894 -0.944 -0.964 -1.047 -1.071 -1.095 -1.140 -1.217 -1.335 -1.426 -1.530 -1.574 -1.654 -1.701 -1.698 -1.762 -1.794 -1.770 -1.774 -1.734 -1.659 -1.633 -1.601 -1.567 -1.523 -1.505 -1.527 -1.524 -1.502 -1.437 -1.374 -1.375 -1.394 -1.419 -1.431 -1.403 -1.333 -1.142 -0.939 -0.807 -0.725 -0.684 -0.699 -0.728 -0.769 -0.819 -0.851 -0.865 -0.870 -0.842 -0.777 -0.724 -0.707 -0.699 -0.680 -0.650 -0.608 -0.552 -0.516 -0.516 -0.560 -0.661 -0.708 -0.628 -0.508
-0.326 -0.356 -0.390 -0.442 -0.518 -0.576 -0.658 -0.730 -0.782 -0.865 -0.913 -0.942 -1.016 -1.048 -1.078 -1.093 -1.174 -1.305 -1.420 -1.529 -1.568 -1.622 -1.659 -1.628 -1.664 -1.658 -1.615 -1.612 -1.561 -1.478 -1.457 -1.454 -1.423 -1.356 -1.362 -1.344 -1.332 -1.277 -1.201 -1.169 -1.164 -1.136 -1.066 -1.036 -1.056 -1.053 -1.048 -0.893 -0.695 -0.590 -0.571 -0.590 -0.622 -0.676 -0.764 -0.834 -0.858 -0.853 -0.813 -0.746 -0.685 -0.654 -0.649 -0.641 -0.616 -0.569 -0.520 -0.497 -0.494 -0.502 -0.565 -0.678 -0.689 -0.583
