AvaFrame/avaframe/data/avaSalk/Avaflow_Input_Output/slk_results/slk_ascii/slk_vhmax.asc
ncols 296
nrows 144
xllcenter 761600.00
yllcenter 8523000.00
cellsize 12.50
NODATA_value -9999.000
[rows 87 to 115 of 144, columns 201 to 267 of 296]
46.274 46.131 45.596 44.357 42.963 42.977 44.289 45.552 44.017 43.159 42.866 42.736 42.702 41.332 40.480 39.397 38.504 38.706 37.831 37.847 35.894 35.431 34.543 32.373 31.581 31.594 32.591 31.138 28.703 26.492 24.009 22.595 21.823 21.244 20.635 20.032 19.149 18.852 18.029 16.724 14.141 11.311 9.197 8.090 7.254 6.924 6.066 5.507 5.261 4.506 3.915 3.488 2.949 2.373 1.680 1.798 1.278 1.045 0.696 0.357 -nan -nan -9999.000 -9999.000 -9999.000 -9999.000 -9999.000
47.807 45.508 44.729 44.297 42.837 42.420 43.498 44.768 44.820 44.169 43.881 43.016 41.543 41.046 40.044 38.677 37.176 36.224 34.951 34.729 35.220 34.490 33.463 32.702 32.235 31.914 31.659 29.899 28.144 25.716 23.297 22.234 21.402 21.368 20.283 19.515 19.295 18.425 17.040 15.075 12.424 10.162 8.424 7.473 6.644 6.070 5.604 5.095 4.565 4.013 3.562 3.150 2.597 2.037 2.310 2.234 1.768 1.321 0.960 0.576 0.234 -nan -9999.000 -9999.000 -9999.000 -9999.000 -9999.000
45.418 45.389 44.039 43.732 42.931 41.970 42.536 43.068 43.285 43.183 42.860 42.556 40.694 39.877 38.981 37.854 36.451 34.903 32.419 33.347 32.993 31.869 31.538 30.985 30.524 31.768 30.415 29.178 27.200 24.816 23.440 22.395 21.769 21.268 20.522 19.552 18.353 17.639 16.336 13.829 11.108 9.168 7.935 7.272 6.215 5.495 5.187 4.338 3.802 3.460 3.168 2.832 2.388 2.502 2.689 2.422 2.110 1.737 1.236 0.826 0.451 -nan -nan -9999.000 -9999.000 -9999.000 -9999.000
41.615 43.566 43.418 42.996 42.883 42.098 41.867 41.690 40.612 40.495 41.731 41.595 40.081 39.143 37.815 36.563 35.385 34.435 32.729 31.284 30.372 29.695 29.306 29.021 30.071 29.992 29.807 27.546 24.996 23.582 22.319 21.740 22.180 21.132 20.215 19.573 18.060 17.077 15.123 12.437 10.104 8.510 7.522 6.930 5.869 5.133 4.706 3.815 3.353 3.127 2.931 2.690 2.409 2.708 2.868 2.580 2.313 2.005 1.629 1.106 0.717 0.434 -nan -nan -9999.000 -9999.000 -9999.000
39.846 40.340 41.925 42.098 42.055 41.824 41.446 40.634 38.965 39.655 39.548 39.502 38.398 37.548 36.481 36.007 35.050 33.832 32.012 30.455 28.762 27.687 27.199 27.591 27.593 27.477 27.405 26.275 24.873 22.349 21.473 21.949 21.806 21.541 20.680 18.952 17.912 16.623 14.097 11.647 9.296 7.971 7.389 6.602 5.536 4.907 4.403 3.484 2.996 2.865 3.080 2.954 2.548 2.745 2.896 2.681 2.435 2.187 1.895 1.429 0.988 0.680 0.425 -nan -nan -9999.000 -9999.000
39.207 38.489 39.188 39.886 41.088 40.772 40.252 39.988 38.961 38.124 37.474 36.501 35.919 35.779 36.057 35.006 33.627 33.077 32.550 30.144 27.943 26.040 25.263 25.451 25.196 24.679 24.743 23.975 23.224 22.155 21.626 21.386 21.248 20.901 19.713 18.731 17.514 15.950 13.154 10.611 8.724 7.594 7.113 6.229 5.217 4.533 3.938 3.212 2.655 3.108 3.357 3.019 2.691 2.477 2.835 2.653 2.541 2.330 2.105 1.819 1.474 1.031 0.618 0.319 -nan -nan -9999.000
38.332 37.629 37.414 37.821 39.347 40.075 39.398 38.429 37.334 36.574 35.460 34.015 32.864 33.849 34.200 34.354 33.112 32.638 32.500 30.678 28.182 26.462 25.120 24.227 23.365 22.870 21.654 21.089 20.927 21.650 21.706 21.486 20.437 19.861 19.290 17.495 17.086 15.185 12.194 9.754 7.980 7.167 6.822 5.832 5.062 4.067 3.539 3.011 2.374 3.138 3.616 3.452 2.824 2.677 2.843 2.853 2.661 2.479 2.301 2.109 1.783 1.426 0.803 0.495 0.156 -nan -9999.000
37.332 36.173 36.181 36.203 37.409 37.626 37.558 36.554 35.705 34.593 33.068 31.407 30.716 31.147 32.356 32.858 33.118 32.372 30.910 30.524 29.103 27.018 25.468 24.030 22.371 21.419 20.235 19.216 19.873 20.149 21.218 20.548 19.620 18.723 18.078 17.203 16.188 14.349 11.285 9.217 7.480 7.331 6.351 5.370 4.523 3.721 3.178 2.829 2.212 2.864 3.474 3.546 2.981 2.952 3.055 2.988 2.812 2.652 2.507 2.264 2.136 1.462 0.905 0.506 0.190 -nan -9999.000
36.524 35.675 35.521 35.233 35.831 35.728 35.248 34.572 33.884 32.532 30.520 28.764 28.934 29.189 29.691 30.195 31.979 32.003 30.457 29.503 29.955 28.107 26.253 24.585 22.495 21.049 19.855 19.510 19.545 20.270 20.572 19.953 18.820 17.644 17.058 16.419 15.896 12.977 10.530 8.592 7.874 6.863 5.758 4.744 4.001 3.386 2.840 2.649 2.211 2.257 3.059 3.298 3.138 3.280 3.243 3.098 2.955 2.827 2.658 2.554 1.931 1.442 0.987 0.558 0.209 -nan -9999.000
35.521 35.464 34.950 34.221 34.126 33.891 33.306 32.718 31.853 30.418 28.412 27.428 27.086 27.216 27.686 28.283 29.776 30.556 30.791 29.896 29.107 29.155 27.146 25.413 23.346 21.615 20.165 19.585 19.225 19.514 19.766 19.877 19.082 17.565 16.703 15.883 14.678 12.161 9.644 7.471 7.052 6.021 5.031 4.005 3.383 2.986 2.625 2.427 2.170 1.890 2.633 3.100 3.149 3.184 3.147 3.060 3.032 2.914 2.826 2.373 1.832 1.417 1.022 0.575 0.215 -nan -9999.000
34.239 34.011 33.514 32.786 31.997 31.736 31.482 30.959 30.056 28.900 27.305 26.425 25.943 25.853 26.413 27.211 27.855 28.603 29.453 29.394 28.125 27.839 26.888 25.746 23.797 22.451 20.605 18.984 19.344 19.333 19.778 19.595 18.621 16.976 15.798 14.768 13.454 11.054 8.955 6.340 6.051 5.076 4.254 3.500 2.885 2.539 2.423 2.185 2.005 1.700 2.385 2.733 3.010 3.139 3.081 3.071 2.963 2.900 2.649 1.978 1.188 0.857 0.817 0.575 0.215 -nan -9999.000
32.559 32.278 32.044 31.291 30.333 29.882 29.695 29.230 28.391 27.174 26.293 25.764 25.573 25.486 25.632 26.159 26.494 26.865 27.460 27.834 27.537 25.939 24.776 24.308 23.050 21.246 20.724 19.463 19.126 19.622 19.549 18.710 17.421 16.413 15.297 14.624 13.069 10.317 7.921 5.518 5.224 4.340 3.646 3.161 2.570 2.225 2.074 1.960 1.820 1.539 2.108 2.373 2.729 2.975 3.041 2.946 2.632 2.459 2.233 1.361 0.561 0.377 0.526 0.554 0.209 -nan -9999.000
31.126 30.741 30.346 29.823 29.173 28.547 28.029 27.382 26.536 25.885 25.632 25.254 25.365 25.056 25.338 25.668 25.727 25.573 25.703 25.840 26.086 25.097 23.706 22.452 21.702 21.169 19.874 19.748 19.548 19.323 19.123 18.535 16.764 16.261 15.669 14.807 12.800 9.273 7.134 5.013 4.482 3.694 3.140 2.737 2.334 1.922 1.762 1.748 1.648 1.195 1.848 2.062 2.425 2.803 3.048 2.714 2.344 2.128 1.924 1.014 0.442 0.357 0.387 0.506 0.191 -nan -9999.000
29.770 29.180 28.508 27.982 27.599 27.172 26.524 25.872 25.212 24.881 24.556 24.651 24.583 24.721 24.931 25.295 25.217 24.933 24.576 24.755 24.577 24.343 22.690 21.992 21.067 20.230 19.997 19.639 19.063 19.422 18.849 18.298 16.877 15.825 15.902 14.481 11.341 8.220 6.074 4.594 3.821 3.163 2.688 2.407 2.049 1.646 1.516 1.581 1.476 1.135 1.616 1.800 2.136 2.618 2.967 2.580 2.269 2.069 1.798 1.123 0.781 0.847 0.580 0.456 0.171 -nan -9999.000
27.759 27.420 26.951 26.581 26.306 26.073 25.566 25.031 24.391 24.194 23.779 23.935 23.898 24.176 24.268 24.643 24.504 24.319 24.058 23.529 23.759 23.513 22.335 21.157 19.909 19.331 19.430 19.351 19.108 19.280 19.229 18.340 16.922 15.758 15.571 12.920 9.669 7.097 5.186 4.060 3.418 2.825 2.399 2.143 1.895 1.489 1.359 1.422 1.341 1.076 1.413 1.647 1.924 2.464 2.558 2.381 2.350 2.292 1.916 1.615 1.126 0.946 0.797 0.453 0.170 -nan -9999.000
25.594 25.855 25.684 25.564 25.439 25.269 24.818 24.317 24.113 23.788 23.440 23.339 23.291 23.421 23.480 23.784 23.598 23.286 23.066 22.521 22.674 22.391 20.693 19.854 19.388 19.098 18.834 18.990 19.073 19.040 19.107 18.340 17.277 15.743 14.081 11.228 8.631 6.103 4.391 3.351 3.343 2.727 2.321 2.016 1.764 1.540 1.331 1.263 1.237 0.944 1.303 1.479 1.823 2.533 2.677 2.272 2.152 2.217 2.173 1.905 1.507 0.940 0.733 0.454 0.170 -nan -9999.000
23.078 23.875 24.156 24.244 24.283 24.245 24.240 23.926 23.964 23.681 23.499 22.962 22.998 22.908 22.791 23.081 22.848 22.442 22.009 21.499 21.648 20.986 20.140 19.487 18.950 18.101 18.525 18.506 18.871 19.054 18.955 18.277 17.376 15.257 13.059 10.293 7.948 5.166 4.809 4.237 3.536 2.790 2.349 1.988 1.730 1.496 1.316 1.275 1.071 0.920 1.175 1.514 2.038 1.864 1.975 1.246 1.045 1.147 1.344 1.343 1.240 0.669 0.330 0.290 0.172 -nan -9999.000
20.250 21.548 22.199 22.546 22.753 22.922 23.035 23.082 22.967 22.999 22.883 22.822 22.743 22.767 22.636 22.335 22.007 21.613 21.081 20.926 21.464 20.515 19.621 18.535 18.149 17.875 17.894 18.095 18.878 19.175 18.824 18.161 17.021 15.134 12.427 10.017 3.459 3.811 3.300 4.385 5.408 3.388 2.590 2.119 1.765 1.522 1.388 1.183 0.963 1.188 1.372 1.707 2.081 2.112 0.980 0.441 0.330 0.176 0.185 0.339 0.479 0.427 0.372 0.288 0.169 -nan -9999.000
17.809 18.746 19.606 20.231 20.688 21.084 21.379 21.482 21.637 21.717 21.728 21.933 21.865 22.047 22.023 21.644 21.096 20.614 19.973 19.681 20.306 19.712 18.721 18.181 17.998 17.970 18.127 18.569 18.678 18.843 18.758 17.928 16.374 14.198 11.218 9.531 1.742 1.900 2.216 2.735 3.663 5.212 4.266 2.825 2.170 1.903 1.432 1.293 1.379 1.600 1.840 1.998 2.272 1.244 0.289 0.175 0.083 0.127 0.093 0.091 0.319 0.281 0.166 0.328 0.161 -nan -9999.000
14.476 16.129 16.970 17.645 18.252 18.933 19.548 19.743 20.046 20.066 20.317 20.078 19.946 20.534 20.869 20.751 20.250 19.643 18.811 18.240 18.476 18.857 18.373 18.035 17.858 17.298 17.649 18.075 18.495 18.331 17.800 17.017 15.549 13.031 9.391 7.799 0.750 0.729 1.253 1.398 2.034 3.119 4.212 3.883 3.639 2.700 2.128 2.059 2.115 1.548 1.836 1.590 1.319 0.429 0.152 0.177 0.100 0.044 0.030 0.024 0.395 0.723 0.435 0.228 0.140 -nan -9999.000
11.651 13.499 14.702 15.998 16.665 17.351 17.900 17.985 18.376 18.223 18.211 17.644 17.421 18.226 18.646 18.935 19.361 18.838 18.346 17.507 17.323 17.994 17.714 17.173 17.198 17.402 17.169 17.610 17.706 17.423 16.909 16.076 14.333 11.277 7.589 5.800 4.422 0.230 0.550 0.829 1.585 1.656 2.166 2.369 2.616 2.657 2.269 1.915 1.699 1.336 0.783 0.302 0.134 0.049 0.109 0.043 0.006 0.001 0.041 0.010 0.028 0.383 0.572 0.306 0.110 -nan -9999.000
10.213 11.230 12.460 13.707 14.971 15.661 16.212 16.638 16.941 16.288 15.851 15.039 15.352 15.599 16.120 17.230 17.631 17.902 17.215 16.641 15.384 15.845 16.273 15.799 15.886 16.476 16.408 16.667 16.554 16.226 15.624 14.548 12.397 9.009 5.667 3.866 2.444 0.397 0.223 0.493 0.835 1.312 1.256 0.874 0.831 1.030 1.055 0.788 0.538 0.237 0.232 0.141 0.148 0.081 0.017 0.001 0.000 0.007 0.059 0.038 0.015 0.058 0.346 0.218 0.059 -nan -9999.000
10.565 12.236 12.974 13.287 13.494 13.718 13.837 12.773 14.773 14.344 12.886 12.927 13.362 13.544 14.402 14.756 15.580 15.972 15.892 14.945 13.890 12.377 11.775 12.769 13.349 14.182 14.842 14.951 14.947 14.501 13.561 12.139 9.558 6.072 3.312 1.682 0.286 0.318 0.329 0.560 0.918 0.909 0.690 0.402 0.257 0.145 0.175 0.041 0.008 0.104 0.195 0.155 0.075 0.036 0.006 0.000 0.001 0.009 0.022 0.011 0.032 0.025 0.086 0.063 -nan -nan -9999.000
9.988 11.490 12.957 14.065 14.872 15.115 14.843 13.339 11.347 11.854 12.029 12.175 12.186 12.831 12.991 13.295 13.822 13.925 13.989 13.381 12.013 10.623 9.131 9.286 10.051 10.814 11.869 12.749 12.840 12.027 10.595 8.466 5.931 3.161 1.775 0.081 0.361 0.224 0.713 0.947 0.877 0.683 0.377 0.251 0.087 0.187 0.185 0.042 0.011 0.055 0.162 0.111 0.052 0.045 0.000 0.005 0.062 0.013 0.000 0.002 0.014 0.021 0.032 -nan -nan -9999.000 -9999.000
6.562 8.099 10.305 12.461 13.872 14.838 15.551 14.260 12.516 11.456 10.950 11.142 11.686 12.027 12.020 12.698 12.652 13.121 12.954 12.265 11.503 10.301 8.329 7.693 7.218 8.194 8.776 9.480 9.674 8.614 7.020 5.007 2.937 0.570 0.176 0.156 0.050 0.384 0.498 0.963 0.739 0.362 0.267 0.155 0.026 0.141 0.126 0.065 0.001 0.008 0.010 0.061 0.054 0.163 0.011 0.034 0.023 0.068 0.061 0.007 0.002 0.009 -nan -nan -9999.000 -9999.000 -9999.000
4.843 5.777 6.577 7.565 9.569 12.377 13.810 13.930 13.196 12.816 12.742 12.379 11.692 11.891 11.940 12.108 12.587 11.956 11.998 11.758 10.925 10.080 8.329 7.254 6.230 5.870 6.036 5.945 5.975 5.175 4.172 2.861 1.927 0.618 0.242 0.100 0.185 0.133 0.381 0.432 0.409 0.243 0.570 0.384 0.202 0.181 0.053 0.124 0.093 0.125 0.011 0.007 0.099 0.318 0.146 0.020 0.052 0.030 0.026 0.038 -nan -nan -nan -9999.000 -9999.000 -9999.000 -9999.000
2.797 3.512 4.410 5.588 6.603 7.506 9.417 12.106 12.162 12.328 12.673 13.209 13.177 12.020 11.305 11.874 12.439 12.287 11.705 11.563 10.499 9.400 8.361 6.718 5.606 4.579 3.610 3.506 3.099 3.043 2.336 0.577 0.582 0.678 0.497 0.267 0.175 0.048 0.305 0.518 0.416 0.884 1.359 0.756 0.105 0.022 0.117 0.530 0.433 0.323 0.144 0.027 0.090 0.219 0.279 0.082 0.026 0.043 -nan -nan -nan -9999.000 -9999.000 -9999.000 -9999.000 -9999.000 -9999.000
1.689 2.157 2.651 3.214 4.078 5.294 6.658 7.321 8.944 10.659 11.390 11.979 12.647 12.519 12.217 12.292 12.652 12.234 11.910 11.074 10.406 9.152 7.847 6.475 5.383 4.385 3.036 2.029 0.392 0.183 0.497 1.033 0.998 0.797 0.327 0.441 0.335 0.354 0.487 0.463 1.043 2.552 2.103 1.434 0.522 0.452 0.862 0.962 0.902 0.287 0.129 0.035 0.035 0.114 0.191 0.095 0.032 -nan -nan -9999.000 -9999.000 -9999.000 -9999.000 -9999.000 -9999.000 -9999.000 -9999.000
0.698 1.372 1.655 2.005 2.418 2.995 3.772 5.057 6.001 5.787 3.326 9.761 10.866 11.350 11.674 12.219 12.632 12.103 11.476 10.348 9.238 7.932 7.041 6.372 5.445 4.419 2.709 0.134 0.201 0.420 0.857 1.030 1.045 0.267 0.357 0.434 0.431 0.299 0.534 0.480 1.539 2.186 3.399 1.839 0.342 0.485 1.249 1.296 0.878 0.245 0.085 0.035 0.009 0.045 0.035 -nan -nan -nan -9999.000 -9999.000 -9999.000 -9999.000 -9999.000 -9999.000 -9999.000 -9999.000 -9999.000
