AvaFrame/avaframe/data/avaSalk/Avaflow_Input_Output/slk_results/slk_ascii/slk_treach.asc
ncols 296
nrows 144
xllcenter 761600.00
yllcenter 8523000.00
cellsize 12.50
NODATA_value -9999.000
[rows 81 to 107 of 144, columns 124 to 185 of 296]
188.533 165.185 145.208 126.079 109.683 96.786 85.410 75.595 67.619 61.640 57.206 53.929 52.299 52.030 52.030 52.840 53.655 53.655 52.840 51.494 50.961 50.961 50.695 50.961 50.961 51.494 52.569 53.111 53.111 53.111 53.111 52.840 52.569 52.299 52.299 52.569 53.655 55.563 57.483 58.309 58.859 59.135 59.412 59.689 59.412 51.762 42.794 39.903 37.788 35.523 32.801 30.625 29.091 27.965 27.044 26.317 25.778 25.248 24.728 24.384 24.039 23.697
186.039 161.262 139.257 118.987 102.327 88.838 77.414 68.488 61.360 56.382 52.840 51.227 50.166 49.638 49.113 49.113 48.852 48.590 48.330 48.070 47.811 47.554 47.554 47.554 47.554 47.811 48.070 48.330 48.330 48.330 48.590 48.590 48.590 48.852 48.852 49.375 50.430 51.762 53.111 54.474 55.017 55.289 55.289 54.745 44.519 40.619 38.254 36.188 33.819 31.600 30.047 28.902 27.965 27.227 26.498 25.957 25.423 25.074 24.728 24.384 24.039 23.697
183.561 156.221 131.879 111.043 94.218 80.785 70.239 62.201 56.382 52.569 50.430 49.638 48.852 48.330 47.811 47.554 47.297 47.041 46.786 46.532 46.279 46.279 46.026 46.026 46.026 46.026 46.279 46.279 46.532 46.532 46.532 46.532 46.532 46.786 47.041 47.297 48.070 48.852 49.902 50.695 51.227 51.227 50.430 41.822 39.191 36.639 34.233 32.196 30.818 29.855 28.902 28.151 27.410 26.861 26.317 25.778 25.423 25.074 24.728 24.384 24.039 23.868
179.878 149.729 123.574 102.657 85.720 73.196 63.897 57.206 52.569 50.430 49.375 48.590 47.811 47.297 47.041 46.532 46.279 46.026 45.774 45.522 45.271 45.019 44.769 44.769 44.769 44.769 45.019 45.019 45.019 45.019 45.019 45.019 45.019 45.019 45.271 45.522 46.026 46.532 47.041 47.554 47.554 42.307 39.191 36.413 33.614 32.397 31.403 30.432 29.663 28.902 28.338 27.594 27.044 26.498 26.137 25.778 25.423 25.074 24.728 24.384 24.212 23.868
176.633 142.226 115.855 95.179 78.634 66.179 58.309 53.383 50.430 49.375 48.330 47.811 47.041 46.532 46.279 45.774 45.522 45.271 44.769 44.519 44.271 44.023 43.776 43.776 43.530 43.776 43.776 43.776 43.776 43.776 43.530 43.285 43.039 43.039 42.794 42.794 42.307 41.099 36.867 35.523 34.655 33.819 33.003 32.397 31.600 31.013 30.239 29.663 29.091 28.525 27.965 27.410 26.861 26.498 26.137 25.778 25.423 25.074 24.728 24.556 24.212 24.039
173.804 135.932 109.344 89.465 73.196 61.360 54.474 50.961 49.638 48.590 47.811 47.041 46.532 46.026 45.522 45.271 44.769 44.519 44.023 43.776 43.530 43.285 43.039 42.550 42.550 42.307 42.307 42.307 42.064 40.619 39.191 38.487 37.788 37.096 36.413 35.965 35.304 34.869 34.233 33.614 33.206 32.598 31.997 31.403 31.013 30.432 29.855 29.281 28.713 28.151 27.594 27.227 26.861 26.498 26.137 25.778 25.423 25.074 24.901 24.556 24.384 24.212
172.594 131.879 104.647 85.410 69.945 58.859 52.569 49.902 48.852 47.811 47.297 46.532 46.026 45.522 45.019 44.519 44.271 43.776 43.530 43.039 42.794 42.550 42.064 41.822 41.339 40.859 40.379 39.903 39.427 38.487 37.788 37.325 36.639 36.188 35.523 35.086 34.442 34.025 33.410 33.003 32.598 31.997 31.403 31.013 30.432 30.047 29.472 28.902 28.338 27.965 27.594 27.044 26.679 26.498 26.137 25.778 25.423 25.248 24.901 24.728 24.556 24.384
175.824 130.418 101.668 82.941 68.488 57.483 51.494 49.375 48.330 47.554 46.786 46.026 45.522 45.019 44.519 44.023 43.776 43.285 43.039 42.550 42.307 41.822 41.339 40.859 40.379 39.903 39.427 38.956 38.254 37.788 37.096 36.639 35.965 35.523 35.086 34.442 34.025 33.410 33.003 32.598 31.997 31.600 31.207 30.625 30.239 29.663 29.281 28.713 28.338 27.779 27.410 27.044 26.861 26.498 26.137 25.778 25.599 25.423 25.074 24.901 24.728 24.556
194.827 130.055 100.356 82.021 67.908 57.206 51.494 49.375 48.070 47.041 46.279 45.774 45.271 44.769 44.271 43.776 43.285 42.794 42.550 42.064 41.581 41.339 40.859 40.379 39.665 39.191 38.721 38.254 37.788 37.096 36.639 36.188 35.523 35.086 34.655 34.025 33.614 33.206 32.598 32.196 31.798 31.403 30.818 30.432 29.855 29.472 29.091 28.525 28.151 27.779 27.410 27.044 26.861 26.498 26.317 25.957 25.778 25.423 25.248 25.074 24.901 24.728
-9999.000 137.036 100.684 82.021 67.908 57.483 51.494 49.375 48.070 47.041 46.279 45.522 44.769 44.271 43.776 43.285 42.794 42.550 42.064 41.581 41.099 40.859 40.379 39.903 39.191 38.721 38.254 37.788 37.325 36.867 36.188 35.743 35.304 34.869 34.233 33.819 33.410 33.003 32.397 31.997 31.600 31.207 30.625 30.239 29.855 29.281 28.902 28.525 28.151 27.779 27.410 27.227 26.861 26.679 26.317 26.137 25.957 25.778 25.423 25.248 25.074 24.901
-9999.000 203.380 106.987 83.557 68.778 58.309 52.030 49.375 48.070 47.041 46.279 45.271 44.769 44.023 43.530 43.039 42.550 42.064 41.822 41.339 40.859 40.379 39.903 39.427 38.956 38.487 38.021 37.556 36.867 36.413 35.965 35.523 35.086 34.442 34.025 33.614 33.206 32.801 32.196 31.798 31.403 31.013 30.625 30.047 29.663 29.281 28.902 28.525 28.151 27.779 27.594 27.227 27.044 26.679 26.498 26.317 26.137 25.957 25.778 25.599 25.423 25.248
-9999.000 -9999.000 170.257 90.095 71.416 60.522 53.929 50.430 48.590 47.297 46.279 45.271 44.769 44.023 43.285 42.794 42.307 41.822 41.339 41.099 40.619 40.141 39.665 39.191 38.721 38.254 37.788 37.325 36.639 36.188 35.743 35.304 34.869 34.442 33.819 33.410 33.003 32.598 32.196 31.798 31.207 30.818 30.432 30.047 29.663 29.281 28.902 28.525 28.151 27.965 27.594 27.410 27.227 26.861 26.679 26.498 26.317 26.137 25.957 25.778 25.599 25.599
-9999.000 -9999.000 -9999.000 147.840 78.328 65.035 57.760 53.111 50.430 48.070 46.532 45.522 44.769 44.023 43.285 42.794 42.064 41.581 41.099 40.859 40.379 39.903 39.427 38.956 38.487 38.021 37.556 37.096 36.639 36.188 35.523 35.086 34.655 34.233 33.819 33.410 33.003 32.397 31.997 31.600 31.207 30.818 30.432 30.047 29.663 29.281 28.902 28.525 28.338 27.965 27.779 27.594 27.227 27.044 26.861 26.679 26.498 26.317 26.317 26.137 25.957 25.778
-9999.000 -9999.000 -9999.000 -9999.000 141.114 74.692 63.897 57.483 53.655 50.961 48.070 46.026 45.019 44.023 43.285 42.794 42.064 41.581 41.099 40.619 40.141 39.665 39.191 38.721 38.254 37.788 37.325 36.867 36.413 35.965 35.523 35.086 34.655 34.025 33.614 33.206 32.801 32.397 31.997 31.600 31.207 30.818 30.432 30.047 29.663 29.281 29.091 28.713 28.525 28.151 27.965 27.779 27.594 27.410 27.227 27.044 26.861 26.679 26.498 26.317 26.317 26.137
-9999.000 -9999.000 -9999.000 -9999.000 -9999.000 265.667 79.247 66.466 59.135 55.017 52.569 48.330 45.774 44.519 43.530 42.794 42.064 41.581 41.099 40.379 39.903 39.427 38.956 38.721 38.254 37.788 37.325 36.867 36.413 35.743 35.304 34.869 34.442 34.025 33.614 33.206 32.801 32.196 31.798 31.403 31.013 30.625 30.432 30.047 29.663 29.472 29.091 28.902 28.525 28.338 28.151 27.965 27.779 27.594 27.410 27.227 27.044 27.044 26.861 26.679 26.498 26.498
-9999.000 -9999.000 -9999.000 -9999.000 -9999.000 -9999.000 -9999.000 114.474 81.095 68.488 59.135 54.474 50.430 45.774 44.023 43.039 42.307 41.581 41.099 40.379 39.903 39.427 38.956 38.487 38.021 37.556 37.096 36.639 36.188 35.743 35.304 34.869 34.442 34.025 33.614 33.003 32.598 32.196 31.798 31.403 31.013 30.818 30.432 30.047 29.855 29.472 29.281 29.091 28.713 28.525 28.338 28.151 27.965 27.779 27.779 27.594 27.410 27.227 27.227 27.044 26.861 26.679
-9999.000 -9999.000 -9999.000 -9999.000 -9999.000 -9999.000 -9999.000 -9999.000 -9999.000 -9999.000 -9999.000 170.257 58.584 53.383 46.026 43.776 42.550 41.822 41.099 40.379 39.903 39.427 38.956 38.487 38.021 37.556 37.096 36.639 36.188 35.743 35.304 34.869 34.442 33.819 33.410 33.003 32.598 32.196 31.798 31.403 31.013 30.818 30.432 30.239 29.855 29.663 29.472 29.281 28.902 28.713 28.713 28.525 28.338 28.151 27.965 27.965 27.779 27.594 27.410 27.410 27.227 27.044
-9999.000 -9999.000 -9999.000 -9999.000 -9999.000 -9999.000 -9999.000 -9999.000 -9999.000 -9999.000 -9999.000 -9999.000 -9999.000 90.095 57.483 53.111 43.530 42.064 41.339 40.619 39.903 39.427 38.956 38.487 38.021 37.556 37.096 36.639 36.188 35.743 35.086 34.655 34.233 33.819 33.410 33.003 32.598 32.196 31.798 31.600 31.207 30.818 30.625 30.239 30.047 29.855 29.663 29.472 29.281 29.091 28.902 28.713 28.525 28.525 28.338 28.151 28.151 27.965 27.779 27.779 27.594 27.410
-9999.000 -9999.000 -9999.000 -9999.000 -9999.000 -9999.000 -9999.000 -9999.000 -9999.000 -9999.000 -9999.000 -9999.000 -9999.000 -9999.000 269.089 82.327 59.966 43.530 41.822 40.859 40.141 39.427 38.956 38.487 38.021 37.556 37.096 36.639 35.965 35.523 35.086 34.655 34.233 33.819 33.410 33.003 32.598 32.196 31.997 31.600 31.207 31.013 30.818 30.432 30.239 30.047 29.855 29.663 29.472 29.281 29.281 29.091 28.902 28.902 28.713 28.525 28.338 28.338 28.151 27.965 27.965 27.779
-9999.000 -9999.000 -9999.000 -9999.000 -9999.000 -9999.000 -9999.000 -9999.000 -9999.000 -9999.000 -9999.000 -9999.000 -9999.000 -9999.000 -9999.000 -9999.000 125.720 78.023 60.244 41.581 40.379 39.665 38.956 38.487 38.021 37.556 37.096 36.639 36.188 35.743 35.304 34.869 34.442 34.025 33.614 33.206 32.801 32.397 31.997 31.798 31.403 31.207 31.013 30.818 30.625 30.432 30.239 30.047 29.855 29.663 29.472 29.472 29.281 29.091 29.091 28.902 28.713 28.713 28.525 28.338 28.338 28.151
-9999.000 -9999.000 -9999.000 -9999.000 -9999.000 -9999.000 -9999.000 -9999.000 -9999.000 -9999.000 -9999.000 -9999.000 -9999.000 -9999.000 -9999.000 -9999.000 -9999.000 170.257 87.274 67.042 41.339 40.141 39.427 38.721 38.254 37.556 37.096 36.639 36.188 35.743 35.304 34.869 34.442 34.025 33.614 33.206 33.003 32.598 32.196 31.997 31.600 31.403 31.207 31.013 30.818 30.625 30.432 30.239 30.239 30.047 29.855 29.855 29.663 29.472 29.472 29.281 29.091 29.091 28.902 28.713 28.713 28.525
-9999.000 -9999.000 -9999.000 -9999.000 -9999.000 -9999.000 -9999.000 -9999.000 -9999.000 -9999.000 -9999.000 -9999.000 -9999.000 -9999.000 -9999.000 -9999.000 -9999.000 -9999.000 -9999.000 117.939 83.557 68.488 40.141 39.191 38.487 38.021 37.325 36.867 36.413 35.965 35.523 35.086 34.655 34.233 33.819 33.410 33.206 32.801 32.598 32.196 31.997 31.798 31.600 31.403 31.207 31.013 30.818 30.625 30.625 30.432 30.239 30.239 30.047 30.047 29.855 29.663 29.663 29.472 29.281 29.281 29.091 28.902
-9999.000 -9999.000 -9999.000 -9999.000 -9999.000 -9999.000 -9999.000 -9999.000 -9999.000 -9999.000 -9999.000 -9999.000 -9999.000 -9999.000 -9999.000 -9999.000 -9999.000 -9999.000 -9999.000 -9999.000 -9999.000 -9999.000 -9999.000 41.339 39.427 38.487 37.788 37.096 36.639 36.188 35.743 35.304 34.869 34.442 34.025 33.614 33.410 33.003 32.801 32.598 32.397 31.997 31.798 31.798 31.600 31.403 31.207 31.013 31.013 30.818 30.818 30.625 30.432 30.432 30.239 30.239 30.047 29.855 29.663 29.663 29.472 29.281
-9999.000 -9999.000 -9999.000 -9999.000 -9999.000 -9999.000 -9999.000 -9999.000 -9999.000 -9999.000 -9999.000 -9999.000 -9999.000 -9999.000 -9999.000 -9999.000 -9999.000 -9999.000 -9999.000 -9999.000 -9999.000 -9999.000 -9999.000 -9999.000 -9999.000 -9999.000 38.721 37.788 37.096 36.639 35.965 35.523 35.086 34.655 34.442 34.025 33.614 33.410 33.206 33.003 32.598 32.397 32.397 32.196 31.997 31.798 31.600 31.600 31.403 31.403 31.207 31.207 31.013 30.818 30.818 30.625 30.432 30.432 30.239 30.047 30.047 29.855
-9999.000 -9999.000 -9999.000 -9999.000 -9999.000 -9999.000 -9999.000 -9999.000 -9999.000 -9999.000 -9999.000 -9999.000 -9999.000 -9999.000 -9999.000 -9999.000 -9999.000 -9999.000 -9999.000 -9999.000 -9999.000 -9999.000 -9999.000 -9999.000 -9999.000 -9999.000 -9999.000 -9999.000 38.021 37.325 36.639 35.965 35.523 35.086 34.869 34.442 34.233 33.819 33.614 33.410 33.206 33.003 32.801 32.598 32.397 32.397 32.196 31.997 31.997 31.798 31.798 31.600 31.600 31.403 31.403 31.207 31.013 31.013 30.818 30.625 30.432 30.432
-9999.000 -9999.000 -9999.000 -9999.000 -9999.000 -9999.000 -9999.000 -9999.000 -9999.000 -9999.000 -9999.000 -9999.000 -9999.000 -9999.000 -9999.000 -9999.000 -9999.000 -9999.000 -9999.000 -9999.000 -9999.000 -9999.000 -9999.000 -9999.000 -9999.000 -9999.000 -9999.000 -9999.000 -9999.000 -9999.000 37.788 36.867 36.413 35.743 35.304 35.086 34.655 34.442 34.233 33.819 33.614 33.410 33.410 33.206 33.003 32.801 32.801 32.801 32.598 32.598 32.598 32.397 32.397 32.196 31.997 31.997 31.798 31.600 31.403 31.207 31.013 31.013
-9999.000 -9999.000 -9999.000 -9999.000 -9999.000 -9999.000 -9999.000 -9999.000 -9999.000 -9999.000 -9999.000 -9999.000 -9999.000 -9999.000 -9999.000 -9999.000 -9999.000 -9999.000 -9999.000 -9999.000 -9999.000 -9999.000 -9999.000 -9999.000 -9999.000 -9999.000 -9999.000 -9999.000 -9999.000 -9999.000 -9999.000 -9999.000 38.021 36.867 36.413 35.743 35.523 35.086 34.869 34.655 34.442 34.233 34.025 33.819 33.819 33.614 33.614 33.614 33.614 33.819 33.819 33.819 33.614 33.410 33.206 33.003 32.598 32.397 32.196 31.997 31.798 31.600
