AvaFrame/avaframe/data/avaSalk/Avaflow_Input_Output/slk_results/slk_ascii/slk_hflow0010.asc
ncols 296
nrows 144
xllcenter 761600.00
yllcenter 8523000.00
cellsize 12.50
NODATA_value -9999.000
[rows 102 to 135 of 144, columns 154 to 230 of 296]
1.135 1.285 1.455 1.747 2.080 2.349 2.581 2.820 3.135 3.550 3.886 4.004 4.004 3.966 3.944 3.974 3.965 3.895 3.762 3.633 3.521 3.436 3.327 3.241 3.190 3.174 3.190 3.252 3.375 3.684 4.192 4.841 5.498 5.925 6.141 6.237 6.236 6.127 5.781 5.116 4.004 2.935 2.533 2.437 2.412 2.473 2.656 3.052 3.730 4.711 5.915 7.046 7.943 8.685 9.316 9.788 10.277 10.539 10.651 10.747 10.699 10.550 10.214 9.779 9.258 8.480 7.299 5.580 3.573 1.954 0.864 0.345 0.202 0.190 0.207 0.231 0.247
0.282 0.320 0.363 0.453 0.613 0.781 0.944 1.126 1.351 1.567 1.688 1.740 1.791 1.826 1.846 1.852 1.793 1.658 1.505 1.384 1.305 1.258 1.234 1.209 1.181 1.166 1.180 1.268 1.467 1.822 2.315 2.802 3.114 3.309 3.488 3.645 3.704 3.644 3.104 1.988 1.141 0.915 0.996 1.147 1.313 1.567 2.012 2.694 3.623 4.809 6.171 7.471 8.590 9.568 10.373 11.001 11.547 11.813 11.920 11.966 11.833 11.656 11.286 10.805 10.163 9.343 8.062 6.306 4.429 2.807 1.540 0.739 0.367 0.259 0.253 0.277 0.400
0.082 0.087 0.093 0.110 0.149 0.201 0.250 0.312 0.389 0.442 0.469 0.488 0.519 0.560 0.584 0.580 0.537 0.459 0.394 0.352 0.331 0.323 0.322 0.319 0.310 0.302 0.300 0.331 0.437 0.626 0.869 1.080 1.213 1.310 1.419 1.510 1.547 1.477 1.039 0.414 0.209 0.211 0.275 0.390 0.528 0.725 1.165 2.018 3.241 4.707 6.163 7.544 8.793 9.982 11.007 11.835 12.442 12.671 12.733 12.805 12.678 12.479 12.094 11.618 11.008 10.238 8.976 7.266 5.432 3.867 2.578 1.602 0.989 0.713 0.656 0.731 1.108
0.031 0.033 0.034 0.038 0.049 0.063 0.077 0.092 0.104 0.110 0.112 0.116 0.125 0.143 0.151 0.149 0.134 0.112 0.100 0.093 0.090 0.089 0.088 0.088 0.086 0.084 0.084 0.090 0.116 0.163 0.220 0.276 0.321 0.356 0.379 0.386 0.387 0.357 0.205 0.079 0.057 0.056 0.067 0.098 0.147 0.231 0.448 1.078 2.360 4.125 5.805 7.287 8.647 9.965 11.101 12.069 12.760 13.096 13.174 13.231 13.108 12.878 12.542 12.077 11.522 10.890 9.950 8.535 6.757 5.217 3.984 2.959 2.222 1.865 1.811 1.996 2.565
0.014 0.014 0.015 0.017 0.020 0.026 0.032 0.036 0.038 0.039 0.039 0.040 0.044 0.050 0.052 0.050 0.044 0.038 0.035 0.033 0.033 0.032 0.032 0.032 0.032 0.031 0.032 0.035 0.043 0.055 0.069 0.084 0.095 0.099 0.097 0.095 0.094 0.086 0.057 0.033 0.025 0.023 0.025 0.029 0.039 0.058 0.114 0.355 1.164 2.793 4.759 6.469 8.039 9.528 10.793 11.874 12.630 13.038 13.221 13.274 13.202 13.051 12.781 12.359 11.857 11.370 10.802 9.865 8.413 6.898 5.670 4.653 3.898 3.551 3.524 3.659 3.941
0.006 0.007 0.008 0.008 0.009 0.012 0.015 0.016 0.017 0.017 0.017 0.017 0.019 0.021 0.021 0.020 0.018 0.016 0.015 0.014 0.014 0.014 0.014 0.014 0.014 0.014 0.015 0.017 0.020 0.024 0.030 0.035 0.037 0.036 0.036 0.038 0.039 0.037 0.031 0.023 0.017 0.013 0.012 0.013 0.016 0.020 0.030 0.078 0.363 1.274 2.989 4.982 6.878 8.578 10.080 11.302 12.226 12.667 12.958 13.015 13.052 12.943 12.685 12.353 12.054 11.728 11.331 10.771 9.709 8.373 7.218 6.261 5.516 5.067 4.859 4.755 4.674
0.003 0.004 0.004 0.004 0.004 0.006 0.008 0.008 0.008 0.008 0.008 0.008 0.009 0.010 0.010 0.009 0.008 0.007 0.007 0.007 0.007 0.007 0.007 0.007 0.007 0.008 0.009 0.010 0.011 0.013 0.016 0.018 0.019 0.020 0.021 0.024 0.024 0.024 0.023 0.019 0.014 0.010 0.008 0.008 0.008 0.010 0.012 0.021 0.075 0.391 1.326 3.007 5.100 7.094 8.798 10.183 11.215 11.796 12.230 12.391 12.631 12.578 12.448 12.211 12.020 11.805 11.535 11.200 10.429 9.258 8.095 7.239 6.603 6.090 5.670 5.300 4.947
0.002 0.002 0.002 0.002 0.002 0.003 0.004 0.004 0.004 0.004 0.004 0.004 0.005 0.005 0.005 0.004 0.004 0.004 0.004 0.004 0.004 0.004 0.004 0.005 0.005 0.006 0.007 0.007 0.009 0.010 0.012 0.013 0.014 0.015 0.017 0.018 0.018 0.018 0.017 0.015 0.012 0.009 0.006 0.005 0.005 0.006 0.007 0.010 0.019 0.072 0.362 1.224 2.852 4.970 6.903 8.477 9.639 10.430 11.011 11.327 11.673 11.785 11.815 11.798 11.819 11.773 11.515 11.153 10.550 9.457 8.231 7.423 6.859 6.370 5.891 5.403 4.952
0.001 0.001 0.001 0.001 0.001 0.001 0.002 0.002 0.002 0.002 0.002 0.002 0.002 0.002 0.002 0.002 0.002 0.002 0.002 0.002 0.003 0.003 0.003 0.004 0.004 0.005 0.005 0.006 0.008 0.009 0.010 0.012 0.013 0.013 0.014 0.014 0.014 0.014 0.014 0.012 0.010 0.008 0.006 0.004 0.004 0.004 0.004 0.005 0.008 0.017 0.053 0.286 1.051 2.535 4.383 6.080 7.484 8.653 9.478 10.014 10.406 10.656 10.843 11.011 11.244 11.322 11.225 10.837 10.196 9.209 8.058 7.255 6.668 6.168 5.686 5.186 4.681
0.000 0.000 0.000 0.000 0.001 0.001 0.001 0.001 0.001 0.001 0.001 0.001 0.001 0.001 0.001 0.001 0.001 0.001 0.001 0.001 0.002 0.002 0.002 0.003 0.003 0.004 0.004 0.005 0.006 0.008 0.009 0.010 0.011 0.012 0.013 0.013 0.013 0.013 0.012 0.011 0.010 0.008 0.006 0.004 0.003 0.003 0.003 0.003 0.005 0.008 0.015 0.037 0.227 0.884 2.107 3.555 4.990 6.391 7.579 8.470 9.037 9.351 9.610 9.847 10.206 10.361 10.370 10.119 9.517 8.656 7.621 6.840 6.207 5.687 5.182 4.689 4.149
0.000 0.000 0.000 0.000 0.000 0.000 0.000 0.000 0.000 0.000 0.000 0.000 0.000 0.000 0.000 0.000 0.001 0.001 0.001 0.001 0.001 0.001 0.001 0.002 0.002 0.003 0.003 0.004 0.005 0.006 0.008 0.009 0.011 0.012 0.012 0.013 0.013 0.013 0.012 0.011 0.010 0.007 0.006 0.004 0.003 0.002 0.002 0.002 0.003 0.004 0.006 0.012 0.031 0.189 0.726 1.687 2.849 4.081 5.370 6.587 7.444 7.941 8.321 8.551 8.840 9.018 9.060 8.972 8.519 7.850 6.957 6.183 5.520 4.962 4.424 3.909 3.370
0.000 0.000 0.000 0.000 0.000 0.000 0.000 0.000 0.000 0.000 0.000 0.000 0.000 0.000 0.000 0.000 0.000 0.000 0.000 0.000 0.000 0.000 0.001 0.001 0.001 0.002 0.002 0.003 0.004 0.005 0.006 0.008 0.010 0.011 0.013 0.014 0.014 0.015 0.015 0.013 0.011 0.008 0.006 0.004 0.003 0.002 0.002 0.002 0.002 0.002 0.003 0.006 0.011 0.029 0.164 0.587 1.322 2.262 3.353 4.549 5.618 6.377 6.932 7.227 7.417 7.511 7.527 7.530 7.294 6.802 6.084 5.334 4.663 4.072 3.542 3.044 2.567
0.000 0.000 0.000 0.000 0.000 0.000 0.000 0.000 0.000 0.000 0.000 0.000 0.000 0.000 0.000 0.000 0.000 0.000 0.000 0.000 0.000 0.000 0.000 0.000 0.000 0.001 0.001 0.002 0.002 0.003 0.004 0.006 0.008 0.011 0.013 0.014 0.015 0.016 0.016 0.015 0.012 0.008 0.006 0.004 0.003 0.002 0.002 0.001 0.001 0.002 0.002 0.003 0.005 0.011 0.029 0.137 0.447 1.008 1.797 2.774 3.821 4.717 5.426 5.894 6.136 6.197 6.130 5.990 5.733 5.435 4.983 4.400 3.827 3.306 2.825 2.366 1.937
0.000 0.000 0.000 0.000 0.000 0.000 0.000 0.000 0.000 0.000 0.000 0.000 0.000 0.000 0.000 0.000 0.000 0.000 0.000 0.000 0.000 0.000 0.000 0.000 0.000 0.000 0.000 0.001 0.001 0.002 0.003 0.004 0.006 0.009 0.011 0.013 0.014 0.015 0.015 0.014 0.012 0.008 0.006 0.004 0.003 0.002 0.001 0.001 0.001 0.001 0.001 0.002 0.003 0.005 0.010 0.027 0.104 0.323 0.750 1.412 2.279 3.181 3.980 4.603 4.962 5.046 4.978 4.762 4.382 4.067 3.780 3.468 3.092 2.691 2.274 1.851 1.446
0.000 0.000 0.000 0.000 0.000 0.000 0.000 0.000 0.000 0.000 0.000 0.000 0.000 0.000 0.000 0.000 0.000 0.000 0.000 0.000 0.000 0.000 0.000 0.000 0.000 0.000 0.000 0.000 0.000 0.001 0.002 0.003 0.004 0.006 0.009 0.010 0.011 0.012 0.012 0.011 0.010 0.008 0.005 0.004 0.002 0.001 0.001 0.001 0.001 0.001 0.001 0.001 0.001 0.002 0.005 0.009 0.023 0.072 0.215 0.539 1.099 1.850 2.671 3.404 3.854 3.995 3.948 3.747 3.400 3.050 2.803 2.624 2.420 2.164 1.837 1.460 1.066
0.000 0.000 0.000 0.000 0.000 0.000 0.000 0.000 0.000 0.000 0.000 0.000 0.000 0.000 0.000 0.000 0.000 0.000 0.000 0.000 0.000 0.000 0.000 0.000 0.000 0.000 0.000 0.000 0.000 0.000 0.001 0.001 0.002 0.004 0.005 0.006 0.006 0.007 0.006 0.006 0.006 0.006 0.004 0.003 0.002 0.001 0.000 0.000 0.000 0.000 0.000 0.001 0.001 0.001 0.002 0.004 0.008 0.018 0.046 0.142 0.386 0.836 1.521 2.314 2.819 2.992 2.980 2.852 2.620 2.335 2.103 1.949 1.829 1.681 1.452 1.152 0.786
0.000 0.000 0.000 0.000 0.000 0.000 0.000 0.000 0.000 0.000 0.000 0.000 0.000 0.000 0.000 0.000 0.000 0.000 0.000 0.000 0.000 0.000 0.000 0.000 0.000 0.000 0.000 0.000 0.000 0.000 0.000 0.000 0.001 0.002 0.002 0.003 0.003 0.003 0.003 0.003 0.003 0.003 0.002 0.001 0.001 0.000 0.000 0.000 0.000 0.000 0.000 0.000 0.000 0.001 0.001 0.002 0.004 0.007 0.014 0.033 0.096 0.269 0.663 1.338 1.883 2.086 2.101 2.056 1.949 1.792 1.616 1.474 1.367 1.254 1.098 0.884 0.597
0.000 0.000 0.000 0.000 0.000 0.000 0.000 0.000 0.000 0.000 0.000 0.000 0.000 0.000 0.000 0.000 0.000 0.000 0.000 0.000 0.000 0.000 0.000 0.000 0.000 0.000 0.000 0.000 0.000 0.000 0.000 0.000 0.000 0.001 0.001 0.001 0.001 0.001 0.001 0.001 0.001 0.001 0.001 0.000 0.000 0.000 0.000 0.000 0.000 0.000 0.000 0.000 0.000 0.000 0.001 0.001 0.002 0.003 0.006 0.011 0.024 0.063 0.208 0.604 1.105 1.343 1.392 1.407 1.386 1.333 1.245 1.140 1.031 0.918 0.794 0.641 0.451
0.000 0.000 0.000 0.000 0.000 0.000 0.000 0.000 0.000 0.000 0.000 0.000 0.000 0.000 0.000 0.000 0.000 0.000 0.000 0.000 0.000 0.000 0.000 0.000 0.000 0.000 0.000 0.000 0.000 0.000 0.000 0.000 0.000 0.000 0.000 0.000 0.000 0.000 0.000 0.000 0.000 0.000 0.000 0.000 0.000 0.000 0.000 0.000 0.000 0.000 0.000 0.000 0.000 0.000 0.000 0.000 0.001 0.001 0.003 0.005 0.009 0.018 0.051 0.204 0.533 0.779 0.884 0.936 0.957 0.956 0.933 0.872 0.778 0.669 0.558 0.440 0.312
0.000 0.000 0.000 0.000 0.000 0.000 0.000 0.000 0.000 0.000 0.000 0.000 0.000 0.000 0.000 0.000 0.000 0.000 0.000 0.000 0.000 0.000 0.000 0.000 0.000 0.000 0.000 0.000 0.000 0.000 0.000 0.000 0.000 0.000 0.000 0.000 0.000 0.000 0.000 0.000 0.000 0.000 0.000 0.000 0.000 0.000 0.000 0.000 0.000 0.000 0.000 0.000 0.000 0.000 0.000 0.000 0.000 0.001 0.001 0.002 0.004 0.007 0.017 0.058 0.195 0.381 0.519 0.605 0.652 0.671 0.673 0.644 0.575 0.482 0.386 0.293 0.205
0.000 0.000 0.000 0.000 0.000 0.000 0.000 0.000 0.000 0.000 0.000 0.000 0.000 0.000 0.000 0.000 0.000 0.000 0.000 0.000 0.000 0.000 0.000 0.000 0.000 0.000 0.000 0.000 0.000 0.000 0.000 0.000 0.000 0.000 0.000 0.000 0.000 0.000 0.000 0.000 0.000 0.000 0.000 0.000 0.000 0.000 0.000 0.000 0.000 0.000 0.000 0.000 0.000 0.000 0.000 0.000 0.000 0.000 0.000 0.001 0.002 0.003 0.007 0.018 0.057 0.146 0.261 0.365 0.431 0.461 0.468 0.456 0.410 0.342 0.264 0.195 0.134
0.000 0.000 0.000 0.000 0.000 0.000 0.000 0.000 0.000 0.000 0.000 0.000 0.000 0.000 0.000 0.000 0.000 0.000 0.000 0.000 0.000 0.000 0.000 0.000 0.000 0.000 0.000 0.000 0.000 0.000 0.000 0.000 0.000 0.000 0.000 0.000 0.000 0.000 0.000 0.000 0.000 0.000 0.000 0.000 0.000 0.000 0.000 0.000 0.000 0.000 0.000 0.000 0.000 0.000 0.000 0.000 0.000 0.000 0.000 0.000 0.001 0.002 0.003 0.007 0.018 0.047 0.105 0.191 0.267 0.305 0.316 0.311 0.284 0.238 0.180 0.129 0.087
0.000 0.000 0.000 0.000 0.000 0.000 0.000 0.000 0.000 0.000 0.000 0.000 0.000 0.000 0.000 0.000 0.000 0.000 0.000 0.000 0.000 0.000 0.000 0.000 0.000 0.000 0.000 0.000 0.000 0.000 0.000 0.000 0.000 0.000 0.000 0.000 0.000 0.000 0.000 0.000 0.000 0.000 0.000 0.000 0.000 0.000 0.000 0.000 0.000 0.000 0.000 0.000 0.000 0.000 0.000 0.000 0.000 0.000 0.000 0.000 0.000 0.001 0.002 0.003 0.007 0.016 0.037 0.084 0.150 0.192 0.206 0.205 0.191 0.162 0.122 0.085 0.056
0.000 0.000 0.000 0.000 0.000 0.000 0.000 0.000 0.000 0.000 0.000 0.000 0.000 0.000 0.000 0.000 0.000 0.000 0.000 0.000 0.000 0.000 0.000 0.000 0.000 0.000 0.000 0.000 0.000 0.000 0.000 0.000 0.000 0.000 0.000 0.000 0.000 0.000 0.000 0.000 0.000 0.000 0.000 0.000 0.000 0.000 0.000 0.000 0.000 0.000 0.000 0.000 0.000 0.000 0.000 0.000 0.000 0.000 0.000 0.000 0.000 0.000 0.001 0.002 0.003 0.007 0.015 0.036 0.079 0.116 0.129 0.130 0.124 0.107 0.081 0.055 0.036
0.000 0.000 0.000 0.000 0.000 0.000 0.000 0.000 0.000 0.000 0.000 0.000 0.000 0.000 0.000 0.000 0.000 0.000 0.000 0.000 0.000 0.000 0.000 0.000 0.000 0.000 0.000 0.000 0.000 0.000 0.000 0.000 0.000 0.000 0.000 0.000 0.000 0.000 0.000 0.000 0.000 0.000 0.000 0.000 0.000 0.000 0.000 0.000 0.000 0.000 0.000 0.000 0.000 0.000 0.000 0.000 0.000 0.000 0.000 0.000 0.000 0.000 0.000 0.001 0.002 0.004 0.008 0.017 0.041 0.067 0.078 0.080 0.078 0.069 0.053 0.035 0.023
0.000 0.000 0.000 0.000 0.000 0.000 0.000 0.000 0.000 0.000 0.000 0.000 0.000 0.000 0.000 0.000 0.000 0.000 0.000 0.000 0.000 0.000 0.000 0.000 0.000 0.000 0.000 0.000 0.000 0.000 0.000 0.000 0.000 0.000 0.000 0.000 0.000 0.000 0.000 0.000 0.000 0.000 0.000 0.000 0.000 0.000 0.000 0.000 0.000 0.000 0.000 0.000 0.000 0.000 0.000 0.000 0.000 0.000 0.000 0.000 0.000 0.000 0.000 0.000 0.001 0.002 0.004 0.009 0.021 0.038 0.046 0.048 0.047 0.043 0.033 0.022 0.014
0.000 0.000 0.000 0.000 0.000 0.000 0.000 0.000 0.000 0.000 0.000 0.000 0.000 0.000 0.000 0.000 0.000 0.000 0.000 0.000 0.000 0.000 0.000 0.000 0.000 0.000 0.000 0.000 0.000 0.000 0.000 0.000 0.000 0.000 0.000 0.000 0.000 0.000 0.000 0.000 0.000 0.000 0.000 0.000 0.000 0.000 0.000 0.000 0.000 0.000 0.000 0.000 0.000 0.000 0.000 0.000 0.000 0.000 0.000 0.000 0.000 0.000 0.000 0.000 0.000 0.001 0.002 0.005 0.011 0.020 0.026 0.028 0.028 0.025 0.020 0.013 0.008
0.000 0.000 0.000 0.000 0.000 0.000 0.000 0.000 0.000 0.000 0.000 0.000 0.000 0.000 0.000 0.000 0.000 0.000 0.000 0.000 0.000 0.000 0.000 0.000 0.000 0.000 0.000 0.000 0.000 0.000 0.000 0.000 0.000 0.000 0.000 0.000 0.000 0.000 0.000 0.000 0.000 0.000 0.000 0.000 0.000 0.000 0.000 0.000 0.000 0.000 0.000 0.000 0.000 0.000 0.000 0.000 0.000 0.000 0.000 0.000 0.000 0.000 0.000 0.000 0.000 0.000 0.001 0.002 0.005 0.011 0.014 0.016 0.015 0.014 0.011 0.008 0.005
0.000 0.000 0.000 0.000 0.000 0.000 0.000 0.000 0.000 0.000 0.000 0.000 0.000 0.000 0.000 0.000 0.000 0.000 0.000 0.000 0.000 0.000 0.000 0.000 0.000 0.000 0.000 0.000 0.000 0.000 0.000 0.000 0.000 0.000 0.000 0.000 0.000 0.000 0.000 0.000 0.000 0.000 0.000 0.000 0.000 0.000 0.000 0.000 0.000 0.000 0.000 0.000 0.000 0.000 0.000 0.000 0.000 0.000 0.000 0.000 0.000 0.000 0.000 0.000 0.000 0.000 0.000 0.001 0.003 0.005 0.007 0.008 0.008 0.007 0.006 0.004 0.002
0.000 0.000 0.000 0.000 0.000 0.000 0.000 0.000 0.000 0.000 0.000 0.000 0.000 0.000 0.000 0.000 0.000 0.000 0.000 0.000 0.000 0.000 0.000 0.000 0.000 0.000 0.000 0.000 0.000 0.000 0.000 0.000 0.000 0.000 0.000 0.000 0.000 0.000 0.000 0.000 0.000 0.000 0.000 0.000 0.000 0.000 0.000 0.000 0.000 0.000 0.000 0.000 0.000 0.000 0.000 0.000 0.000 0.000 0.000 0.000 0.000 0.000 0.000 0.000 0.000 0.000 0.000 0.001 0.001 0.002 0.003 0.004 0.004 0.004 0.003 0.002 0.001
0.000 0.000 0.000 0.000 0.000 0.000 0.000 0.000 0.000 0.000 0.000 0.000 0.000 0.000 0.000 0.000 0.000 0.000 0.000 0.000 0.000 0.000 0.000 0.000 0.000 0.000 0.000 0.000 0.000 0.000 0.000 0.000 0.000 0.000 0.000 0.000 0.000 0.000 0.000 0.000 0.000 0.000 0.000 0.000 0.000 0.000 0.000 0.000 0.000 0.000 0.000 0.000 0.000 0.000 0.000 0.000 0.000 0.000 0.000 0.000 0.000 0.000 0.000 0.000 0.000 0.000 0.000 0.000 0.000 0.001 0.001 0.002 0.002 0.001 0.001 0.001 0.000
0.000 0.000 0.000 0.000 0.000 0.000 0.000 0.000 0.000 0.000 0.000 0.000 0.000 0.000 0.000 0.000 0.000 0.000 0.000 0.000 0.000 0.000 0.000 0.000 0.000 0.000 0.000 0.000 0.000 0.000 0.000 0.000 0.000 0.000 0.000 0.000 0.000 0.000 0.000 0.000 0.000 0.000 0.000 0.000 0.000 0.000 0.000 0.000 0.000 0.000 0.000 0.000 0.000 0.000 0.000 0.000 0.000 0.000 0.000 0.000 0.000 0.000 0.000 0.000 0.000 0.000 0.000 0.000 0.000 0.000 0.000 0.000 0.000 0.000 0.000 0.000 0.000
0.000 0.000 0.000 0.000 0.000 0.000 0.000 0.000 0.000 0.000 0.000 0.000 0.000 0.000 0.000 0.000 0.000 0.000 0.000 0.000 0.000 0.000 0.000 0.000 0.000 0.000 0.000 0.000 0.000 0.000 0.000 0.000 0.000 0.000 0.000 0.000 0.000 0.000 0.000 0.000 0.000 0.000 0.000 0.000 0.000 0.000 0.000 0.000 0.000 0.000 0.000 0.000 0.000 0.000 0.000 0.000 0.000 0.000 0.000 0.000 0.000 0.000 0.000 0.000 0.000 0.000 0.000 0.000 0.000 0.000 0.000 0.000 0.000 0.000 0.000 0.000 0.000
0.000 0.000 0.000 0.000 0.000 0.000 0.000 0.000 0.000 0.000 0.000 0.000 0.000 0.000 0.000 0.000 0.000 0.000 0.000 0.000 0.000 0.000 0.000 0.000 0.000 0.000 0.000 0.000 0.000 0.000 0.000 0.000 0.000 0.000 0.000 0.000 0.000 0.000 0.000 0.000 0.000 0.000 0.000 0.000 0.000 0.000 0.000 0.000 0.000 0.000 0.000 0.000 0.000 0.000 0.000 0.000 0.000 0.000 0.000 0.000 0.000 0.000 0.000 0.000 0.000 0.000 0.000 0.000 0.000 0.000 0.000 0.000 0.000 0.000 0.000 0.000 0.000
