AvaFrame/avaframe/data/avaSalk/Avaflow_Input_Output/slk_results/slk_ascii/slk_basechange0027.asc
ncols 296
nrows 144
xllcenter 761600.00
yllcenter 8523000.00
cellsize 12.50
NODATA_value -9999.000
[rows 66 to 98 of 144, columns 148 to 221 of 296]
0.000 0.000 0.000 0.000 0.000 0.000 0.000 0.000 0.000 0.000 0.000 0.000 0.000 0.000 0.000 0.000 0.000 0.000 0.000 0.000 0.000 0.000 0.000 0.000 0.000 -0.000 -0.000 -0.000 -0.000 -0.000 -0.000 -0.000 -0.000 -0.000 -0.000 -0.000 -0.000 -0.000 -0.000 -0.001 -0.001 -0.001 -0.002 -0.002 -0.004 -0.006 -0.009 -0.016 -0.029 -0.052 -0.090 -0.145 -0.225 -0.330 -0.438 -0.536 -0.614 -0.670 -0.712 -0.747 -0.783 -0.815 -0.859 -0.923 -1.011 -1.123 -1.284 -1.492 -1.696 -1.897 -2.090 -2.256 -2.379 -2.479
0.000 0.000 0.000 0.000 0.000 0.000 0.000 0.000 0.000 0.000 0.000 0.000 0.000 0.000 0.000 0.000 0.000 0.000 0.000 0.000 0.000 0.000 0.000 0.000 -0.000 -0.000 -0.000 -0.000 -0.000 -0.000 -0.000 -0.000 -0.000 -0.000 -0.000 -0.000 -0.000 -0.000 -0.001 -0.001 -0.001 -0.002 -0.003 -0.004 -0.007 -0.012 -0.022 -0.041 -0.073 -0.121 -0.187 -0.269 -0.363 -0.462 -0.548 -0.620 -0.679 -0.717 -0.740 -0.766 -0.802 -0.844 -0.906 -0.990 -1.105 -1.259 -1.458 -1.687 -1.916 -2.107 -2.262 -2.383 -2.479 -2.569
0.000 0.000 0.000 0.000 0.000 0.000 0.000 0.000 0.000 0.000 0.000 0.000 0.000 0.000 0.000 0.000 0.000 0.000 0.000 0.000 0.000 0.000 0.000 -0.000 -0.000 -0.000 -0.000 -0.000 -0.000 -0.000 -0.000 -0.000 -0.000 -0.000 -0.000 -0.000 -0.001 -0.001 -0.001 -0.002 -0.002 -0.004 -0.006 -0.009 -0.016 -0.029 -0.052 -0.091 -0.145 -0.216 -0.298 -0.390 -0.477 -0.553 -0.615 -0.660 -0.697 -0.727 -0.752 -0.787 -0.834 -0.897 -0.978 -1.097 -1.240 -1.432 -1.656 -1.870 -2.074 -2.263 -2.402 -2.492 -2.561 -2.644
0.000 0.000 0.000 0.000 0.000 0.000 0.000 0.000 0.000 0.000 0.000 0.000 0.000 0.000 0.000 0.000 0.000 0.000 0.000 0.000 0.000 0.000 -0.000 -0.000 -0.000 -0.000 -0.000 -0.000 -0.000 -0.000 -0.000 -0.000 -0.000 -0.000 -0.000 -0.001 -0.001 -0.001 -0.002 -0.003 -0.004 -0.007 -0.011 -0.019 -0.035 -0.061 -0.102 -0.159 -0.231 -0.312 -0.396 -0.477 -0.546 -0.600 -0.642 -0.674 -0.702 -0.731 -0.772 -0.822 -0.890 -0.974 -1.082 -1.234 -1.422 -1.629 -1.845 -2.050 -2.234 -2.383 -2.498 -2.590 -2.653 -2.682
0.000 0.000 0.000 0.000 0.000 0.000 0.000 0.000 0.000 0.000 0.000 0.000 0.000 0.000 0.000 0.000 0.000 0.000 0.000 0.000 -0.000 -0.000 -0.000 -0.000 -0.000 -0.000 -0.000 -0.000 -0.000 -0.000 -0.000 -0.000 -0.000 -0.000 -0.001 -0.001 -0.001 -0.002 -0.003 -0.005 -0.008 -0.013 -0.023 -0.041 -0.070 -0.113 -0.169 -0.240 -0.320 -0.400 -0.472 -0.533 -0.582 -0.618 -0.649 -0.681 -0.719 -0.766 -0.822 -0.889 -0.970 -1.077 -1.212 -1.391 -1.613 -1.841 -2.058 -2.238 -2.398 -2.518 -2.588 -2.663 -2.712 -2.673
0.000 0.000 0.000 0.000 0.000 0.000 0.000 0.000 0.000 0.000 0.000 0.000 0.000 -0.000 -0.000 0.000 0.000 0.000 -0.000 -0.000 -0.000 -0.000 -0.000 -0.000 -0.000 -0.000 -0.000 -0.000 -0.000 -0.000 -0.000 -0.000 -0.001 -0.001 -0.001 -0.002 -0.002 -0.004 -0.005 -0.009 -0.014 -0.026 -0.046 -0.077 -0.122 -0.181 -0.252 -0.330 -0.405 -0.472 -0.528 -0.572 -0.612 -0.646 -0.682 -0.720 -0.763 -0.817 -0.896 -0.983 -1.081 -1.201 -1.362 -1.570 -1.805 -2.067 -2.305 -2.457 -2.559 -2.651 -2.685 -2.691 -2.674 -2.563
0.000 0.000 0.000 0.000 0.000 0.000 0.000 0.000 0.000 -0.000 -0.000 -0.000 -0.000 -0.000 -0.000 -0.000 -0.000 -0.000 -0.000 -0.000 -0.000 -0.000 -0.000 -0.000 -0.000 -0.000 -0.000 -0.000 -0.001 -0.001 -0.001 -0.001 -0.001 -0.001 -0.002 -0.003 -0.004 -0.006 -0.010 -0.016 -0.028 -0.050 -0.084 -0.130 -0.190 -0.259 -0.335 -0.411 -0.477 -0.527 -0.570 -0.611 -0.648 -0.684 -0.725 -0.774 -0.824 -0.888 -0.993 -1.103 -1.214 -1.350 -1.538 -1.787 -2.054 -2.308 -2.536 -2.643 -2.682 -2.715 -2.706 -2.619 -2.506 -2.309
-0.000 0.000 0.000 0.000 -0.000 -0.000 0.000 0.000 -0.000 -0.000 -0.000 -0.000 -0.000 -0.000 -0.000 -0.000 -0.000 -0.000 -0.000 -0.000 -0.000 -0.000 -0.000 -0.001 -0.001 -0.001 -0.001 -0.001 -0.001 -0.001 -0.001 -0.001 -0.002 -0.002 -0.003 -0.004 -0.007 -0.011 -0.018 -0.031 -0.055 -0.090 -0.139 -0.199 -0.269 -0.340 -0.410 -0.472 -0.530 -0.578 -0.616 -0.657 -0.696 -0.736 -0.784 -0.841 -0.907 -0.990 -1.115 -1.243 -1.376 -1.547 -1.801 -2.120 -2.413 -2.620 -2.749 -2.778 -2.724 -2.671 -2.583 -2.444 -2.242 -1.957
-0.000 -0.000 -0.000 -0.000 -0.000 -0.000 -0.000 -0.000 -0.000 -0.000 -0.000 -0.000 -0.000 -0.000 -0.000 -0.000 -0.000 -0.000 -0.000 -0.000 -0.000 -0.001 -0.001 -0.002 -0.003 -0.004 -0.003 -0.003 -0.002 -0.002 -0.002 -0.002 -0.003 -0.004 -0.005 -0.008 -0.012 -0.020 -0.034 -0.059 -0.097 -0.147 -0.208 -0.277 -0.347 -0.415 -0.477 -0.529 -0.578 -0.626 -0.670 -0.713 -0.758 -0.804 -0.862 -0.931 -1.010 -1.115 -1.255 -1.416 -1.599 -1.866 -2.256 -2.607 -2.812 -2.852 -2.832 -2.788 -2.693 -2.568 -2.402 -2.186 -1.912 -1.604
-0.000 -0.000 -0.000 -0.000 -0.000 -0.000 -0.000 -0.000 -0.000 -0.000 -0.000 -0.000 -0.001 -0.001 -0.001 -0.000 -0.000 -0.000 -0.000 -0.001 -0.001 -0.003 -0.006 -0.009 -0.010 -0.011 -0.010 -0.009 -0.007 -0.005 -0.004 -0.004 -0.005 -0.006 -0.009 -0.014 -0.022 -0.037 -0.063 -0.102 -0.154 -0.216 -0.283 -0.351 -0.420 -0.481 -0.537 -0.587 -0.636 -0.686 -0.732 -0.780 -0.833 -0.890 -0.955 -1.032 -1.131 -1.266 -1.436 -1.672 -1.993 -2.404 -2.774 -2.952 -2.939 -2.810 -2.681 -2.582 -2.523 -2.383 -2.139 -1.876 -1.571 -1.305
-0.000 -0.000 -0.000 -0.000 -0.000 -0.000 -0.000 -0.000 -0.000 -0.000 -0.001 -0.002 -0.003 -0.003 -0.003 -0.002 -0.002 -0.002 -0.001 -0.002 -0.005 -0.009 -0.011 -0.013 -0.014 -0.015 -0.016 -0.018 -0.018 -0.013 -0.009 -0.008 -0.009 -0.012 -0.017 -0.026 -0.041 -0.068 -0.108 -0.160 -0.222 -0.289 -0.359 -0.424 -0.487 -0.546 -0.599 -0.654 -0.709 -0.763 -0.815 -0.864 -0.920 -0.980 -1.051 -1.146 -1.284 -1.472 -1.730 -2.083 -2.515 -2.892 -3.001 -2.882 -2.692 -2.495 -2.374 -2.320 -2.257 -2.109 -1.806 -1.523 -1.273 -1.079
-0.000 -0.000 -0.000 -0.000 -0.000 -0.000 -0.000 -0.000 -0.001 -0.001 -0.003 -0.011 -0.019 -0.022 -0.018 -0.012 -0.007 -0.007 -0.009 -0.013 -0.016 -0.016 -0.012 -0.011 -0.013 -0.014 -0.014 -0.025 -0.036 -0.033 -0.025 -0.020 -0.021 -0.027 -0.037 -0.054 -0.080 -0.119 -0.170 -0.231 -0.298 -0.367 -0.433 -0.497 -0.557 -0.620 -0.680 -0.741 -0.796 -0.846 -0.895 -0.953 -1.015 -1.080 -1.162 -1.296 -1.495 -1.776 -2.148 -2.530 -2.807 -2.948 -2.833 -2.560 -2.323 -2.170 -2.113 -2.104 -2.028 -1.794 -1.482 -1.224 -1.044 -0.934
-0.001 -0.001 -0.001 -0.001 -0.001 -0.002 -0.002 -0.002 -0.002 -0.005 -0.016 -0.027 -0.030 -0.034 -0.036 -0.033 -0.030 -0.029 -0.030 -0.028 -0.024 -0.018 -0.013 -0.012 -0.016 -0.014 -0.015 -0.030 -0.054 -0.065 -0.060 -0.053 -0.053 -0.060 -0.077 -0.106 -0.147 -0.200 -0.263 -0.327 -0.388 -0.448 -0.509 -0.571 -0.636 -0.707 -0.775 -0.839 -0.888 -0.924 -0.969 -1.035 -1.107 -1.193 -1.316 -1.511 -1.794 -2.150 -2.514 -2.749 -2.806 -2.734 -2.531 -2.262 -2.094 -2.018 -1.957 -1.905 -1.753 -1.479 -1.208 -1.019 -0.908 -0.850
-0.007 -0.006 -0.006 -0.006 -0.006 -0.007 -0.008 -0.010 -0.017 -0.033 -0.048 -0.041 -0.023 -0.023 -0.032 -0.039 -0.044 -0.043 -0.037 -0.026 -0.018 -0.013 -0.017 -0.018 -0.016 -0.025 -0.039 -0.050 -0.076 -0.100 -0.095 -0.084 -0.087 -0.099 -0.123 -0.162 -0.219 -0.290 -0.373 -0.452 -0.512 -0.557 -0.605 -0.664 -0.734 -0.811 -0.874 -0.917 -0.956 -0.991 -1.037 -1.112 -1.217 -1.335 -1.525 -1.814 -2.155 -2.492 -2.696 -2.738 -2.648 -2.458 -2.234 -2.067 -1.966 -1.886 -1.788 -1.666 -1.479 -1.218 -1.002 -0.873 -0.806 -0.782
-0.062 -0.054 -0.049 -0.048 -0.051 -0.055 -0.058 -0.067 -0.084 -0.103 -0.102 -0.064 -0.028 -0.025 -0.029 -0.032 -0.032 -0.029 -0.026 -0.022 -0.023 -0.021 -0.022 -0.023 -0.024 -0.049 -0.079 -0.091 -0.114 -0.136 -0.117 -0.097 -0.107 -0.134 -0.174 -0.226 -0.290 -0.369 -0.460 -0.555 -0.626 -0.686 -0.746 -0.803 -0.862 -0.915 -0.958 -0.983 -1.009 -1.050 -1.110 -1.203 -1.349 -1.550 -1.815 -2.156 -2.466 -2.657 -2.704 -2.602 -2.403 -2.202 -2.053 -1.945 -1.859 -1.753 -1.612 -1.444 -1.244 -1.033 -0.869 -0.771 -0.721 -0.713
-0.160 -0.166 -0.165 -0.163 -0.166 -0.171 -0.164 -0.146 -0.136 -0.131 -0.114 -0.075 -0.047 -0.039 -0.035 -0.026 -0.023 -0.027 -0.033 -0.034 -0.034 -0.038 -0.036 -0.037 -0.047 -0.068 -0.099 -0.133 -0.163 -0.165 -0.133 -0.112 -0.130 -0.177 -0.240 -0.313 -0.389 -0.470 -0.557 -0.662 -0.752 -0.821 -0.898 -0.960 -0.994 -1.007 -1.012 -1.031 -1.065 -1.119 -1.206 -1.344 -1.547 -1.825 -2.144 -2.430 -2.611 -2.656 -2.566 -2.387 -2.186 -2.030 -1.929 -1.839 -1.735 -1.602 -1.437 -1.257 -1.067 -0.896 -0.769 -0.687 -0.643 -0.643
-0.130 -0.148 -0.172 -0.185 -0.178 -0.175 -0.171 -0.142 -0.096 -0.068 -0.059 -0.058 -0.061 -0.058 -0.053 -0.044 -0.050 -0.055 -0.060 -0.056 -0.044 -0.050 -0.061 -0.067 -0.072 -0.079 -0.100 -0.157 -0.190 -0.174 -0.144 -0.146 -0.181 -0.245 -0.330 -0.420 -0.512 -0.608 -0.698 -0.816 -0.945 -1.005 -1.043 -1.084 -1.108 -1.108 -1.084 -1.089 -1.130 -1.217 -1.343 -1.540 -1.813 -2.107 -2.370 -2.552 -2.600 -2.543 -2.388 -2.200 -2.041 -1.917 -1.819 -1.715 -1.594 -1.436 -1.264 -1.087 -0.926 -0.784 -0.674 -0.601 -0.562 -0.575
-0.059 -0.050 -0.054 -0.091 -0.111 -0.102 -0.095 -0.088 -0.048 -0.018 -0.027 -0.046 -0.076 -0.088 -0.095 -0.097 -0.097 -0.087 -0.089 -0.084 -0.078 -0.078 -0.080 -0.090 -0.089 -0.089 -0.109 -0.170 -0.200 -0.170 -0.152 -0.192 -0.254 -0.337 -0.436 -0.535 -0.639 -0.751 -0.850 -0.973 -1.131 -1.221 -1.214 -1.200 -1.201 -1.212 -1.210 -1.214 -1.260 -1.358 -1.558 -1.816 -2.092 -2.332 -2.488 -2.526 -2.491 -2.369 -2.214 -2.057 -1.924 -1.815 -1.705 -1.578 -1.433 -1.269 -1.096 -0.934 -0.787 -0.668 -0.577 -0.514 -0.485 -0.511
-0.074 -0.050 -0.031 -0.022 -0.028 -0.042 -0.038 -0.022 -0.012 -0.014 -0.026 -0.049 -0.057 -0.094 -0.131 -0.124 -0.123 -0.110 -0.103 -0.093 -0.100 -0.103 -0.117 -0.122 -0.114 -0.110 -0.132 -0.187 -0.207 -0.186 -0.196 -0.261 -0.342 -0.438 -0.553 -0.670 -0.790 -0.906 -0.997 -1.103 -1.220 -1.312 -1.318 -1.296 -1.285 -1.311 -1.346 -1.394 -1.501 -1.630 -1.835 -2.094 -2.347 -2.445 -2.466 -2.419 -2.329 -2.210 -2.076 -1.937 -1.802 -1.685 -1.569 -1.434 -1.271 -1.103 -0.941 -0.791 -0.662 -0.558 -0.484 -0.437 -0.422 -0.462
-0.139 -0.128 -0.072 -0.047 -0.043 -0.039 -0.037 -0.031 -0.028 -0.027 -0.027 -0.027 -0.025 -0.031 -0.053 -0.070 -0.079 -0.075 -0.076 -0.086 -0.096 -0.105 -0.132 -0.164 -0.156 -0.155 -0.170 -0.208 -0.220 -0.237 -0.285 -0.363 -0.461 -0.571 -0.688 -0.822 -0.948 -1.065 -1.129 -1.191 -1.254 -1.310 -1.334 -1.355 -1.379 -1.440 -1.508 -1.593 -1.756 -2.003 -2.205 -2.309 -2.408 -2.461 -2.366 -2.268 -2.185 -2.082 -1.962 -1.817 -1.667 -1.531 -1.406 -1.268 -1.109 -0.945 -0.798 -0.664 -0.552 -0.466 -0.409 -0.380 -0.383 -0.436
-0.144 -0.213 -0.227 -0.144 -0.083 -0.077 -0.074 -0.072 -0.068 -0.068 -0.073 -0.079 -0.083 -0.084 -0.073 -0.061 -0.062 -0.075 -0.091 -0.102 -0.115 -0.124 -0.163 -0.219 -0.226 -0.219 -0.206 -0.227 -0.251 -0.308 -0.394 -0.491 -0.605 -0.730 -0.859 -0.981 -1.087 -1.178 -1.212 -1.243 -1.275 -1.284 -1.318 -1.381 -1.474 -1.599 -1.729 -1.817 -1.979 -2.211 -2.427 -2.524 -2.382 -2.321 -2.244 -2.121 -2.056 -1.978 -1.845 -1.671 -1.495 -1.347 -1.220 -1.091 -0.939 -0.789 -0.656 -0.543 -0.453 -0.393 -0.357 -0.345 -0.367 -0.433
-0.185 -0.189 -0.239 -0.363 -0.230 -0.132 -0.135 -0.132 -0.130 -0.135 -0.153 -0.155 -0.157 -0.156 -0.151 -0.145 -0.145 -0.143 -0.141 -0.163 -0.165 -0.186 -0.249 -0.283 -0.287 -0.273 -0.243 -0.276 -0.337 -0.419 -0.526 -0.650 -0.787 -0.918 -1.038 -1.111 -1.181 -1.223 -1.251 -1.274 -1.306 -1.311 -1.347 -1.427 -1.560 -1.707 -1.911 -2.032 -2.142 -2.261 -2.373 -2.533 -2.432 -2.142 -2.079 -2.010 -1.946 -1.861 -1.698 -1.484 -1.293 -1.146 -1.034 -0.928 -0.800 -0.663 -0.540 -0.442 -0.375 -0.339 -0.325 -0.332 -0.370 -0.448
-0.295 -0.280 -0.266 -0.307 -0.399 -0.288 -0.210 -0.214 -0.218 -0.241 -0.253 -0.255 -0.252 -0.245 -0.237 -0.233 -0.226 -0.218 -0.237 -0.260 -0.274 -0.300 -0.338 -0.348 -0.341 -0.327 -0.311 -0.378 -0.477 -0.589 -0.709 -0.850 -0.996 -1.124 -1.207 -1.248 -1.266 -1.280 -1.274 -1.294 -1.340 -1.379 -1.441 -1.532 -1.654 -1.778 -1.963 -2.135 -2.213 -2.247 -2.231 -2.321 -2.461 -2.165 -1.922 -1.920 -1.857 -1.704 -1.494 -1.269 -1.091 -0.969 -0.888 -0.807 -0.698 -0.568 -0.454 -0.371 -0.321 -0.302 -0.307 -0.334 -0.393 -0.478
-0.367 -0.369 -0.376 -0.365 -0.374 -0.416 -0.340 -0.323 -0.322 -0.336 -0.352 -0.360 -0.347 -0.333 -0.337 -0.318 -0.320 -0.337 -0.367 -0.412 -0.421 -0.408 -0.400 -0.399 -0.403 -0.416 -0.442 -0.526 -0.646 -0.793 -0.960 -1.083 -1.208 -1.305 -1.346 -1.378 -1.380 -1.358 -1.368 -1.387 -1.406 -1.443 -1.531 -1.623 -1.721 -1.833 -1.945 -2.072 -2.127 -2.128 -2.073 -2.015 -2.171 -2.252 -1.952 -1.796 -1.718 -1.485 -1.232 -1.037 -0.908 -0.838 -0.790 -0.726 -0.624 -0.493 -0.386 -0.320 -0.287 -0.279 -0.295 -0.341 -0.418 -0.512
-0.397 -0.415 -0.433 -0.441 -0.461 -0.455 -0.487 -0.429 -0.434 -0.444 -0.457 -0.450 -0.443 -0.435 -0.413 -0.421 -0.450 -0.493 -0.533 -0.561 -0.531 -0.480 -0.447 -0.458 -0.497 -0.543 -0.626 -0.743 -0.875 -1.017 -1.183 -1.265 -1.392 -1.430 -1.428 -1.484 -1.448 -1.405 -1.465 -1.518 -1.511 -1.531 -1.603 -1.700 -1.803 -1.863 -1.915 -1.934 -1.947 -1.930 -1.873 -1.779 -1.791 -1.992 -2.006 -1.707 -1.477 -1.229 -0.986 -0.844 -0.772 -0.745 -0.725 -0.674 -0.571 -0.437 -0.338 -0.284 -0.265 -0.268 -0.292 -0.352 -0.439 -0.541
-0.466 -0.483 -0.498 -0.504 -0.529 -0.577 -0.558 -0.539 -0.535 -0.538 -0.536 -0.531 -0.525 -0.507 -0.517 -0.575 -0.642 -0.679 -0.668 -0.633 -0.604 -0.540 -0.528 -0.586 -0.647 -0.721 -0.834 -0.982 -1.109 -1.256 -1.370 -1.387 -1.485 -1.467 -1.432 -1.478 -1.423 -1.414 -1.483 -1.521 -1.566 -1.641 -1.676 -1.764 -1.860 -1.910 -1.895 -1.831 -1.762 -1.737 -1.674 -1.595 -1.588 -1.714 -1.819 -1.617 -1.211 -0.964 -0.800 -0.715 -0.685 -0.685 -0.682 -0.639 -0.537 -0.399 -0.306 -0.262 -0.253 -0.268 -0.303 -0.361 -0.445 -0.549
-0.504 -0.530 -0.549 -0.554 -0.593 -0.678 -0.635 -0.626 -0.622 -0.641 -0.631 -0.615 -0.600 -0.643 -0.705 -0.799 -0.864 -0.834 -0.778 -0.733 -0.685 -0.661 -0.707 -0.797 -0.885 -0.992 -1.126 -1.227 -1.308 -1.428 -1.493 -1.500 -1.539 -1.463 -1.412 -1.422 -1.371 -1.396 -1.444 -1.446 -1.517 -1.645 -1.717 -1.761 -1.812 -1.832 -1.844 -1.740 -1.598 -1.518 -1.505 -1.452 -1.447 -1.535 -1.581 -1.415 -1.048 -0.777 -0.669 -0.626 -0.623 -0.642 -0.651 -0.615 -0.515 -0.377 -0.289 -0.253 -0.250 -0.277 -0.325 -0.376 -0.434 -0.528
-0.495 -0.530 -0.550 -0.591 -0.728 -0.722 -0.693 -0.710 -0.690 -0.729 -0.755 -0.765 -0.795 -0.869 -0.951 -0.979 -0.962 -0.925 -0.893 -0.892 -0.912 -0.948 -1.031 -1.148 -1.262 -1.382 -1.485 -1.545 -1.559 -1.607 -1.614 -1.575 -1.597 -1.520 -1.466 -1.464 -1.382 -1.377 -1.429 -1.409 -1.449 -1.537 -1.606 -1.641 -1.688 -1.671 -1.678 -1.593 -1.486 -1.344 -1.271 -1.276 -1.299 -1.336 -1.348 -1.213 -0.950 -0.686 -0.590 -0.568 -0.576 -0.602 -0.619 -0.590 -0.502 -0.375 -0.285 -0.257 -0.261 -0.293 -0.348 -0.396 -0.429 -0.490
-0.519 -0.562 -0.637 -0.723 -0.770 -0.789 -0.802 -0.787 -0.819 -0.859 -0.916 -0.928 -0.969 -0.992 -1.022 -1.029 -1.051 -1.007 -1.038 -1.104 -1.247 -1.320 -1.437 -1.526 -1.590 -1.689 -1.748 -1.812 -1.835 -1.851 -1.775 -1.719 -1.729 -1.648 -1.601 -1.584 -1.482 -1.465 -1.491 -1.488 -1.486 -1.562 -1.574 -1.505 -1.505 -1.486 -1.476 -1.395 -1.338 -1.267 -1.115 -1.062 -1.109 -1.131 -1.134 -1.062 -0.900 -0.688 -0.560 -0.540 -0.549 -0.570 -0.587 -0.568 -0.501 -0.403 -0.318 -0.292 -0.301 -0.326 -0.368 -0.410 -0.435 -0.457
-0.548 -0.602 -0.678 -0.743 -0.782 -0.781 -0.796 -0.846 -0.894 -0.924 -0.998 -0.972 -1.004 -1.023 -1.022 -1.060 -1.107 -1.179 -1.266 -1.341 -1.459 -1.560 -1.699 -1.735 -1.809 -1.846 -1.832 -1.875 -1.893 -1.940 -1.892 -1.853 -1.833 -1.789 -1.813 -1.799 -1.725 -1.710 -1.700 -1.646 -1.621 -1.670 -1.694 -1.538 -1.419 -1.334 -1.276 -1.214 -1.144 -1.082 -1.022 -0.926 -0.944 -0.983 -0.999 -0.972 -0.891 -0.760 -0.630 -0.580 -0.580 -0.589 -0.595 -0.583 -0.548 -0.506 -0.463 -0.447 -0.457 -0.464 -0.438 -0.428 -0.437 -0.446
-0.570 -0.611 -0.652 -0.707 -0.741 -0.701 -0.751 -0.855 -0.879 -0.956 -1.012 -0.988 -1.055 -1.065 -1.089 -1.135 -1.253 -1.327 -1.399 -1.520 -1.596 -1.687 -1.779 -1.790 -1.876 -1.880 -1.854 -1.855 -1.824 -1.830 -1.822 -1.781 -1.718 -1.723 -1.779 -1.828 -1.803 -1.788 -1.748 -1.672 -1.635 -1.664 -1.707 -1.675 -1.513 -1.343 -1.155 -1.050 -0.977 -0.885 -0.845 -0.821 -0.843 -0.895 -0.941 -0.965 -0.981 -0.970 -0.906 -0.817 -0.767 -0.754 -0.743 -0.728 -0.713 -0.691 -0.647 -0.611 -0.615 -0.669 -0.690 -0.598 -0.487 -0.452
-0.508 -0.519 -0.549 -0.587 -0.606 -0.635 -0.724 -0.813 -0.835 -0.945 -1.001 -1.002 -1.099 -1.108 -1.119 -1.160 -1.244 -1.382 -1.476 -1.578 -1.618 -1.701 -1.744 -1.742 -1.809 -1.837 -1.812 -1.826 -1.786 -1.697 -1.677 -1.651 -1.616 -1.568 -1.549 -1.565 -1.578 -1.553 -1.478 -1.406 -1.413 -1.448 -1.484 -1.502 -1.485 -1.417 -1.205 -0.974 -0.824 -0.739 -0.691 -0.702 -0.743 -0.812 -0.909 -0.997 -1.059 -1.087 -1.051 -0.953 -0.867 -0.836 -0.823 -0.802 -0.766 -0.711 -0.636 -0.584 -0.576 -0.630 -0.773 -0.846 -0.737 -0.567
-0.372 -0.389 -0.409 -0.459 -0.538 -0.590 -0.685 -0.763 -0.820 -0.920 -0.970 -0.989 -1.078 -1.103 -1.126 -1.128 -1.214 -1.361 -1.480 -1.603 -1.639 -1.691 -1.723 -1.681 -1.721 -1.718 -1.668 -1.663 -1.613 -1.513 -1.506 -1.519 -1.474 -1.394 -1.414 -1.401 -1.399 -1.332 -1.224 -1.187 -1.200 -1.182 -1.093 -1.055 -1.103 -1.088 -1.101 -0.947 -0.718 -0.595 -0.573 -0.591 -0.634 -0.703 -0.828 -0.941 -0.993 -0.998 -0.960 -0.878 -0.793 -0.747 -0.737 -0.726 -0.695 -0.638 -0.580 -0.551 -0.543 -0.544 -0.621 -0.775 -0.795 -0.656
