AvaFrame/avaframe/data/avaSalk/Avaflow_Input_Output/slk_results/slk_ascii/slk_hflow1_fin.asc
ncols 296
nrows 144
xllcenter 761600.00
yllcenter 8523000.00
cellsize 12.50
NODATA_value -9999.000
[rows 102 to 135 of 144, columns 154 to 230 of 296]
1.870 1.982 2.096 2.360 2.676 2.848 2.924 2.973 3.041 3.146 3.265 3.314 3.307 3.266 3.166 3.111 3.024 2.832 2.627 2.387 2.183 1.982 1.746 1.532 1.363 1.255 1.202 1.180 1.198 1.318 1.585 1.981 2.379 2.596 2.692 2.765 2.740 2.602 2.326 1.832 1.156 0.662 0.618 0.800 1.085 1.423 1.842 2.447 3.265 4.374 5.737 7.112 8.275 9.235 10.018 10.783 11.415 12.078 12.353 12.448 12.647 12.566 12.386 12.088 11.586 10.701 9.236 7.107 5.101 3.538 2.319 1.384 0.739 0.389 0.255 0.231 0.251
0.447 0.490 0.543 0.675 0.895 1.049 1.159 1.248 1.310 1.334 1.329 1.326 1.344 1.350 1.324 1.284 1.177 1.002 0.826 0.676 0.558 0.474 0.413 0.356 0.306 0.275 0.264 0.268 0.294 0.393 0.601 0.850 0.978 1.004 1.030 1.129 1.215 1.196 0.939 0.473 0.164 0.118 0.170 0.311 0.553 0.955 1.531 2.302 3.281 4.560 6.168 7.836 9.260 10.659 11.797 12.850 13.283 13.932 14.194 14.196 14.213 14.199 13.968 13.727 13.158 12.416 10.930 8.765 6.666 4.974 3.608 2.547 1.728 1.162 0.881 0.820 0.874
0.094 0.098 0.104 0.134 0.199 0.247 0.288 0.323 0.340 0.340 0.329 0.323 0.328 0.341 0.345 0.333 0.294 0.226 0.166 0.127 0.104 0.093 0.085 0.076 0.068 0.064 0.061 0.061 0.069 0.098 0.162 0.226 0.242 0.240 0.245 0.285 0.338 0.337 0.230 0.072 0.032 0.032 0.042 0.082 0.180 0.405 0.921 1.822 3.033 4.499 6.213 8.047 9.758 11.426 12.754 13.948 14.638 15.288 15.522 15.665 15.641 15.543 15.123 14.972 14.448 13.896 12.589 10.610 8.413 6.609 5.138 3.965 3.037 2.381 2.043 1.972 2.042
0.030 0.030 0.030 0.036 0.051 0.061 0.069 0.074 0.075 0.074 0.071 0.070 0.071 0.076 0.079 0.077 0.068 0.053 0.041 0.034 0.030 0.027 0.025 0.023 0.021 0.021 0.020 0.021 0.024 0.031 0.044 0.054 0.058 0.059 0.059 0.062 0.069 0.067 0.044 0.020 0.013 0.012 0.013 0.019 0.039 0.104 0.323 0.992 2.305 4.030 5.918 7.803 9.684 11.443 13.182 14.312 15.091 15.848 16.100 16.082 16.179 16.117 15.929 15.785 15.309 14.960 14.064 12.593 10.408 8.499 6.986 5.726 4.698 3.991 3.618 3.529 3.557
0.011 0.011 0.011 0.013 0.017 0.021 0.023 0.024 0.024 0.023 0.022 0.022 0.022 0.024 0.025 0.024 0.021 0.017 0.014 0.012 0.011 0.010 0.009 0.009 0.008 0.008 0.008 0.009 0.010 0.013 0.016 0.019 0.020 0.020 0.019 0.020 0.020 0.019 0.016 0.010 0.007 0.006 0.006 0.007 0.011 0.020 0.064 0.305 1.189 2.905 5.022 7.066 9.225 11.050 12.815 14.194 15.195 15.950 16.389 16.576 16.662 16.446 16.310 16.116 15.817 15.657 14.957 14.063 12.344 10.691 9.158 7.836 6.783 6.088 5.652 5.438 5.227
0.004 0.005 0.005 0.005 0.006 0.008 0.009 0.009 0.009 0.009 0.008 0.008 0.009 0.009 0.009 0.009 0.007 0.006 0.005 0.005 0.004 0.004 0.004 0.004 0.004 0.004 0.004 0.005 0.005 0.006 0.008 0.009 0.009 0.008 0.009 0.010 0.010 0.010 0.009 0.007 0.005 0.004 0.004 0.004 0.005 0.007 0.013 0.053 0.381 1.493 3.448 5.683 8.048 10.342 12.306 13.901 15.041 15.725 16.207 16.371 16.419 16.435 16.316 16.185 15.889 15.990 15.764 15.475 14.085 12.571 11.145 9.854 8.834 8.128 7.547 7.063 6.530
0.002 0.002 0.002 0.002 0.003 0.003 0.004 0.004 0.004 0.004 0.003 0.004 0.004 0.004 0.004 0.003 0.003 0.003 0.002 0.002 0.002 0.002 0.002 0.002 0.002 0.002 0.002 0.003 0.003 0.004 0.005 0.005 0.005 0.006 0.006 0.007 0.007 0.007 0.007 0.006 0.004 0.003 0.002 0.002 0.003 0.003 0.005 0.011 0.070 0.494 1.713 3.734 6.198 8.742 10.986 12.882 14.254 14.906 15.381 15.663 15.921 16.076 16.102 16.138 16.126 16.301 16.064 15.938 15.114 13.778 12.342 11.124 10.130 9.346 8.694 8.052 7.311
0.001 0.001 0.001 0.001 0.001 0.001 0.001 0.001 0.001 0.001 0.001 0.001 0.001 0.001 0.001 0.001 0.001 0.001 0.001 0.001 0.001 0.001 0.001 0.001 0.001 0.002 0.002 0.002 0.003 0.003 0.004 0.004 0.005 0.005 0.005 0.006 0.006 0.006 0.005 0.005 0.004 0.003 0.002 0.002 0.002 0.002 0.003 0.004 0.010 0.082 0.510 1.728 3.892 6.564 9.089 11.132 12.650 13.581 14.070 14.487 14.957 15.345 15.721 15.708 15.743 16.133 16.066 15.789 15.342 14.286 12.781 11.614 10.641 9.781 9.060 8.347 7.561
0.000 0.000 0.000 0.000 0.000 0.000 0.000 0.000 0.000 0.000 0.000 0.000 0.000 0.000 0.000 0.000 0.000 0.000 0.000 0.000 0.000 0.001 0.001 0.001 0.001 0.001 0.002 0.002 0.003 0.003 0.004 0.004 0.005 0.005 0.005 0.005 0.005 0.005 0.005 0.004 0.003 0.003 0.002 0.001 0.001 0.001 0.002 0.002 0.004 0.011 0.072 0.484 1.750 3.895 6.333 8.501 10.245 11.582 12.464 13.203 13.664 14.126 14.609 14.862 15.322 15.934 15.857 15.683 15.144 14.208 12.845 11.653 10.684 9.848 9.041 8.238 7.420
0.000 0.000 0.000 0.000 0.000 0.000 0.000 0.000 0.000 0.000 0.000 0.000 0.000 0.000 0.000 0.000 0.000 0.000 0.000 0.000 0.000 0.000 0.000 0.001 0.001 0.001 0.001 0.002 0.002 0.003 0.004 0.004 0.005 0.005 0.005 0.005 0.005 0.005 0.004 0.004 0.003 0.003 0.002 0.001 0.001 0.001 0.001 0.001 0.002 0.004 0.011 0.071 0.508 1.709 3.533 5.517 7.387 9.084 10.451 11.609 12.333 12.913 13.324 13.663 14.267 14.922 15.049 15.000 14.573 13.844 12.687 11.549 10.567 9.652 8.788 7.954 7.052
0.000 0.000 0.000 0.000 0.000 0.000 0.000 0.000 0.000 0.000 0.000 0.000 0.000 0.000 0.000 0.000 0.000 0.000 0.000 0.000 0.000 0.000 0.000 0.000 0.001 0.001 0.001 0.002 0.002 0.003 0.004 0.004 0.005 0.005 0.005 0.005 0.005 0.005 0.005 0.004 0.003 0.003 0.002 0.001 0.001 0.001 0.001 0.001 0.001 0.002 0.004 0.010 0.080 0.506 1.570 3.108 4.766 6.425 8.096 9.636 10.731 11.472 11.937 12.467 13.151 13.618 13.893 13.904 13.697 13.101 12.176 11.123 10.134 9.210 8.315 7.435 6.475
0.000 0.000 0.000 0.000 0.000 0.000 0.000 0.000 0.000 0.000 0.000 0.000 0.000 0.000 0.000 0.000 0.000 0.000 0.000 0.000 0.000 0.000 0.000 0.000 0.000 0.001 0.001 0.001 0.002 0.003 0.004 0.005 0.005 0.006 0.007 0.007 0.007 0.007 0.007 0.006 0.004 0.003 0.002 0.001 0.001 0.001 0.001 0.001 0.001 0.001 0.002 0.004 0.010 0.082 0.473 1.395 2.692 4.149 5.725 7.316 8.731 9.898 10.634 11.361 11.908 12.226 12.515 12.561 12.517 12.057 11.324 10.365 9.403 8.489 7.582 6.661 5.654
0.000 0.000 0.000 0.000 0.000 0.000 0.000 0.000 0.000 0.000 0.000 0.000 0.000 0.000 0.000 0.000 0.000 0.000 0.000 0.000 0.000 0.000 0.000 0.000 0.000 0.000 0.001 0.001 0.002 0.002 0.003 0.004 0.005 0.006 0.007 0.008 0.008 0.008 0.008 0.008 0.006 0.004 0.003 0.002 0.001 0.001 0.000 0.000 0.000 0.001 0.001 0.002 0.004 0.011 0.078 0.419 1.209 2.342 3.653 5.107 6.622 7.999 9.067 9.981 10.552 10.895 10.937 10.909 10.876 10.552 10.014 9.240 8.411 7.564 6.671 5.672 4.641
0.000 0.000 0.000 0.000 0.000 0.000 0.000 0.000 0.000 0.000 0.000 0.000 0.000 0.000 0.000 0.000 0.000 0.000 0.000 0.000 0.000 0.000 0.000 0.000 0.000 0.000 0.000 0.001 0.001 0.002 0.003 0.004 0.005 0.006 0.007 0.008 0.008 0.008 0.008 0.008 0.006 0.005 0.003 0.002 0.001 0.000 0.000 0.000 0.000 0.000 0.001 0.001 0.002 0.004 0.011 0.069 0.359 1.032 2.001 3.183 4.587 6.066 7.420 8.561 9.249 9.446 9.424 9.335 9.066 8.686 8.280 7.818 7.251 6.559 5.721 4.734 3.759
0.000 0.000 0.000 0.000 0.000 0.000 0.000 0.000 0.000 0.000 0.000 0.000 0.000 0.000 0.000 0.000 0.000 0.000 0.000 0.000 0.000 0.000 0.000 0.000 0.000 0.000 0.000 0.000 0.001 0.001 0.002 0.004 0.005 0.006 0.007 0.007 0.008 0.008 0.008 0.007 0.006 0.004 0.003 0.002 0.001 0.000 0.000 0.000 0.000 0.000 0.000 0.001 0.001 0.002 0.004 0.011 0.059 0.287 0.816 1.664 2.818 4.219 5.676 6.949 7.764 8.031 8.044 7.893 7.544 7.096 6.714 6.485 6.132 5.607 4.887 4.017 3.127
0.000 0.000 0.000 0.000 0.000 0.000 0.000 0.000 0.000 0.000 0.000 0.000 0.000 0.000 0.000 0.000 0.000 0.000 0.000 0.000 0.000 0.000 0.000 0.000 0.000 0.000 0.000 0.000 0.000 0.001 0.002 0.003 0.004 0.005 0.005 0.006 0.006 0.006 0.005 0.005 0.005 0.004 0.003 0.002 0.001 0.000 0.000 0.000 0.000 0.000 0.000 0.000 0.001 0.001 0.002 0.004 0.011 0.043 0.198 0.633 1.434 2.552 3.874 5.141 6.044 6.501 6.583 6.477 6.241 5.916 5.607 5.387 5.117 4.729 4.187 3.524 2.755
0.000 0.000 0.000 0.000 0.000 0.000 0.000 0.000 0.000 0.000 0.000 0.000 0.000 0.000 0.000 0.000 0.000 0.000 0.000 0.000 0.000 0.000 0.000 0.000 0.000 0.000 0.000 0.000 0.000 0.000 0.001 0.001 0.002 0.003 0.003 0.003 0.003 0.003 0.003 0.003 0.003 0.003 0.002 0.001 0.001 0.000 0.000 0.000 0.000 0.000 0.000 0.000 0.000 0.001 0.001 0.002 0.004 0.009 0.026 0.141 0.519 1.247 2.310 3.503 4.380 4.902 5.116 5.150 5.082 4.947 4.754 4.525 4.251 3.910 3.538 3.103 2.526
0.000 0.000 0.000 0.000 0.000 0.000 0.000 0.000 0.000 0.000 0.000 0.000 0.000 0.000 0.000 0.000 0.000 0.000 0.000 0.000 0.000 0.000 0.000 0.000 0.000 0.000 0.000 0.000 0.000 0.000 0.000 0.001 0.001 0.001 0.002 0.002 0.002 0.002 0.001 0.001 0.001 0.001 0.001 0.001 0.000 0.000 0.000 0.000 0.000 0.000 0.000 0.000 0.000 0.000 0.000 0.001 0.002 0.003 0.007 0.020 0.112 0.425 1.098 2.116 2.953 3.462 3.784 3.980 4.068 4.065 3.995 3.804 3.536 3.222 2.911 2.622 2.260
0.000 0.000 0.000 0.000 0.000 0.000 0.000 0.000 0.000 0.000 0.000 0.000 0.000 0.000 0.000 0.000 0.000 0.000 0.000 0.000 0.000 0.000 0.000 0.000 0.000 0.000 0.000 0.000 0.000 0.000 0.000 0.000 0.000 0.000 0.001 0.001 0.001 0.000 0.000 0.000 0.000 0.000 0.000 0.000 0.000 0.000 0.000 0.000 0.000 0.000 0.000 0.000 0.000 0.000 0.000 0.000 0.001 0.001 0.003 0.006 0.017 0.088 0.359 1.000 1.773 2.275 2.647 2.958 3.171 3.254 3.265 3.143 2.922 2.648 2.371 2.118 1.874
0.000 0.000 0.000 0.000 0.000 0.000 0.000 0.000 0.000 0.000 0.000 0.000 0.000 0.000 0.000 0.000 0.000 0.000 0.000 0.000 0.000 0.000 0.000 0.000 0.000 0.000 0.000 0.000 0.000 0.000 0.000 0.000 0.000 0.000 0.000 0.000 0.000 0.000 0.000 0.000 0.000 0.000 0.000 0.000 0.000 0.000 0.000 0.000 0.000 0.000 0.000 0.000 0.000 0.000 0.000 0.000 0.000 0.000 0.001 0.002 0.006 0.016 0.077 0.338 0.859 1.338 1.737 2.106 2.394 2.568 2.619 2.546 2.377 2.160 1.922 1.694 1.468
0.000 0.000 0.000 0.000 0.000 0.000 0.000 0.000 0.000 0.000 0.000 0.000 0.000 0.000 0.000 0.000 0.000 0.000 0.000 0.000 0.000 0.000 0.000 0.000 0.000 0.000 0.000 0.000 0.000 0.000 0.000 0.000 0.000 0.000 0.000 0.000 0.000 0.000 0.000 0.000 0.000 0.000 0.000 0.000 0.000 0.000 0.000 0.000 0.000 0.000 0.000 0.000 0.000 0.000 0.000 0.000 0.000 0.000 0.000 0.001 0.002 0.005 0.017 0.089 0.318 0.665 1.037 1.421 1.754 1.979 2.062 2.022 1.904 1.742 1.553 1.352 1.148
0.000 0.000 0.000 0.000 0.000 0.000 0.000 0.000 0.000 0.000 0.000 0.000 0.000 0.000 0.000 0.000 0.000 0.000 0.000 0.000 0.000 0.000 0.000 0.000 0.000 0.000 0.000 0.000 0.000 0.000 0.000 0.000 0.000 0.000 0.000 0.000 0.000 0.000 0.000 0.000 0.000 0.000 0.000 0.000 0.000 0.000 0.000 0.000 0.000 0.000 0.000 0.000 0.000 0.000 0.000 0.000 0.000 0.000 0.000 0.000 0.001 0.002 0.006 0.024 0.101 0.274 0.536 0.880 1.235 1.481 1.586 1.580 1.514 1.397 1.245 1.072 0.888
0.000 0.000 0.000 0.000 0.000 0.000 0.000 0.000 0.000 0.000 0.000 0.000 0.000 0.000 0.000 0.000 0.000 0.000 0.000 0.000 0.000 0.000 0.000 0.000 0.000 0.000 0.000 0.000 0.000 0.000 0.000 0.000 0.000 0.000 0.000 0.000 0.000 0.000 0.000 0.000 0.000 0.000 0.000 0.000 0.000 0.000 0.000 0.000 0.000 0.000 0.000 0.000 0.000 0.000 0.000 0.000 0.000 0.000 0.000 0.000 0.000 0.001 0.003 0.008 0.030 0.096 0.234 0.483 0.824 1.074 1.189 1.213 1.181 1.101 0.986 0.836 0.673
0.000 0.000 0.000 0.000 0.000 0.000 0.000 0.000 0.000 0.000 0.000 0.000 0.000 0.000 0.000 0.000 0.000 0.000 0.000 0.000 0.000 0.000 0.000 0.000 0.000 0.000 0.000 0.000 0.000 0.000 0.000 0.000 0.000 0.000 0.000 0.000 0.000 0.000 0.000 0.000 0.000 0.000 0.000 0.000 0.000 0.000 0.000 0.000 0.000 0.000 0.000 0.000 0.000 0.000 0.000 0.000 0.000 0.000 0.000 0.000 0.000 0.001 0.001 0.003 0.010 0.031 0.090 0.241 0.522 0.756 0.871 0.909 0.900 0.849 0.763 0.638 0.501
0.000 0.000 0.000 0.000 0.000 0.000 0.000 0.000 0.000 0.000 0.000 0.000 0.000 0.000 0.000 0.000 0.000 0.000 0.000 0.000 0.000 0.000 0.000 0.000 0.000 0.000 0.000 0.000 0.000 0.000 0.000 0.000 0.000 0.000 0.000 0.000 0.000 0.000 0.000 0.000 0.000 0.000 0.000 0.000 0.000 0.000 0.000 0.000 0.000 0.000 0.000 0.000 0.000 0.000 0.000 0.000 0.000 0.000 0.000 0.000 0.000 0.000 0.001 0.002 0.004 0.011 0.034 0.115 0.314 0.517 0.623 0.667 0.671 0.641 0.575 0.481 0.372
0.000 0.000 0.000 0.000 0.000 0.000 0.000 0.000 0.000 0.000 0.000 0.000 0.000 0.000 0.000 0.000 0.000 0.000 0.000 0.000 0.000 0.000 0.000 0.000 0.000 0.000 0.000 0.000 0.000 0.000 0.000 0.000 0.000 0.000 0.000 0.000 0.000 0.000 0.000 0.000 0.000 0.000 0.000 0.000 0.000 0.000 0.000 0.000 0.000 0.000 0.000 0.000 0.000 0.000 0.000 0.000 0.000 0.000 0.000 0.000 0.000 0.000 0.000 0.001 0.002 0.005 0.014 0.052 0.174 0.338 0.436 0.482 0.490 0.472 0.427 0.360 0.277
0.000 0.000 0.000 0.000 0.000 0.000 0.000 0.000 0.000 0.000 0.000 0.000 0.000 0.000 0.000 0.000 0.000 0.000 0.000 0.000 0.000 0.000 0.000 0.000 0.000 0.000 0.000 0.000 0.000 0.000 0.000 0.000 0.000 0.000 0.000 0.000 0.000 0.000 0.000 0.000 0.000 0.000 0.000 0.000 0.000 0.000 0.000 0.000 0.000 0.000 0.000 0.000 0.000 0.000 0.000 0.000 0.000 0.000 0.000 0.000 0.000 0.000 0.000 0.000 0.001 0.003 0.007 0.024 0.090 0.213 0.302 0.343 0.350 0.339 0.311 0.267 0.207
0.000 0.000 0.000 0.000 0.000 0.000 0.000 0.000 0.000 0.000 0.000 0.000 0.000 0.000 0.000 0.000 0.000 0.000 0.000 0.000 0.000 0.000 0.000 0.000 0.000 0.000 0.000 0.000 0.000 0.000 0.000 0.000 0.000 0.000 0.000 0.000 0.000 0.000 0.000 0.000 0.000 0.000 0.000 0.000 0.000 0.000 0.000 0.000 0.000 0.000 0.000 0.000 0.000 0.000 0.000 0.000 0.000 0.000 0.000 0.000 0.000 0.000 0.000 0.000 0.001 0.001 0.004 0.012 0.046 0.129 0.207 0.240 0.244 0.238 0.222 0.194 0.153
0.000 0.000 0.000 0.000 0.000 0.000 0.000 0.000 0.000 0.000 0.000 0.000 0.000 0.000 0.000 0.000 0.000 0.000 0.000 0.000 0.000 0.000 0.000 0.000 0.000 0.000 0.000 0.000 0.000 0.000 0.000 0.000 0.000 0.000 0.000 0.000 0.000 0.000 0.000 0.000 0.000 0.000 0.000 0.000 0.000 0.000 0.000 0.000 0.000 0.000 0.000 0.000 0.000 0.000 0.000 0.000 0.000 0.000 0.000 0.000 0.000 0.000 0.000 0.000 0.000 0.001 0.002 0.007 0.023 0.073 0.138 0.165 0.169 0.167 0.158 0.141 0.114
0.000 0.000 0.000 0.000 0.000 0.000 0.000 0.000 0.000 0.000 0.000 0.000 0.000 0.000 0.000 0.000 0.000 0.000 0.000 0.000 0.000 0.000 0.000 0.000 0.000 0.000 0.000 0.000 0.000 0.000 0.000 0.000 0.000 0.000 0.000 0.000 0.000 0.000 0.000 0.000 0.000 0.000 0.000 0.000 0.000 0.000 0.000 0.000 0.000 0.000 0.000 0.000 0.000 0.000 0.000 0.000 0.000 0.000 0.000 0.000 0.000 0.000 0.000 0.000 0.000 0.000 0.001 0.004 0.011 0.035 0.082 0.111 0.118 0.117 0.114 0.104 0.087
0.000 0.000 0.000 0.000 0.000 0.000 0.000 0.000 0.000 0.000 0.000 0.000 0.000 0.000 0.000 0.000 0.000 0.000 0.000 0.000 0.000 0.000 0.000 0.000 0.000 0.000 0.000 0.000 0.000 0.000 0.000 0.000 0.000 0.000 0.000 0.000 0.000 0.000 0.000 0.000 0.000 0.000 0.000 0.000 0.000 0.000 0.000 0.000 0.000 0.000 0.000 0.000 0.000 0.000 0.000 0.000 0.000 0.000 0.000 0.000 0.000 0.000 0.000 0.000 0.000 0.000 0.001 0.002 0.005 0.015 0.040 0.069 0.081 0.083 0.083 0.079 0.070
0.000 0.000 0.000 0.000 0.000 0.000 0.000 0.000 0.000 0.000 0.000 0.000 0.000 0.000 0.000 0.000 0.000 0.000 0.000 0.000 0.000 0.000 0.000 0.000 0.000 0.000 0.000 0.000 0.000 0.000 0.000 0.000 0.000 0.000 0.000 0.000 0.000 0.000 0.000 0.000 0.000 0.000 0.000 0.000 0.000 0.000 0.000 0.000 0.000 0.000 0.000 0.000 0.000 0.000 0.000 0.000 0.000 0.000 0.000 0.000 0.000 0.000 0.000 0.000 0.000 0.000 0.000 0.001 0.003 0.007 0.017 0.038 0.054 0.059 0.060 0.059 0.056
0.000 0.000 0.000 0.000 0.000 0.000 0.000 0.000 0.000 0.000 0.000 0.000 0.000 0.000 0.000 0.000 0.000 0.000 0.000 0.000 0.000 0.000 0.000 0.000 0.000 0.000 0.000 0.000 0.000 0.000 0.000 0.000 0.000 0.000 0.000 0.000 0.000 0.000 0.000 0.000 0.000 0.000 0.000 0.000 0.000 0.000 0.000 0.000 0.000 0.000 0.000 0.000 0.000 0.000 0.000 0.000 0.000 0.000 0.000 0.000 0.000 0.000 0.000 0.000 0.000 0.000 0.000 0.001 0.001 0.003 0.008 0.019 0.033 0.041 0.043 0.043 0.042
0.000 0.000 0.000 0.000 0.000 0.000 0.000 0.000 0.000 0.000 0.000 0.000 0.000 0.000 0.000 0.000 0.000 0.000 0.000 0.000 0.000 0.000 0.000 0.000 0.000 0.000 0.000 0.000 0.000 0.000 0.000 0.000 0.000 0.000 0.000 0.000 0.000 0.000 0.000 0.000 0.000 0.000 0.000 0.000 0.000 0.000 0.000 0.000 0.000 0.000 0.000 0.000 0.000 0.000 0.000 0.000 0.000 0.000 0.000 0.000 0.000 0.000 0.000 0.000 0.000 0.000 0.000 0.000 0.001 0.002 0.004 0.009 0.019 0.026 0.029 0.030 0.030
