AvaFrame/avaframe/data/avaSalk/Avaflow_Input_Output/slk_results/slk_ascii/slk_basechange10014.asc
ncols 296
nrows 144
xllcenter 761600.00
yllcenter 8523000.00
cellsize 12.50
NODATA_value -9999.000
[rows 66 to 98 of 144, columns 148 to 221 of 296]
0.000 0.000 0.000 0.000 0.000 0.000 0.000 0.000 0.000 0.000 0.000 0.000 0.000 0.000 0.000 0.000 0.000 0.000 0.000 0.000 0.000 0.000 0.000 0.000 0.000 -0.000 -0.000 -0.000 -0.000 -0.000 -0.000 -0.000 -0.000 -0.000 -0.000 -0.000 -0.000 -0.000 -0.000 -0.001 -0.001 -0.001 -0.002 -0.002 -0.003 -0.005 -0.009 -0.016 -0.028 -0.052 -0.089 -0.144 -0.225 -0.329 -0.438 -0.535 -0.613 -0.669 -0.711 -0.746 -0.781 -0.813 -0.858 -0.921 -1.008 -1.120 -1.279 -1.485 -1.685 -1.879 -2.060 -2.205 -2.298 -2.351
0.000 0.000 0.000 0.000 0.000 0.000 0.000 0.000 0.000 0.000 0.000 0.000 0.000 0.000 0.000 0.000 0.000 0.000 0.000 0.000 0.000 0.000 0.000 0.000 -0.000 -0.000 -0.000 -0.000 -0.000 -0.000 -0.000 -0.000 -0.000 -0.000 -0.000 -0.000 -0.000 -0.000 -0.001 -0.001 -0.001 -0.002 -0.003 -0.004 -0.007 -0.012 -0.022 -0.040 -0.072 -0.121 -0.186 -0.268 -0.363 -0.461 -0.547 -0.619 -0.678 -0.716 -0.739 -0.765 -0.801 -0.843 -0.903 -0.987 -1.101 -1.254 -1.451 -1.675 -1.897 -2.074 -2.208 -2.297 -2.347 -2.369
0.000 0.000 0.000 0.000 0.000 0.000 0.000 0.000 0.000 0.000 0.000 0.000 0.000 0.000 0.000 0.000 0.000 0.000 0.000 0.000 0.000 0.000 0.000 -0.000 -0.000 -0.000 -0.000 -0.000 -0.000 -0.000 -0.000 -0.000 -0.000 -0.000 -0.000 -0.000 -0.001 -0.001 -0.001 -0.002 -0.002 -0.003 -0.005 -0.009 -0.016 -0.028 -0.052 -0.090 -0.145 -0.216 -0.298 -0.390 -0.477 -0.553 -0.614 -0.659 -0.696 -0.726 -0.751 -0.785 -0.832 -0.895 -0.975 -1.093 -1.235 -1.424 -1.644 -1.850 -2.040 -2.207 -2.312 -2.353 -2.355 -2.353
0.000 0.000 0.000 0.000 0.000 0.000 0.000 0.000 0.000 0.000 0.000 0.000 0.000 0.000 0.000 0.000 0.000 0.000 0.000 0.000 0.000 0.000 -0.000 -0.000 -0.000 -0.000 -0.000 -0.000 -0.000 -0.000 -0.000 -0.000 -0.000 -0.000 -0.000 -0.001 -0.001 -0.001 -0.002 -0.003 -0.004 -0.006 -0.011 -0.019 -0.034 -0.061 -0.101 -0.159 -0.231 -0.311 -0.395 -0.476 -0.546 -0.599 -0.641 -0.673 -0.701 -0.729 -0.770 -0.820 -0.887 -0.971 -1.078 -1.228 -1.414 -1.616 -1.826 -2.017 -2.177 -2.290 -2.353 -2.375 -2.357 -2.304
0.000 0.000 0.000 0.000 0.000 0.000 0.000 0.000 0.000 0.000 0.000 0.000 0.000 0.000 0.000 0.000 0.000 0.000 0.000 0.000 -0.000 -0.000 -0.000 -0.000 -0.000 -0.000 -0.000 -0.000 -0.000 -0.000 -0.000 -0.000 -0.000 -0.000 -0.001 -0.001 -0.001 -0.002 -0.003 -0.005 -0.007 -0.012 -0.022 -0.040 -0.070 -0.112 -0.169 -0.240 -0.320 -0.399 -0.471 -0.532 -0.581 -0.617 -0.648 -0.680 -0.718 -0.764 -0.820 -0.887 -0.966 -1.072 -1.206 -1.382 -1.601 -1.820 -2.023 -2.181 -2.304 -2.369 -2.365 -2.355 -2.327 -2.236
0.000 0.000 0.000 0.000 0.000 0.000 0.000 0.000 0.000 0.000 0.000 0.000 0.000 -0.000 -0.000 0.000 0.000 0.000 -0.000 -0.000 -0.000 -0.000 -0.000 -0.000 -0.000 -0.000 -0.000 -0.000 -0.000 -0.000 -0.000 -0.000 -0.001 -0.001 -0.001 -0.001 -0.002 -0.003 -0.005 -0.008 -0.014 -0.025 -0.045 -0.077 -0.121 -0.180 -0.252 -0.330 -0.405 -0.471 -0.527 -0.571 -0.611 -0.645 -0.681 -0.718 -0.761 -0.815 -0.893 -0.979 -1.076 -1.195 -1.353 -1.557 -1.785 -2.030 -2.242 -2.357 -2.402 -2.415 -2.364 -2.299 -2.238 -2.120
0.000 0.000 0.000 0.000 0.000 0.000 0.000 0.000 0.000 -0.000 -0.000 -0.000 -0.000 -0.000 -0.000 -0.000 -0.000 -0.000 -0.000 -0.000 -0.000 -0.000 -0.000 -0.000 -0.000 -0.000 -0.000 -0.000 -0.000 -0.000 -0.001 -0.001 -0.001 -0.001 -0.002 -0.002 -0.004 -0.006 -0.009 -0.016 -0.028 -0.050 -0.083 -0.130 -0.189 -0.258 -0.335 -0.410 -0.477 -0.527 -0.569 -0.610 -0.647 -0.683 -0.724 -0.771 -0.821 -0.884 -0.988 -1.098 -1.206 -1.340 -1.524 -1.765 -2.017 -2.238 -2.423 -2.477 -2.436 -2.381 -2.307 -2.190 -2.074 -1.906
-0.000 0.000 0.000 0.000 -0.000 -0.000 0.000 0.000 -0.000 -0.000 -0.000 -0.000 -0.000 -0.000 -0.000 -0.000 -0.000 -0.000 -0.000 -0.000 -0.000 -0.000 -0.000 -0.000 -0.000 -0.000 -0.000 -0.000 -0.000 -0.001 -0.001 -0.001 -0.001 -0.002 -0.003 -0.004 -0.007 -0.010 -0.018 -0.031 -0.054 -0.090 -0.138 -0.199 -0.268 -0.340 -0.409 -0.472 -0.529 -0.577 -0.615 -0.655 -0.694 -0.734 -0.781 -0.838 -0.903 -0.986 -1.108 -1.234 -1.364 -1.529 -1.771 -2.063 -2.319 -2.475 -2.549 -2.517 -2.388 -2.277 -2.162 -2.025 -1.853 -1.630
-0.000 -0.000 -0.000 -0.000 -0.000 -0.000 -0.000 -0.000 -0.000 -0.000 -0.000 -0.000 -0.000 -0.000 -0.000 -0.000 -0.000 -0.000 -0.000 -0.000 -0.000 -0.000 -0.000 -0.000 -0.000 -0.000 -0.000 -0.001 -0.001 -0.001 -0.001 -0.002 -0.002 -0.003 -0.005 -0.007 -0.012 -0.019 -0.034 -0.058 -0.096 -0.147 -0.207 -0.276 -0.346 -0.415 -0.476 -0.528 -0.576 -0.624 -0.668 -0.711 -0.756 -0.801 -0.859 -0.927 -1.005 -1.108 -1.244 -1.400 -1.575 -1.821 -2.163 -2.454 -2.601 -2.597 -2.534 -2.434 -2.292 -2.150 -1.993 -1.811 -1.597 -1.362
-0.000 -0.000 -0.000 -0.000 -0.000 -0.000 -0.000 -0.000 -0.000 -0.000 -0.000 -0.000 -0.000 -0.000 -0.000 -0.000 -0.000 -0.000 -0.000 -0.000 -0.000 -0.000 -0.001 -0.001 -0.001 -0.001 -0.001 -0.001 -0.001 -0.002 -0.002 -0.003 -0.004 -0.005 -0.008 -0.013 -0.021 -0.037 -0.063 -0.101 -0.153 -0.216 -0.282 -0.351 -0.419 -0.480 -0.536 -0.585 -0.634 -0.683 -0.730 -0.777 -0.830 -0.886 -0.951 -1.026 -1.123 -1.254 -1.417 -1.639 -1.931 -2.281 -2.579 -2.704 -2.666 -2.517 -2.355 -2.211 -2.116 -1.977 -1.773 -1.568 -1.335 -1.133
-0.000 -0.000 -0.000 -0.000 -0.000 -0.000 -0.000 -0.000 -0.000 -0.000 -0.000 -0.000 -0.001 -0.001 -0.001 -0.000 -0.000 -0.000 -0.000 -0.000 -0.001 -0.001 -0.002 -0.002 -0.002 -0.003 -0.003 -0.003 -0.003 -0.003 -0.004 -0.005 -0.007 -0.009 -0.014 -0.023 -0.040 -0.067 -0.107 -0.159 -0.221 -0.289 -0.358 -0.423 -0.486 -0.545 -0.597 -0.652 -0.707 -0.759 -0.811 -0.860 -0.916 -0.975 -1.045 -1.137 -1.271 -1.450 -1.690 -2.003 -2.371 -2.682 -2.755 -2.635 -2.445 -2.232 -2.070 -1.967 -1.879 -1.747 -1.510 -1.295 -1.107 -0.958
-0.000 -0.000 -0.000 -0.000 -0.000 -0.000 -0.000 -0.000 -0.000 -0.000 -0.001 -0.002 -0.003 -0.003 -0.003 -0.002 -0.001 -0.001 -0.001 -0.002 -0.003 -0.003 -0.002 -0.002 -0.003 -0.004 -0.005 -0.007 -0.007 -0.006 -0.007 -0.009 -0.012 -0.017 -0.026 -0.043 -0.071 -0.112 -0.165 -0.227 -0.296 -0.365 -0.432 -0.495 -0.556 -0.618 -0.678 -0.738 -0.793 -0.842 -0.890 -0.948 -1.009 -1.073 -1.152 -1.282 -1.471 -1.733 -2.063 -2.379 -2.598 -2.710 -2.596 -2.332 -2.091 -1.911 -1.812 -1.765 -1.686 -1.502 -1.262 -1.067 -0.930 -0.845
-0.001 -0.001 -0.001 -0.001 -0.001 -0.001 -0.001 -0.001 -0.001 -0.001 -0.003 -0.005 -0.006 -0.007 -0.007 -0.006 -0.005 -0.005 -0.005 -0.005 -0.005 -0.004 -0.002 -0.003 -0.004 -0.005 -0.007 -0.011 -0.013 -0.013 -0.013 -0.016 -0.021 -0.031 -0.049 -0.077 -0.118 -0.172 -0.237 -0.306 -0.375 -0.442 -0.506 -0.569 -0.634 -0.705 -0.772 -0.835 -0.883 -0.919 -0.963 -1.028 -1.098 -1.182 -1.300 -1.485 -1.748 -2.064 -2.368 -2.547 -2.581 -2.505 -2.302 -2.029 -1.841 -1.735 -1.656 -1.594 -1.468 -1.258 -1.052 -0.908 -0.823 -0.777
-0.004 -0.003 -0.003 -0.002 -0.003 -0.003 -0.003 -0.003 -0.004 -0.007 -0.011 -0.011 -0.007 -0.008 -0.009 -0.011 -0.011 -0.010 -0.009 -0.006 -0.005 -0.004 -0.004 -0.004 -0.006 -0.008 -0.012 -0.017 -0.022 -0.023 -0.023 -0.027 -0.037 -0.054 -0.083 -0.126 -0.183 -0.249 -0.321 -0.392 -0.458 -0.521 -0.588 -0.657 -0.731 -0.808 -0.870 -0.913 -0.951 -0.985 -1.029 -1.102 -1.204 -1.316 -1.496 -1.765 -2.067 -2.346 -2.500 -2.518 -2.420 -2.228 -1.998 -1.814 -1.690 -1.598 -1.508 -1.403 -1.252 -1.051 -0.886 -0.789 -0.739 -0.720
-0.026 -0.022 -0.019 -0.018 -0.018 -0.018 -0.018 -0.019 -0.023 -0.029 -0.030 -0.022 -0.012 -0.009 -0.010 -0.011 -0.010 -0.009 -0.007 -0.005 -0.004 -0.005 -0.007 -0.007 -0.009 -0.014 -0.023 -0.029 -0.034 -0.034 -0.033 -0.040 -0.058 -0.088 -0.131 -0.188 -0.258 -0.335 -0.413 -0.485 -0.549 -0.616 -0.693 -0.771 -0.846 -0.909 -0.953 -0.977 -1.003 -1.042 -1.100 -1.189 -1.328 -1.518 -1.763 -2.065 -2.321 -2.464 -2.486 -2.374 -2.171 -1.961 -1.798 -1.673 -1.577 -1.478 -1.361 -1.226 -1.065 -0.901 -0.778 -0.706 -0.669 -0.663
-0.063 -0.064 -0.062 -0.060 -0.060 -0.059 -0.055 -0.050 -0.048 -0.047 -0.042 -0.032 -0.021 -0.015 -0.011 -0.007 -0.006 -0.006 -0.007 -0.006 -0.005 -0.008 -0.011 -0.011 -0.014 -0.022 -0.034 -0.044 -0.048 -0.047 -0.048 -0.062 -0.091 -0.134 -0.193 -0.263 -0.340 -0.421 -0.505 -0.591 -0.665 -0.738 -0.821 -0.889 -0.940 -0.979 -1.003 -1.023 -1.057 -1.108 -1.191 -1.322 -1.512 -1.768 -2.050 -2.284 -2.420 -2.438 -2.336 -2.150 -1.941 -1.773 -1.657 -1.560 -1.462 -1.350 -1.216 -1.072 -0.923 -0.790 -0.697 -0.637 -0.605 -0.606
-0.054 -0.059 -0.068 -0.073 -0.071 -0.067 -0.062 -0.052 -0.041 -0.032 -0.026 -0.026 -0.026 -0.022 -0.017 -0.011 -0.011 -0.013 -0.015 -0.014 -0.010 -0.011 -0.017 -0.021 -0.024 -0.031 -0.042 -0.057 -0.062 -0.062 -0.073 -0.099 -0.141 -0.199 -0.272 -0.350 -0.434 -0.520 -0.607 -0.708 -0.809 -0.881 -0.938 -0.980 -1.002 -1.018 -1.036 -1.070 -1.117 -1.201 -1.319 -1.503 -1.753 -2.010 -2.226 -2.363 -2.384 -2.310 -2.145 -1.949 -1.780 -1.646 -1.543 -1.445 -1.341 -1.212 -1.076 -0.937 -0.810 -0.702 -0.620 -0.566 -0.538 -0.551
-0.023 -0.017 -0.021 -0.036 -0.041 -0.036 -0.029 -0.023 -0.016 -0.010 -0.011 -0.017 -0.023 -0.026 -0.027 -0.026 -0.025 -0.023 -0.024 -0.025 -0.023 -0.024 -0.030 -0.038 -0.039 -0.042 -0.053 -0.071 -0.081 -0.087 -0.108 -0.152 -0.211 -0.282 -0.367 -0.455 -0.548 -0.644 -0.738 -0.839 -0.950 -1.023 -1.046 -1.055 -1.059 -1.062 -1.080 -1.130 -1.211 -1.327 -1.518 -1.752 -1.992 -2.188 -2.303 -2.313 -2.258 -2.123 -1.957 -1.791 -1.651 -1.540 -1.436 -1.326 -1.208 -1.078 -0.944 -0.819 -0.705 -0.614 -0.543 -0.493 -0.472 -0.497
-0.033 -0.018 -0.012 -0.011 -0.013 -0.014 -0.012 -0.009 -0.008 -0.007 -0.008 -0.011 -0.014 -0.026 -0.040 -0.039 -0.037 -0.034 -0.034 -0.035 -0.038 -0.042 -0.052 -0.061 -0.059 -0.060 -0.072 -0.093 -0.110 -0.127 -0.164 -0.223 -0.298 -0.382 -0.479 -0.585 -0.692 -0.794 -0.886 -0.969 -1.049 -1.103 -1.119 -1.118 -1.121 -1.136 -1.164 -1.230 -1.363 -1.520 -1.751 -1.995 -2.198 -2.261 -2.255 -2.188 -2.082 -1.949 -1.804 -1.660 -1.527 -1.418 -1.317 -1.206 -1.078 -0.949 -0.824 -0.708 -0.607 -0.524 -0.464 -0.425 -0.415 -0.454
-0.089 -0.077 -0.049 -0.033 -0.033 -0.034 -0.032 -0.029 -0.027 -0.027 -0.025 -0.023 -0.021 -0.020 -0.027 -0.033 -0.035 -0.037 -0.040 -0.046 -0.052 -0.058 -0.073 -0.090 -0.090 -0.090 -0.104 -0.127 -0.150 -0.188 -0.246 -0.319 -0.408 -0.513 -0.621 -0.744 -0.864 -0.965 -1.028 -1.072 -1.116 -1.144 -1.156 -1.174 -1.199 -1.246 -1.304 -1.402 -1.571 -1.790 -1.985 -2.134 -2.231 -2.247 -2.136 -2.023 -1.925 -1.809 -1.681 -1.539 -1.402 -1.284 -1.181 -1.073 -0.952 -0.826 -0.712 -0.606 -0.514 -0.444 -0.396 -0.372 -0.378 -0.430
-0.123 -0.145 -0.150 -0.105 -0.072 -0.072 -0.072 -0.071 -0.068 -0.066 -0.065 -0.063 -0.061 -0.058 -0.053 -0.047 -0.046 -0.054 -0.064 -0.073 -0.081 -0.083 -0.103 -0.126 -0.133 -0.134 -0.144 -0.171 -0.208 -0.266 -0.349 -0.443 -0.548 -0.674 -0.803 -0.920 -1.021 -1.098 -1.130 -1.149 -1.167 -1.176 -1.192 -1.240 -1.301 -1.393 -1.505 -1.619 -1.795 -1.997 -2.123 -2.194 -2.147 -2.095 -1.999 -1.867 -1.789 -1.697 -1.562 -1.404 -1.255 -1.135 -1.036 -0.938 -0.822 -0.703 -0.596 -0.503 -0.428 -0.377 -0.348 -0.339 -0.362 -0.427
-0.172 -0.175 -0.197 -0.243 -0.177 -0.129 -0.131 -0.130 -0.129 -0.129 -0.131 -0.129 -0.126 -0.123 -0.119 -0.114 -0.112 -0.114 -0.118 -0.129 -0.129 -0.133 -0.154 -0.172 -0.180 -0.184 -0.193 -0.236 -0.298 -0.375 -0.478 -0.599 -0.730 -0.861 -0.977 -1.061 -1.117 -1.161 -1.178 -1.194 -1.214 -1.226 -1.249 -1.327 -1.423 -1.536 -1.698 -1.833 -1.960 -2.080 -2.123 -2.136 -2.052 -1.909 -1.828 -1.750 -1.675 -1.578 -1.426 -1.245 -1.094 -0.980 -0.896 -0.812 -0.709 -0.598 -0.496 -0.414 -0.357 -0.328 -0.318 -0.326 -0.365 -0.441
-0.237 -0.243 -0.246 -0.262 -0.305 -0.248 -0.205 -0.204 -0.205 -0.215 -0.218 -0.215 -0.209 -0.204 -0.200 -0.197 -0.190 -0.187 -0.193 -0.198 -0.202 -0.208 -0.223 -0.232 -0.239 -0.248 -0.270 -0.334 -0.423 -0.527 -0.644 -0.778 -0.915 -1.038 -1.124 -1.171 -1.187 -1.202 -1.204 -1.216 -1.261 -1.302 -1.351 -1.439 -1.553 -1.662 -1.828 -1.969 -2.053 -2.092 -2.060 -2.022 -1.970 -1.792 -1.696 -1.656 -1.583 -1.435 -1.252 -1.073 -0.940 -0.849 -0.784 -0.713 -0.619 -0.513 -0.419 -0.350 -0.309 -0.293 -0.299 -0.327 -0.385 -0.466
-0.306 -0.316 -0.331 -0.329 -0.345 -0.366 -0.313 -0.298 -0.298 -0.308 -0.314 -0.312 -0.303 -0.296 -0.292 -0.283 -0.277 -0.276 -0.282 -0.294 -0.293 -0.288 -0.291 -0.298 -0.316 -0.343 -0.390 -0.472 -0.577 -0.703 -0.841 -0.974 -1.078 -1.166 -1.229 -1.247 -1.239 -1.240 -1.248 -1.270 -1.314 -1.363 -1.437 -1.536 -1.644 -1.742 -1.866 -1.970 -2.017 -2.014 -1.951 -1.867 -1.817 -1.741 -1.620 -1.552 -1.454 -1.248 -1.042 -0.894 -0.802 -0.746 -0.701 -0.640 -0.548 -0.443 -0.357 -0.304 -0.278 -0.272 -0.288 -0.333 -0.407 -0.493
-0.360 -0.375 -0.392 -0.404 -0.418 -0.429 -0.434 -0.402 -0.404 -0.413 -0.416 -0.408 -0.401 -0.388 -0.374 -0.372 -0.375 -0.376 -0.382 -0.392 -0.380 -0.362 -0.362 -0.383 -0.424 -0.475 -0.554 -0.661 -0.779 -0.901 -1.029 -1.140 -1.219 -1.259 -1.283 -1.292 -1.258 -1.256 -1.292 -1.337 -1.378 -1.415 -1.482 -1.605 -1.713 -1.783 -1.838 -1.871 -1.877 -1.856 -1.785 -1.696 -1.643 -1.616 -1.561 -1.423 -1.255 -1.042 -0.852 -0.746 -0.693 -0.668 -0.641 -0.587 -0.494 -0.390 -0.313 -0.272 -0.257 -0.261 -0.286 -0.344 -0.426 -0.513
-0.400 -0.422 -0.451 -0.480 -0.504 -0.528 -0.525 -0.507 -0.503 -0.503 -0.496 -0.490 -0.483 -0.467 -0.463 -0.482 -0.496 -0.491 -0.481 -0.471 -0.458 -0.444 -0.465 -0.516 -0.579 -0.652 -0.752 -0.875 -1.006 -1.128 -1.218 -1.269 -1.320 -1.314 -1.299 -1.293 -1.264 -1.271 -1.307 -1.349 -1.411 -1.478 -1.529 -1.643 -1.735 -1.802 -1.800 -1.756 -1.704 -1.677 -1.610 -1.526 -1.496 -1.476 -1.424 -1.267 -1.030 -0.838 -0.709 -0.645 -0.620 -0.612 -0.595 -0.545 -0.455 -0.352 -0.284 -0.251 -0.246 -0.261 -0.296 -0.354 -0.433 -0.519
-0.451 -0.480 -0.509 -0.530 -0.571 -0.622 -0.597 -0.584 -0.589 -0.597 -0.589 -0.574 -0.564 -0.573 -0.595 -0.625 -0.633 -0.613 -0.590 -0.575 -0.566 -0.574 -0.627 -0.704 -0.796 -0.895 -1.007 -1.107 -1.212 -1.315 -1.380 -1.396 -1.401 -1.361 -1.314 -1.292 -1.269 -1.286 -1.312 -1.332 -1.401 -1.505 -1.573 -1.639 -1.678 -1.711 -1.713 -1.627 -1.531 -1.469 -1.453 -1.394 -1.365 -1.340 -1.242 -1.059 -0.839 -0.686 -0.605 -0.572 -0.568 -0.574 -0.561 -0.512 -0.425 -0.327 -0.267 -0.242 -0.242 -0.269 -0.315 -0.366 -0.423 -0.501
-0.469 -0.501 -0.529 -0.565 -0.656 -0.656 -0.647 -0.653 -0.653 -0.675 -0.682 -0.683 -0.695 -0.722 -0.756 -0.763 -0.748 -0.729 -0.717 -0.730 -0.761 -0.801 -0.883 -0.984 -1.087 -1.207 -1.307 -1.378 -1.429 -1.479 -1.514 -1.501 -1.490 -1.443 -1.382 -1.351 -1.290 -1.292 -1.319 -1.325 -1.372 -1.453 -1.505 -1.546 -1.568 -1.562 -1.539 -1.470 -1.390 -1.294 -1.249 -1.242 -1.226 -1.169 -1.050 -0.875 -0.698 -0.586 -0.535 -0.520 -0.526 -0.539 -0.531 -0.486 -0.405 -0.315 -0.260 -0.244 -0.250 -0.283 -0.336 -0.385 -0.417 -0.468
-0.462 -0.501 -0.558 -0.632 -0.684 -0.695 -0.705 -0.709 -0.738 -0.767 -0.797 -0.812 -0.833 -0.849 -0.861 -0.870 -0.879 -0.865 -0.887 -0.946 -1.046 -1.114 -1.222 -1.311 -1.382 -1.487 -1.546 -1.608 -1.655 -1.669 -1.635 -1.601 -1.593 -1.534 -1.482 -1.447 -1.361 -1.350 -1.371 -1.368 -1.390 -1.440 -1.435 -1.416 -1.409 -1.386 -1.363 -1.292 -1.237 -1.189 -1.084 -1.050 -1.054 -0.998 -0.884 -0.747 -0.610 -0.525 -0.492 -0.486 -0.494 -0.506 -0.500 -0.461 -0.394 -0.320 -0.271 -0.261 -0.276 -0.308 -0.354 -0.396 -0.418 -0.437
-0.467 -0.520 -0.585 -0.644 -0.675 -0.687 -0.715 -0.751 -0.795 -0.823 -0.867 -0.878 -0.910 -0.930 -0.949 -0.973 -1.020 -1.069 -1.129 -1.207 -1.311 -1.393 -1.511 -1.558 -1.622 -1.683 -1.686 -1.718 -1.746 -1.770 -1.727 -1.676 -1.640 -1.598 -1.597 -1.581 -1.514 -1.502 -1.510 -1.472 -1.468 -1.493 -1.493 -1.386 -1.305 -1.235 -1.200 -1.146 -1.063 -1.020 -0.969 -0.908 -0.898 -0.859 -0.770 -0.666 -0.567 -0.500 -0.473 -0.468 -0.474 -0.481 -0.474 -0.443 -0.395 -0.346 -0.315 -0.313 -0.336 -0.367 -0.389 -0.404 -0.415 -0.422
-0.460 -0.507 -0.551 -0.599 -0.627 -0.645 -0.696 -0.763 -0.796 -0.842 -0.889 -0.910 -0.967 -1.005 -1.046 -1.093 -1.167 -1.260 -1.335 -1.430 -1.497 -1.577 -1.662 -1.678 -1.748 -1.771 -1.751 -1.755 -1.735 -1.731 -1.707 -1.649 -1.588 -1.565 -1.591 -1.616 -1.581 -1.570 -1.551 -1.507 -1.485 -1.494 -1.524 -1.479 -1.353 -1.212 -1.079 -1.002 -0.922 -0.845 -0.815 -0.799 -0.788 -0.765 -0.706 -0.629 -0.561 -0.518 -0.501 -0.497 -0.501 -0.502 -0.492 -0.468 -0.440 -0.417 -0.403 -0.403 -0.423 -0.463 -0.487 -0.462 -0.425 -0.415
-0.383 -0.417 -0.459 -0.502 -0.548 -0.603 -0.675 -0.743 -0.777 -0.842 -0.890 -0.922 -0.996 -1.035 -1.070 -1.122 -1.196 -1.304 -1.389 -1.491 -1.535 -1.606 -1.657 -1.662 -1.716 -1.742 -1.729 -1.725 -1.684 -1.628 -1.590 -1.549 -1.515 -1.477 -1.465 -1.483 -1.476 -1.449 -1.396 -1.346 -1.340 -1.341 -1.357 -1.365 -1.326 -1.253 -1.084 -0.903 -0.789 -0.711 -0.679 -0.690 -0.699 -0.697 -0.680 -0.644 -0.612 -0.595 -0.580 -0.563 -0.557 -0.557 -0.554 -0.536 -0.512 -0.485 -0.456 -0.442 -0.453 -0.487 -0.548 -0.571 -0.517 -0.443
-0.276 -0.311 -0.354 -0.418 -0.493 -0.553 -0.630 -0.698 -0.742 -0.814 -0.865 -0.899 -0.966 -1.001 -1.039 -1.067 -1.142 -1.251 -1.361 -1.455 -1.498 -1.552 -1.587 -1.573 -1.598 -1.592 -1.562 -1.556 -1.502 -1.441 -1.408 -1.389 -1.362 -1.312 -1.310 -1.292 -1.274 -1.226 -1.173 -1.143 -1.122 -1.088 -1.040 -1.015 -1.012 -1.015 -0.999 -0.845 -0.674 -0.584 -0.570 -0.585 -0.604 -0.633 -0.661 -0.668 -0.661 -0.643 -0.607 -0.565 -0.541 -0.536 -0.541 -0.535 -0.517 -0.487 -0.453 -0.441 -0.447 -0.460 -0.505 -0.573 -0.574 -0.494
