AvaFrame/avaframe/data/avaSalk/Avaflow_Input_Output/slk_results/slk_ascii/slk_basechange1_fin.asc
ncols 296
nrows 144
xllcenter 761600.00
yllcenter 8523000.00
cellsize 12.50
NODATA_value -9999.000
[rows 66 to 98 of 144, columns 148 to 221 of 296]
0.000 0.000 0.000 0.000 0.000 0.000 0.000 0.000 0.000 0.000 0.000 0.000 0.000 0.000 0.000 0.000 0.000 0.000 0.000 0.000 0.000 0.000 0.000 0.000 0.000 -0.000 -0.000 -0.000 -0.000 -0.000 -0.000 -0.000 -0.000 -0.000 -0.000 -0.000 -0.000 -0.000 -0.000 -0.001 -0.001 -0.001 -0.002 -0.002 -0.004 -0.006 -0.009 -0.016 -0.029 -0.052 -0.090 -0.145 -0.225 -0.330 -0.438 -0.536 -0.614 -0.670 -0.712 -0.747 -0.783 -0.815 -0.860 -0.923 -1.011 -1.123 -1.285 -1.492 -1.697 -1.899 -2.093 -2.261 -2.387 -2.492
0.000 0.000 0.000 0.000 0.000 0.000 0.000 0.000 0.000 0.000 0.000 0.000 0.000 0.000 0.000 0.000 0.000 0.000 0.000 0.000 0.000 0.000 0.000 0.000 -0.000 -0.000 -0.000 -0.000 -0.000 -0.000 -0.000 -0.000 -0.000 -0.000 -0.000 -0.000 -0.000 -0.000 -0.001 -0.001 -0.001 -0.002 -0.003 -0.004 -0.007 -0.012 -0.022 -0.041 -0.073 -0.121 -0.187 -0.269 -0.363 -0.462 -0.548 -0.620 -0.679 -0.717 -0.740 -0.766 -0.802 -0.845 -0.906 -0.990 -1.105 -1.260 -1.458 -1.688 -1.918 -2.110 -2.267 -2.391 -2.493 -2.590
0.000 0.000 0.000 0.000 0.000 0.000 0.000 0.000 0.000 0.000 0.000 0.000 0.000 0.000 0.000 0.000 0.000 0.000 0.000 0.000 0.000 0.000 0.000 -0.000 -0.000 -0.000 -0.000 -0.000 -0.000 -0.000 -0.000 -0.000 -0.000 -0.000 -0.000 -0.000 -0.001 -0.001 -0.001 -0.002 -0.002 -0.004 -0.006 -0.009 -0.016 -0.029 -0.052 -0.091 -0.145 -0.216 -0.298 -0.390 -0.477 -0.553 -0.615 -0.660 -0.697 -0.727 -0.752 -0.787 -0.834 -0.897 -0.978 -1.097 -1.240 -1.432 -1.657 -1.871 -2.077 -2.268 -2.411 -2.506 -2.582 -2.676
0.000 0.000 0.000 0.000 0.000 0.000 0.000 0.000 0.000 0.000 0.000 0.000 0.000 0.000 0.000 0.000 0.000 0.000 0.000 0.000 0.000 0.000 -0.000 -0.000 -0.000 -0.000 -0.000 -0.000 -0.000 -0.000 -0.000 -0.000 -0.000 -0.000 -0.000 -0.001 -0.001 -0.001 -0.002 -0.003 -0.004 -0.007 -0.011 -0.019 -0.035 -0.061 -0.102 -0.159 -0.231 -0.312 -0.396 -0.477 -0.546 -0.600 -0.642 -0.674 -0.702 -0.731 -0.772 -0.823 -0.890 -0.974 -1.082 -1.234 -1.423 -1.630 -1.847 -2.053 -2.239 -2.392 -2.512 -2.613 -2.686 -2.727
0.000 0.000 0.000 0.000 0.000 0.000 0.000 0.000 0.000 0.000 0.000 0.000 0.000 0.000 0.000 0.000 0.000 0.000 0.000 0.000 -0.000 -0.000 -0.000 -0.000 -0.000 -0.000 -0.000 -0.000 -0.000 -0.000 -0.000 -0.000 -0.000 -0.000 -0.001 -0.001 -0.001 -0.002 -0.003 -0.005 -0.008 -0.013 -0.023 -0.041 -0.070 -0.113 -0.169 -0.240 -0.320 -0.400 -0.472 -0.533 -0.582 -0.618 -0.649 -0.681 -0.720 -0.766 -0.822 -0.890 -0.970 -1.077 -1.212 -1.392 -1.615 -1.843 -2.061 -2.244 -2.408 -2.533 -2.612 -2.698 -2.758 -2.728
0.000 0.000 0.000 0.000 0.000 0.000 0.000 0.000 0.000 0.000 0.000 0.000 0.000 -0.000 -0.000 0.000 0.000 0.000 -0.000 -0.000 -0.000 -0.000 -0.000 -0.000 -0.000 -0.000 -0.000 -0.000 -0.000 -0.000 -0.000 -0.001 -0.001 -0.001 -0.001 -0.002 -0.002 -0.004 -0.005 -0.009 -0.014 -0.026 -0.046 -0.077 -0.122 -0.181 -0.252 -0.330 -0.405 -0.472 -0.528 -0.572 -0.612 -0.646 -0.682 -0.720 -0.763 -0.817 -0.896 -0.984 -1.081 -1.202 -1.363 -1.571 -1.807 -2.071 -2.312 -2.467 -2.575 -2.676 -2.722 -2.738 -2.729 -2.620
0.000 0.000 0.000 0.000 0.000 0.000 0.000 0.000 0.000 -0.000 -0.000 -0.000 -0.000 -0.000 -0.000 -0.000 -0.000 -0.000 -0.000 -0.000 -0.000 -0.000 -0.000 -0.000 -0.000 -0.000 -0.001 -0.001 -0.001 -0.001 -0.001 -0.001 -0.001 -0.001 -0.002 -0.003 -0.004 -0.006 -0.010 -0.016 -0.028 -0.050 -0.084 -0.130 -0.190 -0.259 -0.335 -0.411 -0.477 -0.527 -0.570 -0.611 -0.648 -0.684 -0.726 -0.774 -0.824 -0.888 -0.993 -1.104 -1.214 -1.351 -1.539 -1.789 -2.058 -2.315 -2.548 -2.660 -2.708 -2.753 -2.755 -2.674 -2.562 -2.362
-0.000 0.000 0.000 0.000 -0.000 -0.000 0.000 0.000 -0.000 -0.000 -0.000 -0.000 -0.000 -0.000 -0.000 -0.000 -0.000 -0.000 -0.000 -0.000 -0.000 -0.000 -0.001 -0.001 -0.001 -0.001 -0.002 -0.002 -0.002 -0.002 -0.001 -0.001 -0.002 -0.002 -0.003 -0.004 -0.007 -0.011 -0.018 -0.031 -0.055 -0.090 -0.139 -0.199 -0.269 -0.341 -0.410 -0.473 -0.530 -0.578 -0.616 -0.657 -0.696 -0.736 -0.784 -0.842 -0.907 -0.991 -1.115 -1.244 -1.378 -1.549 -1.805 -2.128 -2.426 -2.637 -2.771 -2.806 -2.763 -2.718 -2.636 -2.498 -2.292 -1.999
-0.000 -0.000 -0.000 -0.000 -0.000 -0.000 -0.000 -0.000 -0.000 -0.000 -0.000 -0.000 -0.000 -0.000 -0.000 -0.000 -0.000 -0.000 -0.000 -0.000 -0.000 -0.001 -0.003 -0.004 -0.006 -0.006 -0.006 -0.005 -0.004 -0.003 -0.002 -0.002 -0.003 -0.004 -0.005 -0.008 -0.012 -0.020 -0.034 -0.059 -0.097 -0.147 -0.208 -0.277 -0.347 -0.415 -0.477 -0.529 -0.578 -0.626 -0.670 -0.713 -0.759 -0.804 -0.863 -0.931 -1.010 -1.116 -1.257 -1.418 -1.602 -1.872 -2.270 -2.628 -2.839 -2.882 -2.866 -2.829 -2.741 -2.621 -2.455 -2.234 -1.953 -1.635
-0.000 -0.000 -0.000 -0.000 -0.000 -0.000 -0.000 -0.000 -0.000 -0.000 -0.000 -0.000 -0.001 -0.001 -0.001 -0.001 -0.001 -0.001 -0.001 -0.001 -0.002 -0.005 -0.010 -0.014 -0.015 -0.015 -0.014 -0.012 -0.009 -0.007 -0.005 -0.004 -0.005 -0.007 -0.009 -0.014 -0.022 -0.037 -0.063 -0.102 -0.154 -0.216 -0.283 -0.351 -0.420 -0.481 -0.537 -0.587 -0.636 -0.686 -0.732 -0.780 -0.834 -0.890 -0.956 -1.033 -1.132 -1.267 -1.438 -1.677 -2.002 -2.421 -2.799 -2.981 -2.969 -2.842 -2.717 -2.626 -2.573 -2.434 -2.185 -1.915 -1.600 -1.327
-0.000 -0.000 -0.000 -0.000 -0.000 -0.000 -0.000 -0.000 -0.000 -0.000 -0.001 -0.002 -0.003 -0.004 -0.003 -0.002 -0.002 -0.002 -0.002 -0.004 -0.008 -0.013 -0.015 -0.016 -0.017 -0.018 -0.019 -0.023 -0.023 -0.018 -0.013 -0.010 -0.010 -0.013 -0.018 -0.026 -0.042 -0.068 -0.108 -0.161 -0.222 -0.290 -0.359 -0.424 -0.487 -0.546 -0.599 -0.654 -0.710 -0.763 -0.815 -0.865 -0.921 -0.980 -1.052 -1.147 -1.286 -1.474 -1.735 -2.093 -2.534 -2.918 -3.028 -2.907 -2.717 -2.522 -2.408 -2.362 -2.304 -2.154 -1.843 -1.552 -1.294 -1.093
-0.000 -0.000 -0.000 -0.000 -0.000 -0.001 -0.001 -0.001 -0.001 -0.001 -0.004 -0.014 -0.024 -0.027 -0.024 -0.016 -0.010 -0.010 -0.013 -0.019 -0.023 -0.021 -0.014 -0.013 -0.016 -0.018 -0.018 -0.031 -0.046 -0.045 -0.035 -0.027 -0.026 -0.031 -0.041 -0.057 -0.083 -0.121 -0.172 -0.232 -0.298 -0.367 -0.434 -0.497 -0.557 -0.620 -0.680 -0.742 -0.797 -0.846 -0.896 -0.954 -1.016 -1.081 -1.163 -1.298 -1.497 -1.781 -2.158 -2.548 -2.831 -2.974 -2.859 -2.583 -2.346 -2.197 -2.147 -2.146 -2.070 -1.831 -1.509 -1.243 -1.058 -0.945
-0.002 -0.001 -0.001 -0.001 -0.001 -0.002 -0.002 -0.002 -0.003 -0.006 -0.020 -0.034 -0.038 -0.041 -0.044 -0.041 -0.038 -0.039 -0.039 -0.037 -0.030 -0.022 -0.016 -0.018 -0.022 -0.021 -0.022 -0.038 -0.067 -0.082 -0.079 -0.070 -0.066 -0.070 -0.086 -0.115 -0.155 -0.209 -0.272 -0.335 -0.393 -0.449 -0.509 -0.571 -0.636 -0.707 -0.775 -0.839 -0.888 -0.925 -0.969 -1.036 -1.108 -1.194 -1.317 -1.514 -1.799 -2.160 -2.532 -2.773 -2.832 -2.760 -2.555 -2.285 -2.120 -2.049 -1.992 -1.942 -1.788 -1.506 -1.228 -1.032 -0.918 -0.858
-0.008 -0.007 -0.006 -0.006 -0.007 -0.008 -0.009 -0.013 -0.022 -0.042 -0.059 -0.050 -0.027 -0.027 -0.038 -0.046 -0.052 -0.052 -0.044 -0.032 -0.024 -0.020 -0.024 -0.027 -0.026 -0.039 -0.052 -0.064 -0.091 -0.122 -0.118 -0.105 -0.105 -0.115 -0.135 -0.173 -0.229 -0.301 -0.387 -0.468 -0.527 -0.567 -0.610 -0.666 -0.735 -0.812 -0.875 -0.918 -0.957 -0.992 -1.037 -1.113 -1.219 -1.337 -1.528 -1.820 -2.165 -2.509 -2.718 -2.762 -2.673 -2.483 -2.258 -2.093 -1.995 -1.918 -1.821 -1.699 -1.508 -1.239 -1.017 -0.883 -0.814 -0.789
-0.070 -0.062 -0.056 -0.055 -0.060 -0.064 -0.069 -0.081 -0.101 -0.122 -0.118 -0.073 -0.032 -0.030 -0.035 -0.038 -0.036 -0.034 -0.033 -0.031 -0.033 -0.032 -0.033 -0.036 -0.038 -0.066 -0.100 -0.113 -0.137 -0.165 -0.143 -0.117 -0.124 -0.150 -0.188 -0.237 -0.300 -0.378 -0.471 -0.570 -0.643 -0.702 -0.758 -0.812 -0.865 -0.915 -0.959 -0.984 -1.010 -1.051 -1.112 -1.205 -1.351 -1.554 -1.822 -2.167 -2.483 -2.679 -2.729 -2.627 -2.428 -2.227 -2.080 -1.974 -1.890 -1.785 -1.643 -1.472 -1.268 -1.051 -0.881 -0.779 -0.727 -0.719
-0.183 -0.189 -0.189 -0.186 -0.191 -0.197 -0.189 -0.168 -0.155 -0.147 -0.126 -0.083 -0.053 -0.044 -0.040 -0.030 -0.027 -0.036 -0.044 -0.045 -0.047 -0.051 -0.050 -0.052 -0.062 -0.084 -0.118 -0.158 -0.194 -0.199 -0.161 -0.129 -0.143 -0.191 -0.255 -0.329 -0.404 -0.485 -0.571 -0.676 -0.768 -0.834 -0.911 -0.974 -1.006 -1.013 -1.013 -1.031 -1.066 -1.120 -1.208 -1.347 -1.551 -1.831 -2.156 -2.446 -2.632 -2.680 -2.591 -2.412 -2.211 -2.057 -1.958 -1.870 -1.766 -1.632 -1.465 -1.281 -1.086 -0.909 -0.778 -0.692 -0.647 -0.647
-0.146 -0.167 -0.195 -0.209 -0.200 -0.197 -0.194 -0.161 -0.106 -0.072 -0.064 -0.066 -0.073 -0.069 -0.065 -0.054 -0.063 -0.069 -0.075 -0.070 -0.056 -0.064 -0.074 -0.081 -0.087 -0.094 -0.114 -0.182 -0.224 -0.205 -0.167 -0.162 -0.194 -0.260 -0.347 -0.439 -0.533 -0.631 -0.720 -0.841 -0.973 -1.029 -1.061 -1.102 -1.128 -1.125 -1.093 -1.091 -1.132 -1.219 -1.345 -1.545 -1.820 -2.118 -2.387 -2.573 -2.624 -2.568 -2.414 -2.226 -2.068 -1.946 -1.849 -1.746 -1.624 -1.464 -1.288 -1.107 -0.941 -0.794 -0.681 -0.605 -0.565 -0.577
-0.065 -0.054 -0.059 -0.102 -0.126 -0.117 -0.110 -0.104 -0.056 -0.021 -0.036 -0.059 -0.095 -0.107 -0.117 -0.118 -0.120 -0.108 -0.109 -0.101 -0.095 -0.096 -0.094 -0.103 -0.102 -0.102 -0.123 -0.195 -0.230 -0.192 -0.166 -0.205 -0.268 -0.353 -0.457 -0.556 -0.662 -0.777 -0.877 -1.004 -1.171 -1.263 -1.248 -1.228 -1.226 -1.239 -1.234 -1.228 -1.268 -1.362 -1.562 -1.823 -2.103 -2.348 -2.509 -2.550 -2.516 -2.396 -2.242 -2.085 -1.954 -1.846 -1.736 -1.608 -1.461 -1.293 -1.115 -0.949 -0.797 -0.675 -0.580 -0.516 -0.486 -0.513
-0.081 -0.053 -0.031 -0.022 -0.029 -0.049 -0.048 -0.030 -0.016 -0.016 -0.031 -0.058 -0.071 -0.112 -0.155 -0.149 -0.146 -0.132 -0.124 -0.108 -0.117 -0.122 -0.134 -0.138 -0.129 -0.124 -0.148 -0.210 -0.231 -0.201 -0.207 -0.273 -0.355 -0.455 -0.574 -0.691 -0.814 -0.932 -1.024 -1.134 -1.257 -1.355 -1.358 -1.330 -1.313 -1.340 -1.376 -1.420 -1.523 -1.647 -1.847 -2.106 -2.363 -2.465 -2.489 -2.444 -2.355 -2.237 -2.105 -1.967 -1.833 -1.716 -1.599 -1.462 -1.296 -1.123 -0.956 -0.802 -0.669 -0.562 -0.486 -0.438 -0.423 -0.463
-0.151 -0.138 -0.073 -0.047 -0.043 -0.039 -0.040 -0.034 -0.028 -0.027 -0.028 -0.028 -0.026 -0.034 -0.059 -0.079 -0.088 -0.083 -0.083 -0.095 -0.106 -0.116 -0.147 -0.182 -0.172 -0.173 -0.187 -0.228 -0.238 -0.251 -0.298 -0.377 -0.477 -0.586 -0.706 -0.844 -0.967 -1.089 -1.151 -1.215 -1.281 -1.340 -1.366 -1.388 -1.409 -1.471 -1.540 -1.620 -1.780 -2.031 -2.235 -2.331 -2.427 -2.483 -2.390 -2.294 -2.212 -2.111 -1.993 -1.848 -1.698 -1.560 -1.434 -1.293 -1.129 -0.960 -0.809 -0.672 -0.556 -0.469 -0.410 -0.380 -0.383 -0.437
-0.152 -0.231 -0.245 -0.151 -0.083 -0.077 -0.075 -0.073 -0.069 -0.069 -0.077 -0.085 -0.093 -0.095 -0.082 -0.067 -0.069 -0.083 -0.099 -0.110 -0.121 -0.133 -0.179 -0.243 -0.249 -0.241 -0.222 -0.242 -0.265 -0.322 -0.408 -0.504 -0.622 -0.745 -0.875 -0.997 -1.100 -1.194 -1.226 -1.260 -1.294 -1.301 -1.337 -1.403 -1.500 -1.630 -1.763 -1.844 -2.001 -2.236 -2.464 -2.564 -2.409 -2.345 -2.269 -2.148 -2.085 -2.009 -1.876 -1.702 -1.523 -1.372 -1.242 -1.110 -0.955 -0.800 -0.664 -0.548 -0.456 -0.395 -0.358 -0.346 -0.367 -0.434
-0.192 -0.193 -0.249 -0.390 -0.240 -0.132 -0.137 -0.134 -0.132 -0.140 -0.160 -0.163 -0.165 -0.166 -0.159 -0.154 -0.156 -0.153 -0.150 -0.171 -0.174 -0.199 -0.274 -0.313 -0.316 -0.297 -0.258 -0.290 -0.351 -0.432 -0.541 -0.665 -0.804 -0.932 -1.054 -1.123 -1.193 -1.235 -1.263 -1.288 -1.319 -1.324 -1.360 -1.441 -1.578 -1.728 -1.940 -2.059 -2.164 -2.281 -2.402 -2.584 -2.478 -2.166 -2.105 -2.038 -1.976 -1.892 -1.729 -1.512 -1.316 -1.165 -1.050 -0.942 -0.812 -0.672 -0.546 -0.446 -0.377 -0.340 -0.326 -0.333 -0.371 -0.449
-0.310 -0.291 -0.277 -0.317 -0.414 -0.295 -0.212 -0.218 -0.224 -0.249 -0.262 -0.266 -0.264 -0.258 -0.250 -0.245 -0.241 -0.227 -0.249 -0.275 -0.293 -0.326 -0.369 -0.380 -0.370 -0.350 -0.323 -0.394 -0.494 -0.607 -0.730 -0.870 -1.018 -1.148 -1.227 -1.264 -1.284 -1.295 -1.286 -1.307 -1.355 -1.392 -1.452 -1.546 -1.668 -1.791 -1.979 -2.158 -2.234 -2.267 -2.250 -2.359 -2.524 -2.208 -1.946 -1.948 -1.887 -1.734 -1.521 -1.292 -1.109 -0.983 -0.901 -0.820 -0.709 -0.576 -0.458 -0.373 -0.323 -0.303 -0.308 -0.335 -0.394 -0.480
-0.386 -0.384 -0.387 -0.374 -0.383 -0.423 -0.347 -0.329 -0.329 -0.346 -0.362 -0.373 -0.359 -0.345 -0.350 -0.330 -0.334 -0.353 -0.389 -0.445 -0.457 -0.443 -0.432 -0.429 -0.429 -0.439 -0.460 -0.546 -0.668 -0.818 -0.991 -1.108 -1.241 -1.341 -1.370 -1.408 -1.415 -1.384 -1.389 -1.410 -1.426 -1.458 -1.543 -1.636 -1.733 -1.845 -1.956 -2.088 -2.143 -2.145 -2.088 -2.033 -2.216 -2.314 -1.990 -1.822 -1.747 -1.511 -1.254 -1.053 -0.921 -0.848 -0.801 -0.738 -0.635 -0.500 -0.390 -0.322 -0.288 -0.280 -0.296 -0.342 -0.420 -0.516
-0.408 -0.426 -0.443 -0.450 -0.472 -0.463 -0.501 -0.437 -0.443 -0.455 -0.469 -0.463 -0.455 -0.451 -0.429 -0.436 -0.472 -0.525 -0.575 -0.608 -0.572 -0.515 -0.474 -0.480 -0.520 -0.566 -0.647 -0.768 -0.903 -1.046 -1.222 -1.295 -1.430 -1.473 -1.458 -1.527 -1.495 -1.435 -1.503 -1.556 -1.537 -1.555 -1.624 -1.719 -1.819 -1.876 -1.927 -1.943 -1.958 -1.940 -1.885 -1.788 -1.806 -2.034 -2.057 -1.740 -1.501 -1.249 -1.002 -0.855 -0.781 -0.755 -0.737 -0.686 -0.582 -0.444 -0.341 -0.286 -0.266 -0.269 -0.293 -0.353 -0.441 -0.546
-0.483 -0.497 -0.510 -0.510 -0.539 -0.590 -0.570 -0.552 -0.545 -0.551 -0.552 -0.544 -0.539 -0.524 -0.533 -0.602 -0.682 -0.731 -0.717 -0.675 -0.642 -0.564 -0.548 -0.604 -0.669 -0.741 -0.852 -1.013 -1.137 -1.282 -1.409 -1.415 -1.517 -1.506 -1.461 -1.518 -1.460 -1.443 -1.522 -1.556 -1.598 -1.673 -1.704 -1.789 -1.883 -1.930 -1.913 -1.843 -1.769 -1.746 -1.683 -1.604 -1.598 -1.736 -1.862 -1.659 -1.233 -0.978 -0.810 -0.723 -0.693 -0.694 -0.694 -0.653 -0.550 -0.407 -0.310 -0.264 -0.254 -0.269 -0.304 -0.362 -0.447 -0.554
-0.521 -0.542 -0.562 -0.561 -0.600 -0.695 -0.647 -0.641 -0.634 -0.658 -0.645 -0.629 -0.617 -0.668 -0.738 -0.844 -0.923 -0.890 -0.823 -0.774 -0.717 -0.683 -0.730 -0.821 -0.910 -1.015 -1.151 -1.259 -1.332 -1.446 -1.520 -1.518 -1.564 -1.488 -1.431 -1.448 -1.393 -1.419 -1.468 -1.468 -1.541 -1.671 -1.740 -1.785 -1.835 -1.854 -1.870 -1.760 -1.607 -1.525 -1.511 -1.460 -1.458 -1.551 -1.616 -1.457 -1.076 -0.788 -0.676 -0.632 -0.630 -0.651 -0.664 -0.630 -0.529 -0.386 -0.292 -0.254 -0.251 -0.278 -0.326 -0.377 -0.435 -0.532
-0.503 -0.542 -0.559 -0.600 -0.750 -0.738 -0.706 -0.726 -0.704 -0.748 -0.774 -0.792 -0.828 -0.906 -1.003 -1.030 -1.009 -0.969 -0.938 -0.932 -0.947 -0.983 -1.067 -1.188 -1.304 -1.419 -1.523 -1.585 -1.585 -1.629 -1.635 -1.590 -1.615 -1.538 -1.482 -1.483 -1.401 -1.396 -1.446 -1.425 -1.463 -1.551 -1.621 -1.658 -1.710 -1.690 -1.703 -1.616 -1.501 -1.350 -1.273 -1.282 -1.308 -1.349 -1.377 -1.253 -0.984 -0.701 -0.597 -0.573 -0.582 -0.610 -0.631 -0.606 -0.517 -0.385 -0.289 -0.259 -0.262 -0.294 -0.349 -0.398 -0.431 -0.493
-0.532 -0.574 -0.658 -0.751 -0.792 -0.811 -0.828 -0.806 -0.841 -0.883 -0.938 -0.963 -1.004 -1.020 -1.062 -1.068 -1.087 -1.036 -1.073 -1.138 -1.290 -1.366 -1.481 -1.571 -1.635 -1.729 -1.789 -1.857 -1.868 -1.884 -1.803 -1.745 -1.756 -1.670 -1.628 -1.608 -1.507 -1.495 -1.512 -1.511 -1.507 -1.586 -1.600 -1.521 -1.522 -1.502 -1.496 -1.414 -1.353 -1.279 -1.118 -1.064 -1.114 -1.141 -1.157 -1.097 -0.935 -0.711 -0.569 -0.547 -0.555 -0.577 -0.598 -0.583 -0.517 -0.417 -0.326 -0.296 -0.305 -0.328 -0.370 -0.412 -0.437 -0.459
-0.571 -0.624 -0.698 -0.767 -0.804 -0.802 -0.819 -0.870 -0.920 -0.949 -1.022 -0.998 -1.024 -1.042 -1.044 -1.081 -1.123 -1.204 -1.296 -1.365 -1.489 -1.592 -1.734 -1.769 -1.844 -1.874 -1.858 -1.906 -1.921 -1.970 -1.924 -1.892 -1.878 -1.826 -1.863 -1.844 -1.768 -1.761 -1.738 -1.680 -1.652 -1.705 -1.734 -1.568 -1.441 -1.350 -1.288 -1.226 -1.157 -1.092 -1.029 -0.928 -0.948 -0.993 -1.021 -1.005 -0.929 -0.793 -0.650 -0.594 -0.593 -0.602 -0.610 -0.601 -0.571 -0.531 -0.488 -0.469 -0.476 -0.479 -0.444 -0.431 -0.440 -0.449
-0.593 -0.632 -0.675 -0.729 -0.764 -0.714 -0.768 -0.875 -0.896 -0.980 -1.032 -1.006 -1.069 -1.076 -1.098 -1.145 -1.270 -1.340 -1.412 -1.537 -1.612 -1.706 -1.796 -1.809 -1.895 -1.899 -1.871 -1.874 -1.843 -1.848 -1.841 -1.808 -1.742 -1.752 -1.819 -1.870 -1.846 -1.838 -1.787 -1.702 -1.666 -1.702 -1.745 -1.717 -1.549 -1.367 -1.169 -1.059 -0.987 -0.892 -0.850 -0.825 -0.849 -0.909 -0.966 -1.001 -1.030 -1.028 -0.962 -0.864 -0.808 -0.793 -0.782 -0.768 -0.757 -0.738 -0.692 -0.652 -0.654 -0.710 -0.727 -0.620 -0.496 -0.457
-0.538 -0.542 -0.567 -0.602 -0.613 -0.643 -0.739 -0.827 -0.850 -0.965 -1.020 -1.021 -1.119 -1.124 -1.128 -1.167 -1.256 -1.400 -1.495 -1.597 -1.636 -1.721 -1.763 -1.758 -1.825 -1.854 -1.827 -1.847 -1.806 -1.710 -1.694 -1.669 -1.633 -1.584 -1.565 -1.578 -1.597 -1.574 -1.490 -1.416 -1.426 -1.468 -1.509 -1.529 -1.520 -1.451 -1.232 -0.987 -0.830 -0.743 -0.693 -0.703 -0.748 -0.825 -0.936 -1.040 -1.120 -1.159 -1.122 -1.014 -0.917 -0.882 -0.868 -0.847 -0.810 -0.752 -0.670 -0.612 -0.602 -0.661 -0.818 -0.898 -0.776 -0.588
-0.393 -0.404 -0.418 -0.465 -0.544 -0.596 -0.696 -0.775 -0.836 -0.939 -0.991 -1.010 -1.102 -1.125 -1.146 -1.140 -1.230 -1.384 -1.501 -1.633 -1.671 -1.717 -1.747 -1.702 -1.745 -1.744 -1.688 -1.685 -1.634 -1.528 -1.526 -1.543 -1.495 -1.413 -1.438 -1.429 -1.429 -1.355 -1.234 -1.195 -1.216 -1.203 -1.106 -1.063 -1.121 -1.101 -1.123 -0.968 -0.726 -0.596 -0.573 -0.591 -0.637 -0.713 -0.849 -0.976 -1.039 -1.049 -1.009 -0.920 -0.827 -0.778 -0.766 -0.755 -0.722 -0.663 -0.602 -0.572 -0.563 -0.561 -0.642 -0.810 -0.833 -0.681
