AvaFrame/avaframe/data/avaSalk/Avaflow_Input_Output/slk_results/slk_ascii/slk_basechange10012.asc
ncols 296
nrows 144
xllcenter 761600.00
yllcenter 8523000.00
cellsize 12.50
NODATA_value -9999.000
[rows 66 to 98 of 144, columns 148 to 221 of 296]
0.000 0.000 0.000 0.000 0.000 0.000 0.000 0.000 0.000 0.000 0.000 0.000 0.000 0.000 0.000 0.000 0.000 0.000 0.000 0.000 0.000 0.000 0.000 0.000 0.000 -0.000 -0.000 -0.000 -0.000 -0.000 -0.000 -0.000 -0.000 -0.000 -0.000 -0.000 -0.000 -0.000 -0.000 -0.001 -0.001 -0.001 -0.001 -0.002 -0.003 -0.005 -0.009 -0.015 -0.028 -0.051 -0.089 -0.144 -0.224 -0.329 -0.438 -0.535 -0.613 -0.669 -0.711 -0.745 -0.781 -0.813 -0.857 -0.920 -1.007 -1.118 -1.277 -1.481 -1.681 -1.872 -2.046 -2.184 -2.264 -2.299
0.000 0.000 0.000 0.000 0.000 0.000 0.000 0.000 0.000 0.000 0.000 0.000 0.000 0.000 0.000 0.000 0.000 0.000 0.000 0.000 0.000 0.000 0.000 0.000 -0.000 -0.000 -0.000 -0.000 -0.000 -0.000 -0.000 -0.000 -0.000 -0.000 -0.000 -0.000 -0.000 -0.000 -0.001 -0.001 -0.001 -0.002 -0.003 -0.004 -0.007 -0.012 -0.022 -0.040 -0.072 -0.120 -0.186 -0.268 -0.363 -0.461 -0.547 -0.619 -0.678 -0.716 -0.739 -0.764 -0.800 -0.842 -0.902 -0.986 -1.099 -1.252 -1.447 -1.670 -1.888 -2.060 -2.186 -2.262 -2.293 -2.294
0.000 0.000 0.000 0.000 0.000 0.000 0.000 0.000 0.000 0.000 0.000 0.000 0.000 0.000 0.000 0.000 0.000 0.000 0.000 0.000 0.000 0.000 0.000 -0.000 -0.000 -0.000 -0.000 -0.000 -0.000 -0.000 -0.000 -0.000 -0.000 -0.000 -0.000 -0.000 -0.000 -0.001 -0.001 -0.001 -0.002 -0.003 -0.005 -0.009 -0.015 -0.028 -0.052 -0.090 -0.145 -0.215 -0.298 -0.389 -0.476 -0.552 -0.613 -0.659 -0.696 -0.725 -0.750 -0.784 -0.831 -0.893 -0.974 -1.091 -1.232 -1.420 -1.638 -1.841 -2.026 -2.183 -2.275 -2.298 -2.278 -2.256
0.000 0.000 0.000 0.000 0.000 0.000 0.000 0.000 0.000 0.000 0.000 0.000 0.000 0.000 0.000 0.000 0.000 0.000 0.000 0.000 0.000 0.000 -0.000 -0.000 -0.000 -0.000 -0.000 -0.000 -0.000 -0.000 -0.000 -0.000 -0.000 -0.000 -0.000 -0.001 -0.001 -0.001 -0.002 -0.002 -0.004 -0.006 -0.011 -0.019 -0.034 -0.060 -0.101 -0.159 -0.230 -0.311 -0.395 -0.476 -0.545 -0.599 -0.640 -0.672 -0.700 -0.729 -0.769 -0.819 -0.886 -0.970 -1.076 -1.225 -1.410 -1.611 -1.817 -2.002 -2.154 -2.252 -2.295 -2.296 -2.259 -2.191
0.000 0.000 0.000 0.000 0.000 0.000 0.000 0.000 0.000 0.000 0.000 0.000 0.000 0.000 0.000 0.000 0.000 0.000 0.000 0.000 -0.000 -0.000 -0.000 -0.000 -0.000 -0.000 -0.000 -0.000 -0.000 -0.000 -0.000 -0.000 -0.000 -0.000 -0.001 -0.001 -0.001 -0.002 -0.003 -0.004 -0.007 -0.012 -0.022 -0.040 -0.069 -0.112 -0.169 -0.240 -0.319 -0.399 -0.471 -0.532 -0.581 -0.617 -0.648 -0.679 -0.717 -0.763 -0.819 -0.885 -0.965 -1.070 -1.203 -1.378 -1.595 -1.811 -2.008 -2.157 -2.266 -2.310 -2.284 -2.255 -2.213 -2.116
0.000 0.000 0.000 0.000 0.000 0.000 0.000 0.000 0.000 0.000 0.000 0.000 0.000 -0.000 -0.000 0.000 0.000 0.000 -0.000 -0.000 -0.000 -0.000 -0.000 -0.000 -0.000 -0.000 -0.000 -0.000 -0.000 -0.000 -0.000 -0.000 -0.000 -0.001 -0.001 -0.001 -0.002 -0.003 -0.005 -0.008 -0.014 -0.025 -0.045 -0.077 -0.121 -0.180 -0.252 -0.330 -0.404 -0.471 -0.527 -0.571 -0.610 -0.644 -0.680 -0.718 -0.760 -0.814 -0.891 -0.978 -1.074 -1.192 -1.349 -1.551 -1.776 -2.014 -2.215 -2.317 -2.341 -2.330 -2.261 -2.185 -2.118 -2.003
0.000 0.000 0.000 0.000 0.000 0.000 0.000 0.000 0.000 -0.000 -0.000 -0.000 -0.000 -0.000 -0.000 -0.000 -0.000 -0.000 -0.000 -0.000 -0.000 -0.000 -0.000 -0.000 -0.000 -0.000 -0.000 -0.000 -0.000 -0.000 -0.000 -0.001 -0.001 -0.001 -0.002 -0.002 -0.004 -0.006 -0.009 -0.016 -0.028 -0.050 -0.083 -0.129 -0.189 -0.258 -0.334 -0.410 -0.476 -0.526 -0.569 -0.609 -0.646 -0.682 -0.723 -0.770 -0.820 -0.883 -0.986 -1.095 -1.203 -1.336 -1.517 -1.755 -2.000 -2.209 -2.378 -2.414 -2.349 -2.276 -2.192 -2.073 -1.959 -1.801
-0.000 0.000 0.000 0.000 -0.000 -0.000 0.000 0.000 -0.000 -0.000 -0.000 -0.000 -0.000 -0.000 -0.000 -0.000 -0.000 -0.000 -0.000 -0.000 -0.000 -0.000 -0.000 -0.000 -0.000 -0.000 -0.000 -0.000 -0.000 -0.001 -0.001 -0.001 -0.001 -0.002 -0.003 -0.004 -0.006 -0.010 -0.017 -0.031 -0.054 -0.089 -0.138 -0.198 -0.268 -0.340 -0.409 -0.471 -0.529 -0.577 -0.614 -0.655 -0.693 -0.733 -0.780 -0.837 -0.901 -0.983 -1.105 -1.230 -1.359 -1.522 -1.759 -2.043 -2.285 -2.421 -2.477 -2.426 -2.282 -2.163 -2.047 -1.913 -1.750 -1.545
-0.000 -0.000 -0.000 -0.000 -0.000 -0.000 -0.000 -0.000 -0.000 -0.000 -0.000 -0.000 -0.000 -0.000 -0.000 -0.000 -0.000 -0.000 -0.000 -0.000 -0.000 -0.000 -0.000 -0.000 -0.000 -0.000 -0.000 -0.000 -0.001 -0.001 -0.001 -0.002 -0.002 -0.003 -0.005 -0.007 -0.012 -0.019 -0.034 -0.058 -0.096 -0.146 -0.207 -0.276 -0.346 -0.414 -0.476 -0.527 -0.576 -0.624 -0.667 -0.710 -0.755 -0.800 -0.858 -0.925 -1.002 -1.104 -1.240 -1.394 -1.566 -1.806 -2.134 -2.406 -2.532 -2.513 -2.436 -2.325 -2.176 -2.035 -1.882 -1.710 -1.513 -1.297
-0.000 -0.000 -0.000 -0.000 -0.000 -0.000 -0.000 -0.000 -0.000 -0.000 -0.000 -0.000 -0.000 -0.000 -0.000 -0.000 -0.000 -0.000 -0.000 -0.000 -0.000 -0.000 -0.001 -0.001 -0.001 -0.001 -0.001 -0.001 -0.001 -0.002 -0.002 -0.003 -0.004 -0.005 -0.008 -0.013 -0.021 -0.036 -0.062 -0.101 -0.153 -0.215 -0.281 -0.350 -0.418 -0.479 -0.535 -0.585 -0.634 -0.682 -0.728 -0.776 -0.829 -0.884 -0.949 -1.024 -1.120 -1.249 -1.409 -1.628 -1.911 -2.243 -2.518 -2.625 -2.575 -2.421 -2.253 -2.103 -2.003 -1.867 -1.674 -1.485 -1.270 -1.085
-0.000 -0.000 -0.000 -0.000 -0.000 -0.000 -0.000 -0.000 -0.000 -0.000 -0.000 -0.000 -0.000 -0.000 -0.000 -0.000 -0.000 -0.000 -0.000 -0.000 -0.000 -0.001 -0.001 -0.001 -0.001 -0.002 -0.002 -0.002 -0.003 -0.003 -0.003 -0.005 -0.006 -0.009 -0.014 -0.023 -0.039 -0.066 -0.106 -0.159 -0.221 -0.288 -0.358 -0.423 -0.486 -0.544 -0.597 -0.651 -0.705 -0.758 -0.810 -0.858 -0.914 -0.972 -1.042 -1.134 -1.266 -1.442 -1.676 -1.977 -2.326 -2.615 -2.674 -2.551 -2.360 -2.144 -1.975 -1.866 -1.775 -1.649 -1.431 -1.233 -1.060 -0.923
-0.000 -0.000 -0.000 -0.000 -0.000 -0.000 -0.000 -0.000 -0.000 -0.000 -0.001 -0.001 -0.002 -0.002 -0.002 -0.001 -0.001 -0.001 -0.001 -0.001 -0.002 -0.002 -0.001 -0.001 -0.002 -0.003 -0.004 -0.005 -0.005 -0.005 -0.006 -0.008 -0.011 -0.016 -0.026 -0.042 -0.070 -0.111 -0.165 -0.227 -0.296 -0.365 -0.432 -0.495 -0.555 -0.617 -0.677 -0.737 -0.791 -0.840 -0.888 -0.945 -1.007 -1.070 -1.149 -1.277 -1.462 -1.718 -2.034 -2.330 -2.531 -2.631 -2.516 -2.253 -2.011 -1.828 -1.722 -1.669 -1.592 -1.422 -1.202 -1.023 -0.897 -0.818
-0.001 -0.001 -0.000 -0.000 -0.000 -0.001 -0.001 -0.001 -0.001 -0.001 -0.002 -0.003 -0.004 -0.004 -0.004 -0.004 -0.003 -0.003 -0.003 -0.003 -0.003 -0.002 -0.002 -0.002 -0.003 -0.004 -0.006 -0.008 -0.010 -0.010 -0.011 -0.014 -0.020 -0.029 -0.047 -0.075 -0.116 -0.171 -0.236 -0.305 -0.374 -0.441 -0.506 -0.568 -0.633 -0.704 -0.771 -0.833 -0.881 -0.917 -0.961 -1.025 -1.095 -1.178 -1.294 -1.476 -1.732 -2.035 -2.319 -2.482 -2.507 -2.428 -2.224 -1.950 -1.758 -1.648 -1.568 -1.508 -1.390 -1.197 -1.008 -0.875 -0.797 -0.754
-0.003 -0.002 -0.002 -0.002 -0.002 -0.002 -0.002 -0.002 -0.003 -0.005 -0.007 -0.007 -0.005 -0.006 -0.007 -0.007 -0.007 -0.007 -0.006 -0.004 -0.003 -0.003 -0.003 -0.003 -0.005 -0.007 -0.011 -0.014 -0.017 -0.018 -0.019 -0.024 -0.034 -0.052 -0.080 -0.123 -0.180 -0.245 -0.317 -0.389 -0.456 -0.520 -0.587 -0.657 -0.730 -0.807 -0.869 -0.911 -0.948 -0.983 -1.026 -1.098 -1.199 -1.310 -1.486 -1.747 -2.036 -2.298 -2.436 -2.445 -2.345 -2.151 -1.918 -1.731 -1.605 -1.513 -1.428 -1.330 -1.190 -1.005 -0.853 -0.764 -0.719 -0.702
-0.019 -0.016 -0.013 -0.012 -0.012 -0.013 -0.013 -0.013 -0.016 -0.020 -0.021 -0.017 -0.009 -0.007 -0.008 -0.008 -0.007 -0.006 -0.005 -0.003 -0.003 -0.004 -0.006 -0.006 -0.008 -0.012 -0.019 -0.024 -0.026 -0.027 -0.029 -0.037 -0.055 -0.085 -0.128 -0.185 -0.255 -0.330 -0.406 -0.477 -0.542 -0.612 -0.691 -0.769 -0.845 -0.907 -0.951 -0.975 -1.000 -1.039 -1.096 -1.184 -1.320 -1.507 -1.744 -2.033 -2.272 -2.400 -2.413 -2.299 -2.093 -1.881 -1.715 -1.588 -1.493 -1.399 -1.291 -1.166 -1.017 -0.865 -0.752 -0.686 -0.653 -0.647
-0.047 -0.047 -0.045 -0.044 -0.043 -0.042 -0.039 -0.036 -0.035 -0.034 -0.031 -0.024 -0.017 -0.012 -0.009 -0.006 -0.004 -0.004 -0.004 -0.004 -0.003 -0.007 -0.009 -0.010 -0.012 -0.018 -0.028 -0.035 -0.037 -0.038 -0.044 -0.059 -0.088 -0.132 -0.191 -0.260 -0.337 -0.418 -0.499 -0.578 -0.650 -0.726 -0.814 -0.885 -0.937 -0.977 -1.000 -1.020 -1.053 -1.104 -1.186 -1.314 -1.499 -1.748 -2.018 -2.235 -2.356 -2.366 -2.259 -2.071 -1.860 -1.690 -1.573 -1.477 -1.383 -1.279 -1.156 -1.023 -0.884 -0.762 -0.676 -0.622 -0.593 -0.594
-0.042 -0.045 -0.051 -0.055 -0.053 -0.050 -0.045 -0.038 -0.031 -0.025 -0.021 -0.021 -0.021 -0.017 -0.013 -0.008 -0.007 -0.009 -0.010 -0.010 -0.007 -0.008 -0.013 -0.017 -0.021 -0.027 -0.036 -0.045 -0.050 -0.054 -0.068 -0.097 -0.139 -0.197 -0.269 -0.347 -0.430 -0.515 -0.601 -0.695 -0.787 -0.858 -0.919 -0.967 -0.994 -1.014 -1.033 -1.066 -1.113 -1.196 -1.310 -1.489 -1.732 -1.977 -2.177 -2.300 -2.311 -2.232 -2.064 -1.866 -1.696 -1.562 -1.460 -1.366 -1.269 -1.151 -1.026 -0.896 -0.779 -0.679 -0.604 -0.555 -0.530 -0.542
-0.018 -0.013 -0.016 -0.027 -0.030 -0.026 -0.020 -0.016 -0.012 -0.009 -0.010 -0.013 -0.017 -0.019 -0.019 -0.018 -0.017 -0.016 -0.017 -0.018 -0.018 -0.019 -0.025 -0.032 -0.034 -0.037 -0.047 -0.059 -0.069 -0.080 -0.105 -0.150 -0.208 -0.278 -0.362 -0.449 -0.541 -0.636 -0.729 -0.826 -0.926 -0.993 -1.017 -1.028 -1.038 -1.048 -1.073 -1.124 -1.205 -1.318 -1.504 -1.730 -1.958 -2.139 -2.240 -2.241 -2.180 -2.041 -1.873 -1.706 -1.566 -1.457 -1.357 -1.254 -1.145 -1.026 -0.902 -0.787 -0.681 -0.598 -0.532 -0.486 -0.467 -0.492
-0.027 -0.016 -0.011 -0.011 -0.012 -0.012 -0.011 -0.009 -0.008 -0.007 -0.007 -0.009 -0.011 -0.020 -0.029 -0.029 -0.028 -0.025 -0.026 -0.028 -0.031 -0.035 -0.044 -0.053 -0.053 -0.054 -0.065 -0.081 -0.099 -0.122 -0.161 -0.220 -0.295 -0.378 -0.474 -0.579 -0.684 -0.784 -0.875 -0.955 -1.027 -1.073 -1.086 -1.083 -1.085 -1.103 -1.142 -1.217 -1.351 -1.505 -1.727 -1.958 -2.147 -2.198 -2.184 -2.111 -2.000 -1.864 -1.718 -1.575 -1.444 -1.340 -1.244 -1.142 -1.025 -0.907 -0.792 -0.685 -0.591 -0.513 -0.457 -0.421 -0.412 -0.451
-0.080 -0.070 -0.047 -0.033 -0.033 -0.034 -0.032 -0.029 -0.027 -0.027 -0.025 -0.022 -0.020 -0.019 -0.024 -0.028 -0.029 -0.031 -0.034 -0.040 -0.046 -0.051 -0.065 -0.079 -0.080 -0.081 -0.095 -0.117 -0.142 -0.183 -0.242 -0.315 -0.404 -0.509 -0.618 -0.741 -0.858 -0.955 -1.015 -1.057 -1.094 -1.114 -1.122 -1.135 -1.154 -1.194 -1.255 -1.366 -1.543 -1.761 -1.947 -2.082 -2.166 -2.173 -2.058 -1.942 -1.841 -1.723 -1.595 -1.455 -1.324 -1.213 -1.117 -1.019 -0.909 -0.794 -0.688 -0.589 -0.503 -0.437 -0.392 -0.369 -0.376 -0.428
-0.120 -0.133 -0.136 -0.098 -0.072 -0.072 -0.072 -0.071 -0.068 -0.066 -0.065 -0.062 -0.059 -0.056 -0.051 -0.046 -0.045 -0.052 -0.061 -0.069 -0.075 -0.078 -0.094 -0.113 -0.119 -0.122 -0.135 -0.165 -0.204 -0.263 -0.345 -0.439 -0.545 -0.672 -0.801 -0.917 -1.016 -1.088 -1.115 -1.130 -1.144 -1.148 -1.162 -1.203 -1.254 -1.334 -1.438 -1.556 -1.736 -1.936 -2.061 -2.129 -2.076 -2.016 -1.917 -1.785 -1.705 -1.610 -1.476 -1.325 -1.185 -1.075 -0.984 -0.896 -0.790 -0.680 -0.580 -0.491 -0.420 -0.372 -0.345 -0.337 -0.360 -0.426
-0.171 -0.173 -0.187 -0.220 -0.167 -0.129 -0.131 -0.130 -0.129 -0.129 -0.130 -0.126 -0.123 -0.120 -0.116 -0.111 -0.109 -0.111 -0.116 -0.124 -0.124 -0.126 -0.143 -0.158 -0.165 -0.173 -0.188 -0.232 -0.295 -0.372 -0.475 -0.596 -0.727 -0.858 -0.974 -1.056 -1.111 -1.151 -1.161 -1.176 -1.192 -1.201 -1.225 -1.295 -1.379 -1.480 -1.632 -1.763 -1.886 -1.995 -2.031 -2.048 -1.973 -1.830 -1.747 -1.667 -1.590 -1.492 -1.345 -1.175 -1.036 -0.933 -0.857 -0.780 -0.685 -0.580 -0.484 -0.406 -0.352 -0.324 -0.315 -0.325 -0.363 -0.438
-0.231 -0.238 -0.244 -0.256 -0.287 -0.239 -0.204 -0.204 -0.205 -0.212 -0.214 -0.210 -0.205 -0.200 -0.197 -0.193 -0.187 -0.184 -0.188 -0.191 -0.192 -0.197 -0.209 -0.218 -0.226 -0.239 -0.267 -0.331 -0.420 -0.523 -0.640 -0.773 -0.907 -1.029 -1.116 -1.160 -1.178 -1.190 -1.187 -1.203 -1.242 -1.283 -1.330 -1.412 -1.517 -1.621 -1.780 -1.913 -1.990 -2.016 -1.965 -1.914 -1.870 -1.711 -1.616 -1.573 -1.498 -1.353 -1.181 -1.016 -0.896 -0.814 -0.754 -0.688 -0.599 -0.498 -0.409 -0.344 -0.305 -0.290 -0.296 -0.325 -0.382 -0.463
-0.301 -0.313 -0.326 -0.324 -0.340 -0.354 -0.309 -0.296 -0.296 -0.306 -0.310 -0.307 -0.299 -0.292 -0.288 -0.280 -0.273 -0.269 -0.271 -0.279 -0.278 -0.275 -0.279 -0.288 -0.307 -0.335 -0.386 -0.469 -0.574 -0.697 -0.832 -0.962 -1.064 -1.152 -1.215 -1.229 -1.224 -1.223 -1.228 -1.254 -1.295 -1.345 -1.418 -1.512 -1.622 -1.719 -1.843 -1.942 -1.981 -1.969 -1.889 -1.778 -1.707 -1.644 -1.540 -1.470 -1.373 -1.178 -0.987 -0.853 -0.770 -0.720 -0.677 -0.618 -0.529 -0.430 -0.349 -0.300 -0.275 -0.270 -0.286 -0.330 -0.404 -0.488
-0.350 -0.367 -0.386 -0.400 -0.414 -0.427 -0.427 -0.399 -0.401 -0.409 -0.410 -0.403 -0.395 -0.383 -0.371 -0.367 -0.367 -0.362 -0.363 -0.372 -0.362 -0.349 -0.353 -0.376 -0.417 -0.469 -0.548 -0.656 -0.773 -0.892 -1.015 -1.125 -1.199 -1.239 -1.264 -1.263 -1.237 -1.234 -1.265 -1.315 -1.354 -1.394 -1.464 -1.583 -1.696 -1.766 -1.823 -1.856 -1.861 -1.836 -1.756 -1.647 -1.555 -1.509 -1.471 -1.346 -1.185 -0.987 -0.813 -0.718 -0.669 -0.645 -0.619 -0.565 -0.476 -0.378 -0.307 -0.268 -0.254 -0.259 -0.284 -0.341 -0.423 -0.507
-0.393 -0.417 -0.447 -0.476 -0.500 -0.522 -0.522 -0.503 -0.500 -0.500 -0.493 -0.486 -0.479 -0.464 -0.458 -0.472 -0.478 -0.469 -0.458 -0.452 -0.441 -0.433 -0.458 -0.507 -0.572 -0.646 -0.745 -0.867 -0.995 -1.113 -1.201 -1.254 -1.298 -1.298 -1.279 -1.269 -1.247 -1.248 -1.280 -1.329 -1.384 -1.451 -1.509 -1.620 -1.715 -1.782 -1.783 -1.742 -1.692 -1.664 -1.595 -1.499 -1.435 -1.377 -1.327 -1.196 -0.977 -0.800 -0.682 -0.624 -0.600 -0.592 -0.572 -0.523 -0.436 -0.341 -0.279 -0.248 -0.244 -0.259 -0.294 -0.352 -0.429 -0.512
-0.447 -0.474 -0.503 -0.526 -0.564 -0.613 -0.593 -0.581 -0.586 -0.592 -0.584 -0.571 -0.561 -0.566 -0.580 -0.601 -0.603 -0.585 -0.564 -0.555 -0.552 -0.563 -0.617 -0.691 -0.785 -0.882 -0.994 -1.095 -1.199 -1.299 -1.365 -1.381 -1.382 -1.349 -1.299 -1.270 -1.255 -1.266 -1.289 -1.316 -1.377 -1.480 -1.549 -1.615 -1.654 -1.688 -1.689 -1.607 -1.517 -1.459 -1.441 -1.376 -1.318 -1.255 -1.150 -0.993 -0.800 -0.660 -0.586 -0.555 -0.551 -0.554 -0.538 -0.489 -0.405 -0.316 -0.262 -0.239 -0.240 -0.266 -0.313 -0.364 -0.420 -0.494
-0.463 -0.497 -0.527 -0.561 -0.643 -0.649 -0.640 -0.644 -0.648 -0.668 -0.674 -0.673 -0.681 -0.700 -0.730 -0.731 -0.716 -0.701 -0.689 -0.708 -0.740 -0.780 -0.864 -0.961 -1.066 -1.182 -1.282 -1.356 -1.409 -1.460 -1.499 -1.488 -1.471 -1.429 -1.368 -1.326 -1.274 -1.276 -1.298 -1.310 -1.356 -1.434 -1.484 -1.526 -1.543 -1.540 -1.513 -1.446 -1.371 -1.284 -1.242 -1.229 -1.188 -1.097 -0.968 -0.812 -0.664 -0.566 -0.520 -0.506 -0.511 -0.520 -0.508 -0.461 -0.384 -0.303 -0.255 -0.241 -0.248 -0.280 -0.333 -0.382 -0.414 -0.463
-0.458 -0.496 -0.549 -0.621 -0.671 -0.682 -0.688 -0.696 -0.724 -0.749 -0.780 -0.792 -0.809 -0.827 -0.837 -0.841 -0.854 -0.843 -0.859 -0.923 -1.015 -1.083 -1.189 -1.279 -1.355 -1.455 -1.515 -1.580 -1.625 -1.637 -1.615 -1.582 -1.567 -1.517 -1.464 -1.420 -1.342 -1.332 -1.346 -1.346 -1.373 -1.415 -1.409 -1.399 -1.387 -1.365 -1.342 -1.272 -1.217 -1.175 -1.077 -1.039 -1.021 -0.937 -0.812 -0.683 -0.572 -0.505 -0.477 -0.473 -0.480 -0.488 -0.477 -0.436 -0.371 -0.304 -0.262 -0.255 -0.271 -0.303 -0.350 -0.392 -0.414 -0.431
-0.458 -0.510 -0.573 -0.629 -0.658 -0.673 -0.699 -0.735 -0.776 -0.803 -0.845 -0.860 -0.888 -0.916 -0.936 -0.956 -1.005 -1.050 -1.104 -1.186 -1.284 -1.364 -1.479 -1.529 -1.595 -1.654 -1.659 -1.695 -1.720 -1.738 -1.705 -1.646 -1.605 -1.573 -1.564 -1.541 -1.483 -1.471 -1.472 -1.443 -1.441 -1.461 -1.457 -1.360 -1.282 -1.215 -1.185 -1.132 -1.048 -1.009 -0.959 -0.897 -0.869 -0.803 -0.701 -0.601 -0.521 -0.474 -0.454 -0.451 -0.457 -0.461 -0.450 -0.417 -0.368 -0.321 -0.293 -0.293 -0.317 -0.351 -0.379 -0.398 -0.410 -0.415
-0.440 -0.492 -0.537 -0.581 -0.611 -0.634 -0.684 -0.746 -0.780 -0.823 -0.868 -0.896 -0.947 -0.993 -1.037 -1.085 -1.155 -1.248 -1.321 -1.414 -1.478 -1.557 -1.640 -1.658 -1.726 -1.749 -1.734 -1.742 -1.718 -1.714 -1.689 -1.624 -1.566 -1.544 -1.561 -1.577 -1.551 -1.532 -1.512 -1.482 -1.460 -1.464 -1.492 -1.450 -1.324 -1.187 -1.065 -0.991 -0.911 -0.840 -0.810 -0.787 -0.759 -0.710 -0.636 -0.556 -0.498 -0.469 -0.459 -0.458 -0.462 -0.462 -0.450 -0.423 -0.393 -0.370 -0.360 -0.366 -0.389 -0.428 -0.452 -0.438 -0.412 -0.406
-0.365 -0.402 -0.449 -0.492 -0.540 -0.595 -0.662 -0.728 -0.764 -0.823 -0.871 -0.908 -0.975 -1.022 -1.061 -1.114 -1.189 -1.294 -1.379 -1.476 -1.519 -1.589 -1.640 -1.646 -1.701 -1.723 -1.710 -1.710 -1.667 -1.615 -1.576 -1.529 -1.493 -1.462 -1.450 -1.468 -1.461 -1.428 -1.381 -1.336 -1.325 -1.321 -1.335 -1.342 -1.298 -1.223 -1.063 -0.889 -0.782 -0.708 -0.678 -0.679 -0.673 -0.646 -0.606 -0.557 -0.520 -0.506 -0.503 -0.501 -0.503 -0.504 -0.498 -0.478 -0.455 -0.434 -0.416 -0.412 -0.427 -0.458 -0.506 -0.522 -0.477 -0.419
-0.261 -0.299 -0.349 -0.415 -0.486 -0.545 -0.618 -0.687 -0.730 -0.797 -0.848 -0.886 -0.948 -0.987 -1.028 -1.057 -1.128 -1.231 -1.339 -1.428 -1.472 -1.525 -1.558 -1.548 -1.573 -1.564 -1.541 -1.537 -1.480 -1.426 -1.390 -1.362 -1.335 -1.295 -1.288 -1.275 -1.256 -1.209 -1.161 -1.130 -1.105 -1.072 -1.030 -1.005 -0.996 -1.002 -0.982 -0.828 -0.667 -0.583 -0.569 -0.580 -0.589 -0.595 -0.593 -0.582 -0.568 -0.551 -0.529 -0.507 -0.496 -0.496 -0.500 -0.493 -0.476 -0.452 -0.427 -0.420 -0.431 -0.445 -0.481 -0.533 -0.530 -0.457
