AvaFrame/avaframe/data/avaSalk/Avaflow_Input_Output/slk_results/slk_ascii/slk_basechange0015.asc
ncols 296
nrows 144
xllcenter 761600.00
yllcenter 8523000.00
cellsize 12.50
NODATA_value -9999.000
[rows 33 to 65 of 144, columns 222 to 295 of 296]
0.000 0.000 0.000 0.000 -0.000 -0.000 -0.000 -0.000 -0.000 -0.000 -0.000 -0.000 -0.000 -0.000 -0.000 -0.000 -0.000 -0.000 -0.000 -0.000 -0.000 -0.001 -0.001 -0.001 -0.002 -0.004 -0.007 -0.014 -0.026 -0.045 -0.071 -0.104 -0.146 -0.196 -0.267 -0.343 -0.426 -0.520 -0.599 -0.672 -0.727 -0.749 -0.724 -0.663 -0.572 -0.410 -0.204 -0.072 -0.021 -0.004 -0.001 -0.000 -0.000 -0.000 -0.000 0.000 0.000 0.000 0.000 0.000 0.000 0.000 0.000 0.000 0.000 0.000 0.000 0.000 0.000 0.000 0.000 0.000 0.000 0.000
0.000 0.000 0.000 -0.000 -0.000 -0.000 -0.000 -0.000 -0.000 -0.000 -0.000 -0.000 -0.000 -0.000 -0.000 -0.000 -0.000 -0.000 -0.000 -0.001 -0.001 -0.001 -0.002 -0.004 -0.007 -0.014 -0.026 -0.046 -0.074 -0.109 -0.150 -0.195 -0.249 -0.312 -0.409 -0.533 -0.669 -0.817 -0.934 -1.009 -1.048 -1.029 -0.956 -0.837 -0.679 -0.461 -0.226 -0.072 -0.020 -0.004 -0.001 -0.000 -0.000 -0.000 -0.000 0.000 0.000 0.000 0.000 0.000 0.000 0.000 0.000 0.000 0.000 0.000 0.000 0.000 0.000 0.000 0.000 0.000 0.000 0.000
0.000 -0.000 -0.000 -0.000 -0.000 -0.000 -0.000 -0.000 -0.000 -0.000 -0.000 -0.000 -0.000 -0.000 -0.000 -0.000 -0.000 -0.001 -0.001 -0.001 -0.002 -0.003 -0.006 -0.012 -0.024 -0.044 -0.073 -0.111 -0.155 -0.203 -0.254 -0.311 -0.376 -0.465 -0.610 -0.815 -1.053 -1.317 -1.522 -1.617 -1.649 -1.582 -1.405 -1.135 -0.840 -0.532 -0.241 -0.079 -0.021 -0.005 -0.001 -0.000 -0.000 -0.000 -0.000 -0.000 0.000 0.000 0.000 0.000 0.000 0.000 0.000 0.000 0.000 0.000 0.000 0.000 0.000 0.000 0.000 0.000 0.000 0.000
-0.000 -0.000 -0.000 -0.000 -0.000 -0.000 -0.000 -0.000 -0.000 -0.000 -0.000 -0.000 -0.000 -0.000 -0.000 -0.000 -0.001 -0.001 -0.002 -0.003 -0.005 -0.010 -0.020 -0.040 -0.069 -0.108 -0.154 -0.204 -0.257 -0.313 -0.373 -0.444 -0.529 -0.684 -0.942 -1.250 -1.589 -1.989 -2.324 -2.499 -2.547 -2.486 -2.239 -1.762 -1.209 -0.672 -0.274 -0.086 -0.023 -0.005 -0.001 -0.000 -0.000 -0.000 -0.000 -0.000 0.000 0.000 0.000 0.000 0.000 0.000 0.000 0.000 0.000 0.000 0.000 0.000 0.000 0.000 0.000 0.000 0.000 0.000
-0.000 -0.000 -0.000 -0.000 -0.000 -0.000 -0.000 -0.000 -0.000 -0.000 -0.000 -0.000 -0.000 -0.000 -0.001 -0.001 -0.001 -0.002 -0.004 -0.009 -0.017 -0.034 -0.062 -0.101 -0.148 -0.198 -0.252 -0.309 -0.368 -0.429 -0.495 -0.583 -0.702 -0.949 -1.369 -1.844 -2.248 -2.548 -2.751 -2.947 -3.053 -3.080 -2.874 -2.478 -1.838 -0.981 -0.346 -0.093 -0.023 -0.005 -0.001 -0.000 -0.000 -0.000 -0.000 -0.000 0.000 0.000 0.000 0.000 0.000 0.000 0.000 0.000 0.000 0.000 0.000 0.000 0.000 0.000 0.000 0.000 0.000 0.000
-0.000 -0.000 -0.000 -0.000 -0.000 -0.000 -0.000 -0.000 -0.000 -0.000 -0.000 -0.000 -0.001 -0.001 -0.001 -0.002 -0.003 -0.006 -0.013 -0.027 -0.052 -0.090 -0.137 -0.189 -0.244 -0.300 -0.358 -0.419 -0.483 -0.551 -0.622 -0.732 -0.924 -1.309 -1.837 -2.360 -2.807 -2.874 -2.637 -2.552 -2.669 -2.844 -2.667 -2.557 -2.446 -1.457 -0.462 -0.105 -0.025 -0.006 -0.001 -0.000 -0.000 -0.000 -0.000 -0.000 0.000 0.000 0.000 0.000 0.000 0.000 0.000 0.000 0.000 0.000 0.000 0.000 0.000 0.000 0.000 0.000 0.000 0.000
-0.000 -0.000 -0.000 -0.000 -0.000 -0.000 -0.000 -0.000 -0.000 -0.000 -0.001 -0.001 -0.001 -0.002 -0.003 -0.005 -0.009 -0.019 -0.040 -0.075 -0.121 -0.174 -0.231 -0.290 -0.350 -0.413 -0.476 -0.543 -0.612 -0.685 -0.771 -0.913 -1.241 -1.770 -2.248 -2.583 -2.953 -3.007 -2.702 -2.172 -1.819 -2.003 -2.082 -2.269 -2.635 -1.799 -0.523 -0.110 -0.026 -0.006 -0.002 -0.000 -0.000 -0.000 -0.000 -0.000 0.000 0.000 0.000 0.000 0.000 0.000 0.000 0.000 0.000 0.000 0.000 0.000 0.000 0.000 0.000 0.000 0.000 0.000
-0.000 -0.000 -0.000 -0.000 -0.000 -0.000 -0.000 -0.000 -0.001 -0.001 -0.001 -0.002 -0.002 -0.004 -0.007 -0.014 -0.028 -0.056 -0.100 -0.155 -0.215 -0.276 -0.338 -0.405 -0.471 -0.541 -0.610 -0.684 -0.763 -0.848 -0.957 -1.156 -1.613 -2.083 -2.279 -2.467 -2.784 -2.690 -2.594 -2.199 -1.744 -1.743 -1.640 -2.273 -2.667 -1.847 -0.522 -0.104 -0.025 -0.006 -0.002 -0.001 -0.000 -0.000 -0.000 -0.000 0.000 0.000 0.000 0.000 0.000 0.000 0.000 0.000 0.000 0.000 0.000 0.000 0.000 0.000 0.000 0.000 0.000 0.000
-0.000 -0.000 -0.000 -0.000 -0.000 -0.000 -0.000 -0.001 -0.001 -0.001 -0.002 -0.003 -0.005 -0.010 -0.020 -0.041 -0.078 -0.132 -0.196 -0.261 -0.326 -0.396 -0.465 -0.538 -0.614 -0.691 -0.769 -0.849 -0.942 -1.044 -1.201 -1.487 -1.944 -2.211 -2.155 -2.158 -2.338 -2.186 -2.289 -2.072 -1.705 -1.790 -1.712 -2.451 -2.640 -1.555 -0.439 -0.092 -0.023 -0.005 -0.002 -0.001 -0.000 -0.000 -0.000 -0.000 0.000 0.000 0.000 0.000 0.000 0.000 0.000 0.000 0.000 0.000 0.000 0.000 0.000 0.000 0.000 0.000 0.000 0.000
-0.000 -0.000 -0.000 -0.000 -0.000 -0.001 -0.001 -0.001 -0.002 -0.003 -0.005 -0.008 -0.015 -0.029 -0.060 -0.110 -0.178 -0.252 -0.327 -0.400 -0.472 -0.545 -0.625 -0.707 -0.792 -0.880 -0.971 -1.063 -1.174 -1.310 -1.534 -1.920 -2.278 -2.359 -2.200 -2.160 -2.187 -2.087 -2.374 -2.239 -1.929 -1.897 -1.834 -2.382 -2.147 -1.048 -0.297 -0.073 -0.019 -0.005 -0.002 -0.001 -0.000 -0.000 -0.000 -0.000 0.000 0.000 0.000 0.000 0.000 0.000 0.000 0.000 0.000 0.000 0.000 0.000 0.000 0.000 0.000 0.000 0.000 0.000
-0.000 -0.000 -0.000 -0.001 -0.001 -0.001 -0.002 -0.003 -0.004 -0.007 -0.013 -0.024 -0.046 -0.088 -0.153 -0.236 -0.322 -0.407 -0.490 -0.572 -0.655 -0.740 -0.835 -0.933 -1.032 -1.137 -1.245 -1.367 -1.515 -1.730 -2.015 -2.398 -2.621 -2.596 -2.445 -2.349 -2.307 -2.176 -2.281 -2.192 -2.005 -1.942 -1.998 -2.074 -1.456 -0.627 -0.177 -0.052 -0.014 -0.004 -0.002 -0.001 -0.000 -0.000 -0.000 -0.000 0.000 0.000 0.000 0.000 0.000 0.000 0.000 0.000 0.000 0.000 0.000 0.000 0.000 0.000 0.000 0.000 0.000 0.000
-0.000 -0.001 -0.001 -0.001 -0.002 -0.002 -0.004 -0.006 -0.011 -0.021 -0.040 -0.075 -0.133 -0.213 -0.308 -0.406 -0.496 -0.584 -0.673 -0.775 -0.880 -0.994 -1.125 -1.255 -1.381 -1.519 -1.675 -1.855 -2.095 -2.419 -2.753 -2.976 -3.057 -2.998 -2.954 -2.809 -2.649 -2.525 -2.571 -2.532 -2.309 -2.125 -1.965 -1.548 -0.834 -0.332 -0.108 -0.035 -0.010 -0.003 -0.001 -0.001 -0.000 -0.000 -0.000 -0.000 0.000 0.000 0.000 0.000 0.000 0.000 0.000 0.000 0.000 0.000 0.000 0.000 0.000 0.000 0.000 0.000 0.000 0.000
-0.001 -0.001 -0.002 -0.002 -0.003 -0.005 -0.009 -0.017 -0.034 -0.065 -0.117 -0.192 -0.291 -0.395 -0.497 -0.597 -0.697 -0.802 -0.911 -1.047 -1.207 -1.370 -1.558 -1.761 -1.958 -2.169 -2.422 -2.704 -3.011 -3.325 -3.619 -3.746 -3.697 -3.582 -3.561 -3.513 -3.377 -3.229 -3.120 -2.839 -2.461 -1.953 -1.460 -0.861 -0.397 -0.156 -0.060 -0.021 -0.007 -0.003 -0.001 -0.000 -0.000 -0.000 -0.000 -0.000 0.000 0.000 0.000 0.000 0.000 0.000 0.000 0.000 0.000 0.000 0.000 0.000 0.000 0.000 0.000 0.000 0.000 0.000
-0.001 -0.002 -0.003 -0.005 -0.008 -0.014 -0.026 -0.052 -0.099 -0.167 -0.257 -0.362 -0.475 -0.592 -0.701 -0.819 -0.950 -1.096 -1.267 -1.474 -1.731 -2.006 -2.276 -2.556 -2.838 -3.094 -3.370 -3.655 -3.877 -4.015 -4.101 -4.151 -4.076 -3.903 -3.809 -3.680 -3.441 -3.129 -2.767 -2.345 -1.806 -1.221 -0.722 -0.372 -0.166 -0.071 -0.031 -0.012 -0.005 -0.002 -0.001 -0.000 -0.000 -0.000 -0.000 -0.000 0.000 0.000 0.000 0.000 0.000 0.000 0.000 0.000 0.000 0.000 0.000 0.000 0.000 0.000 0.000 0.000 0.000 0.000
-0.003 -0.004 -0.007 -0.011 -0.021 -0.042 -0.079 -0.139 -0.222 -0.323 -0.429 -0.544 -0.665 -0.800 -0.943 -1.105 -1.308 -1.539 -1.817 -2.163 -2.538 -2.908 -3.221 -3.456 -3.619 -3.741 -3.878 -4.045 -4.160 -4.154 -4.059 -3.982 -3.827 -3.553 -3.312 -3.003 -2.554 -2.040 -1.621 -1.244 -0.878 -0.545 -0.302 -0.154 -0.073 -0.034 -0.016 -0.007 -0.003 -0.001 -0.001 -0.000 -0.000 -0.000 -0.000 0.000 0.000 0.000 0.000 0.000 0.000 0.000 0.000 0.000 0.000 0.000 0.000 0.000 0.000 0.000 0.000 0.000 0.000 0.000
-0.006 -0.010 -0.017 -0.033 -0.063 -0.115 -0.192 -0.287 -0.391 -0.505 -0.622 -0.748 -0.894 -1.064 -1.264 -1.512 -1.828 -2.204 -2.601 -3.029 -3.413 -3.676 -3.812 -3.873 -3.876 -3.859 -3.883 -3.942 -3.927 -3.786 -3.502 -3.188 -2.870 -2.492 -2.125 -1.762 -1.391 -1.068 -0.814 -0.598 -0.407 -0.251 -0.142 -0.076 -0.039 -0.019 -0.009 -0.004 -0.002 -0.001 -0.001 -0.000 -0.000 -0.000 -0.000 0.000 0.000 0.000 0.000 0.000 0.000 0.000 0.000 0.000 0.000 0.000 0.000 0.000 0.000 0.000 0.000 0.000 0.000 0.000
-0.015 -0.027 -0.052 -0.095 -0.162 -0.249 -0.353 -0.464 -0.582 -0.713 -0.860 -1.020 -1.216 -1.463 -1.747 -2.101 -2.535 -3.013 -3.406 -3.689 -3.839 -3.880 -3.819 -3.736 -3.641 -3.523 -3.440 -3.341 -3.169 -2.892 -2.536 -2.147 -1.785 -1.485 -1.237 -1.023 -0.826 -0.642 -0.486 -0.354 -0.244 -0.153 -0.088 -0.047 -0.023 -0.011 -0.006 -0.003 -0.001 -0.001 -0.000 -0.000 -0.000 -0.000 -0.000 0.000 0.000 0.000 0.000 0.000 0.000 0.000 0.000 0.000 0.000 0.000 0.000 0.000 0.000 0.000 0.000 0.000 0.000 0.000
-0.043 -0.080 -0.139 -0.220 -0.321 -0.430 -0.542 -0.665 -0.805 -0.969 -1.168 -1.404 -1.675 -2.018 -2.409 -2.834 -3.274 -3.642 -3.825 -3.847 -3.764 -3.599 -3.361 -3.135 -2.937 -2.753 -2.610 -2.468 -2.266 -2.011 -1.733 -1.459 -1.209 -1.007 -0.848 -0.710 -0.577 -0.453 -0.345 -0.251 -0.169 -0.103 -0.057 -0.028 -0.013 -0.007 -0.004 -0.002 -0.001 -0.001 -0.000 -0.000 -0.000 -0.000 -0.000 0.000 0.000 0.000 0.000 0.000 0.000 0.000 0.000 0.000 0.000 0.000 0.000 0.000 0.000 0.000 0.000 0.000 0.000 0.000
-0.115 -0.189 -0.284 -0.393 -0.508 -0.633 -0.764 -0.913 -1.094 -1.310 -1.574 -1.881 -2.230 -2.622 -3.042 -3.426 -3.710 -3.804 -3.727 -3.512 -3.221 -2.900 -2.600 -2.359 -2.185 -2.052 -1.948 -1.835 -1.671 -1.461 -1.249 -1.059 -0.895 -0.758 -0.639 -0.535 -0.433 -0.339 -0.258 -0.185 -0.119 -0.067 -0.033 -0.016 -0.008 -0.004 -0.002 -0.001 -0.001 -0.000 -0.000 -0.000 -0.000 -0.000 0.000 0.000 0.000 0.000 0.000 0.000 0.000 0.000 0.000 0.000 0.000 0.000 0.000 0.000 0.000 0.000 0.000 0.000 0.000 0.000
-0.250 -0.351 -0.461 -0.583 -0.712 -0.853 -1.019 -1.210 -1.442 -1.713 -2.037 -2.383 -2.751 -3.109 -3.436 -3.656 -3.672 -3.492 -3.179 -2.800 -2.415 -2.117 -1.908 -1.785 -1.716 -1.647 -1.562 -1.447 -1.292 -1.115 -0.954 -0.818 -0.699 -0.600 -0.509 -0.421 -0.338 -0.260 -0.193 -0.133 -0.079 -0.041 -0.020 -0.010 -0.005 -0.003 -0.002 -0.001 -0.001 -0.000 -0.000 -0.000 -0.000 -0.000 0.000 0.000 0.000 0.000 0.000 0.000 0.000 0.000 0.000 0.000 0.000 0.000 0.000 0.000 0.000 0.000 0.000 0.000 0.000 0.000
-0.431 -0.542 -0.662 -0.793 -0.941 -1.110 -1.307 -1.536 -1.818 -2.125 -2.462 -2.798 -3.123 -3.387 -3.512 -3.500 -3.280 -2.880 -2.451 -2.061 -1.775 -1.608 -1.520 -1.477 -1.457 -1.406 -1.306 -1.175 -1.029 -0.884 -0.758 -0.656 -0.571 -0.491 -0.415 -0.341 -0.269 -0.202 -0.143 -0.092 -0.051 -0.025 -0.013 -0.007 -0.004 -0.002 -0.001 -0.001 -0.000 -0.000 -0.000 -0.000 -0.000 -0.000 0.000 0.000 0.000 0.000 0.000 0.000 0.000 0.000 0.000 0.000 0.000 0.000 0.000 0.000 0.000 0.000 0.000 0.000 0.000 0.000
-0.612 -0.738 -0.871 -1.022 -1.194 -1.392 -1.625 -1.888 -2.186 -2.502 -2.805 -3.081 -3.296 -3.400 -3.292 -3.037 -2.698 -2.260 -1.876 -1.610 -1.446 -1.362 -1.322 -1.306 -1.281 -1.214 -1.098 -0.961 -0.827 -0.715 -0.621 -0.540 -0.472 -0.408 -0.342 -0.275 -0.214 -0.157 -0.106 -0.063 -0.033 -0.017 -0.008 -0.005 -0.002 -0.001 -0.001 -0.000 -0.000 -0.000 -0.000 -0.000 -0.000 0.000 0.000 0.000 0.000 0.000 0.000 0.000 0.000 0.000 0.000 0.000 0.000 0.000 0.000 0.000 0.000 0.000 0.000 0.000 0.000 0.000
-0.790 -0.925 -1.077 -1.251 -1.452 -1.683 -1.945 -2.238 -2.515 -2.797 -3.038 -3.216 -3.261 -3.155 -2.883 -2.506 -2.122 -1.789 -1.545 -1.387 -1.294 -1.245 -1.218 -1.190 -1.135 -1.042 -0.916 -0.784 -0.670 -0.581 -0.514 -0.454 -0.397 -0.340 -0.281 -0.223 -0.169 -0.120 -0.077 -0.043 -0.022 -0.011 -0.006 -0.003 -0.002 -0.001 -0.001 -0.000 -0.000 -0.000 -0.000 -0.000 -0.000 0.000 0.000 0.000 0.000 0.000 0.000 0.000 0.000 0.000 0.000 0.000 0.000 0.000 0.000 0.000 0.000 0.000 0.000 0.000 0.000 0.000
-0.990 -1.132 -1.298 -1.494 -1.720 -1.976 -2.247 -2.519 -2.767 -2.986 -3.117 -3.155 -3.047 -2.788 -2.431 -2.047 -1.707 -1.470 -1.332 -1.260 -1.214 -1.179 -1.145 -1.090 -0.999 -0.881 -0.755 -0.640 -0.550 -0.482 -0.429 -0.383 -0.337 -0.286 -0.231 -0.179 -0.133 -0.091 -0.055 -0.029 -0.015 -0.008 -0.004 -0.002 -0.001 -0.001 -0.000 -0.000 -0.000 -0.000 -0.000 -0.000 0.000 0.000 0.000 0.000 0.000 0.000 0.000 0.000 0.000 0.000 0.000 0.000 0.000 0.000 0.000 0.000 0.000 0.000 0.000 0.000 0.000 0.000
-1.195 -1.352 -1.544 -1.752 -1.984 -2.236 -2.484 -2.713 -2.898 -3.036 -3.043 -2.913 -2.684 -2.355 -1.970 -1.631 -1.402 -1.269 -1.197 -1.166 -1.152 -1.118 -1.057 -0.971 -0.860 -0.733 -0.617 -0.526 -0.459 -0.408 -0.365 -0.324 -0.283 -0.238 -0.190 -0.144 -0.103 -0.067 -0.038 -0.019 -0.010 -0.005 -0.003 -0.002 -0.001 -0.001 -0.000 -0.000 -0.000 -0.000 -0.000 -0.000 0.000 0.000 0.000 0.000 0.000 0.000 0.000 0.000 0.000 0.000 0.000 0.000 0.000 0.000 0.000 0.000 0.000 0.000 0.000 0.000 0.000 0.000
-1.391 -1.562 -1.774 -1.995 -2.209 -2.444 -2.652 -2.825 -2.928 -2.947 -2.849 -2.603 -2.269 -1.891 -1.554 -1.309 -1.174 -1.118 -1.105 -1.100 -1.088 -1.041 -0.949 -0.836 -0.714 -0.596 -0.505 -0.436 -0.386 -0.346 -0.311 -0.275 -0.235 -0.194 -0.153 -0.114 -0.079 -0.049 -0.026 -0.013 -0.006 -0.003 -0.002 -0.001 -0.001 -0.000 -0.000 -0.000 -0.000 -0.000 -0.000 0.000 0.000 0.000 0.000 0.000 0.000 0.000 0.000 0.000 0.000 0.000 0.000 0.000 0.000 0.000 0.000 0.000 0.000 0.000 0.000 0.000 0.000 0.000
-1.580 -1.768 -1.977 -2.193 -2.389 -2.584 -2.771 -2.857 -2.859 -2.758 -2.555 -2.245 -1.874 -1.527 -1.275 -1.124 -1.052 -1.031 -1.034 -1.037 -1.014 -0.941 -0.825 -0.700 -0.581 -0.486 -0.418 -0.368 -0.330 -0.297 -0.266 -0.232 -0.194 -0.157 -0.121 -0.089 -0.060 -0.035 -0.018 -0.008 -0.004 -0.002 -0.001 -0.001 -0.000 -0.000 -0.000 -0.000 -0.000 -0.000 -0.000 0.000 0.000 0.000 0.000 0.000 0.000 0.000 0.000 0.000 0.000 0.000 0.000 0.000 0.000 0.000 0.000 0.000 0.000 0.000 0.000 0.000 0.000 0.000
-1.766 -1.964 -2.156 -2.350 -2.522 -2.668 -2.782 -2.806 -2.712 -2.503 -2.199 -1.855 -1.518 -1.264 -1.114 -1.030 -0.996 -0.997 -0.999 -0.977 -0.921 -0.823 -0.692 -0.574 -0.478 -0.408 -0.357 -0.318 -0.286 -0.257 -0.229 -0.196 -0.161 -0.128 -0.097 -0.069 -0.044 -0.025 -0.012 -0.006 -0.003 -0.002 -0.001 -0.001 -0.000 -0.000 -0.000 -0.000 -0.000 -0.000 -0.000 0.000 0.000 0.000 0.000 0.000 0.000 0.000 0.000 0.000 0.000 0.000 0.000 0.000 0.000 0.000 0.000 0.000 0.000 0.000 0.000 0.000 0.000 0.000
-1.947 -2.128 -2.313 -2.467 -2.597 -2.685 -2.719 -2.660 -2.492 -2.199 -1.835 -1.503 -1.254 -1.097 -1.020 -0.986 -0.974 -0.978 -0.960 -0.907 -0.813 -0.689 -0.566 -0.471 -0.402 -0.351 -0.311 -0.278 -0.249 -0.223 -0.196 -0.166 -0.134 -0.105 -0.079 -0.055 -0.033 -0.018 -0.009 -0.004 -0.002 -0.001 -0.001 -0.000 -0.000 -0.000 -0.000 -0.000 -0.000 -0.000 -0.000 0.000 0.000 0.000 0.000 0.000 0.000 0.000 0.000 0.000 0.000 0.000 0.000 0.000 0.000 0.000 0.000 0.000 0.000 0.000 0.000 0.000 0.000 0.000
-2.109 -2.263 -2.420 -2.536 -2.607 -2.620 -2.584 -2.461 -2.207 -1.858 -1.509 -1.253 -1.093 -1.010 -0.970 -0.968 -0.964 -0.944 -0.893 -0.804 -0.684 -0.560 -0.463 -0.396 -0.347 -0.307 -0.274 -0.244 -0.218 -0.193 -0.167 -0.140 -0.113 -0.088 -0.064 -0.042 -0.024 -0.013 -0.006 -0.003 -0.002 -0.001 -0.000 -0.000 -0.000 -0.000 -0.000 -0.000 -0.000 -0.000 -0.000 0.000 0.000 0.000 0.000 0.000 0.000 0.000 0.000 0.000 0.000 0.000 0.000 0.000 0.000 0.000 0.000 0.000 0.000 0.000 0.000 0.000 0.000 0.000
-2.250 -2.377 -2.477 -2.535 -2.541 -2.504 -2.397 -2.203 -1.900 -1.544 -1.262 -1.093 -1.006 -0.968 -0.955 -0.953 -0.938 -0.877 -0.787 -0.674 -0.554 -0.454 -0.387 -0.340 -0.304 -0.272 -0.242 -0.215 -0.190 -0.166 -0.143 -0.119 -0.096 -0.072 -0.049 -0.030 -0.017 -0.009 -0.004 -0.002 -0.001 -0.001 -0.000 -0.000 -0.000 -0.000 -0.000 -0.000 -0.000 -0.000 -0.000 0.000 0.000 0.000 0.000 0.000 0.000 0.000 0.000 0.000 0.000 0.000 0.000 0.000 0.000 0.000 0.000 0.000 0.000 0.000 0.000 0.000 0.000 0.000
-2.356 -2.438 -2.485 -2.479 -2.439 -2.356 -2.199 -1.922 -1.581 -1.295 -1.106 -1.003 -0.957 -0.948 -0.945 -0.927 -0.875 -0.776 -0.658 -0.546 -0.449 -0.378 -0.330 -0.296 -0.268 -0.242 -0.215 -0.189 -0.165 -0.143 -0.122 -0.101 -0.080 -0.057 -0.035 -0.020 -0.011 -0.005 -0.003 -0.001 -0.001 -0.000 -0.000 -0.000 -0.000 -0.000 -0.000 -0.000 -0.000 -0.000 -0.000 0.000 0.000 0.000 0.000 0.000 0.000 0.000 0.000 0.000 0.000 0.000 0.000 0.000 0.000 0.000 0.000 0.000 0.000 0.000 0.000 0.000 0.000 0.000
-2.414 -2.445 -2.448 -2.413 -2.332 -2.184 -1.950 -1.623 -1.311 -1.112 -1.007 -0.949 -0.926 -0.923 -0.905 -0.858 -0.777 -0.659 -0.542 -0.445 -0.373 -0.323 -0.286 -0.258 -0.235 -0.213 -0.189 -0.165 -0.143 -0.123 -0.104 -0.084 -0.064 -0.042 -0.023 -0.013 -0.007 -0.004 -0.002 -0.001 -0.001 -0.000 -0.000 -0.000 -0.000 -0.000 -0.000 -0.000 -0.000 -0.000 -0.000 0.000 0.000 0.000 0.000 0.000 0.000 0.000 0.000 0.000 0.000 0.000 0.000 0.000 0.000 0.000 0.000 0.000 0.000 0.000 0.000 0.000 0.000 0.000
