AvaFrame/avaframe/data/avaSalk/Avaflow_Input_Output/slk_results/slk_ascii/slk_vfront.asc
ncols 296
nrows 144
xllcenter 761600.00
yllcenter 8523000.00
cellsize 12.50
NODATA_value -9999.000
[rows 56 to 83 of 144, columns 189 to 251 of 296]
-9999.000 -9999.000 -9999.000 -9999.000 -9999.000 -9999.000 -9999.000 -9999.000 -9999.000 -9999.000 -9999.000 -9999.000 -9999.000 -9999.000 -9999.000 -9999.000 -9999.000 -9999.000 -9999.000 -9999.000 9.688 10.684 11.996 12.451 14.901 16.570 16.881 15.176 18.451 21.578 14.932 15.326 15.621 14.928 27.741 24.802 21.341 18.123 14.247 24.497 18.290 27.552 20.445 26.075 15.397 17.872 8.865 9.956 10.629 11.039 11.199 11.121 10.830 4.846 4.616 4.257 3.810 5.932 4.887 3.968 4.713 3.633 3.921
-9999.000 -9999.000 -9999.000 -9999.000 -9999.000 -9999.000 -9999.000 -9999.000 -9999.000 -9999.000 -9999.000 -9999.000 -9999.000 -9999.000 -9999.000 -9999.000 -9999.000 -9999.000 -9999.000 9.894 11.247 12.648 13.918 12.986 13.189 17.069 13.847 16.552 19.323 21.017 21.841 21.469 18.981 16.005 13.210 24.606 20.122 14.812 24.622 17.530 25.877 16.656 20.054 9.750 11.357 12.547 13.372 13.885 6.132 6.180 6.084 5.844 5.458 4.959 4.365 3.730 5.847 4.592 3.568 4.201 3.141 3.373 3.485
-9999.000 -9999.000 -9999.000 -9999.000 -9999.000 -9999.000 -9999.000 -9999.000 -9999.000 -9999.000 -9999.000 -9999.000 -9999.000 -9999.000 -9999.000 -9999.000 -9999.000 9.910 10.627 11.344 12.776 12.655 13.621 18.178 16.532 19.895 13.602 14.777 15.207 14.564 27.521 24.020 19.649 15.855 27.931 21.299 14.855 24.269 16.179 23.393 27.877 14.069 15.669 16.496 7.245 7.635 7.888 7.996 7.948 7.729 7.266 6.567 5.718 4.821 3.947 6.201 4.640 3.408 3.920 4.162 2.974 3.038 3.046
-9999.000 -9999.000 -9999.000 -9999.000 -9999.000 -9999.000 -9999.000 -9999.000 -9999.000 -9999.000 -9999.000 -9999.000 -9999.000 -9999.000 -9999.000 -9999.000 10.221 11.331 12.176 12.517 13.845 14.056 18.194 14.962 17.468 19.207 19.929 20.904 19.315 16.281 29.132 24.209 18.884 13.166 22.388 15.243 23.593 15.010 19.620 22.250 9.239 10.005 10.290 10.303 10.218 10.076 9.908 9.687 9.340 8.809 7.994 6.886 5.644 4.461 3.464 4.976 3.471 3.869 4.008 4.016 3.907 3.725 3.532
-9999.000 -9999.000 -9999.000 -9999.000 -9999.000 -9999.000 -9999.000 -9999.000 -9999.000 -9999.000 -9999.000 -9999.000 -9999.000 -9999.000 9.715 10.489 12.232 12.278 14.206 15.109 14.188 17.590 20.900 13.601 13.506 13.533 26.649 24.065 20.318 16.342 28.901 21.550 14.304 23.535 15.031 22.491 29.465 14.873 16.679 17.231 16.933 6.106 5.927 5.714 5.517 5.344 5.175 4.959 4.641 4.191 8.111 6.665 5.243 3.982 2.934 3.707 4.014 2.643 2.674 3.721 3.435 3.188 3.877
-9999.000 -9999.000 -9999.000 -9999.000 -9999.000 -9999.000 -9999.000 -9999.000 -9999.000 -9999.000 -9999.000 -9999.000 -9999.000 10.553 11.330 13.237 13.874 15.589 15.601 19.773 15.857 18.140 19.218 19.562 18.611 15.874 29.054 24.669 19.939 14.090 24.322 15.831 24.760 14.886 21.479 24.607 10.571 11.593 11.778 11.180 10.281 9.286 8.326 7.484 6.820 6.322 5.907 5.467 4.931 4.294 3.576 6.051 4.627 3.348 4.069 2.654 2.757 2.748 2.605 3.271 2.945 3.540 3.137
-9999.000 -9999.000 -9999.000 -9999.000 -9999.000 -9999.000 -9999.000 -9999.000 -9999.000 -9999.000 -9999.000 10.299 10.873 12.377 13.731 15.814 16.579 15.068 18.545 21.255 13.343 13.356 26.363 24.603 20.308 16.232 29.093 23.314 16.108 26.586 16.783 25.227 32.474 17.819 20.073 21.170 7.620 7.594 7.085 6.337 5.525 4.783 4.167 9.097 7.966 7.114 6.396 5.685 4.921 4.111 3.296 5.258 3.816 4.526 2.903 2.971 2.923 2.678 3.228 2.802 3.287 3.741 3.193
-9999.000 -9999.000 -9999.000 -9999.000 -9999.000 -9999.000 -9999.000 -9999.000 -9999.000 9.532 10.361 11.497 12.089 14.930 16.792 16.531 20.340 15.240 17.158 18.058 18.763 16.871 13.577 25.947 20.370 15.148 26.093 17.530 28.424 17.659 25.671 32.661 14.309 15.365 15.754 15.200 14.231 12.843 11.106 9.331 7.689 6.279 5.184 4.388 3.800 7.696 6.639 5.642 4.666 3.724 5.834 4.260 2.917 3.199 3.249 3.161 2.830 3.291 2.761 3.145 3.524 2.985 3.152
-9999.000 -9999.000 -9999.000 -9999.000 -9999.000 -9999.000 -9999.000 -9999.000 10.453 11.304 12.228 13.405 15.913 16.887 15.170 18.273 20.596 22.353 23.581 23.403 21.370 17.670 13.577 25.483 17.966 29.518 19.658 29.744 18.208 25.481 30.088 11.332 11.537 11.229 10.357 9.267 8.100 6.883 5.658 4.529 3.617 7.604 6.102 4.993 4.177 8.062 6.633 5.365 4.225 3.255 4.702 3.220 3.491 3.525 3.411 3.030 2.493 2.802 3.104 3.410 2.841 3.007 3.038
-9999.000 -9999.000 -9999.000 -9999.000 -9999.000 -9999.000 10.309 10.744 11.731 12.915 12.500 16.995 16.761 20.651 14.743 15.613 15.822 15.264 13.275 25.424 21.813 17.328 29.934 21.137 32.537 21.505 31.050 18.925 25.530 27.390 8.828 8.555 7.897 6.971 5.982 5.003 4.126 9.432 7.446 5.760 4.430 3.463 6.852 5.510 4.455 3.605 6.374 4.906 3.720 5.217 3.533 3.793 3.815 3.664 3.233 2.636 2.885 3.129 3.382 2.768 2.916 2.958 2.875
-9999.000 -9999.000 -9999.000 -9999.000 9.745 10.776 11.711 12.097 14.785 13.494 17.711 15.590 18.501 20.529 21.551 21.442 19.770 16.620 13.537 25.494 20.616 14.097 23.784 14.980 23.654 32.575 19.583 23.656 24.659 23.635 21.323 18.275 15.054 12.087 9.591 7.509 5.777 4.427 3.377 6.716 5.078 3.903 7.361 5.838 4.589 3.548 5.897 4.361 3.155 3.900 2.540 2.618 2.586 3.415 2.773 2.978 3.181 3.409 2.759 2.887 2.930 2.864 3.303
-9999.000 -9999.000 -9999.000 10.084 10.712 11.755 13.151 12.845 17.762 17.055 20.642 14.249 14.582 14.491 28.076 24.856 20.585 16.591 29.309 22.807 15.745 26.135 16.542 25.332 34.149 19.540 21.424 21.546 19.616 16.794 13.620 10.738 8.267 6.233 4.669 3.495 7.324 5.347 3.948 7.333 5.529 4.208 3.264 5.889 4.500 3.351 5.257 3.680 4.377 2.802 2.872 2.820 2.565 2.903 3.083 3.252 3.456 2.791 2.916 2.954 2.895 2.735 3.037
-9999.000 9.441 10.196 11.349 12.179 13.374 15.988 16.765 14.196 16.977 19.053 19.886 19.910 17.214 13.328 25.476 20.120 14.512 25.008 17.220 27.482 17.584 26.079 34.155 17.625 18.683 17.944 15.730 12.837 10.051 7.601 5.577 4.042 9.101 6.407 4.522 3.218 6.042 4.342 3.200 5.755 4.356 3.319 5.658 4.184 3.033 4.368 2.868 3.144 3.192 3.098 2.744 3.046 3.204 3.341 2.673 2.835 2.971 3.024 2.969 2.813 3.168 2.758
9.656 10.745 11.663 12.139 12.912 14.837 14.239 17.823 21.432 24.453 25.475 25.648 22.276 17.927 31.307 24.462 16.830 27.846 18.571 28.453 18.102 25.920 33.197 14.760 15.251 14.393 12.186 9.635 7.299 5.293 3.747 8.816 6.027 4.119 2.817 5.432 3.714 6.480 4.576 3.333 5.747 4.301 3.203 5.150 3.734 5.137 3.349 3.589 3.607 3.439 2.964 3.230 2.524 2.620 2.732 2.878 3.023 3.102 3.069 2.920 2.681 2.905 2.961
10.313 11.635 11.782 14.843 12.852 17.106 13.624 16.109 17.750 17.344 15.139 28.337 22.813 17.402 29.780 19.565 31.416 20.017 29.788 18.461 25.582 31.054 11.861 11.873 10.869 9.084 7.109 5.209 3.656 8.932 6.002 3.998 8.084 5.276 3.465 6.096 4.060 2.766 4.645 3.344 5.520 4.051 2.946 4.511 3.177 3.863 2.433 2.502 2.466 3.256 2.558 2.666 2.717 2.796 2.921 3.061 3.159 3.159 3.038 2.809 3.069 3.156 3.078
11.303 12.974 13.693 15.028 13.537 16.890 20.168 22.542 23.529 20.503 15.660 28.780 21.794 13.608 23.471 35.585 21.950 31.042 18.794 25.091 27.515 9.347 8.974 7.950 6.586 5.050 3.651 9.126 6.206 4.077 8.505 5.433 3.465 6.241 3.956 2.547 4.195 2.828 4.540 3.233 5.101 3.672 5.441 3.766 4.427 2.792 2.848 2.787 2.523 2.814 2.875 2.861 2.880 2.967 3.090 3.194 3.223 3.138 2.936 2.645 2.793 2.785 3.101
12.187 15.159 16.891 16.260 20.344 14.294 15.359 13.967 26.891 21.132 15.171 26.925 17.064 27.229 16.261 24.753 33.129 19.132 22.809 24.495 24.328 22.569 5.724 4.546 12.131 8.924 6.269 4.217 2.760 5.784 3.654 6.746 4.171 2.572 4.228 2.662 4.123 2.761 4.261 3.007 4.534 3.224 4.467 2.933 3.194 3.238 3.149 2.825 3.133 2.375 3.092 3.032 3.049 3.130 3.223 3.269 3.218 3.050 2.780 2.973 2.991 2.860 3.033
13.443 14.070 18.688 15.401 17.890 19.663 18.110 14.351 27.267 20.106 32.352 20.452 31.278 18.489 26.637 34.613 18.213 20.008 20.409 19.158 17.034 14.285 11.257 8.496 6.049 4.175 9.033 6.018 3.895 2.441 4.558 2.782 4.646 2.801 4.267 2.644 3.896 2.589 3.852 5.556 3.914 2.757 3.424 3.665 3.693 3.557 3.142 2.525 2.639 2.598 2.510 3.201 3.216 3.268 3.311 3.284 3.147 2.899 3.139 3.190 3.073 3.276 3.276
16.031 14.680 18.231 21.317 23.087 22.014 18.626 13.664 24.829 14.661 24.535 35.252 20.536 27.951 34.353 15.721 16.917 16.538 14.755 12.386 9.971 7.773 5.775 4.032 9.054 6.002 3.956 2.565 4.854 3.039 5.162 3.128 4.800 2.869 4.096 2.521 3.571 5.003 3.387 4.752 3.270 3.935 2.507 2.585 2.560 3.503 2.799 2.914 2.862 2.738 2.632 3.336 3.335 3.351 3.331 3.222 3.001 3.284 2.813 3.272 3.039 3.106 3.357
17.242 21.337 13.655 25.942 24.614 22.109 17.162 28.774 18.280 28.507 15.470 22.382 28.327 30.543 12.546 13.237 12.813 11.057 8.966 6.987 5.228 3.792 8.748 6.011 3.956 2.558 4.934 3.161 5.458 3.416 5.338 3.237 4.619 2.767 3.758 4.995 3.194 4.359 2.913 3.899 2.569 2.849 2.918 2.883 2.668 3.084 3.190 3.124 2.975 2.821 2.711 3.402 3.390 3.367 3.278 3.086 2.795 2.949 2.932 3.228 3.316 3.220 3.609
14.992 16.118 14.719 27.119 24.459 19.472 31.482 21.237 31.223 17.608 23.998 26.071 27.016 9.489 9.757 9.315 7.993 6.415 4.793 3.474 8.360 5.753 3.912 7.764 5.047 3.211 5.628 3.549 5.654 3.515 5.106 3.107 4.185 2.533 3.332 4.357 2.789 3.741 4.733 3.008 3.240 3.285 3.217 2.947 2.443 2.604 2.597 3.198 2.998 2.831 2.728 3.416 3.394 3.321 3.157 2.891 3.091 3.100 2.946 3.084 3.423 3.519 3.643
18.850 17.217 14.704 26.518 20.964 32.849 22.910 32.531 18.968 22.253 23.579 23.687 22.978 21.944 6.510 5.620 4.429 11.470 8.243 5.610 3.783 7.670 5.051 3.296 5.839 3.686 5.963 3.706 2.291 3.382 4.620 2.809 3.635 4.597 2.871 3.732 4.855 3.118 3.598 3.769 3.775 3.629 3.245 2.661 2.837 2.817 2.683 3.182 2.955 2.799 3.449 3.415 3.357 3.221 2.983 3.235 2.749 3.140 3.295 3.246 3.398 3.513 3.368
19.868 17.071 29.465 22.108 14.917 23.338 32.382 17.290 19.412 20.203 19.440 18.116 16.529 14.782 12.600 10.236 7.841 5.560 3.753 7.794 5.040 3.277 5.868 3.792 2.400 3.923 2.424 3.646 5.083 3.087 4.021 2.438 3.081 3.878 2.435 3.152 3.925 2.448 2.641 2.682 2.639 2.447 2.947 3.138 3.105 2.936 2.711 3.140 2.914 2.784 2.725 3.395 3.277 3.068 2.764 2.893 2.847 3.075 3.088 3.296 3.294 3.371 3.141
19.493 14.070 23.781 15.496 23.392 31.220 14.269 15.746 16.218 15.354 13.747 11.983 10.251 8.577 6.884 5.177 3.681 8.011 5.239 3.326 5.987 3.798 2.429 3.998 2.539 3.885 2.405 3.411 4.520 2.711 3.411 4.198 2.577 3.247 4.136 2.608 3.014 3.167 3.184 3.092 2.812 2.336 2.581 2.631 2.531 3.008 2.718 3.125 2.917 2.803 2.732 3.330 3.135 2.856 3.025 3.010 3.290 3.334 3.195 3.259 3.431 3.395 3.199
15.612 25.289 16.311 23.795 28.993 11.299 12.058 12.219 11.640 10.179 8.518 7.034 5.696 4.449 10.632 7.706 5.259 3.472 6.440 3.994 2.469 4.042 2.558 3.941 2.511 3.646 4.988 3.050 3.895 2.321 2.853 3.498 4.368 2.715 3.393 3.778 3.900 2.288 2.263 3.258 2.665 2.940 2.994 2.874 2.653 3.050 2.726 3.139 2.941 2.815 3.395 3.194 2.929 3.138 3.159 3.009 3.139 3.072 3.542 3.444 3.728 3.870 3.547
26.665 16.837 23.973 26.244 27.112 9.029 8.857 8.289 7.266 6.008 4.755 12.284 9.390 6.966 4.944 3.408 6.650 4.261 2.653 4.369 2.660 4.049 2.538 3.730 5.252 3.302 4.372 2.648 3.297 3.993 2.385 2.924 3.666 4.425 2.653 2.809 2.834 2.770 2.541 3.103 2.425 2.548 2.504 3.049 2.736 3.076 2.738 3.160 2.951 2.787 3.260 2.990 3.230 3.294 3.178 3.352 3.306 3.450 3.402 3.761 3.840 4.080 3.772
17.227 21.478 23.036 23.219 22.431 20.991 5.815 16.517 13.827 11.008 8.470 6.264 4.470 3.149 6.512 4.309 2.771 4.743 2.911 4.436 2.691 3.890 2.421 3.440 4.719 2.923 3.776 2.266 2.774 3.346 4.046 2.448 3.036 3.454 3.599 3.598 3.462 3.092 2.522 2.848 2.969 2.907 2.714 2.455 2.782 3.097 2.755 3.161 2.918 2.705 3.058 3.310 2.864 3.334 3.097 3.134 3.342 3.653 3.730 3.861 4.179 3.995 3.798
18.168 19.292 19.182 18.030 16.250 14.237 11.936 9.679 7.611 5.714 4.110 9.270 6.317 4.209 2.752 4.956 3.105 4.884 2.971 4.280 2.598 3.645 5.032 3.122 4.195 2.556 3.234 3.948 2.335 2.802 3.378 4.061 2.438 2.628 2.666 2.623 2.434 3.090 2.384 2.539 2.535 2.407 2.854 2.522 2.807 3.113 2.761 3.125 2.832 3.151 2.800 2.937 2.948 3.267 3.353 3.227 3.595 3.691 3.835 4.166 4.580 4.066 -9999.000
