AvaFrame/avaframe/data/avaSalk/Avaflow_Input_Output/slk_results/slk_ascii/slk_basechange0023.asc
ncols 296
nrows 144
xllcenter 761600.00
yllcenter 8523000.00
cellsize 12.50
NODATA_value -9999.000
[rows 33 to 65 of 144, columns 222 to 295 of 296]
0.000 0.000 0.000 0.000 -0.000 -0.000 -0.000 -0.000 -0.000 -0.000 -0.000 -0.000 -0.000 -0.000 -0.000 -0.000 -0.000 -0.000 -0.000 -0.000 -0.000 -0.001 -0.001 -0.001 -0.002 -0.004 -0.007 -0.014 -0.026 -0.045 -0.071 -0.104 -0.146 -0.196 -0.267 -0.343 -0.426 -0.520 -0.599 -0.672 -0.727 -0.749 -0.724 -0.663 -0.572 -0.410 -0.204 -0.072 -0.021 -0.004 -0.001 -0.000 -0.000 -0.000 -0.000 0.000 0.000 0.000 0.000 0.000 0.000 0.000 0.000 0.000 0.000 0.000 0.000 0.000 0.000 0.000 0.000 0.000 0.000 0.000
0.000 0.000 0.000 -0.000 -0.000 -0.000 -0.000 -0.000 -0.000 -0.000 -0.000 -0.000 -0.000 -0.000 -0.000 -0.000 -0.000 -0.000 -0.000 -0.001 -0.001 -0.001 -0.002 -0.004 -0.007 -0.014 -0.026 -0.046 -0.074 -0.109 -0.150 -0.195 -0.249 -0.312 -0.409 -0.533 -0.669 -0.817 -0.935 -1.010 -1.049 -1.029 -0.956 -0.837 -0.679 -0.461 -0.226 -0.072 -0.020 -0.004 -0.001 -0.000 -0.000 -0.000 -0.000 0.000 0.000 0.000 0.000 0.000 0.000 0.000 0.000 0.000 0.000 0.000 0.000 0.000 0.000 0.000 0.000 0.000 0.000 0.000
0.000 -0.000 -0.000 -0.000 -0.000 -0.000 -0.000 -0.000 -0.000 -0.000 -0.000 -0.000 -0.000 -0.000 -0.000 -0.000 -0.000 -0.001 -0.001 -0.001 -0.002 -0.003 -0.006 -0.012 -0.024 -0.044 -0.073 -0.111 -0.155 -0.203 -0.254 -0.311 -0.376 -0.465 -0.610 -0.815 -1.053 -1.318 -1.525 -1.620 -1.651 -1.583 -1.405 -1.135 -0.840 -0.532 -0.241 -0.079 -0.021 -0.005 -0.001 -0.000 -0.000 -0.000 -0.000 -0.000 0.000 0.000 0.000 0.000 0.000 0.000 0.000 0.000 0.000 0.000 0.000 0.000 0.000 0.000 0.000 0.000 0.000 0.000
-0.000 -0.000 -0.000 -0.000 -0.000 -0.000 -0.000 -0.000 -0.000 -0.000 -0.000 -0.000 -0.000 -0.000 -0.000 -0.000 -0.001 -0.001 -0.002 -0.003 -0.005 -0.010 -0.020 -0.040 -0.069 -0.108 -0.154 -0.204 -0.257 -0.313 -0.373 -0.444 -0.529 -0.684 -0.942 -1.251 -1.590 -2.005 -2.384 -2.572 -2.611 -2.529 -2.250 -1.762 -1.209 -0.672 -0.274 -0.086 -0.023 -0.005 -0.001 -0.000 -0.000 -0.000 -0.000 -0.000 0.000 0.000 0.000 0.000 0.000 0.000 0.000 0.000 0.000 0.000 0.000 0.000 0.000 0.000 0.000 0.000 0.000 0.000
-0.000 -0.000 -0.000 -0.000 -0.000 -0.000 -0.000 -0.000 -0.000 -0.000 -0.000 -0.000 -0.000 -0.000 -0.001 -0.001 -0.001 -0.002 -0.004 -0.009 -0.017 -0.034 -0.062 -0.101 -0.148 -0.198 -0.252 -0.309 -0.368 -0.429 -0.495 -0.583 -0.702 -0.949 -1.369 -1.855 -2.324 -2.747 -3.087 -3.352 -3.480 -3.472 -3.137 -2.549 -1.838 -0.981 -0.347 -0.093 -0.023 -0.005 -0.001 -0.000 -0.000 -0.000 -0.000 -0.000 0.000 0.000 0.000 0.000 0.000 0.000 0.000 0.000 0.000 0.000 0.000 0.000 0.000 0.000 0.000 0.000 0.000 0.000
-0.000 -0.000 -0.000 -0.000 -0.000 -0.000 -0.000 -0.000 -0.000 -0.000 -0.000 -0.000 -0.001 -0.001 -0.001 -0.002 -0.003 -0.006 -0.013 -0.027 -0.052 -0.090 -0.137 -0.189 -0.244 -0.300 -0.358 -0.419 -0.483 -0.551 -0.622 -0.732 -0.924 -1.311 -1.891 -2.559 -3.191 -3.357 -3.090 -2.965 -3.151 -3.393 -3.188 -2.917 -2.547 -1.461 -0.464 -0.105 -0.025 -0.006 -0.001 -0.000 -0.000 -0.000 -0.000 -0.000 0.000 0.000 0.000 0.000 0.000 0.000 0.000 0.000 0.000 0.000 0.000 0.000 0.000 0.000 0.000 0.000 0.000 0.000
-0.000 -0.000 -0.000 -0.000 -0.000 -0.000 -0.000 -0.000 -0.000 -0.000 -0.001 -0.001 -0.001 -0.002 -0.003 -0.005 -0.009 -0.019 -0.040 -0.075 -0.121 -0.174 -0.231 -0.290 -0.350 -0.413 -0.476 -0.543 -0.612 -0.685 -0.771 -0.913 -1.242 -1.837 -2.473 -2.967 -3.448 -3.518 -3.077 -2.373 -1.967 -2.272 -2.491 -2.769 -2.939 -1.835 -0.527 -0.111 -0.026 -0.006 -0.002 -0.000 -0.000 -0.000 -0.000 -0.000 0.000 0.000 0.000 0.000 0.000 0.000 0.000 0.000 0.000 0.000 0.000 0.000 0.000 0.000 0.000 0.000 0.000 0.000
-0.000 -0.000 -0.000 -0.000 -0.000 -0.000 -0.000 -0.000 -0.001 -0.001 -0.001 -0.002 -0.002 -0.004 -0.007 -0.014 -0.028 -0.056 -0.100 -0.155 -0.215 -0.276 -0.338 -0.405 -0.471 -0.541 -0.610 -0.684 -0.764 -0.848 -0.957 -1.156 -1.654 -2.273 -2.550 -2.757 -3.129 -3.049 -2.864 -2.366 -1.823 -1.831 -1.850 -2.753 -3.034 -1.893 -0.527 -0.105 -0.025 -0.006 -0.002 -0.001 -0.000 -0.000 -0.000 -0.000 0.000 0.000 0.000 0.000 0.000 0.000 0.000 0.000 0.000 0.000 0.000 0.000 0.000 0.000 0.000 0.000 0.000 0.000
-0.000 -0.000 -0.000 -0.000 -0.000 -0.000 -0.000 -0.001 -0.001 -0.001 -0.002 -0.003 -0.005 -0.010 -0.020 -0.041 -0.078 -0.132 -0.196 -0.261 -0.326 -0.396 -0.465 -0.539 -0.614 -0.691 -0.769 -0.850 -0.942 -1.045 -1.202 -1.503 -2.065 -2.427 -2.313 -2.266 -2.456 -2.326 -2.408 -2.183 -1.768 -1.878 -1.910 -2.883 -2.938 -1.583 -0.442 -0.093 -0.023 -0.005 -0.002 -0.001 -0.000 -0.000 -0.000 -0.000 0.000 0.000 0.000 0.000 0.000 0.000 0.000 0.000 0.000 0.000 0.000 0.000 0.000 0.000 0.000 0.000 0.000 0.000
-0.000 -0.000 -0.000 -0.000 -0.000 -0.001 -0.001 -0.001 -0.002 -0.003 -0.005 -0.008 -0.015 -0.029 -0.060 -0.110 -0.178 -0.252 -0.327 -0.401 -0.472 -0.545 -0.625 -0.708 -0.793 -0.881 -0.972 -1.065 -1.176 -1.313 -1.541 -1.988 -2.459 -2.541 -2.285 -2.243 -2.251 -2.125 -2.435 -2.336 -2.024 -2.008 -2.080 -2.729 -2.263 -1.056 -0.298 -0.073 -0.019 -0.005 -0.002 -0.001 -0.000 -0.000 -0.000 -0.000 0.000 0.000 0.000 0.000 0.000 0.000 0.000 0.000 0.000 0.000 0.000 0.000 0.000 0.000 0.000 0.000 0.000 0.000
-0.000 -0.000 -0.000 -0.001 -0.001 -0.001 -0.002 -0.003 -0.004 -0.007 -0.013 -0.024 -0.046 -0.088 -0.153 -0.236 -0.322 -0.407 -0.490 -0.572 -0.655 -0.740 -0.836 -0.934 -1.033 -1.139 -1.248 -1.371 -1.521 -1.744 -2.066 -2.545 -2.823 -2.735 -2.540 -2.441 -2.446 -2.274 -2.360 -2.338 -2.164 -2.104 -2.267 -2.271 -1.477 -0.629 -0.178 -0.052 -0.015 -0.004 -0.002 -0.001 -0.000 -0.000 -0.000 -0.000 0.000 0.000 0.000 0.000 0.000 0.000 0.000 0.000 0.000 0.000 0.000 0.000 0.000 0.000 0.000 0.000 0.000 0.000
-0.000 -0.001 -0.001 -0.001 -0.002 -0.002 -0.004 -0.006 -0.011 -0.021 -0.040 -0.075 -0.133 -0.213 -0.308 -0.406 -0.496 -0.584 -0.674 -0.775 -0.881 -0.995 -1.126 -1.257 -1.385 -1.525 -1.685 -1.874 -2.133 -2.495 -2.895 -3.175 -3.226 -3.103 -3.063 -2.921 -2.875 -2.873 -2.879 -2.844 -2.642 -2.367 -2.146 -1.585 -0.837 -0.333 -0.108 -0.035 -0.010 -0.004 -0.001 -0.001 -0.000 -0.000 -0.000 -0.000 0.000 0.000 0.000 0.000 0.000 0.000 0.000 0.000 0.000 0.000 0.000 0.000 0.000 0.000 0.000 0.000 0.000 0.000
-0.001 -0.001 -0.002 -0.002 -0.003 -0.005 -0.009 -0.017 -0.034 -0.065 -0.117 -0.192 -0.291 -0.395 -0.497 -0.597 -0.697 -0.802 -0.912 -1.048 -1.209 -1.373 -1.563 -1.770 -1.973 -2.196 -2.472 -2.798 -3.160 -3.533 -3.875 -3.992 -3.882 -3.739 -3.739 -3.743 -3.709 -3.708 -3.628 -3.294 -2.786 -2.111 -1.491 -0.865 -0.397 -0.157 -0.060 -0.022 -0.007 -0.003 -0.001 -0.000 -0.000 -0.000 -0.000 -0.000 0.000 0.000 0.000 0.000 0.000 0.000 0.000 0.000 0.000 0.000 0.000 0.000 0.000 0.000 0.000 0.000 0.000 0.000
-0.001 -0.002 -0.003 -0.005 -0.008 -0.014 -0.026 -0.052 -0.099 -0.167 -0.257 -0.362 -0.475 -0.592 -0.701 -0.819 -0.951 -1.097 -1.269 -1.477 -1.738 -2.020 -2.304 -2.607 -2.922 -3.228 -3.575 -3.926 -4.195 -4.353 -4.433 -4.466 -4.364 -4.181 -4.100 -3.992 -3.792 -3.465 -3.035 -2.496 -1.856 -1.232 -0.725 -0.373 -0.167 -0.071 -0.031 -0.012 -0.005 -0.002 -0.001 -0.000 -0.000 -0.000 -0.000 -0.000 0.000 0.000 0.000 0.000 0.000 0.000 0.000 0.000 0.000 0.000 0.000 0.000 0.000 0.000 0.000 0.000 0.000 0.000
-0.003 -0.004 -0.007 -0.011 -0.021 -0.042 -0.079 -0.139 -0.222 -0.323 -0.429 -0.545 -0.666 -0.800 -0.944 -1.106 -1.310 -1.542 -1.824 -2.177 -2.572 -2.986 -3.364 -3.673 -3.907 -4.084 -4.251 -4.430 -4.540 -4.506 -4.373 -4.277 -4.109 -3.814 -3.552 -3.201 -2.663 -2.084 -1.641 -1.253 -0.882 -0.547 -0.302 -0.154 -0.073 -0.034 -0.016 -0.007 -0.003 -0.001 -0.001 -0.000 -0.000 -0.000 -0.000 0.000 0.000 0.000 0.000 0.000 0.000 0.000 0.000 0.000 0.000 0.000 0.000 0.000 0.000 0.000 0.000 0.000 0.000 0.000
-0.006 -0.010 -0.017 -0.033 -0.063 -0.115 -0.192 -0.287 -0.391 -0.505 -0.622 -0.748 -0.895 -1.065 -1.265 -1.515 -1.833 -2.215 -2.627 -3.099 -3.567 -3.930 -4.148 -4.265 -4.287 -4.261 -4.263 -4.292 -4.229 -4.027 -3.683 -3.329 -2.986 -2.580 -2.178 -1.785 -1.399 -1.072 -0.817 -0.600 -0.408 -0.251 -0.142 -0.076 -0.039 -0.019 -0.009 -0.004 -0.002 -0.001 -0.001 -0.000 -0.000 -0.000 -0.000 0.000 0.000 0.000 0.000 0.000 0.000 0.000 0.000 0.000 0.000 0.000 0.000 0.000 0.000 0.000 0.000 0.000 0.000 0.000
-0.015 -0.027 -0.052 -0.095 -0.162 -0.249 -0.353 -0.464 -0.582 -0.713 -0.860 -1.020 -1.217 -1.466 -1.752 -2.109 -2.553 -3.056 -3.519 -3.913 -4.162 -4.261 -4.202 -4.085 -3.942 -3.776 -3.654 -3.516 -3.296 -2.973 -2.580 -2.170 -1.800 -1.495 -1.243 -1.027 -0.827 -0.643 -0.487 -0.355 -0.244 -0.153 -0.088 -0.047 -0.023 -0.011 -0.006 -0.003 -0.001 -0.001 -0.000 -0.000 -0.000 -0.000 -0.000 0.000 0.000 0.000 0.000 0.000 0.000 0.000 0.000 0.000 0.000 0.000 0.000 0.000 0.000 0.000 0.000 0.000 0.000 0.000
-0.043 -0.080 -0.139 -0.220 -0.321 -0.431 -0.542 -0.665 -0.805 -0.970 -1.169 -1.405 -1.678 -2.023 -2.420 -2.858 -3.333 -3.788 -4.093 -4.200 -4.138 -3.939 -3.636 -3.340 -3.087 -2.865 -2.696 -2.535 -2.314 -2.042 -1.751 -1.467 -1.213 -1.010 -0.850 -0.711 -0.578 -0.454 -0.346 -0.252 -0.170 -0.104 -0.057 -0.028 -0.013 -0.007 -0.004 -0.002 -0.001 -0.001 -0.000 -0.000 -0.000 -0.000 -0.000 0.000 0.000 0.000 0.000 0.000 0.000 0.000 0.000 0.000 0.000 0.000 0.000 0.000 0.000 0.000 0.000 0.000 0.000 0.000
-0.115 -0.189 -0.285 -0.393 -0.508 -0.633 -0.764 -0.914 -1.095 -1.311 -1.576 -1.884 -2.236 -2.636 -3.072 -3.497 -3.870 -4.083 -4.079 -3.855 -3.511 -3.117 -2.750 -2.460 -2.255 -2.105 -1.990 -1.868 -1.695 -1.477 -1.259 -1.064 -0.898 -0.761 -0.641 -0.536 -0.434 -0.340 -0.258 -0.186 -0.120 -0.067 -0.033 -0.016 -0.008 -0.004 -0.002 -0.001 -0.001 -0.000 -0.000 -0.000 -0.000 -0.000 0.000 0.000 0.000 0.000 0.000 0.000 0.000 0.000 0.000 0.000 0.000 0.000 0.000 0.000 0.000 0.000 0.000 0.000 0.000 0.000
-0.250 -0.351 -0.462 -0.583 -0.712 -0.853 -1.020 -1.211 -1.444 -1.716 -2.041 -2.391 -2.768 -3.146 -3.519 -3.826 -3.952 -3.833 -3.505 -3.060 -2.594 -2.234 -1.985 -1.841 -1.760 -1.683 -1.592 -1.469 -1.307 -1.125 -0.960 -0.821 -0.701 -0.602 -0.510 -0.422 -0.339 -0.261 -0.193 -0.133 -0.080 -0.041 -0.020 -0.010 -0.005 -0.003 -0.002 -0.001 -0.001 -0.000 -0.000 -0.000 -0.000 -0.000 0.000 0.000 0.000 0.000 0.000 0.000 0.000 0.000 0.000 0.000 0.000 0.000 0.000 0.000 0.000 0.000 0.000 0.000 0.000 0.000
-0.431 -0.543 -0.662 -0.794 -0.942 -1.111 -1.309 -1.538 -1.821 -2.131 -2.472 -2.818 -3.165 -3.480 -3.693 -3.781 -3.614 -3.198 -2.703 -2.237 -1.887 -1.679 -1.571 -1.518 -1.492 -1.434 -1.326 -1.190 -1.039 -0.890 -0.762 -0.659 -0.573 -0.492 -0.416 -0.341 -0.270 -0.203 -0.144 -0.092 -0.051 -0.025 -0.013 -0.007 -0.004 -0.002 -0.001 -0.001 -0.000 -0.000 -0.000 -0.000 -0.000 -0.000 0.000 0.000 0.000 0.000 0.000 0.000 0.000 0.000 0.000 0.000 0.000 0.000 0.000 0.000 0.000 0.000 0.000 0.000 0.000 0.000
-0.613 -0.738 -0.872 -1.023 -1.195 -1.394 -1.627 -1.892 -2.193 -2.513 -2.828 -3.128 -3.399 -3.591 -3.569 -3.362 -3.014 -2.515 -2.053 -1.724 -1.520 -1.413 -1.362 -1.339 -1.308 -1.234 -1.112 -0.970 -0.833 -0.719 -0.624 -0.542 -0.474 -0.409 -0.342 -0.276 -0.214 -0.157 -0.106 -0.063 -0.033 -0.017 -0.008 -0.005 -0.002 -0.001 -0.001 -0.000 -0.000 -0.000 -0.000 -0.000 -0.000 0.000 0.000 0.000 0.000 0.000 0.000 0.000 0.000 0.000 0.000 0.000 0.000 0.000 0.000 0.000 0.000 0.000 0.000 0.000 0.000 0.000
-0.790 -0.926 -1.078 -1.252 -1.454 -1.686 -1.949 -2.246 -2.528 -2.823 -3.089 -3.322 -3.458 -3.435 -3.204 -2.819 -2.383 -1.976 -1.667 -1.466 -1.348 -1.286 -1.251 -1.215 -1.155 -1.056 -0.926 -0.790 -0.674 -0.584 -0.516 -0.455 -0.398 -0.341 -0.282 -0.223 -0.169 -0.121 -0.077 -0.043 -0.022 -0.011 -0.006 -0.003 -0.002 -0.001 -0.001 -0.000 -0.000 -0.000 -0.000 -0.000 -0.000 0.000 0.000 0.000 0.000 0.000 0.000 0.000 0.000 0.000 0.000 0.000 0.000 0.000 0.000 0.000 0.000 0.000 0.000 0.000 0.000 0.000
-0.990 -1.133 -1.300 -1.496 -1.723 -1.981 -2.256 -2.534 -2.796 -3.041 -3.226 -3.350 -3.330 -3.108 -2.748 -2.316 -1.899 -1.596 -1.415 -1.319 -1.258 -1.213 -1.171 -1.109 -1.013 -0.891 -0.761 -0.644 -0.553 -0.485 -0.431 -0.385 -0.338 -0.286 -0.232 -0.180 -0.133 -0.091 -0.055 -0.029 -0.015 -0.008 -0.004 -0.002 -0.001 -0.001 -0.000 -0.000 -0.000 -0.000 -0.000 -0.000 0.000 0.000 0.000 0.000 0.000 0.000 0.000 0.000 0.000 0.000 0.000 0.000 0.000 0.000 0.000 0.000 0.000 0.000 0.000 0.000 0.000 0.000
-1.196 -1.354 -1.546 -1.755 -1.990 -2.246 -2.502 -2.744 -2.957 -3.150 -3.238 -3.192 -3.010 -2.673 -2.235 -1.813 -1.521 -1.351 -1.257 -1.212 -1.188 -1.146 -1.078 -0.986 -0.869 -0.739 -0.621 -0.528 -0.461 -0.409 -0.366 -0.325 -0.284 -0.239 -0.190 -0.144 -0.104 -0.068 -0.038 -0.019 -0.010 -0.005 -0.003 -0.002 -0.001 -0.001 -0.000 -0.000 -0.000 -0.000 -0.000 -0.000 0.000 0.000 0.000 0.000 0.000 0.000 0.000 0.000 0.000 0.000 0.000 0.000 0.000 0.000 0.000 0.000 0.000 0.000 0.000 0.000 0.000 0.000
-1.393 -1.565 -1.778 -2.001 -2.220 -2.463 -2.686 -2.888 -3.046 -3.146 -3.128 -2.924 -2.578 -2.145 -1.732 -1.417 -1.243 -1.171 -1.150 -1.137 -1.118 -1.063 -0.965 -0.847 -0.720 -0.600 -0.507 -0.438 -0.388 -0.347 -0.312 -0.275 -0.235 -0.194 -0.153 -0.114 -0.080 -0.049 -0.026 -0.013 -0.006 -0.003 -0.002 -0.001 -0.001 -0.000 -0.000 -0.000 -0.000 -0.000 -0.000 0.000 0.000 0.000 0.000 0.000 0.000 0.000 0.000 0.000 0.000 0.000 0.000 0.000 0.000 0.000 0.000 0.000 0.000 0.000 0.000 0.000 0.000 0.000
-1.583 -1.773 -1.984 -2.205 -2.410 -2.621 -2.839 -2.979 -3.059 -3.036 -2.871 -2.551 -2.126 -1.706 -1.388 -1.193 -1.100 -1.070 -1.069 -1.067 -1.038 -0.958 -0.836 -0.707 -0.585 -0.489 -0.420 -0.370 -0.331 -0.298 -0.266 -0.232 -0.195 -0.157 -0.121 -0.089 -0.060 -0.035 -0.018 -0.008 -0.004 -0.002 -0.001 -0.001 -0.000 -0.000 -0.000 -0.000 -0.000 -0.000 -0.000 0.000 0.000 0.000 0.000 0.000 0.000 0.000 0.000 0.000 0.000 0.000 0.000 0.000 0.000 0.000 0.000 0.000 0.000 0.000 0.000 0.000 0.000 0.000
-1.771 -1.972 -2.169 -2.372 -2.561 -2.738 -2.908 -3.010 -2.989 -2.816 -2.501 -2.109 -1.702 -1.382 -1.187 -1.080 -1.035 -1.031 -1.028 -1.002 -0.940 -0.835 -0.699 -0.579 -0.481 -0.410 -0.358 -0.319 -0.286 -0.258 -0.229 -0.196 -0.161 -0.128 -0.098 -0.070 -0.045 -0.025 -0.012 -0.006 -0.003 -0.002 -0.001 -0.001 -0.000 -0.000 -0.000 -0.000 -0.000 -0.000 -0.000 0.000 0.000 0.000 0.000 0.000 0.000 0.000 0.000 0.000 0.000 0.000 0.000 0.000 0.000 0.000 0.000 0.000 0.000 0.000 0.000 0.000 0.000 0.000
-1.956 -2.142 -2.337 -2.508 -2.670 -2.813 -2.923 -2.935 -2.804 -2.502 -2.086 -1.689 -1.377 -1.175 -1.074 -1.027 -1.009 -1.008 -0.985 -0.927 -0.827 -0.697 -0.571 -0.474 -0.404 -0.352 -0.312 -0.279 -0.250 -0.224 -0.197 -0.166 -0.134 -0.106 -0.080 -0.055 -0.033 -0.018 -0.009 -0.004 -0.002 -0.001 -0.001 -0.000 -0.000 -0.000 -0.000 -0.000 -0.000 -0.000 -0.000 0.000 0.000 0.000 0.000 0.000 0.000 0.000 0.000 0.000 0.000 0.000 0.000 0.000 0.000 0.000 0.000 0.000 0.000 0.000 0.000 0.000 0.000 0.000
-2.125 -2.290 -2.465 -2.611 -2.735 -2.820 -2.851 -2.767 -2.511 -2.112 -1.696 -1.379 -1.175 -1.067 -1.013 -1.004 -0.995 -0.969 -0.912 -0.817 -0.692 -0.566 -0.466 -0.398 -0.349 -0.308 -0.274 -0.245 -0.218 -0.193 -0.168 -0.140 -0.113 -0.088 -0.064 -0.042 -0.024 -0.013 -0.006 -0.003 -0.002 -0.001 -0.001 -0.000 -0.000 -0.000 -0.000 -0.000 -0.000 -0.000 -0.000 0.000 0.000 0.000 0.000 0.000 0.000 0.000 0.000 0.000 0.000 0.000 0.000 0.000 0.000 0.000 0.000 0.000 0.000 0.000 0.000 0.000 0.000 0.000
-2.279 -2.424 -2.555 -2.663 -2.733 -2.760 -2.691 -2.503 -2.165 -1.737 -1.391 -1.178 -1.066 -1.014 -0.992 -0.984 -0.963 -0.896 -0.800 -0.683 -0.560 -0.458 -0.389 -0.342 -0.305 -0.273 -0.243 -0.216 -0.190 -0.167 -0.143 -0.119 -0.096 -0.073 -0.049 -0.030 -0.017 -0.009 -0.004 -0.002 -0.001 -0.001 -0.000 -0.000 -0.000 -0.000 -0.000 -0.000 -0.000 -0.000 -0.000 0.000 0.000 0.000 0.000 0.000 0.000 0.000 0.000 0.000 0.000 0.000 0.000 0.000 0.000 0.000 0.000 0.000 0.000 0.000 0.000 0.000 0.000 0.000
-2.406 -2.519 -2.614 -2.667 -2.685 -2.646 -2.497 -2.191 -1.787 -1.433 -1.196 -1.066 -1.005 -0.987 -0.977 -0.954 -0.895 -0.790 -0.667 -0.552 -0.453 -0.381 -0.332 -0.298 -0.270 -0.243 -0.216 -0.189 -0.165 -0.144 -0.122 -0.102 -0.080 -0.057 -0.036 -0.020 -0.011 -0.006 -0.003 -0.001 -0.001 -0.000 -0.000 -0.000 -0.000 -0.000 -0.000 -0.000 -0.000 -0.000 -0.000 0.000 0.000 0.000 0.000 0.000 0.000 0.000 0.000 0.000 0.000 0.000 0.000 0.000 0.000 0.000 0.000 0.000 0.000 0.000 0.000 0.000 0.000 0.000
-2.499 -2.576 -2.638 -2.659 -2.621 -2.482 -2.223 -1.837 -1.456 -1.206 -1.074 -1.000 -0.966 -0.956 -0.931 -0.878 -0.791 -0.669 -0.548 -0.449 -0.376 -0.325 -0.288 -0.259 -0.236 -0.214 -0.190 -0.165 -0.143 -0.123 -0.104 -0.085 -0.064 -0.042 -0.024 -0.013 -0.007 -0.004 -0.002 -0.001 -0.001 -0.000 -0.000 -0.000 -0.000 -0.000 -0.000 -0.000 -0.000 -0.000 -0.000 0.000 0.000 0.000 0.000 0.000 0.000 0.000 0.000 0.000 0.000 0.000 0.000 0.000 0.000 0.000 0.000 0.000 0.000 0.000 0.000 0.000 0.000 0.000
