AvaFrame/avaframe/data/avaSalk/Avaflow_Input_Output/slk_results/slk_ascii/slk_basechange10020.asc
ncols 296
nrows 144
xllcenter 761600.00
yllcenter 8523000.00
cellsize 12.50
NODATA_value -9999.000
[rows 33 to 65 of 144, columns 222 to 295 of 296]
0.000 0.000 0.000 0.000 -0.000 -0.000 -0.000 -0.000 -0.000 -0.000 -0.000 -0.000 -0.000 -0.000 -0.000 -0.000 -0.000 -0.000 -0.000 -0.000 -0.000 -0.001 -0.001 -0.001 -0.002 -0.004 -0.007 -0.014 -0.026 -0.045 -0.071 -0.104 -0.146 -0.196 -0.267 -0.343 -0.426 -0.520 -0.599 -0.672 -0.727 -0.749 -0.724 -0.663 -0.572 -0.410 -0.204 -0.072 -0.021 -0.004 -0.001 -0.000 -0.000 -0.000 -0.000 0.000 0.000 0.000 0.000 0.000 0.000 0.000 0.000 0.000 0.000 0.000 0.000 0.000 0.000 0.000 0.000 0.000 0.000 0.000
0.000 0.000 0.000 -0.000 -0.000 -0.000 -0.000 -0.000 -0.000 -0.000 -0.000 -0.000 -0.000 -0.000 -0.000 -0.000 -0.000 -0.000 -0.000 -0.001 -0.001 -0.001 -0.002 -0.004 -0.007 -0.014 -0.026 -0.046 -0.074 -0.109 -0.150 -0.195 -0.249 -0.312 -0.409 -0.533 -0.669 -0.817 -0.934 -1.010 -1.049 -1.029 -0.956 -0.837 -0.679 -0.461 -0.226 -0.072 -0.020 -0.004 -0.001 -0.000 -0.000 -0.000 -0.000 0.000 0.000 0.000 0.000 0.000 0.000 0.000 0.000 0.000 0.000 0.000 0.000 0.000 0.000 0.000 0.000 0.000 0.000 0.000
0.000 -0.000 -0.000 -0.000 -0.000 -0.000 -0.000 -0.000 -0.000 -0.000 -0.000 -0.000 -0.000 -0.000 -0.000 -0.000 -0.000 -0.001 -0.001 -0.001 -0.002 -0.003 -0.006 -0.012 -0.024 -0.044 -0.073 -0.111 -0.155 -0.203 -0.254 -0.311 -0.376 -0.465 -0.610 -0.815 -1.053 -1.317 -1.524 -1.619 -1.651 -1.583 -1.405 -1.135 -0.840 -0.532 -0.241 -0.079 -0.021 -0.005 -0.001 -0.000 -0.000 -0.000 -0.000 -0.000 0.000 0.000 0.000 0.000 0.000 0.000 0.000 0.000 0.000 0.000 0.000 0.000 0.000 0.000 0.000 0.000 0.000 0.000
-0.000 -0.000 -0.000 -0.000 -0.000 -0.000 -0.000 -0.000 -0.000 -0.000 -0.000 -0.000 -0.000 -0.000 -0.000 -0.000 -0.001 -0.001 -0.002 -0.003 -0.005 -0.010 -0.020 -0.040 -0.069 -0.108 -0.154 -0.204 -0.257 -0.313 -0.373 -0.444 -0.529 -0.684 -0.942 -1.251 -1.590 -2.003 -2.372 -2.558 -2.599 -2.522 -2.249 -1.762 -1.209 -0.672 -0.274 -0.086 -0.023 -0.005 -0.001 -0.000 -0.000 -0.000 -0.000 -0.000 0.000 0.000 0.000 0.000 0.000 0.000 0.000 0.000 0.000 0.000 0.000 0.000 0.000 0.000 0.000 0.000 0.000 0.000
-0.000 -0.000 -0.000 -0.000 -0.000 -0.000 -0.000 -0.000 -0.000 -0.000 -0.000 -0.000 -0.000 -0.000 -0.001 -0.001 -0.001 -0.002 -0.004 -0.009 -0.017 -0.034 -0.062 -0.101 -0.148 -0.198 -0.252 -0.309 -0.368 -0.429 -0.495 -0.583 -0.702 -0.949 -1.369 -1.855 -2.310 -2.695 -2.987 -3.228 -3.351 -3.358 -3.069 -2.540 -1.838 -0.981 -0.346 -0.093 -0.023 -0.005 -0.001 -0.000 -0.000 -0.000 -0.000 -0.000 0.000 0.000 0.000 0.000 0.000 0.000 0.000 0.000 0.000 0.000 0.000 0.000 0.000 0.000 0.000 0.000 0.000 0.000
-0.000 -0.000 -0.000 -0.000 -0.000 -0.000 -0.000 -0.000 -0.000 -0.000 -0.000 -0.000 -0.001 -0.001 -0.001 -0.002 -0.003 -0.006 -0.013 -0.027 -0.052 -0.090 -0.137 -0.189 -0.244 -0.300 -0.358 -0.419 -0.483 -0.551 -0.622 -0.732 -0.924 -1.311 -1.880 -2.504 -3.073 -3.199 -2.932 -2.818 -2.982 -3.203 -3.015 -2.818 -2.531 -1.460 -0.463 -0.105 -0.025 -0.006 -0.001 -0.000 -0.000 -0.000 -0.000 -0.000 0.000 0.000 0.000 0.000 0.000 0.000 0.000 0.000 0.000 0.000 0.000 0.000 0.000 0.000 0.000 0.000 0.000 0.000
-0.000 -0.000 -0.000 -0.000 -0.000 -0.000 -0.000 -0.000 -0.000 -0.000 -0.001 -0.001 -0.001 -0.002 -0.003 -0.005 -0.009 -0.019 -0.040 -0.075 -0.121 -0.174 -0.231 -0.290 -0.350 -0.413 -0.476 -0.543 -0.612 -0.685 -0.771 -0.913 -1.242 -1.819 -2.402 -2.838 -3.277 -3.342 -2.945 -2.299 -1.912 -2.174 -2.345 -2.604 -2.856 -1.828 -0.527 -0.111 -0.026 -0.006 -0.002 -0.000 -0.000 -0.000 -0.000 -0.000 0.000 0.000 0.000 0.000 0.000 0.000 0.000 0.000 0.000 0.000 0.000 0.000 0.000 0.000 0.000 0.000 0.000 0.000
-0.000 -0.000 -0.000 -0.000 -0.000 -0.000 -0.000 -0.000 -0.001 -0.001 -0.001 -0.002 -0.002 -0.004 -0.007 -0.014 -0.028 -0.056 -0.100 -0.155 -0.215 -0.276 -0.338 -0.405 -0.471 -0.541 -0.610 -0.684 -0.764 -0.848 -0.957 -1.156 -1.646 -2.213 -2.454 -2.654 -3.010 -2.927 -2.773 -2.310 -1.798 -1.803 -1.776 -2.593 -2.924 -1.883 -0.526 -0.105 -0.025 -0.006 -0.002 -0.001 -0.000 -0.000 -0.000 -0.000 0.000 0.000 0.000 0.000 0.000 0.000 0.000 0.000 0.000 0.000 0.000 0.000 0.000 0.000 0.000 0.000 0.000 0.000
-0.000 -0.000 -0.000 -0.000 -0.000 -0.000 -0.000 -0.001 -0.001 -0.001 -0.002 -0.003 -0.005 -0.010 -0.020 -0.041 -0.078 -0.132 -0.196 -0.261 -0.326 -0.396 -0.465 -0.539 -0.614 -0.691 -0.769 -0.850 -0.942 -1.045 -1.202 -1.500 -2.032 -2.354 -2.253 -2.227 -2.418 -2.281 -2.367 -2.149 -1.754 -1.853 -1.845 -2.746 -2.857 -1.577 -0.442 -0.093 -0.023 -0.005 -0.002 -0.001 -0.000 -0.000 -0.000 -0.000 0.000 0.000 0.000 0.000 0.000 0.000 0.000 0.000 0.000 0.000 0.000 0.000 0.000 0.000 0.000 0.000 0.000 0.000
-0.000 -0.000 -0.000 -0.000 -0.000 -0.001 -0.001 -0.001 -0.002 -0.003 -0.005 -0.008 -0.015 -0.029 -0.060 -0.110 -0.178 -0.252 -0.327 -0.401 -0.472 -0.545 -0.625 -0.707 -0.793 -0.881 -0.972 -1.064 -1.175 -1.312 -1.540 -1.971 -2.404 -2.479 -2.254 -2.215 -2.227 -2.115 -2.420 -2.305 -1.997 -1.973 -2.000 -2.621 -2.236 -1.054 -0.298 -0.073 -0.019 -0.005 -0.002 -0.001 -0.000 -0.000 -0.000 -0.000 0.000 0.000 0.000 0.000 0.000 0.000 0.000 0.000 0.000 0.000 0.000 0.000 0.000 0.000 0.000 0.000 0.000 0.000
-0.000 -0.000 -0.000 -0.001 -0.001 -0.001 -0.002 -0.003 -0.004 -0.007 -0.013 -0.024 -0.046 -0.088 -0.153 -0.236 -0.322 -0.407 -0.490 -0.572 -0.655 -0.740 -0.835 -0.934 -1.033 -1.139 -1.247 -1.370 -1.520 -1.741 -2.053 -2.501 -2.759 -2.690 -2.510 -2.413 -2.392 -2.243 -2.337 -2.288 -2.111 -2.049 -2.182 -2.217 -1.473 -0.628 -0.177 -0.052 -0.014 -0.004 -0.002 -0.001 -0.000 -0.000 -0.000 -0.000 0.000 0.000 0.000 0.000 0.000 0.000 0.000 0.000 0.000 0.000 0.000 0.000 0.000 0.000 0.000 0.000 0.000 0.000
-0.000 -0.001 -0.001 -0.001 -0.002 -0.002 -0.004 -0.006 -0.011 -0.021 -0.040 -0.075 -0.133 -0.213 -0.308 -0.406 -0.496 -0.584 -0.673 -0.775 -0.881 -0.995 -1.126 -1.256 -1.384 -1.524 -1.683 -1.869 -2.124 -2.475 -2.854 -3.112 -3.172 -3.067 -3.030 -2.884 -2.795 -2.749 -2.767 -2.732 -2.530 -2.290 -2.093 -1.578 -0.836 -0.333 -0.108 -0.035 -0.010 -0.004 -0.001 -0.001 -0.000 -0.000 -0.000 -0.000 0.000 0.000 0.000 0.000 0.000 0.000 0.000 0.000 0.000 0.000 0.000 0.000 0.000 0.000 0.000 0.000 0.000 0.000
-0.001 -0.001 -0.002 -0.002 -0.003 -0.005 -0.009 -0.017 -0.034 -0.065 -0.117 -0.192 -0.291 -0.395 -0.497 -0.597 -0.697 -0.802 -0.912 -1.048 -1.208 -1.373 -1.562 -1.768 -1.969 -2.189 -2.460 -2.774 -3.119 -3.472 -3.797 -3.916 -3.827 -3.693 -3.688 -3.668 -3.596 -3.542 -3.457 -3.142 -2.681 -2.070 -1.485 -0.864 -0.397 -0.156 -0.060 -0.022 -0.007 -0.003 -0.001 -0.000 -0.000 -0.000 -0.000 -0.000 0.000 0.000 0.000 0.000 0.000 0.000 0.000 0.000 0.000 0.000 0.000 0.000 0.000 0.000 0.000 0.000 0.000 0.000
-0.001 -0.002 -0.003 -0.005 -0.008 -0.014 -0.026 -0.052 -0.099 -0.167 -0.257 -0.362 -0.475 -0.592 -0.701 -0.819 -0.951 -1.097 -1.269 -1.476 -1.736 -2.016 -2.297 -2.594 -2.901 -3.193 -3.518 -3.846 -4.099 -4.249 -4.331 -4.369 -4.276 -4.096 -4.010 -3.895 -3.678 -3.357 -2.956 -2.457 -1.845 -1.230 -0.724 -0.373 -0.167 -0.071 -0.031 -0.012 -0.005 -0.002 -0.001 -0.000 -0.000 -0.000 -0.000 -0.000 0.000 0.000 0.000 0.000 0.000 0.000 0.000 0.000 0.000 0.000 0.000 0.000 0.000 0.000 0.000 0.000 0.000 0.000
-0.003 -0.004 -0.007 -0.011 -0.021 -0.042 -0.079 -0.139 -0.222 -0.323 -0.429 -0.545 -0.666 -0.800 -0.943 -1.105 -1.310 -1.541 -1.822 -2.174 -2.564 -2.966 -3.326 -3.613 -3.824 -3.982 -4.138 -4.312 -4.423 -4.398 -4.277 -4.187 -4.022 -3.733 -3.477 -3.141 -2.636 -2.074 -1.637 -1.251 -0.881 -0.546 -0.302 -0.154 -0.073 -0.034 -0.016 -0.007 -0.003 -0.001 -0.001 -0.000 -0.000 -0.000 -0.000 0.000 0.000 0.000 0.000 0.000 0.000 0.000 0.000 0.000 0.000 0.000 0.000 0.000 0.000 0.000 0.000 0.000 0.000 0.000
-0.006 -0.010 -0.017 -0.033 -0.063 -0.115 -0.192 -0.287 -0.391 -0.505 -0.622 -0.748 -0.895 -1.065 -1.265 -1.514 -1.832 -2.212 -2.621 -3.084 -3.528 -3.860 -4.050 -4.147 -4.161 -4.137 -4.146 -4.186 -4.140 -3.958 -3.632 -3.290 -2.953 -2.555 -2.164 -1.779 -1.397 -1.071 -0.816 -0.600 -0.408 -0.251 -0.142 -0.076 -0.039 -0.019 -0.009 -0.004 -0.002 -0.001 -0.001 -0.000 -0.000 -0.000 -0.000 0.000 0.000 0.000 0.000 0.000 0.000 0.000 0.000 0.000 0.000 0.000 0.000 0.000 0.000 0.000 0.000 0.000 0.000 0.000
-0.015 -0.027 -0.052 -0.095 -0.162 -0.249 -0.353 -0.464 -0.582 -0.713 -0.860 -1.020 -1.217 -1.465 -1.751 -2.107 -2.549 -3.046 -3.493 -3.854 -4.069 -4.146 -4.085 -3.979 -3.851 -3.701 -3.592 -3.466 -3.260 -2.951 -2.569 -2.164 -1.796 -1.492 -1.241 -1.026 -0.827 -0.643 -0.487 -0.355 -0.244 -0.153 -0.088 -0.047 -0.023 -0.011 -0.006 -0.003 -0.001 -0.001 -0.000 -0.000 -0.000 -0.000 -0.000 0.000 0.000 0.000 0.000 0.000 0.000 0.000 0.000 0.000 0.000 0.000 0.000 0.000 0.000 0.000 0.000 0.000 0.000 0.000
-0.043 -0.080 -0.139 -0.220 -0.321 -0.430 -0.542 -0.665 -0.805 -0.970 -1.169 -1.405 -1.677 -2.022 -2.418 -2.852 -3.320 -3.754 -4.022 -4.097 -4.024 -3.834 -3.551 -3.278 -3.044 -2.833 -2.672 -2.516 -2.301 -2.033 -1.746 -1.465 -1.212 -1.009 -0.849 -0.711 -0.578 -0.453 -0.346 -0.251 -0.170 -0.104 -0.057 -0.028 -0.013 -0.007 -0.004 -0.002 -0.001 -0.001 -0.000 -0.000 -0.000 -0.000 -0.000 0.000 0.000 0.000 0.000 0.000 0.000 0.000 0.000 0.000 0.000 0.000 0.000 0.000 0.000 0.000 0.000 0.000 0.000 0.000
-0.115 -0.189 -0.285 -0.393 -0.508 -0.633 -0.764 -0.914 -1.094 -1.311 -1.575 -1.883 -2.235 -2.633 -3.065 -3.481 -3.832 -4.008 -3.975 -3.749 -3.420 -3.050 -2.705 -2.431 -2.235 -2.091 -1.979 -1.859 -1.688 -1.472 -1.256 -1.063 -0.897 -0.760 -0.641 -0.536 -0.434 -0.339 -0.258 -0.186 -0.120 -0.067 -0.033 -0.016 -0.008 -0.004 -0.002 -0.001 -0.001 -0.000 -0.000 -0.000 -0.000 -0.000 0.000 0.000 0.000 0.000 0.000 0.000 0.000 0.000 0.000 0.000 0.000 0.000 0.000 0.000 0.000 0.000 0.000 0.000 0.000 0.000
-0.250 -0.351 -0.462 -0.583 -0.712 -0.853 -1.020 -1.211 -1.444 -1.715 -2.040 -2.389 -2.764 -3.137 -3.500 -3.785 -3.875 -3.731 -3.403 -2.977 -2.538 -2.198 -1.962 -1.825 -1.748 -1.673 -1.584 -1.462 -1.303 -1.122 -0.959 -0.820 -0.701 -0.602 -0.510 -0.422 -0.339 -0.261 -0.193 -0.133 -0.080 -0.041 -0.020 -0.010 -0.005 -0.003 -0.002 -0.001 -0.001 -0.000 -0.000 -0.000 -0.000 -0.000 0.000 0.000 0.000 0.000 0.000 0.000 0.000 0.000 0.000 0.000 0.000 0.000 0.000 0.000 0.000 0.000 0.000 0.000 0.000 0.000
-0.431 -0.543 -0.662 -0.794 -0.942 -1.111 -1.308 -1.538 -1.821 -2.129 -2.470 -2.813 -3.155 -3.459 -3.648 -3.703 -3.514 -3.098 -2.624 -2.181 -1.852 -1.658 -1.556 -1.507 -1.482 -1.426 -1.321 -1.186 -1.036 -0.888 -0.760 -0.658 -0.573 -0.492 -0.415 -0.341 -0.270 -0.203 -0.143 -0.092 -0.051 -0.025 -0.013 -0.007 -0.004 -0.002 -0.001 -0.001 -0.000 -0.000 -0.000 -0.000 -0.000 -0.000 0.000 0.000 0.000 0.000 0.000 0.000 0.000 0.000 0.000 0.000 0.000 0.000 0.000 0.000 0.000 0.000 0.000 0.000 0.000 0.000
-0.613 -0.738 -0.871 -1.023 -1.195 -1.393 -1.627 -1.891 -2.191 -2.511 -2.822 -3.117 -3.374 -3.542 -3.491 -3.264 -2.915 -2.434 -1.997 -1.688 -1.498 -1.398 -1.350 -1.330 -1.301 -1.229 -1.108 -0.968 -0.831 -0.718 -0.623 -0.541 -0.473 -0.409 -0.342 -0.276 -0.214 -0.157 -0.106 -0.063 -0.033 -0.017 -0.008 -0.005 -0.002 -0.001 -0.001 -0.000 -0.000 -0.000 -0.000 -0.000 -0.000 0.000 0.000 0.000 0.000 0.000 0.000 0.000 0.000 0.000 0.000 0.000 0.000 0.000 0.000 0.000 0.000 0.000 0.000 0.000 0.000 0.000
-0.790 -0.926 -1.078 -1.252 -1.453 -1.685 -1.948 -2.244 -2.525 -2.817 -3.077 -3.296 -3.406 -3.355 -3.106 -2.721 -2.301 -1.916 -1.629 -1.442 -1.332 -1.274 -1.241 -1.208 -1.149 -1.052 -0.923 -0.788 -0.673 -0.584 -0.516 -0.455 -0.398 -0.341 -0.282 -0.223 -0.169 -0.121 -0.077 -0.043 -0.022 -0.011 -0.006 -0.003 -0.002 -0.001 -0.001 -0.000 -0.000 -0.000 -0.000 -0.000 -0.000 0.000 0.000 0.000 0.000 0.000 0.000 0.000 0.000 0.000 0.000 0.000 0.000 0.000 0.000 0.000 0.000 0.000 0.000 0.000 0.000 0.000
-0.990 -1.132 -1.299 -1.496 -1.722 -1.980 -2.254 -2.531 -2.789 -3.028 -3.199 -3.299 -3.248 -3.011 -2.650 -2.231 -1.838 -1.556 -1.390 -1.301 -1.245 -1.203 -1.164 -1.104 -1.009 -0.888 -0.759 -0.643 -0.552 -0.484 -0.431 -0.384 -0.337 -0.286 -0.232 -0.180 -0.133 -0.091 -0.055 -0.029 -0.015 -0.008 -0.004 -0.002 -0.001 -0.001 -0.000 -0.000 -0.000 -0.000 -0.000 -0.000 0.000 0.000 0.000 0.000 0.000 0.000 0.000 0.000 0.000 0.000 0.000 0.000 0.000 0.000 0.000 0.000 0.000 0.000 0.000 0.000 0.000 0.000
-1.196 -1.353 -1.546 -1.754 -1.988 -2.244 -2.497 -2.737 -2.942 -3.121 -3.186 -3.112 -2.910 -2.574 -2.152 -1.756 -1.484 -1.326 -1.239 -1.199 -1.178 -1.138 -1.072 -0.982 -0.867 -0.737 -0.620 -0.528 -0.460 -0.409 -0.366 -0.325 -0.283 -0.239 -0.190 -0.144 -0.103 -0.067 -0.038 -0.019 -0.010 -0.005 -0.003 -0.002 -0.001 -0.001 -0.000 -0.000 -0.000 -0.000 -0.000 -0.000 0.000 0.000 0.000 0.000 0.000 0.000 0.000 0.000 0.000 0.000 0.000 0.000 0.000 0.000 0.000 0.000 0.000 0.000 0.000 0.000 0.000 0.000
-1.393 -1.564 -1.777 -1.999 -2.217 -2.458 -2.678 -2.873 -3.016 -3.093 -3.048 -2.827 -2.483 -2.066 -1.677 -1.385 -1.223 -1.156 -1.137 -1.126 -1.109 -1.056 -0.961 -0.844 -0.718 -0.599 -0.507 -0.438 -0.387 -0.347 -0.312 -0.275 -0.235 -0.194 -0.153 -0.114 -0.080 -0.049 -0.026 -0.013 -0.006 -0.003 -0.002 -0.001 -0.001 -0.000 -0.000 -0.000 -0.000 -0.000 -0.000 0.000 0.000 0.000 0.000 0.000 0.000 0.000 0.000 0.000 0.000 0.000 0.000 0.000 0.000 0.000 0.000 0.000 0.000 0.000 0.000 0.000 0.000 0.000
-1.583 -1.772 -1.983 -2.202 -2.405 -2.612 -2.822 -2.947 -3.005 -2.955 -2.775 -2.457 -2.048 -1.651 -1.354 -1.173 -1.087 -1.059 -1.059 -1.058 -1.032 -0.953 -0.833 -0.705 -0.584 -0.488 -0.419 -0.369 -0.330 -0.297 -0.266 -0.232 -0.195 -0.157 -0.121 -0.089 -0.060 -0.035 -0.018 -0.008 -0.004 -0.002 -0.001 -0.001 -0.000 -0.000 -0.000 -0.000 -0.000 -0.000 -0.000 0.000 0.000 0.000 0.000 0.000 0.000 0.000 0.000 0.000 0.000 0.000 0.000 0.000 0.000 0.000 0.000 0.000 0.000 0.000 0.000 0.000 0.000 0.000
-1.770 -1.970 -2.166 -2.366 -2.552 -2.720 -2.875 -2.954 -2.909 -2.721 -2.408 -2.030 -1.645 -1.346 -1.166 -1.066 -1.024 -1.021 -1.020 -0.995 -0.935 -0.832 -0.697 -0.577 -0.480 -0.409 -0.358 -0.319 -0.286 -0.258 -0.229 -0.196 -0.161 -0.128 -0.098 -0.070 -0.045 -0.025 -0.012 -0.006 -0.003 -0.002 -0.001 -0.001 -0.000 -0.000 -0.000 -0.000 -0.000 -0.000 -0.000 0.000 0.000 0.000 0.000 0.000 0.000 0.000 0.000 0.000 0.000 0.000 0.000 0.000 0.000 0.000 0.000 0.000 0.000 0.000 0.000 0.000 0.000 0.000
-1.954 -2.138 -2.331 -2.498 -2.652 -2.779 -2.867 -2.855 -2.710 -2.409 -2.009 -1.631 -1.340 -1.152 -1.058 -1.015 -0.999 -1.000 -0.978 -0.921 -0.823 -0.695 -0.569 -0.474 -0.404 -0.352 -0.312 -0.279 -0.250 -0.223 -0.196 -0.166 -0.134 -0.106 -0.079 -0.055 -0.033 -0.018 -0.009 -0.004 -0.002 -0.001 -0.001 -0.000 -0.000 -0.000 -0.000 -0.000 -0.000 -0.000 -0.000 0.000 0.000 0.000 0.000 0.000 0.000 0.000 0.000 0.000 0.000 0.000 0.000 0.000 0.000 0.000 0.000 0.000 0.000 0.000 0.000 0.000 0.000 0.000
-2.121 -2.283 -2.453 -2.592 -2.701 -2.765 -2.774 -2.674 -2.418 -2.034 -1.638 -1.341 -1.150 -1.051 -1.001 -0.994 -0.986 -0.962 -0.907 -0.813 -0.690 -0.564 -0.465 -0.398 -0.348 -0.308 -0.274 -0.245 -0.218 -0.193 -0.167 -0.140 -0.113 -0.088 -0.064 -0.042 -0.024 -0.013 -0.006 -0.003 -0.002 -0.001 -0.001 -0.000 -0.000 -0.000 -0.000 -0.000 -0.000 -0.000 -0.000 0.000 0.000 0.000 0.000 0.000 0.000 0.000 0.000 0.000 0.000 0.000 0.000 0.000 0.000 0.000 0.000 0.000 0.000 0.000 0.000 0.000 0.000 0.000
-2.271 -2.412 -2.535 -2.629 -2.680 -2.686 -2.603 -2.411 -2.083 -1.678 -1.351 -1.153 -1.048 -1.001 -0.981 -0.975 -0.956 -0.890 -0.796 -0.681 -0.558 -0.457 -0.389 -0.342 -0.305 -0.273 -0.243 -0.215 -0.190 -0.167 -0.143 -0.119 -0.096 -0.073 -0.049 -0.030 -0.017 -0.009 -0.004 -0.002 -0.001 -0.001 -0.000 -0.000 -0.000 -0.000 -0.000 -0.000 -0.000 -0.000 -0.000 0.000 0.000 0.000 0.000 0.000 0.000 0.000 0.000 0.000 0.000 0.000 0.000 0.000 0.000 0.000 0.000 0.000 0.000 0.000 0.000 0.000 0.000 0.000
-2.393 -2.498 -2.580 -2.615 -2.614 -2.560 -2.406 -2.108 -1.723 -1.391 -1.169 -1.047 -0.991 -0.976 -0.968 -0.946 -0.889 -0.786 -0.665 -0.550 -0.452 -0.380 -0.331 -0.297 -0.269 -0.242 -0.215 -0.189 -0.165 -0.143 -0.122 -0.101 -0.080 -0.057 -0.035 -0.020 -0.011 -0.006 -0.003 -0.001 -0.001 -0.000 -0.000 -0.000 -0.000 -0.000 -0.000 -0.000 -0.000 -0.000 -0.000 0.000 0.000 0.000 0.000 0.000 0.000 0.000 0.000 0.000 0.000 0.000 0.000 0.000 0.000 0.000 0.000 0.000 0.000 0.000 0.000 0.000 0.000 0.000
-2.477 -2.542 -2.586 -2.588 -2.534 -2.391 -2.138 -1.771 -1.412 -1.178 -1.054 -0.985 -0.955 -0.946 -0.924 -0.872 -0.787 -0.666 -0.546 -0.448 -0.375 -0.324 -0.287 -0.259 -0.236 -0.214 -0.190 -0.165 -0.143 -0.123 -0.104 -0.085 -0.064 -0.042 -0.024 -0.013 -0.007 -0.004 -0.002 -0.001 -0.001 -0.000 -0.000 -0.000 -0.000 -0.000 -0.000 -0.000 -0.000 -0.000 -0.000 0.000 0.000 0.000 0.000 0.000 0.000 0.000 0.000 0.000 0.000 0.000 0.000 0.000 0.000 0.000 0.000 0.000 0.000 0.000 0.000 0.000 0.000 0.000
