AvaFrame/avaframe/data/avaSalk/Avaflow_Input_Output/slk_results/slk_ascii/slk_hflow0021.asc
ncols 296
nrows 144
xllcenter 761600.00
yllcenter 8523000.00
cellsize 12.50
NODATA_value -9999.000
[rows 102 to 135 of 144, columns 154 to 230 of 296]
1.638 1.776 1.925 2.223 2.564 2.785 2.883 2.959 3.070 3.258 3.485 3.543 3.560 3.495 3.415 3.385 3.318 3.164 2.952 2.742 2.535 2.361 2.136 1.943 1.809 1.736 1.697 1.701 1.744 1.928 2.247 2.654 3.157 3.539 3.742 3.867 3.853 3.700 3.416 2.858 1.950 1.227 1.122 1.337 1.682 2.044 2.462 2.955 3.616 4.607 5.977 7.487 8.767 9.737 10.613 11.193 11.713 12.007 12.113 12.327 12.443 12.271 12.168 11.765 11.121 10.356 8.710 6.523 4.502 2.992 1.820 0.969 0.463 0.245 0.192 0.197 0.237
0.369 0.410 0.456 0.579 0.793 0.961 1.086 1.202 1.307 1.377 1.416 1.436 1.468 1.479 1.466 1.447 1.358 1.189 1.002 0.841 0.711 0.619 0.547 0.489 0.440 0.407 0.400 0.423 0.501 0.685 0.967 1.243 1.420 1.514 1.613 1.795 1.912 1.892 1.555 0.850 0.325 0.235 0.332 0.559 0.896 1.369 1.975 2.705 3.597 4.763 6.279 7.956 9.498 10.754 12.032 12.761 13.370 13.659 13.679 13.811 13.747 13.716 13.419 12.990 12.428 11.675 10.111 7.846 5.814 4.223 2.943 1.974 1.285 0.862 0.692 0.679 0.810
0.083 0.085 0.088 0.109 0.166 0.214 0.258 0.302 0.334 0.347 0.348 0.348 0.358 0.375 0.383 0.377 0.343 0.279 0.212 0.164 0.136 0.121 0.112 0.102 0.091 0.085 0.082 0.085 0.110 0.171 0.265 0.337 0.364 0.373 0.398 0.476 0.551 0.556 0.398 0.116 0.043 0.048 0.075 0.154 0.309 0.588 1.149 2.085 3.302 4.701 6.295 8.148 9.776 11.302 12.787 13.810 14.502 14.840 14.799 15.012 14.736 14.546 14.350 13.936 13.521 12.810 11.433 9.350 7.249 5.616 4.281 3.257 2.500 1.998 1.777 1.768 1.956
0.027 0.027 0.027 0.031 0.044 0.055 0.064 0.071 0.074 0.074 0.073 0.072 0.074 0.079 0.084 0.082 0.076 0.063 0.050 0.042 0.037 0.034 0.032 0.029 0.027 0.026 0.026 0.027 0.034 0.047 0.061 0.069 0.073 0.077 0.079 0.082 0.089 0.090 0.064 0.027 0.017 0.016 0.019 0.030 0.066 0.154 0.403 1.108 2.455 4.218 6.010 7.924 9.714 11.332 12.943 14.131 15.053 15.588 15.431 15.774 15.596 15.293 15.105 14.574 14.264 13.672 12.738 11.118 9.011 7.254 5.871 4.792 3.960 3.449 3.269 3.290 3.461
0.010 0.011 0.011 0.012 0.016 0.020 0.023 0.024 0.024 0.023 0.023 0.022 0.023 0.026 0.027 0.026 0.023 0.020 0.016 0.014 0.013 0.012 0.011 0.011 0.010 0.010 0.011 0.012 0.014 0.018 0.021 0.024 0.025 0.025 0.024 0.024 0.025 0.024 0.020 0.013 0.009 0.008 0.008 0.010 0.015 0.027 0.078 0.329 1.234 3.004 5.078 7.078 9.106 10.948 12.820 14.032 14.975 15.695 15.736 15.926 15.777 15.525 15.359 14.827 14.564 14.155 13.649 12.631 10.980 9.239 7.824 6.700 5.834 5.281 5.050 4.938 4.912
0.004 0.005 0.005 0.005 0.006 0.008 0.009 0.010 0.009 0.009 0.009 0.009 0.009 0.010 0.010 0.010 0.008 0.007 0.006 0.006 0.005 0.005 0.005 0.005 0.005 0.005 0.005 0.006 0.007 0.009 0.010 0.011 0.011 0.010 0.011 0.012 0.013 0.013 0.013 0.010 0.007 0.005 0.005 0.005 0.006 0.009 0.014 0.052 0.370 1.478 3.407 5.622 7.906 9.992 12.045 13.470 14.533 15.237 15.425 15.820 15.722 15.413 15.283 14.846 14.765 14.538 14.222 13.638 12.407 10.874 9.569 8.503 7.610 7.026 6.652 6.305 5.991
0.002 0.002 0.002 0.002 0.003 0.003 0.004 0.004 0.004 0.004 0.004 0.004 0.004 0.004 0.004 0.004 0.004 0.003 0.003 0.003 0.003 0.003 0.003 0.003 0.003 0.003 0.003 0.004 0.004 0.005 0.006 0.007 0.007 0.007 0.008 0.009 0.010 0.010 0.010 0.008 0.006 0.004 0.003 0.003 0.003 0.004 0.006 0.011 0.062 0.461 1.629 3.608 6.021 8.439 10.734 12.367 13.700 14.331 14.712 15.137 15.209 15.086 15.043 14.704 14.595 14.600 14.532 14.174 13.276 11.922 10.601 9.569 8.738 8.162 7.651 7.137 6.596
0.001 0.001 0.001 0.001 0.001 0.002 0.002 0.002 0.002 0.002 0.002 0.002 0.002 0.002 0.002 0.002 0.002 0.001 0.001 0.001 0.001 0.002 0.002 0.002 0.002 0.002 0.003 0.003 0.004 0.005 0.005 0.006 0.006 0.007 0.007 0.008 0.008 0.008 0.008 0.007 0.005 0.004 0.003 0.002 0.002 0.002 0.003 0.005 0.010 0.068 0.447 1.587 3.614 6.159 8.729 10.459 11.995 12.740 13.240 13.701 14.142 14.188 14.288 14.318 14.520 14.582 14.563 14.044 13.486 12.329 10.955 9.886 9.113 8.488 7.928 7.383 6.761
0.000 0.000 0.000 0.000 0.001 0.001 0.001 0.001 0.001 0.001 0.001 0.001 0.001 0.001 0.001 0.001 0.001 0.001 0.001 0.001 0.001 0.001 0.001 0.002 0.002 0.002 0.003 0.003 0.004 0.005 0.005 0.006 0.006 0.007 0.007 0.007 0.007 0.007 0.007 0.006 0.005 0.004 0.003 0.002 0.002 0.002 0.002 0.003 0.004 0.010 0.051 0.385 1.518 3.519 5.949 7.789 9.512 10.723 11.517 12.093 12.684 12.875 13.144 13.324 13.875 14.100 14.177 13.782 13.177 12.099 10.955 9.936 9.135 8.454 7.817 7.208 6.534
0.000 0.000 0.000 0.000 0.000 0.000 0.000 0.000 0.000 0.000 0.000 0.000 0.000 0.000 0.000 0.000 0.000 0.000 0.000 0.000 0.000 0.001 0.001 0.001 0.002 0.002 0.002 0.003 0.004 0.005 0.005 0.006 0.007 0.007 0.007 0.007 0.007 0.007 0.006 0.005 0.005 0.003 0.003 0.002 0.002 0.001 0.001 0.002 0.002 0.004 0.010 0.042 0.375 1.436 3.155 4.878 6.560 8.125 9.436 10.408 11.171 11.448 11.833 12.139 12.698 13.164 13.242 12.987 12.478 11.691 10.678 9.693 8.892 8.165 7.464 6.789 6.068
0.000 0.000 0.000 0.000 0.000 0.000 0.000 0.000 0.000 0.000 0.000 0.000 0.000 0.000 0.000 0.000 0.000 0.000 0.000 0.000 0.000 0.000 0.001 0.001 0.001 0.002 0.002 0.003 0.004 0.004 0.005 0.006 0.007 0.007 0.008 0.008 0.007 0.007 0.007 0.006 0.005 0.003 0.003 0.002 0.002 0.001 0.001 0.001 0.001 0.002 0.004 0.009 0.045 0.356 1.246 2.589 4.018 5.483 6.998 8.382 9.558 10.101 10.547 10.948 11.325 11.694 12.028 11.959 11.736 11.046 10.080 9.144 8.333 7.588 6.856 6.128 5.361
0.000 0.000 0.000 0.000 0.000 0.000 0.000 0.000 0.000 0.000 0.000 0.000 0.000 0.000 0.000 0.000 0.000 0.000 0.000 0.000 0.000 0.000 0.000 0.000 0.001 0.001 0.002 0.002 0.003 0.004 0.005 0.006 0.008 0.009 0.009 0.010 0.010 0.010 0.010 0.009 0.006 0.004 0.003 0.002 0.002 0.001 0.001 0.001 0.001 0.001 0.002 0.004 0.009 0.043 0.305 1.025 2.098 3.345 4.744 6.150 7.462 8.440 9.187 9.727 10.165 10.308 10.521 10.438 10.355 9.909 9.141 8.274 7.491 6.721 5.982 5.230 4.451
0.000 0.000 0.000 0.000 0.000 0.000 0.000 0.000 0.000 0.000 0.000 0.000 0.000 0.000 0.000 0.000 0.000 0.000 0.000 0.000 0.000 0.000 0.000 0.000 0.000 0.001 0.001 0.002 0.003 0.004 0.005 0.006 0.008 0.009 0.010 0.011 0.012 0.013 0.012 0.011 0.009 0.006 0.004 0.003 0.002 0.001 0.001 0.001 0.001 0.001 0.001 0.002 0.004 0.009 0.038 0.246 0.817 1.725 2.845 4.105 5.403 6.595 7.609 8.338 8.838 8.890 8.898 8.784 8.636 8.335 7.782 7.073 6.346 5.661 5.006 4.322 3.610
0.000 0.000 0.000 0.000 0.000 0.000 0.000 0.000 0.000 0.000 0.000 0.000 0.000 0.000 0.000 0.000 0.000 0.000 0.000 0.000 0.000 0.000 0.000 0.000 0.000 0.000 0.000 0.001 0.002 0.003 0.004 0.006 0.007 0.009 0.010 0.011 0.012 0.012 0.012 0.011 0.009 0.006 0.004 0.003 0.002 0.001 0.001 0.001 0.001 0.001 0.001 0.001 0.002 0.004 0.009 0.030 0.191 0.650 1.396 2.377 3.531 4.720 5.898 6.838 7.439 7.544 7.495 7.308 7.006 6.584 6.133 5.714 5.249 4.736 4.201 3.588 2.928
0.000 0.000 0.000 0.000 0.000 0.000 0.000 0.000 0.000 0.000 0.000 0.000 0.000 0.000 0.000 0.000 0.000 0.000 0.000 0.000 0.000 0.000 0.000 0.000 0.000 0.000 0.000 0.000 0.001 0.002 0.003 0.005 0.006 0.008 0.009 0.010 0.011 0.011 0.011 0.010 0.008 0.006 0.004 0.003 0.002 0.001 0.001 0.000 0.000 0.000 0.000 0.001 0.001 0.002 0.003 0.008 0.023 0.140 0.469 1.081 1.973 3.038 4.198 5.228 5.944 6.198 6.177 6.008 5.676 5.213 4.766 4.497 4.272 3.970 3.561 3.026 2.410
0.000 0.000 0.000 0.000 0.000 0.000 0.000 0.000 0.000 0.000 0.000 0.000 0.000 0.000 0.000 0.000 0.000 0.000 0.000 0.000 0.000 0.000 0.000 0.000 0.000 0.000 0.000 0.000 0.000 0.001 0.002 0.003 0.005 0.006 0.007 0.008 0.008 0.008 0.007 0.007 0.006 0.005 0.004 0.002 0.001 0.001 0.000 0.000 0.000 0.000 0.000 0.000 0.001 0.001 0.002 0.003 0.006 0.017 0.088 0.321 0.830 1.621 2.645 3.678 4.404 4.832 4.903 4.814 4.564 4.215 3.825 3.567 3.432 3.296 3.037 2.627 2.060
0.000 0.000 0.000 0.000 0.000 0.000 0.000 0.000 0.000 0.000 0.000 0.000 0.000 0.000 0.000 0.000 0.000 0.000 0.000 0.000 0.000 0.000 0.000 0.000 0.000 0.000 0.000 0.000 0.000 0.000 0.001 0.002 0.003 0.004 0.004 0.004 0.004 0.004 0.004 0.004 0.004 0.003 0.003 0.002 0.001 0.000 0.000 0.000 0.000 0.000 0.000 0.000 0.000 0.001 0.001 0.001 0.003 0.006 0.014 0.056 0.222 0.630 1.362 2.326 3.075 3.515 3.669 3.700 3.611 3.426 3.175 2.918 2.768 2.678 2.542 2.271 1.825
0.000 0.000 0.000 0.000 0.000 0.000 0.000 0.000 0.000 0.000 0.000 0.000 0.000 0.000 0.000 0.000 0.000 0.000 0.000 0.000 0.000 0.000 0.000 0.000 0.000 0.000 0.000 0.000 0.000 0.000 0.000 0.001 0.001 0.002 0.002 0.002 0.002 0.002 0.002 0.002 0.002 0.002 0.001 0.001 0.000 0.000 0.000 0.000 0.000 0.000 0.000 0.000 0.000 0.000 0.000 0.001 0.001 0.002 0.005 0.011 0.035 0.147 0.497 1.220 1.971 2.389 2.611 2.730 2.774 2.738 2.640 2.447 2.279 2.157 2.035 1.865 1.590
0.000 0.000 0.000 0.000 0.000 0.000 0.000 0.000 0.000 0.000 0.000 0.000 0.000 0.000 0.000 0.000 0.000 0.000 0.000 0.000 0.000 0.000 0.000 0.000 0.000 0.000 0.000 0.000 0.000 0.000 0.000 0.000 0.000 0.001 0.001 0.001 0.001 0.001 0.001 0.001 0.001 0.001 0.000 0.000 0.000 0.000 0.000 0.000 0.000 0.000 0.000 0.000 0.000 0.000 0.000 0.000 0.000 0.001 0.002 0.004 0.009 0.021 0.108 0.455 1.057 1.483 1.736 1.935 2.075 2.138 2.135 2.041 1.897 1.738 1.587 1.431 1.249
0.000 0.000 0.000 0.000 0.000 0.000 0.000 0.000 0.000 0.000 0.000 0.000 0.000 0.000 0.000 0.000 0.000 0.000 0.000 0.000 0.000 0.000 0.000 0.000 0.000 0.000 0.000 0.000 0.000 0.000 0.000 0.000 0.000 0.000 0.000 0.000 0.000 0.000 0.000 0.000 0.000 0.000 0.000 0.000 0.000 0.000 0.000 0.000 0.000 0.000 0.000 0.000 0.000 0.000 0.000 0.000 0.000 0.000 0.001 0.002 0.003 0.007 0.018 0.110 0.415 0.778 1.066 1.315 1.517 1.643 1.685 1.654 1.542 1.388 1.235 1.082 0.921
0.000 0.000 0.000 0.000 0.000 0.000 0.000 0.000 0.000 0.000 0.000 0.000 0.000 0.000 0.000 0.000 0.000 0.000 0.000 0.000 0.000 0.000 0.000 0.000 0.000 0.000 0.000 0.000 0.000 0.000 0.000 0.000 0.000 0.000 0.000 0.000 0.000 0.000 0.000 0.000 0.000 0.000 0.000 0.000 0.000 0.000 0.000 0.000 0.000 0.000 0.000 0.000 0.000 0.000 0.000 0.000 0.000 0.000 0.000 0.001 0.001 0.003 0.007 0.023 0.114 0.315 0.567 0.839 1.077 1.237 1.303 1.292 1.212 1.093 0.960 0.823 0.680
0.000 0.000 0.000 0.000 0.000 0.000 0.000 0.000 0.000 0.000 0.000 0.000 0.000 0.000 0.000 0.000 0.000 0.000 0.000 0.000 0.000 0.000 0.000 0.000 0.000 0.000 0.000 0.000 0.000 0.000 0.000 0.000 0.000 0.000 0.000 0.000 0.000 0.000 0.000 0.000 0.000 0.000 0.000 0.000 0.000 0.000 0.000 0.000 0.000 0.000 0.000 0.000 0.000 0.000 0.000 0.000 0.000 0.000 0.000 0.000 0.001 0.001 0.003 0.008 0.028 0.097 0.241 0.470 0.727 0.902 0.979 0.978 0.929 0.846 0.742 0.625 0.497
0.000 0.000 0.000 0.000 0.000 0.000 0.000 0.000 0.000 0.000 0.000 0.000 0.000 0.000 0.000 0.000 0.000 0.000 0.000 0.000 0.000 0.000 0.000 0.000 0.000 0.000 0.000 0.000 0.000 0.000 0.000 0.000 0.000 0.000 0.000 0.000 0.000 0.000 0.000 0.000 0.000 0.000 0.000 0.000 0.000 0.000 0.000 0.000 0.000 0.000 0.000 0.000 0.000 0.000 0.000 0.000 0.000 0.000 0.000 0.000 0.000 0.001 0.001 0.003 0.009 0.027 0.082 0.220 0.450 0.630 0.711 0.725 0.700 0.644 0.567 0.468 0.357
0.000 0.000 0.000 0.000 0.000 0.000 0.000 0.000 0.000 0.000 0.000 0.000 0.000 0.000 0.000 0.000 0.000 0.000 0.000 0.000 0.000 0.000 0.000 0.000 0.000 0.000 0.000 0.000 0.000 0.000 0.000 0.000 0.000 0.000 0.000 0.000 0.000 0.000 0.000 0.000 0.000 0.000 0.000 0.000 0.000 0.000 0.000 0.000 0.000 0.000 0.000 0.000 0.000 0.000 0.000 0.000 0.000 0.000 0.000 0.000 0.000 0.000 0.001 0.002 0.004 0.010 0.028 0.095 0.257 0.419 0.499 0.522 0.515 0.480 0.423 0.343 0.255
0.000 0.000 0.000 0.000 0.000 0.000 0.000 0.000 0.000 0.000 0.000 0.000 0.000 0.000 0.000 0.000 0.000 0.000 0.000 0.000 0.000 0.000 0.000 0.000 0.000 0.000 0.000 0.000 0.000 0.000 0.000 0.000 0.000 0.000 0.000 0.000 0.000 0.000 0.000 0.000 0.000 0.000 0.000 0.000 0.000 0.000 0.000 0.000 0.000 0.000 0.000 0.000 0.000 0.000 0.000 0.000 0.000 0.000 0.000 0.000 0.000 0.000 0.000 0.001 0.002 0.005 0.013 0.044 0.142 0.270 0.340 0.367 0.369 0.349 0.307 0.247 0.183
0.000 0.000 0.000 0.000 0.000 0.000 0.000 0.000 0.000 0.000 0.000 0.000 0.000 0.000 0.000 0.000 0.000 0.000 0.000 0.000 0.000 0.000 0.000 0.000 0.000 0.000 0.000 0.000 0.000 0.000 0.000 0.000 0.000 0.000 0.000 0.000 0.000 0.000 0.000 0.000 0.000 0.000 0.000 0.000 0.000 0.000 0.000 0.000 0.000 0.000 0.000 0.000 0.000 0.000 0.000 0.000 0.000 0.000 0.000 0.000 0.000 0.000 0.000 0.000 0.001 0.003 0.007 0.022 0.076 0.168 0.228 0.254 0.259 0.247 0.219 0.178 0.131
0.000 0.000 0.000 0.000 0.000 0.000 0.000 0.000 0.000 0.000 0.000 0.000 0.000 0.000 0.000 0.000 0.000 0.000 0.000 0.000 0.000 0.000 0.000 0.000 0.000 0.000 0.000 0.000 0.000 0.000 0.000 0.000 0.000 0.000 0.000 0.000 0.000 0.000 0.000 0.000 0.000 0.000 0.000 0.000 0.000 0.000 0.000 0.000 0.000 0.000 0.000 0.000 0.000 0.000 0.000 0.000 0.000 0.000 0.000 0.000 0.000 0.000 0.000 0.000 0.001 0.002 0.004 0.011 0.040 0.101 0.150 0.174 0.178 0.171 0.154 0.127 0.094
0.000 0.000 0.000 0.000 0.000 0.000 0.000 0.000 0.000 0.000 0.000 0.000 0.000 0.000 0.000 0.000 0.000 0.000 0.000 0.000 0.000 0.000 0.000 0.000 0.000 0.000 0.000 0.000 0.000 0.000 0.000 0.000 0.000 0.000 0.000 0.000 0.000 0.000 0.000 0.000 0.000 0.000 0.000 0.000 0.000 0.000 0.000 0.000 0.000 0.000 0.000 0.000 0.000 0.000 0.000 0.000 0.000 0.000 0.000 0.000 0.000 0.000 0.000 0.000 0.000 0.001 0.002 0.007 0.021 0.060 0.099 0.117 0.119 0.115 0.106 0.088 0.066
0.000 0.000 0.000 0.000 0.000 0.000 0.000 0.000 0.000 0.000 0.000 0.000 0.000 0.000 0.000 0.000 0.000 0.000 0.000 0.000 0.000 0.000 0.000 0.000 0.000 0.000 0.000 0.000 0.000 0.000 0.000 0.000 0.000 0.000 0.000 0.000 0.000 0.000 0.000 0.000 0.000 0.000 0.000 0.000 0.000 0.000 0.000 0.000 0.000 0.000 0.000 0.000 0.000 0.000 0.000 0.000 0.000 0.000 0.000 0.000 0.000 0.000 0.000 0.000 0.000 0.001 0.001 0.004 0.011 0.034 0.064 0.078 0.079 0.078 0.072 0.061 0.046
0.000 0.000 0.000 0.000 0.000 0.000 0.000 0.000 0.000 0.000 0.000 0.000 0.000 0.000 0.000 0.000 0.000 0.000 0.000 0.000 0.000 0.000 0.000 0.000 0.000 0.000 0.000 0.000 0.000 0.000 0.000 0.000 0.000 0.000 0.000 0.000 0.000 0.000 0.000 0.000 0.000 0.000 0.000 0.000 0.000 0.000 0.000 0.000 0.000 0.000 0.000 0.000 0.000 0.000 0.000 0.000 0.000 0.000 0.000 0.000 0.000 0.000 0.000 0.000 0.000 0.000 0.001 0.002 0.006 0.017 0.038 0.050 0.053 0.052 0.049 0.043 0.033
0.000 0.000 0.000 0.000 0.000 0.000 0.000 0.000 0.000 0.000 0.000 0.000 0.000 0.000 0.000 0.000 0.000 0.000 0.000 0.000 0.000 0.000 0.000 0.000 0.000 0.000 0.000 0.000 0.000 0.000 0.000 0.000 0.000 0.000 0.000 0.000 0.000 0.000 0.000 0.000 0.000 0.000 0.000 0.000 0.000 0.000 0.000 0.000 0.000 0.000 0.000 0.000 0.000 0.000 0.000 0.000 0.000 0.000 0.000 0.000 0.000 0.000 0.000 0.000 0.000 0.000 0.000 0.001 0.003 0.008 0.019 0.031 0.035 0.035 0.033 0.030 0.025
0.000 0.000 0.000 0.000 0.000 0.000 0.000 0.000 0.000 0.000 0.000 0.000 0.000 0.000 0.000 0.000 0.000 0.000 0.000 0.000 0.000 0.000 0.000 0.000 0.000 0.000 0.000 0.000 0.000 0.000 0.000 0.000 0.000 0.000 0.000 0.000 0.000 0.000 0.000 0.000 0.000 0.000 0.000 0.000 0.000 0.000 0.000 0.000 0.000 0.000 0.000 0.000 0.000 0.000 0.000 0.000 0.000 0.000 0.000 0.000 0.000 0.000 0.000 0.000 0.000 0.000 0.000 0.001 0.001 0.004 0.009 0.017 0.022 0.023 0.022 0.021 0.018
0.000 0.000 0.000 0.000 0.000 0.000 0.000 0.000 0.000 0.000 0.000 0.000 0.000 0.000 0.000 0.000 0.000 0.000 0.000 0.000 0.000 0.000 0.000 0.000 0.000 0.000 0.000 0.000 0.000 0.000 0.000 0.000 0.000 0.000 0.000 0.000 0.000 0.000 0.000 0.000 0.000 0.000 0.000 0.000 0.000 0.000 0.000 0.000 0.000 0.000 0.000 0.000 0.000 0.000 0.000 0.000 0.000 0.000 0.000 0.000 0.000 0.000 0.000 0.000 0.000 0.000 0.000 0.000 0.001 0.002 0.004 0.009 0.013 0.014 0.014 0.013 0.012
0.000 0.000 0.000 0.000 0.000 0.000 0.000 0.000 0.000 0.000 0.000 0.000 0.000 0.000 0.000 0.000 0.000 0.000 0.000 0.000 0.000 0.000 0.000 0.000 0.000 0.000 0.000 0.000 0.000 0.000 0.000 0.000 0.000 0.000 0.000 0.000 0.000 0.000 0.000 0.000 0.000 0.000 0.000 0.000 0.000 0.000 0.000 0.000 0.000 0.000 0.000 0.000 0.000 0.000 0.000 0.000 0.000 0.000 0.000 0.000 0.000 0.000 0.000 0.000 0.000 0.000 0.000 0.000 0.000 0.001 0.002 0.004 0.007 0.008 0.008 0.008 0.007
