AvaFrame/avaframe/data/avaSalk/Avaflow_Input_Output/slk_results/slk_ascii/slk_basechange10018.asc
ncols 296
nrows 144
xllcenter 761600.00
yllcenter 8523000.00
cellsize 12.50
NODATA_value -9999.000
[rows 66 to 98 of 144, columns 148 to 221 of 296]
0.000 0.000 0.000 0.000 0.000 0.000 0.000 0.000 0.000 0.000 0.000 0.000 0.000 0.000 0.000 0.000 0.000 0.000 0.000 0.000 0.000 0.000 0.000 0.000 0.000 -0.000 -0.000 -0.000 -0.000 -0.000 -0.000 -0.000 -0.000 -0.000 -0.000 -0.000 -0.000 -0.000 -0.000 -0.001 -0.001 -0.001 -0.002 -0.002 -0.004 -0.006 -0.009 -0.016 -0.028 -0.052 -0.090 -0.144 -0.225 -0.329 -0.438 -0.535 -0.613 -0.670 -0.711 -0.746 -0.782 -0.814 -0.859 -0.922 -1.010 -1.122 -1.282 -1.488 -1.691 -1.889 -2.075 -2.230 -2.338 -2.414
0.000 0.000 0.000 0.000 0.000 0.000 0.000 0.000 0.000 0.000 0.000 0.000 0.000 0.000 0.000 0.000 0.000 0.000 0.000 0.000 0.000 0.000 0.000 0.000 -0.000 -0.000 -0.000 -0.000 -0.000 -0.000 -0.000 -0.000 -0.000 -0.000 -0.000 -0.000 -0.000 -0.000 -0.001 -0.001 -0.001 -0.002 -0.003 -0.004 -0.007 -0.012 -0.022 -0.041 -0.073 -0.121 -0.187 -0.269 -0.363 -0.461 -0.548 -0.620 -0.679 -0.717 -0.740 -0.766 -0.802 -0.844 -0.905 -0.989 -1.103 -1.257 -1.454 -1.681 -1.907 -2.091 -2.235 -2.339 -2.412 -2.465
0.000 0.000 0.000 0.000 0.000 0.000 0.000 0.000 0.000 0.000 0.000 0.000 0.000 0.000 0.000 0.000 0.000 0.000 0.000 0.000 0.000 0.000 0.000 -0.000 -0.000 -0.000 -0.000 -0.000 -0.000 -0.000 -0.000 -0.000 -0.000 -0.000 -0.000 -0.000 -0.001 -0.001 -0.001 -0.002 -0.002 -0.004 -0.005 -0.009 -0.016 -0.029 -0.052 -0.091 -0.145 -0.216 -0.298 -0.390 -0.477 -0.553 -0.614 -0.660 -0.697 -0.726 -0.751 -0.786 -0.833 -0.896 -0.977 -1.095 -1.237 -1.428 -1.650 -1.860 -2.057 -2.234 -2.357 -2.421 -2.454 -2.488
0.000 0.000 0.000 0.000 0.000 0.000 0.000 0.000 0.000 0.000 0.000 0.000 0.000 0.000 0.000 0.000 0.000 0.000 0.000 0.000 0.000 0.000 -0.000 -0.000 -0.000 -0.000 -0.000 -0.000 -0.000 -0.000 -0.000 -0.000 -0.000 -0.000 -0.000 -0.001 -0.001 -0.001 -0.002 -0.003 -0.004 -0.006 -0.011 -0.019 -0.035 -0.061 -0.102 -0.159 -0.231 -0.311 -0.396 -0.477 -0.546 -0.600 -0.641 -0.673 -0.701 -0.730 -0.771 -0.822 -0.889 -0.973 -1.080 -1.231 -1.418 -1.623 -1.836 -2.034 -2.205 -2.335 -2.423 -2.478 -2.493 -2.469
0.000 0.000 0.000 0.000 0.000 0.000 0.000 0.000 0.000 0.000 0.000 0.000 0.000 0.000 0.000 0.000 0.000 0.000 0.000 0.000 -0.000 -0.000 -0.000 -0.000 -0.000 -0.000 -0.000 -0.000 -0.000 -0.000 -0.000 -0.000 -0.000 -0.000 -0.001 -0.001 -0.001 -0.002 -0.003 -0.005 -0.007 -0.013 -0.023 -0.041 -0.070 -0.112 -0.169 -0.240 -0.320 -0.399 -0.472 -0.533 -0.581 -0.618 -0.649 -0.681 -0.719 -0.765 -0.821 -0.888 -0.968 -1.075 -1.209 -1.387 -1.607 -1.831 -2.041 -2.210 -2.350 -2.441 -2.471 -2.496 -2.495 -2.419
0.000 0.000 0.000 0.000 0.000 0.000 0.000 0.000 0.000 0.000 0.000 0.000 0.000 -0.000 -0.000 0.000 0.000 0.000 -0.000 -0.000 -0.000 -0.000 -0.000 -0.000 -0.000 -0.000 -0.000 -0.000 -0.000 -0.000 -0.000 -0.000 -0.001 -0.001 -0.001 -0.002 -0.002 -0.003 -0.005 -0.008 -0.014 -0.025 -0.046 -0.077 -0.122 -0.180 -0.252 -0.330 -0.405 -0.471 -0.527 -0.572 -0.611 -0.646 -0.681 -0.719 -0.762 -0.816 -0.894 -0.981 -1.078 -1.198 -1.358 -1.564 -1.796 -2.049 -2.273 -2.406 -2.478 -2.527 -2.509 -2.469 -2.421 -2.303
0.000 0.000 0.000 0.000 0.000 0.000 0.000 0.000 0.000 -0.000 -0.000 -0.000 -0.000 -0.000 -0.000 -0.000 -0.000 -0.000 -0.000 -0.000 -0.000 -0.000 -0.000 -0.000 -0.000 -0.000 -0.000 -0.000 -0.000 -0.000 -0.001 -0.001 -0.001 -0.001 -0.002 -0.003 -0.004 -0.006 -0.010 -0.016 -0.028 -0.050 -0.083 -0.130 -0.190 -0.259 -0.335 -0.411 -0.477 -0.527 -0.569 -0.611 -0.648 -0.683 -0.725 -0.772 -0.823 -0.886 -0.991 -1.101 -1.210 -1.345 -1.531 -1.776 -2.035 -2.272 -2.477 -2.557 -2.552 -2.531 -2.479 -2.370 -2.253 -2.072
-0.000 0.000 0.000 0.000 -0.000 -0.000 0.000 0.000 -0.000 -0.000 -0.000 -0.000 -0.000 -0.000 -0.000 -0.000 -0.000 -0.000 -0.000 -0.000 -0.000 -0.000 -0.000 -0.000 -0.000 -0.000 -0.000 -0.000 -0.001 -0.001 -0.001 -0.001 -0.002 -0.002 -0.003 -0.004 -0.007 -0.011 -0.018 -0.031 -0.054 -0.090 -0.139 -0.199 -0.268 -0.340 -0.409 -0.472 -0.529 -0.578 -0.615 -0.656 -0.695 -0.735 -0.782 -0.840 -0.905 -0.988 -1.111 -1.239 -1.370 -1.538 -1.785 -2.089 -2.362 -2.542 -2.643 -2.639 -2.539 -2.447 -2.339 -2.199 -2.014 -1.765
-0.000 -0.000 -0.000 -0.000 -0.000 -0.000 -0.000 -0.000 -0.000 -0.000 -0.000 -0.000 -0.000 -0.000 -0.000 -0.000 -0.000 -0.000 -0.000 -0.000 -0.000 -0.000 -0.001 -0.001 -0.001 -0.001 -0.001 -0.001 -0.001 -0.001 -0.002 -0.002 -0.002 -0.003 -0.005 -0.007 -0.012 -0.020 -0.034 -0.059 -0.097 -0.147 -0.207 -0.276 -0.346 -0.415 -0.477 -0.528 -0.577 -0.625 -0.669 -0.712 -0.757 -0.802 -0.861 -0.929 -1.007 -1.111 -1.250 -1.408 -1.586 -1.841 -2.203 -2.520 -2.694 -2.711 -2.669 -2.591 -2.464 -2.326 -2.163 -1.967 -1.728 -1.464
-0.000 -0.000 -0.000 -0.000 -0.000 -0.000 -0.000 -0.000 -0.000 -0.000 -0.000 -0.000 -0.000 -0.000 -0.000 -0.000 -0.000 -0.000 -0.000 -0.000 -0.000 -0.001 -0.002 -0.003 -0.003 -0.003 -0.003 -0.002 -0.002 -0.002 -0.002 -0.003 -0.004 -0.006 -0.008 -0.013 -0.022 -0.037 -0.063 -0.102 -0.154 -0.216 -0.282 -0.351 -0.419 -0.480 -0.536 -0.586 -0.635 -0.684 -0.731 -0.778 -0.832 -0.888 -0.953 -1.029 -1.127 -1.259 -1.426 -1.654 -1.958 -2.333 -2.663 -2.813 -2.789 -2.650 -2.500 -2.372 -2.289 -2.147 -1.925 -1.697 -1.434 -1.206
-0.000 -0.000 -0.000 -0.000 -0.000 -0.000 -0.000 -0.000 -0.000 -0.000 -0.000 -0.001 -0.001 -0.001 -0.001 -0.001 -0.001 -0.001 -0.001 -0.001 -0.002 -0.003 -0.004 -0.004 -0.004 -0.005 -0.006 -0.006 -0.006 -0.004 -0.004 -0.006 -0.007 -0.010 -0.015 -0.024 -0.040 -0.067 -0.107 -0.160 -0.222 -0.289 -0.359 -0.424 -0.487 -0.545 -0.598 -0.653 -0.708 -0.761 -0.813 -0.862 -0.918 -0.977 -1.048 -1.142 -1.277 -1.460 -1.709 -2.038 -2.434 -2.775 -2.866 -2.749 -2.560 -2.353 -2.206 -2.119 -2.038 -1.898 -1.634 -1.391 -1.178 -1.010
-0.000 -0.000 -0.000 -0.000 -0.000 -0.000 -0.000 -0.000 -0.000 -0.001 -0.002 -0.004 -0.007 -0.008 -0.007 -0.004 -0.003 -0.002 -0.003 -0.004 -0.006 -0.006 -0.004 -0.004 -0.005 -0.006 -0.007 -0.011 -0.012 -0.010 -0.009 -0.011 -0.014 -0.019 -0.029 -0.045 -0.072 -0.113 -0.166 -0.228 -0.297 -0.366 -0.433 -0.496 -0.557 -0.619 -0.679 -0.740 -0.794 -0.844 -0.893 -0.950 -1.012 -1.076 -1.157 -1.289 -1.482 -1.753 -2.102 -2.446 -2.691 -2.817 -2.705 -2.439 -2.199 -2.030 -1.944 -1.909 -1.830 -1.625 -1.355 -1.134 -0.980 -0.884
-0.001 -0.001 -0.001 -0.001 -0.001 -0.001 -0.001 -0.001 -0.001 -0.002 -0.006 -0.011 -0.012 -0.014 -0.015 -0.013 -0.011 -0.011 -0.011 -0.011 -0.009 -0.007 -0.005 -0.005 -0.006 -0.007 -0.008 -0.015 -0.022 -0.022 -0.020 -0.022 -0.027 -0.037 -0.055 -0.083 -0.125 -0.178 -0.242 -0.310 -0.377 -0.443 -0.507 -0.570 -0.635 -0.706 -0.773 -0.837 -0.886 -0.922 -0.966 -1.031 -1.102 -1.187 -1.307 -1.497 -1.769 -2.103 -2.433 -2.637 -2.681 -2.609 -2.408 -2.137 -1.957 -1.861 -1.786 -1.726 -1.588 -1.351 -1.118 -0.956 -0.860 -0.809
-0.005 -0.004 -0.004 -0.004 -0.004 -0.004 -0.004 -0.005 -0.007 -0.013 -0.021 -0.019 -0.011 -0.012 -0.016 -0.019 -0.020 -0.019 -0.017 -0.012 -0.008 -0.006 -0.006 -0.007 -0.008 -0.011 -0.016 -0.024 -0.036 -0.039 -0.035 -0.037 -0.046 -0.063 -0.091 -0.134 -0.192 -0.260 -0.334 -0.406 -0.469 -0.528 -0.591 -0.659 -0.732 -0.810 -0.872 -0.915 -0.953 -0.988 -1.033 -1.107 -1.210 -1.325 -1.510 -1.787 -2.107 -2.412 -2.587 -2.616 -2.523 -2.333 -2.107 -1.930 -1.814 -1.724 -1.628 -1.514 -1.347 -1.121 -0.936 -0.826 -0.769 -0.747
-0.039 -0.034 -0.030 -0.029 -0.030 -0.030 -0.030 -0.033 -0.040 -0.050 -0.051 -0.035 -0.015 -0.013 -0.015 -0.017 -0.016 -0.015 -0.012 -0.009 -0.007 -0.008 -0.009 -0.010 -0.011 -0.019 -0.032 -0.043 -0.054 -0.057 -0.049 -0.050 -0.067 -0.097 -0.139 -0.196 -0.266 -0.345 -0.429 -0.507 -0.572 -0.635 -0.706 -0.778 -0.850 -0.911 -0.955 -0.980 -1.006 -1.046 -1.105 -1.196 -1.338 -1.533 -1.787 -2.106 -2.386 -2.551 -2.584 -2.478 -2.277 -2.072 -1.915 -1.795 -1.700 -1.597 -1.468 -1.317 -1.140 -0.956 -0.817 -0.734 -0.692 -0.685
-0.095 -0.098 -0.097 -0.094 -0.094 -0.094 -0.089 -0.080 -0.076 -0.074 -0.064 -0.045 -0.028 -0.021 -0.017 -0.012 -0.011 -0.012 -0.013 -0.012 -0.011 -0.014 -0.015 -0.016 -0.020 -0.031 -0.048 -0.066 -0.076 -0.073 -0.064 -0.071 -0.098 -0.142 -0.201 -0.272 -0.348 -0.430 -0.517 -0.614 -0.696 -0.768 -0.847 -0.910 -0.953 -0.986 -1.006 -1.026 -1.061 -1.113 -1.198 -1.332 -1.528 -1.794 -2.093 -2.350 -2.505 -2.536 -2.440 -2.258 -2.053 -1.890 -1.779 -1.683 -1.580 -1.457 -1.309 -1.149 -0.982 -0.834 -0.727 -0.659 -0.623 -0.623
-0.078 -0.088 -0.102 -0.110 -0.106 -0.102 -0.097 -0.081 -0.061 -0.046 -0.037 -0.034 -0.036 -0.031 -0.026 -0.021 -0.021 -0.023 -0.026 -0.024 -0.017 -0.019 -0.027 -0.031 -0.035 -0.042 -0.057 -0.083 -0.095 -0.088 -0.087 -0.108 -0.149 -0.208 -0.284 -0.365 -0.451 -0.540 -0.628 -0.736 -0.852 -0.925 -0.977 -1.018 -1.035 -1.041 -1.048 -1.076 -1.123 -1.209 -1.330 -1.520 -1.780 -2.054 -2.291 -2.448 -2.481 -2.416 -2.256 -2.064 -1.898 -1.767 -1.664 -1.562 -1.449 -1.307 -1.155 -0.999 -0.859 -0.737 -0.644 -0.582 -0.550 -0.562
-0.036 -0.028 -0.031 -0.054 -0.064 -0.057 -0.049 -0.043 -0.025 -0.012 -0.015 -0.025 -0.036 -0.041 -0.044 -0.045 -0.043 -0.039 -0.040 -0.040 -0.036 -0.036 -0.043 -0.051 -0.052 -0.053 -0.068 -0.099 -0.113 -0.106 -0.117 -0.160 -0.220 -0.293 -0.382 -0.473 -0.571 -0.671 -0.768 -0.875 -1.003 -1.085 -1.102 -1.105 -1.111 -1.113 -1.118 -1.152 -1.225 -1.339 -1.536 -1.781 -2.037 -2.253 -2.386 -2.410 -2.364 -2.236 -2.074 -1.911 -1.773 -1.661 -1.553 -1.434 -1.303 -1.158 -1.007 -0.867 -0.739 -0.638 -0.558 -0.503 -0.478 -0.504
-0.047 -0.028 -0.015 -0.012 -0.015 -0.018 -0.016 -0.011 -0.008 -0.008 -0.012 -0.022 -0.024 -0.044 -0.064 -0.062 -0.060 -0.053 -0.052 -0.051 -0.054 -0.058 -0.068 -0.077 -0.074 -0.072 -0.088 -0.120 -0.136 -0.142 -0.171 -0.231 -0.308 -0.394 -0.496 -0.606 -0.718 -0.822 -0.918 -1.006 -1.101 -1.170 -1.185 -1.179 -1.184 -1.206 -1.235 -1.289 -1.408 -1.554 -1.782 -2.042 -2.266 -2.344 -2.351 -2.294 -2.195 -2.067 -1.927 -1.784 -1.648 -1.535 -1.425 -1.303 -1.159 -1.013 -0.873 -0.743 -0.630 -0.539 -0.473 -0.431 -0.418 -0.458
-0.105 -0.091 -0.051 -0.033 -0.033 -0.034 -0.032 -0.029 -0.027 -0.027 -0.025 -0.024 -0.022 -0.023 -0.035 -0.045 -0.048 -0.049 -0.051 -0.057 -0.065 -0.070 -0.090 -0.112 -0.109 -0.106 -0.122 -0.150 -0.169 -0.200 -0.255 -0.328 -0.419 -0.526 -0.635 -0.762 -0.887 -0.992 -1.060 -1.107 -1.161 -1.202 -1.219 -1.239 -1.268 -1.326 -1.391 -1.485 -1.652 -1.876 -2.064 -2.202 -2.315 -2.345 -2.241 -2.135 -2.043 -1.932 -1.807 -1.662 -1.518 -1.391 -1.277 -1.155 -1.017 -0.875 -0.748 -0.631 -0.530 -0.454 -0.402 -0.376 -0.380 -0.433
-0.129 -0.164 -0.171 -0.113 -0.072 -0.072 -0.072 -0.071 -0.068 -0.066 -0.066 -0.066 -0.065 -0.063 -0.056 -0.049 -0.049 -0.059 -0.071 -0.081 -0.092 -0.095 -0.120 -0.152 -0.159 -0.157 -0.161 -0.186 -0.219 -0.275 -0.359 -0.454 -0.561 -0.686 -0.814 -0.934 -1.040 -1.123 -1.158 -1.180 -1.207 -1.219 -1.241 -1.296 -1.371 -1.478 -1.600 -1.709 -1.881 -2.100 -2.258 -2.323 -2.244 -2.200 -2.111 -1.983 -1.909 -1.823 -1.687 -1.521 -1.360 -1.227 -1.114 -1.002 -0.871 -0.739 -0.621 -0.520 -0.439 -0.384 -0.352 -0.342 -0.364 -0.430
-0.174 -0.179 -0.213 -0.284 -0.195 -0.129 -0.131 -0.130 -0.129 -0.129 -0.136 -0.135 -0.134 -0.132 -0.126 -0.121 -0.119 -0.120 -0.122 -0.138 -0.140 -0.149 -0.179 -0.201 -0.208 -0.208 -0.205 -0.245 -0.307 -0.383 -0.488 -0.610 -0.743 -0.873 -0.991 -1.074 -1.136 -1.183 -1.204 -1.224 -1.250 -1.259 -1.289 -1.368 -1.483 -1.611 -1.789 -1.922 -2.043 -2.168 -2.246 -2.312 -2.204 -2.009 -1.943 -1.867 -1.796 -1.703 -1.546 -1.350 -1.180 -1.052 -0.954 -0.860 -0.747 -0.625 -0.515 -0.426 -0.365 -0.333 -0.321 -0.329 -0.367 -0.444
-0.249 -0.251 -0.249 -0.276 -0.343 -0.266 -0.205 -0.205 -0.206 -0.220 -0.226 -0.224 -0.219 -0.212 -0.208 -0.205 -0.198 -0.194 -0.204 -0.214 -0.223 -0.231 -0.251 -0.261 -0.264 -0.267 -0.279 -0.343 -0.435 -0.541 -0.658 -0.796 -0.936 -1.061 -1.148 -1.193 -1.212 -1.229 -1.229 -1.244 -1.289 -1.328 -1.386 -1.475 -1.597 -1.713 -1.887 -2.038 -2.122 -2.161 -2.141 -2.163 -2.181 -1.944 -1.798 -1.775 -1.705 -1.554 -1.358 -1.158 -1.006 -0.901 -0.828 -0.752 -0.651 -0.535 -0.433 -0.358 -0.314 -0.297 -0.302 -0.330 -0.388 -0.471
-0.320 -0.329 -0.344 -0.334 -0.355 -0.388 -0.322 -0.304 -0.304 -0.314 -0.323 -0.324 -0.314 -0.305 -0.303 -0.291 -0.288 -0.291 -0.305 -0.323 -0.326 -0.315 -0.316 -0.321 -0.336 -0.360 -0.401 -0.482 -0.591 -0.725 -0.868 -1.005 -1.110 -1.206 -1.265 -1.285 -1.283 -1.279 -1.287 -1.309 -1.347 -1.391 -1.474 -1.570 -1.674 -1.777 -1.898 -2.009 -2.059 -2.060 -2.001 -1.939 -1.979 -1.955 -1.758 -1.664 -1.572 -1.352 -1.125 -0.956 -0.848 -0.786 -0.738 -0.675 -0.578 -0.463 -0.369 -0.311 -0.282 -0.275 -0.291 -0.336 -0.411 -0.500
-0.370 -0.386 -0.402 -0.411 -0.423 -0.434 -0.449 -0.408 -0.411 -0.422 -0.427 -0.420 -0.412 -0.402 -0.383 -0.384 -0.393 -0.408 -0.423 -0.434 -0.418 -0.388 -0.379 -0.400 -0.440 -0.491 -0.571 -0.678 -0.803 -0.929 -1.069 -1.181 -1.262 -1.312 -1.327 -1.348 -1.320 -1.303 -1.343 -1.395 -1.422 -1.452 -1.525 -1.636 -1.745 -1.813 -1.866 -1.895 -1.904 -1.884 -1.820 -1.735 -1.717 -1.783 -1.745 -1.543 -1.355 -1.124 -0.911 -0.789 -0.727 -0.701 -0.676 -0.622 -0.524 -0.408 -0.323 -0.277 -0.260 -0.264 -0.289 -0.347 -0.431 -0.524
-0.419 -0.439 -0.462 -0.486 -0.510 -0.541 -0.533 -0.514 -0.509 -0.510 -0.505 -0.499 -0.493 -0.475 -0.474 -0.505 -0.537 -0.541 -0.532 -0.514 -0.497 -0.469 -0.484 -0.535 -0.596 -0.671 -0.773 -0.901 -1.036 -1.160 -1.266 -1.309 -1.366 -1.365 -1.338 -1.347 -1.317 -1.312 -1.359 -1.406 -1.459 -1.530 -1.579 -1.679 -1.777 -1.839 -1.832 -1.783 -1.725 -1.699 -1.635 -1.556 -1.544 -1.591 -1.595 -1.411 -1.107 -0.893 -0.749 -0.676 -0.648 -0.643 -0.630 -0.582 -0.486 -0.370 -0.293 -0.256 -0.249 -0.264 -0.299 -0.357 -0.437 -0.530
-0.465 -0.493 -0.517 -0.534 -0.577 -0.636 -0.606 -0.592 -0.596 -0.608 -0.600 -0.582 -0.572 -0.590 -0.626 -0.675 -0.700 -0.675 -0.646 -0.620 -0.596 -0.601 -0.652 -0.729 -0.824 -0.926 -1.040 -1.141 -1.242 -1.346 -1.420 -1.429 -1.441 -1.397 -1.342 -1.333 -1.307 -1.317 -1.355 -1.373 -1.435 -1.554 -1.625 -1.677 -1.725 -1.753 -1.757 -1.665 -1.555 -1.487 -1.473 -1.418 -1.407 -1.438 -1.391 -1.205 -0.919 -0.724 -0.633 -0.595 -0.592 -0.603 -0.597 -0.552 -0.458 -0.346 -0.276 -0.246 -0.246 -0.272 -0.319 -0.370 -0.427 -0.511
-0.475 -0.508 -0.534 -0.572 -0.675 -0.673 -0.661 -0.668 -0.660 -0.690 -0.700 -0.702 -0.722 -0.764 -0.809 -0.832 -0.814 -0.787 -0.779 -0.778 -0.802 -0.852 -0.927 -1.030 -1.145 -1.260 -1.356 -1.432 -1.471 -1.518 -1.550 -1.526 -1.523 -1.471 -1.406 -1.391 -1.324 -1.316 -1.359 -1.353 -1.395 -1.483 -1.546 -1.578 -1.613 -1.600 -1.586 -1.512 -1.424 -1.313 -1.259 -1.258 -1.263 -1.254 -1.183 -1.014 -0.793 -0.624 -0.558 -0.541 -0.548 -0.566 -0.567 -0.526 -0.441 -0.337 -0.270 -0.249 -0.255 -0.287 -0.341 -0.390 -0.422 -0.477
-0.479 -0.520 -0.580 -0.656 -0.708 -0.723 -0.735 -0.733 -0.764 -0.797 -0.835 -0.842 -0.880 -0.892 -0.906 -0.927 -0.931 -0.911 -0.946 -0.992 -1.108 -1.185 -1.286 -1.374 -1.455 -1.550 -1.605 -1.677 -1.716 -1.727 -1.682 -1.643 -1.640 -1.572 -1.520 -1.498 -1.400 -1.385 -1.415 -1.410 -1.421 -1.483 -1.486 -1.445 -1.445 -1.422 -1.402 -1.328 -1.272 -1.217 -1.096 -1.058 -1.083 -1.067 -1.000 -0.879 -0.723 -0.583 -0.518 -0.508 -0.517 -0.533 -0.536 -0.502 -0.433 -0.350 -0.288 -0.272 -0.286 -0.315 -0.360 -0.402 -0.425 -0.445
-0.489 -0.546 -0.615 -0.678 -0.710 -0.717 -0.738 -0.778 -0.826 -0.856 -0.911 -0.905 -0.949 -0.956 -0.973 -1.002 -1.048 -1.107 -1.179 -1.250 -1.361 -1.453 -1.572 -1.613 -1.691 -1.736 -1.732 -1.774 -1.797 -1.825 -1.781 -1.738 -1.702 -1.659 -1.666 -1.658 -1.580 -1.567 -1.577 -1.531 -1.519 -1.554 -1.562 -1.435 -1.345 -1.272 -1.226 -1.169 -1.092 -1.041 -0.986 -0.916 -0.923 -0.921 -0.876 -0.796 -0.696 -0.593 -0.524 -0.507 -0.512 -0.521 -0.520 -0.494 -0.449 -0.399 -0.363 -0.357 -0.376 -0.400 -0.407 -0.414 -0.425 -0.432
-0.500 -0.544 -0.588 -0.637 -0.663 -0.666 -0.713 -0.790 -0.822 -0.879 -0.927 -0.936 -1.002 -1.026 -1.063 -1.107 -1.191 -1.282 -1.358 -1.460 -1.529 -1.616 -1.702 -1.714 -1.795 -1.808 -1.783 -1.790 -1.765 -1.762 -1.745 -1.694 -1.630 -1.618 -1.651 -1.690 -1.651 -1.641 -1.622 -1.565 -1.532 -1.550 -1.585 -1.541 -1.406 -1.257 -1.106 -1.019 -0.941 -0.858 -0.824 -0.809 -0.814 -0.826 -0.812 -0.769 -0.723 -0.682 -0.640 -0.606 -0.593 -0.591 -0.582 -0.561 -0.536 -0.512 -0.487 -0.474 -0.488 -0.532 -0.556 -0.509 -0.448 -0.430
-0.424 -0.454 -0.492 -0.533 -0.571 -0.613 -0.691 -0.765 -0.799 -0.876 -0.925 -0.950 -1.033 -1.060 -1.088 -1.134 -1.210 -1.323 -1.413 -1.517 -1.561 -1.637 -1.687 -1.685 -1.748 -1.777 -1.757 -1.758 -1.718 -1.649 -1.619 -1.585 -1.551 -1.509 -1.493 -1.514 -1.510 -1.487 -1.426 -1.365 -1.364 -1.379 -1.399 -1.411 -1.379 -1.306 -1.123 -0.928 -0.801 -0.720 -0.682 -0.698 -0.721 -0.751 -0.782 -0.792 -0.792 -0.789 -0.764 -0.713 -0.673 -0.661 -0.655 -0.637 -0.609 -0.572 -0.523 -0.493 -0.497 -0.537 -0.625 -0.664 -0.592 -0.487
-0.310 -0.342 -0.378 -0.434 -0.509 -0.568 -0.649 -0.718 -0.768 -0.846 -0.895 -0.927 -0.999 -1.031 -1.064 -1.085 -1.164 -1.290 -1.402 -1.506 -1.546 -1.601 -1.637 -1.611 -1.644 -1.638 -1.599 -1.594 -1.542 -1.467 -1.441 -1.433 -1.405 -1.344 -1.346 -1.326 -1.312 -1.260 -1.193 -1.162 -1.152 -1.121 -1.058 -1.031 -1.041 -1.040 -1.031 -0.877 -0.688 -0.588 -0.571 -0.588 -0.617 -0.665 -0.738 -0.790 -0.805 -0.797 -0.757 -0.695 -0.642 -0.619 -0.617 -0.610 -0.587 -0.545 -0.500 -0.478 -0.479 -0.489 -0.546 -0.644 -0.653 -0.556
