AvaFrame/avaframe/data/avaSalk/Avaflow_Input_Output/slk_results/slk_ascii/slk_basechange10022.asc
ncols 296
nrows 144
xllcenter 761600.00
yllcenter 8523000.00
cellsize 12.50
NODATA_value -9999.000
[rows 66 to 98 of 144, columns 148 to 221 of 296]
0.000 0.000 0.000 0.000 0.000 0.000 0.000 0.000 0.000 0.000 0.000 0.000 0.000 0.000 0.000 0.000 0.000 0.000 0.000 0.000 0.000 0.000 0.000 0.000 0.000 -0.000 -0.000 -0.000 -0.000 -0.000 -0.000 -0.000 -0.000 -0.000 -0.000 -0.000 -0.000 -0.000 -0.000 -0.001 -0.001 -0.001 -0.002 -0.002 -0.004 -0.006 -0.009 -0.016 -0.029 -0.052 -0.090 -0.145 -0.225 -0.330 -0.438 -0.535 -0.614 -0.670 -0.712 -0.747 -0.782 -0.815 -0.859 -0.923 -1.011 -1.123 -1.283 -1.490 -1.694 -1.894 -2.083 -2.245 -2.361 -2.451
0.000 0.000 0.000 0.000 0.000 0.000 0.000 0.000 0.000 0.000 0.000 0.000 0.000 0.000 0.000 0.000 0.000 0.000 0.000 0.000 0.000 0.000 0.000 0.000 -0.000 -0.000 -0.000 -0.000 -0.000 -0.000 -0.000 -0.000 -0.000 -0.000 -0.000 -0.000 -0.000 -0.000 -0.001 -0.001 -0.001 -0.002 -0.003 -0.004 -0.007 -0.012 -0.022 -0.041 -0.073 -0.121 -0.187 -0.269 -0.363 -0.462 -0.548 -0.620 -0.679 -0.717 -0.740 -0.766 -0.802 -0.844 -0.905 -0.990 -1.104 -1.258 -1.456 -1.685 -1.912 -2.100 -2.250 -2.364 -2.450 -2.523
0.000 0.000 0.000 0.000 0.000 0.000 0.000 0.000 0.000 0.000 0.000 0.000 0.000 0.000 0.000 0.000 0.000 0.000 0.000 0.000 0.000 0.000 0.000 -0.000 -0.000 -0.000 -0.000 -0.000 -0.000 -0.000 -0.000 -0.000 -0.000 -0.000 -0.000 -0.000 -0.001 -0.001 -0.001 -0.002 -0.002 -0.004 -0.005 -0.009 -0.016 -0.029 -0.052 -0.091 -0.145 -0.216 -0.298 -0.390 -0.477 -0.553 -0.614 -0.660 -0.697 -0.727 -0.752 -0.787 -0.834 -0.897 -0.978 -1.096 -1.239 -1.430 -1.653 -1.866 -2.067 -2.250 -2.382 -2.461 -2.513 -2.574
0.000 0.000 0.000 0.000 0.000 0.000 0.000 0.000 0.000 0.000 0.000 0.000 0.000 0.000 0.000 0.000 0.000 0.000 0.000 0.000 0.000 0.000 -0.000 -0.000 -0.000 -0.000 -0.000 -0.000 -0.000 -0.000 -0.000 -0.000 -0.000 -0.000 -0.000 -0.001 -0.001 -0.001 -0.002 -0.003 -0.004 -0.007 -0.011 -0.019 -0.035 -0.061 -0.102 -0.159 -0.231 -0.312 -0.396 -0.477 -0.546 -0.600 -0.642 -0.673 -0.702 -0.731 -0.772 -0.822 -0.889 -0.974 -1.081 -1.233 -1.420 -1.626 -1.841 -2.043 -2.222 -2.362 -2.465 -2.540 -2.581 -2.583
0.000 0.000 0.000 0.000 0.000 0.000 0.000 0.000 0.000 0.000 0.000 0.000 0.000 0.000 0.000 0.000 0.000 0.000 0.000 0.000 -0.000 -0.000 -0.000 -0.000 -0.000 -0.000 -0.000 -0.000 -0.000 -0.000 -0.000 -0.000 -0.000 -0.000 -0.001 -0.001 -0.001 -0.002 -0.003 -0.005 -0.008 -0.013 -0.023 -0.041 -0.070 -0.113 -0.169 -0.240 -0.320 -0.400 -0.472 -0.533 -0.582 -0.618 -0.649 -0.681 -0.719 -0.765 -0.821 -0.889 -0.969 -1.076 -1.211 -1.389 -1.611 -1.837 -2.051 -2.226 -2.377 -2.484 -2.536 -2.587 -2.610 -2.552
0.000 0.000 0.000 0.000 0.000 0.000 0.000 0.000 0.000 0.000 0.000 0.000 0.000 -0.000 -0.000 0.000 0.000 0.000 -0.000 -0.000 -0.000 -0.000 -0.000 -0.000 -0.000 -0.000 -0.000 -0.000 -0.000 -0.000 -0.000 -0.000 -0.001 -0.001 -0.001 -0.002 -0.002 -0.004 -0.005 -0.009 -0.014 -0.026 -0.046 -0.077 -0.122 -0.180 -0.252 -0.330 -0.405 -0.472 -0.527 -0.572 -0.612 -0.646 -0.682 -0.720 -0.763 -0.817 -0.895 -0.983 -1.080 -1.200 -1.360 -1.568 -1.801 -2.059 -2.291 -2.434 -2.523 -2.595 -2.604 -2.587 -2.553 -2.437
0.000 0.000 0.000 0.000 0.000 0.000 0.000 0.000 0.000 -0.000 -0.000 -0.000 -0.000 -0.000 -0.000 -0.000 -0.000 -0.000 -0.000 -0.000 -0.000 -0.000 -0.000 -0.000 -0.000 -0.000 -0.000 -0.000 -0.000 -0.001 -0.001 -0.001 -0.001 -0.001 -0.002 -0.003 -0.004 -0.006 -0.010 -0.016 -0.028 -0.050 -0.084 -0.130 -0.190 -0.259 -0.335 -0.411 -0.477 -0.527 -0.570 -0.611 -0.648 -0.684 -0.725 -0.773 -0.824 -0.887 -0.992 -1.102 -1.212 -1.348 -1.535 -1.782 -2.046 -2.292 -2.510 -2.605 -2.623 -2.630 -2.599 -2.500 -2.384 -2.195
-0.000 0.000 0.000 0.000 -0.000 -0.000 0.000 0.000 -0.000 -0.000 -0.000 -0.000 -0.000 -0.000 -0.000 -0.000 -0.000 -0.000 -0.000 -0.000 -0.000 -0.000 -0.000 -0.000 -0.000 -0.000 -0.001 -0.001 -0.001 -0.001 -0.001 -0.001 -0.002 -0.002 -0.003 -0.004 -0.007 -0.011 -0.018 -0.031 -0.054 -0.090 -0.139 -0.199 -0.269 -0.340 -0.410 -0.472 -0.530 -0.578 -0.616 -0.657 -0.695 -0.735 -0.783 -0.841 -0.906 -0.989 -1.113 -1.241 -1.374 -1.543 -1.794 -2.105 -2.389 -2.584 -2.701 -2.715 -2.639 -2.565 -2.466 -2.326 -2.132 -1.865
-0.000 -0.000 -0.000 -0.000 -0.000 -0.000 -0.000 -0.000 -0.000 -0.000 -0.000 -0.000 -0.000 -0.000 -0.000 -0.000 -0.000 -0.000 -0.000 -0.000 -0.000 -0.000 -0.001 -0.001 -0.001 -0.002 -0.002 -0.002 -0.001 -0.001 -0.002 -0.002 -0.003 -0.004 -0.005 -0.008 -0.012 -0.020 -0.034 -0.059 -0.097 -0.147 -0.208 -0.277 -0.347 -0.415 -0.477 -0.528 -0.577 -0.625 -0.669 -0.712 -0.758 -0.803 -0.862 -0.930 -1.009 -1.113 -1.253 -1.412 -1.593 -1.854 -2.230 -2.565 -2.756 -2.786 -2.757 -2.697 -2.585 -2.453 -2.288 -2.081 -1.824 -1.537
-0.000 -0.000 -0.000 -0.000 -0.000 -0.000 -0.000 -0.000 -0.000 -0.000 -0.000 -0.000 -0.000 -0.000 -0.000 -0.000 -0.000 -0.000 -0.000 -0.000 -0.001 -0.002 -0.003 -0.005 -0.005 -0.005 -0.005 -0.005 -0.004 -0.003 -0.003 -0.003 -0.004 -0.006 -0.009 -0.013 -0.022 -0.037 -0.063 -0.102 -0.154 -0.216 -0.282 -0.351 -0.419 -0.480 -0.536 -0.586 -0.636 -0.685 -0.732 -0.779 -0.833 -0.889 -0.954 -1.031 -1.129 -1.263 -1.431 -1.664 -1.977 -2.370 -2.721 -2.887 -2.870 -2.737 -2.598 -2.483 -2.411 -2.270 -2.037 -1.791 -1.506 -1.258
-0.000 -0.000 -0.000 -0.000 -0.000 -0.000 -0.000 -0.000 -0.000 -0.000 -0.001 -0.001 -0.002 -0.002 -0.002 -0.001 -0.001 -0.001 -0.001 -0.001 -0.003 -0.005 -0.006 -0.007 -0.008 -0.009 -0.010 -0.011 -0.010 -0.007 -0.006 -0.006 -0.008 -0.011 -0.016 -0.025 -0.041 -0.067 -0.107 -0.160 -0.222 -0.289 -0.359 -0.424 -0.487 -0.546 -0.599 -0.654 -0.709 -0.762 -0.814 -0.863 -0.920 -0.979 -1.050 -1.144 -1.281 -1.466 -1.720 -2.062 -2.476 -2.837 -2.938 -2.821 -2.633 -2.431 -2.297 -2.225 -2.153 -2.008 -1.724 -1.461 -1.228 -1.046
-0.000 -0.000 -0.000 -0.000 -0.000 -0.000 -0.000 -0.000 -0.000 -0.001 -0.002 -0.007 -0.012 -0.014 -0.012 -0.007 -0.005 -0.004 -0.005 -0.007 -0.010 -0.009 -0.007 -0.006 -0.008 -0.009 -0.011 -0.017 -0.022 -0.018 -0.014 -0.014 -0.016 -0.022 -0.032 -0.048 -0.075 -0.115 -0.168 -0.229 -0.297 -0.366 -0.433 -0.496 -0.557 -0.619 -0.679 -0.741 -0.796 -0.845 -0.894 -0.952 -1.014 -1.079 -1.160 -1.293 -1.489 -1.765 -2.126 -2.490 -2.752 -2.887 -2.775 -2.506 -2.268 -2.107 -2.035 -2.012 -1.933 -1.714 -1.422 -1.182 -1.014 -0.911
-0.001 -0.001 -0.001 -0.001 -0.001 -0.001 -0.001 -0.001 -0.002 -0.003 -0.010 -0.018 -0.020 -0.022 -0.024 -0.021 -0.019 -0.018 -0.018 -0.017 -0.015 -0.011 -0.008 -0.008 -0.010 -0.010 -0.010 -0.021 -0.036 -0.039 -0.034 -0.032 -0.037 -0.046 -0.063 -0.092 -0.134 -0.187 -0.250 -0.316 -0.381 -0.445 -0.508 -0.570 -0.636 -0.707 -0.774 -0.838 -0.887 -0.923 -0.967 -1.033 -1.105 -1.191 -1.312 -1.505 -1.782 -2.128 -2.476 -2.697 -2.748 -2.677 -2.476 -2.206 -2.033 -1.946 -1.877 -1.820 -1.674 -1.418 -1.166 -0.989 -0.886 -0.830
-0.006 -0.005 -0.005 -0.005 -0.005 -0.006 -0.006 -0.008 -0.011 -0.021 -0.032 -0.028 -0.015 -0.017 -0.023 -0.027 -0.029 -0.029 -0.025 -0.018 -0.012 -0.008 -0.010 -0.011 -0.011 -0.016 -0.024 -0.033 -0.053 -0.064 -0.057 -0.053 -0.061 -0.077 -0.104 -0.146 -0.204 -0.274 -0.351 -0.426 -0.487 -0.539 -0.597 -0.661 -0.733 -0.810 -0.874 -0.916 -0.955 -0.990 -1.035 -1.109 -1.214 -1.330 -1.518 -1.802 -2.132 -2.455 -2.645 -2.682 -2.591 -2.402 -2.177 -2.005 -1.896 -1.811 -1.713 -1.594 -1.416 -1.172 -0.971 -0.851 -0.789 -0.766
-0.051 -0.045 -0.040 -0.039 -0.041 -0.042 -0.043 -0.048 -0.059 -0.073 -0.074 -0.047 -0.019 -0.018 -0.021 -0.023 -0.022 -0.021 -0.018 -0.013 -0.013 -0.012 -0.013 -0.014 -0.014 -0.029 -0.049 -0.061 -0.079 -0.089 -0.074 -0.067 -0.082 -0.111 -0.153 -0.207 -0.276 -0.356 -0.443 -0.530 -0.597 -0.658 -0.724 -0.789 -0.855 -0.913 -0.957 -0.982 -1.008 -1.048 -1.108 -1.200 -1.344 -1.542 -1.802 -2.133 -2.429 -2.608 -2.649 -2.545 -2.346 -2.143 -1.991 -1.877 -1.786 -1.680 -1.543 -1.383 -1.194 -0.997 -0.845 -0.754 -0.708 -0.700
-0.126 -0.131 -0.130 -0.127 -0.129 -0.130 -0.123 -0.110 -0.104 -0.101 -0.088 -0.058 -0.035 -0.028 -0.025 -0.019 -0.019 -0.020 -0.022 -0.021 -0.020 -0.023 -0.022 -0.022 -0.029 -0.045 -0.068 -0.093 -0.112 -0.110 -0.090 -0.087 -0.110 -0.155 -0.216 -0.287 -0.364 -0.446 -0.533 -0.635 -0.723 -0.793 -0.872 -0.934 -0.972 -0.996 -1.009 -1.029 -1.063 -1.116 -1.203 -1.339 -1.538 -1.810 -2.120 -2.392 -2.562 -2.601 -2.508 -2.328 -2.126 -1.967 -1.860 -1.767 -1.662 -1.533 -1.375 -1.205 -1.026 -0.866 -0.749 -0.674 -0.634 -0.634
-0.102 -0.116 -0.134 -0.145 -0.139 -0.135 -0.131 -0.109 -0.078 -0.058 -0.048 -0.044 -0.046 -0.042 -0.038 -0.032 -0.035 -0.036 -0.040 -0.037 -0.027 -0.030 -0.040 -0.045 -0.050 -0.056 -0.075 -0.115 -0.135 -0.123 -0.108 -0.122 -0.161 -0.223 -0.302 -0.387 -0.476 -0.568 -0.658 -0.771 -0.893 -0.961 -1.007 -1.050 -1.070 -1.073 -1.065 -1.083 -1.127 -1.213 -1.337 -1.531 -1.797 -2.082 -2.333 -2.504 -2.546 -2.484 -2.328 -2.138 -1.976 -1.848 -1.747 -1.643 -1.525 -1.374 -1.211 -1.045 -0.894 -0.761 -0.660 -0.592 -0.557 -0.569
-0.048 -0.041 -0.043 -0.073 -0.089 -0.079 -0.071 -0.064 -0.036 -0.015 -0.019 -0.032 -0.051 -0.060 -0.064 -0.065 -0.065 -0.058 -0.060 -0.058 -0.053 -0.052 -0.058 -0.067 -0.067 -0.068 -0.085 -0.130 -0.150 -0.132 -0.131 -0.172 -0.233 -0.310 -0.403 -0.499 -0.600 -0.705 -0.804 -0.918 -1.060 -1.147 -1.153 -1.149 -1.154 -1.161 -1.163 -1.183 -1.243 -1.349 -1.548 -1.800 -2.066 -2.295 -2.441 -2.473 -2.433 -2.309 -2.151 -1.991 -1.855 -1.744 -1.634 -1.510 -1.372 -1.216 -1.053 -0.902 -0.764 -0.654 -0.568 -0.509 -0.482 -0.508
-0.063 -0.042 -0.025 -0.018 -0.023 -0.033 -0.029 -0.017 -0.010 -0.010 -0.018 -0.034 -0.038 -0.064 -0.092 -0.086 -0.085 -0.076 -0.073 -0.068 -0.072 -0.076 -0.088 -0.095 -0.091 -0.087 -0.106 -0.149 -0.167 -0.160 -0.180 -0.242 -0.321 -0.412 -0.519 -0.633 -0.749 -0.858 -0.953 -1.049 -1.156 -1.236 -1.247 -1.234 -1.233 -1.258 -1.290 -1.342 -1.456 -1.593 -1.809 -2.070 -2.309 -2.398 -2.413 -2.362 -2.268 -2.145 -2.008 -1.866 -1.731 -1.615 -1.502 -1.372 -1.218 -1.060 -0.908 -0.769 -0.647 -0.549 -0.479 -0.434 -0.420 -0.460
-0.121 -0.108 -0.062 -0.042 -0.039 -0.037 -0.035 -0.030 -0.027 -0.027 -0.026 -0.025 -0.023 -0.027 -0.042 -0.055 -0.061 -0.060 -0.061 -0.069 -0.077 -0.085 -0.108 -0.134 -0.128 -0.125 -0.141 -0.174 -0.190 -0.214 -0.266 -0.342 -0.436 -0.544 -0.657 -0.787 -0.913 -1.025 -1.091 -1.145 -1.206 -1.254 -1.274 -1.295 -1.323 -1.383 -1.450 -1.540 -1.706 -1.942 -2.137 -2.259 -2.365 -2.408 -2.309 -2.207 -2.120 -2.013 -1.891 -1.745 -1.598 -1.466 -1.345 -1.215 -1.065 -0.912 -0.774 -0.648 -0.542 -0.461 -0.406 -0.378 -0.382 -0.435
-0.133 -0.185 -0.194 -0.127 -0.079 -0.076 -0.073 -0.071 -0.068 -0.067 -0.070 -0.071 -0.071 -0.070 -0.062 -0.053 -0.053 -0.065 -0.078 -0.090 -0.102 -0.107 -0.138 -0.180 -0.187 -0.182 -0.179 -0.203 -0.231 -0.287 -0.373 -0.469 -0.579 -0.706 -0.833 -0.954 -1.063 -1.150 -1.184 -1.209 -1.242 -1.252 -1.279 -1.338 -1.422 -1.539 -1.664 -1.763 -1.933 -2.160 -2.347 -2.429 -2.319 -2.266 -2.183 -2.058 -1.989 -1.907 -1.772 -1.602 -1.432 -1.291 -1.170 -1.048 -0.906 -0.765 -0.640 -0.532 -0.446 -0.389 -0.354 -0.344 -0.365 -0.432
-0.177 -0.182 -0.225 -0.319 -0.212 -0.131 -0.132 -0.131 -0.129 -0.131 -0.141 -0.143 -0.143 -0.141 -0.135 -0.130 -0.128 -0.128 -0.129 -0.148 -0.152 -0.165 -0.208 -0.234 -0.240 -0.234 -0.220 -0.257 -0.318 -0.398 -0.504 -0.626 -0.763 -0.893 -1.011 -1.091 -1.157 -1.203 -1.226 -1.248 -1.279 -1.283 -1.319 -1.397 -1.523 -1.661 -1.850 -1.977 -2.094 -2.218 -2.314 -2.428 -2.325 -2.082 -2.017 -1.945 -1.878 -1.788 -1.628 -1.422 -1.241 -1.102 -0.996 -0.895 -0.774 -0.644 -0.528 -0.434 -0.370 -0.336 -0.323 -0.331 -0.369 -0.446
-0.267 -0.260 -0.253 -0.290 -0.373 -0.277 -0.207 -0.209 -0.211 -0.228 -0.237 -0.237 -0.232 -0.223 -0.218 -0.216 -0.208 -0.203 -0.217 -0.234 -0.245 -0.259 -0.287 -0.296 -0.295 -0.291 -0.291 -0.356 -0.451 -0.561 -0.678 -0.817 -0.962 -1.087 -1.174 -1.219 -1.235 -1.252 -1.250 -1.268 -1.314 -1.350 -1.414 -1.503 -1.627 -1.748 -1.926 -2.086 -2.167 -2.205 -2.187 -2.245 -2.327 -2.063 -1.866 -1.854 -1.787 -1.634 -1.431 -1.217 -1.051 -0.937 -0.860 -0.781 -0.675 -0.552 -0.444 -0.365 -0.318 -0.300 -0.304 -0.332 -0.390 -0.474
-0.339 -0.344 -0.355 -0.345 -0.363 -0.404 -0.330 -0.312 -0.312 -0.324 -0.336 -0.339 -0.327 -0.317 -0.317 -0.304 -0.300 -0.310 -0.331 -0.360 -0.365 -0.352 -0.350 -0.351 -0.362 -0.381 -0.417 -0.497 -0.611 -0.754 -0.903 -1.038 -1.152 -1.246 -1.301 -1.327 -1.323 -1.315 -1.325 -1.343 -1.375 -1.416 -1.502 -1.597 -1.697 -1.805 -1.922 -2.040 -2.092 -2.094 -2.037 -1.979 -2.079 -2.112 -1.862 -1.736 -1.651 -1.424 -1.182 -0.999 -0.880 -0.813 -0.765 -0.701 -0.601 -0.478 -0.377 -0.316 -0.284 -0.277 -0.293 -0.339 -0.415 -0.506
-0.380 -0.397 -0.415 -0.423 -0.438 -0.443 -0.465 -0.417 -0.420 -0.431 -0.440 -0.433 -0.425 -0.414 -0.393 -0.396 -0.415 -0.443 -0.469 -0.487 -0.464 -0.425 -0.405 -0.422 -0.462 -0.510 -0.593 -0.702 -0.832 -0.967 -1.113 -1.221 -1.317 -1.362 -1.372 -1.408 -1.372 -1.350 -1.401 -1.445 -1.463 -1.489 -1.560 -1.667 -1.772 -1.838 -1.889 -1.914 -1.926 -1.907 -1.848 -1.759 -1.759 -1.897 -1.884 -1.631 -1.421 -1.180 -0.951 -0.818 -0.751 -0.724 -0.701 -0.648 -0.547 -0.422 -0.330 -0.281 -0.262 -0.266 -0.291 -0.349 -0.435 -0.532
-0.441 -0.460 -0.476 -0.493 -0.515 -0.556 -0.543 -0.523 -0.518 -0.522 -0.520 -0.512 -0.505 -0.486 -0.490 -0.533 -0.580 -0.598 -0.590 -0.565 -0.542 -0.497 -0.503 -0.554 -0.615 -0.691 -0.797 -0.932 -1.070 -1.199 -1.309 -1.347 -1.417 -1.409 -1.383 -1.405 -1.360 -1.360 -1.416 -1.450 -1.510 -1.581 -1.622 -1.718 -1.815 -1.873 -1.862 -1.806 -1.744 -1.718 -1.654 -1.577 -1.569 -1.662 -1.716 -1.520 -1.162 -0.931 -0.776 -0.697 -0.668 -0.665 -0.656 -0.611 -0.511 -0.385 -0.300 -0.259 -0.251 -0.266 -0.301 -0.359 -0.441 -0.539
-0.482 -0.509 -0.528 -0.540 -0.583 -0.650 -0.619 -0.605 -0.606 -0.622 -0.611 -0.593 -0.582 -0.609 -0.657 -0.729 -0.770 -0.742 -0.704 -0.669 -0.632 -0.627 -0.679 -0.754 -0.852 -0.956 -1.073 -1.178 -1.274 -1.381 -1.454 -1.464 -1.485 -1.425 -1.376 -1.375 -1.333 -1.356 -1.397 -1.403 -1.475 -1.596 -1.668 -1.716 -1.765 -1.790 -1.798 -1.700 -1.576 -1.503 -1.489 -1.435 -1.430 -1.495 -1.495 -1.316 -0.985 -0.752 -0.652 -0.612 -0.609 -0.624 -0.625 -0.583 -0.486 -0.361 -0.282 -0.250 -0.248 -0.275 -0.322 -0.373 -0.431 -0.520
-0.480 -0.515 -0.540 -0.580 -0.694 -0.690 -0.674 -0.685 -0.673 -0.705 -0.723 -0.728 -0.751 -0.807 -0.868 -0.896 -0.878 -0.848 -0.829 -0.828 -0.847 -0.898 -0.974 -1.076 -1.203 -1.314 -1.408 -1.486 -1.513 -1.556 -1.582 -1.550 -1.557 -1.495 -1.435 -1.427 -1.350 -1.344 -1.392 -1.379 -1.419 -1.509 -1.575 -1.608 -1.648 -1.634 -1.629 -1.550 -1.455 -1.329 -1.265 -1.268 -1.283 -1.302 -1.275 -1.120 -0.874 -0.655 -0.575 -0.555 -0.563 -0.585 -0.594 -0.558 -0.471 -0.355 -0.278 -0.254 -0.258 -0.290 -0.344 -0.393 -0.426 -0.484
-0.501 -0.541 -0.604 -0.682 -0.735 -0.750 -0.761 -0.754 -0.788 -0.823 -0.872 -0.879 -0.914 -0.936 -0.956 -0.973 -0.984 -0.955 -0.988 -1.043 -1.168 -1.249 -1.353 -1.437 -1.523 -1.609 -1.666 -1.741 -1.770 -1.783 -1.726 -1.676 -1.683 -1.606 -1.553 -1.540 -1.437 -1.417 -1.453 -1.446 -1.449 -1.519 -1.527 -1.474 -1.473 -1.453 -1.437 -1.360 -1.304 -1.242 -1.105 -1.062 -1.099 -1.105 -1.076 -0.978 -0.816 -0.636 -0.540 -0.525 -0.534 -0.553 -0.563 -0.535 -0.467 -0.376 -0.303 -0.282 -0.294 -0.321 -0.364 -0.406 -0.430 -0.451
-0.510 -0.569 -0.642 -0.708 -0.743 -0.746 -0.760 -0.804 -0.854 -0.886 -0.950 -0.933 -0.972 -0.987 -0.994 -1.028 -1.075 -1.141 -1.220 -1.294 -1.406 -1.505 -1.629 -1.668 -1.751 -1.783 -1.781 -1.821 -1.841 -1.877 -1.831 -1.788 -1.763 -1.715 -1.730 -1.725 -1.643 -1.628 -1.636 -1.583 -1.566 -1.607 -1.624 -1.480 -1.380 -1.302 -1.249 -1.190 -1.117 -1.060 -1.003 -0.921 -0.935 -0.957 -0.945 -0.892 -0.800 -0.680 -0.579 -0.545 -0.547 -0.557 -0.560 -0.540 -0.498 -0.452 -0.412 -0.401 -0.415 -0.432 -0.424 -0.421 -0.431 -0.440
-0.533 -0.575 -0.619 -0.670 -0.698 -0.683 -0.726 -0.815 -0.847 -0.915 -0.966 -0.960 -1.027 -1.044 -1.077 -1.118 -1.221 -1.303 -1.377 -1.489 -1.560 -1.650 -1.738 -1.751 -1.835 -1.841 -1.816 -1.819 -1.794 -1.791 -1.780 -1.735 -1.673 -1.666 -1.708 -1.758 -1.718 -1.707 -1.682 -1.613 -1.578 -1.602 -1.641 -1.600 -1.455 -1.297 -1.129 -1.034 -0.958 -0.871 -0.835 -0.815 -0.829 -0.864 -0.883 -0.875 -0.859 -0.830 -0.775 -0.711 -0.679 -0.672 -0.663 -0.645 -0.623 -0.598 -0.563 -0.538 -0.547 -0.596 -0.620 -0.552 -0.468 -0.441
-0.461 -0.483 -0.518 -0.559 -0.591 -0.622 -0.703 -0.785 -0.816 -0.910 -0.959 -0.975 -1.062 -1.082 -1.105 -1.146 -1.224 -1.347 -1.438 -1.543 -1.587 -1.666 -1.715 -1.711 -1.775 -1.806 -1.783 -1.789 -1.748 -1.670 -1.646 -1.615 -1.582 -1.538 -1.518 -1.541 -1.539 -1.519 -1.451 -1.383 -1.387 -1.412 -1.438 -1.452 -1.427 -1.357 -1.160 -0.949 -0.812 -0.729 -0.686 -0.700 -0.733 -0.783 -0.850 -0.900 -0.929 -0.940 -0.909 -0.834 -0.770 -0.748 -0.738 -0.719 -0.686 -0.639 -0.577 -0.536 -0.533 -0.580 -0.694 -0.749 -0.662 -0.526
-0.339 -0.364 -0.394 -0.446 -0.524 -0.579 -0.666 -0.739 -0.792 -0.880 -0.927 -0.955 -1.031 -1.062 -1.092 -1.104 -1.186 -1.322 -1.438 -1.551 -1.588 -1.642 -1.679 -1.644 -1.680 -1.677 -1.631 -1.628 -1.577 -1.488 -1.471 -1.472 -1.438 -1.367 -1.377 -1.360 -1.350 -1.293 -1.209 -1.174 -1.174 -1.148 -1.074 -1.041 -1.069 -1.062 -1.063 -0.908 -0.701 -0.591 -0.572 -0.590 -0.626 -0.685 -0.785 -0.870 -0.902 -0.901 -0.862 -0.790 -0.721 -0.686 -0.678 -0.669 -0.641 -0.591 -0.539 -0.512 -0.508 -0.514 -0.581 -0.707 -0.722 -0.606
