AvaFrame/avaframe/data/avaSalk/Avaflow_Input_Output/slk_results/slk_ascii/slk_basechange10012.asc
ncols 296
nrows 144
xllcenter 761600.00
yllcenter 8523000.00
cellsize 12.50
NODATA_value -9999.000
[rows 33 to 65 of 144, columns 222 to 295 of 296]
0.000 0.000 0.000 0.000 -0.000 -0.000 -0.000 -0.000 -0.000 -0.000 -0.000 -0.000 -0.000 -0.000 -0.000 -0.000 -0.000 -0.000 -0.000 -0.000 -0.000 -0.001 -0.001 -0.001 -0.002 -0.004 -0.007 -0.014 -0.026 -0.045 -0.071 -0.104 -0.146 -0.196 -0.267 -0.343 -0.426 -0.520 -0.599 -0.671 -0.727 -0.749 -0.724 -0.663 -0.572 -0.410 -0.204 -0.072 -0.021 -0.004 -0.001 -0.000 -0.000 -0.000 -0.000 0.000 0.000 0.000 0.000 0.000 0.000 0.000 0.000 0.000 0.000 0.000 0.000 0.000 0.000 0.000 0.000 0.000 0.000 0.000
0.000 0.000 0.000 -0.000 -0.000 -0.000 -0.000 -0.000 -0.000 -0.000 -0.000 -0.000 -0.000 -0.000 -0.000 -0.000 -0.000 -0.000 -0.000 -0.001 -0.001 -0.001 -0.002 -0.004 -0.007 -0.014 -0.026 -0.046 -0.074 -0.109 -0.150 -0.195 -0.249 -0.312 -0.409 -0.533 -0.669 -0.817 -0.934 -1.009 -1.048 -1.029 -0.956 -0.837 -0.679 -0.461 -0.226 -0.072 -0.020 -0.004 -0.001 -0.000 -0.000 -0.000 -0.000 0.000 0.000 0.000 0.000 0.000 0.000 0.000 0.000 0.000 0.000 0.000 0.000 0.000 0.000 0.000 0.000 0.000 0.000 0.000
0.000 -0.000 -0.000 -0.000 -0.000 -0.000 -0.000 -0.000 -0.000 -0.000 -0.000 -0.000 -0.000 -0.000 -0.000 -0.000 -0.000 -0.001 -0.001 -0.001 -0.002 -0.003 -0.006 -0.012 -0.024 -0.044 -0.073 -0.111 -0.155 -0.203 -0.254 -0.311 -0.376 -0.465 -0.610 -0.815 -1.053 -1.315 -1.518 -1.611 -1.644 -1.579 -1.405 -1.135 -0.840 -0.532 -0.241 -0.079 -0.021 -0.005 -0.001 -0.000 -0.000 -0.000 -0.000 -0.000 0.000 0.000 0.000 0.000 0.000 0.000 0.000 0.000 0.000 0.000 0.000 0.000 0.000 0.000 0.000 0.000 0.000 0.000
-0.000 -0.000 -0.000 -0.000 -0.000 -0.000 -0.000 -0.000 -0.000 -0.000 -0.000 -0.000 -0.000 -0.000 -0.000 -0.000 -0.001 -0.001 -0.002 -0.003 -0.005 -0.010 -0.020 -0.040 -0.069 -0.108 -0.154 -0.204 -0.257 -0.313 -0.373 -0.444 -0.529 -0.684 -0.942 -1.250 -1.584 -1.959 -2.261 -2.426 -2.478 -2.432 -2.215 -1.760 -1.209 -0.672 -0.274 -0.086 -0.023 -0.005 -0.001 -0.000 -0.000 -0.000 -0.000 -0.000 0.000 0.000 0.000 0.000 0.000 0.000 0.000 0.000 0.000 0.000 0.000 0.000 0.000 0.000 0.000 0.000 0.000 0.000
-0.000 -0.000 -0.000 -0.000 -0.000 -0.000 -0.000 -0.000 -0.000 -0.000 -0.000 -0.000 -0.000 -0.000 -0.001 -0.001 -0.001 -0.002 -0.004 -0.009 -0.017 -0.034 -0.062 -0.101 -0.148 -0.198 -0.252 -0.309 -0.368 -0.429 -0.495 -0.583 -0.702 -0.949 -1.365 -1.817 -2.172 -2.407 -2.555 -2.725 -2.814 -2.850 -2.692 -2.394 -1.832 -0.980 -0.346 -0.093 -0.023 -0.005 -0.001 -0.000 -0.000 -0.000 -0.000 -0.000 0.000 0.000 0.000 0.000 0.000 0.000 0.000 0.000 0.000 0.000 0.000 0.000 0.000 0.000 0.000 0.000 0.000 0.000
-0.000 -0.000 -0.000 -0.000 -0.000 -0.000 -0.000 -0.000 -0.000 -0.000 -0.000 -0.000 -0.001 -0.001 -0.001 -0.002 -0.003 -0.006 -0.013 -0.027 -0.052 -0.090 -0.137 -0.189 -0.244 -0.300 -0.358 -0.419 -0.483 -0.551 -0.622 -0.732 -0.924 -1.300 -1.784 -2.231 -2.602 -2.648 -2.448 -2.382 -2.463 -2.605 -2.430 -2.348 -2.342 -1.447 -0.461 -0.105 -0.024 -0.006 -0.001 -0.000 -0.000 -0.000 -0.000 -0.000 0.000 0.000 0.000 0.000 0.000 0.000 0.000 0.000 0.000 0.000 0.000 0.000 0.000 0.000 0.000 0.000 0.000 0.000
-0.000 -0.000 -0.000 -0.000 -0.000 -0.000 -0.000 -0.000 -0.000 -0.000 -0.001 -0.001 -0.001 -0.002 -0.003 -0.005 -0.009 -0.019 -0.040 -0.075 -0.121 -0.174 -0.231 -0.290 -0.350 -0.413 -0.476 -0.543 -0.612 -0.685 -0.771 -0.913 -1.234 -1.715 -2.127 -2.409 -2.742 -2.787 -2.546 -2.090 -1.758 -1.897 -1.922 -2.045 -2.437 -1.753 -0.519 -0.109 -0.026 -0.006 -0.002 -0.000 -0.000 -0.000 -0.000 -0.000 0.000 0.000 0.000 0.000 0.000 0.000 0.000 0.000 0.000 0.000 0.000 0.000 0.000 0.000 0.000 0.000 0.000 0.000
-0.000 -0.000 -0.000 -0.000 -0.000 -0.000 -0.000 -0.000 -0.001 -0.001 -0.001 -0.002 -0.002 -0.004 -0.007 -0.014 -0.028 -0.056 -0.100 -0.155 -0.215 -0.276 -0.338 -0.405 -0.471 -0.541 -0.610 -0.684 -0.763 -0.848 -0.956 -1.153 -1.576 -1.984 -2.165 -2.344 -2.628 -2.528 -2.472 -2.117 -1.701 -1.699 -1.553 -2.057 -2.457 -1.795 -0.516 -0.103 -0.025 -0.006 -0.002 -0.001 -0.000 -0.000 -0.000 -0.000 0.000 0.000 0.000 0.000 0.000 0.000 0.000 0.000 0.000 0.000 0.000 0.000 0.000 0.000 0.000 0.000 0.000 0.000
-0.000 -0.000 -0.000 -0.000 -0.000 -0.000 -0.000 -0.001 -0.001 -0.001 -0.002 -0.003 -0.005 -0.010 -0.020 -0.041 -0.078 -0.132 -0.196 -0.261 -0.325 -0.396 -0.465 -0.538 -0.614 -0.691 -0.768 -0.849 -0.941 -1.043 -1.199 -1.468 -1.871 -2.114 -2.097 -2.115 -2.276 -2.120 -2.229 -2.012 -1.662 -1.739 -1.620 -2.230 -2.453 -1.524 -0.435 -0.091 -0.022 -0.005 -0.002 -0.001 -0.000 -0.000 -0.000 -0.000 0.000 0.000 0.000 0.000 0.000 0.000 0.000 0.000 0.000 0.000 0.000 0.000 0.000 0.000 0.000 0.000 0.000 0.000
-0.000 -0.000 -0.000 -0.000 -0.000 -0.001 -0.001 -0.001 -0.002 -0.003 -0.005 -0.008 -0.015 -0.029 -0.060 -0.110 -0.178 -0.252 -0.327 -0.400 -0.471 -0.544 -0.624 -0.707 -0.792 -0.880 -0.970 -1.062 -1.172 -1.306 -1.521 -1.867 -2.180 -2.274 -2.161 -2.123 -2.155 -2.058 -2.322 -2.188 -1.876 -1.845 -1.724 -2.194 -2.043 -1.040 -0.295 -0.072 -0.019 -0.005 -0.002 -0.001 -0.000 -0.000 -0.000 -0.000 0.000 0.000 0.000 0.000 0.000 0.000 0.000 0.000 0.000 0.000 0.000 0.000 0.000 0.000 0.000 0.000 0.000 0.000
-0.000 -0.000 -0.000 -0.001 -0.001 -0.001 -0.002 -0.003 -0.004 -0.007 -0.013 -0.024 -0.046 -0.088 -0.153 -0.236 -0.322 -0.407 -0.489 -0.572 -0.655 -0.740 -0.835 -0.933 -1.031 -1.136 -1.243 -1.363 -1.507 -1.714 -1.975 -2.309 -2.516 -2.526 -2.397 -2.303 -2.251 -2.122 -2.235 -2.133 -1.923 -1.872 -1.868 -1.955 -1.430 -0.625 -0.176 -0.051 -0.014 -0.004 -0.001 -0.001 -0.000 -0.000 -0.000 -0.000 0.000 0.000 0.000 0.000 0.000 0.000 0.000 0.000 0.000 0.000 0.000 0.000 0.000 0.000 0.000 0.000 0.000 0.000
-0.000 -0.001 -0.001 -0.001 -0.002 -0.002 -0.004 -0.006 -0.011 -0.021 -0.040 -0.075 -0.133 -0.213 -0.308 -0.406 -0.496 -0.584 -0.673 -0.774 -0.880 -0.993 -1.123 -1.253 -1.378 -1.514 -1.666 -1.838 -2.063 -2.363 -2.663 -2.865 -2.967 -2.943 -2.895 -2.754 -2.556 -2.396 -2.454 -2.406 -2.167 -2.004 -1.856 -1.507 -0.830 -0.331 -0.107 -0.035 -0.010 -0.003 -0.001 -0.001 -0.000 -0.000 -0.000 -0.000 0.000 0.000 0.000 0.000 0.000 0.000 0.000 0.000 0.000 0.000 0.000 0.000 0.000 0.000 0.000 0.000 0.000 0.000
-0.001 -0.001 -0.002 -0.002 -0.003 -0.005 -0.009 -0.017 -0.034 -0.065 -0.117 -0.192 -0.291 -0.395 -0.496 -0.596 -0.696 -0.801 -0.911 -1.046 -1.205 -1.368 -1.553 -1.753 -1.944 -2.145 -2.380 -2.634 -2.911 -3.197 -3.469 -3.604 -3.588 -3.491 -3.454 -3.391 -3.226 -3.023 -2.889 -2.618 -2.296 -1.853 -1.426 -0.857 -0.396 -0.156 -0.060 -0.021 -0.007 -0.003 -0.001 -0.000 -0.000 -0.000 -0.000 -0.000 0.000 0.000 0.000 0.000 0.000 0.000 0.000 0.000 0.000 0.000 0.000 0.000 0.000 0.000 0.000 0.000 0.000 0.000
-0.001 -0.002 -0.003 -0.005 -0.008 -0.014 -0.026 -0.052 -0.099 -0.167 -0.257 -0.362 -0.474 -0.591 -0.700 -0.818 -0.949 -1.095 -1.266 -1.470 -1.725 -1.994 -2.252 -2.515 -2.772 -2.994 -3.236 -3.489 -3.691 -3.821 -3.911 -3.970 -3.913 -3.748 -3.645 -3.511 -3.261 -2.954 -2.612 -2.229 -1.753 -1.207 -0.720 -0.371 -0.166 -0.071 -0.031 -0.012 -0.005 -0.002 -0.001 -0.000 -0.000 -0.000 -0.000 -0.000 0.000 0.000 0.000 0.000 0.000 0.000 0.000 0.000 0.000 0.000 0.000 0.000 0.000 0.000 0.000 0.000 0.000 0.000
-0.003 -0.004 -0.007 -0.011 -0.021 -0.042 -0.079 -0.139 -0.222 -0.323 -0.429 -0.544 -0.665 -0.799 -0.942 -1.104 -1.306 -1.536 -1.811 -2.149 -2.506 -2.845 -3.117 -3.311 -3.440 -3.541 -3.667 -3.828 -3.946 -3.953 -3.877 -3.811 -3.667 -3.407 -3.176 -2.886 -2.472 -1.999 -1.601 -1.235 -0.875 -0.544 -0.301 -0.153 -0.073 -0.034 -0.016 -0.007 -0.003 -0.001 -0.001 -0.000 -0.000 -0.000 -0.000 0.000 0.000 0.000 0.000 0.000 0.000 0.000 0.000 0.000 0.000 0.000 0.000 0.000 0.000 0.000 0.000 0.000 0.000 0.000
-0.006 -0.010 -0.017 -0.033 -0.063 -0.115 -0.192 -0.287 -0.391 -0.505 -0.622 -0.747 -0.894 -1.063 -1.262 -1.509 -1.823 -2.193 -2.574 -2.964 -3.295 -3.507 -3.607 -3.647 -3.646 -3.637 -3.671 -3.742 -3.747 -3.637 -3.386 -3.094 -2.793 -2.433 -2.085 -1.743 -1.384 -1.064 -0.812 -0.597 -0.407 -0.251 -0.141 -0.076 -0.039 -0.019 -0.009 -0.004 -0.002 -0.001 -0.001 -0.000 -0.000 -0.000 -0.000 0.000 0.000 0.000 0.000 0.000 0.000 0.000 0.000 0.000 0.000 0.000 0.000 0.000 0.000 0.000 0.000 0.000 0.000 0.000
-0.014 -0.027 -0.052 -0.095 -0.161 -0.249 -0.352 -0.464 -0.582 -0.713 -0.859 -1.019 -1.215 -1.461 -1.744 -2.094 -2.518 -2.967 -3.306 -3.527 -3.636 -3.658 -3.602 -3.537 -3.464 -3.367 -3.302 -3.225 -3.081 -2.833 -2.502 -2.128 -1.773 -1.478 -1.232 -1.021 -0.824 -0.641 -0.486 -0.354 -0.243 -0.153 -0.087 -0.047 -0.023 -0.011 -0.005 -0.003 -0.001 -0.001 -0.000 -0.000 -0.000 -0.000 -0.000 0.000 0.000 0.000 0.000 0.000 0.000 0.000 0.000 0.000 0.000 0.000 0.000 0.000 0.000 0.000 0.000 0.000 0.000 0.000
-0.042 -0.080 -0.139 -0.220 -0.321 -0.430 -0.541 -0.664 -0.804 -0.968 -1.167 -1.402 -1.673 -2.013 -2.399 -2.810 -3.213 -3.516 -3.639 -3.632 -3.551 -3.408 -3.205 -3.011 -2.841 -2.677 -2.549 -2.420 -2.231 -1.988 -1.721 -1.452 -1.206 -1.005 -0.847 -0.709 -0.576 -0.452 -0.344 -0.251 -0.169 -0.103 -0.057 -0.028 -0.013 -0.007 -0.004 -0.002 -0.001 -0.001 -0.000 -0.000 -0.000 -0.000 -0.000 0.000 0.000 0.000 0.000 0.000 0.000 0.000 0.000 0.000 0.000 0.000 0.000 0.000 0.000 0.000 0.000 0.000 0.000 0.000
-0.115 -0.189 -0.284 -0.393 -0.508 -0.633 -0.763 -0.913 -1.093 -1.309 -1.572 -1.877 -2.223 -2.609 -3.012 -3.354 -3.570 -3.612 -3.519 -3.321 -3.062 -2.778 -2.511 -2.295 -2.137 -2.015 -1.918 -1.812 -1.654 -1.450 -1.243 -1.055 -0.892 -0.757 -0.638 -0.534 -0.433 -0.338 -0.257 -0.185 -0.119 -0.067 -0.033 -0.016 -0.008 -0.004 -0.002 -0.001 -0.001 -0.000 -0.000 -0.000 -0.000 -0.000 0.000 0.000 0.000 0.000 0.000 0.000 0.000 0.000 0.000 0.000 0.000 0.000 0.000 0.000 0.000 0.000 0.000 0.000 0.000 0.000
-0.250 -0.351 -0.461 -0.582 -0.711 -0.852 -1.019 -1.209 -1.441 -1.711 -2.032 -2.375 -2.734 -3.072 -3.354 -3.512 -3.483 -3.294 -3.003 -2.662 -2.318 -2.051 -1.860 -1.749 -1.686 -1.622 -1.542 -1.431 -1.282 -1.109 -0.950 -0.815 -0.697 -0.599 -0.508 -0.421 -0.338 -0.260 -0.192 -0.133 -0.079 -0.041 -0.020 -0.010 -0.005 -0.003 -0.002 -0.001 -0.001 -0.000 -0.000 -0.000 -0.000 -0.000 0.000 0.000 0.000 0.000 0.000 0.000 0.000 0.000 0.000 0.000 0.000 0.000 0.000 0.000 0.000 0.000 0.000 0.000 0.000 0.000
-0.430 -0.542 -0.661 -0.793 -0.941 -1.109 -1.306 -1.535 -1.815 -2.120 -2.453 -2.778 -3.079 -3.298 -3.366 -3.314 -3.088 -2.709 -2.318 -1.969 -1.715 -1.567 -1.488 -1.450 -1.433 -1.387 -1.291 -1.165 -1.023 -0.880 -0.755 -0.654 -0.570 -0.490 -0.414 -0.340 -0.269 -0.202 -0.143 -0.092 -0.051 -0.025 -0.013 -0.007 -0.004 -0.002 -0.001 -0.001 -0.000 -0.000 -0.000 -0.000 -0.000 -0.000 0.000 0.000 0.000 0.000 0.000 0.000 0.000 0.000 0.000 0.000 0.000 0.000 0.000 0.000 0.000 0.000 0.000 0.000 0.000 0.000
-0.612 -0.738 -0.871 -1.022 -1.193 -1.391 -1.623 -1.885 -2.180 -2.491 -2.783 -3.034 -3.203 -3.254 -3.111 -2.850 -2.528 -2.128 -1.783 -1.548 -1.404 -1.329 -1.295 -1.284 -1.263 -1.200 -1.088 -0.954 -0.822 -0.712 -0.619 -0.538 -0.471 -0.408 -0.341 -0.275 -0.214 -0.157 -0.105 -0.063 -0.033 -0.016 -0.008 -0.004 -0.002 -0.001 -0.001 -0.000 -0.000 -0.000 -0.000 -0.000 -0.000 0.000 0.000 0.000 0.000 0.000 0.000 0.000 0.000 0.000 0.000 0.000 0.000 0.000 0.000 0.000 0.000 0.000 0.000 0.000 0.000 0.000
-0.789 -0.925 -1.076 -1.250 -1.450 -1.681 -1.941 -2.231 -2.502 -2.773 -2.988 -3.120 -3.116 -2.978 -2.698 -2.336 -1.986 -1.691 -1.479 -1.342 -1.260 -1.218 -1.196 -1.172 -1.121 -1.032 -0.909 -0.779 -0.667 -0.579 -0.513 -0.452 -0.396 -0.340 -0.281 -0.222 -0.168 -0.120 -0.077 -0.043 -0.022 -0.011 -0.006 -0.003 -0.002 -0.001 -0.001 -0.000 -0.000 -0.000 -0.000 -0.000 -0.000 0.000 0.000 0.000 0.000 0.000 0.000 0.000 0.000 0.000 0.000 0.000 0.000 0.000 0.000 0.000 0.000 0.000 0.000 0.000 0.000 0.000
-0.989 -1.131 -1.297 -1.492 -1.717 -1.971 -2.239 -2.505 -2.740 -2.933 -3.023 -3.011 -2.869 -2.604 -2.258 -1.907 -1.608 -1.402 -1.283 -1.224 -1.186 -1.156 -1.127 -1.075 -0.989 -0.874 -0.750 -0.637 -0.548 -0.481 -0.428 -0.382 -0.336 -0.285 -0.231 -0.179 -0.132 -0.091 -0.054 -0.029 -0.015 -0.007 -0.004 -0.002 -0.001 -0.001 -0.000 -0.000 -0.000 -0.000 -0.000 -0.000 0.000 0.000 0.000 0.000 0.000 0.000 0.000 0.000 0.000 0.000 0.000 0.000 0.000 0.000 0.000 0.000 0.000 0.000 0.000 0.000 0.000 0.000
-1.194 -1.351 -1.542 -1.748 -1.979 -2.227 -2.469 -2.684 -2.843 -2.939 -2.901 -2.736 -2.497 -2.181 -1.830 -1.534 -1.336 -1.222 -1.160 -1.136 -1.128 -1.099 -1.042 -0.961 -0.852 -0.728 -0.613 -0.523 -0.457 -0.407 -0.364 -0.323 -0.282 -0.238 -0.189 -0.143 -0.103 -0.067 -0.038 -0.019 -0.010 -0.005 -0.003 -0.001 -0.001 -0.001 -0.000 -0.000 -0.000 -0.000 -0.000 -0.000 0.000 0.000 0.000 0.000 0.000 0.000 0.000 0.000 0.000 0.000 0.000 0.000 0.000 0.000 0.000 0.000 0.000 0.000 0.000 0.000 0.000 0.000
-1.390 -1.560 -1.770 -1.989 -2.199 -2.426 -2.621 -2.767 -2.830 -2.803 -2.672 -2.418 -2.099 -1.755 -1.458 -1.247 -1.132 -1.084 -1.076 -1.075 -1.068 -1.025 -0.938 -0.829 -0.709 -0.593 -0.502 -0.435 -0.385 -0.345 -0.310 -0.274 -0.234 -0.194 -0.152 -0.114 -0.079 -0.048 -0.026 -0.013 -0.006 -0.003 -0.002 -0.001 -0.001 -0.000 -0.000 -0.000 -0.000 -0.000 -0.000 0.000 0.000 0.000 0.000 0.000 0.000 0.000 0.000 0.000 0.000 0.000 0.000 0.000 0.000 0.000 0.000 0.000 0.000 0.000 0.000 0.000 0.000 0.000
-1.578 -1.764 -1.970 -2.182 -2.371 -2.551 -2.711 -2.758 -2.716 -2.583 -2.372 -2.076 -1.737 -1.429 -1.211 -1.082 -1.021 -1.005 -1.011 -1.016 -0.998 -0.929 -0.817 -0.695 -0.577 -0.483 -0.416 -0.367 -0.329 -0.296 -0.265 -0.231 -0.194 -0.156 -0.121 -0.088 -0.059 -0.034 -0.017 -0.008 -0.004 -0.002 -0.001 -0.001 -0.000 -0.000 -0.000 -0.000 -0.000 -0.000 -0.000 0.000 0.000 0.000 0.000 0.000 0.000 0.000 0.000 0.000 0.000 0.000 0.000 0.000 0.000 0.000 0.000 0.000 0.000 0.000 0.000 0.000 0.000 0.000
-1.761 -1.957 -2.144 -2.330 -2.488 -2.606 -2.680 -2.662 -2.538 -2.322 -2.031 -1.716 -1.418 -1.197 -1.069 -0.997 -0.970 -0.974 -0.979 -0.960 -0.908 -0.814 -0.686 -0.570 -0.475 -0.406 -0.356 -0.317 -0.285 -0.257 -0.228 -0.195 -0.161 -0.127 -0.097 -0.069 -0.044 -0.025 -0.012 -0.006 -0.003 -0.002 -0.001 -0.000 -0.000 -0.000 -0.000 -0.000 -0.000 -0.000 -0.000 0.000 0.000 0.000 0.000 0.000 0.000 0.000 0.000 0.000 0.000 0.000 0.000 0.000 0.000 0.000 0.000 0.000 0.000 0.000 0.000 0.000 0.000 0.000
-1.939 -2.115 -2.291 -2.430 -2.534 -2.583 -2.575 -2.489 -2.310 -2.030 -1.697 -1.401 -1.185 -1.051 -0.986 -0.958 -0.951 -0.958 -0.942 -0.894 -0.804 -0.683 -0.562 -0.468 -0.400 -0.350 -0.310 -0.277 -0.249 -0.223 -0.196 -0.165 -0.134 -0.105 -0.079 -0.054 -0.033 -0.018 -0.009 -0.004 -0.002 -0.001 -0.001 -0.000 -0.000 -0.000 -0.000 -0.000 -0.000 -0.000 -0.000 0.000 0.000 0.000 0.000 0.000 0.000 0.000 0.000 0.000 0.000 0.000 0.000 0.000 0.000 0.000 0.000 0.000 0.000 0.000 0.000 0.000 0.000 0.000
-2.095 -2.240 -2.382 -2.471 -2.506 -2.480 -2.416 -2.282 -2.037 -1.717 -1.406 -1.182 -1.044 -0.975 -0.941 -0.944 -0.944 -0.927 -0.879 -0.794 -0.677 -0.556 -0.460 -0.394 -0.346 -0.306 -0.273 -0.244 -0.217 -0.192 -0.167 -0.139 -0.112 -0.087 -0.064 -0.042 -0.024 -0.013 -0.006 -0.003 -0.002 -0.001 -0.000 -0.000 -0.000 -0.000 -0.000 -0.000 -0.000 -0.000 -0.000 0.000 0.000 0.000 0.000 0.000 0.000 0.000 0.000 0.000 0.000 0.000 0.000 0.000 0.000 0.000 0.000 0.000 0.000 0.000 0.000 0.000 0.000 0.000
-2.225 -2.336 -2.411 -2.435 -2.406 -2.341 -2.224 -2.034 -1.754 -1.437 -1.189 -1.043 -0.968 -0.938 -0.929 -0.931 -0.920 -0.863 -0.777 -0.668 -0.550 -0.451 -0.385 -0.339 -0.303 -0.271 -0.241 -0.214 -0.189 -0.166 -0.142 -0.119 -0.095 -0.072 -0.049 -0.030 -0.016 -0.008 -0.004 -0.002 -0.001 -0.001 -0.000 -0.000 -0.000 -0.000 -0.000 -0.000 -0.000 -0.000 -0.000 0.000 0.000 0.000 0.000 0.000 0.000 0.000 0.000 0.000 0.000 0.000 0.000 0.000 0.000 0.000 0.000 0.000 0.000 0.000 0.000 0.000 0.000 0.000
-2.313 -2.370 -2.384 -2.346 -2.281 -2.184 -2.028 -1.773 -1.468 -1.218 -1.053 -0.964 -0.926 -0.922 -0.923 -0.909 -0.861 -0.766 -0.652 -0.542 -0.446 -0.376 -0.328 -0.295 -0.267 -0.241 -0.214 -0.188 -0.164 -0.143 -0.122 -0.101 -0.080 -0.057 -0.035 -0.020 -0.011 -0.005 -0.003 -0.001 -0.001 -0.000 -0.000 -0.000 -0.000 -0.000 -0.000 -0.000 -0.000 -0.000 -0.000 0.000 0.000 0.000 0.000 0.000 0.000 0.000 0.000 0.000 0.000 0.000 0.000 0.000 0.000 0.000 0.000 0.000 0.000 0.000 0.000 0.000 0.000 0.000
-2.344 -2.343 -2.315 -2.255 -2.159 -2.014 -1.798 -1.506 -1.230 -1.057 -0.966 -0.917 -0.899 -0.900 -0.886 -0.843 -0.767 -0.652 -0.537 -0.442 -0.371 -0.321 -0.285 -0.257 -0.235 -0.213 -0.189 -0.164 -0.142 -0.123 -0.104 -0.084 -0.063 -0.041 -0.023 -0.012 -0.007 -0.003 -0.002 -0.001 -0.001 -0.000 -0.000 -0.000 -0.000 -0.000 -0.000 -0.000 -0.000 -0.000 -0.000 0.000 0.000 0.000 0.000 0.000 0.000 0.000 0.000 0.000 0.000 0.000 0.000 0.000 0.000 0.000 0.000 0.000 0.000 0.000 0.000 0.000 0.000 0.000
