AvaFrame/avaframe/data/avaSalk/Avaflow_Input_Output/slk_results/slk_ascii/slk_basechange0004.asc
ncols 296
nrows 144
xllcenter 761600.00
yllcenter 8523000.00
cellsize 12.50
NODATA_value -9999.000
[rows 66 to 98 of 144, columns 150 to 224 of 296]
0.000 0.000 0.000 0.000 0.000 0.000 0.000 0.000 0.000 0.000 0.000 0.000 0.000 0.000 0.000 0.000 0.000 0.000 0.000 0.000 0.000 0.000 0.000 0.000 0.000 0.000 0.000 -0.000 -0.000 -0.000 -0.000 -0.000 -0.000 -0.000 -0.000 -0.000 -0.000 -0.000 -0.000 -0.000 -0.001 -0.001 -0.002 -0.004 -0.007 -0.013 -0.025 -0.048 -0.085 -0.140 -0.219 -0.323 -0.431 -0.528 -0.605 -0.660 -0.699 -0.731 -0.764 -0.792 -0.830 -0.884 -0.959 -1.051 -1.179 -1.330 -1.451 -1.536 -1.580 -1.581 -1.538 -1.477 -1.424 -1.380 -1.331
0.000 0.000 0.000 0.000 0.000 0.000 0.000 0.000 0.000 0.000 0.000 0.000 0.000 0.000 0.000 0.000 0.000 0.000 0.000 0.000 0.000 0.000 0.000 0.000 0.000 0.000 -0.000 -0.000 -0.000 -0.000 -0.000 -0.000 -0.000 -0.000 -0.000 -0.000 -0.000 -0.000 -0.000 -0.001 -0.002 -0.003 -0.005 -0.010 -0.019 -0.037 -0.068 -0.116 -0.181 -0.263 -0.357 -0.454 -0.539 -0.610 -0.667 -0.703 -0.723 -0.746 -0.777 -0.813 -0.864 -0.934 -1.027 -1.148 -1.290 -1.429 -1.533 -1.577 -1.569 -1.522 -1.460 -1.402 -1.347 -1.310 -1.266
0.000 0.000 0.000 0.000 0.000 0.000 0.000 0.000 0.000 0.000 0.000 0.000 0.000 0.000 0.000 0.000 0.000 0.000 0.000 0.000 0.000 0.000 0.000 0.000 0.000 -0.000 -0.000 -0.000 -0.000 -0.000 -0.000 -0.000 -0.000 -0.000 -0.000 -0.000 -0.000 -0.001 -0.001 -0.002 -0.004 -0.007 -0.013 -0.025 -0.048 -0.086 -0.140 -0.210 -0.292 -0.383 -0.469 -0.544 -0.603 -0.647 -0.681 -0.708 -0.730 -0.759 -0.800 -0.852 -0.918 -1.013 -1.120 -1.256 -1.394 -1.485 -1.533 -1.548 -1.517 -1.450 -1.381 -1.336 -1.297 -1.256 -1.208
0.000 0.000 0.000 0.000 0.000 0.000 0.000 0.000 0.000 0.000 0.000 0.000 0.000 0.000 0.000 0.000 0.000 0.000 0.000 0.000 0.000 0.000 0.000 0.000 0.000 -0.000 -0.000 -0.000 -0.000 -0.000 -0.000 -0.000 -0.000 -0.000 -0.000 -0.000 -0.001 -0.001 -0.002 -0.004 -0.008 -0.016 -0.031 -0.057 -0.097 -0.153 -0.225 -0.305 -0.388 -0.468 -0.536 -0.588 -0.628 -0.657 -0.682 -0.706 -0.742 -0.785 -0.842 -0.910 -0.992 -1.106 -1.236 -1.359 -1.457 -1.508 -1.518 -1.489 -1.434 -1.377 -1.325 -1.274 -1.244 -1.202 -1.125
0.000 0.000 0.000 0.000 0.000 0.000 0.000 0.000 0.000 0.000 0.000 0.000 0.000 0.000 0.000 0.000 0.000 0.000 0.000 0.000 0.000 0.000 0.000 0.000 -0.000 -0.000 -0.000 -0.000 -0.000 -0.000 -0.000 -0.000 -0.000 -0.000 -0.000 -0.001 -0.001 -0.003 -0.005 -0.010 -0.019 -0.036 -0.065 -0.107 -0.163 -0.233 -0.312 -0.391 -0.462 -0.522 -0.569 -0.603 -0.631 -0.659 -0.693 -0.733 -0.781 -0.837 -0.901 -0.982 -1.078 -1.199 -1.334 -1.439 -1.504 -1.511 -1.487 -1.432 -1.359 -1.310 -1.278 -1.233 -1.179 -1.116 -1.003
0.000 0.000 0.000 0.000 0.000 0.000 0.000 0.000 0.000 0.000 0.000 0.000 0.000 0.000 0.000 0.000 0.000 0.000 0.000 0.000 0.000 0.000 0.000 -0.000 -0.000 -0.000 -0.000 -0.000 -0.000 -0.000 -0.000 -0.000 -0.000 -0.000 -0.001 -0.002 -0.003 -0.006 -0.011 -0.022 -0.041 -0.072 -0.116 -0.174 -0.245 -0.322 -0.396 -0.461 -0.516 -0.558 -0.595 -0.626 -0.658 -0.691 -0.728 -0.773 -0.838 -0.908 -0.979 -1.062 -1.167 -1.292 -1.405 -1.495 -1.544 -1.513 -1.437 -1.373 -1.305 -1.255 -1.224 -1.180 -1.098 -0.997 -0.866
0.000 0.000 0.000 0.000 0.000 0.000 0.000 0.000 0.000 0.000 0.000 0.000 0.000 0.000 0.000 0.000 0.000 0.000 0.000 0.000 0.000 0.000 -0.000 -0.000 -0.000 -0.000 -0.000 -0.000 -0.000 -0.000 -0.000 -0.000 -0.001 -0.001 -0.002 -0.004 -0.007 -0.012 -0.024 -0.045 -0.078 -0.123 -0.182 -0.250 -0.326 -0.401 -0.466 -0.514 -0.555 -0.593 -0.626 -0.658 -0.693 -0.734 -0.776 -0.825 -0.910 -0.992 -1.064 -1.146 -1.255 -1.382 -1.472 -1.511 -1.536 -1.481 -1.375 -1.302 -1.247 -1.189 -1.141 -1.082 -0.979 -0.849 -0.735
0.000 0.000 0.000 0.000 0.000 0.000 0.000 0.000 0.000 0.000 0.000 0.000 0.000 0.000 0.000 0.000 0.000 0.000 0.000 0.000 0.000 -0.000 -0.000 -0.000 -0.000 -0.000 -0.000 -0.000 -0.000 -0.000 -0.000 -0.001 -0.001 -0.002 -0.004 -0.007 -0.014 -0.026 -0.049 -0.084 -0.131 -0.191 -0.259 -0.330 -0.398 -0.459 -0.515 -0.561 -0.595 -0.632 -0.666 -0.700 -0.740 -0.788 -0.839 -0.901 -0.993 -1.079 -1.157 -1.244 -1.366 -1.478 -1.536 -1.527 -1.498 -1.416 -1.299 -1.222 -1.163 -1.106 -1.040 -0.954 -0.834 -0.717 -0.640
0.000 0.000 0.000 0.000 0.000 0.000 0.000 0.000 0.000 0.000 0.000 0.000 0.000 0.000 0.000 0.000 0.000 0.000 0.000 -0.000 -0.000 -0.000 -0.000 -0.000 -0.000 -0.000 -0.000 -0.000 -0.000 -0.000 -0.001 -0.001 -0.002 -0.004 -0.008 -0.015 -0.029 -0.053 -0.090 -0.139 -0.198 -0.266 -0.335 -0.402 -0.462 -0.512 -0.558 -0.603 -0.642 -0.680 -0.719 -0.756 -0.804 -0.857 -0.912 -0.984 -1.077 -1.171 -1.263 -1.374 -1.497 -1.565 -1.560 -1.496 -1.412 -1.318 -1.220 -1.147 -1.078 -1.010 -0.928 -0.826 -0.717 -0.636 -0.590
0.000 0.000 0.000 0.000 0.000 0.000 0.000 0.000 0.000 0.000 0.000 0.000 0.000 0.000 0.000 0.000 0.000 0.000 -0.000 -0.000 -0.000 -0.000 -0.000 -0.000 -0.000 -0.000 -0.000 -0.000 -0.000 -0.001 -0.001 -0.003 -0.005 -0.009 -0.017 -0.031 -0.056 -0.094 -0.145 -0.206 -0.271 -0.338 -0.405 -0.464 -0.518 -0.565 -0.610 -0.654 -0.695 -0.735 -0.780 -0.825 -0.875 -0.927 -0.988 -1.073 -1.169 -1.286 -1.415 -1.533 -1.592 -1.578 -1.510 -1.395 -1.279 -1.173 -1.114 -1.056 -0.979 -0.903 -0.803 -0.708 -0.636 -0.589 -0.562
0.000 0.000 0.000 0.000 0.000 0.000 0.000 0.000 0.000 0.000 0.000 0.000 0.000 0.000 0.000 0.000 -0.000 -0.000 -0.000 -0.000 -0.000 -0.000 -0.000 -0.000 -0.000 -0.000 -0.000 -0.000 -0.001 -0.002 -0.003 -0.005 -0.010 -0.018 -0.033 -0.059 -0.099 -0.150 -0.210 -0.276 -0.345 -0.408 -0.470 -0.526 -0.575 -0.626 -0.673 -0.719 -0.764 -0.804 -0.849 -0.893 -0.939 -0.994 -1.074 -1.177 -1.295 -1.419 -1.539 -1.629 -1.603 -1.501 -1.378 -1.231 -1.116 -1.043 -0.992 -0.947 -0.861 -0.774 -0.692 -0.618 -0.576 -0.554 -0.542
0.000 0.000 0.000 0.000 0.000 0.000 0.000 0.000 0.000 0.000 0.000 0.000 0.000 0.000 -0.000 -0.000 -0.000 -0.000 -0.000 -0.000 -0.000 -0.000 -0.000 -0.000 -0.000 -0.000 -0.000 -0.001 -0.002 -0.003 -0.006 -0.011 -0.019 -0.035 -0.062 -0.102 -0.155 -0.216 -0.283 -0.350 -0.416 -0.477 -0.535 -0.594 -0.649 -0.702 -0.747 -0.787 -0.827 -0.873 -0.918 -0.959 -1.001 -1.073 -1.175 -1.298 -1.422 -1.514 -1.560 -1.583 -1.495 -1.318 -1.160 -1.038 -0.972 -0.938 -0.902 -0.840 -0.751 -0.668 -0.604 -0.561 -0.540 -0.530 -0.522
0.000 0.000 0.000 0.000 0.000 0.000 0.000 0.000 0.000 0.000 0.000 -0.000 -0.000 -0.000 -0.000 -0.000 -0.000 -0.000 -0.000 -0.000 -0.000 -0.000 -0.000 -0.000 -0.000 -0.001 -0.001 -0.002 -0.004 -0.006 -0.012 -0.021 -0.038 -0.065 -0.106 -0.159 -0.223 -0.291 -0.358 -0.423 -0.485 -0.545 -0.607 -0.673 -0.732 -0.785 -0.823 -0.850 -0.882 -0.929 -0.974 -1.020 -1.078 -1.170 -1.287 -1.401 -1.490 -1.525 -1.510 -1.443 -1.292 -1.103 -0.981 -0.919 -0.884 -0.857 -0.811 -0.736 -0.655 -0.591 -0.551 -0.527 -0.519 -0.514 -0.504
0.000 0.000 0.000 0.000 0.000 0.000 0.000 0.000 -0.000 -0.000 -0.000 -0.000 -0.000 -0.000 -0.000 -0.000 -0.000 -0.000 -0.000 -0.000 -0.000 -0.000 -0.000 -0.000 -0.001 -0.002 -0.003 -0.005 -0.008 -0.013 -0.023 -0.040 -0.068 -0.110 -0.165 -0.229 -0.299 -0.370 -0.436 -0.498 -0.562 -0.628 -0.696 -0.765 -0.817 -0.847 -0.873 -0.897 -0.925 -0.970 -1.030 -1.081 -1.163 -1.281 -1.385 -1.462 -1.487 -1.467 -1.387 -1.240 -1.067 -0.947 -0.879 -0.841 -0.815 -0.778 -0.720 -0.640 -0.572 -0.529 -0.506 -0.497 -0.495 -0.494 -0.479
0.000 0.000 0.000 0.000 0.000 0.000 -0.000 -0.000 -0.000 -0.000 -0.000 -0.000 -0.000 -0.000 -0.000 -0.000 -0.000 -0.000 -0.000 -0.000 -0.000 -0.000 -0.001 -0.001 -0.002 -0.004 -0.006 -0.009 -0.015 -0.026 -0.044 -0.073 -0.115 -0.170 -0.236 -0.308 -0.380 -0.450 -0.515 -0.584 -0.659 -0.732 -0.800 -0.852 -0.883 -0.894 -0.906 -0.930 -0.962 -1.008 -1.079 -1.166 -1.260 -1.365 -1.431 -1.453 -1.432 -1.341 -1.188 -1.031 -0.922 -0.855 -0.817 -0.787 -0.751 -0.702 -0.636 -0.568 -0.517 -0.485 -0.469 -0.464 -0.466 -0.466 -0.450
0.000 0.000 0.000 0.000 -0.000 -0.000 -0.000 -0.000 -0.000 -0.000 -0.000 -0.000 -0.000 -0.000 -0.000 -0.000 -0.000 -0.000 -0.000 -0.000 -0.001 -0.001 -0.002 -0.003 -0.005 -0.007 -0.011 -0.018 -0.029 -0.048 -0.077 -0.120 -0.176 -0.244 -0.317 -0.392 -0.465 -0.537 -0.608 -0.686 -0.772 -0.836 -0.877 -0.904 -0.913 -0.919 -0.936 -0.961 -1.001 -1.061 -1.144 -1.244 -1.332 -1.388 -1.407 -1.383 -1.296 -1.154 -1.006 -0.896 -0.832 -0.794 -0.765 -0.733 -0.689 -0.633 -0.570 -0.514 -0.475 -0.450 -0.437 -0.436 -0.444 -0.445 -0.424
0.000 0.000 -0.000 -0.000 -0.000 -0.000 -0.000 -0.000 -0.000 -0.000 -0.000 -0.000 -0.000 -0.000 -0.000 -0.000 -0.000 -0.000 -0.000 -0.001 -0.002 -0.003 -0.004 -0.007 -0.010 -0.014 -0.021 -0.034 -0.054 -0.084 -0.127 -0.183 -0.252 -0.328 -0.407 -0.486 -0.563 -0.643 -0.724 -0.794 -0.857 -0.899 -0.914 -0.920 -0.924 -0.939 -0.960 -1.000 -1.047 -1.120 -1.212 -1.285 -1.330 -1.352 -1.330 -1.259 -1.131 -0.994 -0.888 -0.816 -0.773 -0.742 -0.716 -0.677 -0.629 -0.571 -0.516 -0.470 -0.435 -0.413 -0.402 -0.409 -0.426 -0.430 -0.403
-0.000 -0.000 -0.000 -0.000 -0.000 -0.000 -0.000 -0.000 -0.000 -0.000 -0.000 -0.000 -0.000 -0.000 -0.000 -0.000 -0.001 -0.001 -0.002 -0.003 -0.004 -0.006 -0.009 -0.013 -0.018 -0.027 -0.040 -0.061 -0.093 -0.137 -0.193 -0.262 -0.342 -0.424 -0.510 -0.598 -0.684 -0.769 -0.848 -0.901 -0.920 -0.929 -0.931 -0.929 -0.935 -0.959 -0.995 -1.038 -1.112 -1.189 -1.254 -1.287 -1.294 -1.267 -1.211 -1.103 -0.983 -0.881 -0.808 -0.760 -0.726 -0.696 -0.664 -0.623 -0.571 -0.517 -0.466 -0.426 -0.395 -0.375 -0.369 -0.384 -0.412 -0.418 -0.384
-0.000 -0.000 -0.000 -0.000 -0.000 -0.000 -0.000 -0.000 -0.000 -0.000 -0.000 -0.000 -0.000 -0.001 -0.001 -0.001 -0.002 -0.003 -0.005 -0.007 -0.010 -0.013 -0.017 -0.024 -0.034 -0.049 -0.072 -0.105 -0.149 -0.207 -0.278 -0.359 -0.450 -0.547 -0.642 -0.733 -0.816 -0.886 -0.934 -0.956 -0.953 -0.941 -0.934 -0.941 -0.957 -0.986 -1.043 -1.089 -1.159 -1.222 -1.267 -1.250 -1.212 -1.154 -1.071 -0.970 -0.874 -0.800 -0.742 -0.705 -0.679 -0.653 -0.615 -0.569 -0.517 -0.466 -0.419 -0.381 -0.354 -0.339 -0.340 -0.366 -0.403 -0.410 -0.370
-0.000 -0.000 -0.000 -0.000 -0.000 -0.000 -0.000 -0.001 -0.001 -0.001 -0.001 -0.001 -0.002 -0.002 -0.003 -0.004 -0.006 -0.008 -0.011 -0.015 -0.019 -0.025 -0.033 -0.045 -0.062 -0.086 -0.120 -0.167 -0.227 -0.298 -0.385 -0.487 -0.591 -0.702 -0.806 -0.886 -0.933 -0.960 -0.973 -0.969 -0.956 -0.946 -0.942 -0.957 -0.982 -1.023 -1.080 -1.146 -1.186 -1.200 -1.205 -1.182 -1.102 -1.027 -0.955 -0.872 -0.795 -0.735 -0.687 -0.653 -0.630 -0.604 -0.565 -0.514 -0.464 -0.414 -0.371 -0.339 -0.317 -0.310 -0.321 -0.359 -0.403 -0.406 -0.358
-0.000 -0.000 -0.000 -0.000 -0.001 -0.001 -0.002 -0.002 -0.003 -0.003 -0.004 -0.005 -0.006 -0.007 -0.009 -0.012 -0.015 -0.019 -0.024 -0.029 -0.037 -0.047 -0.060 -0.079 -0.104 -0.141 -0.188 -0.250 -0.330 -0.421 -0.524 -0.644 -0.760 -0.860 -0.941 -0.992 -0.999 -0.992 -0.980 -0.962 -0.952 -0.956 -0.961 -0.985 -1.018 -1.044 -1.093 -1.145 -1.163 -1.163 -1.109 -1.061 -0.996 -0.920 -0.862 -0.796 -0.728 -0.674 -0.630 -0.602 -0.581 -0.555 -0.511 -0.456 -0.405 -0.359 -0.323 -0.300 -0.290 -0.291 -0.313 -0.362 -0.406 -0.402 -0.348
-0.000 -0.000 -0.001 -0.002 -0.003 -0.004 -0.005 -0.007 -0.008 -0.010 -0.012 -0.014 -0.017 -0.020 -0.024 -0.029 -0.034 -0.040 -0.046 -0.054 -0.065 -0.080 -0.100 -0.127 -0.163 -0.216 -0.282 -0.359 -0.459 -0.573 -0.694 -0.810 -0.906 -0.969 -1.002 -1.021 -1.007 -0.993 -0.976 -0.957 -0.949 -0.962 -0.975 -0.996 -1.040 -1.062 -1.084 -1.106 -1.092 -1.073 -1.019 -0.933 -0.888 -0.841 -0.785 -0.727 -0.667 -0.616 -0.579 -0.553 -0.534 -0.504 -0.456 -0.400 -0.349 -0.309 -0.282 -0.270 -0.270 -0.282 -0.316 -0.373 -0.410 -0.395 -0.336
-0.001 -0.002 -0.004 -0.005 -0.007 -0.010 -0.014 -0.017 -0.021 -0.024 -0.028 -0.033 -0.039 -0.044 -0.050 -0.056 -0.062 -0.069 -0.077 -0.089 -0.104 -0.125 -0.153 -0.192 -0.242 -0.313 -0.401 -0.502 -0.612 -0.732 -0.849 -0.947 -1.008 -1.029 -1.027 -1.015 -0.989 -0.972 -0.966 -0.960 -0.955 -0.962 -0.980 -0.993 -1.034 -1.058 -1.062 -1.053 -1.011 -0.970 -0.939 -0.863 -0.810 -0.776 -0.726 -0.659 -0.603 -0.562 -0.533 -0.511 -0.490 -0.455 -0.403 -0.349 -0.304 -0.271 -0.252 -0.247 -0.255 -0.282 -0.332 -0.388 -0.413 -0.385 -0.319
-0.004 -0.007 -0.011 -0.015 -0.018 -0.023 -0.030 -0.036 -0.041 -0.047 -0.053 -0.060 -0.067 -0.073 -0.080 -0.086 -0.094 -0.102 -0.113 -0.129 -0.152 -0.182 -0.224 -0.277 -0.348 -0.436 -0.540 -0.656 -0.775 -0.885 -0.962 -1.022 -1.057 -1.045 -1.022 -0.998 -0.972 -0.954 -0.943 -0.940 -0.944 -0.951 -0.966 -0.978 -1.006 -1.021 -1.008 -0.979 -0.929 -0.875 -0.842 -0.812 -0.758 -0.709 -0.660 -0.592 -0.538 -0.507 -0.489 -0.472 -0.448 -0.408 -0.356 -0.306 -0.268 -0.244 -0.233 -0.233 -0.247 -0.286 -0.347 -0.398 -0.408 -0.371 -0.300
-0.012 -0.018 -0.025 -0.032 -0.038 -0.043 -0.051 -0.059 -0.065 -0.071 -0.078 -0.084 -0.091 -0.098 -0.105 -0.111 -0.120 -0.134 -0.149 -0.173 -0.207 -0.251 -0.310 -0.382 -0.474 -0.583 -0.695 -0.805 -0.907 -0.993 -1.041 -1.059 -1.060 -1.035 -0.995 -0.967 -0.951 -0.938 -0.920 -0.909 -0.911 -0.927 -0.944 -0.949 -0.957 -0.953 -0.929 -0.892 -0.841 -0.792 -0.756 -0.735 -0.710 -0.644 -0.585 -0.529 -0.482 -0.457 -0.443 -0.430 -0.408 -0.369 -0.319 -0.275 -0.243 -0.225 -0.219 -0.226 -0.248 -0.296 -0.358 -0.398 -0.396 -0.351 -0.279
-0.026 -0.037 -0.048 -0.059 -0.066 -0.071 -0.078 -0.085 -0.090 -0.096 -0.101 -0.106 -0.111 -0.118 -0.124 -0.132 -0.145 -0.164 -0.189 -0.224 -0.273 -0.332 -0.409 -0.499 -0.605 -0.720 -0.837 -0.934 -1.003 -1.046 -1.073 -1.066 -1.036 -1.005 -0.967 -0.931 -0.913 -0.901 -0.886 -0.884 -0.880 -0.895 -0.911 -0.920 -0.906 -0.878 -0.842 -0.810 -0.765 -0.717 -0.691 -0.664 -0.636 -0.583 -0.515 -0.468 -0.436 -0.417 -0.406 -0.394 -0.371 -0.334 -0.290 -0.251 -0.225 -0.211 -0.211 -0.226 -0.257 -0.306 -0.361 -0.386 -0.375 -0.328 -0.256
-0.047 -0.062 -0.077 -0.092 -0.100 -0.105 -0.114 -0.122 -0.127 -0.132 -0.135 -0.138 -0.139 -0.143 -0.149 -0.160 -0.179 -0.206 -0.241 -0.289 -0.354 -0.432 -0.527 -0.629 -0.739 -0.838 -0.930 -1.007 -1.054 -1.064 -1.064 -1.044 -0.997 -0.953 -0.920 -0.889 -0.867 -0.852 -0.842 -0.854 -0.856 -0.863 -0.862 -0.859 -0.842 -0.796 -0.759 -0.726 -0.703 -0.661 -0.628 -0.601 -0.559 -0.508 -0.457 -0.418 -0.393 -0.381 -0.375 -0.365 -0.341 -0.304 -0.264 -0.232 -0.213 -0.203 -0.207 -0.230 -0.271 -0.315 -0.351 -0.364 -0.344 -0.298 -0.232
-0.068 -0.086 -0.106 -0.121 -0.132 -0.144 -0.157 -0.170 -0.179 -0.186 -0.190 -0.195 -0.196 -0.197 -0.204 -0.220 -0.245 -0.286 -0.336 -0.395 -0.475 -0.569 -0.672 -0.777 -0.870 -0.948 -1.001 -1.041 -1.065 -1.055 -1.027 -0.991 -0.940 -0.891 -0.855 -0.828 -0.813 -0.800 -0.795 -0.807 -0.814 -0.815 -0.808 -0.792 -0.761 -0.722 -0.689 -0.652 -0.625 -0.600 -0.568 -0.530 -0.487 -0.441 -0.404 -0.376 -0.359 -0.351 -0.347 -0.337 -0.315 -0.281 -0.244 -0.218 -0.205 -0.202 -0.211 -0.239 -0.284 -0.323 -0.340 -0.336 -0.313 -0.270 -0.210
-0.085 -0.108 -0.130 -0.147 -0.163 -0.183 -0.204 -0.223 -0.239 -0.254 -0.269 -0.284 -0.291 -0.306 -0.323 -0.346 -0.383 -0.444 -0.518 -0.592 -0.679 -0.773 -0.856 -0.940 -0.999 -1.055 -1.089 -1.089 -1.070 -1.037 -0.984 -0.924 -0.861 -0.812 -0.781 -0.758 -0.752 -0.751 -0.751 -0.759 -0.758 -0.754 -0.738 -0.719 -0.694 -0.653 -0.624 -0.600 -0.549 -0.521 -0.497 -0.464 -0.424 -0.389 -0.360 -0.341 -0.332 -0.328 -0.323 -0.312 -0.291 -0.260 -0.228 -0.208 -0.202 -0.207 -0.224 -0.253 -0.293 -0.322 -0.328 -0.307 -0.278 -0.242 -0.190
-0.100 -0.125 -0.147 -0.171 -0.195 -0.221 -0.249 -0.276 -0.300 -0.327 -0.359 -0.394 -0.428 -0.459 -0.502 -0.547 -0.604 -0.680 -0.768 -0.853 -0.937 -1.005 -1.071 -1.116 -1.143 -1.163 -1.177 -1.164 -1.113 -1.044 -0.965 -0.891 -0.819 -0.758 -0.723 -0.702 -0.698 -0.700 -0.701 -0.711 -0.712 -0.684 -0.670 -0.650 -0.630 -0.600 -0.555 -0.529 -0.495 -0.455 -0.434 -0.408 -0.375 -0.349 -0.329 -0.317 -0.310 -0.306 -0.302 -0.290 -0.269 -0.241 -0.217 -0.204 -0.204 -0.215 -0.239 -0.271 -0.301 -0.315 -0.309 -0.283 -0.246 -0.210 -0.170
-0.110 -0.135 -0.161 -0.191 -0.223 -0.255 -0.289 -0.323 -0.357 -0.398 -0.440 -0.495 -0.554 -0.618 -0.686 -0.766 -0.842 -0.921 -0.999 -1.073 -1.143 -1.187 -1.237 -1.260 -1.263 -1.257 -1.240 -1.206 -1.151 -1.073 -0.988 -0.922 -0.867 -0.809 -0.758 -0.718 -0.694 -0.688 -0.677 -0.670 -0.672 -0.649 -0.617 -0.587 -0.560 -0.533 -0.495 -0.459 -0.432 -0.407 -0.384 -0.363 -0.340 -0.319 -0.306 -0.300 -0.295 -0.290 -0.283 -0.270 -0.251 -0.227 -0.210 -0.203 -0.209 -0.226 -0.252 -0.283 -0.306 -0.308 -0.289 -0.259 -0.221 -0.182 -0.148
-0.112 -0.141 -0.173 -0.207 -0.245 -0.282 -0.321 -0.363 -0.402 -0.453 -0.503 -0.563 -0.624 -0.696 -0.782 -0.876 -0.962 -1.044 -1.102 -1.164 -1.216 -1.253 -1.282 -1.307 -1.306 -1.289 -1.256 -1.209 -1.148 -1.085 -1.022 -0.977 -0.942 -0.907 -0.864 -0.818 -0.770 -0.743 -0.715 -0.688 -0.661 -0.628 -0.590 -0.554 -0.508 -0.463 -0.429 -0.399 -0.375 -0.356 -0.339 -0.322 -0.308 -0.296 -0.288 -0.283 -0.281 -0.275 -0.267 -0.255 -0.237 -0.219 -0.206 -0.204 -0.216 -0.238 -0.264 -0.289 -0.306 -0.301 -0.273 -0.234 -0.195 -0.158 -0.128
-0.110 -0.142 -0.177 -0.215 -0.255 -0.296 -0.338 -0.384 -0.429 -0.479 -0.532 -0.588 -0.650 -0.710 -0.788 -0.877 -0.960 -1.043 -1.100 -1.147 -1.186 -1.210 -1.217 -1.227 -1.228 -1.214 -1.168 -1.122 -1.065 -1.019 -0.975 -0.945 -0.928 -0.909 -0.890 -0.857 -0.816 -0.789 -0.752 -0.705 -0.665 -0.620 -0.565 -0.520 -0.479 -0.422 -0.375 -0.346 -0.329 -0.314 -0.300 -0.289 -0.282 -0.278 -0.274 -0.270 -0.267 -0.262 -0.253 -0.241 -0.226 -0.213 -0.206 -0.209 -0.225 -0.250 -0.274 -0.293 -0.301 -0.292 -0.259 -0.210 -0.166 -0.133 -0.109
