AvaFrame/avaframe/data/avaSalk/Avaflow_Input_Output/slk_results/slk_ascii/slk_hflow0027.asc
ncols 296
nrows 144
xllcenter 761600.00
yllcenter 8523000.00
cellsize 12.50
NODATA_value -9999.000
[rows 102 to 135 of 144, columns 154 to 230 of 296]
1.851 1.987 2.125 2.396 2.690 2.856 2.930 2.960 3.026 3.128 3.248 3.288 3.290 3.219 3.114 3.060 2.959 2.790 2.607 2.411 2.238 2.080 1.885 1.710 1.568 1.473 1.418 1.382 1.391 1.505 1.761 2.154 2.590 2.862 3.005 3.091 3.082 2.926 2.653 2.130 1.354 0.791 0.754 0.953 1.264 1.633 2.078 2.660 3.470 4.539 5.886 7.286 8.542 9.428 10.205 10.875 11.451 11.751 12.254 12.539 12.662 12.603 12.457 12.023 11.592 10.810 9.327 7.041 4.958 3.388 2.160 1.240 0.640 0.334 0.227 0.212 0.237
0.426 0.479 0.540 0.675 0.880 1.032 1.147 1.242 1.307 1.326 1.328 1.319 1.338 1.340 1.309 1.267 1.157 0.983 0.817 0.685 0.584 0.516 0.466 0.416 0.367 0.335 0.320 0.325 0.363 0.481 0.696 0.936 1.082 1.134 1.197 1.324 1.423 1.404 1.106 0.556 0.189 0.144 0.215 0.382 0.662 1.111 1.722 2.490 3.454 4.721 6.258 7.911 9.463 10.718 11.779 12.837 13.557 13.815 13.916 14.104 14.018 13.815 13.817 13.618 13.183 12.406 10.894 8.607 6.469 4.759 3.368 2.338 1.570 1.053 0.809 0.762 0.828
0.092 0.096 0.102 0.131 0.190 0.234 0.276 0.315 0.334 0.334 0.324 0.316 0.321 0.333 0.337 0.324 0.284 0.219 0.165 0.131 0.111 0.102 0.096 0.088 0.078 0.072 0.069 0.070 0.082 0.117 0.182 0.242 0.264 0.268 0.284 0.337 0.394 0.394 0.266 0.076 0.034 0.037 0.051 0.101 0.222 0.481 1.044 1.984 3.205 4.618 6.316 8.205 9.960 11.529 12.788 13.913 14.685 15.218 15.309 15.637 15.421 15.264 15.113 14.735 14.200 13.592 12.315 10.277 8.060 6.289 4.842 3.710 2.836 2.233 1.932 1.878 1.968
0.030 0.030 0.030 0.035 0.049 0.058 0.067 0.072 0.072 0.072 0.069 0.068 0.069 0.073 0.076 0.074 0.066 0.052 0.042 0.035 0.032 0.029 0.027 0.025 0.023 0.022 0.022 0.023 0.027 0.035 0.047 0.056 0.061 0.063 0.064 0.067 0.073 0.070 0.047 0.022 0.014 0.013 0.015 0.022 0.047 0.124 0.374 1.084 2.424 4.149 5.997 7.864 9.689 11.515 13.066 14.395 15.318 15.818 15.833 16.387 15.997 15.888 15.641 15.399 15.045 14.485 13.731 12.111 10.003 8.089 6.647 5.400 4.430 3.792 3.500 3.446 3.507
0.011 0.011 0.011 0.012 0.016 0.020 0.023 0.024 0.023 0.023 0.021 0.021 0.022 0.024 0.024 0.023 0.020 0.016 0.013 0.012 0.011 0.010 0.010 0.009 0.009 0.009 0.009 0.009 0.011 0.014 0.017 0.020 0.021 0.021 0.020 0.021 0.021 0.021 0.017 0.011 0.007 0.006 0.006 0.008 0.012 0.022 0.074 0.336 1.256 2.992 5.079 7.128 9.208 11.246 12.854 14.247 15.259 16.028 16.088 16.489 16.373 16.356 15.927 15.612 15.634 15.260 14.834 13.717 11.974 10.117 8.732 7.518 6.515 5.828 5.466 5.277 5.141
0.004 0.004 0.005 0.005 0.006 0.008 0.009 0.009 0.009 0.008 0.008 0.008 0.008 0.009 0.009 0.008 0.007 0.006 0.005 0.005 0.004 0.004 0.004 0.004 0.004 0.004 0.004 0.005 0.005 0.007 0.008 0.009 0.009 0.009 0.009 0.010 0.011 0.011 0.010 0.008 0.005 0.004 0.004 0.004 0.005 0.007 0.013 0.056 0.398 1.519 3.459 5.680 7.942 10.240 12.165 13.819 14.943 15.835 16.062 16.262 16.399 16.144 15.954 15.880 15.753 15.630 15.449 15.024 13.638 12.059 10.640 9.398 8.443 7.786 7.297 6.847 6.383
0.002 0.002 0.002 0.002 0.002 0.003 0.004 0.004 0.004 0.003 0.003 0.003 0.003 0.004 0.004 0.003 0.003 0.002 0.002 0.002 0.002 0.002 0.002 0.002 0.002 0.002 0.002 0.003 0.003 0.004 0.005 0.005 0.005 0.006 0.006 0.007 0.007 0.007 0.007 0.006 0.004 0.003 0.003 0.002 0.003 0.003 0.005 0.010 0.068 0.498 1.711 3.691 6.060 8.625 10.941 12.778 14.076 14.886 15.240 15.521 16.189 16.014 15.853 15.795 15.779 15.736 15.769 15.497 14.535 13.253 11.941 10.716 9.732 9.013 8.404 7.769 7.114
0.001 0.001 0.001 0.001 0.001 0.001 0.001 0.001 0.001 0.001 0.001 0.001 0.001 0.001 0.001 0.001 0.001 0.001 0.001 0.001 0.001 0.001 0.001 0.001 0.001 0.002 0.002 0.002 0.003 0.003 0.004 0.004 0.005 0.005 0.006 0.006 0.006 0.006 0.006 0.005 0.004 0.003 0.002 0.002 0.002 0.002 0.003 0.004 0.009 0.075 0.492 1.672 3.725 6.447 8.983 11.077 12.496 13.410 14.052 14.435 14.979 14.941 15.180 15.350 15.741 15.672 15.968 15.562 14.899 13.669 12.287 11.188 10.223 9.417 8.730 8.048 7.332
0.000 0.000 0.000 0.000 0.000 0.000 0.000 0.000 0.000 0.000 0.000 0.000 0.000 0.000 0.000 0.000 0.000 0.000 0.000 0.000 0.000 0.001 0.001 0.001 0.001 0.001 0.002 0.002 0.003 0.003 0.004 0.004 0.005 0.005 0.005 0.005 0.005 0.005 0.005 0.004 0.004 0.003 0.002 0.002 0.001 0.001 0.002 0.002 0.004 0.009 0.064 0.453 1.670 3.810 6.198 8.346 9.991 11.243 12.196 12.975 13.415 13.709 14.160 14.532 15.064 15.387 15.474 15.113 14.654 13.637 12.316 11.153 10.252 9.469 8.683 7.927 7.205
0.000 0.000 0.000 0.000 0.000 0.000 0.000 0.000 0.000 0.000 0.000 0.000 0.000 0.000 0.000 0.000 0.000 0.000 0.000 0.000 0.000 0.000 0.000 0.001 0.001 0.001 0.002 0.002 0.003 0.003 0.004 0.005 0.005 0.005 0.005 0.005 0.005 0.005 0.005 0.004 0.004 0.003 0.002 0.002 0.001 0.001 0.001 0.001 0.002 0.004 0.009 0.062 0.475 1.651 3.421 5.303 7.115 8.746 10.137 11.350 12.084 12.447 12.902 13.302 13.823 14.576 14.659 14.623 14.114 13.170 12.057 10.986 10.064 9.257 8.479 7.687 6.826
0.000 0.000 0.000 0.000 0.000 0.000 0.000 0.000 0.000 0.000 0.000 0.000 0.000 0.000 0.000 0.000 0.000 0.000 0.000 0.000 0.000 0.000 0.000 0.000 0.001 0.001 0.001 0.002 0.003 0.003 0.004 0.005 0.005 0.006 0.006 0.006 0.006 0.006 0.005 0.005 0.004 0.003 0.002 0.002 0.001 0.001 0.001 0.001 0.001 0.002 0.004 0.009 0.071 0.471 1.474 2.924 4.537 6.102 7.722 9.293 10.415 11.047 11.663 12.057 12.633 13.111 13.285 13.346 13.174 12.498 11.514 10.474 9.549 8.736 7.945 7.122 6.190
0.000 0.000 0.000 0.000 0.000 0.000 0.000 0.000 0.000 0.000 0.000 0.000 0.000 0.000 0.000 0.000 0.000 0.000 0.000 0.000 0.000 0.000 0.000 0.000 0.000 0.001 0.001 0.002 0.002 0.003 0.004 0.005 0.006 0.007 0.007 0.008 0.008 0.008 0.008 0.007 0.005 0.003 0.002 0.002 0.001 0.001 0.001 0.001 0.001 0.001 0.002 0.004 0.009 0.071 0.423 1.276 2.497 3.850 5.356 7.035 8.448 9.473 10.308 10.788 11.329 11.688 12.018 12.000 12.068 11.482 10.620 9.637 8.758 7.942 7.139 6.291 5.309
0.000 0.000 0.000 0.000 0.000 0.000 0.000 0.000 0.000 0.000 0.000 0.000 0.000 0.000 0.000 0.000 0.000 0.000 0.000 0.000 0.000 0.000 0.000 0.000 0.000 0.000 0.001 0.001 0.002 0.003 0.004 0.005 0.006 0.007 0.008 0.009 0.010 0.010 0.010 0.009 0.007 0.004 0.003 0.002 0.001 0.001 0.001 0.000 0.000 0.001 0.001 0.002 0.004 0.009 0.064 0.364 1.076 2.107 3.345 4.778 6.221 7.564 8.670 9.483 10.011 10.214 10.270 10.157 10.265 9.893 9.293 8.489 7.694 6.922 6.131 5.251 4.298
0.000 0.000 0.000 0.000 0.000 0.000 0.000 0.000 0.000 0.000 0.000 0.000 0.000 0.000 0.000 0.000 0.000 0.000 0.000 0.000 0.000 0.000 0.000 0.000 0.000 0.000 0.000 0.001 0.001 0.002 0.003 0.005 0.006 0.007 0.008 0.009 0.010 0.010 0.010 0.009 0.007 0.005 0.003 0.002 0.001 0.001 0.000 0.000 0.000 0.000 0.001 0.001 0.002 0.004 0.009 0.055 0.302 0.900 1.784 2.911 4.248 5.674 6.983 8.046 8.663 8.852 8.863 8.681 8.423 7.975 7.487 7.053 6.529 5.919 5.196 4.351 3.479
0.000 0.000 0.000 0.000 0.000 0.000 0.000 0.000 0.000 0.000 0.000 0.000 0.000 0.000 0.000 0.000 0.000 0.000 0.000 0.000 0.000 0.000 0.000 0.000 0.000 0.000 0.000 0.000 0.001 0.002 0.003 0.004 0.005 0.007 0.008 0.008 0.009 0.009 0.009 0.008 0.007 0.005 0.003 0.002 0.001 0.001 0.000 0.000 0.000 0.000 0.000 0.001 0.001 0.002 0.004 0.010 0.045 0.233 0.696 1.469 2.541 3.823 5.203 6.391 7.183 7.461 7.446 7.263 6.936 6.441 5.990 5.787 5.470 5.012 4.406 3.667 2.881
0.000 0.000 0.000 0.000 0.000 0.000 0.000 0.000 0.000 0.000 0.000 0.000 0.000 0.000 0.000 0.000 0.000 0.000 0.000 0.000 0.000 0.000 0.000 0.000 0.000 0.000 0.000 0.000 0.000 0.001 0.002 0.003 0.004 0.005 0.006 0.006 0.006 0.006 0.006 0.006 0.005 0.004 0.003 0.002 0.001 0.000 0.000 0.000 0.000 0.000 0.000 0.000 0.001 0.001 0.002 0.004 0.009 0.032 0.157 0.530 1.235 2.229 3.458 4.645 5.502 5.928 6.032 5.930 5.701 5.362 5.001 4.764 4.506 4.172 3.757 3.196 2.523
0.000 0.000 0.000 0.000 0.000 0.000 0.000 0.000 0.000 0.000 0.000 0.000 0.000 0.000 0.000 0.000 0.000 0.000 0.000 0.000 0.000 0.000 0.000 0.000 0.000 0.000 0.000 0.000 0.000 0.000 0.001 0.002 0.003 0.003 0.004 0.004 0.004 0.004 0.003 0.003 0.003 0.003 0.002 0.001 0.001 0.000 0.000 0.000 0.000 0.000 0.000 0.000 0.000 0.000 0.001 0.002 0.003 0.008 0.019 0.110 0.418 1.035 1.966 3.066 3.917 4.412 4.625 4.676 4.615 4.455 4.227 3.986 3.717 3.431 3.156 2.803 2.315
0.000 0.000 0.000 0.000 0.000 0.000 0.000 0.000 0.000 0.000 0.000 0.000 0.000 0.000 0.000 0.000 0.000 0.000 0.000 0.000 0.000 0.000 0.000 0.000 0.000 0.000 0.000 0.000 0.000 0.000 0.000 0.001 0.001 0.002 0.002 0.002 0.002 0.002 0.002 0.002 0.002 0.001 0.001 0.001 0.000 0.000 0.000 0.000 0.000 0.000 0.000 0.000 0.000 0.000 0.000 0.001 0.001 0.003 0.006 0.016 0.083 0.318 0.860 1.745 2.566 3.060 3.376 3.583 3.661 3.638 3.537 3.345 3.087 2.818 2.573 2.348 2.060
0.000 0.000 0.000 0.000 0.000 0.000 0.000 0.000 0.000 0.000 0.000 0.000 0.000 0.000 0.000 0.000 0.000 0.000 0.000 0.000 0.000 0.000 0.000 0.000 0.000 0.000 0.000 0.000 0.000 0.000 0.000 0.000 0.000 0.001 0.001 0.001 0.001 0.001 0.001 0.001 0.000 0.000 0.000 0.000 0.000 0.000 0.000 0.000 0.000 0.000 0.000 0.000 0.000 0.000 0.000 0.000 0.001 0.001 0.002 0.005 0.014 0.058 0.248 0.760 1.460 1.953 2.319 2.617 2.823 2.897 2.890 2.765 2.554 2.303 2.078 1.873 1.670
0.000 0.000 0.000 0.000 0.000 0.000 0.000 0.000 0.000 0.000 0.000 0.000 0.000 0.000 0.000 0.000 0.000 0.000 0.000 0.000 0.000 0.000 0.000 0.000 0.000 0.000 0.000 0.000 0.000 0.000 0.000 0.000 0.000 0.000 0.000 0.000 0.000 0.000 0.000 0.000 0.000 0.000 0.000 0.000 0.000 0.000 0.000 0.000 0.000 0.000 0.000 0.000 0.000 0.000 0.000 0.000 0.000 0.000 0.001 0.002 0.005 0.011 0.046 0.230 0.651 1.094 1.477 1.827 2.107 2.271 2.319 2.242 2.081 1.872 1.669 1.481 1.298
0.000 0.000 0.000 0.000 0.000 0.000 0.000 0.000 0.000 0.000 0.000 0.000 0.000 0.000 0.000 0.000 0.000 0.000 0.000 0.000 0.000 0.000 0.000 0.000 0.000 0.000 0.000 0.000 0.000 0.000 0.000 0.000 0.000 0.000 0.000 0.000 0.000 0.000 0.000 0.000 0.000 0.000 0.000 0.000 0.000 0.000 0.000 0.000 0.000 0.000 0.000 0.000 0.000 0.000 0.000 0.000 0.000 0.000 0.000 0.001 0.002 0.004 0.012 0.055 0.220 0.506 0.841 1.201 1.522 1.733 1.814 1.774 1.664 1.505 1.333 1.164 0.997
0.000 0.000 0.000 0.000 0.000 0.000 0.000 0.000 0.000 0.000 0.000 0.000 0.000 0.000 0.000 0.000 0.000 0.000 0.000 0.000 0.000 0.000 0.000 0.000 0.000 0.000 0.000 0.000 0.000 0.000 0.000 0.000 0.000 0.000 0.000 0.000 0.000 0.000 0.000 0.000 0.000 0.000 0.000 0.000 0.000 0.000 0.000 0.000 0.000 0.000 0.000 0.000 0.000 0.000 0.000 0.000 0.000 0.000 0.000 0.000 0.001 0.002 0.005 0.015 0.065 0.192 0.408 0.714 1.050 1.281 1.381 1.374 1.307 1.197 1.059 0.907 0.756
0.000 0.000 0.000 0.000 0.000 0.000 0.000 0.000 0.000 0.000 0.000 0.000 0.000 0.000 0.000 0.000 0.000 0.000 0.000 0.000 0.000 0.000 0.000 0.000 0.000 0.000 0.000 0.000 0.000 0.000 0.000 0.000 0.000 0.000 0.000 0.000 0.000 0.000 0.000 0.000 0.000 0.000 0.000 0.000 0.000 0.000 0.000 0.000 0.000 0.000 0.000 0.000 0.000 0.000 0.000 0.000 0.000 0.000 0.000 0.000 0.000 0.001 0.002 0.006 0.019 0.063 0.165 0.372 0.679 0.914 1.022 1.043 1.010 0.935 0.829 0.697 0.563
0.000 0.000 0.000 0.000 0.000 0.000 0.000 0.000 0.000 0.000 0.000 0.000 0.000 0.000 0.000 0.000 0.000 0.000 0.000 0.000 0.000 0.000 0.000 0.000 0.000 0.000 0.000 0.000 0.000 0.000 0.000 0.000 0.000 0.000 0.000 0.000 0.000 0.000 0.000 0.000 0.000 0.000 0.000 0.000 0.000 0.000 0.000 0.000 0.000 0.000 0.000 0.000 0.000 0.000 0.000 0.000 0.000 0.000 0.000 0.000 0.000 0.000 0.001 0.002 0.007 0.021 0.061 0.179 0.415 0.630 0.736 0.770 0.759 0.714 0.634 0.525 0.411
0.000 0.000 0.000 0.000 0.000 0.000 0.000 0.000 0.000 0.000 0.000 0.000 0.000 0.000 0.000 0.000 0.000 0.000 0.000 0.000 0.000 0.000 0.000 0.000 0.000 0.000 0.000 0.000 0.000 0.000 0.000 0.000 0.000 0.000 0.000 0.000 0.000 0.000 0.000 0.000 0.000 0.000 0.000 0.000 0.000 0.000 0.000 0.000 0.000 0.000 0.000 0.000 0.000 0.000 0.000 0.000 0.000 0.000 0.000 0.000 0.000 0.000 0.000 0.001 0.003 0.008 0.024 0.084 0.242 0.419 0.517 0.556 0.560 0.534 0.473 0.390 0.301
0.000 0.000 0.000 0.000 0.000 0.000 0.000 0.000 0.000 0.000 0.000 0.000 0.000 0.000 0.000 0.000 0.000 0.000 0.000 0.000 0.000 0.000 0.000 0.000 0.000 0.000 0.000 0.000 0.000 0.000 0.000 0.000 0.000 0.000 0.000 0.000 0.000 0.000 0.000 0.000 0.000 0.000 0.000 0.000 0.000 0.000 0.000 0.000 0.000 0.000 0.000 0.000 0.000 0.000 0.000 0.000 0.000 0.000 0.000 0.000 0.000 0.000 0.000 0.001 0.001 0.004 0.011 0.039 0.132 0.269 0.356 0.397 0.404 0.388 0.348 0.289 0.220
0.000 0.000 0.000 0.000 0.000 0.000 0.000 0.000 0.000 0.000 0.000 0.000 0.000 0.000 0.000 0.000 0.000 0.000 0.000 0.000 0.000 0.000 0.000 0.000 0.000 0.000 0.000 0.000 0.000 0.000 0.000 0.000 0.000 0.000 0.000 0.000 0.000 0.000 0.000 0.000 0.000 0.000 0.000 0.000 0.000 0.000 0.000 0.000 0.000 0.000 0.000 0.000 0.000 0.000 0.000 0.000 0.000 0.000 0.000 0.000 0.000 0.000 0.000 0.000 0.001 0.002 0.006 0.018 0.068 0.166 0.243 0.278 0.286 0.276 0.252 0.212 0.162
0.000 0.000 0.000 0.000 0.000 0.000 0.000 0.000 0.000 0.000 0.000 0.000 0.000 0.000 0.000 0.000 0.000 0.000 0.000 0.000 0.000 0.000 0.000 0.000 0.000 0.000 0.000 0.000 0.000 0.000 0.000 0.000 0.000 0.000 0.000 0.000 0.000 0.000 0.000 0.000 0.000 0.000 0.000 0.000 0.000 0.000 0.000 0.000 0.000 0.000 0.000 0.000 0.000 0.000 0.000 0.000 0.000 0.000 0.000 0.000 0.000 0.000 0.000 0.000 0.000 0.001 0.003 0.010 0.035 0.099 0.164 0.192 0.197 0.192 0.178 0.153 0.118
0.000 0.000 0.000 0.000 0.000 0.000 0.000 0.000 0.000 0.000 0.000 0.000 0.000 0.000 0.000 0.000 0.000 0.000 0.000 0.000 0.000 0.000 0.000 0.000 0.000 0.000 0.000 0.000 0.000 0.000 0.000 0.000 0.000 0.000 0.000 0.000 0.000 0.000 0.000 0.000 0.000 0.000 0.000 0.000 0.000 0.000 0.000 0.000 0.000 0.000 0.000 0.000 0.000 0.000 0.000 0.000 0.000 0.000 0.000 0.000 0.000 0.000 0.000 0.000 0.000 0.001 0.002 0.005 0.018 0.056 0.108 0.131 0.134 0.133 0.126 0.110 0.087
0.000 0.000 0.000 0.000 0.000 0.000 0.000 0.000 0.000 0.000 0.000 0.000 0.000 0.000 0.000 0.000 0.000 0.000 0.000 0.000 0.000 0.000 0.000 0.000 0.000 0.000 0.000 0.000 0.000 0.000 0.000 0.000 0.000 0.000 0.000 0.000 0.000 0.000 0.000 0.000 0.000 0.000 0.000 0.000 0.000 0.000 0.000 0.000 0.000 0.000 0.000 0.000 0.000 0.000 0.000 0.000 0.000 0.000 0.000 0.000 0.000 0.000 0.000 0.000 0.000 0.000 0.001 0.003 0.009 0.027 0.063 0.087 0.093 0.093 0.090 0.080 0.066
0.000 0.000 0.000 0.000 0.000 0.000 0.000 0.000 0.000 0.000 0.000 0.000 0.000 0.000 0.000 0.000 0.000 0.000 0.000 0.000 0.000 0.000 0.000 0.000 0.000 0.000 0.000 0.000 0.000 0.000 0.000 0.000 0.000 0.000 0.000 0.000 0.000 0.000 0.000 0.000 0.000 0.000 0.000 0.000 0.000 0.000 0.000 0.000 0.000 0.000 0.000 0.000 0.000 0.000 0.000 0.000 0.000 0.000 0.000 0.000 0.000 0.000 0.000 0.000 0.000 0.000 0.001 0.002 0.004 0.012 0.031 0.054 0.064 0.065 0.064 0.061 0.053
0.000 0.000 0.000 0.000 0.000 0.000 0.000 0.000 0.000 0.000 0.000 0.000 0.000 0.000 0.000 0.000 0.000 0.000 0.000 0.000 0.000 0.000 0.000 0.000 0.000 0.000 0.000 0.000 0.000 0.000 0.000 0.000 0.000 0.000 0.000 0.000 0.000 0.000 0.000 0.000 0.000 0.000 0.000 0.000 0.000 0.000 0.000 0.000 0.000 0.000 0.000 0.000 0.000 0.000 0.000 0.000 0.000 0.000 0.000 0.000 0.000 0.000 0.000 0.000 0.000 0.000 0.000 0.001 0.002 0.005 0.014 0.030 0.042 0.045 0.046 0.045 0.042
0.000 0.000 0.000 0.000 0.000 0.000 0.000 0.000 0.000 0.000 0.000 0.000 0.000 0.000 0.000 0.000 0.000 0.000 0.000 0.000 0.000 0.000 0.000 0.000 0.000 0.000 0.000 0.000 0.000 0.000 0.000 0.000 0.000 0.000 0.000 0.000 0.000 0.000 0.000 0.000 0.000 0.000 0.000 0.000 0.000 0.000 0.000 0.000 0.000 0.000 0.000 0.000 0.000 0.000 0.000 0.000 0.000 0.000 0.000 0.000 0.000 0.000 0.000 0.000 0.000 0.000 0.000 0.000 0.001 0.003 0.006 0.015 0.025 0.030 0.031 0.031 0.030
0.000 0.000 0.000 0.000 0.000 0.000 0.000 0.000 0.000 0.000 0.000 0.000 0.000 0.000 0.000 0.000 0.000 0.000 0.000 0.000 0.000 0.000 0.000 0.000 0.000 0.000 0.000 0.000 0.000 0.000 0.000 0.000 0.000 0.000 0.000 0.000 0.000 0.000 0.000 0.000 0.000 0.000 0.000 0.000 0.000 0.000 0.000 0.000 0.000 0.000 0.000 0.000 0.000 0.000 0.000 0.000 0.000 0.000 0.000 0.000 0.000 0.000 0.000 0.000 0.000 0.000 0.000 0.000 0.001 0.001 0.003 0.007 0.014 0.019 0.021 0.021 0.021
