AvaFrame/avaframe/data/avaSalk/Avaflow_Input_Output/slk_results/slk_ascii/slk_hflow10003.asc
ncols 296
nrows 144
xllcenter 761600.00
yllcenter 8523000.00
cellsize 12.50
NODATA_value -9999.000
[rows 68 to 101 of 144, columns 154 to 230 of 296]
0.000 0.000 0.000 0.000 0.000 0.000 0.000 0.000 0.000 0.000 0.000 0.000 0.000 0.000 0.000 0.000 0.000 0.000 0.000 0.000 0.000 0.000 0.000 0.000 0.000 0.001 0.001 0.001 0.001 0.002 0.004 0.008 0.014 0.025 0.040 0.061 0.085 0.114 0.147 0.183 0.223 0.269 0.324 0.391 0.470 0.559 0.654 0.757 0.874 1.011 1.168 1.319 1.456 1.588 1.725 1.880 2.077 2.297 2.491 2.677 2.890 3.061 3.158 3.172 3.070 2.886 2.735 2.610 2.466 2.314 2.173 2.020 1.847 1.648 1.463 1.340 1.266
0.000 0.000 0.000 0.000 0.000 0.000 0.000 0.000 0.000 0.000 0.000 0.000 0.000 0.000 0.000 0.000 0.000 0.000 0.000 0.000 0.000 0.000 0.000 0.000 0.001 0.001 0.001 0.001 0.002 0.004 0.008 0.015 0.027 0.045 0.070 0.101 0.136 0.176 0.219 0.266 0.319 0.380 0.454 0.541 0.644 0.759 0.879 1.003 1.137 1.282 1.433 1.571 1.698 1.824 1.971 2.153 2.362 2.544 2.686 2.813 2.969 3.089 3.150 3.157 3.061 2.865 2.648 2.488 2.352 2.208 2.048 1.856 1.645 1.466 1.343 1.269 1.228
0.000 0.000 0.000 0.000 0.000 0.000 0.000 0.000 0.000 0.000 0.000 0.000 0.000 0.000 0.000 0.000 0.000 0.000 0.000 0.000 0.000 0.000 0.000 0.001 0.001 0.001 0.001 0.002 0.004 0.008 0.016 0.030 0.050 0.080 0.117 0.160 0.208 0.260 0.316 0.376 0.445 0.528 0.626 0.739 0.870 1.012 1.150 1.283 1.417 1.554 1.686 1.808 1.928 2.061 2.223 2.407 2.573 2.708 2.850 2.953 3.037 3.092 3.103 3.084 2.975 2.803 2.566 2.363 2.212 2.067 1.877 1.670 1.496 1.370 1.289 1.243 1.210
0.000 0.000 0.000 0.000 0.000 0.000 0.000 0.000 0.000 0.000 0.000 0.000 0.000 0.000 0.000 0.000 0.000 0.000 0.000 0.000 0.000 0.000 0.001 0.001 0.001 0.001 0.002 0.004 0.008 0.017 0.031 0.055 0.089 0.133 0.185 0.243 0.306 0.371 0.440 0.518 0.611 0.723 0.853 1.000 1.159 1.312 1.452 1.580 1.701 1.811 1.919 2.037 2.174 2.312 2.470 2.603 2.707 2.801 3.010 3.205 3.268 3.181 3.045 2.967 2.831 2.675 2.485 2.274 2.084 1.912 1.715 1.532 1.408 1.327 1.271 1.229 1.192
0.000 0.000 0.000 0.000 0.000 0.000 0.000 0.000 0.000 0.000 0.000 0.000 0.000 0.000 0.000 0.000 0.000 0.000 0.000 0.000 0.000 0.001 0.001 0.001 0.001 0.002 0.004 0.008 0.017 0.033 0.059 0.098 0.150 0.211 0.280 0.355 0.432 0.512 0.598 0.698 0.824 0.976 1.146 1.313 1.472 1.610 1.730 1.840 1.945 2.046 2.148 2.287 2.478 2.579 2.663 2.735 2.796 2.907 3.278 3.546 3.577 3.295 2.979 2.828 2.671 2.514 2.371 2.198 1.977 1.767 1.593 1.457 1.366 1.305 1.258 1.216 1.171
0.000 0.000 0.000 0.000 0.000 0.000 0.000 0.000 0.000 0.000 0.000 0.000 0.000 0.000 0.000 0.000 0.000 0.000 0.000 0.000 0.001 0.001 0.001 0.001 0.002 0.004 0.008 0.017 0.034 0.062 0.106 0.165 0.238 0.319 0.406 0.498 0.591 0.689 0.799 0.929 1.088 1.279 1.480 1.636 1.755 1.869 1.967 2.054 2.151 2.268 2.405 2.611 2.814 2.850 2.822 2.836 2.880 3.120 3.571 3.744 3.710 3.276 2.847 2.643 2.468 2.319 2.196 2.048 1.815 1.607 1.479 1.398 1.337 1.288 1.244 1.200 1.146
0.000 0.000 0.000 0.000 0.000 0.000 0.000 0.000 0.000 0.000 0.000 0.000 0.000 0.000 0.000 0.000 0.000 0.000 0.000 0.000 0.001 0.001 0.001 0.002 0.003 0.007 0.016 0.034 0.065 0.113 0.181 0.265 0.360 0.461 0.567 0.677 0.788 0.911 1.051 1.213 1.396 1.603 1.817 1.968 2.058 2.123 2.185 2.259 2.378 2.529 2.704 2.963 3.121 3.110 2.999 2.964 3.076 3.482 3.794 3.827 3.704 3.223 2.756 2.486 2.290 2.127 1.989 1.835 1.642 1.496 1.410 1.356 1.312 1.271 1.227 1.179 1.115
0.000 0.000 0.000 0.000 0.000 0.000 0.000 0.000 0.000 0.000 0.000 0.000 0.000 0.000 0.000 0.000 0.000 0.000 0.000 0.001 0.001 0.001 0.001 0.003 0.007 0.015 0.033 0.066 0.119 0.195 0.293 0.402 0.518 0.638 0.765 0.896 1.027 1.177 1.349 1.531 1.729 1.963 2.198 2.317 2.358 2.364 2.389 2.489 2.627 2.752 2.889 3.142 3.283 3.328 3.252 3.226 3.435 3.748 3.849 3.782 3.526 3.084 2.707 2.402 2.180 2.015 1.844 1.685 1.546 1.449 1.388 1.342 1.301 1.255 1.203 1.143 1.061
0.000 0.000 0.000 0.000 0.000 0.000 0.000 0.000 0.000 0.000 0.000 0.000 0.000 0.000 0.000 0.000 0.000 0.000 0.001 0.001 0.001 0.001 0.003 0.006 0.014 0.032 0.066 0.124 0.208 0.317 0.446 0.579 0.713 0.853 0.999 1.150 1.310 1.484 1.673 1.857 2.052 2.312 2.553 2.647 2.642 2.589 2.588 2.686 2.789 2.867 2.981 3.229 3.405 3.566 3.711 3.785 3.788 3.772 3.739 3.466 3.083 2.764 2.540 2.312 2.066 1.878 1.702 1.569 1.493 1.438 1.392 1.346 1.295 1.234 1.165 1.074 0.988
0.000 0.000 0.000 0.000 0.000 0.000 0.000 0.000 0.000 0.000 0.000 0.000 0.000 0.000 0.000 0.000 0.000 0.001 0.001 0.001 0.001 0.002 0.005 0.013 0.031 0.066 0.128 0.220 0.343 0.487 0.642 0.796 0.947 1.105 1.269 1.438 1.623 1.812 2.002 2.185 2.399 2.625 2.792 2.876 2.897 2.870 2.845 2.850 2.888 2.947 3.053 3.310 3.598 3.875 4.083 4.109 3.859 3.574 3.261 2.800 2.522 2.418 2.328 2.177 1.916 1.707 1.574 1.506 1.474 1.445 1.411 1.362 1.280 1.190 1.093 0.991 0.930
0.000 0.000 0.000 0.000 0.000 0.000 0.000 0.000 0.000 0.000 0.000 0.000 0.000 0.000 0.000 0.000 0.000 0.001 0.001 0.001 0.002 0.005 0.013 0.030 0.067 0.133 0.235 0.373 0.535 0.707 0.879 1.049 1.219 1.392 1.568 1.753 1.951 2.148 2.350 2.549 2.752 2.908 2.988 3.025 3.080 3.110 3.058 3.007 3.005 3.037 3.158 3.470 3.825 4.024 4.089 4.050 3.650 3.104 2.678 2.398 2.293 2.261 2.200 2.027 1.773 1.604 1.518 1.487 1.479 1.470 1.443 1.373 1.244 1.120 1.019 0.941 0.903
0.000 0.000 0.000 0.000 0.000 0.000 0.000 0.000 0.000 0.000 0.000 0.000 0.000 0.000 0.000 0.000 0.001 0.001 0.001 0.002 0.005 0.012 0.030 0.069 0.142 0.259 0.416 0.595 0.779 0.964 1.150 1.331 1.518 1.709 1.898 2.090 2.298 2.520 2.765 2.962 3.063 3.099 3.124 3.137 3.212 3.292 3.264 3.167 3.149 3.190 3.339 3.657 3.896 3.988 3.946 3.674 3.160 2.720 2.447 2.291 2.218 2.168 2.071 1.843 1.632 1.534 1.498 1.496 1.510 1.511 1.476 1.380 1.215 1.081 0.988 0.928 0.898
0.000 0.000 0.000 0.000 0.000 0.000 0.000 0.000 0.000 0.000 0.000 0.000 0.000 0.000 0.000 0.001 0.001 0.001 0.002 0.005 0.013 0.032 0.073 0.155 0.291 0.476 0.686 0.881 1.064 1.250 1.443 1.645 1.865 2.069 2.272 2.495 2.744 3.015 3.267 3.398 3.397 3.264 3.227 3.232 3.295 3.369 3.385 3.325 3.323 3.442 3.642 3.838 3.897 3.805 3.553 3.150 2.774 2.524 2.359 2.241 2.141 2.030 1.867 1.661 1.530 1.480 1.472 1.485 1.519 1.529 1.500 1.392 1.201 1.068 0.985 0.935 0.905
0.000 0.000 0.000 0.000 0.000 0.000 0.000 0.000 0.000 0.000 0.000 0.000 0.000 0.000 0.000 0.001 0.001 0.002 0.005 0.013 0.035 0.082 0.175 0.332 0.547 0.781 1.009 1.205 1.388 1.572 1.775 2.030 2.306 2.520 2.734 3.025 3.380 3.652 3.812 3.822 3.655 3.408 3.342 3.330 3.376 3.435 3.466 3.500 3.597 3.741 3.866 3.914 3.817 3.532 3.149 2.809 2.586 2.425 2.295 2.174 2.022 1.835 1.661 1.532 1.463 1.436 1.435 1.457 1.515 1.544 1.523 1.401 1.188 1.063 0.996 0.957 0.925
0.000 0.000 0.000 0.000 0.000 0.000 0.000 0.000 0.000 0.000 0.000 0.000 0.000 0.000 0.001 0.001 0.001 0.005 0.015 0.042 0.102 0.212 0.390 0.642 0.908 1.140 1.351 1.554 1.771 1.990 2.240 2.566 2.895 3.132 3.361 3.659 4.024 4.197 4.188 4.047 3.774 3.545 3.486 3.464 3.474 3.519 3.572 3.658 3.823 3.935 3.932 3.873 3.637 3.231 2.885 2.643 2.476 2.342 2.213 2.057 1.868 1.681 1.541 1.450 1.401 1.383 1.385 1.429 1.527 1.580 1.563 1.409 1.179 1.070 1.020 0.994 0.956
0.000 0.000 0.000 0.000 0.000 0.000 0.000 0.000 0.000 0.000 0.000 0.000 0.000 0.000 0.001 0.001 0.004 0.016 0.052 0.136 0.282 0.490 0.757 1.059 1.321 1.540 1.743 1.979 2.297 2.617 2.962 3.359 3.735 4.028 4.279 4.426 4.499 4.524 4.416 4.124 3.873 3.733 3.684 3.663 3.674 3.657 3.691 3.776 3.886 3.927 3.892 3.731 3.389 3.004 2.739 2.551 2.394 2.247 2.086 1.905 1.731 1.593 1.476 1.382 1.333 1.317 1.327 1.405 1.559 1.641 1.611 1.406 1.172 1.091 1.062 1.039 0.975
0.000 0.000 0.000 0.000 0.000 0.000 0.000 0.000 0.000 0.000 0.000 0.000 0.000 0.001 0.001 0.003 0.015 0.063 0.188 0.408 0.673 0.947 1.240 1.516 1.759 1.997 2.256 2.600 3.100 3.574 3.989 4.431 4.905 5.252 5.375 5.268 4.979 4.742 4.528 4.214 4.039 3.970 3.952 3.899 3.944 3.995 3.950 3.864 3.844 3.826 3.718 3.479 3.117 2.822 2.599 2.435 2.280 2.108 1.930 1.774 1.645 1.530 1.419 1.305 1.249 1.241 1.280 1.406 1.613 1.712 1.657 1.400 1.183 1.128 1.109 1.067 0.957
0.000 0.000 0.000 0.000 0.000 0.000 0.000 0.000 0.000 0.000 0.000 0.000 0.000 0.000 0.002 0.012 0.066 0.245 0.583 0.978 1.313 1.564 1.802 2.053 2.321 2.621 3.031 3.589 4.280 4.959 5.463 5.827 6.023 6.041 5.934 5.639 5.249 4.880 4.608 4.370 4.286 4.285 4.331 4.301 4.184 4.083 4.035 3.925 3.702 3.592 3.446 3.218 2.932 2.673 2.448 2.269 2.123 1.980 1.839 1.710 1.590 1.467 1.334 1.218 1.179 1.195 1.271 1.444 1.686 1.777 1.694 1.406 1.214 1.170 1.133 1.050 0.898
0.000 0.000 0.000 0.000 0.000 0.000 0.000 0.000 0.000 0.000 0.000 0.000 0.000 0.001 0.006 0.050 0.264 0.773 1.342 1.805 2.135 2.371 2.579 2.871 3.266 3.683 4.275 5.127 6.015 6.780 7.167 7.149 6.767 6.373 6.065 5.694 5.394 5.054 4.776 4.594 4.475 4.445 4.544 4.555 4.391 4.107 3.950 3.831 3.566 3.378 3.259 3.082 2.820 2.535 2.294 2.124 2.013 1.915 1.807 1.674 1.526 1.372 1.237 1.166 1.157 1.194 1.299 1.523 1.779 1.843 1.738 1.453 1.272 1.195 1.112 0.974 0.826
0.000 0.000 0.000 0.000 0.000 0.000 0.000 0.000 0.000 0.000 0.000 0.000 0.001 0.002 0.025 0.202 0.840 1.692 2.318 2.754 3.107 3.474 3.819 4.260 4.888 5.628 6.408 7.229 7.770 8.007 7.939 7.604 6.958 6.451 6.050 5.653 5.407 5.183 4.991 4.851 4.725 4.553 4.580 4.575 4.385 4.054 3.725 3.452 3.348 3.221 3.110 2.967 2.722 2.396 2.147 2.006 1.940 1.886 1.794 1.616 1.409 1.250 1.166 1.150 1.170 1.230 1.366 1.652 1.891 1.930 1.827 1.521 1.303 1.172 1.026 0.875 0.782
0.000 0.000 0.000 0.000 0.000 0.000 0.000 0.000 0.000 0.000 0.000 0.000 0.001 0.007 0.094 0.652 1.867 2.723 3.259 3.743 4.277 4.964 5.688 6.413 7.193 8.061 8.669 8.976 8.931 8.577 8.091 7.498 6.874 6.397 6.020 5.642 5.389 5.182 5.032 4.912 4.883 4.729 4.585 4.453 4.227 3.993 3.702 3.323 3.234 3.193 3.088 2.874 2.595 2.269 2.046 1.941 1.905 1.870 1.753 1.497 1.278 1.165 1.133 1.147 1.204 1.302 1.494 1.852 2.064 2.096 1.928 1.530 1.271 1.075 0.907 0.805 0.766
0.000 0.000 0.000 0.000 0.000 0.000 0.000 0.000 0.000 0.000 0.000 0.000 0.001 0.023 0.289 1.527 2.917 3.617 4.195 4.825 5.631 6.642 7.742 8.639 9.281 9.696 9.834 9.877 9.680 8.795 7.995 7.207 6.654 6.216 5.906 5.619 5.393 5.176 5.020 4.925 4.931 4.840 4.561 4.280 4.059 3.935 3.769 3.454 3.254 3.210 3.098 2.765 2.411 2.133 1.969 1.909 1.888 1.835 1.639 1.353 1.190 1.131 1.124 1.155 1.240 1.395 1.748 2.193 2.355 2.294 1.942 1.452 1.133 0.923 0.816 0.777 0.771
0.000 0.000 0.000 0.000 0.000 0.000 0.000 0.000 0.000 0.000 0.000 0.000 0.003 0.061 0.684 2.473 3.654 4.400 5.167 5.990 7.133 8.397 9.576 10.261 10.764 10.934 10.777 10.485 10.050 8.794 7.799 7.041 6.591 6.086 5.686 5.447 5.314 5.153 4.960 4.854 4.873 4.792 4.500 4.175 3.944 3.839 3.774 3.693 3.474 3.204 2.950 2.511 2.139 1.964 1.898 1.882 1.868 1.767 1.501 1.259 1.151 1.122 1.129 1.179 1.288 1.528 2.058 2.435 2.491 2.342 1.790 1.256 0.981 0.838 0.783 0.775 0.791
0.000 0.000 0.000 0.000 0.000 0.000 0.000 0.000 0.000 0.000 0.000 0.001 0.006 0.136 1.249 3.203 4.224 5.121 6.074 7.102 8.497 9.858 11.003 11.380 11.624 11.667 11.521 11.078 10.279 8.876 7.828 7.030 6.565 6.023 5.569 5.268 5.087 5.028 4.934 4.798 4.698 4.585 4.388 4.145 3.872 3.739 3.737 3.709 3.522 3.019 2.512 2.140 1.937 1.866 1.851 1.854 1.838 1.712 1.432 1.230 1.145 1.128 1.148 1.222 1.377 1.709 2.223 2.482 2.505 2.237 1.583 1.149 0.939 0.830 0.794 0.799 0.858
0.000 0.000 0.000 0.000 0.000 0.000 0.000 0.000 0.000 0.000 0.000 0.001 0.011 0.238 1.849 3.725 4.769 5.821 6.962 8.179 9.544 10.615 11.606 11.992 12.105 12.044 11.879 11.449 10.415 9.015 8.080 7.163 6.509 5.948 5.549 5.283 5.021 4.926 4.854 4.719 4.496 4.310 4.215 4.103 3.897 3.636 3.599 3.536 3.219 2.640 2.180 1.942 1.844 1.825 1.838 1.852 1.827 1.677 1.408 1.236 1.162 1.150 1.183 1.297 1.529 1.897 2.253 2.402 2.382 2.086 1.509 1.143 0.961 0.887 0.878 0.938 1.209
0.000 0.000 0.000 0.000 0.000 0.000 0.000 0.000 0.000 0.000 0.000 0.001 0.012 0.326 2.407 4.271 5.360 6.546 7.875 9.228 10.406 11.155 11.755 12.100 12.244 12.178 11.957 11.534 10.398 8.991 8.060 7.135 6.430 5.880 5.529 5.276 5.018 4.832 4.712 4.547 4.287 4.093 4.017 3.953 3.844 3.556 3.305 3.064 2.708 2.310 2.036 1.883 1.827 1.821 1.847 1.867 1.834 1.656 1.406 1.264 1.211 1.205 1.249 1.407 1.728 2.061 2.217 2.229 2.158 1.937 1.536 1.241 1.118 1.116 1.273 1.610 1.964
0.000 0.000 0.000 0.000 0.000 0.000 0.000 0.000 0.000 0.000 0.000 0.000 0.012 0.362 2.723 5.086 6.320 7.569 8.788 10.015 10.945 11.598 11.930 12.081 12.208 12.130 11.810 11.201 9.906 8.635 7.781 7.013 6.425 5.901 5.502 5.163 4.848 4.645 4.506 4.374 4.127 3.887 3.818 3.704 3.456 3.247 2.935 2.625 2.376 2.162 1.989 1.888 1.853 1.862 1.900 1.907 1.834 1.629 1.419 1.317 1.291 1.305 1.371 1.555 1.904 2.163 2.209 2.123 2.030 1.878 1.677 1.572 1.606 1.814 2.172 2.389 2.268
0.000 0.000 0.000 0.000 0.000 0.000 0.000 0.000 0.000 0.000 0.000 0.000 0.010 0.339 2.639 5.686 7.180 8.418 9.426 10.378 11.080 11.732 12.048 12.063 11.981 11.671 11.201 10.422 9.158 8.108 7.460 6.934 6.470 5.980 5.532 5.163 4.772 4.471 4.305 4.130 3.971 3.742 3.542 3.360 2.975 2.740 2.587 2.408 2.255 2.122 2.001 1.934 1.923 1.942 1.952 1.920 1.796 1.591 1.448 1.393 1.397 1.454 1.563 1.755 2.042 2.200 2.211 2.089 1.983 1.919 1.949 2.190 2.545 2.815 2.893 2.566 1.706
0.000 0.000 0.000 0.000 0.000 0.000 0.000 0.000 0.000 0.000 0.000 0.000 0.004 0.214 2.062 5.450 7.498 8.730 9.671 10.502 11.084 11.695 11.910 11.900 11.666 11.063 10.471 9.945 9.116 8.125 7.506 7.025 6.641 6.267 5.851 5.457 5.028 4.514 4.193 3.909 3.694 3.520 3.243 2.981 2.734 2.570 2.467 2.369 2.258 2.151 2.079 2.033 1.996 1.964 1.930 1.859 1.721 1.572 1.496 1.489 1.547 1.665 1.813 2.004 2.185 2.250 2.229 2.123 2.041 2.056 2.273 2.809 3.308 3.486 3.191 2.039 0.851
0.000 0.000 0.000 0.000 0.000 0.000 0.000 0.000 0.000 0.000 0.000 0.000 0.001 0.063 1.029 3.909 6.916 8.668 9.637 10.480 10.978 11.325 11.455 11.397 11.134 10.647 10.158 9.933 9.592 8.951 8.358 7.940 7.746 7.721 7.529 7.160 6.476 5.405 4.441 3.854 3.439 3.209 3.015 2.810 2.642 2.536 2.450 2.365 2.284 2.187 2.113 2.066 2.014 1.954 1.893 1.814 1.697 1.600 1.568 1.618 1.790 1.986 2.148 2.308 2.397 2.393 2.355 2.347 2.405 2.477 2.808 3.487 3.898 3.832 2.849 1.275 0.385
0.000 0.000 0.000 0.000 0.000 0.000 0.000 0.000 0.000 0.000 0.000 0.000 0.000 0.008 0.237 1.527 4.193 6.965 8.790 9.886 10.483 10.651 10.712 10.724 10.585 10.319 10.011 10.002 9.963 9.776 9.577 9.457 9.697 10.213 10.298 10.111 9.634 8.500 6.780 5.156 3.824 3.160 2.921 2.797 2.663 2.541 2.455 2.384 2.314 2.224 2.138 2.090 2.044 1.984 1.918 1.838 1.745 1.698 1.726 1.894 2.230 2.511 2.683 2.828 2.922 2.976 3.026 3.261 3.685 3.958 4.045 4.204 4.217 3.489 1.855 0.589 0.147
0.000 0.000 0.000 0.000 0.000 0.000 0.000 0.000 0.000 0.000 0.000 0.000 0.000 0.000 0.017 0.232 1.090 2.760 4.923 6.924 8.309 8.956 9.240 9.480 9.686 9.661 9.586 9.717 9.854 9.873 9.957 10.088 10.548 11.312 11.426 11.238 10.937 10.358 9.264 7.807 5.994 4.545 3.683 3.310 3.094 2.802 2.593 2.511 2.454 2.380 2.292 2.240 2.205 2.163 2.111 2.057 2.023 2.057 2.214 2.555 3.054 3.469 3.766 4.076 4.463 4.854 5.151 5.329 5.139 4.886 4.617 4.340 3.486 1.940 0.679 0.192 0.044
0.000 0.000 0.000 0.000 0.000 0.000 0.000 0.000 0.000 0.000 0.000 0.000 0.000 0.000 0.001 0.008 0.076 0.390 1.112 2.164 3.419 4.610 5.565 6.343 7.118 7.678 8.059 8.434 8.807 9.158 9.564 9.979 10.505 11.262 11.427 11.336 11.076 10.597 9.799 8.864 7.567 6.308 5.597 5.212 4.864 4.228 3.501 3.133 3.033 2.947 2.853 2.797 2.764 2.744 2.732 2.767 2.874 3.082 3.430 3.934 4.564 5.230 5.925 6.640 7.308 7.703 7.582 6.772 5.638 4.907 4.075 2.783 1.362 0.503 0.163 0.044 0.010
0.000 0.000 0.000 0.000 0.000 0.000 0.000 0.000 0.000 0.000 0.000 0.000 0.000 0.000 0.000 0.000 0.002 0.013 0.065 0.222 0.552 1.013 1.505 2.061 2.748 3.530 4.355 5.212 6.045 6.928 7.805 8.594 9.302 10.035 10.428 10.596 10.458 10.042 9.516 8.955 7.933 6.750 6.364 6.360 6.425 6.237 5.674 4.979 4.531 4.311 4.171 4.090 4.054 4.047 4.092 4.259 4.568 4.988 5.515 6.152 6.884 7.627 8.350 8.934 9.231 9.136 8.436 6.863 4.833 3.022 1.559 0.663 0.254 0.089 0.028 0.008 0.002
