AvaFrame/avaframe/data/avaSalk/Avaflow_Input_Output/slk_results/slk_ascii/slk_hflow0016.asc
ncols 296
nrows 144
xllcenter 761600.00
yllcenter 8523000.00
cellsize 12.50
NODATA_value -9999.000
[rows 68 to 101 of 144, columns 154 to 230 of 296]
0.000 0.000 0.000 0.000 0.000 0.000 0.000 0.000 0.000 0.000 0.000 0.000 0.000 0.000 0.000 0.001 0.001 0.001 0.001 0.001 0.001 0.002 0.002 0.002 0.002 0.001 0.001 0.002 0.002 0.002 0.002 0.003 0.003 0.004 0.004 0.005 0.005 0.006 0.006 0.007 0.007 0.008 0.008 0.008 0.009 0.009 0.010 0.010 0.012 0.013 0.014 0.015 0.016 0.018 0.020 0.023 0.026 0.031 0.038 0.046 0.060 0.082 0.117 0.163 0.224 0.302 0.398 0.510 0.609 0.679 0.716 0.726 0.703 0.624 0.480 0.348 0.269
0.000 0.000 0.000 0.000 0.000 0.000 0.000 0.000 0.000 0.000 0.000 0.000 0.000 0.001 0.001 0.001 0.001 0.001 0.001 0.001 0.001 0.002 0.002 0.002 0.002 0.002 0.002 0.002 0.002 0.002 0.003 0.003 0.004 0.004 0.005 0.005 0.006 0.006 0.007 0.007 0.008 0.008 0.008 0.009 0.009 0.009 0.010 0.011 0.012 0.014 0.016 0.017 0.019 0.021 0.024 0.027 0.032 0.039 0.049 0.062 0.083 0.116 0.165 0.230 0.312 0.412 0.519 0.616 0.686 0.721 0.728 0.696 0.604 0.463 0.334 0.265 0.227
0.000 0.000 0.000 0.000 0.000 0.000 0.000 0.000 0.000 0.000 0.000 0.001 0.001 0.001 0.001 0.001 0.001 0.001 0.001 0.002 0.002 0.002 0.002 0.003 0.003 0.002 0.002 0.002 0.003 0.003 0.003 0.004 0.004 0.005 0.006 0.006 0.007 0.007 0.008 0.008 0.008 0.008 0.009 0.009 0.009 0.010 0.011 0.012 0.013 0.015 0.017 0.019 0.022 0.024 0.028 0.033 0.040 0.050 0.064 0.085 0.117 0.164 0.229 0.315 0.421 0.534 0.624 0.683 0.717 0.727 0.696 0.603 0.464 0.340 0.265 0.226 0.201
0.000 0.000 0.001 0.001 0.001 0.001 0.001 0.000 0.000 0.000 0.000 0.001 0.001 0.001 0.001 0.001 0.002 0.002 0.002 0.002 0.002 0.003 0.003 0.003 0.003 0.003 0.003 0.003 0.003 0.004 0.004 0.005 0.005 0.006 0.006 0.007 0.007 0.008 0.008 0.008 0.009 0.009 0.009 0.010 0.010 0.011 0.013 0.014 0.016 0.018 0.020 0.023 0.026 0.030 0.034 0.040 0.050 0.065 0.086 0.123 0.175 0.235 0.320 0.431 0.549 0.646 0.707 0.728 0.721 0.695 0.611 0.475 0.353 0.276 0.228 0.198 0.175
0.000 0.001 0.001 0.001 0.001 0.001 0.001 0.001 0.001 0.001 0.001 0.001 0.001 0.001 0.001 0.002 0.002 0.003 0.003 0.003 0.003 0.004 0.004 0.004 0.004 0.004 0.004 0.004 0.004 0.004 0.005 0.005 0.006 0.007 0.007 0.008 0.008 0.008 0.009 0.009 0.010 0.010 0.011 0.011 0.012 0.013 0.015 0.017 0.019 0.021 0.024 0.027 0.032 0.038 0.044 0.052 0.066 0.087 0.121 0.188 0.265 0.338 0.448 0.570 0.658 0.707 0.730 0.730 0.698 0.622 0.496 0.369 0.287 0.235 0.199 0.172 0.148
0.000 0.000 0.001 0.001 0.001 0.001 0.001 0.001 0.001 0.001 0.001 0.001 0.001 0.002 0.002 0.003 0.004 0.005 0.005 0.005 0.005 0.006 0.006 0.005 0.005 0.005 0.005 0.005 0.005 0.005 0.006 0.006 0.007 0.007 0.008 0.009 0.009 0.009 0.010 0.010 0.010 0.011 0.012 0.013 0.014 0.016 0.018 0.020 0.023 0.026 0.029 0.034 0.042 0.050 0.059 0.072 0.095 0.134 0.201 0.316 0.405 0.477 0.572 0.653 0.696 0.711 0.716 0.695 0.624 0.498 0.375 0.295 0.242 0.204 0.175 0.150 0.127
0.000 0.001 0.001 0.001 0.001 0.002 0.002 0.002 0.002 0.002 0.002 0.002 0.002 0.002 0.003 0.005 0.008 0.010 0.010 0.010 0.010 0.010 0.009 0.007 0.006 0.006 0.006 0.006 0.006 0.006 0.007 0.007 0.008 0.008 0.009 0.009 0.010 0.010 0.011 0.011 0.012 0.013 0.014 0.016 0.018 0.020 0.022 0.025 0.028 0.032 0.037 0.044 0.056 0.069 0.085 0.113 0.167 0.270 0.407 0.540 0.612 0.652 0.681 0.692 0.694 0.690 0.670 0.610 0.493 0.372 0.295 0.246 0.210 0.181 0.155 0.131 0.108
0.001 0.001 0.001 0.002 0.002 0.004 0.005 0.005 0.005 0.004 0.004 0.004 0.004 0.005 0.006 0.010 0.018 0.024 0.027 0.027 0.026 0.024 0.017 0.011 0.009 0.009 0.009 0.008 0.008 0.008 0.008 0.008 0.009 0.009 0.010 0.010 0.011 0.011 0.012 0.012 0.013 0.015 0.017 0.020 0.022 0.025 0.027 0.030 0.034 0.039 0.046 0.058 0.077 0.103 0.141 0.211 0.347 0.490 0.589 0.641 0.675 0.706 0.720 0.709 0.682 0.655 0.592 0.488 0.378 0.300 0.251 0.216 0.187 0.160 0.135 0.112 0.092
0.002 0.002 0.002 0.003 0.004 0.008 0.012 0.013 0.012 0.010 0.009 0.008 0.008 0.010 0.015 0.027 0.049 0.069 0.078 0.079 0.077 0.069 0.045 0.022 0.016 0.015 0.015 0.014 0.014 0.013 0.012 0.011 0.011 0.011 0.011 0.012 0.012 0.013 0.013 0.014 0.016 0.019 0.023 0.027 0.029 0.031 0.033 0.036 0.041 0.049 0.061 0.081 0.115 0.171 0.269 0.398 0.510 0.562 0.590 0.609 0.631 0.673 0.708 0.696 0.648 0.585 0.481 0.378 0.311 0.264 0.226 0.191 0.164 0.138 0.113 0.092 0.076
0.004 0.004 0.004 0.005 0.009 0.022 0.040 0.046 0.042 0.028 0.021 0.021 0.022 0.027 0.044 0.078 0.121 0.156 0.177 0.187 0.190 0.179 0.128 0.057 0.033 0.030 0.030 0.030 0.030 0.029 0.025 0.021 0.018 0.016 0.015 0.014 0.014 0.014 0.015 0.017 0.019 0.024 0.030 0.036 0.039 0.040 0.041 0.044 0.051 0.063 0.084 0.120 0.186 0.301 0.432 0.510 0.529 0.523 0.514 0.526 0.560 0.616 0.667 0.652 0.570 0.463 0.367 0.311 0.278 0.249 0.216 0.176 0.140 0.113 0.092 0.075 0.064
0.009 0.009 0.010 0.013 0.028 0.082 0.156 0.181 0.166 0.111 0.077 0.072 0.079 0.103 0.147 0.199 0.244 0.287 0.327 0.355 0.369 0.366 0.299 0.158 0.082 0.069 0.068 0.071 0.080 0.084 0.079 0.066 0.052 0.042 0.030 0.021 0.018 0.018 0.018 0.021 0.024 0.030 0.035 0.041 0.045 0.049 0.051 0.056 0.067 0.089 0.126 0.190 0.295 0.406 0.476 0.503 0.498 0.489 0.498 0.530 0.560 0.607 0.631 0.582 0.472 0.370 0.308 0.278 0.263 0.245 0.217 0.177 0.128 0.095 0.076 0.064 0.058
0.024 0.027 0.031 0.045 0.103 0.251 0.395 0.439 0.415 0.333 0.278 0.270 0.281 0.313 0.362 0.403 0.433 0.478 0.549 0.598 0.615 0.613 0.551 0.346 0.183 0.146 0.146 0.162 0.196 0.236 0.253 0.243 0.219 0.183 0.128 0.066 0.035 0.025 0.024 0.025 0.030 0.035 0.040 0.044 0.049 0.057 0.065 0.075 0.096 0.134 0.197 0.294 0.392 0.450 0.474 0.483 0.488 0.497 0.524 0.551 0.552 0.575 0.575 0.507 0.399 0.321 0.277 0.258 0.251 0.243 0.223 0.187 0.131 0.089 0.069 0.060 0.055
0.095 0.111 0.146 0.224 0.386 0.594 0.734 0.781 0.770 0.720 0.680 0.667 0.660 0.663 0.675 0.679 0.693 0.753 0.861 0.927 0.937 0.926 0.833 0.530 0.296 0.254 0.270 0.324 0.412 0.524 0.619 0.671 0.681 0.641 0.516 0.317 0.157 0.074 0.040 0.034 0.036 0.040 0.044 0.048 0.055 0.067 0.084 0.106 0.143 0.205 0.298 0.390 0.446 0.469 0.478 0.486 0.502 0.525 0.544 0.547 0.529 0.518 0.497 0.436 0.344 0.280 0.243 0.230 0.233 0.239 0.231 0.205 0.147 0.093 0.069 0.060 0.054
0.514 0.565 0.684 0.881 1.102 1.234 1.262 1.259 1.259 1.255 1.229 1.191 1.142 1.084 1.052 1.042 1.060 1.125 1.219 1.274 1.289 1.257 1.053 0.627 0.397 0.376 0.437 0.569 0.750 0.964 1.180 1.361 1.460 1.468 1.323 0.990 0.607 0.326 0.149 0.067 0.047 0.047 0.050 0.056 0.067 0.086 0.114 0.153 0.214 0.303 0.390 0.443 0.469 0.482 0.491 0.505 0.527 0.540 0.541 0.528 0.495 0.451 0.412 0.363 0.293 0.236 0.202 0.192 0.200 0.226 0.237 0.226 0.176 0.108 0.075 0.063 0.057
1.726 1.762 1.912 2.143 2.267 2.245 2.085 1.979 1.942 1.911 1.843 1.765 1.665 1.554 1.504 1.504 1.522 1.543 1.569 1.578 1.566 1.498 1.159 0.683 0.522 0.540 0.666 0.896 1.195 1.532 1.887 2.215 2.453 2.572 2.497 2.122 1.548 1.005 0.566 0.257 0.104 0.063 0.061 0.069 0.088 0.118 0.160 0.221 0.307 0.390 0.442 0.471 0.488 0.499 0.511 0.526 0.536 0.536 0.526 0.498 0.452 0.398 0.350 0.301 0.242 0.190 0.160 0.151 0.158 0.199 0.239 0.245 0.213 0.135 0.089 0.073 0.064
3.539 3.500 3.500 3.547 3.547 3.436 3.196 3.013 2.879 2.716 2.525 2.389 2.258 2.129 2.067 2.064 2.063 2.020 1.936 1.846 1.762 1.624 1.179 0.770 0.701 0.789 1.003 1.332 1.749 2.219 2.717 3.183 3.580 3.837 3.892 3.623 2.958 2.183 1.498 0.872 0.408 0.177 0.098 0.093 0.119 0.166 0.227 0.307 0.386 0.438 0.472 0.493 0.509 0.521 0.532 0.536 0.534 0.522 0.500 0.460 0.407 0.353 0.297 0.241 0.186 0.138 0.113 0.106 0.114 0.156 0.235 0.260 0.244 0.169 0.111 0.089 0.076
4.831 4.760 4.696 4.644 4.587 4.482 4.332 4.197 3.983 3.656 3.328 3.128 2.984 2.871 2.798 2.751 2.717 2.576 2.300 2.076 1.909 1.671 1.210 0.952 0.969 1.152 1.469 1.894 2.420 3.028 3.650 4.190 4.630 4.928 5.049 4.937 4.434 3.700 2.927 2.095 1.252 0.691 0.377 0.203 0.166 0.235 0.318 0.383 0.434 0.469 0.495 0.515 0.530 0.538 0.539 0.534 0.525 0.503 0.467 0.416 0.358 0.297 0.237 0.181 0.133 0.094 0.073 0.068 0.077 0.111 0.217 0.272 0.266 0.206 0.141 0.110 0.085
5.669 5.600 5.554 5.526 5.489 5.432 5.343 5.259 5.081 4.683 4.311 4.068 3.926 3.827 3.756 3.660 3.490 3.100 2.590 2.259 2.016 1.699 1.364 1.281 1.386 1.660 2.074 2.591 3.211 3.952 4.638 5.190 5.565 5.825 5.924 5.856 5.557 5.097 4.537 3.767 2.680 1.787 1.252 0.825 0.441 0.313 0.394 0.442 0.467 0.492 0.513 0.533 0.546 0.547 0.537 0.523 0.505 0.476 0.428 0.362 0.298 0.237 0.182 0.134 0.095 0.066 0.052 0.049 0.057 0.093 0.204 0.279 0.283 0.239 0.169 0.121 0.085
6.376 6.326 6.311 6.319 6.320 6.305 6.269 6.208 6.089 5.801 5.498 5.274 5.149 5.026 4.868 4.523 4.061 3.438 2.799 2.376 2.081 1.838 1.712 1.776 1.995 2.363 2.851 3.448 4.130 4.967 5.675 6.155 6.393 6.565 6.595 6.529 6.368 6.114 5.773 5.154 4.124 3.141 2.604 2.193 1.557 0.761 0.443 0.478 0.497 0.509 0.526 0.552 0.563 0.556 0.529 0.500 0.470 0.432 0.371 0.302 0.245 0.195 0.149 0.108 0.075 0.054 0.046 0.045 0.054 0.097 0.207 0.283 0.290 0.251 0.175 0.118 0.079
6.995 6.974 7.000 7.048 7.081 7.090 7.084 7.064 6.994 6.858 6.673 6.522 6.377 6.119 5.683 5.050 4.362 3.589 2.937 2.475 2.218 2.157 2.238 2.463 2.817 3.306 3.860 4.525 5.254 6.053 6.682 7.035 7.138 7.182 7.178 7.072 6.942 6.731 6.469 5.921 5.076 4.263 3.840 3.618 3.298 2.260 0.868 0.464 0.514 0.517 0.532 0.565 0.572 0.550 0.498 0.443 0.403 0.365 0.315 0.258 0.210 0.165 0.126 0.093 0.068 0.052 0.047 0.049 0.064 0.117 0.225 0.286 0.291 0.250 0.165 0.105 0.068
7.550 7.566 7.620 7.672 7.712 7.742 7.751 7.747 7.741 7.718 7.664 7.541 7.296 6.826 6.062 5.281 4.494 3.707 3.105 2.714 2.600 2.717 2.976 3.387 3.885 4.508 5.147 5.910 6.613 7.240 7.658 7.833 7.856 7.793 7.747 7.576 7.407 7.114 6.797 6.248 5.621 5.060 4.703 4.537 4.465 4.109 2.436 0.685 0.463 0.526 0.543 0.568 0.566 0.516 0.425 0.364 0.339 0.318 0.286 0.242 0.190 0.140 0.103 0.079 0.064 0.056 0.054 0.061 0.088 0.157 0.251 0.292 0.290 0.234 0.142 0.086 0.056
8.120 8.125 8.202 8.242 8.240 8.239 8.259 8.288 8.347 8.364 8.351 8.238 7.831 7.108 6.124 5.312 4.542 3.911 3.472 3.269 3.278 3.514 3.977 4.582 5.248 6.014 6.760 7.585 8.143 8.496 8.669 8.628 8.603 8.481 8.303 8.027 7.769 7.395 6.962 6.362 5.847 5.455 5.190 5.046 4.957 4.865 4.159 1.995 0.590 0.501 0.558 0.558 0.526 0.438 0.345 0.309 0.300 0.295 0.278 0.239 0.175 0.115 0.080 0.064 0.059 0.059 0.065 0.082 0.126 0.210 0.278 0.302 0.282 0.192 0.107 0.065 0.046
8.807 8.637 8.595 8.583 8.599 8.604 8.629 8.709 8.834 8.929 8.912 8.667 7.998 7.104 6.005 5.221 4.667 4.328 4.156 4.141 4.277 4.613 5.241 6.019 6.860 7.699 8.393 9.046 9.423 9.600 9.656 9.527 9.435 9.272 8.860 8.458 8.062 7.667 7.172 6.510 5.939 5.556 5.332 5.195 5.069 4.897 4.581 3.387 1.446 0.573 0.545 0.526 0.440 0.346 0.293 0.282 0.288 0.291 0.280 0.236 0.152 0.090 0.064 0.055 0.054 0.058 0.070 0.103 0.174 0.262 0.303 0.307 0.245 0.133 0.074 0.049 0.040
9.351 8.960 8.849 8.824 8.815 8.843 8.902 9.023 9.203 9.322 9.229 8.751 7.929 6.910 5.904 5.305 5.095 5.063 5.145 5.295 5.592 6.015 6.686 7.532 8.356 9.071 9.689 10.188 10.455 10.572 10.544 10.353 10.131 9.911 9.410 8.944 8.431 7.997 7.466 6.760 6.040 5.550 5.307 5.168 4.999 4.726 4.357 3.711 2.345 0.984 0.509 0.433 0.347 0.285 0.263 0.266 0.285 0.298 0.290 0.238 0.135 0.074 0.057 0.054 0.054 0.055 0.069 0.113 0.210 0.300 0.321 0.300 0.208 0.103 0.060 0.042 0.038
9.639 9.113 8.986 8.956 8.967 9.009 9.103 9.283 9.462 9.431 9.245 8.570 7.764 6.820 6.118 5.901 5.981 6.150 6.434 6.757 7.124 7.535 8.091 8.814 9.568 10.123 10.641 11.092 11.262 11.332 11.256 10.981 10.637 10.283 9.874 9.509 8.999 8.419 7.821 7.111 6.283 5.543 5.130 4.916 4.681 4.352 3.953 3.454 2.691 1.523 0.636 0.341 0.269 0.241 0.237 0.250 0.285 0.311 0.310 0.251 0.132 0.070 0.056 0.056 0.056 0.055 0.065 0.110 0.218 0.313 0.330 0.299 0.201 0.102 0.059 0.042 0.037
9.630 9.136 9.097 9.102 9.103 9.068 9.167 9.343 9.494 9.367 9.120 8.462 7.749 7.167 6.960 7.112 7.340 7.615 7.963 8.298 8.563 8.964 9.369 9.871 10.479 10.949 11.412 11.829 11.899 11.952 11.808 11.363 11.043 10.622 10.271 10.014 9.597 8.944 8.291 7.532 6.664 5.681 4.961 4.482 4.130 3.797 3.422 2.994 2.496 1.801 0.913 0.377 0.238 0.211 0.212 0.231 0.280 0.316 0.318 0.262 0.141 0.077 0.061 0.061 0.061 0.059 0.063 0.099 0.201 0.303 0.326 0.300 0.207 0.112 0.067 0.047 0.039
9.456 9.223 9.202 9.226 9.182 9.075 9.156 9.256 9.254 9.163 8.919 8.537 8.263 8.257 8.457 8.745 8.988 9.115 9.326 9.522 9.693 10.168 10.486 10.797 11.188 11.589 12.078 12.388 12.391 12.400 12.161 11.599 11.392 11.028 10.662 10.474 10.057 9.431 8.777 7.954 6.978 5.861 4.967 4.219 3.576 3.191 2.810 2.376 2.046 1.699 1.116 0.514 0.252 0.205 0.203 0.222 0.272 0.310 0.313 0.271 0.170 0.112 0.092 0.081 0.070 0.068 0.070 0.090 0.166 0.273 0.310 0.296 0.223 0.134 0.086 0.060 0.045
9.254 9.253 9.251 9.243 9.133 8.932 8.945 8.915 8.839 8.998 9.049 9.170 9.329 9.615 9.944 10.071 10.276 10.240 10.396 10.432 10.639 11.003 11.360 11.537 11.772 12.073 12.476 12.773 12.762 12.691 12.390 11.911 11.698 11.431 11.105 11.047 10.662 10.087 9.280 8.342 7.178 5.975 4.989 4.159 3.380 2.855 2.387 1.934 1.646 1.461 1.178 0.692 0.346 0.253 0.249 0.264 0.298 0.325 0.328 0.313 0.295 0.300 0.292 0.239 0.139 0.090 0.085 0.096 0.143 0.229 0.276 0.278 0.241 0.169 0.115 0.081 0.057
9.056 9.186 9.201 9.159 8.980 8.680 8.571 8.479 8.479 8.731 9.110 9.732 10.254 10.640 10.845 10.923 11.065 10.953 11.100 11.064 11.302 11.452 11.792 11.914 12.061 12.333 12.544 12.919 12.963 12.856 12.568 12.244 12.049 11.957 11.866 11.909 11.779 11.374 10.186 8.864 7.352 6.057 4.989 4.132 3.395 2.798 2.282 1.837 1.555 1.386 1.247 1.032 0.824 0.773 0.792 0.783 0.729 0.711 0.731 0.837 1.066 1.220 1.244 1.116 0.754 0.334 0.154 0.118 0.135 0.179 0.224 0.244 0.237 0.203 0.156 0.111 0.075
8.739 8.980 8.969 8.966 8.710 8.375 8.193 8.070 8.174 8.518 9.027 9.845 10.704 11.159 11.302 11.356 11.323 11.246 11.375 11.416 11.563 11.648 11.828 11.985 12.072 12.345 12.474 12.783 12.894 12.838 12.617 12.350 12.260 12.263 12.406 12.598 12.620 12.347 11.407 9.900 7.905 6.145 4.967 4.097 3.413 2.839 2.350 1.966 1.743 1.666 1.841 2.302 2.686 2.819 2.796 2.645 2.386 2.264 2.282 2.472 2.844 3.037 3.078 3.003 2.579 1.717 0.862 0.363 0.172 0.138 0.162 0.194 0.217 0.213 0.188 0.146 0.100
8.291 8.582 8.588 8.628 8.372 8.055 7.830 7.693 7.724 8.045 8.657 9.705 10.701 11.216 11.397 11.399 11.343 11.222 11.321 11.445 11.621 11.722 11.822 11.867 11.956 12.112 12.173 12.293 12.409 12.400 12.341 12.182 12.162 12.303 12.575 12.822 12.797 12.495 11.780 10.466 8.573 6.380 4.912 4.031 3.425 2.969 2.603 2.395 2.385 2.689 3.405 4.370 5.070 5.317 5.318 5.171 4.903 4.764 4.729 4.792 4.895 4.912 4.900 4.866 4.742 4.204 2.996 1.546 0.556 0.184 0.126 0.144 0.181 0.201 0.197 0.172 0.131
7.697 7.993 8.057 8.082 7.873 7.589 7.351 7.236 7.189 7.389 7.906 8.956 10.034 10.640 10.876 10.861 10.709 10.540 10.647 10.812 11.066 11.148 11.215 11.217 11.301 11.284 10.990 10.809 10.858 10.812 10.826 10.911 11.188 11.634 11.937 12.059 12.065 11.913 11.381 10.320 8.661 6.537 4.824 3.888 3.385 3.063 2.882 2.839 3.059 3.728 4.722 5.699 6.386 6.716 6.835 6.852 6.820 6.837 6.827 6.836 6.769 6.709 6.653 6.489 6.316 5.914 4.936 3.180 1.395 0.438 0.148 0.119 0.140 0.171 0.187 0.180 0.154
6.773 7.026 7.134 7.223 7.122 6.888 6.647 6.497 6.447 6.531 6.929 7.746 8.479 8.850 8.983 9.006 8.963 8.953 8.945 8.991 9.137 9.252 9.296 9.243 9.202 9.018 8.566 8.215 8.056 8.006 8.149 8.448 9.088 9.816 10.111 10.173 10.169 10.098 9.715 8.938 7.798 6.154 4.479 3.585 3.227 3.042 3.001 3.096 3.464 4.241 5.367 6.479 7.244 7.716 7.974 8.189 8.448 8.661 8.746 8.777 8.664 8.537 8.417 8.149 7.797 7.170 6.084 4.223 2.199 0.916 0.297 0.128 0.116 0.132 0.158 0.170 0.163
4.820 4.965 5.142 5.451 5.599 5.528 5.370 5.277 5.289 5.408 5.674 6.058 6.258 6.271 6.228 6.203 6.212 6.228 6.163 6.080 6.050 5.976 5.785 5.570 5.450 5.357 5.162 4.956 4.847 4.877 5.104 5.607 6.350 7.000 7.321 7.426 7.406 7.257 6.970 6.673 5.948 4.560 3.405 2.966 2.859 2.881 2.980 3.198 3.682 4.538 5.775 7.079 8.016 8.696 9.124 9.579 10.023 10.306 10.398 10.506 10.460 10.319 10.081 9.714 9.276 8.438 7.111 5.061 3.060 1.633 0.709 0.258 0.129 0.121 0.139 0.158 0.166
