AvaFrame/avaframe/data/avaSalk/Avaflow_Input_Output/slk_results/slk_ascii/slk_hflow10009.asc
ncols 296
nrows 144
xllcenter 761600.00
yllcenter 8523000.00
cellsize 12.50
NODATA_value -9999.000
[rows 68 to 101 of 144, columns 154 to 230 of 296]
0.000 0.000 0.000 0.000 0.000 0.000 0.000 0.000 0.000 0.000 0.000 0.000 0.000 0.000 0.000 0.001 0.001 0.001 0.001 0.001 0.001 0.002 0.002 0.002 0.002 0.002 0.002 0.003 0.003 0.004 0.005 0.006 0.007 0.008 0.009 0.010 0.011 0.012 0.014 0.016 0.018 0.019 0.021 0.022 0.023 0.024 0.025 0.027 0.031 0.034 0.038 0.042 0.046 0.051 0.058 0.066 0.078 0.094 0.115 0.144 0.187 0.254 0.352 0.488 0.664 0.838 0.972 1.062 1.112 1.130 1.136 1.107 1.037 0.890 0.699 0.553 0.464
0.000 0.000 0.000 0.000 0.000 0.000 0.000 0.000 0.000 0.000 0.000 0.000 0.000 0.000 0.001 0.001 0.001 0.001 0.001 0.001 0.001 0.002 0.002 0.003 0.003 0.003 0.003 0.003 0.004 0.005 0.006 0.007 0.008 0.009 0.011 0.012 0.014 0.015 0.017 0.018 0.020 0.021 0.022 0.023 0.024 0.026 0.027 0.030 0.034 0.039 0.044 0.049 0.054 0.060 0.069 0.081 0.098 0.120 0.151 0.194 0.258 0.354 0.490 0.678 0.873 0.998 1.071 1.115 1.139 1.144 1.120 1.035 0.876 0.688 0.541 0.458 0.411
0.000 0.000 0.000 0.000 0.000 0.000 0.000 0.000 0.000 0.000 0.000 0.001 0.001 0.001 0.001 0.001 0.001 0.001 0.001 0.001 0.002 0.002 0.003 0.004 0.004 0.004 0.004 0.004 0.005 0.006 0.008 0.009 0.010 0.011 0.013 0.015 0.016 0.018 0.019 0.021 0.022 0.023 0.024 0.025 0.026 0.028 0.031 0.034 0.038 0.044 0.050 0.056 0.063 0.072 0.084 0.101 0.124 0.157 0.202 0.268 0.362 0.494 0.672 0.868 1.025 1.116 1.148 1.152 1.140 1.124 1.044 0.884 0.696 0.550 0.461 0.410 0.376
0.000 0.000 0.000 0.001 0.001 0.001 0.001 0.000 0.000 0.000 0.000 0.001 0.001 0.001 0.001 0.001 0.001 0.002 0.002 0.002 0.002 0.003 0.004 0.005 0.005 0.005 0.005 0.006 0.007 0.008 0.009 0.011 0.012 0.014 0.015 0.017 0.019 0.020 0.022 0.023 0.024 0.026 0.027 0.028 0.030 0.032 0.036 0.040 0.045 0.052 0.058 0.066 0.076 0.089 0.105 0.127 0.160 0.206 0.271 0.378 0.521 0.690 0.878 1.026 1.112 1.157 1.178 1.162 1.115 1.042 0.897 0.711 0.568 0.476 0.418 0.377 0.344
0.000 0.001 0.001 0.001 0.001 0.001 0.001 0.001 0.001 0.001 0.001 0.001 0.001 0.001 0.001 0.001 0.002 0.002 0.002 0.003 0.003 0.004 0.005 0.006 0.006 0.007 0.007 0.007 0.008 0.010 0.011 0.013 0.014 0.016 0.018 0.020 0.021 0.023 0.024 0.025 0.027 0.029 0.030 0.032 0.034 0.038 0.043 0.048 0.055 0.062 0.070 0.081 0.095 0.113 0.135 0.164 0.209 0.273 0.370 0.559 0.746 0.901 1.042 1.123 1.152 1.155 1.170 1.139 1.047 0.907 0.738 0.589 0.492 0.428 0.383 0.345 0.309
0.000 0.001 0.001 0.001 0.001 0.001 0.001 0.001 0.001 0.001 0.001 0.001 0.001 0.001 0.002 0.002 0.003 0.003 0.004 0.004 0.005 0.006 0.007 0.008 0.008 0.008 0.009 0.010 0.011 0.012 0.014 0.015 0.017 0.019 0.021 0.023 0.024 0.026 0.027 0.028 0.030 0.032 0.034 0.037 0.041 0.046 0.052 0.059 0.067 0.075 0.086 0.100 0.122 0.147 0.177 0.220 0.287 0.388 0.572 0.874 1.054 1.124 1.134 1.147 1.147 1.134 1.115 1.053 0.914 0.739 0.597 0.503 0.438 0.390 0.350 0.312 0.271
0.001 0.001 0.001 0.001 0.001 0.002 0.002 0.002 0.002 0.002 0.002 0.002 0.002 0.002 0.003 0.003 0.005 0.006 0.006 0.007 0.007 0.008 0.009 0.010 0.010 0.011 0.011 0.012 0.013 0.015 0.016 0.018 0.020 0.021 0.024 0.026 0.027 0.029 0.030 0.032 0.034 0.037 0.040 0.045 0.050 0.056 0.064 0.071 0.080 0.091 0.105 0.127 0.159 0.196 0.242 0.315 0.438 0.654 0.953 1.208 1.270 1.249 1.181 1.146 1.118 1.082 1.021 0.906 0.739 0.592 0.500 0.441 0.395 0.356 0.317 0.277 0.234
0.001 0.001 0.001 0.002 0.002 0.003 0.004 0.004 0.004 0.004 0.004 0.003 0.003 0.004 0.004 0.006 0.009 0.012 0.013 0.013 0.013 0.013 0.013 0.013 0.013 0.014 0.014 0.015 0.016 0.017 0.019 0.021 0.022 0.024 0.027 0.029 0.031 0.032 0.034 0.036 0.039 0.043 0.048 0.055 0.062 0.070 0.077 0.085 0.095 0.111 0.133 0.165 0.212 0.273 0.359 0.506 0.768 1.035 1.206 1.270 1.280 1.259 1.207 1.145 1.079 1.011 0.894 0.743 0.604 0.510 0.449 0.403 0.363 0.323 0.282 0.239 0.200
0.002 0.002 0.002 0.003 0.004 0.006 0.008 0.009 0.008 0.007 0.006 0.006 0.006 0.007 0.009 0.013 0.020 0.026 0.029 0.028 0.027 0.024 0.019 0.018 0.018 0.019 0.019 0.020 0.020 0.021 0.022 0.024 0.025 0.028 0.031 0.033 0.035 0.036 0.039 0.041 0.045 0.051 0.061 0.071 0.079 0.086 0.093 0.102 0.115 0.138 0.171 0.221 0.298 0.423 0.634 0.884 1.086 1.172 1.199 1.193 1.171 1.176 1.176 1.120 1.007 0.888 0.740 0.607 0.524 0.468 0.422 0.376 0.332 0.287 0.241 0.199 0.169
0.005 0.005 0.005 0.005 0.008 0.015 0.021 0.022 0.020 0.015 0.013 0.013 0.013 0.015 0.019 0.028 0.042 0.054 0.060 0.062 0.060 0.052 0.036 0.027 0.027 0.027 0.028 0.027 0.026 0.025 0.026 0.027 0.029 0.031 0.034 0.037 0.039 0.041 0.044 0.048 0.054 0.064 0.079 0.093 0.102 0.107 0.112 0.122 0.143 0.178 0.231 0.315 0.464 0.710 0.980 1.122 1.144 1.105 1.062 1.026 1.005 1.041 1.085 1.040 0.879 0.716 0.593 0.520 0.479 0.444 0.402 0.348 0.290 0.242 0.199 0.164 0.145
0.010 0.010 0.010 0.012 0.019 0.038 0.058 0.063 0.057 0.041 0.033 0.032 0.034 0.040 0.050 0.064 0.079 0.095 0.110 0.118 0.119 0.107 0.073 0.049 0.043 0.043 0.043 0.042 0.039 0.036 0.033 0.033 0.034 0.036 0.039 0.041 0.044 0.048 0.052 0.058 0.067 0.080 0.095 0.108 0.119 0.128 0.137 0.153 0.186 0.243 0.332 0.478 0.699 0.923 1.062 1.101 1.072 1.004 0.976 0.972 0.954 0.982 1.002 0.923 0.741 0.598 0.518 0.480 0.459 0.435 0.394 0.332 0.254 0.201 0.167 0.143 0.131
0.022 0.023 0.026 0.033 0.056 0.105 0.146 0.156 0.145 0.118 0.106 0.105 0.107 0.114 0.124 0.133 0.141 0.156 0.182 0.202 0.206 0.188 0.133 0.085 0.070 0.069 0.072 0.074 0.072 0.066 0.058 0.050 0.046 0.044 0.044 0.047 0.050 0.055 0.062 0.070 0.082 0.095 0.107 0.118 0.132 0.150 0.170 0.201 0.257 0.350 0.498 0.702 0.882 0.974 1.005 1.008 0.998 0.981 0.965 0.951 0.908 0.916 0.907 0.800 0.634 0.529 0.475 0.454 0.445 0.430 0.395 0.333 0.245 0.182 0.150 0.133 0.125
0.070 0.076 0.091 0.125 0.195 0.274 0.318 0.328 0.316 0.294 0.285 0.280 0.268 0.254 0.247 0.243 0.243 0.256 0.288 0.322 0.331 0.298 0.207 0.128 0.103 0.104 0.117 0.133 0.139 0.138 0.130 0.113 0.094 0.071 0.056 0.055 0.058 0.065 0.074 0.086 0.098 0.110 0.120 0.130 0.148 0.176 0.217 0.275 0.368 0.518 0.712 0.882 0.968 0.991 0.991 0.991 0.986 0.968 0.947 0.918 0.859 0.833 0.792 0.687 0.551 0.470 0.430 0.419 0.424 0.422 0.399 0.345 0.252 0.181 0.147 0.131 0.122
0.323 0.343 0.391 0.486 0.606 0.666 0.665 0.636 0.615 0.600 0.588 0.560 0.508 0.454 0.423 0.413 0.410 0.415 0.437 0.473 0.477 0.408 0.261 0.164 0.139 0.147 0.183 0.226 0.253 0.268 0.275 0.266 0.239 0.182 0.104 0.070 0.069 0.077 0.089 0.103 0.115 0.126 0.136 0.151 0.178 0.223 0.290 0.387 0.535 0.723 0.883 0.968 0.998 1.003 0.998 0.986 0.972 0.951 0.920 0.871 0.798 0.732 0.664 0.572 0.472 0.407 0.375 0.370 0.390 0.411 0.404 0.364 0.272 0.190 0.151 0.135 0.124
1.083 1.091 1.142 1.264 1.362 1.364 1.279 1.172 1.104 1.046 0.991 0.913 0.811 0.716 0.667 0.659 0.655 0.637 0.616 0.610 0.580 0.471 0.296 0.203 0.191 0.220 0.286 0.360 0.415 0.460 0.495 0.517 0.510 0.449 0.294 0.138 0.090 0.093 0.107 0.122 0.134 0.145 0.160 0.186 0.231 0.300 0.401 0.549 0.731 0.886 0.970 1.004 1.012 1.008 0.995 0.973 0.951 0.922 0.876 0.807 0.723 0.639 0.560 0.478 0.398 0.343 0.316 0.313 0.341 0.397 0.413 0.393 0.307 0.209 0.164 0.146 0.133
2.321 2.275 2.274 2.325 2.346 2.291 2.160 2.001 1.845 1.679 1.511 1.354 1.206 1.082 1.012 0.986 0.964 0.907 0.810 0.723 0.635 0.497 0.331 0.264 0.277 0.348 0.454 0.555 0.643 0.721 0.794 0.853 0.885 0.866 0.715 0.408 0.179 0.122 0.129 0.144 0.157 0.173 0.198 0.243 0.314 0.417 0.562 0.736 0.880 0.964 1.003 1.016 1.019 1.010 0.989 0.961 0.927 0.879 0.815 0.735 0.647 0.564 0.482 0.403 0.329 0.279 0.256 0.253 0.281 0.373 0.426 0.426 0.352 0.237 0.183 0.162 0.148
3.726 3.614 3.544 3.501 3.449 3.359 3.235 3.077 2.837 2.508 2.186 1.940 1.753 1.602 1.502 1.436 1.380 1.260 1.019 0.825 0.679 0.521 0.398 0.375 0.436 0.568 0.716 0.843 0.965 1.086 1.198 1.291 1.358 1.388 1.321 0.990 0.494 0.220 0.165 0.172 0.191 0.219 0.263 0.332 0.441 0.596 0.753 0.877 0.960 1.000 1.010 1.020 1.023 1.008 0.971 0.933 0.887 0.823 0.745 0.659 0.573 0.490 0.408 0.330 0.259 0.210 0.189 0.186 0.213 0.334 0.442 0.459 0.395 0.270 0.209 0.183 0.158
5.155 5.036 4.923 4.814 4.706 4.592 4.457 4.275 3.974 3.512 3.066 2.746 2.513 2.320 2.177 2.062 1.961 1.708 1.244 0.928 0.741 0.601 0.545 0.585 0.726 0.922 1.104 1.263 1.421 1.595 1.759 1.892 1.998 2.059 2.049 1.795 1.174 0.529 0.254 0.222 0.247 0.302 0.380 0.487 0.631 0.795 0.923 0.983 0.999 1.007 1.007 1.021 1.028 0.999 0.939 0.879 0.824 0.758 0.675 0.583 0.496 0.410 0.330 0.256 0.194 0.153 0.135 0.131 0.155 0.291 0.453 0.489 0.433 0.310 0.240 0.197 0.157
6.424 6.321 6.215 6.105 5.985 5.839 5.654 5.419 5.105 4.649 4.175 3.814 3.537 3.302 3.086 2.841 2.557 2.062 1.432 1.042 0.856 0.790 0.816 0.964 1.213 1.461 1.673 1.876 2.077 2.302 2.533 2.732 2.877 2.947 2.928 2.719 2.169 1.251 0.512 0.316 0.338 0.430 0.560 0.703 0.830 0.923 0.982 1.016 1.024 1.002 1.004 1.026 1.029 0.979 0.891 0.811 0.752 0.688 0.598 0.501 0.418 0.341 0.269 0.204 0.152 0.121 0.109 0.109 0.135 0.270 0.458 0.512 0.470 0.351 0.257 0.195 0.145
7.478 7.388 7.299 7.190 7.047 6.867 6.647 6.391 6.086 5.715 5.336 5.025 4.750 4.427 4.012 3.501 2.954 2.250 1.596 1.210 1.084 1.118 1.279 1.583 1.946 2.251 2.510 2.762 3.016 3.289 3.570 3.820 3.980 4.046 4.018 3.846 3.420 2.480 1.101 0.492 0.469 0.574 0.711 0.843 0.942 0.991 1.002 1.000 1.009 0.987 0.993 1.023 1.019 0.938 0.819 0.724 0.660 0.599 0.517 0.430 0.356 0.286 0.224 0.173 0.134 0.112 0.105 0.108 0.142 0.276 0.465 0.526 0.496 0.379 0.255 0.180 0.126
8.307 8.223 8.134 8.011 7.846 7.641 7.411 7.161 6.894 6.602 6.320 6.055 5.728 5.264 4.617 3.899 3.171 2.406 1.833 1.546 1.516 1.678 2.016 2.500 2.979 3.366 3.697 3.999 4.293 4.586 4.868 5.107 5.286 5.400 5.436 5.343 5.004 4.144 2.283 0.851 0.624 0.733 0.835 0.929 1.006 1.053 1.053 1.002 0.973 0.964 0.990 1.010 0.980 0.853 0.702 0.608 0.559 0.516 0.461 0.393 0.316 0.241 0.184 0.147 0.125 0.113 0.111 0.120 0.167 0.308 0.481 0.536 0.511 0.383 0.235 0.153 0.107
8.987 8.850 8.737 8.596 8.396 8.162 7.934 7.712 7.503 7.300 7.100 6.850 6.394 5.743 4.852 4.032 3.290 2.677 2.297 2.166 2.237 2.544 3.075 3.766 4.385 4.875 5.275 5.622 5.928 6.178 6.418 6.636 6.865 7.032 7.044 6.876 6.591 6.000 4.311 1.911 0.871 0.884 1.003 1.038 1.060 1.082 1.080 1.007 0.945 0.956 0.996 0.977 0.882 0.717 0.581 0.523 0.496 0.470 0.433 0.373 0.282 0.198 0.147 0.123 0.116 0.116 0.122 0.144 0.210 0.363 0.509 0.551 0.520 0.357 0.197 0.124 0.093
9.591 9.299 9.117 8.921 8.694 8.467 8.281 8.130 7.995 7.876 7.721 7.355 6.720 5.896 4.852 4.057 3.518 3.201 3.079 3.131 3.327 3.785 4.509 5.411 6.196 6.805 7.267 7.631 7.928 8.143 8.304 8.478 8.656 8.705 8.449 8.044 7.778 7.479 6.607 4.441 2.025 1.049 1.070 1.114 1.083 1.070 1.065 1.021 0.970 0.973 0.995 0.913 0.730 0.577 0.500 0.477 0.467 0.455 0.423 0.352 0.236 0.156 0.120 0.108 0.107 0.113 0.130 0.172 0.264 0.431 0.547 0.570 0.504 0.288 0.145 0.098 0.084
9.981 9.548 9.286 9.063 8.850 8.675 8.550 8.455 8.387 8.322 8.079 7.531 6.781 5.877 4.884 4.292 4.097 4.085 4.193 4.426 4.821 5.451 6.357 7.377 8.195 8.858 9.364 9.709 9.930 10.078 10.082 10.078 10.053 9.959 9.568 9.140 8.831 8.598 8.274 7.449 5.097 2.213 1.145 1.095 1.071 1.009 1.006 1.005 1.013 1.008 0.942 0.768 0.576 0.481 0.449 0.448 0.458 0.456 0.425 0.338 0.201 0.127 0.106 0.103 0.104 0.109 0.129 0.189 0.317 0.503 0.591 0.586 0.459 0.223 0.117 0.086 0.080
10.067 9.588 9.342 9.122 8.926 8.758 8.661 8.634 8.637 8.521 8.154 7.533 6.790 5.962 5.297 5.074 5.164 5.377 5.742 6.151 6.766 7.489 8.339 9.169 9.877 10.496 11.036 11.369 11.526 11.643 11.507 11.309 11.042 10.780 10.400 10.111 9.801 9.518 9.347 9.108 8.165 5.295 2.277 1.151 0.979 0.933 0.930 0.977 1.002 0.969 0.807 0.592 0.466 0.418 0.412 0.429 0.455 0.461 0.438 0.342 0.194 0.120 0.104 0.105 0.107 0.108 0.123 0.189 0.348 0.548 0.615 0.582 0.422 0.207 0.114 0.086 0.081
9.951 9.493 9.309 9.149 8.963 8.808 8.737 8.727 8.712 8.518 8.116 7.522 6.940 6.513 6.354 6.449 6.766 7.166 7.675 8.126 8.749 9.408 9.993 10.601 11.169 11.672 12.179 12.564 12.705 12.768 12.492 12.159 11.755 11.444 11.136 10.902 10.584 10.208 9.973 9.778 9.372 8.021 5.220 2.336 1.014 0.872 0.891 0.920 0.928 0.864 0.686 0.495 0.403 0.378 0.382 0.414 0.454 0.466 0.450 0.356 0.203 0.126 0.109 0.111 0.115 0.113 0.120 0.179 0.345 0.547 0.611 0.575 0.411 0.217 0.126 0.093 0.084
9.653 9.355 9.252 9.153 8.966 8.799 8.710 8.685 8.634 8.447 8.144 7.801 7.637 7.761 8.094 8.402 8.739 9.062 9.381 9.726 10.254 10.843 11.294 11.700 12.077 12.505 12.986 13.340 13.446 13.495 13.115 12.778 12.431 12.070 11.825 11.591 11.254 10.784 10.452 10.114 9.698 8.906 7.575 5.016 2.039 0.888 0.829 0.837 0.817 0.754 0.606 0.443 0.369 0.354 0.361 0.398 0.446 0.460 0.445 0.366 0.228 0.153 0.131 0.127 0.126 0.125 0.129 0.172 0.318 0.515 0.586 0.560 0.418 0.242 0.152 0.112 0.094
9.211 9.129 9.123 9.043 8.867 8.659 8.558 8.496 8.443 8.397 8.451 8.623 8.967 9.357 9.845 10.102 10.283 10.470 10.657 10.895 11.341 11.815 12.219 12.492 12.707 13.017 13.439 13.751 13.852 13.883 13.473 13.182 12.978 12.650 12.464 12.288 12.081 11.525 10.995 10.421 9.730 8.934 7.967 6.672 3.981 1.581 0.816 0.714 0.681 0.633 0.532 0.416 0.360 0.347 0.354 0.389 0.432 0.446 0.435 0.373 0.278 0.229 0.214 0.201 0.172 0.148 0.150 0.182 0.294 0.464 0.538 0.530 0.434 0.282 0.191 0.142 0.110
8.693 8.774 8.821 8.754 8.599 8.351 8.259 8.199 8.208 8.306 8.686 9.350 10.076 10.534 10.969 11.112 11.250 11.317 11.509 11.647 12.020 12.302 12.614 12.884 13.009 13.268 13.575 13.889 13.973 14.003 13.655 13.430 13.286 13.156 13.130 13.204 13.258 12.799 12.009 10.940 9.771 8.841 7.815 6.774 5.224 2.933 1.307 0.727 0.602 0.552 0.489 0.414 0.378 0.386 0.402 0.429 0.459 0.472 0.467 0.454 0.500 0.620 0.687 0.671 0.532 0.308 0.202 0.216 0.292 0.408 0.466 0.477 0.436 0.336 0.245 0.182 0.134
7.974 8.216 8.294 8.257 8.129 7.917 7.867 7.853 7.928 8.192 8.728 9.614 10.615 11.205 11.572 11.657 11.744 11.731 11.899 12.020 12.327 12.568 12.766 12.998 13.041 13.268 13.531 13.810 13.957 13.982 13.757 13.556 13.396 13.407 13.567 13.807 13.906 13.625 12.934 11.751 10.008 8.538 7.465 6.493 5.400 3.927 2.312 1.207 0.736 0.594 0.539 0.531 0.659 0.831 0.922 0.958 0.962 0.965 1.002 1.160 1.499 1.858 2.039 2.060 1.858 1.305 0.657 0.340 0.301 0.353 0.385 0.409 0.411 0.372 0.301 0.227 0.164
7.072 7.412 7.552 7.565 7.495 7.369 7.384 7.424 7.561 7.927 8.583 9.593 10.725 11.417 11.730 11.831 11.858 11.818 11.913 12.142 12.360 12.616 12.729 12.797 12.897 13.064 13.253 13.392 13.533 13.545 13.430 13.282 13.239 13.452 13.724 13.960 14.023 13.799 13.221 12.156 10.406 8.477 7.142 6.150 5.180 4.145 3.063 2.107 1.444 1.163 1.139 1.365 1.903 2.345 2.565 2.668 2.721 2.778 2.887 3.138 3.527 3.815 3.954 4.024 3.981 3.516 2.382 1.080 0.445 0.308 0.315 0.337 0.366 0.365 0.329 0.267 0.199
5.974 6.403 6.634 6.724 6.732 6.688 6.742 6.796 6.967 7.326 8.016 9.117 10.261 10.986 11.246 11.333 11.293 11.279 11.416 11.643 11.880 12.184 12.296 12.285 12.428 12.372 12.203 12.165 12.157 12.184 12.200 12.301 12.485 12.934 13.260 13.412 13.402 13.272 12.835 11.890 10.345 8.397 6.731 5.613 4.752 3.940 3.254 2.802 2.598 2.602 2.793 3.312 3.999 4.389 4.600 4.814 5.086 5.331 5.491 5.599 5.676 5.691 5.650 5.588 5.526 5.310 4.474 2.643 0.996 0.369 0.274 0.281 0.315 0.334 0.327 0.292 0.237
4.666 5.102 5.425 5.666 5.797 5.846 5.915 5.969 6.090 6.449 7.116 8.066 8.883 9.359 9.551 9.648 9.616 9.655 9.761 9.881 10.090 10.326 10.400 10.304 10.307 10.192 9.843 9.654 9.569 9.617 9.813 10.220 10.786 11.427 11.668 11.783 11.807 11.676 11.312 10.567 9.419 7.747 5.967 4.816 4.114 3.547 3.151 3.059 3.285 3.722 4.317 5.010 5.551 5.858 6.124 6.419 6.819 7.173 7.381 7.471 7.439 7.372 7.250 7.038 6.784 6.388 5.584 3.893 1.786 0.622 0.285 0.249 0.262 0.291 0.308 0.297 0.262
2.708 3.013 3.347 3.778 4.138 4.337 4.465 4.588 4.787 5.208 5.794 6.352 6.653 6.760 6.792 6.833 6.926 7.021 7.034 6.976 7.003 7.011 6.915 6.742 6.661 6.623 6.464 6.331 6.273 6.392 6.770 7.436 8.295 8.978 9.315 9.403 9.377 9.174 8.840 8.367 7.463 5.948 4.540 3.737 3.279 3.012 2.928 3.075 3.530 4.248 5.163 6.047 6.714 7.178 7.621 8.024 8.471 8.784 8.945 9.048 9.005 8.918 8.750 8.406 7.968 7.339 6.353 4.721 2.598 1.110 0.415 0.236 0.220 0.238 0.269 0.282 0.271
