AvaFrame/avaframe/data/avaSalk/Avaflow_Input_Output/slk_results/slk_ascii/slk_hillshade0014.asc
ncols 296
nrows 144
xllcenter 761600.00
yllcenter 8523000.00
cellsize 12.50
NODATA_value -9999.000
[rows 49 to 97 of 144, columns 192 to 287 of 296]
-88 -73 -53 -21 -5 -5 24 33 12 8 42 62 89 121 133 111 78 47 38 43 52 62 57 38 20 12 8 24 47 62 67 52 47 47 42 47 57 52 47 33 15 19 26 22 22 22 14 2 14 36 42 29 25 10 3 31 72 80 62 36 6 3 22 55 88 80 52 23 6 -9 -17 -24 -30 -30 -18 1 20 47 61 42 8 -18 -39 -57 -64 -67 -71 -75 -73 -59 -43 -25 -1 11 -13 -51
-101 -99 -92 -61 -18 4 25 42 23 19 42 68 78 98 108 104 94 72 47 38 38 47 62 57 42 25 16 12 29 47 72 67 57 52 42 37 47 56 61 56 41 36 44 39 26 22 11 4 12 34 44 40 26 11 -4 8 48 70 70 60 27 -6 -4 21 39 44 39 21 1 -15 -24 -27 -37 -42 -38 -24 -9 12 32 41 16 -5 -20 -36 -42 -43 -51 -59 -63 -60 -49 -35 -13 1 -7 -35
-101 -111 -112 -95 -60 -15 24 48 47 40 57 78 82 85 79 81 83 89 68 47 38 33 42 57 57 47 29 16 16 29 52 72 67 62 52 37 42 51 61 72 71 65 65 65 46 32 12 5 2 22 40 44 34 14 -5 -2 27 45 49 53 42 16 2 13 34 38 43 43 24 1 -18 -29 -42 -51 -47 -37 -29 -17 1 24 27 4 -8 -16 -20 -19 -25 -39 -45 -44 -40 -36 -26 -12 -13 -25
-72 -92 -100 -95 -75 -43 -5 26 48 65 83 98 97 88 67 51 52 67 78 57 38 38 33 47 57 57 42 24 16 24 33 57 72 62 52 42 37 47 56 72 77 82 82 82 73 53 26 6 3 3 19 27 30 14 -6 -7 18 35 43 47 37 20 12 12 21 29 33 47 56 32 4 -15 -35 -49 -45 -35 -24 -21 -12 12 35 28 10 1 4 7 1 -12 -23 -25 -27 -27 -28 -24 -22 -29
-17 -38 -52 -58 -57 -46 -25 1 23 60 111 128 119 105 71 32 28 37 51 51 38 29 29 29 52 57 47 28 20 24 28 42 56 61 47 37 33 37 47 67 83 89 95 95 96 75 49 18 0 -7 0 6 10 9 -7 -11 5 25 33 42 42 29 12 12 12 12 16 33 55 59 41 16 -12 -38 -38 -24 -9 1 1 12 38 40 32 25 28 39 39 25 4 1 -1 -13 -21 -27 -26 -30
13 -1 -13 -22 -33 -45 -38 -23 -5 24 78 120 113 110 87 36 12 24 37 42 38 33 29 24 42 61 51 28 20 24 28 37 56 56 47 37 28 28 38 47 73 90 102 102 108 103 70 39 9 -11 -14 -11 -8 -4 -11 -14 -5 16 32 42 42 43 29 16 16 16 8 20 50 60 56 47 16 -15 -30 -27 -12 5 12 19 37 43 37 34 37 49 49 49 36 21 21 7 -7 -16 -22 -24
20 11 0 -4 -17 -34 -46 -44 -40 -30 4 39 58 81 93 66 24 20 24 33 38 43 43 33 42 61 61 37 20 20 24 33 52 62 57 47 38 24 29 33 48 63 85 96 102 114 107 73 38 1 -18 -27 -32 -29 -27 -24 -17 4 32 55 57 57 52 38 29 24 20 20 37 66 62 62 47 16 -5 -21 -24 -5 4 11 32 44 38 33 28 35 35 31 35 36 32 28 10 1 -4 -9
32 23 7 1 -12 -29 -45 -45 -44 -44 -31 -7 7 33 74 83 51 28 24 24 29 42 57 52 47 61 67 52 33 24 20 28 42 57 57 52 43 34 25 25 34 48 58 74 90 101 111 105 77 34 -2 -24 -40 -49 -47 -37 -28 -11 23 55 72 73 68 57 52 42 29 24 28 47 68 68 67 47 20 1 -18 -18 -2 1 10 33 37 32 27 19 19 13 17 33 35 35 24 13 6 3
34 28 1 -21 -32 -46 -52 -35 -18 -14 -8 -2 -5 1 37 71 75 46 29 24 20 24 47 67 62 67 72 62 52 42 33 33 38 52 62 57 48 38 34 25 21 34 44 48 58 89 105 105 101 79 34 1 -21 -42 -52 -47 -37 -19 12 46 68 84 84 73 68 62 52 28 24 25 43 57 62 68 47 20 -2 -14 -16 -13 -10 4 21 27 26 19 6 -4 -5 7 13 12 6 -1 -8 -6
40 33 -8 -35 -56 -73 -72 -43 12 37 50 48 15 -5 12 51 82 73 47 29 20 16 28 52 67 72 83 78 62 57 47 47 48 47 63 63 53 43 39 34 21 17 21 29 29 52 99 118 107 102 73 38 1 -24 -43 -44 -45 -29 4 42 57 73 95 95 89 78 66 46 20 16 16 33 52 68 72 50 15 -7 -15 -25 -31 -19 1 16 18 18 0 -17 -23 -9 -4 -8 -10 -20 -26 -30
38 68 29 -5 -37 -75 -87 -69 -18 33 63 74 40 1 4 38 67 78 62 42 24 16 24 42 62 72 78 89 73 62 52 47 53 53 68 74 58 53 43 43 34 25 16 12 12 24 62 101 113 112 90 68 24 -15 -40 -46 -48 -42 -11 20 38 43 63 84 88 91 75 56 24 12 8 5 20 42 59 62 44 9 -7 -18 -34 -31 -10 6 18 20 3 -22 -32 -16 -1 -3 -3 -13 -31 -37
-8 46 92 87 52 -26 -71 -80 -60 -28 11 51 56 16 8 29 52 67 62 47 33 20 20 29 52 73 78 78 79 57 53 43 48 53 68 85 79 63 52 47 53 43 33 20 5 5 29 62 84 101 101 84 52 1 -33 -51 -57 -54 -30 -5 1 4 12 32 49 69 85 71 43 16 8 -2 -5 4 14 33 41 39 16 1 -19 -24 -12 1 12 22 11 -19 -34 -26 -8 5 10 10 -14 -32
-38 -2 62 111 129 58 -27 -63 -64 -53 -31 8 38 33 24 33 42 57 67 52 38 24 20 20 33 57 73 79 73 52 43 43 38 53 68 85 90 84 67 47 47 52 42 33 16 1 12 29 57 79 95 89 71 20 -17 -46 -60 -61 -43 -18 -15 -18 -14 -5 15 37 66 67 52 38 20 4 -5 -4 -1 9 25 34 35 25 4 -8 -1 9 17 28 25 -1 -21 -24 -13 3 22 26 13 -16
-42 -31 -2 38 83 94 42 -12 -40 -42 -32 -9 20 33 33 42 52 62 73 68 52 38 20 20 21 34 43 57 61 47 34 38 38 48 63 85 96 95 84 62 52 52 47 33 29 8 8 25 38 62 83 88 77 37 -2 -35 -57 -61 -45 -26 -17 -20 -25 -26 -8 16 42 57 38 29 28 15 10 7 1 1 13 20 33 33 30 21 20 30 42 54 61 41 18 6 9 26 51 64 56 17
-21 -33 -27 -9 25 68 78 42 4 -9 -12 -9 16 37 42 42 52 67 78 73 62 52 33 21 25 25 24 28 41 33 25 25 34 43 63 74 95 106 95 72 61 61 57 43 33 25 1 12 29 47 72 88 83 56 16 -18 -47 -60 -47 -29 -17 -17 -28 -39 -30 -2 24 42 41 23 18 22 17 27 16 7 4 7 18 38 43 46 49 56 69 83 91 93 74 56 45 63 85 106 110 74
4 -18 -21 -15 4 52 95 84 33 8 1 -5 1 24 38 38 47 62 79 73 62 52 38 25 20 28 24 20 29 29 21 21 21 29 48 63 73 100 101 77 66 72 73 63 47 33 8 -5 5 16 42 78 83 73 48 5 -30 -45 -42 -29 -17 -8 -25 -49 -49 -27 1 28 44 43 30 34 41 45 41 24 14 4 4 19 38 45 53 61 76 91 99 107 99 80 56 56 72 85 104 102
42 8 -5 -2 4 42 95 105 75 36 12 -5 -9 1 16 20 29 52 68 68 63 58 43 29 20 24 24 20 20 25 16 16 17 16 25 42 52 73 94 82 72 78 84 84 78 57 21 -9 -18 -12 5 38 78 89 73 38 -5 -27 -29 -23 -17 -5 -20 -49 -61 -49 -26 1 36 58 63 62 74 78 73 53 33 11 -2 4 18 33 40 52 67 87 99 107 107 89 58 32 35 42 61 87
61 32 12 4 8 33 72 97 90 70 51 20 -2 -5 5 16 16 38 58 63 58 63 62 42 32 28 24 16 16 21 21 12 16 16 20 29 43 57 77 88 78 79 84 90 89 78 52 12 -18 -32 -18 5 33 73 89 52 16 -5 -12 -14 -14 -5 -14 -44 -59 -59 -46 -26 4 31 49 57 72 84 76 61 44 22 1 -5 4 18 29 40 51 62 79 87 96 87 64 36 19 20 31 61
66 41 28 16 16 28 46 61 77 82 77 68 38 16 12 20 25 34 48 53 58 63 78 77 56 47 38 20 12 8 16 12 12 25 29 42 55 61 66 72 79 68 73 78 95 84 67 42 1 -27 -35 -21 -2 24 55 46 16 4 4 1 -5 -2 -5 -32 -53 -59 -58 -50 -33 -11 4 17 27 46 46 37 31 17 7 -1 -1 4 14 20 34 40 40 46 57 59 47 31 16 13 14 29
56 46 32 19 19 33 42 38 38 56 78 84 66 41 28 29 29 34 48 43 48 57 73 89 89 73 52 29 20 16 8 8 1 12 24 36 64 82 78 73 67 57 57 73 89 100 83 67 25 -15 -30 -30 -27 -5 19 28 12 4 12 11 1 1 -2 -15 -37 -50 -57 -58 -51 -38 -26 -10 1 15 21 16 16 7 1 1 -1 -1 1 7 13 22 24 21 23 31 34 20 7 1 4 7
47 37 24 8 1 12 20 12 5 12 29 48 43 33 16 16 25 38 48 48 38 38 42 61 78 83 73 48 25 29 25 12 1 -5 -2 4 33 68 79 89 89 79 63 78 95 112 118 107 73 25 -9 -15 -21 -18 -2 4 1 -2 4 18 8 4 12 4 -5 -23 -38 -51 -56 -49 -38 -26 -7 6 15 10 10 4 -4 -7 -7 -7 -9 -9 -4 3 6 8 11 16 22 15 -1 -7 -7 -4
52 33 20 -2 -15 -15 -5 -8 -21 -21 -12 5 12 8 -2 -12 1 29 53 63 52 32 15 24 47 67 78 68 48 38 43 25 8 -5 -15 -24 -9 25 53 79 101 106 89 84 107 118 129 140 121 83 43 8 -5 -17 -11 -8 -11 -11 -8 4 12 5 25 38 33 20 1 -26 -47 -55 -50 -41 -25 -1 13 13 7 4 -4 -10 -15 -14 -16 -20 -20 -13 -6 -3 -1 5 11 9 -4 -16 -16 -15
47 47 29 8 -9 -12 -15 -15 -21 -21 -18 -9 12 20 5 -18 -18 5 43 68 81 63 28 16 38 57 73 84 74 52 52 38 16 1 -12 -24 -30 -15 5 29 48 63 68 52 52 67 78 95 107 95 77 45 19 -2 -14 -11 -11 -17 -20 -17 -15 -18 -5 20 41 43 40 16 -10 -34 -47 -46 -31 -13 4 13 10 1 -1 -4 -7 -14 -13 -19 -24 -21 -15 -10 -8 -6 -1 -6 -15 -20 -20 -17
33 47 47 33 8 1 -2 -12 -15 -9 4 8 29 52 33 -2 -18 -12 12 57 91 103 73 42 46 67 73 89 96 84 68 62 33 12 -5 -18 -29 -34 -32 -23 -14 -11 -5 -5 -8 -11 -11 1 28 45 59 69 49 31 8 -5 -8 -16 -30 -38 -43 -50 -46 -25 -2 25 51 61 49 25 -5 -23 -14 -1 7 13 16 7 4 3 6 3 -4 -10 -21 -26 -19 -15 -15 -15 -15 -18 -28 -33 -29 -22
33 38 52 57 42 16 8 -9 -18 -8 15 28 51 79 68 24 -5 -12 -2 33 88 117 98 64 61 67 78 84 96 90 73 68 53 29 5 -12 -23 -34 -38 -40 -39 -38 -33 -36 -34 -36 -41 -45 -26 -2 23 54 67 49 35 15 4 -7 -24 -39 -52 -60 -63 -54 -35 -5 30 65 85 77 45 12 4 7 10 16 12 3 1 9 12 11 8 0 -12 -24 -22 -15 -13 -17 -19 -26 -34 -41 -42 -35
43 43 52 67 72 52 29 4 -21 -14 8 32 61 101 95 57 24 0 0 28 82 121 122 96 72 62 63 68 79 68 52 37 32 16 4 -5 -11 -23 -28 -27 -33 -41 -42 -40 -40 -40 -46 -50 -43 -26 -8 19 43 47 42 41 33 18 -5 -25 -44 -58 -64 -64 -55 -31 -2 22 52 65 48 22 11 4 -4 -1 -1 -9 -14 -1 11 13 10 10 -1 -13 -13 -6 -4 -6 -11 -18 -30 -40 -49 -49
48 52 57 73 83 78 57 24 -14 -17 4 27 56 106 118 95 57 15 4 27 69 113 134 138 107 73 63 52 56 56 36 15 8 1 -11 -11 -8 -8 -17 -16 -20 -32 -42 -42 -40 -41 -49 -52 -48 -36 -28 -8 14 30 34 42 55 50 29 1 -27 -47 -60 -70 -67 -47 -22 -5 14 29 29 17 13 6 -6 -13 -17 -25 -30 -16 3 10 10 13 8 -1 -1 6 8 6 0 -4 -17 -32 -44 -54
47 43 57 78 95 89 72 32 -8 -22 -5 16 37 78 106 106 84 29 -2 8 36 69 122 137 119 84 67 61 51 58 46 29 7 -1 -17 -23 -17 -8 -1 1 -1 -16 -27 -30 -30 -29 -37 -47 -48 -43 -38 -32 -16 -1 14 22 37 49 49 36 7 -19 -44 -65 -69 -58 -35 -19 -4 10 10 7 9 13 3 -6 -15 -27 -36 -29 -6 5 5 5 6 -1 3 15 17 15 9 6 1 -10 -23 -40
50 38 43 57 89 106 94 50 -2 -26 -18 -5 16 43 73 95 96 43 -1 -5 5 21 64 92 87 71 55 55 49 56 54 45 25 4 -17 -28 -25 -19 -1 18 29 19 8 4 1 1 -5 -18 -29 -38 -43 -46 -40 -31 -19 -1 11 33 45 58 47 27 -5 -44 -59 -54 -45 -27 -16 -4 -1 -1 -1 10 10 8 -1 -18 -32 -32 -21 -8 -1 -1 -4 -7 1 18 27 24 19 13 13 14 11 -2
53 43 43 47 57 88 99 65 19 -11 -18 -12 -2 21 48 68 79 53 5 -8 -1 1 29 64 69 69 59 54 53 65 67 57 44 21 -8 -28 -28 -28 -22 -2 18 15 4 4 1 1 1 -8 -19 -25 -37 -50 -55 -48 -42 -27 -13 1 18 33 38 31 15 -24 -50 -51 -47 -38 -22 -12 -6 -6 -6 -1 5 6 6 -6 -20 -26 -21 -15 -11 -6 -12 -17 -10 6 21 22 19 16 7 15 23 19
59 46 38 42 47 62 89 72 28 8 -2 -5 -2 1 13 38 48 30 5 -12 -12 -1 12 50 65 76 86 86 92 106 110 91 76 53 22 -11 -25 -30 -38 -36 -27 -22 -33 -40 -45 -44 -38 -32 -30 -32 -38 -51 -60 -58 -54 -48 -35 -30 -25 -15 -10 -13 -16 -32 -50 -55 -56 -51 -36 -18 -4 -1 -3 -6 -6 -3 -1 -4 -8 -13 -13 -11 -9 -6 -14 -27 -28 -18 -9 -1 -4 -1 -5 -5 4 8
65 55 38 33 37 47 62 67 42 20 16 9 5 9 1 5 21 17 -1 -12 -18 -15 -1 20 51 66 82 94 112 141 139 120 98 81 56 22 -5 -21 -34 -47 -47 -46 -47 -54 -61 -64 -59 -53 -46 -42 -43 -53 -61 -65 -62 -56 -48 -42 -42 -42 -39 -39 -39 -45 -52 -57 -60 -60 -54 -38 -13 0 -1 -6 -12 -14 -10 -8 -6 -6 -4 -4 -4 -4 -9 -21 -30 -32 -30 -25 -22 -21 -22 -20 -8 -5
76 69 55 37 33 38 43 43 38 29 25 25 21 17 13 5 5 9 1 -8 -15 -18 -15 -5 8 32 46 56 71 100 117 94 79 74 62 49 31 13 -7 -28 -38 -38 -41 -50 -54 -56 -57 -54 -47 -43 -45 -53 -60 -64 -65 -58 -48 -44 -42 -45 -47 -51 -48 -45 -48 -51 -56 -62 -63 -55 -35 -18 -11 -11 -16 -23 -22 -16 -11 -11 -9 -6 -6 -6 -4 -11 -17 -24 -25 -27 -29 -25 -28 -33 -25 -19
86 79 66 51 43 38 38 29 21 29 39 39 39 34 20 8 1 1 1 -1 -11 -15 -20 -17 -14 -8 8 16 31 55 70 61 47 46 52 52 52 52 36 8 -11 -13 -20 -33 -45 -49 -48 -46 -40 -36 -40 -47 -57 -60 -64 -58 -47 -41 -36 -39 -51 -55 -54 -48 -46 -46 -49 -55 -64 -60 -46 -33 -29 -25 -26 -29 -31 -25 -16 -14 -16 -13 -13 -13 -8 -6 -11 -19 -21 -16 -20 -20 -20 -32 -38 -35
83 81 78 68 54 56 38 34 16 21 34 53 53 52 38 20 12 5 1 -1 -5 -14 -17 -28 -25 -28 -22 -13 -1 29 47 39 29 27 40 48 58 62 69 48 22 17 13 -10 -25 -35 -40 -38 -31 -23 -28 -40 -48 -55 -59 -56 -48 -38 -28 -23 -40 -55 -53 -49 -45 -40 -41 -47 -56 -57 -47 -35 -30 -28 -27 -33 -36 -33 -27 -22 -20 -17 -15 -13 -11 -1 -6 -18 -27 -25 -25 -25 -16 -20 -32 -37
87 80 80 87 73 71 70 50 21 20 39 53 63 62 52 33 29 29 20 5 -1 -11 -19 -27 -36 -40 -41 -40 -32 -10 21 23 10 13 25 41 54 65 77 77 70 57 64 49 18 4 -5 -17 -14 -7 -4 -19 -34 -46 -52 -52 -46 -35 -17 -7 -15 -36 -40 -37 -36 -30 -27 -34 -43 -49 -43 -34 -26 -18 -14 -17 -25 -33 -33 -33 -31 -28 -23 -14 -6 1 1 -16 -29 -36 -38 -40 -30 -20 -21 -28
93 87 88 99 104 80 79 69 57 21 38 58 68 72 61 43 34 42 41 27 8 1 -10 -19 -28 -38 -41 -42 -40 -31 -10 7 -2 -2 10 26 43 58 78 83 85 87 93 91 68 50 36 23 8 7 11 7 -7 -29 -43 -45 -43 -36 -13 1 -1 -17 -24 -21 -25 -23 -18 -24 -32 -39 -42 -36 -30 -19 -7 -1 -6 -19 -29 -35 -39 -37 -32 -24 -10 1 7 -4 -21 -31 -37 -41 -41 -31 -21 -19
97 89 78 99 120 108 95 61 64 58 46 64 77 76 70 51 43 52 54 44 30 22 15 7 4 -7 -20 -22 -23 -21 -14 -7 -5 -8 -5 4 19 27 39 60 67 72 78 85 68 59 53 43 34 26 26 33 25 4 -17 -28 -30 -32 -19 -4 -7 -16 -21 -20 -19 -22 -21 -23 -29 -31 -40 -44 -41 -36 -19 -4 0 -8 -17 -27 -37 -43 -41 -36 -25 -12 -1 1 -1 -10 -16 -24 -32 -30 -25 -20
109 110 86 86 106 114 109 79 35 67 66 67 78 82 74 52 40 47 57 50 36 29 29 30 39 41 21 10 4 -1 -1 -1 -8 -8 -11 -11 -5 7 11 25 41 53 55 61 62 48 52 52 48 49 44 52 56 40 20 4 -5 -14 -13 -4 -7 -15 -15 -16 -18 -17 -20 -25 -31 -32 -36 -41 -41 -43 -34 -13 0 -1 -6 -16 -30 -37 -42 -43 -36 -28 -16 -5 4 11 7 4 -11 -17 -17 -14
105 119 109 95 97 100 107 109 41 33 65 68 67 79 75 54 36 33 39 37 31 25 21 21 41 69 70 50 40 28 12 8 0 -8 -8 -11 -8 -2 4 11 25 37 46 47 52 47 38 43 44 44 43 52 52 49 32 32 23 15 7 11 7 1 4 9 3 -1 -3 -15 -25 -32 -36 -38 -36 -35 -30 -11 6 14 12 9 -4 -18 -24 -29 -31 -25 -20 -5 4 23 27 23 12 1 -5 -8
106 120 121 110 106 102 105 122 99 46 54 73 61 68 80 69 50 35 31 29 22 18 21 19 24 51 91 98 86 70 48 27 18 0 -9 -8 -2 4 4 4 7 18 30 43 47 46 33 26 26 30 30 38 43 40 32 36 44 43 38 38 37 29 31 42 43 32 29 11 -7 -20 -30 -34 -34 -29 -25 -1 25 44 54 49 42 31 15 8 -5 -11 -8 1 16 28 45 40 28 19 16 1
102 109 127 127 128 114 106 122 133 106 68 71 71 56 68 74 70 62 46 33 21 11 8 14 16 18 33 87 108 101 87 60 39 23 -5 -14 -11 7 7 7 4 -1 4 22 37 40 29 26 18 18 22 30 39 31 32 36 54 58 57 51 50 49 47 63 69 69 56 44 16 -1 -15 -23 -28 -28 -21 -7 21 55 78 80 68 64 54 40 24 8 1 1 16 37 50 54 46 37 32 28
111 96 102 122 142 123 103 116 128 135 115 78 75 61 59 63 68 75 73 56 31 9 -2 0 6 8 -4 33 100 115 108 98 78 54 23 -3 -18 -13 7 4 7 -1 -14 -5 14 20 17 18 26 22 23 23 35 32 32 41 60 78 76 63 44 48 59 72 86 96 89 71 43 16 -1 -13 -18 -24 -17 -5 11 35 55 61 58 53 54 49 41 20 12 4 8 28 55 60 56 56 52 52
114 108 85 98 135 138 95 103 125 133 139 116 90 74 68 68 68 73 79 77 62 29 -1 -5 4 7 -18 -31 54 126 132 126 113 97 70 34 7 -15 -9 7 7 4 -8 -16 -4 7 4 4 19 23 27 27 27 24 24 42 55 78 99 87 54 41 57 84 99 107 113 94 70 44 20 1 -11 -20 -14 -2 8 30 46 47 43 44 44 46 47 38 24 16 12 20 42 66 67 62 62 62
113 109 93 85 103 128 137 109 121 138 146 143 118 92 81 79 82 86 90 89 85 65 25 -4 0 12 5 -52 -47 46 117 134 128 116 107 89 52 22 0 1 22 22 11 1 -7 -1 -2 -5 4 15 15 23 19 12 1 12 31 48 80 88 71 45 41 58 83 91 100 103 86 74 61 42 15 -5 -12 1 4 19 42 47 49 49 51 47 47 39 33 33 29 29 33 47 62 62 57 52
119 109 84 99 106 79 119 150 137 140 149 147 136 116 101 93 92 98 107 108 104 95 74 29 -1 -1 21 -7 -64 -43 33 91 133 117 105 108 99 63 40 17 25 46 36 21 11 -1 -5 -8 -5 8 11 15 15 1 -8 -11 -2 18 50 75 76 52 42 36 49 68 77 89 93 100 97 96 77 38 12 4 4 8 30 40 50 56 62 46 52 45 30 30 31 42 42 42 52 57 57 47
87 115 101 94 122 101 77 126 136 131 141 143 138 124 113 111 104 103 111 119 120 115 110 93 50 7 4 26 -25 -59 -38 34 86 126 100 91 98 86 55 32 21 50 61 40 29 18 4 1 1 8 28 27 36 23 8 1 1 15 49 81 92 73 56 51 49 67 86 93 97 110 113 111 112 88 60 40 27 19 28 46 47 50 63 60 41 46 33 30 24 20 42 42 42 52 62 62
50 59 108 109 115 124 100 108 125 123 127 139 141 130 115 111 107 102 104 116 127 130 125 122 107 62 19 20 17 -19 -58 -32 29 90 110 96 94 98 77 43 14 19 66 72 58 50 32 24 29 24 47 67 77 77 67 51 47 56 83 109 119 107 85 72 74 93 113 132 133 120 116 106 105 110 104 93 77 62 47 44 61 56 49 64 44 37 32 26 33 18 14 28 38 43 57 78
51 18 42 107 121 128 128 124 129 138 134 136 149 145 129 118 111 105 100 106 117 130 134 132 127 113 57 26 34 28 -4 -40 0 45 99 109 102 105 102 75 47 19 41 84 87 76 62 38 38 38 48 78 95 106 100 89 73 94 118 132 131 127 110 93 91 106 135 144 148 137 128 116 105 106 123 129 118 80 76 56 47 64 55 61 56 36 35 34 32 39 26 14 15 29 47 62
