AvaFrame/avaframe/data/avaSalk/Avaflow_Input_Output/slk_results/slk_ascii/slk_basechange10006.asc
ncols 296
nrows 144
xllcenter 761600.00
yllcenter 8523000.00
cellsize 12.50
NODATA_value -9999.000
[rows 66 to 98 of 144, columns 148 to 221 of 296]
0.000 0.000 0.000 0.000 0.000 0.000 0.000 0.000 0.000 0.000 0.000 0.000 0.000 0.000 0.000 0.000 0.000 0.000 0.000 0.000 0.000 0.000 0.000 0.000 0.000 0.000 -0.000 -0.000 -0.000 -0.000 -0.000 -0.000 -0.000 -0.000 -0.000 -0.000 -0.000 -0.000 -0.000 -0.000 -0.000 -0.001 -0.001 -0.002 -0.003 -0.005 -0.008 -0.014 -0.027 -0.050 -0.088 -0.142 -0.223 -0.327 -0.435 -0.532 -0.610 -0.666 -0.707 -0.741 -0.775 -0.806 -0.848 -0.909 -0.993 -1.100 -1.252 -1.444 -1.622 -1.777 -1.892 -1.944 -1.926 -1.868
0.000 0.000 0.000 0.000 0.000 0.000 0.000 0.000 0.000 0.000 0.000 0.000 0.000 0.000 0.000 0.000 0.000 0.000 0.000 0.000 0.000 0.000 0.000 0.000 0.000 -0.000 -0.000 -0.000 -0.000 -0.000 -0.000 -0.000 -0.000 -0.000 -0.000 -0.000 -0.000 -0.000 -0.000 -0.001 -0.001 -0.001 -0.002 -0.004 -0.006 -0.011 -0.021 -0.039 -0.071 -0.119 -0.184 -0.266 -0.361 -0.459 -0.544 -0.616 -0.674 -0.711 -0.734 -0.758 -0.793 -0.833 -0.891 -0.971 -1.080 -1.225 -1.407 -1.608 -1.787 -1.898 -1.939 -1.915 -1.855 -1.786
0.000 0.000 0.000 0.000 0.000 0.000 0.000 0.000 0.000 0.000 0.000 0.000 0.000 0.000 0.000 0.000 0.000 0.000 0.000 0.000 0.000 0.000 0.000 0.000 0.000 -0.000 -0.000 -0.000 -0.000 -0.000 -0.000 -0.000 -0.000 -0.000 -0.000 -0.000 -0.000 -0.000 -0.001 -0.001 -0.002 -0.003 -0.004 -0.008 -0.014 -0.027 -0.050 -0.089 -0.143 -0.213 -0.296 -0.387 -0.474 -0.550 -0.610 -0.655 -0.691 -0.720 -0.744 -0.777 -0.822 -0.881 -0.958 -1.070 -1.203 -1.378 -1.574 -1.739 -1.859 -1.926 -1.918 -1.852 -1.768 -1.704
0.000 0.000 0.000 0.000 0.000 0.000 0.000 0.000 0.000 0.000 0.000 0.000 0.000 0.000 0.000 0.000 0.000 0.000 0.000 0.000 0.000 0.000 0.000 -0.000 -0.000 -0.000 -0.000 -0.000 -0.000 -0.000 -0.000 -0.000 -0.000 -0.000 -0.000 -0.000 -0.000 -0.001 -0.001 -0.002 -0.003 -0.005 -0.010 -0.018 -0.033 -0.059 -0.100 -0.157 -0.228 -0.309 -0.393 -0.473 -0.542 -0.595 -0.636 -0.667 -0.694 -0.722 -0.761 -0.809 -0.873 -0.953 -1.053 -1.194 -1.365 -1.543 -1.711 -1.834 -1.895 -1.889 -1.840 -1.774 -1.700 -1.620
0.000 0.000 0.000 0.000 0.000 0.000 0.000 0.000 0.000 0.000 0.000 0.000 0.000 0.000 0.000 0.000 0.000 0.000 0.000 0.000 0.000 0.000 -0.000 -0.000 -0.000 -0.000 -0.000 -0.000 -0.000 -0.000 -0.000 -0.000 -0.000 -0.000 -0.000 -0.001 -0.001 -0.001 -0.002 -0.004 -0.006 -0.011 -0.021 -0.039 -0.068 -0.110 -0.167 -0.238 -0.317 -0.396 -0.468 -0.529 -0.577 -0.612 -0.643 -0.673 -0.710 -0.754 -0.807 -0.871 -0.947 -1.046 -1.170 -1.331 -1.523 -1.698 -1.833 -1.893 -1.896 -1.844 -1.758 -1.690 -1.633 -1.553
0.000 0.000 0.000 0.000 0.000 0.000 0.000 0.000 0.000 0.000 0.000 0.000 0.000 0.000 0.000 0.000 0.000 0.000 0.000 0.000 0.000 -0.000 -0.000 -0.000 -0.000 -0.000 -0.000 -0.000 -0.000 -0.000 -0.000 -0.000 -0.000 -0.000 -0.001 -0.001 -0.002 -0.003 -0.004 -0.007 -0.013 -0.024 -0.043 -0.075 -0.119 -0.178 -0.249 -0.327 -0.402 -0.468 -0.523 -0.567 -0.606 -0.639 -0.673 -0.709 -0.750 -0.802 -0.876 -0.958 -1.048 -1.157 -1.300 -1.480 -1.665 -1.831 -1.938 -1.935 -1.861 -1.786 -1.691 -1.612 -1.551 -1.472
0.000 0.000 0.000 0.000 0.000 0.000 0.000 0.000 0.000 0.000 0.000 0.000 0.000 0.000 0.000 0.000 0.000 0.000 0.000 0.000 -0.000 -0.000 -0.000 -0.000 -0.000 -0.000 -0.000 -0.000 -0.000 -0.000 -0.000 -0.000 -0.000 -0.001 -0.001 -0.002 -0.003 -0.005 -0.008 -0.014 -0.026 -0.048 -0.081 -0.127 -0.187 -0.255 -0.332 -0.407 -0.473 -0.522 -0.564 -0.604 -0.640 -0.674 -0.714 -0.759 -0.807 -0.866 -0.965 -1.067 -1.166 -1.284 -1.442 -1.642 -1.814 -1.916 -1.974 -1.922 -1.795 -1.697 -1.612 -1.515 -1.434 -1.336
0.000 0.000 0.000 0.000 0.000 0.000 0.000 0.000 0.000 0.000 0.000 0.000 0.000 0.000 0.000 0.000 0.000 0.000 -0.000 -0.000 -0.000 -0.000 -0.000 -0.000 -0.000 -0.000 -0.000 -0.000 -0.000 -0.000 -0.000 -0.001 -0.001 -0.001 -0.002 -0.003 -0.005 -0.009 -0.016 -0.029 -0.052 -0.087 -0.136 -0.196 -0.265 -0.336 -0.405 -0.468 -0.524 -0.572 -0.608 -0.648 -0.685 -0.723 -0.768 -0.822 -0.884 -0.960 -1.074 -1.188 -1.302 -1.440 -1.632 -1.834 -1.961 -1.977 -1.950 -1.851 -1.698 -1.587 -1.492 -1.396 -1.292 -1.167
-0.000 0.000 -0.000 -0.000 -0.000 0.000 -0.000 0.000 -0.000 0.000 0.000 -0.000 -0.000 -0.000 0.000 0.000 -0.000 -0.000 -0.000 -0.000 -0.000 -0.000 -0.000 -0.000 -0.000 -0.000 -0.000 -0.000 -0.000 -0.000 -0.001 -0.001 -0.001 -0.002 -0.004 -0.006 -0.010 -0.018 -0.032 -0.056 -0.094 -0.144 -0.204 -0.273 -0.342 -0.411 -0.472 -0.523 -0.571 -0.617 -0.659 -0.700 -0.744 -0.786 -0.842 -0.905 -0.977 -1.071 -1.193 -1.329 -1.472 -1.658 -1.878 -2.017 -2.036 -1.959 -1.855 -1.730 -1.593 -1.479 -1.370 -1.261 -1.141 -1.004
-0.000 -0.000 -0.000 -0.000 -0.000 -0.000 -0.000 -0.000 -0.000 -0.000 -0.000 -0.000 -0.000 -0.000 -0.000 -0.000 -0.000 -0.000 -0.000 -0.000 -0.000 -0.000 -0.000 -0.000 -0.000 -0.000 -0.000 -0.000 -0.000 -0.001 -0.001 -0.002 -0.003 -0.004 -0.007 -0.011 -0.020 -0.035 -0.060 -0.099 -0.150 -0.212 -0.278 -0.346 -0.414 -0.475 -0.530 -0.579 -0.626 -0.674 -0.718 -0.763 -0.814 -0.867 -0.928 -0.997 -1.083 -1.198 -1.335 -1.516 -1.729 -1.942 -2.072 -2.079 -1.995 -1.843 -1.686 -1.541 -1.450 -1.353 -1.231 -1.117 -0.981 -0.859
-0.000 -0.000 -0.000 -0.000 -0.000 -0.000 -0.000 -0.000 -0.000 -0.000 -0.000 -0.000 -0.000 -0.000 -0.000 -0.000 -0.000 -0.000 -0.000 -0.000 -0.000 -0.000 -0.000 -0.000 -0.000 -0.000 -0.000 -0.001 -0.001 -0.001 -0.002 -0.003 -0.005 -0.008 -0.012 -0.021 -0.037 -0.064 -0.104 -0.156 -0.218 -0.284 -0.354 -0.418 -0.481 -0.539 -0.590 -0.643 -0.695 -0.746 -0.795 -0.842 -0.895 -0.950 -1.013 -1.095 -1.211 -1.359 -1.544 -1.759 -1.976 -2.133 -2.118 -1.991 -1.824 -1.626 -1.466 -1.360 -1.281 -1.202 -1.072 -0.950 -0.840 -0.748
-0.000 -0.000 -0.000 -0.000 -0.000 -0.000 -0.000 -0.000 -0.000 -0.000 -0.000 -0.000 -0.000 -0.000 -0.000 -0.000 -0.000 -0.000 -0.000 -0.000 -0.000 -0.000 -0.000 -0.000 -0.000 -0.001 -0.001 -0.002 -0.002 -0.003 -0.004 -0.006 -0.008 -0.014 -0.023 -0.040 -0.067 -0.108 -0.161 -0.223 -0.291 -0.360 -0.427 -0.489 -0.549 -0.610 -0.668 -0.726 -0.777 -0.823 -0.869 -0.923 -0.981 -1.039 -1.107 -1.218 -1.373 -1.570 -1.784 -1.958 -2.052 -2.091 -1.976 -1.743 -1.530 -1.362 -1.265 -1.214 -1.157 -1.056 -0.926 -0.812 -0.729 -0.675
-0.000 -0.000 -0.000 -0.000 -0.000 -0.000 -0.000 -0.000 -0.000 -0.000 -0.000 -0.000 -0.000 -0.000 -0.000 -0.000 -0.000 -0.000 -0.000 -0.000 -0.000 -0.000 -0.000 -0.001 -0.001 -0.002 -0.002 -0.003 -0.004 -0.006 -0.007 -0.010 -0.015 -0.025 -0.042 -0.071 -0.112 -0.167 -0.231 -0.300 -0.369 -0.436 -0.500 -0.561 -0.625 -0.694 -0.759 -0.818 -0.863 -0.897 -0.937 -0.997 -1.060 -1.133 -1.230 -1.379 -1.575 -1.778 -1.938 -2.011 -1.998 -1.912 -1.718 -1.470 -1.299 -1.205 -1.146 -1.104 -1.029 -0.914 -0.799 -0.713 -0.661 -0.632
-0.000 -0.000 -0.000 -0.000 -0.000 -0.000 -0.000 -0.000 -0.000 -0.000 -0.000 -0.000 -0.000 -0.000 -0.000 -0.000 -0.000 -0.000 -0.000 -0.000 -0.000 -0.001 -0.001 -0.002 -0.003 -0.004 -0.005 -0.006 -0.008 -0.010 -0.012 -0.018 -0.028 -0.046 -0.074 -0.117 -0.173 -0.238 -0.310 -0.383 -0.450 -0.514 -0.580 -0.648 -0.720 -0.794 -0.853 -0.891 -0.926 -0.957 -0.997 -1.061 -1.149 -1.241 -1.382 -1.580 -1.771 -1.915 -1.969 -1.949 -1.846 -1.658 -1.437 -1.270 -1.166 -1.101 -1.051 -0.991 -0.902 -0.786 -0.691 -0.634 -0.605 -0.595
-0.001 -0.001 -0.001 -0.001 -0.001 -0.001 -0.001 -0.001 -0.001 -0.001 -0.001 -0.001 -0.000 -0.000 -0.000 -0.000 -0.000 -0.000 -0.000 -0.000 -0.001 -0.001 -0.002 -0.003 -0.005 -0.007 -0.009 -0.010 -0.012 -0.015 -0.021 -0.031 -0.050 -0.079 -0.122 -0.178 -0.246 -0.320 -0.394 -0.465 -0.532 -0.603 -0.682 -0.758 -0.831 -0.890 -0.930 -0.951 -0.973 -1.007 -1.057 -1.131 -1.245 -1.395 -1.569 -1.760 -1.888 -1.935 -1.913 -1.797 -1.601 -1.400 -1.250 -1.147 -1.080 -1.024 -0.961 -0.884 -0.787 -0.691 -0.621 -0.580 -0.559 -0.554
-0.004 -0.004 -0.004 -0.003 -0.003 -0.003 -0.003 -0.003 -0.003 -0.002 -0.002 -0.002 -0.001 -0.001 -0.001 -0.000 -0.000 -0.000 -0.001 -0.001 -0.002 -0.003 -0.005 -0.007 -0.009 -0.012 -0.014 -0.016 -0.018 -0.024 -0.035 -0.054 -0.084 -0.128 -0.186 -0.255 -0.330 -0.407 -0.482 -0.557 -0.630 -0.710 -0.800 -0.870 -0.919 -0.955 -0.974 -0.990 -1.019 -1.062 -1.130 -1.234 -1.381 -1.564 -1.735 -1.848 -1.891 -1.864 -1.752 -1.571 -1.377 -1.226 -1.129 -1.062 -1.006 -0.946 -0.872 -0.788 -0.698 -0.620 -0.568 -0.535 -0.517 -0.518
-0.005 -0.005 -0.006 -0.006 -0.006 -0.005 -0.005 -0.004 -0.003 -0.003 -0.002 -0.002 -0.002 -0.002 -0.002 -0.001 -0.001 -0.001 -0.002 -0.003 -0.004 -0.006 -0.009 -0.012 -0.015 -0.017 -0.019 -0.023 -0.029 -0.040 -0.061 -0.091 -0.135 -0.192 -0.263 -0.341 -0.423 -0.506 -0.586 -0.668 -0.752 -0.826 -0.895 -0.945 -0.969 -0.986 -1.000 -1.029 -1.068 -1.136 -1.226 -1.364 -1.538 -1.690 -1.790 -1.837 -1.810 -1.719 -1.557 -1.374 -1.225 -1.117 -1.044 -0.986 -0.931 -0.863 -0.786 -0.703 -0.627 -0.564 -0.517 -0.487 -0.471 -0.481
-0.006 -0.005 -0.005 -0.006 -0.007 -0.006 -0.005 -0.004 -0.003 -0.002 -0.002 -0.002 -0.003 -0.003 -0.003 -0.003 -0.003 -0.003 -0.004 -0.007 -0.009 -0.012 -0.016 -0.019 -0.021 -0.024 -0.028 -0.035 -0.048 -0.068 -0.100 -0.145 -0.203 -0.273 -0.355 -0.441 -0.531 -0.623 -0.713 -0.801 -0.883 -0.943 -0.971 -0.989 -1.002 -1.012 -1.031 -1.075 -1.141 -1.228 -1.369 -1.527 -1.665 -1.749 -1.778 -1.743 -1.669 -1.531 -1.372 -1.227 -1.116 -1.037 -0.973 -0.913 -0.852 -0.783 -0.706 -0.631 -0.562 -0.508 -0.465 -0.436 -0.425 -0.447
-0.018 -0.014 -0.011 -0.011 -0.011 -0.011 -0.010 -0.008 -0.007 -0.007 -0.006 -0.005 -0.005 -0.005 -0.006 -0.006 -0.007 -0.008 -0.010 -0.014 -0.018 -0.022 -0.026 -0.028 -0.030 -0.035 -0.043 -0.057 -0.079 -0.112 -0.156 -0.216 -0.289 -0.372 -0.468 -0.571 -0.672 -0.768 -0.855 -0.929 -0.983 -1.013 -1.021 -1.020 -1.026 -1.048 -1.084 -1.145 -1.251 -1.359 -1.510 -1.648 -1.744 -1.736 -1.687 -1.604 -1.495 -1.363 -1.230 -1.116 -1.022 -0.954 -0.899 -0.844 -0.778 -0.707 -0.634 -0.564 -0.502 -0.449 -0.411 -0.387 -0.385 -0.420
-0.052 -0.046 -0.037 -0.032 -0.032 -0.031 -0.030 -0.028 -0.026 -0.025 -0.023 -0.020 -0.018 -0.017 -0.017 -0.016 -0.016 -0.019 -0.024 -0.030 -0.034 -0.037 -0.040 -0.042 -0.046 -0.055 -0.071 -0.094 -0.128 -0.175 -0.236 -0.309 -0.398 -0.505 -0.617 -0.738 -0.850 -0.936 -0.987 -1.019 -1.039 -1.046 -1.046 -1.050 -1.062 -1.101 -1.160 -1.250 -1.378 -1.521 -1.622 -1.672 -1.694 -1.667 -1.552 -1.443 -1.346 -1.234 -1.123 -1.023 -0.938 -0.872 -0.820 -0.769 -0.706 -0.634 -0.565 -0.498 -0.439 -0.392 -0.360 -0.347 -0.358 -0.406
-0.105 -0.100 -0.091 -0.078 -0.070 -0.069 -0.069 -0.068 -0.065 -0.063 -0.060 -0.057 -0.053 -0.050 -0.047 -0.044 -0.044 -0.049 -0.057 -0.064 -0.065 -0.064 -0.063 -0.066 -0.075 -0.090 -0.113 -0.150 -0.197 -0.260 -0.342 -0.436 -0.543 -0.672 -0.800 -0.914 -1.006 -1.064 -1.076 -1.074 -1.071 -1.067 -1.073 -1.097 -1.125 -1.185 -1.269 -1.358 -1.477 -1.592 -1.642 -1.657 -1.584 -1.512 -1.414 -1.301 -1.223 -1.134 -1.029 -0.930 -0.848 -0.788 -0.742 -0.696 -0.632 -0.559 -0.489 -0.426 -0.375 -0.341 -0.323 -0.321 -0.345 -0.407
-0.158 -0.161 -0.161 -0.154 -0.139 -0.127 -0.127 -0.126 -0.126 -0.124 -0.121 -0.117 -0.113 -0.110 -0.107 -0.104 -0.103 -0.106 -0.112 -0.115 -0.110 -0.104 -0.101 -0.105 -0.118 -0.141 -0.174 -0.226 -0.292 -0.372 -0.475 -0.595 -0.725 -0.856 -0.970 -1.049 -1.094 -1.120 -1.112 -1.106 -1.103 -1.100 -1.113 -1.155 -1.203 -1.270 -1.376 -1.455 -1.522 -1.575 -1.569 -1.549 -1.468 -1.339 -1.265 -1.196 -1.124 -1.039 -0.936 -0.836 -0.761 -0.708 -0.670 -0.625 -0.561 -0.486 -0.417 -0.359 -0.320 -0.301 -0.298 -0.310 -0.348 -0.419
-0.220 -0.226 -0.232 -0.234 -0.231 -0.214 -0.202 -0.200 -0.201 -0.204 -0.203 -0.198 -0.193 -0.190 -0.188 -0.185 -0.182 -0.179 -0.176 -0.172 -0.165 -0.159 -0.157 -0.164 -0.182 -0.212 -0.258 -0.327 -0.417 -0.521 -0.638 -0.768 -0.901 -1.022 -1.106 -1.144 -1.152 -1.146 -1.127 -1.124 -1.139 -1.157 -1.178 -1.219 -1.282 -1.345 -1.443 -1.509 -1.533 -1.527 -1.473 -1.415 -1.361 -1.234 -1.156 -1.114 -1.045 -0.938 -0.832 -0.743 -0.683 -0.641 -0.607 -0.561 -0.495 -0.421 -0.357 -0.309 -0.281 -0.272 -0.280 -0.309 -0.365 -0.440
-0.277 -0.291 -0.304 -0.310 -0.321 -0.318 -0.296 -0.289 -0.290 -0.298 -0.299 -0.294 -0.287 -0.281 -0.276 -0.272 -0.265 -0.254 -0.244 -0.235 -0.228 -0.225 -0.230 -0.245 -0.273 -0.315 -0.377 -0.464 -0.570 -0.690 -0.820 -0.947 -1.046 -1.132 -1.190 -1.194 -1.180 -1.162 -1.149 -1.151 -1.164 -1.188 -1.224 -1.267 -1.330 -1.387 -1.456 -1.492 -1.483 -1.443 -1.369 -1.283 -1.223 -1.168 -1.091 -1.028 -0.952 -0.827 -0.718 -0.651 -0.611 -0.583 -0.552 -0.505 -0.437 -0.366 -0.309 -0.274 -0.257 -0.255 -0.271 -0.314 -0.384 -0.459
-0.329 -0.347 -0.369 -0.386 -0.401 -0.418 -0.409 -0.392 -0.392 -0.396 -0.394 -0.388 -0.381 -0.370 -0.362 -0.358 -0.349 -0.330 -0.315 -0.307 -0.299 -0.301 -0.320 -0.350 -0.395 -0.453 -0.537 -0.645 -0.761 -0.878 -0.993 -1.099 -1.169 -1.206 -1.224 -1.214 -1.185 -1.166 -1.167 -1.175 -1.181 -1.198 -1.237 -1.299 -1.359 -1.391 -1.416 -1.417 -1.387 -1.330 -1.244 -1.161 -1.099 -1.064 -1.031 -0.935 -0.829 -0.716 -0.621 -0.572 -0.546 -0.529 -0.505 -0.459 -0.390 -0.323 -0.275 -0.248 -0.240 -0.246 -0.270 -0.325 -0.401 -0.470
-0.380 -0.403 -0.431 -0.454 -0.477 -0.507 -0.512 -0.493 -0.491 -0.489 -0.483 -0.476 -0.468 -0.456 -0.448 -0.448 -0.435 -0.413 -0.399 -0.390 -0.386 -0.400 -0.436 -0.486 -0.552 -0.631 -0.733 -0.853 -0.977 -1.087 -1.167 -1.219 -1.256 -1.257 -1.237 -1.220 -1.196 -1.171 -1.166 -1.177 -1.188 -1.220 -1.252 -1.310 -1.357 -1.384 -1.367 -1.324 -1.269 -1.212 -1.128 -1.046 -1.004 -0.966 -0.927 -0.837 -0.704 -0.608 -0.545 -0.512 -0.497 -0.486 -0.463 -0.418 -0.353 -0.291 -0.251 -0.232 -0.230 -0.246 -0.280 -0.336 -0.407 -0.468
-0.421 -0.449 -0.482 -0.507 -0.539 -0.582 -0.584 -0.572 -0.576 -0.577 -0.569 -0.561 -0.553 -0.549 -0.548 -0.544 -0.529 -0.511 -0.500 -0.497 -0.505 -0.534 -0.590 -0.663 -0.756 -0.856 -0.970 -1.077 -1.179 -1.271 -1.331 -1.339 -1.336 -1.309 -1.256 -1.217 -1.196 -1.175 -1.162 -1.169 -1.192 -1.247 -1.277 -1.305 -1.313 -1.313 -1.286 -1.210 -1.143 -1.081 -1.034 -0.964 -0.916 -0.876 -0.808 -0.710 -0.601 -0.524 -0.482 -0.464 -0.459 -0.452 -0.429 -0.383 -0.321 -0.267 -0.236 -0.223 -0.226 -0.252 -0.297 -0.347 -0.398 -0.450
-0.443 -0.477 -0.510 -0.547 -0.601 -0.628 -0.623 -0.626 -0.641 -0.653 -0.657 -0.652 -0.650 -0.655 -0.659 -0.653 -0.638 -0.627 -0.624 -0.645 -0.682 -0.729 -0.804 -0.899 -1.005 -1.116 -1.218 -1.304 -1.367 -1.419 -1.454 -1.448 -1.424 -1.382 -1.313 -1.245 -1.202 -1.179 -1.172 -1.167 -1.183 -1.222 -1.250 -1.259 -1.249 -1.222 -1.165 -1.095 -1.032 -0.964 -0.916 -0.876 -0.827 -0.766 -0.688 -0.596 -0.516 -0.463 -0.436 -0.427 -0.426 -0.421 -0.399 -0.355 -0.297 -0.251 -0.228 -0.223 -0.231 -0.263 -0.314 -0.361 -0.391 -0.421
-0.451 -0.488 -0.532 -0.586 -0.632 -0.644 -0.645 -0.663 -0.691 -0.716 -0.734 -0.741 -0.755 -0.767 -0.769 -0.779 -0.783 -0.782 -0.795 -0.853 -0.930 -0.999 -1.088 -1.183 -1.267 -1.361 -1.427 -1.492 -1.538 -1.553 -1.543 -1.522 -1.489 -1.451 -1.392 -1.322 -1.269 -1.234 -1.225 -1.213 -1.200 -1.198 -1.179 -1.169 -1.148 -1.113 -1.061 -0.985 -0.930 -0.884 -0.803 -0.757 -0.720 -0.659 -0.583 -0.511 -0.452 -0.417 -0.402 -0.399 -0.399 -0.393 -0.371 -0.331 -0.281 -0.243 -0.227 -0.231 -0.249 -0.281 -0.327 -0.366 -0.386 -0.390
-0.439 -0.488 -0.544 -0.591 -0.612 -0.631 -0.654 -0.689 -0.724 -0.759 -0.783 -0.809 -0.841 -0.869 -0.898 -0.920 -0.959 -0.995 -1.040 -1.114 -1.205 -1.283 -1.378 -1.440 -1.508 -1.560 -1.585 -1.616 -1.638 -1.650 -1.615 -1.558 -1.508 -1.479 -1.449 -1.407 -1.371 -1.344 -1.336 -1.319 -1.282 -1.266 -1.221 -1.106 -1.038 -0.993 -0.959 -0.902 -0.824 -0.776 -0.719 -0.658 -0.619 -0.569 -0.507 -0.452 -0.411 -0.388 -0.378 -0.375 -0.375 -0.368 -0.346 -0.310 -0.270 -0.243 -0.235 -0.244 -0.269 -0.305 -0.342 -0.366 -0.374 -0.368
-0.408 -0.460 -0.506 -0.538 -0.562 -0.599 -0.650 -0.696 -0.734 -0.774 -0.806 -0.853 -0.898 -0.951 -1.006 -1.057 -1.118 -1.201 -1.270 -1.353 -1.421 -1.490 -1.566 -1.602 -1.658 -1.684 -1.682 -1.685 -1.671 -1.658 -1.623 -1.558 -1.495 -1.468 -1.464 -1.453 -1.431 -1.400 -1.382 -1.375 -1.350 -1.325 -1.316 -1.220 -1.072 -0.941 -0.851 -0.801 -0.732 -0.667 -0.619 -0.573 -0.533 -0.494 -0.450 -0.410 -0.383 -0.370 -0.363 -0.359 -0.355 -0.345 -0.323 -0.294 -0.264 -0.247 -0.247 -0.263 -0.290 -0.326 -0.355 -0.366 -0.361 -0.349
-0.328 -0.376 -0.422 -0.464 -0.510 -0.568 -0.630 -0.681 -0.727 -0.771 -0.810 -0.867 -0.921 -0.979 -1.027 -1.080 -1.153 -1.254 -1.335 -1.423 -1.471 -1.531 -1.583 -1.610 -1.645 -1.669 -1.663 -1.652 -1.617 -1.573 -1.526 -1.473 -1.426 -1.405 -1.401 -1.409 -1.395 -1.358 -1.311 -1.282 -1.260 -1.233 -1.228 -1.200 -1.125 -1.018 -0.861 -0.728 -0.649 -0.586 -0.537 -0.498 -0.463 -0.431 -0.402 -0.378 -0.362 -0.354 -0.350 -0.345 -0.339 -0.327 -0.308 -0.284 -0.263 -0.254 -0.263 -0.286 -0.315 -0.344 -0.365 -0.367 -0.352 -0.328
-0.232 -0.285 -0.340 -0.399 -0.459 -0.522 -0.585 -0.643 -0.697 -0.747 -0.793 -0.846 -0.897 -0.945 -0.991 -1.022 -1.078 -1.166 -1.253 -1.335 -1.382 -1.427 -1.461 -1.473 -1.480 -1.483 -1.481 -1.468 -1.418 -1.374 -1.328 -1.292 -1.257 -1.235 -1.222 -1.216 -1.202 -1.166 -1.118 -1.091 -1.059 -1.015 -0.982 -0.962 -0.936 -0.923 -0.864 -0.718 -0.594 -0.524 -0.488 -0.454 -0.419 -0.389 -0.368 -0.356 -0.347 -0.343 -0.340 -0.336 -0.330 -0.319 -0.303 -0.285 -0.273 -0.271 -0.286 -0.314 -0.344 -0.365 -0.378 -0.375 -0.350 -0.306
