AvaFrame/avaframe/data/avaSalk/Avaflow_Input_Output/slk_results/slk_ascii/slk_basechange0021.asc
ncols 296
nrows 144
xllcenter 761600.00
yllcenter 8523000.00
cellsize 12.50
NODATA_value -9999.000
[rows 33 to 65 of 144, columns 222 to 295 of 296]
0.000 0.000 0.000 0.000 -0.000 -0.000 -0.000 -0.000 -0.000 -0.000 -0.000 -0.000 -0.000 -0.000 -0.000 -0.000 -0.000 -0.000 -0.000 -0.000 -0.000 -0.001 -0.001 -0.001 -0.002 -0.004 -0.007 -0.014 -0.026 -0.045 -0.071 -0.104 -0.146 -0.196 -0.267 -0.343 -0.426 -0.520 -0.599 -0.672 -0.727 -0.749 -0.724 -0.663 -0.572 -0.410 -0.204 -0.072 -0.021 -0.004 -0.001 -0.000 -0.000 -0.000 -0.000 0.000 0.000 0.000 0.000 0.000 0.000 0.000 0.000 0.000 0.000 0.000 0.000 0.000 0.000 0.000 0.000 0.000 0.000 0.000
0.000 0.000 0.000 -0.000 -0.000 -0.000 -0.000 -0.000 -0.000 -0.000 -0.000 -0.000 -0.000 -0.000 -0.000 -0.000 -0.000 -0.000 -0.000 -0.001 -0.001 -0.001 -0.002 -0.004 -0.007 -0.014 -0.026 -0.046 -0.074 -0.109 -0.150 -0.195 -0.249 -0.312 -0.409 -0.533 -0.669 -0.817 -0.935 -1.010 -1.049 -1.029 -0.956 -0.837 -0.679 -0.461 -0.226 -0.072 -0.020 -0.004 -0.001 -0.000 -0.000 -0.000 -0.000 0.000 0.000 0.000 0.000 0.000 0.000 0.000 0.000 0.000 0.000 0.000 0.000 0.000 0.000 0.000 0.000 0.000 0.000 0.000
0.000 -0.000 -0.000 -0.000 -0.000 -0.000 -0.000 -0.000 -0.000 -0.000 -0.000 -0.000 -0.000 -0.000 -0.000 -0.000 -0.000 -0.001 -0.001 -0.001 -0.002 -0.003 -0.006 -0.012 -0.024 -0.044 -0.073 -0.111 -0.155 -0.203 -0.254 -0.311 -0.376 -0.465 -0.610 -0.815 -1.053 -1.317 -1.525 -1.619 -1.651 -1.583 -1.405 -1.135 -0.840 -0.532 -0.241 -0.079 -0.021 -0.005 -0.001 -0.000 -0.000 -0.000 -0.000 -0.000 0.000 0.000 0.000 0.000 0.000 0.000 0.000 0.000 0.000 0.000 0.000 0.000 0.000 0.000 0.000 0.000 0.000 0.000
-0.000 -0.000 -0.000 -0.000 -0.000 -0.000 -0.000 -0.000 -0.000 -0.000 -0.000 -0.000 -0.000 -0.000 -0.000 -0.000 -0.001 -0.001 -0.002 -0.003 -0.005 -0.010 -0.020 -0.040 -0.069 -0.108 -0.154 -0.204 -0.257 -0.313 -0.373 -0.444 -0.529 -0.684 -0.942 -1.251 -1.590 -2.004 -2.377 -2.564 -2.604 -2.525 -2.250 -1.762 -1.209 -0.672 -0.274 -0.086 -0.023 -0.005 -0.001 -0.000 -0.000 -0.000 -0.000 -0.000 0.000 0.000 0.000 0.000 0.000 0.000 0.000 0.000 0.000 0.000 0.000 0.000 0.000 0.000 0.000 0.000 0.000 0.000
-0.000 -0.000 -0.000 -0.000 -0.000 -0.000 -0.000 -0.000 -0.000 -0.000 -0.000 -0.000 -0.000 -0.000 -0.001 -0.001 -0.001 -0.002 -0.004 -0.009 -0.017 -0.034 -0.062 -0.101 -0.148 -0.198 -0.252 -0.309 -0.368 -0.429 -0.495 -0.583 -0.702 -0.949 -1.369 -1.855 -2.316 -2.714 -3.023 -3.272 -3.398 -3.399 -3.095 -2.545 -1.838 -0.981 -0.346 -0.093 -0.023 -0.005 -0.001 -0.000 -0.000 -0.000 -0.000 -0.000 0.000 0.000 0.000 0.000 0.000 0.000 0.000 0.000 0.000 0.000 0.000 0.000 0.000 0.000 0.000 0.000 0.000 0.000
-0.000 -0.000 -0.000 -0.000 -0.000 -0.000 -0.000 -0.000 -0.000 -0.000 -0.000 -0.000 -0.001 -0.001 -0.001 -0.002 -0.003 -0.006 -0.013 -0.027 -0.052 -0.090 -0.137 -0.189 -0.244 -0.300 -0.358 -0.419 -0.483 -0.551 -0.622 -0.732 -0.924 -1.311 -1.885 -2.525 -3.115 -3.255 -2.987 -2.868 -3.040 -3.269 -3.075 -2.855 -2.538 -1.461 -0.463 -0.105 -0.025 -0.006 -0.001 -0.000 -0.000 -0.000 -0.000 -0.000 0.000 0.000 0.000 0.000 0.000 0.000 0.000 0.000 0.000 0.000 0.000 0.000 0.000 0.000 0.000 0.000 0.000 0.000
-0.000 -0.000 -0.000 -0.000 -0.000 -0.000 -0.000 -0.000 -0.000 -0.000 -0.001 -0.001 -0.001 -0.002 -0.003 -0.005 -0.009 -0.019 -0.040 -0.075 -0.121 -0.174 -0.231 -0.290 -0.350 -0.413 -0.476 -0.543 -0.612 -0.685 -0.771 -0.913 -1.242 -1.826 -2.428 -2.884 -3.337 -3.403 -2.990 -2.325 -1.930 -2.208 -2.394 -2.662 -2.887 -1.831 -0.527 -0.111 -0.026 -0.006 -0.002 -0.000 -0.000 -0.000 -0.000 -0.000 0.000 0.000 0.000 0.000 0.000 0.000 0.000 0.000 0.000 0.000 0.000 0.000 0.000 0.000 0.000 0.000 0.000 0.000
-0.000 -0.000 -0.000 -0.000 -0.000 -0.000 -0.000 -0.000 -0.001 -0.001 -0.001 -0.002 -0.002 -0.004 -0.007 -0.014 -0.028 -0.056 -0.100 -0.155 -0.215 -0.276 -0.338 -0.405 -0.471 -0.541 -0.610 -0.684 -0.764 -0.848 -0.957 -1.156 -1.649 -2.235 -2.487 -2.689 -3.051 -2.970 -2.805 -2.330 -1.808 -1.813 -1.802 -2.648 -2.964 -1.887 -0.526 -0.105 -0.025 -0.006 -0.002 -0.001 -0.000 -0.000 -0.000 -0.000 0.000 0.000 0.000 0.000 0.000 0.000 0.000 0.000 0.000 0.000 0.000 0.000 0.000 0.000 0.000 0.000 0.000 0.000
-0.000 -0.000 -0.000 -0.000 -0.000 -0.000 -0.000 -0.001 -0.001 -0.001 -0.002 -0.003 -0.005 -0.010 -0.020 -0.041 -0.078 -0.132 -0.196 -0.261 -0.326 -0.396 -0.465 -0.539 -0.614 -0.691 -0.769 -0.850 -0.942 -1.045 -1.202 -1.501 -2.044 -2.380 -2.274 -2.241 -2.431 -2.297 -2.382 -2.161 -1.760 -1.862 -1.867 -2.794 -2.888 -1.580 -0.442 -0.093 -0.023 -0.005 -0.002 -0.001 -0.000 -0.000 -0.000 -0.000 0.000 0.000 0.000 0.000 0.000 0.000 0.000 0.000 0.000 0.000 0.000 0.000 0.000 0.000 0.000 0.000 0.000 0.000
-0.000 -0.000 -0.000 -0.000 -0.000 -0.001 -0.001 -0.001 -0.002 -0.003 -0.005 -0.008 -0.015 -0.029 -0.060 -0.110 -0.178 -0.252 -0.327 -0.401 -0.472 -0.545 -0.625 -0.707 -0.793 -0.881 -0.972 -1.065 -1.175 -1.312 -1.541 -1.977 -2.423 -2.500 -2.265 -2.226 -2.236 -2.119 -2.426 -2.316 -2.006 -1.985 -2.027 -2.659 -2.247 -1.055 -0.298 -0.073 -0.019 -0.005 -0.002 -0.001 -0.000 -0.000 -0.000 -0.000 0.000 0.000 0.000 0.000 0.000 0.000 0.000 0.000 0.000 0.000 0.000 0.000 0.000 0.000 0.000 0.000 0.000 0.000
-0.000 -0.000 -0.000 -0.001 -0.001 -0.001 -0.002 -0.003 -0.004 -0.007 -0.013 -0.024 -0.046 -0.088 -0.153 -0.236 -0.322 -0.407 -0.490 -0.572 -0.655 -0.740 -0.836 -0.934 -1.033 -1.139 -1.247 -1.370 -1.521 -1.742 -2.058 -2.516 -2.781 -2.705 -2.521 -2.423 -2.411 -2.254 -2.345 -2.306 -2.129 -2.068 -2.212 -2.237 -1.474 -0.629 -0.177 -0.052 -0.015 -0.004 -0.002 -0.001 -0.000 -0.000 -0.000 -0.000 0.000 0.000 0.000 0.000 0.000 0.000 0.000 0.000 0.000 0.000 0.000 0.000 0.000 0.000 0.000 0.000 0.000 0.000
-0.000 -0.001 -0.001 -0.001 -0.002 -0.002 -0.004 -0.006 -0.011 -0.021 -0.040 -0.075 -0.133 -0.213 -0.308 -0.406 -0.496 -0.584 -0.674 -0.775 -0.881 -0.995 -1.126 -1.256 -1.384 -1.524 -1.684 -1.871 -2.128 -2.482 -2.869 -3.134 -3.191 -3.079 -3.043 -2.898 -2.821 -2.790 -2.804 -2.769 -2.569 -2.317 -2.112 -1.581 -0.837 -0.333 -0.108 -0.035 -0.010 -0.004 -0.001 -0.001 -0.000 -0.000 -0.000 -0.000 0.000 0.000 0.000 0.000 0.000 0.000 0.000 0.000 0.000 0.000 0.000 0.000 0.000 0.000 0.000 0.000 0.000 0.000
-0.001 -0.001 -0.002 -0.002 -0.003 -0.005 -0.009 -0.017 -0.034 -0.065 -0.117 -0.192 -0.291 -0.395 -0.497 -0.597 -0.697 -0.802 -0.912 -1.048 -1.208 -1.373 -1.562 -1.768 -1.971 -2.192 -2.464 -2.783 -3.134 -3.494 -3.825 -3.943 -3.847 -3.710 -3.706 -3.694 -3.634 -3.600 -3.517 -3.195 -2.718 -2.085 -1.488 -0.865 -0.397 -0.156 -0.060 -0.022 -0.007 -0.003 -0.001 -0.000 -0.000 -0.000 -0.000 -0.000 0.000 0.000 0.000 0.000 0.000 0.000 0.000 0.000 0.000 0.000 0.000 0.000 0.000 0.000 0.000 0.000 0.000 0.000
-0.001 -0.002 -0.003 -0.005 -0.008 -0.014 -0.026 -0.052 -0.099 -0.167 -0.257 -0.362 -0.475 -0.592 -0.701 -0.819 -0.951 -1.097 -1.269 -1.477 -1.737 -2.018 -2.300 -2.599 -2.909 -3.206 -3.539 -3.875 -4.133 -4.286 -4.368 -4.404 -4.307 -4.126 -4.042 -3.929 -3.718 -3.395 -2.985 -2.472 -1.850 -1.231 -0.724 -0.373 -0.167 -0.071 -0.031 -0.012 -0.005 -0.002 -0.001 -0.000 -0.000 -0.000 -0.000 -0.000 0.000 0.000 0.000 0.000 0.000 0.000 0.000 0.000 0.000 0.000 0.000 0.000 0.000 0.000 0.000 0.000 0.000 0.000
-0.003 -0.004 -0.007 -0.011 -0.021 -0.042 -0.079 -0.139 -0.222 -0.323 -0.429 -0.545 -0.666 -0.800 -0.944 -1.106 -1.310 -1.542 -1.823 -2.175 -2.567 -2.974 -3.340 -3.635 -3.854 -4.019 -4.179 -4.354 -4.465 -4.437 -4.311 -4.219 -4.053 -3.762 -3.504 -3.162 -2.646 -2.077 -1.638 -1.252 -0.882 -0.546 -0.302 -0.154 -0.073 -0.034 -0.016 -0.007 -0.003 -0.001 -0.001 -0.000 -0.000 -0.000 -0.000 0.000 0.000 0.000 0.000 0.000 0.000 0.000 0.000 0.000 0.000 0.000 0.000 0.000 0.000 0.000 0.000 0.000 0.000 0.000
-0.006 -0.010 -0.017 -0.033 -0.063 -0.115 -0.192 -0.287 -0.391 -0.505 -0.622 -0.748 -0.895 -1.065 -1.265 -1.515 -1.833 -2.213 -2.623 -3.090 -3.543 -3.886 -4.085 -4.189 -4.206 -4.182 -4.188 -4.224 -4.172 -3.983 -3.651 -3.304 -2.965 -2.564 -2.170 -1.781 -1.398 -1.071 -0.817 -0.600 -0.408 -0.251 -0.142 -0.076 -0.039 -0.019 -0.009 -0.004 -0.002 -0.001 -0.001 -0.000 -0.000 -0.000 -0.000 0.000 0.000 0.000 0.000 0.000 0.000 0.000 0.000 0.000 0.000 0.000 0.000 0.000 0.000 0.000 0.000 0.000 0.000 0.000
-0.015 -0.027 -0.052 -0.095 -0.162 -0.249 -0.353 -0.464 -0.582 -0.713 -0.860 -1.020 -1.217 -1.465 -1.751 -2.108 -2.550 -3.050 -3.503 -3.876 -4.103 -4.188 -4.127 -4.017 -3.884 -3.728 -3.614 -3.484 -3.273 -2.959 -2.573 -2.166 -1.797 -1.493 -1.242 -1.026 -0.827 -0.643 -0.487 -0.355 -0.244 -0.153 -0.088 -0.047 -0.023 -0.011 -0.006 -0.003 -0.001 -0.001 -0.000 -0.000 -0.000 -0.000 -0.000 0.000 0.000 0.000 0.000 0.000 0.000 0.000 0.000 0.000 0.000 0.000 0.000 0.000 0.000 0.000 0.000 0.000 0.000 0.000
-0.043 -0.080 -0.139 -0.220 -0.321 -0.430 -0.542 -0.665 -0.805 -0.970 -1.169 -1.405 -1.677 -2.023 -2.419 -2.855 -3.325 -3.767 -4.049 -4.135 -4.065 -3.871 -3.582 -3.301 -3.059 -2.845 -2.681 -2.523 -2.305 -2.036 -1.748 -1.466 -1.213 -1.009 -0.850 -0.711 -0.578 -0.453 -0.346 -0.252 -0.170 -0.104 -0.057 -0.028 -0.013 -0.007 -0.004 -0.002 -0.001 -0.001 -0.000 -0.000 -0.000 -0.000 -0.000 0.000 0.000 0.000 0.000 0.000 0.000 0.000 0.000 0.000 0.000 0.000 0.000 0.000 0.000 0.000 0.000 0.000 0.000 0.000
-0.115 -0.189 -0.285 -0.393 -0.508 -0.633 -0.764 -0.914 -1.094 -1.311 -1.575 -1.884 -2.235 -2.634 -3.068 -3.488 -3.846 -4.036 -4.013 -3.787 -3.452 -3.074 -2.721 -2.441 -2.242 -2.096 -1.983 -1.862 -1.691 -1.474 -1.257 -1.064 -0.897 -0.760 -0.641 -0.536 -0.434 -0.339 -0.258 -0.186 -0.120 -0.067 -0.033 -0.016 -0.008 -0.004 -0.002 -0.001 -0.001 -0.000 -0.000 -0.000 -0.000 -0.000 0.000 0.000 0.000 0.000 0.000 0.000 0.000 0.000 0.000 0.000 0.000 0.000 0.000 0.000 0.000 0.000 0.000 0.000 0.000 0.000
-0.250 -0.351 -0.462 -0.583 -0.712 -0.853 -1.020 -1.211 -1.444 -1.715 -2.040 -2.390 -2.765 -3.141 -3.507 -3.800 -3.904 -3.768 -3.439 -3.007 -2.558 -2.211 -1.970 -1.831 -1.752 -1.677 -1.587 -1.465 -1.304 -1.123 -0.959 -0.821 -0.701 -0.602 -0.510 -0.422 -0.339 -0.261 -0.193 -0.133 -0.080 -0.041 -0.020 -0.010 -0.005 -0.003 -0.002 -0.001 -0.001 -0.000 -0.000 -0.000 -0.000 -0.000 0.000 0.000 0.000 0.000 0.000 0.000 0.000 0.000 0.000 0.000 0.000 0.000 0.000 0.000 0.000 0.000 0.000 0.000 0.000 0.000
-0.431 -0.543 -0.662 -0.794 -0.942 -1.111 -1.308 -1.538 -1.821 -2.130 -2.471 -2.815 -3.159 -3.467 -3.665 -3.732 -3.550 -3.134 -2.652 -2.201 -1.864 -1.665 -1.561 -1.511 -1.486 -1.429 -1.323 -1.187 -1.037 -0.889 -0.761 -0.659 -0.573 -0.492 -0.415 -0.341 -0.270 -0.203 -0.143 -0.092 -0.051 -0.025 -0.013 -0.007 -0.004 -0.002 -0.001 -0.001 -0.000 -0.000 -0.000 -0.000 -0.000 -0.000 0.000 0.000 0.000 0.000 0.000 0.000 0.000 0.000 0.000 0.000 0.000 0.000 0.000 0.000 0.000 0.000 0.000 0.000 0.000 0.000
-0.613 -0.738 -0.872 -1.023 -1.195 -1.394 -1.627 -1.891 -2.192 -2.512 -2.825 -3.121 -3.384 -3.560 -3.520 -3.299 -2.951 -2.463 -2.017 -1.701 -1.506 -1.404 -1.355 -1.334 -1.303 -1.231 -1.110 -0.969 -0.832 -0.719 -0.624 -0.542 -0.473 -0.409 -0.342 -0.276 -0.214 -0.157 -0.106 -0.063 -0.033 -0.017 -0.008 -0.005 -0.002 -0.001 -0.001 -0.000 -0.000 -0.000 -0.000 -0.000 -0.000 0.000 0.000 0.000 0.000 0.000 0.000 0.000 0.000 0.000 0.000 0.000 0.000 0.000 0.000 0.000 0.000 0.000 0.000 0.000 0.000 0.000
-0.790 -0.926 -1.078 -1.252 -1.454 -1.686 -1.949 -2.244 -2.526 -2.819 -3.082 -3.306 -3.425 -3.384 -3.142 -2.756 -2.330 -1.938 -1.642 -1.450 -1.338 -1.278 -1.245 -1.211 -1.151 -1.053 -0.924 -0.789 -0.673 -0.584 -0.516 -0.455 -0.398 -0.341 -0.282 -0.223 -0.169 -0.121 -0.077 -0.043 -0.022 -0.011 -0.006 -0.003 -0.002 -0.001 -0.001 -0.000 -0.000 -0.000 -0.000 -0.000 -0.000 0.000 0.000 0.000 0.000 0.000 0.000 0.000 0.000 0.000 0.000 0.000 0.000 0.000 0.000 0.000 0.000 0.000 0.000 0.000 0.000 0.000
-0.990 -1.133 -1.300 -1.496 -1.723 -1.980 -2.255 -2.532 -2.791 -3.033 -3.210 -3.318 -3.278 -3.046 -2.685 -2.262 -1.860 -1.570 -1.399 -1.308 -1.250 -1.207 -1.167 -1.106 -1.010 -0.889 -0.760 -0.643 -0.552 -0.484 -0.431 -0.384 -0.337 -0.286 -0.232 -0.180 -0.133 -0.091 -0.055 -0.029 -0.015 -0.008 -0.004 -0.002 -0.001 -0.001 -0.000 -0.000 -0.000 -0.000 -0.000 -0.000 0.000 0.000 0.000 0.000 0.000 0.000 0.000 0.000 0.000 0.000 0.000 0.000 0.000 0.000 0.000 0.000 0.000 0.000 0.000 0.000 0.000 0.000
-1.196 -1.353 -1.546 -1.755 -1.989 -2.245 -2.499 -2.740 -2.948 -3.132 -3.205 -3.141 -2.946 -2.610 -2.182 -1.777 -1.497 -1.335 -1.246 -1.204 -1.182 -1.141 -1.074 -0.983 -0.868 -0.738 -0.620 -0.528 -0.460 -0.409 -0.366 -0.325 -0.284 -0.239 -0.190 -0.144 -0.104 -0.067 -0.038 -0.019 -0.010 -0.005 -0.003 -0.002 -0.001 -0.001 -0.000 -0.000 -0.000 -0.000 -0.000 -0.000 0.000 0.000 0.000 0.000 0.000 0.000 0.000 0.000 0.000 0.000 0.000 0.000 0.000 0.000 0.000 0.000 0.000 0.000 0.000 0.000 0.000 0.000
-1.393 -1.564 -1.778 -2.000 -2.218 -2.460 -2.681 -2.879 -3.027 -3.113 -3.077 -2.862 -2.517 -2.094 -1.697 -1.396 -1.230 -1.162 -1.142 -1.130 -1.112 -1.059 -0.962 -0.845 -0.719 -0.600 -0.507 -0.438 -0.387 -0.347 -0.312 -0.275 -0.235 -0.194 -0.153 -0.114 -0.080 -0.049 -0.026 -0.013 -0.006 -0.003 -0.002 -0.001 -0.001 -0.000 -0.000 -0.000 -0.000 -0.000 -0.000 0.000 0.000 0.000 0.000 0.000 0.000 0.000 0.000 0.000 0.000 0.000 0.000 0.000 0.000 0.000 0.000 0.000 0.000 0.000 0.000 0.000 0.000 0.000
-1.583 -1.772 -1.983 -2.203 -2.407 -2.616 -2.828 -2.959 -3.025 -2.985 -2.810 -2.491 -2.076 -1.671 -1.366 -1.180 -1.092 -1.063 -1.063 -1.061 -1.034 -0.955 -0.835 -0.706 -0.584 -0.488 -0.419 -0.369 -0.330 -0.298 -0.266 -0.232 -0.195 -0.157 -0.121 -0.089 -0.060 -0.035 -0.018 -0.008 -0.004 -0.002 -0.001 -0.001 -0.000 -0.000 -0.000 -0.000 -0.000 -0.000 -0.000 0.000 0.000 0.000 0.000 0.000 0.000 0.000 0.000 0.000 0.000 0.000 0.000 0.000 0.000 0.000 0.000 0.000 0.000 0.000 0.000 0.000 0.000 0.000
-1.770 -1.971 -2.167 -2.368 -2.555 -2.727 -2.888 -2.975 -2.938 -2.755 -2.442 -2.058 -1.665 -1.359 -1.173 -1.071 -1.028 -1.025 -1.023 -0.997 -0.937 -0.833 -0.698 -0.578 -0.480 -0.410 -0.358 -0.319 -0.286 -0.258 -0.229 -0.196 -0.161 -0.128 -0.098 -0.070 -0.045 -0.025 -0.012 -0.006 -0.003 -0.002 -0.001 -0.001 -0.000 -0.000 -0.000 -0.000 -0.000 -0.000 -0.000 0.000 0.000 0.000 0.000 0.000 0.000 0.000 0.000 0.000 0.000 0.000 0.000 0.000 0.000 0.000 0.000 0.000 0.000 0.000 0.000 0.000 0.000 0.000
-1.954 -2.140 -2.333 -2.502 -2.659 -2.792 -2.888 -2.884 -2.744 -2.443 -2.037 -1.652 -1.353 -1.161 -1.064 -1.020 -1.003 -1.003 -0.980 -0.923 -0.825 -0.696 -0.570 -0.474 -0.404 -0.352 -0.312 -0.279 -0.250 -0.224 -0.197 -0.166 -0.134 -0.106 -0.079 -0.055 -0.033 -0.018 -0.009 -0.004 -0.002 -0.001 -0.001 -0.000 -0.000 -0.000 -0.000 -0.000 -0.000 -0.000 -0.000 0.000 0.000 0.000 0.000 0.000 0.000 0.000 0.000 0.000 0.000 0.000 0.000 0.000 0.000 0.000 0.000 0.000 0.000 0.000 0.000 0.000 0.000 0.000
-2.123 -2.285 -2.458 -2.599 -2.714 -2.785 -2.802 -2.708 -2.451 -2.062 -1.659 -1.354 -1.159 -1.057 -1.005 -0.997 -0.989 -0.965 -0.909 -0.815 -0.691 -0.565 -0.466 -0.398 -0.348 -0.308 -0.274 -0.245 -0.218 -0.193 -0.168 -0.140 -0.113 -0.088 -0.064 -0.042 -0.024 -0.013 -0.006 -0.003 -0.002 -0.001 -0.001 -0.000 -0.000 -0.000 -0.000 -0.000 -0.000 -0.000 -0.000 0.000 0.000 0.000 0.000 0.000 0.000 0.000 0.000 0.000 0.000 0.000 0.000 0.000 0.000 0.000 0.000 0.000 0.000 0.000 0.000 0.000 0.000 0.000
-2.274 -2.417 -2.543 -2.642 -2.700 -2.714 -2.635 -2.445 -2.112 -1.699 -1.366 -1.162 -1.055 -1.006 -0.985 -0.978 -0.959 -0.892 -0.798 -0.682 -0.559 -0.457 -0.389 -0.342 -0.305 -0.273 -0.243 -0.216 -0.190 -0.167 -0.143 -0.119 -0.096 -0.073 -0.049 -0.030 -0.017 -0.009 -0.004 -0.002 -0.001 -0.001 -0.000 -0.000 -0.000 -0.000 -0.000 -0.000 -0.000 -0.000 -0.000 0.000 0.000 0.000 0.000 0.000 0.000 0.000 0.000 0.000 0.000 0.000 0.000 0.000 0.000 0.000 0.000 0.000 0.000 0.000 0.000 0.000 0.000 0.000
-2.398 -2.506 -2.593 -2.634 -2.640 -2.591 -2.439 -2.138 -1.746 -1.406 -1.179 -1.054 -0.997 -0.980 -0.972 -0.949 -0.891 -0.788 -0.666 -0.551 -0.452 -0.381 -0.332 -0.298 -0.269 -0.243 -0.215 -0.189 -0.165 -0.144 -0.122 -0.102 -0.080 -0.057 -0.036 -0.020 -0.011 -0.006 -0.003 -0.001 -0.001 -0.000 -0.000 -0.000 -0.000 -0.000 -0.000 -0.000 -0.000 -0.000 -0.000 0.000 0.000 0.000 0.000 0.000 0.000 0.000 0.000 0.000 0.000 0.000 0.000 0.000 0.000 0.000 0.000 0.000 0.000 0.000 0.000 0.000 0.000 0.000
-2.485 -2.554 -2.605 -2.614 -2.566 -2.424 -2.169 -1.795 -1.428 -1.188 -1.061 -0.991 -0.959 -0.950 -0.927 -0.874 -0.789 -0.667 -0.547 -0.448 -0.376 -0.325 -0.287 -0.259 -0.236 -0.214 -0.190 -0.165 -0.143 -0.123 -0.104 -0.085 -0.064 -0.042 -0.024 -0.013 -0.007 -0.004 -0.002 -0.001 -0.001 -0.000 -0.000 -0.000 -0.000 -0.000 -0.000 -0.000 -0.000 -0.000 -0.000 0.000 0.000 0.000 0.000 0.000 0.000 0.000 0.000 0.000 0.000 0.000 0.000 0.000 0.000 0.000 0.000 0.000 0.000 0.000 0.000 0.000 0.000 0.000
