AvaFrame/avaframe/data/avaSalk/Avaflow_Input_Output/slk_results/slk_ascii/slk_hflow0025.asc
ncols 296
nrows 144
xllcenter 761600.00
yllcenter 8523000.00
cellsize 12.50
NODATA_value -9999.000
[rows 68 to 101 of 144, columns 154 to 230 of 296]
0.000 0.000 0.000 0.000 0.000 0.000 0.000 0.000 0.000 0.000 0.000 0.000 0.000 0.000 0.000 0.001 0.000 0.000 0.000 0.000 0.000 0.000 0.000 0.000 0.000 0.000 0.000 0.000 0.000 0.000 0.000 0.000 0.000 0.000 0.000 0.001 0.001 0.001 0.001 0.002 0.002 0.002 0.002 0.002 0.002 0.002 0.003 0.003 0.004 0.004 0.005 0.006 0.006 0.007 0.008 0.009 0.011 0.013 0.015 0.019 0.026 0.037 0.054 0.078 0.110 0.150 0.199 0.263 0.344 0.417 0.463 0.481 0.474 0.426 0.322 0.219 0.160
0.000 0.000 0.000 0.000 0.000 0.000 0.000 0.000 0.000 0.000 0.000 0.000 0.000 0.001 0.000 0.000 0.000 0.000 0.000 0.000 0.000 0.000 0.000 0.000 0.000 0.000 0.000 0.000 0.000 0.000 0.000 0.000 0.000 0.001 0.001 0.001 0.002 0.002 0.002 0.002 0.002 0.002 0.002 0.002 0.003 0.003 0.003 0.004 0.004 0.005 0.006 0.007 0.007 0.008 0.009 0.011 0.013 0.016 0.020 0.026 0.036 0.053 0.079 0.114 0.157 0.209 0.271 0.349 0.423 0.467 0.483 0.466 0.405 0.302 0.205 0.156 0.130
0.000 0.000 0.000 0.000 0.000 0.000 0.000 0.000 0.000 0.000 0.000 0.001 0.001 0.001 0.001 0.000 0.000 0.000 0.000 0.000 0.000 0.000 0.000 0.000 0.000 0.000 0.000 0.000 0.000 0.000 0.000 0.000 0.001 0.001 0.001 0.002 0.002 0.002 0.002 0.002 0.002 0.003 0.003 0.003 0.003 0.003 0.004 0.004 0.005 0.006 0.007 0.008 0.009 0.010 0.011 0.013 0.016 0.021 0.027 0.037 0.053 0.077 0.112 0.159 0.216 0.285 0.359 0.424 0.466 0.482 0.465 0.401 0.299 0.205 0.153 0.128 0.114
0.000 0.000 0.001 0.001 0.001 0.000 0.000 0.000 0.000 0.000 0.000 0.001 0.001 0.001 0.001 0.001 0.001 0.001 0.001 0.001 0.001 0.001 0.001 0.001 0.001 0.000 0.000 0.000 0.000 0.000 0.000 0.001 0.001 0.002 0.002 0.002 0.002 0.003 0.003 0.003 0.003 0.003 0.003 0.003 0.004 0.004 0.005 0.005 0.006 0.007 0.008 0.009 0.010 0.012 0.014 0.017 0.021 0.027 0.037 0.056 0.083 0.115 0.160 0.220 0.295 0.374 0.439 0.471 0.478 0.464 0.407 0.307 0.216 0.161 0.130 0.111 0.098
0.000 0.001 0.000 0.000 0.000 0.001 0.000 0.000 0.000 0.000 0.000 0.001 0.001 0.001 0.001 0.001 0.002 0.002 0.003 0.003 0.004 0.004 0.004 0.003 0.002 0.001 0.001 0.001 0.001 0.001 0.001 0.001 0.002 0.002 0.002 0.003 0.003 0.003 0.003 0.003 0.003 0.004 0.004 0.004 0.004 0.005 0.006 0.007 0.008 0.009 0.010 0.011 0.014 0.016 0.019 0.022 0.028 0.038 0.055 0.090 0.132 0.171 0.230 0.310 0.389 0.444 0.474 0.481 0.467 0.416 0.323 0.228 0.170 0.135 0.113 0.097 0.083
0.000 0.000 0.000 0.000 0.000 0.001 0.001 0.001 0.001 0.001 0.001 0.001 0.001 0.001 0.002 0.002 0.004 0.006 0.007 0.008 0.010 0.011 0.011 0.007 0.003 0.002 0.002 0.002 0.002 0.002 0.002 0.002 0.002 0.003 0.003 0.003 0.003 0.003 0.003 0.004 0.004 0.004 0.005 0.005 0.006 0.007 0.008 0.009 0.010 0.011 0.013 0.015 0.019 0.023 0.027 0.033 0.045 0.068 0.107 0.168 0.216 0.250 0.313 0.390 0.441 0.463 0.470 0.463 0.418 0.327 0.235 0.177 0.141 0.117 0.099 0.083 0.069
0.000 0.000 0.000 0.000 0.001 0.001 0.001 0.002 0.002 0.002 0.002 0.002 0.002 0.002 0.003 0.005 0.008 0.015 0.020 0.025 0.030 0.033 0.032 0.020 0.008 0.004 0.003 0.003 0.003 0.003 0.003 0.003 0.003 0.003 0.003 0.004 0.004 0.004 0.004 0.004 0.005 0.005 0.006 0.007 0.008 0.009 0.010 0.011 0.012 0.014 0.017 0.021 0.027 0.035 0.044 0.061 0.098 0.172 0.261 0.331 0.356 0.372 0.405 0.435 0.449 0.453 0.443 0.404 0.320 0.231 0.178 0.145 0.121 0.102 0.086 0.072 0.059
0.000 0.000 0.001 0.001 0.001 0.002 0.004 0.004 0.004 0.004 0.004 0.004 0.004 0.004 0.007 0.012 0.024 0.049 0.077 0.095 0.106 0.108 0.095 0.053 0.019 0.009 0.007 0.006 0.006 0.005 0.005 0.004 0.004 0.004 0.004 0.004 0.004 0.005 0.005 0.005 0.006 0.006 0.008 0.009 0.010 0.011 0.012 0.014 0.016 0.018 0.022 0.029 0.041 0.057 0.082 0.134 0.227 0.317 0.367 0.388 0.401 0.428 0.453 0.456 0.446 0.430 0.387 0.314 0.235 0.181 0.148 0.125 0.107 0.089 0.074 0.061 0.049
0.001 0.001 0.001 0.002 0.003 0.006 0.011 0.012 0.011 0.008 0.008 0.008 0.008 0.011 0.019 0.041 0.091 0.172 0.244 0.288 0.310 0.308 0.264 0.146 0.049 0.021 0.017 0.015 0.014 0.013 0.011 0.009 0.007 0.006 0.006 0.005 0.005 0.005 0.006 0.006 0.007 0.008 0.011 0.013 0.014 0.015 0.016 0.017 0.020 0.024 0.030 0.042 0.064 0.100 0.165 0.246 0.309 0.335 0.347 0.354 0.371 0.413 0.449 0.450 0.424 0.382 0.309 0.237 0.192 0.161 0.134 0.111 0.092 0.076 0.061 0.049 0.040
0.002 0.003 0.003 0.004 0.007 0.018 0.042 0.051 0.047 0.030 0.024 0.024 0.027 0.042 0.080 0.150 0.256 0.397 0.534 0.626 0.682 0.691 0.615 0.390 0.152 0.061 0.046 0.044 0.043 0.041 0.036 0.029 0.022 0.016 0.011 0.008 0.007 0.007 0.007 0.008 0.009 0.011 0.015 0.018 0.020 0.020 0.020 0.021 0.025 0.032 0.044 0.065 0.105 0.175 0.254 0.299 0.304 0.287 0.276 0.289 0.328 0.384 0.428 0.423 0.369 0.295 0.229 0.193 0.173 0.155 0.133 0.105 0.079 0.061 0.049 0.040 0.033
0.006 0.007 0.008 0.012 0.026 0.092 0.203 0.248 0.230 0.156 0.116 0.115 0.145 0.212 0.307 0.414 0.536 0.715 0.951 1.128 1.220 1.234 1.151 0.873 0.436 0.193 0.136 0.132 0.141 0.157 0.156 0.142 0.114 0.081 0.047 0.023 0.014 0.010 0.009 0.010 0.011 0.014 0.018 0.021 0.023 0.025 0.026 0.028 0.034 0.046 0.068 0.106 0.172 0.241 0.278 0.287 0.275 0.262 0.267 0.297 0.334 0.385 0.408 0.375 0.300 0.230 0.187 0.169 0.162 0.154 0.137 0.109 0.074 0.052 0.040 0.034 0.030
0.019 0.024 0.032 0.053 0.135 0.338 0.544 0.622 0.596 0.494 0.450 0.473 0.547 0.647 0.754 0.840 0.941 1.165 1.546 1.812 1.860 1.792 1.681 1.402 0.819 0.453 0.347 0.339 0.375 0.454 0.507 0.521 0.495 0.432 0.318 0.174 0.072 0.028 0.015 0.013 0.014 0.017 0.020 0.022 0.025 0.030 0.034 0.040 0.051 0.072 0.110 0.171 0.232 0.265 0.275 0.273 0.266 0.267 0.289 0.319 0.336 0.368 0.373 0.329 0.256 0.201 0.168 0.155 0.154 0.154 0.145 0.121 0.080 0.050 0.037 0.031 0.029
0.081 0.124 0.204 0.348 0.588 0.854 1.030 1.099 1.098 1.071 1.098 1.172 1.244 1.288 1.327 1.357 1.454 1.766 2.193 2.388 2.371 2.266 2.102 1.703 1.030 0.720 0.667 0.703 0.814 0.996 1.153 1.251 1.297 1.261 1.089 0.769 0.419 0.183 0.061 0.021 0.019 0.020 0.022 0.025 0.029 0.036 0.046 0.058 0.078 0.115 0.172 0.229 0.261 0.271 0.272 0.270 0.272 0.289 0.315 0.328 0.325 0.332 0.325 0.286 0.223 0.176 0.148 0.136 0.139 0.148 0.151 0.138 0.099 0.056 0.038 0.032 0.029
0.522 0.679 0.954 1.314 1.621 1.762 1.782 1.814 1.857 1.924 2.008 2.076 2.063 1.988 1.961 1.975 2.091 2.383 2.659 2.759 2.759 2.665 2.407 1.798 1.162 0.978 1.026 1.201 1.471 1.780 2.054 2.287 2.416 2.416 2.244 1.832 1.257 0.723 0.323 0.099 0.029 0.025 0.026 0.030 0.036 0.047 0.063 0.085 0.120 0.174 0.227 0.258 0.271 0.274 0.274 0.277 0.292 0.313 0.324 0.323 0.309 0.291 0.271 0.240 0.191 0.147 0.119 0.109 0.112 0.132 0.152 0.153 0.126 0.072 0.044 0.035 0.031
1.828 2.040 2.443 2.911 3.151 3.125 2.981 2.922 2.943 2.980 2.952 2.919 2.826 2.695 2.647 2.679 2.784 2.925 3.023 3.070 3.038 2.946 2.559 1.796 1.349 1.300 1.460 1.816 2.294 2.772 3.179 3.521 3.695 3.726 3.597 3.157 2.467 1.685 0.985 0.445 0.142 0.047 0.034 0.038 0.048 0.066 0.090 0.125 0.176 0.226 0.255 0.270 0.276 0.279 0.282 0.294 0.312 0.321 0.321 0.309 0.288 0.259 0.228 0.194 0.151 0.111 0.087 0.078 0.082 0.105 0.147 0.162 0.152 0.100 0.058 0.044 0.037
3.719 3.900 4.147 4.387 4.487 4.473 4.405 4.329 4.275 4.133 3.879 3.727 3.591 3.459 3.413 3.442 3.504 3.498 3.401 3.324 3.191 3.064 2.544 1.842 1.642 1.740 2.039 2.560 3.229 3.824 4.261 4.618 4.817 4.918 4.909 4.570 3.808 2.863 2.000 1.221 0.604 0.257 0.110 0.059 0.069 0.093 0.131 0.176 0.221 0.251 0.268 0.277 0.284 0.290 0.300 0.313 0.319 0.318 0.309 0.290 0.262 0.229 0.190 0.149 0.109 0.076 0.057 0.051 0.056 0.075 0.129 0.167 0.167 0.129 0.079 0.057 0.046
5.079 5.241 5.392 5.471 5.505 5.498 5.521 5.554 5.472 5.191 4.813 4.581 4.438 4.366 4.329 4.318 4.294 4.092 3.718 3.475 3.294 3.072 2.493 2.056 2.056 2.311 2.751 3.380 4.113 4.727 5.170 5.505 5.685 5.792 5.806 5.587 5.004 4.163 3.273 2.390 1.547 0.932 0.539 0.271 0.132 0.131 0.180 0.219 0.245 0.263 0.276 0.287 0.297 0.307 0.315 0.318 0.317 0.308 0.291 0.265 0.231 0.190 0.148 0.109 0.076 0.051 0.036 0.032 0.037 0.056 0.115 0.166 0.174 0.151 0.104 0.074 0.053
6.044 6.130 6.225 6.314 6.390 6.437 6.517 6.551 6.486 6.228 5.854 5.598 5.485 5.473 5.461 5.319 5.063 4.543 3.917 3.572 3.340 3.030 2.605 2.476 2.628 3.015 3.551 4.211 4.882 5.486 5.943 6.267 6.376 6.435 6.457 6.278 5.898 5.286 4.553 3.756 2.805 2.006 1.486 1.027 0.556 0.238 0.208 0.246 0.260 0.272 0.284 0.299 0.313 0.318 0.318 0.312 0.306 0.293 0.268 0.233 0.192 0.151 0.113 0.080 0.054 0.035 0.026 0.025 0.030 0.052 0.116 0.167 0.174 0.159 0.117 0.079 0.053
6.826 6.907 7.019 7.134 7.242 7.369 7.487 7.520 7.486 7.318 7.077 6.868 6.799 6.716 6.521 6.093 5.539 4.748 4.002 3.584 3.304 3.088 2.943 3.065 3.394 3.886 4.449 5.053 5.605 6.129 6.594 6.896 6.953 6.977 6.908 6.733 6.466 6.029 5.470 4.767 3.833 2.949 2.464 2.128 1.610 0.812 0.297 0.255 0.274 0.281 0.294 0.314 0.324 0.323 0.312 0.297 0.285 0.268 0.237 0.196 0.159 0.124 0.093 0.065 0.043 0.030 0.024 0.024 0.030 0.060 0.129 0.169 0.172 0.155 0.115 0.075 0.048
7.611 7.684 7.802 7.920 8.053 8.216 8.356 8.442 8.462 8.411 8.319 8.133 8.046 7.737 7.206 6.465 5.712 4.757 4.015 3.560 3.322 3.318 3.481 3.855 4.372 4.948 5.469 5.940 6.353 6.766 7.178 7.403 7.421 7.411 7.266 7.107 6.809 6.438 5.966 5.322 4.495 3.620 3.113 2.860 2.628 1.975 0.826 0.288 0.280 0.288 0.301 0.324 0.331 0.321 0.294 0.265 0.251 0.235 0.208 0.171 0.137 0.106 0.079 0.057 0.040 0.030 0.027 0.028 0.041 0.085 0.148 0.172 0.170 0.146 0.101 0.064 0.040
8.397 8.442 8.565 8.680 8.775 8.885 9.039 9.190 9.280 9.327 9.338 9.221 8.997 8.355 7.484 6.559 5.690 4.749 4.064 3.656 3.569 3.789 4.261 4.928 5.578 6.137 6.585 6.931 7.182 7.462 7.717 7.863 7.855 7.766 7.638 7.409 7.044 6.665 6.169 5.479 4.773 4.060 3.567 3.297 3.146 2.955 1.968 0.572 0.258 0.293 0.311 0.330 0.332 0.307 0.255 0.222 0.213 0.209 0.195 0.165 0.127 0.090 0.065 0.048 0.038 0.033 0.033 0.040 0.066 0.121 0.164 0.174 0.164 0.126 0.079 0.049 0.032
9.232 9.178 9.228 9.282 9.368 9.482 9.607 9.776 9.960 10.057 10.072 10.005 9.535 8.585 7.492 6.470 5.524 4.784 4.298 4.086 4.157 4.557 5.338 6.158 6.784 7.214 7.622 7.939 8.155 8.251 8.328 8.327 8.318 8.177 7.997 7.619 7.236 6.813 6.245 5.486 4.806 4.220 3.785 3.497 3.343 3.245 2.927 1.523 0.402 0.274 0.321 0.328 0.316 0.269 0.210 0.189 0.191 0.197 0.192 0.168 0.121 0.075 0.050 0.039 0.036 0.036 0.042 0.060 0.106 0.155 0.173 0.175 0.146 0.094 0.057 0.036 0.026
10.048 9.801 9.758 9.754 9.782 9.856 9.990 10.187 10.451 10.644 10.708 10.416 9.660 8.463 7.173 6.164 5.512 5.057 4.881 4.865 5.083 5.650 6.513 7.181 7.748 8.119 8.527 8.859 9.110 9.135 9.108 9.012 8.945 8.770 8.348 7.854 7.412 6.915 6.283 5.475 4.732 4.194 3.821 3.548 3.350 3.192 3.023 2.383 1.090 0.368 0.311 0.314 0.274 0.219 0.180 0.175 0.185 0.198 0.197 0.171 0.109 0.059 0.039 0.033 0.033 0.035 0.047 0.079 0.144 0.179 0.182 0.167 0.115 0.064 0.040 0.027 0.022
10.597 10.135 10.024 10.046 10.061 10.116 10.304 10.654 10.945 11.084 11.044 10.467 9.483 8.107 6.908 6.150 5.790 5.679 5.759 5.970 6.305 6.859 7.526 8.030 8.517 8.842 9.297 9.750 9.899 10.012 9.904 9.786 9.595 9.355 8.768 8.231 7.611 7.004 6.341 5.522 4.646 4.033 3.703 3.467 3.198 2.950 2.759 2.446 1.678 0.738 0.328 0.262 0.215 0.175 0.160 0.163 0.184 0.208 0.210 0.176 0.098 0.048 0.035 0.033 0.033 0.034 0.045 0.085 0.159 0.193 0.191 0.166 0.105 0.055 0.033 0.023 0.020
10.690 10.294 10.189 10.230 10.282 10.371 10.543 10.943 11.194 11.269 11.027 10.237 9.127 7.859 6.903 6.593 6.533 6.739 7.015 7.312 7.594 7.923 8.396 8.797 9.206 9.515 10.106 10.586 10.609 10.690 10.509 10.227 9.959 9.607 9.140 8.686 7.985 7.202 6.467 5.659 4.731 3.896 3.414 3.172 2.880 2.553 2.328 2.136 1.766 1.088 0.469 0.221 0.168 0.145 0.141 0.149 0.181 0.221 0.231 0.192 0.097 0.045 0.034 0.035 0.035 0.035 0.042 0.079 0.154 0.195 0.198 0.172 0.109 0.056 0.033 0.023 0.020
10.441 10.222 10.239 10.331 10.453 10.557 10.694 11.093 11.203 11.197 10.719 9.930 8.984 8.185 7.701 7.674 7.779 8.075 8.347 8.496 8.747 8.977 9.242 9.544 9.882 10.235 10.824 11.154 11.143 11.125 10.963 10.472 10.213 9.801 9.410 9.002 8.378 7.552 6.716 5.893 4.940 3.935 3.206 2.747 2.406 2.115 1.885 1.700 1.503 1.191 0.678 0.284 0.154 0.129 0.125 0.134 0.171 0.225 0.239 0.204 0.108 0.051 0.038 0.038 0.039 0.039 0.042 0.065 0.129 0.185 0.196 0.180 0.123 0.067 0.040 0.027 0.021
10.125 10.134 10.251 10.462 10.663 10.626 10.786 11.043 10.923 10.892 10.460 9.916 9.334 9.122 9.146 9.119 9.250 9.373 9.413 9.506 9.710 10.009 10.168 10.379 10.581 10.872 11.373 11.672 11.594 11.557 11.232 10.691 10.284 10.015 9.576 9.167 8.673 7.880 7.052 6.185 5.131 4.043 3.230 2.608 2.079 1.754 1.504 1.249 1.092 0.997 0.766 0.394 0.178 0.129 0.122 0.128 0.160 0.215 0.233 0.211 0.133 0.079 0.061 0.050 0.045 0.045 0.047 0.057 0.096 0.158 0.185 0.180 0.142 0.087 0.055 0.037 0.026
9.835 9.977 10.185 10.378 10.495 10.505 10.624 10.634 10.546 10.608 10.498 10.232 10.218 10.256 10.336 10.256 10.426 10.353 10.276 10.388 10.443 10.744 10.913 11.078 11.183 11.284 11.650 12.017 11.883 11.791 11.356 10.893 10.428 10.138 9.831 9.500 9.169 8.296 7.456 6.434 5.264 4.153 3.287 2.593 1.967 1.552 1.248 0.969 0.818 0.765 0.695 0.487 0.253 0.173 0.167 0.168 0.182 0.219 0.239 0.242 0.243 0.238 0.227 0.174 0.088 0.057 0.055 0.060 0.077 0.123 0.160 0.169 0.154 0.115 0.079 0.053 0.034
9.519 9.806 10.070 10.250 10.333 10.328 10.262 10.215 10.220 10.254 10.421 10.568 10.805 10.912 11.014 10.934 11.118 10.949 10.928 10.976 11.010 11.183 11.268 11.372 11.466 11.455 11.741 12.022 12.007 11.899 11.463 11.012 10.793 10.444 10.382 10.420 10.405 9.617 8.443 6.901 5.420 4.249 3.320 2.588 1.997 1.555 1.216 0.932 0.779 0.726 0.707 0.760 0.747 0.721 0.715 0.668 0.602 0.590 0.629 0.763 0.997 1.129 1.140 1.000 0.630 0.242 0.102 0.074 0.070 0.088 0.119 0.141 0.148 0.136 0.110 0.078 0.049
9.105 9.454 9.636 9.673 9.659 9.678 9.716 9.695 9.728 9.794 10.131 10.632 11.060 11.301 11.393 11.332 11.375 11.137 11.200 11.177 11.204 11.300 11.339 11.385 11.448 11.456 11.672 11.793 11.925 11.901 11.584 11.270 11.066 10.830 10.952 11.289 11.248 10.788 9.773 8.045 5.989 4.355 3.336 2.598 2.067 1.661 1.334 1.091 0.983 1.008 1.287 1.992 2.536 2.674 2.616 2.425 2.196 2.089 2.126 2.334 2.681 2.849 2.901 2.827 2.395 1.556 0.779 0.329 0.123 0.068 0.079 0.101 0.128 0.138 0.129 0.105 0.071
8.565 8.918 9.041 9.043 9.016 8.977 9.007 8.935 8.941 9.117 9.606 10.407 11.012 11.313 11.371 11.324 11.344 11.033 11.072 11.098 11.236 11.207 11.153 11.176 11.122 11.185 11.133 11.159 11.337 11.451 11.324 11.079 10.874 10.899 11.131 11.409 11.384 11.070 10.172 8.801 6.909 4.754 3.340 2.612 2.177 1.860 1.604 1.476 1.535 1.891 2.626 3.679 4.437 4.735 4.772 4.658 4.489 4.386 4.350 4.421 4.602 4.685 4.683 4.653 4.561 4.068 2.931 1.582 0.607 0.167 0.064 0.070 0.098 0.126 0.130 0.119 0.094
7.768 8.045 8.106 8.078 8.020 7.966 8.060 8.040 7.922 7.990 8.428 9.298 10.075 10.553 10.560 10.449 10.376 10.128 10.217 10.255 10.454 10.523 10.446 10.468 10.325 10.207 9.880 9.697 9.607 9.586 9.572 9.647 9.902 10.259 10.485 10.559 10.543 10.364 9.783 8.693 7.016 4.923 3.321 2.555 2.228 2.055 1.965 1.972 2.189 2.767 3.648 4.669 5.452 5.910 6.166 6.321 6.366 6.456 6.469 6.516 6.505 6.486 6.424 6.409 6.223 5.918 4.996 3.259 1.553 0.541 0.135 0.060 0.071 0.097 0.118 0.120 0.108
6.571 6.714 6.697 6.741 6.768 6.730 6.708 6.659 6.641 6.645 6.957 7.718 8.311 8.588 8.593 8.539 8.407 8.329 8.362 8.347 8.436 8.606 8.513 8.389 8.184 7.905 7.339 6.923 6.626 6.495 6.524 6.871 7.534 8.211 8.413 8.398 8.372 8.310 7.965 7.249 6.203 4.679 3.095 2.351 2.172 2.127 2.207 2.393 2.762 3.425 4.427 5.473 6.352 6.971 7.410 7.805 8.031 8.458 8.573 8.589 8.571 8.572 8.445 8.312 7.996 7.466 6.362 4.446 2.485 1.168 0.422 0.121 0.065 0.075 0.095 0.109 0.111
4.436 4.457 4.495 4.722 4.856 4.872 4.886 4.908 4.970 5.082 5.340 5.708 5.853 5.849 5.731 5.630 5.586 5.585 5.500 5.351 5.290 5.206 4.903 4.660 4.421 4.232 3.946 3.724 3.572 3.555 3.699 4.116 4.779 5.369 5.617 5.658 5.579 5.334 5.083 4.908 4.363 3.143 2.137 1.865 1.928 2.068 2.304 2.706 3.294 4.093 5.235 6.339 7.367 8.047 8.746 9.380 9.802 10.219 10.461 10.624 10.742 10.716 10.516 10.253 9.782 9.078 7.739 5.626 3.560 2.085 1.072 0.428 0.147 0.083 0.090 0.104 0.113
