AvaFrame/avaframe/data/avaSalk/Avaflow_Input_Output/slk_results/slk_ascii/slk_hflow0005.asc
ncols 296
nrows 144
xllcenter 761600.00
yllcenter 8523000.00
cellsize 12.50
NODATA_value -9999.000
[rows 68 to 101 of 144, columns 154 to 230 of 296]
0.000 0.000 0.000 0.000 0.000 0.000 0.000 0.000 0.000 0.000 0.000 0.000 0.000 0.000 0.000 0.000 0.000 0.000 0.001 0.001 0.001 0.001 0.001 0.002 0.002 0.002 0.003 0.003 0.005 0.006 0.008 0.011 0.014 0.018 0.021 0.025 0.028 0.033 0.038 0.044 0.050 0.057 0.064 0.069 0.074 0.079 0.084 0.093 0.104 0.117 0.131 0.148 0.166 0.189 0.220 0.261 0.316 0.392 0.495 0.638 0.846 1.171 1.567 1.814 1.913 1.927 1.886 1.850 1.788 1.699 1.606 1.493 1.370 1.198 1.006 0.869 0.786
0.000 0.000 0.000 0.000 0.000 0.000 0.000 0.000 0.000 0.000 0.000 0.000 0.000 0.000 0.000 0.000 0.001 0.001 0.001 0.001 0.001 0.001 0.002 0.002 0.003 0.003 0.004 0.005 0.007 0.009 0.012 0.015 0.018 0.022 0.027 0.032 0.036 0.042 0.048 0.054 0.061 0.067 0.073 0.078 0.082 0.088 0.095 0.106 0.120 0.138 0.157 0.177 0.201 0.232 0.275 0.333 0.413 0.521 0.669 0.871 1.155 1.504 1.796 1.955 2.004 1.980 1.880 1.798 1.726 1.632 1.519 1.374 1.184 0.996 0.858 0.780 0.737
0.000 0.000 0.000 0.000 0.000 0.000 0.000 0.000 0.000 0.000 0.000 0.000 0.000 0.000 0.000 0.001 0.001 0.001 0.001 0.001 0.001 0.002 0.002 0.003 0.004 0.005 0.006 0.008 0.010 0.013 0.016 0.020 0.024 0.029 0.034 0.040 0.045 0.052 0.058 0.065 0.071 0.077 0.082 0.087 0.093 0.101 0.112 0.125 0.142 0.163 0.187 0.213 0.246 0.290 0.349 0.430 0.542 0.696 0.904 1.187 1.478 1.735 1.890 1.970 2.000 1.976 1.854 1.735 1.641 1.537 1.388 1.196 1.010 0.875 0.788 0.739 0.708
0.000 0.000 0.000 0.000 0.000 0.000 0.000 0.000 0.000 0.000 0.000 0.000 0.000 0.000 0.001 0.001 0.001 0.001 0.001 0.001 0.002 0.002 0.003 0.004 0.006 0.008 0.010 0.012 0.014 0.018 0.022 0.026 0.031 0.037 0.043 0.049 0.056 0.063 0.069 0.076 0.082 0.088 0.093 0.099 0.107 0.119 0.133 0.150 0.171 0.197 0.225 0.261 0.308 0.370 0.451 0.560 0.711 0.915 1.207 1.559 1.777 1.888 1.944 1.977 1.962 1.921 1.813 1.670 1.535 1.395 1.216 1.029 0.898 0.813 0.756 0.714 0.680
0.000 0.000 0.000 0.000 0.000 0.000 0.000 0.000 0.000 0.000 0.000 0.000 0.000 0.001 0.001 0.001 0.001 0.001 0.001 0.002 0.002 0.003 0.005 0.007 0.009 0.011 0.014 0.017 0.020 0.024 0.029 0.034 0.040 0.046 0.052 0.060 0.067 0.074 0.081 0.088 0.095 0.102 0.108 0.116 0.127 0.143 0.162 0.184 0.210 0.241 0.278 0.327 0.395 0.482 0.590 0.732 0.922 1.174 1.584 1.970 2.111 2.066 1.988 1.960 1.907 1.816 1.729 1.599 1.416 1.232 1.065 0.928 0.836 0.775 0.730 0.690 0.650
0.000 0.000 0.000 0.000 0.000 0.000 0.000 0.000 0.000 0.000 0.000 0.001 0.001 0.001 0.001 0.001 0.001 0.001 0.002 0.002 0.003 0.005 0.007 0.010 0.013 0.016 0.019 0.023 0.027 0.032 0.037 0.043 0.050 0.056 0.063 0.072 0.080 0.087 0.094 0.101 0.109 0.118 0.127 0.138 0.153 0.174 0.198 0.225 0.257 0.297 0.347 0.417 0.515 0.633 0.770 0.953 1.187 1.530 2.020 2.302 2.323 2.146 1.977 1.904 1.804 1.685 1.588 1.461 1.253 1.066 0.940 0.854 0.793 0.745 0.703 0.663 0.616
0.000 0.000 0.000 0.000 0.000 0.000 0.000 0.000 0.000 0.001 0.001 0.001 0.001 0.001 0.001 0.001 0.002 0.002 0.003 0.004 0.005 0.008 0.011 0.015 0.018 0.022 0.026 0.030 0.035 0.041 0.047 0.054 0.060 0.068 0.076 0.086 0.094 0.101 0.109 0.117 0.126 0.137 0.150 0.167 0.188 0.213 0.242 0.275 0.315 0.368 0.441 0.545 0.682 0.841 1.008 1.243 1.585 2.013 2.349 2.418 2.382 2.173 1.951 1.804 1.665 1.526 1.399 1.250 1.074 0.938 0.852 0.798 0.755 0.716 0.676 0.632 0.576
0.000 0.000 0.000 0.000 0.000 0.001 0.001 0.001 0.001 0.001 0.001 0.001 0.001 0.001 0.001 0.002 0.002 0.003 0.005 0.007 0.009 0.012 0.017 0.021 0.026 0.031 0.035 0.040 0.045 0.051 0.059 0.065 0.072 0.081 0.091 0.101 0.109 0.117 0.126 0.135 0.146 0.160 0.179 0.203 0.232 0.262 0.297 0.336 0.389 0.464 0.570 0.714 0.897 1.133 1.377 1.695 2.067 2.327 2.420 2.406 2.327 2.132 1.917 1.712 1.545 1.401 1.240 1.083 0.956 0.866 0.808 0.766 0.729 0.688 0.643 0.588 0.518
0.001 0.001 0.001 0.001 0.001 0.001 0.001 0.001 0.001 0.001 0.001 0.001 0.001 0.002 0.002 0.003 0.004 0.006 0.009 0.012 0.016 0.021 0.026 0.031 0.037 0.043 0.048 0.052 0.057 0.063 0.071 0.078 0.086 0.096 0.108 0.118 0.127 0.136 0.146 0.157 0.171 0.190 0.218 0.254 0.289 0.324 0.363 0.413 0.486 0.592 0.738 0.928 1.179 1.586 2.006 2.263 2.344 2.348 2.348 2.262 2.076 1.927 1.793 1.620 1.416 1.247 1.082 0.957 0.883 0.833 0.791 0.752 0.708 0.656 0.597 0.521 0.451
0.001 0.001 0.001 0.001 0.001 0.001 0.001 0.001 0.001 0.001 0.001 0.002 0.002 0.003 0.004 0.005 0.008 0.012 0.017 0.023 0.030 0.037 0.042 0.048 0.054 0.059 0.063 0.066 0.070 0.076 0.085 0.093 0.102 0.113 0.125 0.136 0.146 0.156 0.168 0.183 0.203 0.231 0.272 0.320 0.363 0.403 0.447 0.512 0.615 0.762 0.960 1.227 1.609 2.092 2.405 2.469 2.357 2.220 2.090 1.868 1.663 1.629 1.597 1.477 1.247 1.064 0.943 0.880 0.849 0.822 0.793 0.751 0.682 0.607 0.527 0.445 0.401
0.001 0.001 0.001 0.001 0.002 0.002 0.001 0.001 0.001 0.002 0.002 0.002 0.003 0.005 0.007 0.010 0.016 0.024 0.035 0.048 0.060 0.068 0.075 0.080 0.083 0.084 0.083 0.083 0.086 0.091 0.099 0.110 0.121 0.133 0.144 0.156 0.168 0.181 0.197 0.217 0.245 0.284 0.338 0.392 0.443 0.494 0.554 0.648 0.793 0.995 1.272 1.627 2.004 2.295 2.400 2.401 2.227 1.974 1.771 1.597 1.472 1.486 1.470 1.323 1.092 0.945 0.871 0.845 0.838 0.829 0.809 0.755 0.641 0.537 0.454 0.394 0.369
0.004 0.003 0.003 0.004 0.004 0.003 0.003 0.002 0.002 0.003 0.003 0.004 0.006 0.009 0.014 0.022 0.033 0.052 0.080 0.102 0.115 0.121 0.120 0.116 0.110 0.105 0.101 0.099 0.100 0.106 0.116 0.128 0.142 0.155 0.166 0.179 0.194 0.210 0.232 0.261 0.299 0.349 0.406 0.459 0.520 0.597 0.695 0.832 1.036 1.320 1.649 1.942 2.140 2.243 2.261 2.172 1.979 1.766 1.599 1.479 1.383 1.382 1.342 1.162 0.967 0.873 0.836 0.832 0.844 0.849 0.830 0.749 0.591 0.477 0.409 0.368 0.352
0.012 0.012 0.012 0.012 0.012 0.010 0.007 0.005 0.004 0.005 0.005 0.008 0.012 0.018 0.029 0.047 0.074 0.117 0.168 0.193 0.186 0.163 0.147 0.134 0.123 0.117 0.113 0.112 0.114 0.122 0.134 0.150 0.167 0.181 0.192 0.207 0.225 0.247 0.276 0.316 0.365 0.419 0.472 0.527 0.604 0.718 0.875 1.078 1.361 1.692 1.949 2.089 2.146 2.125 2.055 1.934 1.775 1.618 1.500 1.402 1.309 1.262 1.180 1.011 0.874 0.815 0.801 0.811 0.845 0.855 0.833 0.736 0.558 0.446 0.391 0.360 0.343
0.048 0.048 0.049 0.050 0.049 0.039 0.022 0.013 0.010 0.009 0.011 0.015 0.023 0.036 0.060 0.099 0.163 0.229 0.267 0.261 0.221 0.179 0.156 0.140 0.128 0.122 0.122 0.124 0.130 0.140 0.155 0.178 0.199 0.211 0.222 0.239 0.263 0.294 0.334 0.385 0.440 0.494 0.549 0.619 0.726 0.886 1.108 1.404 1.719 1.964 2.099 2.140 2.125 2.058 1.922 1.766 1.634 1.522 1.424 1.330 1.229 1.126 1.007 0.881 0.800 0.764 0.757 0.775 0.830 0.852 0.830 0.730 0.549 0.439 0.389 0.362 0.339
0.207 0.200 0.201 0.201 0.190 0.153 0.093 0.050 0.030 0.024 0.025 0.031 0.045 0.070 0.116 0.200 0.287 0.324 0.315 0.277 0.223 0.182 0.157 0.140 0.130 0.128 0.130 0.138 0.150 0.164 0.186 0.217 0.237 0.246 0.256 0.278 0.311 0.355 0.407 0.466 0.523 0.580 0.649 0.754 0.910 1.131 1.431 1.741 1.981 2.116 2.146 2.136 2.081 1.955 1.792 1.648 1.537 1.442 1.349 1.247 1.128 0.997 0.878 0.789 0.735 0.708 0.703 0.729 0.807 0.851 0.838 0.738 0.553 0.442 0.395 0.369 0.342
0.688 0.663 0.654 0.641 0.597 0.498 0.349 0.214 0.125 0.083 0.073 0.078 0.099 0.143 0.220 0.320 0.375 0.363 0.311 0.254 0.205 0.172 0.151 0.138 0.134 0.137 0.145 0.160 0.180 0.204 0.239 0.273 0.288 0.295 0.306 0.332 0.376 0.432 0.495 0.557 0.618 0.690 0.793 0.953 1.183 1.456 1.752 1.983 2.104 2.143 2.136 2.096 2.010 1.854 1.696 1.573 1.466 1.365 1.263 1.142 1.010 0.893 0.796 0.720 0.666 0.640 0.636 0.668 0.775 0.855 0.859 0.762 0.565 0.451 0.407 0.382 0.351
1.778 1.735 1.719 1.682 1.561 1.347 1.055 0.730 0.464 0.308 0.252 0.244 0.263 0.318 0.392 0.441 0.426 0.352 0.267 0.214 0.181 0.158 0.144 0.138 0.141 0.154 0.174 0.202 0.239 0.286 0.329 0.353 0.361 0.368 0.381 0.416 0.470 0.533 0.600 0.668 0.746 0.857 1.020 1.244 1.568 1.893 2.076 2.146 2.178 2.146 2.083 2.015 1.912 1.755 1.603 1.488 1.384 1.272 1.145 1.018 0.909 0.818 0.737 0.658 0.591 0.560 0.556 0.593 0.733 0.869 0.897 0.798 0.582 0.465 0.422 0.395 0.354
3.599 3.601 3.603 3.542 3.335 2.993 2.512 1.932 1.356 0.953 0.768 0.700 0.674 0.666 0.637 0.573 0.465 0.334 0.248 0.207 0.179 0.157 0.146 0.145 0.157 0.185 0.229 0.287 0.365 0.444 0.481 0.482 0.470 0.472 0.490 0.536 0.600 0.665 0.734 0.823 0.949 1.134 1.405 1.687 1.944 2.142 2.244 2.237 2.165 2.052 1.966 1.894 1.813 1.660 1.499 1.373 1.270 1.161 1.038 0.930 0.843 0.761 0.677 0.584 0.503 0.470 0.470 0.523 0.700 0.895 0.947 0.841 0.605 0.484 0.436 0.397 0.341
5.548 5.535 5.491 5.410 5.215 4.884 4.413 3.815 3.077 2.369 1.934 1.710 1.522 1.282 0.990 0.738 0.520 0.359 0.276 0.236 0.207 0.183 0.172 0.174 0.195 0.247 0.332 0.454 0.603 0.717 0.749 0.705 0.635 0.616 0.632 0.691 0.767 0.845 0.930 1.059 1.244 1.495 1.844 2.121 2.235 2.257 2.237 2.207 2.089 1.886 1.841 1.811 1.736 1.559 1.382 1.253 1.162 1.068 0.961 0.871 0.790 0.702 0.598 0.494 0.424 0.402 0.412 0.487 0.696 0.922 0.984 0.878 0.638 0.507 0.442 0.384 0.307
7.108 6.989 6.919 6.815 6.564 6.167 5.754 5.354 4.903 4.280 3.523 2.860 2.342 1.845 1.371 0.986 0.693 0.510 0.414 0.364 0.333 0.310 0.290 0.274 0.291 0.363 0.515 0.751 0.956 1.049 1.032 0.922 0.824 0.798 0.817 0.885 0.981 1.102 1.224 1.385 1.608 1.813 2.058 2.246 2.297 2.282 2.155 1.991 1.869 1.773 1.763 1.757 1.672 1.450 1.255 1.129 1.051 0.979 0.900 0.821 0.732 0.623 0.508 0.425 0.383 0.374 0.395 0.487 0.714 0.949 1.008 0.909 0.685 0.525 0.429 0.346 0.265
8.511 8.246 8.119 7.937 7.530 7.012 6.631 6.334 6.014 5.480 4.483 3.359 2.611 2.082 1.686 1.367 1.098 0.900 0.782 0.726 0.707 0.698 0.672 0.613 0.554 0.595 0.795 1.108 1.251 1.251 1.155 1.033 0.979 0.994 1.065 1.155 1.264 1.407 1.562 1.744 1.964 2.099 2.199 2.254 2.267 2.267 2.129 1.865 1.728 1.734 1.754 1.724 1.584 1.317 1.116 1.005 0.949 0.902 0.849 0.778 0.663 0.526 0.426 0.377 0.364 0.370 0.404 0.514 0.761 0.984 1.028 0.946 0.732 0.518 0.389 0.295 0.231
9.756 9.287 9.088 8.810 8.220 7.661 7.335 7.065 6.733 6.163 5.015 3.597 2.772 2.307 2.048 1.889 1.751 1.624 1.531 1.498 1.533 1.611 1.617 1.543 1.360 1.134 1.168 1.369 1.409 1.316 1.184 1.117 1.117 1.185 1.297 1.413 1.533 1.656 1.811 2.024 2.240 2.332 2.331 2.275 2.238 2.231 2.108 1.817 1.697 1.738 1.767 1.654 1.405 1.142 0.984 0.917 0.888 0.863 0.827 0.738 0.577 0.437 0.362 0.340 0.346 0.374 0.433 0.567 0.835 1.026 1.054 0.984 0.756 0.477 0.327 0.246 0.209
10.859 10.072 9.754 9.386 8.751 8.238 7.895 7.627 7.353 6.803 5.489 3.918 3.120 2.724 2.555 2.544 2.624 2.683 2.711 2.775 2.959 3.273 3.437 3.449 3.236 2.579 1.854 1.568 1.468 1.323 1.221 1.211 1.271 1.365 1.465 1.577 1.720 1.873 2.010 2.159 2.314 2.380 2.370 2.300 2.205 2.139 2.019 1.841 1.764 1.749 1.707 1.478 1.152 0.968 0.890 0.869 0.866 0.858 0.819 0.681 0.480 0.361 0.316 0.310 0.326 0.373 0.462 0.635 0.918 1.074 1.091 1.013 0.733 0.397 0.256 0.209 0.197
11.489 10.439 10.061 9.691 9.111 8.645 8.341 8.071 7.787 7.207 5.837 4.415 3.764 3.448 3.354 3.480 3.820 4.116 4.335 4.582 5.006 5.668 6.124 6.333 6.235 5.447 3.670 2.002 1.493 1.373 1.318 1.342 1.442 1.534 1.620 1.725 1.870 2.053 2.197 2.280 2.320 2.338 2.349 2.288 2.085 1.919 1.843 1.809 1.803 1.719 1.496 1.199 0.957 0.860 0.835 0.845 0.865 0.864 0.804 0.603 0.392 0.308 0.289 0.296 0.322 0.374 0.481 0.699 1.011 1.152 1.152 1.032 0.675 0.331 0.219 0.194 0.193
11.426 10.475 10.126 9.892 9.470 9.019 8.693 8.358 8.037 7.359 6.062 5.088 4.706 4.557 4.629 4.948 5.499 6.029 6.492 6.967 7.598 8.403 9.057 9.553 9.664 9.210 7.335 3.846 1.779 1.483 1.498 1.533 1.616 1.714 1.830 1.972 2.075 2.178 2.268 2.316 2.287 2.209 2.215 2.161 1.927 1.705 1.689 1.730 1.739 1.607 1.273 0.981 0.838 0.797 0.801 0.837 0.867 0.862 0.776 0.546 0.351 0.287 0.281 0.297 0.332 0.382 0.485 0.729 1.066 1.204 1.186 1.015 0.624 0.315 0.215 0.195 0.196
10.541 10.131 10.021 9.946 9.637 9.200 8.853 8.510 8.077 7.292 6.366 5.956 5.930 6.236 6.687 7.218 7.869 8.559 9.204 9.865 10.521 11.099 11.602 12.065 12.270 12.162 11.293 8.014 3.789 2.104 1.732 1.694 1.773 1.890 2.037 2.161 2.210 2.228 2.260 2.265 2.181 2.022 1.949 1.866 1.759 1.649 1.616 1.627 1.603 1.446 1.109 0.859 0.768 0.756 0.778 0.835 0.865 0.852 0.751 0.526 0.349 0.291 0.287 0.308 0.353 0.405 0.495 0.721 1.048 1.190 1.179 0.997 0.606 0.327 0.230 0.208 0.208
9.151 9.581 9.831 9.881 9.669 9.296 8.919 8.521 8.035 7.506 7.194 7.295 7.821 8.990 9.997 10.657 11.256 11.797 12.139 12.595 13.090 13.594 14.013 14.157 14.137 14.065 13.798 12.326 8.575 5.179 3.403 2.556 2.188 2.074 2.120 2.147 2.155 2.186 2.181 2.147 2.010 1.829 1.765 1.666 1.564 1.558 1.552 1.504 1.415 1.247 0.968 0.788 0.733 0.734 0.767 0.826 0.849 0.831 0.730 0.525 0.372 0.320 0.314 0.330 0.378 0.443 0.527 0.706 0.997 1.141 1.141 0.981 0.618 0.361 0.265 0.236 0.231
8.162 9.104 9.463 9.572 9.408 9.162 8.947 8.674 8.500 8.603 9.056 9.858 11.100 12.405 13.255 13.590 13.839 14.012 14.117 14.333 14.541 14.968 15.457 15.585 15.468 15.229 15.033 14.494 12.859 10.301 8.210 6.621 5.277 4.134 3.300 2.715 2.200 1.908 1.943 1.952 1.861 1.731 1.630 1.544 1.436 1.417 1.426 1.367 1.246 1.085 0.881 0.758 0.722 0.726 0.759 0.807 0.822 0.807 0.718 0.538 0.417 0.375 0.367 0.374 0.412 0.481 0.572 0.719 0.939 1.067 1.075 0.949 0.648 0.416 0.317 0.279 0.262
7.540 8.494 8.831 8.916 8.824 8.828 8.895 8.952 9.108 9.418 10.356 11.981 13.483 14.257 14.771 14.813 14.943 14.882 14.924 15.029 15.149 15.548 15.987 16.128 16.033 15.720 15.523 15.387 14.829 13.498 12.226 11.520 11.004 10.189 9.044 7.723 5.907 3.612 2.125 1.662 1.637 1.644 1.539 1.423 1.332 1.291 1.275 1.234 1.138 0.992 0.842 0.756 0.726 0.727 0.756 0.793 0.802 0.787 0.707 0.559 0.474 0.447 0.442 0.444 0.464 0.517 0.611 0.756 0.897 0.962 0.972 0.894 0.677 0.486 0.389 0.336 0.298
6.925 7.642 8.000 8.113 8.168 8.381 8.614 8.820 9.017 9.377 10.478 12.508 14.095 14.729 15.103 15.090 15.177 15.037 15.033 15.062 15.138 15.465 15.765 15.827 15.755 15.514 15.252 15.187 15.007 14.363 13.541 13.268 13.399 13.773 13.914 13.659 12.987 10.677 7.010 3.683 1.888 1.523 1.503 1.380 1.266 1.184 1.129 1.083 1.015 0.904 0.809 0.761 0.741 0.740 0.759 0.779 0.773 0.745 0.672 0.569 0.523 0.520 0.534 0.537 0.537 0.565 0.650 0.806 0.899 0.901 0.863 0.810 0.683 0.544 0.464 0.400 0.338
6.177 6.711 7.072 7.289 7.478 7.743 7.964 8.098 8.262 8.662 9.951 12.280 13.972 14.631 14.925 14.923 14.832 14.611 14.540 14.604 14.665 14.761 14.828 14.851 14.867 14.788 14.289 14.071 14.011 13.799 13.335 13.172 13.502 14.203 14.569 14.649 14.592 13.997 12.512 9.672 5.806 2.958 2.033 1.767 1.547 1.339 1.150 1.027 0.935 0.842 0.785 0.765 0.759 0.758 0.764 0.767 0.753 0.718 0.653 0.586 0.568 0.590 0.641 0.654 0.640 0.641 0.707 0.844 0.896 0.853 0.762 0.711 0.650 0.565 0.505 0.450 0.381
5.023 5.460 5.837 6.188 6.433 6.651 6.789 6.841 6.923 7.238 8.540 10.980 12.828 13.549 13.776 13.733 13.455 13.129 12.960 12.952 12.990 12.922 12.793 12.691 12.629 12.447 11.617 11.195 11.191 11.251 11.318 11.478 12.128 13.085 13.478 13.599 13.654 13.426 12.904 11.661 9.241 6.078 4.042 3.299 2.958 2.508 1.864 1.300 1.003 0.856 0.790 0.774 0.775 0.776 0.772 0.789 0.835 0.848 0.822 0.793 0.790 0.829 0.896 0.916 0.870 0.772 0.795 0.869 0.869 0.779 0.669 0.622 0.590 0.551 0.516 0.480 0.424
3.049 3.328 3.714 4.284 4.684 4.903 5.013 5.082 5.219 5.605 6.764 8.769 10.315 10.957 11.146 11.091 10.780 10.367 10.068 9.879 9.760 9.605 9.414 9.190 8.976 8.620 7.691 7.174 7.082 7.127 7.485 8.135 9.291 10.599 11.191 11.374 11.459 11.410 11.262 10.580 9.159 6.659 4.570 3.861 3.775 3.593 3.107 2.356 1.620 1.135 0.906 0.826 0.812 0.814 0.957 1.319 1.705 1.947 2.049 2.073 2.082 2.127 2.179 2.147 1.935 1.423 0.974 0.852 0.799 0.687 0.591 0.545 0.524 0.514 0.506 0.492 0.460
1.117 1.191 1.364 1.761 2.140 2.393 2.610 2.849 3.206 3.812 4.805 6.023 6.892 7.283 7.370 7.335 7.093 6.675 6.295 6.033 5.795 5.585 5.299 4.945 4.599 4.205 3.717 3.515 3.519 3.669 4.085 4.853 6.085 7.327 8.025 8.284 8.312 8.240 8.160 7.936 7.196 5.387 3.930 3.507 3.518 3.536 3.373 3.014 2.515 1.935 1.373 1.075 1.041 1.427 2.410 3.459 4.201 4.603 4.760 4.820 4.858 4.967 5.083 5.127 4.852 3.787 2.010 0.950 0.670 0.576 0.515 0.477 0.462 0.465 0.481 0.490 0.484
