AvaFrame/avaframe/data/avaSalk/Avaflow_Input_Output/slk_results/slk_ascii/slk_basechange10014.asc
ncols 296
nrows 144
xllcenter 761600.00
yllcenter 8523000.00
cellsize 12.50
NODATA_value -9999.000
[rows 33 to 65 of 144, columns 222 to 295 of 296]
0.000 0.000 0.000 0.000 -0.000 -0.000 -0.000 -0.000 -0.000 -0.000 -0.000 -0.000 -0.000 -0.000 -0.000 -0.000 -0.000 -0.000 -0.000 -0.000 -0.000 -0.001 -0.001 -0.001 -0.002 -0.004 -0.007 -0.014 -0.026 -0.045 -0.071 -0.104 -0.146 -0.196 -0.267 -0.343 -0.426 -0.520 -0.599 -0.672 -0.727 -0.749 -0.724 -0.663 -0.572 -0.410 -0.204 -0.072 -0.021 -0.004 -0.001 -0.000 -0.000 -0.000 -0.000 0.000 0.000 0.000 0.000 0.000 0.000 0.000 0.000 0.000 0.000 0.000 0.000 0.000 0.000 0.000 0.000 0.000 0.000 0.000
0.000 0.000 0.000 -0.000 -0.000 -0.000 -0.000 -0.000 -0.000 -0.000 -0.000 -0.000 -0.000 -0.000 -0.000 -0.000 -0.000 -0.000 -0.000 -0.001 -0.001 -0.001 -0.002 -0.004 -0.007 -0.014 -0.026 -0.046 -0.074 -0.109 -0.150 -0.195 -0.249 -0.312 -0.409 -0.533 -0.669 -0.817 -0.934 -1.009 -1.048 -1.029 -0.956 -0.837 -0.679 -0.461 -0.226 -0.072 -0.020 -0.004 -0.001 -0.000 -0.000 -0.000 -0.000 0.000 0.000 0.000 0.000 0.000 0.000 0.000 0.000 0.000 0.000 0.000 0.000 0.000 0.000 0.000 0.000 0.000 0.000 0.000
0.000 -0.000 -0.000 -0.000 -0.000 -0.000 -0.000 -0.000 -0.000 -0.000 -0.000 -0.000 -0.000 -0.000 -0.000 -0.000 -0.000 -0.001 -0.001 -0.001 -0.002 -0.003 -0.006 -0.012 -0.024 -0.044 -0.073 -0.111 -0.155 -0.203 -0.254 -0.311 -0.376 -0.465 -0.610 -0.815 -1.053 -1.316 -1.521 -1.615 -1.647 -1.581 -1.405 -1.135 -0.840 -0.532 -0.241 -0.079 -0.021 -0.005 -0.001 -0.000 -0.000 -0.000 -0.000 -0.000 0.000 0.000 0.000 0.000 0.000 0.000 0.000 0.000 0.000 0.000 0.000 0.000 0.000 0.000 0.000 0.000 0.000 0.000
-0.000 -0.000 -0.000 -0.000 -0.000 -0.000 -0.000 -0.000 -0.000 -0.000 -0.000 -0.000 -0.000 -0.000 -0.000 -0.000 -0.001 -0.001 -0.002 -0.003 -0.005 -0.010 -0.020 -0.040 -0.069 -0.108 -0.154 -0.204 -0.257 -0.313 -0.373 -0.444 -0.529 -0.684 -0.942 -1.250 -1.588 -1.981 -2.307 -2.479 -2.528 -2.471 -2.234 -1.761 -1.209 -0.672 -0.274 -0.086 -0.023 -0.005 -0.001 -0.000 -0.000 -0.000 -0.000 -0.000 0.000 0.000 0.000 0.000 0.000 0.000 0.000 0.000 0.000 0.000 0.000 0.000 0.000 0.000 0.000 0.000 0.000 0.000
-0.000 -0.000 -0.000 -0.000 -0.000 -0.000 -0.000 -0.000 -0.000 -0.000 -0.000 -0.000 -0.000 -0.000 -0.001 -0.001 -0.001 -0.002 -0.004 -0.009 -0.017 -0.034 -0.062 -0.101 -0.148 -0.198 -0.252 -0.309 -0.368 -0.429 -0.495 -0.583 -0.702 -0.949 -1.368 -1.837 -2.227 -2.506 -2.690 -2.877 -2.978 -3.009 -2.819 -2.455 -1.837 -0.981 -0.346 -0.093 -0.023 -0.005 -0.001 -0.000 -0.000 -0.000 -0.000 -0.000 0.000 0.000 0.000 0.000 0.000 0.000 0.000 0.000 0.000 0.000 0.000 0.000 0.000 0.000 0.000 0.000 0.000 0.000
-0.000 -0.000 -0.000 -0.000 -0.000 -0.000 -0.000 -0.000 -0.000 -0.000 -0.000 -0.000 -0.001 -0.001 -0.001 -0.002 -0.003 -0.006 -0.013 -0.027 -0.052 -0.090 -0.137 -0.189 -0.244 -0.300 -0.358 -0.419 -0.483 -0.551 -0.622 -0.732 -0.924 -1.307 -1.823 -2.321 -2.742 -2.800 -2.573 -2.494 -2.600 -2.765 -2.590 -2.491 -2.417 -1.455 -0.462 -0.105 -0.025 -0.006 -0.001 -0.000 -0.000 -0.000 -0.000 -0.000 0.000 0.000 0.000 0.000 0.000 0.000 0.000 0.000 0.000 0.000 0.000 0.000 0.000 0.000 0.000 0.000 0.000 0.000
-0.000 -0.000 -0.000 -0.000 -0.000 -0.000 -0.000 -0.000 -0.000 -0.000 -0.001 -0.001 -0.001 -0.002 -0.003 -0.005 -0.009 -0.019 -0.040 -0.075 -0.121 -0.174 -0.231 -0.290 -0.350 -0.413 -0.476 -0.543 -0.612 -0.685 -0.771 -0.913 -1.239 -1.754 -2.211 -2.526 -2.884 -2.935 -2.650 -2.145 -1.799 -1.967 -2.028 -2.195 -2.575 -1.787 -0.522 -0.110 -0.026 -0.006 -0.002 -0.000 -0.000 -0.000 -0.000 -0.000 0.000 0.000 0.000 0.000 0.000 0.000 0.000 0.000 0.000 0.000 0.000 0.000 0.000 0.000 0.000 0.000 0.000 0.000
-0.000 -0.000 -0.000 -0.000 -0.000 -0.000 -0.000 -0.000 -0.001 -0.001 -0.001 -0.002 -0.002 -0.004 -0.007 -0.014 -0.028 -0.056 -0.100 -0.155 -0.215 -0.276 -0.338 -0.405 -0.471 -0.541 -0.610 -0.684 -0.763 -0.848 -0.957 -1.156 -1.602 -2.052 -2.241 -2.426 -2.733 -2.638 -2.554 -2.172 -1.732 -1.728 -1.610 -2.203 -2.602 -1.833 -0.520 -0.104 -0.025 -0.006 -0.002 -0.001 -0.000 -0.000 -0.000 -0.000 0.000 0.000 0.000 0.000 0.000 0.000 0.000 0.000 0.000 0.000 0.000 0.000 0.000 0.000 0.000 0.000 0.000 0.000
-0.000 -0.000 -0.000 -0.000 -0.000 -0.000 -0.000 -0.001 -0.001 -0.001 -0.002 -0.003 -0.005 -0.010 -0.020 -0.041 -0.078 -0.132 -0.196 -0.261 -0.326 -0.396 -0.465 -0.538 -0.614 -0.691 -0.769 -0.849 -0.941 -1.044 -1.201 -1.482 -1.921 -2.179 -2.135 -2.143 -2.318 -2.165 -2.272 -2.053 -1.692 -1.773 -1.682 -2.380 -2.583 -1.546 -0.438 -0.092 -0.023 -0.005 -0.002 -0.001 -0.000 -0.000 -0.000 -0.000 0.000 0.000 0.000 0.000 0.000 0.000 0.000 0.000 0.000 0.000 0.000 0.000 0.000 0.000 0.000 0.000 0.000 0.000
-0.000 -0.000 -0.000 -0.000 -0.000 -0.001 -0.001 -0.001 -0.002 -0.003 -0.005 -0.008 -0.015 -0.029 -0.060 -0.110 -0.178 -0.252 -0.327 -0.400 -0.472 -0.544 -0.625 -0.707 -0.792 -0.880 -0.971 -1.063 -1.173 -1.309 -1.530 -1.904 -2.247 -2.332 -2.188 -2.148 -2.180 -2.080 -2.360 -2.225 -1.915 -1.879 -1.797 -2.323 -2.118 -1.046 -0.296 -0.073 -0.019 -0.005 -0.002 -0.001 -0.000 -0.000 -0.000 -0.000 0.000 0.000 0.000 0.000 0.000 0.000 0.000 0.000 0.000 0.000 0.000 0.000 0.000 0.000 0.000 0.000 0.000 0.000
-0.000 -0.000 -0.000 -0.001 -0.001 -0.001 -0.002 -0.003 -0.004 -0.007 -0.013 -0.024 -0.046 -0.088 -0.153 -0.236 -0.322 -0.407 -0.490 -0.572 -0.655 -0.740 -0.835 -0.933 -1.031 -1.137 -1.245 -1.366 -1.513 -1.726 -2.004 -2.370 -2.588 -2.574 -2.431 -2.332 -2.289 -2.162 -2.266 -2.173 -1.977 -1.920 -1.956 -2.038 -1.449 -0.626 -0.177 -0.052 -0.014 -0.004 -0.001 -0.001 -0.000 -0.000 -0.000 -0.000 0.000 0.000 0.000 0.000 0.000 0.000 0.000 0.000 0.000 0.000 0.000 0.000 0.000 0.000 0.000 0.000 0.000 0.000
-0.000 -0.001 -0.001 -0.001 -0.002 -0.002 -0.004 -0.006 -0.011 -0.021 -0.040 -0.075 -0.133 -0.213 -0.308 -0.406 -0.496 -0.584 -0.673 -0.775 -0.880 -0.994 -1.124 -1.254 -1.381 -1.518 -1.673 -1.850 -2.086 -2.403 -2.726 -2.941 -3.029 -2.981 -2.936 -2.790 -2.619 -2.480 -2.531 -2.492 -2.262 -2.087 -1.932 -1.537 -0.833 -0.332 -0.107 -0.035 -0.010 -0.003 -0.001 -0.001 -0.000 -0.000 -0.000 -0.000 0.000 0.000 0.000 0.000 0.000 0.000 0.000 0.000 0.000 0.000 0.000 0.000 0.000 0.000 0.000 0.000 0.000 0.000
-0.001 -0.001 -0.002 -0.002 -0.003 -0.005 -0.009 -0.017 -0.034 -0.065 -0.117 -0.192 -0.291 -0.395 -0.497 -0.597 -0.697 -0.802 -0.911 -1.046 -1.206 -1.370 -1.557 -1.759 -1.954 -2.162 -2.410 -2.684 -2.982 -3.287 -3.573 -3.702 -3.664 -3.554 -3.529 -3.476 -3.330 -3.161 -3.045 -2.768 -2.410 -1.922 -1.451 -0.860 -0.396 -0.156 -0.060 -0.021 -0.007 -0.003 -0.001 -0.000 -0.000 -0.000 -0.000 -0.000 0.000 0.000 0.000 0.000 0.000 0.000 0.000 0.000 0.000 0.000 0.000 0.000 0.000 0.000 0.000 0.000 0.000 0.000
-0.001 -0.002 -0.003 -0.005 -0.008 -0.014 -0.026 -0.052 -0.099 -0.167 -0.257 -0.362 -0.475 -0.592 -0.701 -0.819 -0.950 -1.096 -1.267 -1.473 -1.730 -2.003 -2.269 -2.545 -2.819 -3.065 -3.330 -3.605 -3.820 -3.955 -4.042 -4.095 -4.026 -3.855 -3.759 -3.627 -3.384 -3.074 -2.719 -2.310 -1.791 -1.217 -0.722 -0.372 -0.166 -0.071 -0.031 -0.012 -0.005 -0.002 -0.001 -0.000 -0.000 -0.000 -0.000 -0.000 0.000 0.000 0.000 0.000 0.000 0.000 0.000 0.000 0.000 0.000 0.000 0.000 0.000 0.000 0.000 0.000 0.000 0.000
-0.003 -0.004 -0.007 -0.011 -0.021 -0.042 -0.079 -0.139 -0.222 -0.323 -0.429 -0.544 -0.665 -0.800 -0.943 -1.104 -1.308 -1.538 -1.816 -2.159 -2.529 -2.890 -3.191 -3.413 -3.565 -3.680 -3.813 -3.978 -4.094 -4.092 -4.003 -3.929 -3.778 -3.508 -3.270 -2.967 -2.530 -2.028 -1.616 -1.242 -0.877 -0.545 -0.301 -0.154 -0.073 -0.034 -0.016 -0.007 -0.003 -0.001 -0.001 -0.000 -0.000 -0.000 -0.000 0.000 0.000 0.000 0.000 0.000 0.000 0.000 0.000 0.000 0.000 0.000 0.000 0.000 0.000 0.000 0.000 0.000 0.000 0.000
-0.006 -0.010 -0.017 -0.033 -0.063 -0.115 -0.192 -0.287 -0.391 -0.505 -0.622 -0.748 -0.894 -1.064 -1.263 -1.511 -1.826 -2.201 -2.594 -3.011 -3.379 -3.626 -3.750 -3.804 -3.805 -3.790 -3.818 -3.881 -3.872 -3.741 -3.467 -3.160 -2.847 -2.475 -2.113 -1.757 -1.389 -1.066 -0.814 -0.598 -0.407 -0.251 -0.142 -0.076 -0.039 -0.019 -0.009 -0.004 -0.002 -0.001 -0.001 -0.000 -0.000 -0.000 -0.000 0.000 0.000 0.000 0.000 0.000 0.000 0.000 0.000 0.000 0.000 0.000 0.000 0.000 0.000 0.000 0.000 0.000 0.000 0.000
-0.015 -0.027 -0.052 -0.095 -0.162 -0.249 -0.353 -0.464 -0.582 -0.713 -0.860 -1.019 -1.215 -1.463 -1.746 -2.099 -2.531 -3.001 -3.378 -3.642 -3.778 -3.812 -3.752 -3.675 -3.588 -3.477 -3.399 -3.307 -3.143 -2.875 -2.527 -2.142 -1.781 -1.483 -1.235 -1.023 -0.825 -0.642 -0.486 -0.354 -0.243 -0.153 -0.088 -0.047 -0.023 -0.011 -0.005 -0.003 -0.001 -0.001 -0.000 -0.000 -0.000 -0.000 -0.000 0.000 0.000 0.000 0.000 0.000 0.000 0.000 0.000 0.000 0.000 0.000 0.000 0.000 0.000 0.000 0.000 0.000 0.000 0.000
-0.043 -0.080 -0.139 -0.220 -0.321 -0.430 -0.542 -0.665 -0.805 -0.969 -1.168 -1.403 -1.674 -2.017 -2.407 -2.828 -3.258 -3.607 -3.770 -3.782 -3.699 -3.540 -3.314 -3.097 -2.908 -2.731 -2.592 -2.454 -2.256 -2.004 -1.730 -1.457 -1.208 -1.006 -0.848 -0.710 -0.576 -0.452 -0.345 -0.251 -0.169 -0.103 -0.057 -0.028 -0.013 -0.007 -0.004 -0.002 -0.001 -0.001 -0.000 -0.000 -0.000 -0.000 -0.000 0.000 0.000 0.000 0.000 0.000 0.000 0.000 0.000 0.000 0.000 0.000 0.000 0.000 0.000 0.000 0.000 0.000 0.000 0.000
-0.115 -0.189 -0.284 -0.393 -0.508 -0.633 -0.764 -0.913 -1.094 -1.309 -1.573 -1.880 -2.228 -2.619 -3.034 -3.407 -3.671 -3.748 -3.664 -3.453 -3.172 -2.862 -2.573 -2.340 -2.171 -2.042 -1.940 -1.828 -1.666 -1.458 -1.248 -1.058 -0.894 -0.758 -0.639 -0.535 -0.433 -0.339 -0.258 -0.185 -0.119 -0.067 -0.033 -0.016 -0.008 -0.004 -0.002 -0.001 -0.001 -0.000 -0.000 -0.000 -0.000 -0.000 0.000 0.000 0.000 0.000 0.000 0.000 0.000 0.000 0.000 0.000 0.000 0.000 0.000 0.000 0.000 0.000 0.000 0.000 0.000 0.000
-0.250 -0.351 -0.461 -0.583 -0.711 -0.853 -1.019 -1.210 -1.442 -1.712 -2.035 -2.380 -2.746 -3.100 -3.414 -3.616 -3.616 -3.431 -3.124 -2.757 -2.385 -2.097 -1.893 -1.775 -1.707 -1.640 -1.557 -1.442 -1.289 -1.113 -0.953 -0.817 -0.698 -0.600 -0.509 -0.421 -0.338 -0.260 -0.192 -0.133 -0.079 -0.041 -0.020 -0.010 -0.005 -0.003 -0.002 -0.001 -0.001 -0.000 -0.000 -0.000 -0.000 -0.000 0.000 0.000 0.000 0.000 0.000 0.000 0.000 0.000 0.000 0.000 0.000 0.000 0.000 0.000 0.000 0.000 0.000 0.000 0.000 0.000
-0.431 -0.542 -0.662 -0.793 -0.941 -1.110 -1.307 -1.536 -1.817 -2.124 -2.460 -2.793 -3.112 -3.363 -3.471 -3.445 -3.221 -2.827 -2.409 -2.032 -1.757 -1.596 -1.511 -1.469 -1.450 -1.400 -1.301 -1.172 -1.027 -0.883 -0.757 -0.656 -0.571 -0.491 -0.414 -0.340 -0.269 -0.202 -0.143 -0.092 -0.051 -0.025 -0.013 -0.007 -0.004 -0.002 -0.001 -0.001 -0.000 -0.000 -0.000 -0.000 -0.000 -0.000 0.000 0.000 0.000 0.000 0.000 0.000 0.000 0.000 0.000 0.000 0.000 0.000 0.000 0.000 0.000 0.000 0.000 0.000 0.000 0.000
-0.612 -0.738 -0.871 -1.022 -1.194 -1.392 -1.625 -1.887 -2.185 -2.499 -2.799 -3.069 -3.271 -3.358 -3.238 -2.980 -2.645 -2.219 -1.847 -1.591 -1.433 -1.352 -1.314 -1.300 -1.276 -1.210 -1.095 -0.959 -0.826 -0.714 -0.621 -0.540 -0.472 -0.408 -0.341 -0.275 -0.214 -0.157 -0.105 -0.063 -0.033 -0.017 -0.008 -0.004 -0.002 -0.001 -0.001 -0.000 -0.000 -0.000 -0.000 -0.000 -0.000 0.000 0.000 0.000 0.000 0.000 0.000 0.000 0.000 0.000 0.000 0.000 0.000 0.000 0.000 0.000 0.000 0.000 0.000 0.000 0.000 0.000
-0.790 -0.925 -1.077 -1.250 -1.451 -1.683 -1.944 -2.236 -2.512 -2.791 -3.025 -3.190 -3.219 -3.102 -2.826 -2.453 -2.080 -1.758 -1.525 -1.374 -1.284 -1.237 -1.212 -1.184 -1.131 -1.039 -0.914 -0.782 -0.669 -0.581 -0.514 -0.453 -0.396 -0.340 -0.281 -0.222 -0.169 -0.120 -0.077 -0.043 -0.022 -0.011 -0.006 -0.003 -0.002 -0.001 -0.001 -0.000 -0.000 -0.000 -0.000 -0.000 -0.000 0.000 0.000 0.000 0.000 0.000 0.000 0.000 0.000 0.000 0.000 0.000 0.000 0.000 0.000 0.000 0.000 0.000 0.000 0.000 0.000 0.000
-0.989 -1.132 -1.298 -1.494 -1.719 -1.974 -2.245 -2.515 -2.760 -2.972 -3.092 -3.114 -2.993 -2.732 -2.378 -2.003 -1.676 -1.449 -1.317 -1.249 -1.206 -1.172 -1.140 -1.086 -0.996 -0.879 -0.754 -0.639 -0.549 -0.482 -0.429 -0.383 -0.336 -0.285 -0.231 -0.179 -0.133 -0.091 -0.055 -0.029 -0.015 -0.008 -0.004 -0.002 -0.001 -0.001 -0.000 -0.000 -0.000 -0.000 -0.000 -0.000 0.000 0.000 0.000 0.000 0.000 0.000 0.000 0.000 0.000 0.000 0.000 0.000 0.000 0.000 0.000 0.000 0.000 0.000 0.000 0.000 0.000 0.000
-1.195 -1.352 -1.543 -1.751 -1.983 -2.234 -2.480 -2.706 -2.883 -3.009 -3.002 -2.860 -2.627 -2.301 -1.926 -1.601 -1.381 -1.255 -1.186 -1.157 -1.145 -1.113 -1.053 -0.968 -0.857 -0.731 -0.616 -0.525 -0.458 -0.407 -0.365 -0.324 -0.283 -0.238 -0.190 -0.144 -0.103 -0.067 -0.038 -0.019 -0.010 -0.005 -0.003 -0.002 -0.001 -0.001 -0.000 -0.000 -0.000 -0.000 -0.000 -0.000 0.000 0.000 0.000 0.000 0.000 0.000 0.000 0.000 0.000 0.000 0.000 0.000 0.000 0.000 0.000 0.000 0.000 0.000 0.000 0.000 0.000 0.000
-1.391 -1.561 -1.773 -1.993 -2.206 -2.439 -2.644 -2.810 -2.901 -2.906 -2.796 -2.546 -2.217 -1.849 -1.524 -1.290 -1.161 -1.108 -1.097 -1.092 -1.082 -1.036 -0.946 -0.834 -0.712 -0.595 -0.504 -0.436 -0.386 -0.346 -0.311 -0.275 -0.234 -0.194 -0.153 -0.114 -0.079 -0.049 -0.026 -0.013 -0.006 -0.003 -0.002 -0.001 -0.001 -0.000 -0.000 -0.000 -0.000 -0.000 -0.000 0.000 0.000 0.000 0.000 0.000 0.000 0.000 0.000 0.000 0.000 0.000 0.000 0.000 0.000 0.000 0.000 0.000 0.000 0.000 0.000 0.000 0.000 0.000
-1.580 -1.767 -1.975 -2.190 -2.384 -2.575 -2.755 -2.830 -2.818 -2.706 -2.499 -2.193 -1.831 -1.497 -1.256 -1.111 -1.043 -1.023 -1.028 -1.031 -1.010 -0.938 -0.823 -0.698 -0.580 -0.485 -0.417 -0.368 -0.329 -0.297 -0.265 -0.232 -0.194 -0.157 -0.121 -0.089 -0.060 -0.035 -0.018 -0.008 -0.004 -0.002 -0.001 -0.001 -0.000 -0.000 -0.000 -0.000 -0.000 -0.000 -0.000 0.000 0.000 0.000 0.000 0.000 0.000 0.000 0.000 0.000 0.000 0.000 0.000 0.000 0.000 0.000 0.000 0.000 0.000 0.000 0.000 0.000 0.000 0.000
-1.765 -1.962 -2.153 -2.344 -2.513 -2.651 -2.754 -2.764 -2.660 -2.448 -2.147 -1.812 -1.487 -1.243 -1.100 -1.020 -0.988 -0.990 -0.993 -0.972 -0.918 -0.821 -0.690 -0.573 -0.477 -0.407 -0.357 -0.318 -0.285 -0.257 -0.229 -0.196 -0.161 -0.128 -0.097 -0.069 -0.044 -0.025 -0.012 -0.006 -0.003 -0.002 -0.001 -0.001 -0.000 -0.000 -0.000 -0.000 -0.000 -0.000 -0.000 0.000 0.000 0.000 0.000 0.000 0.000 0.000 0.000 0.000 0.000 0.000 0.000 0.000 0.000 0.000 0.000 0.000 0.000 0.000 0.000 0.000 0.000 0.000
-1.945 -2.124 -2.307 -2.457 -2.580 -2.656 -2.677 -2.609 -2.436 -2.147 -1.792 -1.471 -1.233 -1.083 -1.010 -0.978 -0.967 -0.972 -0.955 -0.903 -0.811 -0.687 -0.564 -0.470 -0.402 -0.351 -0.311 -0.278 -0.249 -0.223 -0.196 -0.165 -0.134 -0.105 -0.079 -0.055 -0.033 -0.018 -0.009 -0.004 -0.002 -0.001 -0.001 -0.000 -0.000 -0.000 -0.000 -0.000 -0.000 -0.000 -0.000 0.000 0.000 0.000 0.000 0.000 0.000 0.000 0.000 0.000 0.000 0.000 0.000 0.000 0.000 0.000 0.000 0.000 0.000 0.000 0.000 0.000 0.000 0.000
-2.106 -2.257 -2.410 -2.518 -2.578 -2.579 -2.534 -2.406 -2.155 -1.814 -1.477 -1.231 -1.078 -1.000 -0.961 -0.961 -0.958 -0.939 -0.889 -0.801 -0.682 -0.559 -0.462 -0.395 -0.347 -0.306 -0.273 -0.244 -0.218 -0.193 -0.167 -0.140 -0.113 -0.088 -0.064 -0.042 -0.024 -0.013 -0.006 -0.003 -0.002 -0.001 -0.000 -0.000 -0.000 -0.000 -0.000 -0.000 -0.000 -0.000 -0.000 0.000 0.000 0.000 0.000 0.000 0.000 0.000 0.000 0.000 0.000 0.000 0.000 0.000 0.000 0.000 0.000 0.000 0.000 0.000 0.000 0.000 0.000 0.000
-2.243 -2.366 -2.459 -2.507 -2.502 -2.455 -2.344 -2.151 -1.855 -1.511 -1.240 -1.078 -0.995 -0.959 -0.947 -0.946 -0.933 -0.873 -0.784 -0.672 -0.553 -0.454 -0.386 -0.340 -0.304 -0.272 -0.242 -0.215 -0.189 -0.166 -0.143 -0.119 -0.096 -0.072 -0.049 -0.030 -0.016 -0.008 -0.004 -0.002 -0.001 -0.001 -0.000 -0.000 -0.000 -0.000 -0.000 -0.000 -0.000 -0.000 -0.000 0.000 0.000 0.000 0.000 0.000 0.000 0.000 0.000 0.000 0.000 0.000 0.000 0.000 0.000 0.000 0.000 0.000 0.000 0.000 0.000 0.000 0.000 0.000
-2.344 -2.419 -2.457 -2.440 -2.392 -2.304 -2.146 -1.876 -1.546 -1.272 -1.090 -0.991 -0.948 -0.940 -0.938 -0.922 -0.871 -0.774 -0.656 -0.545 -0.448 -0.378 -0.329 -0.296 -0.268 -0.242 -0.215 -0.188 -0.165 -0.143 -0.122 -0.101 -0.080 -0.057 -0.035 -0.020 -0.011 -0.005 -0.003 -0.001 -0.001 -0.000 -0.000 -0.000 -0.000 -0.000 -0.000 -0.000 -0.000 -0.000 -0.000 0.000 0.000 0.000 0.000 0.000 0.000 0.000 0.000 0.000 0.000 0.000 0.000 0.000 0.000 0.000 0.000 0.000 0.000 0.000 0.000 0.000 0.000 0.000
-2.395 -2.417 -2.410 -2.366 -2.279 -2.132 -1.903 -1.587 -1.286 -1.095 -0.995 -0.940 -0.918 -0.916 -0.900 -0.854 -0.774 -0.657 -0.540 -0.444 -0.373 -0.322 -0.286 -0.258 -0.235 -0.213 -0.189 -0.165 -0.142 -0.123 -0.104 -0.084 -0.063 -0.042 -0.023 -0.013 -0.007 -0.004 -0.002 -0.001 -0.001 -0.000 -0.000 -0.000 -0.000 -0.000 -0.000 -0.000 -0.000 -0.000 -0.000 0.000 0.000 0.000 0.000 0.000 0.000 0.000 0.000 0.000 0.000 0.000 0.000 0.000 0.000 0.000 0.000 0.000 0.000 0.000 0.000 0.000 0.000 0.000
