AvaFrame/avaframe/data/avaSalk/Avaflow_Input_Output/slk_results/slk_ascii/slk_vhmax.asc
ncols 296
nrows 144
xllcenter 761600.00
yllcenter 8523000.00
cellsize 12.50
NODATA_value -9999.000
[rows 58 to 86 of 144, columns 201 to 267 of 296]
4.243 5.137 6.448 8.029 10.035 12.759 16.632 22.176 28.419 35.045 41.724 47.040 50.346 51.284 51.610 51.804 51.788 51.402 51.722 52.507 53.090 53.621 52.908 52.416 51.013 49.487 49.575 49.538 49.435 49.532 49.509 50.005 49.766 48.949 47.928 47.295 46.294 45.345 44.763 43.583 43.752 44.367 46.132 50.231 51.336 50.763 48.473 46.443 43.453 40.617 37.963 35.803 33.518 31.040 29.310 28.449 27.185 25.005 21.284 16.607 12.719 8.985 6.482 4.907 3.868 3.155 2.568
5.758 7.166 9.049 11.524 14.808 19.410 25.941 32.261 37.768 43.236 48.536 52.571 53.968 54.050 53.531 52.991 52.478 52.153 51.834 52.537 53.294 53.729 53.116 52.154 51.547 50.139 48.798 49.043 49.502 49.808 49.858 49.668 49.566 49.597 49.193 48.735 47.573 46.378 43.574 43.211 42.463 44.105 45.638 48.188 49.755 49.403 47.130 45.655 43.526 40.950 38.049 35.362 33.248 30.776 28.510 26.971 25.334 22.338 18.588 13.993 10.521 7.386 5.424 4.203 3.361 2.600 1.841
8.040 10.199 13.151 17.229 22.848 29.993 36.270 41.758 45.356 49.124 52.588 54.717 55.578 55.688 55.096 54.130 53.310 52.870 52.521 52.833 53.719 53.754 53.173 52.544 51.066 49.801 48.535 48.212 48.717 49.337 49.841 49.306 48.482 48.708 49.118 47.996 47.474 45.358 44.109 44.507 43.626 43.477 44.167 45.668 46.917 46.062 46.385 44.976 43.522 41.153 37.922 35.743 33.565 31.265 28.901 26.793 23.675 20.038 15.950 11.946 8.819 6.289 4.738 3.687 3.006 2.103 2.018
11.666 15.164 20.169 27.004 33.459 40.291 44.959 48.493 50.099 51.440 53.169 54.703 55.707 56.316 56.218 55.279 54.345 53.671 53.200 53.161 53.635 53.828 53.426 52.547 51.155 49.768 48.475 47.852 47.712 48.339 49.067 49.303 48.608 46.541 47.055 47.124 47.407 45.987 45.764 45.039 44.204 43.544 42.672 42.511 43.174 44.721 45.075 44.370 42.788 40.673 37.972 35.851 33.405 31.074 28.499 26.106 22.762 18.219 13.648 10.473 7.671 5.533 4.185 3.333 2.574 1.814 1.692
17.551 23.694 31.204 37.331 43.276 48.028 50.900 52.150 52.061 52.391 53.342 54.410 55.629 56.849 57.157 56.588 55.578 54.695 53.907 53.550 53.645 53.729 53.498 52.340 51.376 50.091 48.690 47.767 47.089 46.962 47.996 46.737 46.283 45.560 46.251 46.778 47.787 47.262 46.856 46.075 44.500 42.865 41.195 40.091 40.709 42.468 43.344 43.204 42.331 40.262 37.498 34.828 32.820 30.403 28.362 25.491 21.534 15.774 11.828 9.068 6.680 4.819 3.730 2.772 2.034 1.752 1.685
26.996 34.326 41.309 47.004 51.174 52.929 53.778 53.716 53.390 53.175 53.686 54.672 55.783 56.961 57.111 54.603 56.120 55.882 54.975 54.242 53.798 53.879 54.166 53.679 52.198 50.556 49.252 47.725 46.584 45.842 44.477 44.830 44.625 45.106 46.266 45.709 47.282 47.568 47.676 46.503 44.546 42.300 39.624 39.528 39.664 41.114 42.161 41.389 40.923 39.101 36.929 34.010 32.501 29.770 28.444 23.927 18.284 13.721 10.298 7.999 5.768 4.251 3.001 2.191 1.882 1.832 1.751
37.101 43.982 49.387 52.623 54.885 55.809 55.283 54.885 54.118 53.604 53.631 54.482 54.007 54.574 56.024 55.955 54.451 54.695 54.698 54.054 53.630 55.359 55.357 54.130 52.687 50.838 49.046 47.355 45.096 43.047 42.722 43.401 45.544 44.209 44.803 44.995 45.453 46.875 47.241 46.334 44.292 41.219 39.785 38.295 38.706 39.388 40.059 39.941 39.789 37.997 35.801 33.598 30.813 28.555 24.849 20.749 16.128 12.111 9.271 6.697 4.838 3.379 2.394 2.014 2.247 2.007 1.846
43.886 50.280 54.564 56.234 57.030 56.941 56.539 55.644 55.003 54.462 53.446 53.808 53.101 54.779 55.876 55.427 54.894 54.854 54.960 54.110 53.228 53.648 55.248 53.844 52.557 50.656 48.781 46.842 44.363 42.613 42.590 43.728 44.469 43.684 43.581 43.122 44.252 45.013 46.614 45.508 43.788 41.888 39.539 38.713 37.240 36.931 37.096 37.751 37.181 36.147 34.092 31.698 29.187 26.012 22.027 17.596 13.036 9.844 7.370 5.486 3.901 2.707 2.125 1.944 2.360 2.223 1.949
47.988 51.177 53.930 55.859 57.338 57.583 57.182 56.970 54.171 53.414 54.218 53.778 53.455 53.163 53.954 54.294 54.184 54.044 54.300 54.982 53.987 52.926 51.905 52.738 52.040 50.867 48.553 46.352 43.988 43.382 43.070 44.198 44.786 43.679 42.623 42.883 42.306 43.161 43.551 45.357 43.452 42.044 39.676 38.406 37.033 35.651 34.774 34.827 34.542 33.542 31.549 29.589 26.950 22.843 18.835 14.046 10.596 7.970 6.085 4.619 3.357 2.359 1.969 2.189 2.443 2.409 2.149
51.402 51.907 52.675 54.311 56.141 57.055 54.754 56.019 55.004 55.539 54.690 54.457 53.620 52.547 51.953 52.403 52.904 53.950 54.164 54.143 53.318 53.024 51.460 51.697 50.210 49.149 47.159 44.870 43.808 44.174 44.762 44.608 44.038 43.750 43.176 42.322 41.450 41.267 41.973 42.420 42.065 41.981 40.563 38.950 36.426 34.747 33.448 32.707 31.983 30.620 29.111 27.148 23.829 19.542 15.353 11.230 8.775 6.689 5.105 3.882 3.025 2.212 1.772 2.081 2.416 2.398 2.264
53.225 53.286 52.981 54.496 55.832 56.099 56.077 56.534 56.307 54.783 55.341 54.949 53.737 52.501 51.501 50.808 50.746 51.878 52.431 52.255 52.759 52.501 50.920 51.668 50.603 48.518 45.980 43.958 45.335 44.511 43.952 42.890 42.733 43.486 43.071 41.321 39.631 39.118 39.474 39.609 40.266 41.759 39.970 38.418 36.403 34.377 32.539 30.837 30.319 28.606 26.748 24.444 21.300 16.442 12.288 9.400 7.263 5.624 4.302 3.336 2.661 2.185 1.596 1.879 2.110 2.309 2.206
55.178 54.742 55.351 56.063 55.551 57.766 58.109 56.078 55.706 54.626 54.390 54.396 54.026 52.771 51.535 50.426 49.884 50.041 50.614 51.301 50.709 50.431 50.370 51.763 50.639 47.773 45.038 45.583 44.792 44.104 42.270 42.169 41.747 42.328 42.433 40.247 37.879 35.578 35.853 36.892 38.663 39.282 38.684 37.435 35.894 33.748 31.509 30.078 28.804 27.288 25.132 22.091 17.977 13.839 10.048 7.887 6.111 4.768 3.735 2.952 2.433 2.099 1.497 1.389 1.861 2.057 1.895
56.313 56.595 57.587 56.294 57.697 58.970 58.026 57.190 55.909 54.355 52.922 52.091 52.089 52.493 52.058 51.261 50.114 48.672 49.516 50.838 49.869 50.198 49.714 49.601 48.177 45.970 47.363 46.242 45.334 43.561 42.074 41.220 40.106 40.107 40.820 38.635 35.437 33.771 34.200 34.323 35.171 36.348 36.508 35.820 34.636 32.828 30.408 28.643 27.395 25.547 23.413 18.673 14.925 10.918 8.297 6.569 5.206 4.164 3.388 2.788 2.294 1.973 1.625 1.423 1.415 1.631 1.587
57.609 58.358 57.379 56.974 56.638 56.669 58.325 57.942 56.047 53.969 51.498 49.621 49.145 50.503 52.271 50.871 50.085 49.739 47.823 48.372 48.893 48.911 47.696 47.768 47.211 46.965 47.255 46.988 45.479 43.769 42.590 41.603 40.556 39.738 39.567 37.084 34.949 33.758 33.614 33.063 33.534 33.952 33.457 33.116 32.830 31.196 29.615 28.053 26.273 24.601 20.273 15.858 11.857 8.843 6.978 5.562 4.172 3.058 2.464 2.137 2.158 1.924 1.811 1.774 1.417 1.409 1.400
56.689 57.403 57.440 55.935 54.000 54.405 57.019 57.533 55.580 53.125 50.682 48.305 46.937 48.351 51.072 52.404 50.535 49.175 47.714 47.048 46.540 46.541 45.986 45.535 45.193 45.936 46.467 46.202 45.363 45.178 44.120 41.946 41.478 39.546 38.530 37.337 35.832 34.978 34.061 34.032 33.137 32.556 31.281 30.366 29.912 29.002 27.572 25.916 24.480 21.397 17.272 13.090 9.598 7.384 5.884 4.673 3.277 2.451 2.202 1.968 1.744 1.828 1.818 1.735 1.584 1.297 1.390
58.249 57.603 56.149 53.747 53.588 51.990 54.683 55.545 54.625 52.311 49.075 47.321 46.678 46.462 48.863 50.074 48.882 48.441 47.766 46.662 45.837 44.233 42.834 43.342 44.807 46.044 46.348 45.909 45.946 45.446 44.509 42.807 40.432 39.928 38.896 37.177 35.958 35.755 35.815 34.350 33.372 31.970 30.049 28.175 27.080 25.900 24.857 23.870 21.902 18.066 14.399 10.599 7.916 6.214 4.919 3.947 2.956 2.199 2.054 1.902 1.673 1.657 1.801 1.685 1.492 1.205 1.436
58.737 57.082 54.799 51.987 49.475 49.290 50.887 52.865 53.255 50.920 48.704 47.935 46.391 45.574 46.502 48.515 49.092 48.481 47.953 46.995 44.798 43.278 44.005 43.242 44.875 45.159 45.174 46.139 44.576 44.226 42.876 41.838 40.376 39.580 38.878 37.605 36.653 36.339 35.449 34.802 33.377 31.420 29.177 27.264 25.226 24.011 22.648 21.358 18.986 15.246 11.845 8.833 6.763 5.332 4.219 3.382 2.921 2.343 1.896 1.711 1.579 1.476 1.554 1.527 1.212 1.375 1.635
58.283 57.247 55.109 51.019 48.791 47.341 47.929 49.502 50.745 50.647 49.887 47.712 45.998 44.828 44.486 45.746 47.218 48.038 47.219 46.244 44.105 42.901 44.297 45.284 45.641 45.990 45.607 45.185 44.266 43.438 41.482 39.633 40.213 40.126 38.955 37.853 36.960 36.717 35.629 34.788 32.984 30.818 28.327 26.073 24.244 22.347 20.962 18.954 16.032 12.361 9.814 7.886 6.041 4.692 3.686 2.963 2.575 2.367 2.091 1.623 1.452 1.371 1.269 1.431 1.644 1.630 1.662
57.902 56.391 52.606 50.610 48.442 47.539 46.734 46.715 48.853 50.282 49.828 47.845 45.890 44.461 43.966 43.668 44.795 46.457 45.667 44.135 43.224 43.386 44.413 45.339 46.070 46.735 46.502 44.652 43.039 42.009 40.206 39.207 38.862 39.210 38.716 37.799 36.160 35.641 35.219 33.234 32.037 29.730 27.882 26.093 23.916 22.176 20.180 16.727 13.555 10.459 8.029 6.448 5.461 4.331 3.343 2.667 2.328 2.112 1.944 1.630 1.317 1.275 1.526 1.714 1.605 1.628 1.664
56.062 54.284 52.810 50.643 49.127 47.937 47.093 46.476 47.904 49.682 50.368 47.977 46.442 44.743 44.515 44.069 43.863 44.220 44.369 42.706 42.545 41.966 42.471 43.272 44.007 44.713 45.252 43.605 42.279 40.407 39.059 38.514 37.385 36.947 36.683 35.943 34.252 33.306 32.415 31.202 30.154 28.697 26.699 24.656 23.091 20.880 17.587 14.739 11.643 9.142 7.218 5.692 4.726 4.095 3.100 2.421 2.111 1.892 1.732 1.563 1.188 1.455 1.666 1.585 1.567 1.615 1.655
54.719 53.649 53.545 51.807 49.826 48.667 47.709 47.013 46.516 48.641 49.994 47.868 46.650 45.636 44.330 44.228 43.522 42.893 43.101 42.939 42.284 40.746 41.283 41.910 43.193 44.077 43.352 42.539 40.820 40.093 39.597 38.532 37.237 35.519 35.132 34.033 32.773 30.586 30.195 28.707 27.766 26.900 24.626 23.530 21.586 18.484 15.835 12.945 10.512 8.561 6.866 5.374 4.270 3.792 2.913 2.243 1.895 1.674 1.511 1.396 1.202 1.509 1.490 1.496 1.569 1.588 1.624
52.743 53.724 53.265 51.609 50.786 49.673 48.878 48.100 47.098 48.133 48.761 47.901 46.554 46.503 44.692 44.234 42.709 42.189 40.857 40.212 39.670 38.092 38.690 39.808 40.295 40.732 40.106 40.251 40.227 40.668 39.920 38.296 35.943 34.766 33.902 32.688 31.212 30.705 28.788 27.548 26.086 24.846 23.393 21.989 20.001 16.945 13.864 11.180 9.358 7.928 6.470 5.147 4.054 3.442 2.749 2.113 1.746 1.510 1.326 1.201 1.048 1.388 1.369 1.475 1.504 1.536 1.567
53.067 52.140 51.307 50.502 50.024 50.228 49.969 48.236 47.213 47.081 47.849 47.567 47.223 45.878 45.214 44.382 42.461 41.463 39.529 38.692 37.937 36.707 37.065 37.618 37.599 37.532 38.140 39.606 39.211 39.929 38.777 37.746 36.078 34.590 33.303 32.099 31.634 29.533 27.965 26.160 24.381 22.922 22.655 20.243 17.748 15.083 12.543 10.285 8.788 7.496 6.290 4.978 3.961 3.275 2.596 1.978 1.518 1.314 1.094 1.071 0.803 1.135 1.273 1.337 1.389 1.454 1.499
51.893 51.053 50.061 50.219 50.212 50.305 49.020 47.836 47.819 46.860 48.462 47.426 47.294 46.422 45.539 44.659 42.560 41.299 40.081 39.030 37.486 36.844 36.692 36.521 35.991 35.258 36.374 36.612 36.853 36.923 36.546 35.730 34.311 33.815 32.146 31.647 29.798 28.261 26.400 24.651 23.395 22.565 20.228 17.944 16.139 13.753 11.498 9.335 7.939 7.100 5.969 4.872 3.991 3.274 2.440 1.854 1.367 1.095 0.973 0.830 0.740 0.774 0.875 1.108 1.253 1.351 1.356
51.265 50.293 49.220 49.631 49.738 49.128 48.494 47.727 48.321 47.738 48.185 47.064 46.634 46.347 45.741 43.671 42.630 41.433 40.234 39.067 37.616 37.143 36.825 36.331 35.357 34.621 34.302 34.595 34.472 33.954 33.454 32.813 32.943 30.871 29.979 29.155 28.001 26.374 24.721 23.197 22.446 21.307 18.510 16.691 14.043 11.735 10.437 8.748 7.341 6.531 5.722 4.725 4.110 3.061 2.290 1.737 1.246 0.980 0.748 0.486 0.313 0.239 0.453 0.826 1.084 1.186 1.211
50.750 50.095 49.328 49.071 47.864 46.933 47.574 47.328 46.911 47.353 47.796 48.053 47.529 47.483 45.597 44.716 42.434 41.443 40.218 38.941 38.190 36.434 36.055 35.850 34.280 33.134 33.316 33.156 32.221 31.362 30.975 30.300 30.256 28.026 26.976 26.270 25.363 24.740 23.342 22.347 21.524 18.874 16.656 14.376 11.981 10.367 9.098 8.236 6.804 5.859 5.265 4.455 4.022 2.931 2.183 1.645 1.176 0.710 0.461 0.210 0.061 -nan -nan 0.483 0.735 0.815 0.817
50.938 50.215 48.521 47.381 45.571 45.633 45.338 46.326 45.811 46.057 46.741 47.206 46.744 46.728 44.822 44.385 42.264 41.289 41.101 39.620 38.997 36.763 35.902 34.486 33.121 33.032 32.003 31.517 30.460 29.672 28.003 27.271 26.675 25.465 24.350 23.723 23.236 22.996 21.976 21.408 20.109 16.999 14.524 12.481 10.404 9.050 8.143 7.433 6.291 5.188 4.769 4.115 3.597 2.876 2.123 1.597 1.098 0.549 0.250 0.058 -nan -nan -nan -nan 0.268 0.305 0.301
49.801 49.339 48.073 46.399 44.628 44.562 44.563 45.670 44.972 44.760 45.184 45.621 45.754 45.622 43.693 43.126 42.527 41.554 40.412 40.351 38.120 36.165 36.103 33.898 33.442 32.148 31.860 30.430 29.713 27.645 26.011 24.523 23.447 22.435 21.839 21.201 20.990 21.154 20.665 20.133 18.231 14.929 12.315 10.593 9.566 8.275 7.378 6.563 5.856 4.844 4.392 3.900 3.329 2.791 2.096 1.527 0.917 0.483 0.273 -nan -nan -9999.000 -9999.000 -nan -nan -nan -nan
47.919 48.087 46.875 45.275 43.715 43.614 43.908 44.833 44.281 43.677 43.865 44.088 44.181 42.513 41.886 41.105 40.411 41.224 39.868 38.814 37.778 35.869 35.069 33.317 32.610 32.648 32.160 30.637 28.733 26.947 24.557 22.629 21.912 20.934 20.400 20.024 19.621 19.720 19.329 18.534 16.172 13.219 10.437 9.131 8.359 7.765 6.609 5.923 5.644 4.721 4.122 3.698 3.163 2.761 1.946 1.297 1.228 0.792 0.409 -nan -nan -9999.000 -9999.000 -9999.000 -9999.000 -9999.000 -9999.000
