AvaFrame/avaframe/data/avaSalk/Avaflow_Input_Output/slk_results/slk_ascii/slk_hflow10014.asc
ncols 296
nrows 144
xllcenter 761600.00
yllcenter 8523000.00
cellsize 12.50
NODATA_value -9999.000
[rows 68 to 101 of 144, columns 154 to 230 of 296]
0.000 0.000 0.000 0.000 0.000 0.000 0.000 0.000 0.000 0.000 0.000 0.000 0.000 0.000 0.000 0.001 0.001 0.001 0.001 0.001 0.001 0.002 0.002 0.002 0.002 0.002 0.002 0.002 0.002 0.003 0.003 0.003 0.004 0.004 0.005 0.006 0.006 0.007 0.008 0.008 0.009 0.009 0.010 0.010 0.011 0.011 0.012 0.013 0.014 0.016 0.017 0.019 0.020 0.023 0.025 0.029 0.033 0.040 0.048 0.060 0.077 0.105 0.148 0.205 0.281 0.378 0.497 0.619 0.715 0.777 0.809 0.813 0.782 0.685 0.527 0.388 0.307
0.000 0.000 0.000 0.000 0.000 0.000 0.000 0.000 0.000 0.000 0.000 0.000 0.000 0.001 0.001 0.001 0.001 0.001 0.001 0.001 0.002 0.002 0.002 0.002 0.002 0.002 0.002 0.002 0.003 0.003 0.003 0.004 0.004 0.005 0.006 0.007 0.007 0.008 0.009 0.009 0.009 0.010 0.010 0.011 0.011 0.012 0.012 0.013 0.015 0.017 0.019 0.021 0.023 0.026 0.030 0.034 0.041 0.050 0.062 0.079 0.106 0.147 0.208 0.288 0.390 0.512 0.630 0.722 0.785 0.814 0.814 0.774 0.665 0.510 0.375 0.303 0.262
0.000 0.000 0.000 0.000 0.000 0.000 0.000 0.000 0.000 0.000 0.000 0.001 0.001 0.001 0.001 0.001 0.001 0.001 0.001 0.002 0.002 0.002 0.003 0.003 0.003 0.003 0.003 0.003 0.003 0.004 0.004 0.005 0.005 0.006 0.007 0.007 0.008 0.009 0.009 0.010 0.010 0.011 0.011 0.011 0.012 0.013 0.014 0.015 0.017 0.019 0.022 0.024 0.027 0.031 0.035 0.042 0.051 0.065 0.083 0.110 0.150 0.208 0.288 0.393 0.523 0.647 0.731 0.782 0.808 0.814 0.772 0.665 0.513 0.382 0.304 0.262 0.235
0.000 0.000 0.001 0.001 0.001 0.001 0.001 0.000 0.000 0.000 0.000 0.001 0.001 0.001 0.001 0.001 0.002 0.002 0.002 0.002 0.002 0.003 0.003 0.003 0.003 0.003 0.003 0.003 0.004 0.004 0.005 0.005 0.006 0.007 0.008 0.008 0.009 0.010 0.010 0.011 0.011 0.011 0.012 0.012 0.013 0.014 0.016 0.017 0.020 0.022 0.025 0.028 0.032 0.038 0.044 0.052 0.065 0.084 0.111 0.158 0.221 0.297 0.401 0.533 0.658 0.751 0.803 0.816 0.804 0.769 0.673 0.525 0.398 0.317 0.267 0.234 0.208
0.000 0.001 0.001 0.001 0.001 0.001 0.001 0.001 0.001 0.001 0.001 0.001 0.001 0.001 0.001 0.002 0.002 0.003 0.003 0.003 0.003 0.004 0.004 0.004 0.004 0.004 0.004 0.004 0.005 0.005 0.006 0.006 0.007 0.008 0.009 0.009 0.010 0.011 0.011 0.011 0.012 0.013 0.013 0.014 0.015 0.017 0.019 0.021 0.024 0.027 0.030 0.034 0.041 0.048 0.056 0.067 0.085 0.112 0.155 0.239 0.332 0.421 0.551 0.677 0.757 0.797 0.817 0.814 0.773 0.685 0.549 0.416 0.330 0.274 0.236 0.206 0.179
0.000 0.000 0.001 0.001 0.001 0.001 0.001 0.001 0.001 0.001 0.001 0.001 0.001 0.002 0.002 0.003 0.004 0.005 0.005 0.005 0.005 0.005 0.006 0.005 0.005 0.005 0.005 0.005 0.006 0.006 0.007 0.007 0.008 0.009 0.010 0.010 0.011 0.011 0.012 0.012 0.013 0.014 0.015 0.016 0.018 0.020 0.023 0.025 0.029 0.033 0.037 0.043 0.052 0.063 0.074 0.091 0.121 0.168 0.251 0.394 0.500 0.583 0.680 0.753 0.788 0.797 0.799 0.771 0.689 0.554 0.424 0.339 0.282 0.241 0.209 0.180 0.153
0.000 0.001 0.001 0.001 0.001 0.002 0.002 0.002 0.002 0.002 0.002 0.002 0.002 0.002 0.003 0.005 0.007 0.009 0.009 0.009 0.009 0.009 0.008 0.007 0.007 0.007 0.007 0.007 0.007 0.007 0.008 0.008 0.009 0.010 0.011 0.012 0.012 0.013 0.013 0.014 0.015 0.016 0.018 0.020 0.022 0.025 0.028 0.031 0.035 0.040 0.046 0.055 0.070 0.086 0.106 0.140 0.203 0.322 0.485 0.647 0.730 0.769 0.787 0.786 0.782 0.773 0.747 0.678 0.551 0.421 0.339 0.286 0.247 0.214 0.185 0.157 0.131
0.001 0.001 0.001 0.002 0.002 0.004 0.005 0.005 0.005 0.004 0.004 0.004 0.004 0.004 0.006 0.010 0.016 0.020 0.022 0.022 0.021 0.019 0.014 0.010 0.009 0.009 0.009 0.009 0.009 0.009 0.010 0.010 0.010 0.011 0.012 0.013 0.014 0.014 0.015 0.016 0.017 0.019 0.022 0.025 0.028 0.031 0.034 0.038 0.042 0.049 0.058 0.072 0.095 0.126 0.169 0.250 0.406 0.576 0.695 0.758 0.793 0.819 0.825 0.803 0.768 0.736 0.663 0.550 0.430 0.346 0.292 0.253 0.221 0.190 0.162 0.135 0.111
0.002 0.002 0.002 0.003 0.004 0.008 0.011 0.012 0.011 0.009 0.008 0.008 0.008 0.009 0.013 0.023 0.041 0.056 0.061 0.061 0.059 0.050 0.031 0.018 0.015 0.014 0.014 0.014 0.013 0.013 0.013 0.012 0.012 0.013 0.014 0.015 0.015 0.016 0.017 0.018 0.020 0.023 0.029 0.034 0.037 0.039 0.041 0.045 0.051 0.060 0.075 0.100 0.140 0.206 0.318 0.470 0.604 0.669 0.702 0.722 0.739 0.779 0.812 0.790 0.730 0.659 0.544 0.430 0.357 0.306 0.264 0.226 0.195 0.165 0.136 0.111 0.093
0.004 0.004 0.004 0.005 0.009 0.020 0.034 0.037 0.034 0.023 0.018 0.018 0.019 0.024 0.037 0.063 0.097 0.124 0.139 0.144 0.143 0.129 0.084 0.039 0.027 0.026 0.026 0.026 0.025 0.024 0.022 0.019 0.017 0.016 0.016 0.017 0.017 0.018 0.019 0.022 0.025 0.030 0.038 0.045 0.048 0.050 0.051 0.054 0.063 0.078 0.104 0.147 0.225 0.362 0.516 0.610 0.633 0.628 0.618 0.625 0.655 0.710 0.763 0.740 0.643 0.524 0.419 0.356 0.319 0.287 0.250 0.207 0.166 0.135 0.110 0.090 0.078
0.009 0.009 0.010 0.013 0.024 0.067 0.124 0.142 0.129 0.086 0.061 0.058 0.063 0.082 0.117 0.158 0.194 0.229 0.258 0.275 0.280 0.267 0.196 0.097 0.060 0.055 0.055 0.057 0.061 0.061 0.056 0.047 0.038 0.030 0.023 0.020 0.020 0.021 0.023 0.026 0.031 0.037 0.044 0.050 0.056 0.060 0.063 0.069 0.083 0.110 0.154 0.230 0.355 0.486 0.571 0.604 0.598 0.586 0.595 0.624 0.648 0.693 0.718 0.659 0.534 0.421 0.353 0.320 0.301 0.281 0.249 0.205 0.150 0.113 0.092 0.077 0.070
0.024 0.025 0.029 0.040 0.085 0.201 0.313 0.349 0.330 0.263 0.220 0.213 0.222 0.249 0.289 0.322 0.348 0.384 0.434 0.463 0.470 0.454 0.370 0.206 0.122 0.109 0.112 0.124 0.147 0.168 0.174 0.161 0.138 0.107 0.066 0.036 0.028 0.026 0.028 0.032 0.038 0.044 0.049 0.054 0.061 0.070 0.079 0.092 0.118 0.163 0.239 0.355 0.470 0.537 0.566 0.577 0.584 0.595 0.618 0.640 0.635 0.655 0.651 0.571 0.451 0.366 0.318 0.297 0.289 0.279 0.255 0.214 0.152 0.105 0.083 0.072 0.067
0.088 0.099 0.126 0.189 0.323 0.492 0.605 0.644 0.636 0.591 0.557 0.545 0.537 0.538 0.547 0.553 0.565 0.608 0.683 0.725 0.729 0.701 0.583 0.334 0.200 0.184 0.202 0.246 0.309 0.382 0.440 0.466 0.456 0.404 0.281 0.139 0.068 0.043 0.037 0.040 0.045 0.050 0.055 0.060 0.068 0.082 0.102 0.129 0.174 0.249 0.359 0.468 0.532 0.560 0.570 0.581 0.599 0.619 0.633 0.632 0.609 0.591 0.562 0.490 0.389 0.320 0.281 0.267 0.270 0.274 0.263 0.231 0.166 0.108 0.082 0.072 0.066
0.466 0.501 0.593 0.760 0.954 1.064 1.083 1.074 1.072 1.064 1.041 1.005 0.957 0.902 0.869 0.857 0.863 0.910 0.978 1.020 1.030 0.980 0.760 0.423 0.282 0.276 0.329 0.433 0.568 0.715 0.868 0.997 1.063 1.039 0.855 0.538 0.287 0.149 0.079 0.055 0.054 0.057 0.062 0.069 0.082 0.105 0.138 0.186 0.259 0.365 0.467 0.530 0.561 0.576 0.587 0.603 0.622 0.630 0.628 0.610 0.567 0.513 0.465 0.407 0.330 0.270 0.236 0.226 0.237 0.262 0.269 0.252 0.193 0.122 0.088 0.075 0.068
1.589 1.605 1.701 1.898 2.023 1.996 1.855 1.739 1.692 1.657 1.599 1.523 1.429 1.321 1.267 1.260 1.268 1.277 1.280 1.286 1.274 1.183 0.853 0.488 0.387 0.409 0.514 0.693 0.916 1.165 1.440 1.701 1.891 1.958 1.830 1.428 0.930 0.553 0.292 0.134 0.074 0.068 0.073 0.086 0.108 0.143 0.194 0.268 0.369 0.467 0.529 0.564 0.584 0.597 0.609 0.621 0.626 0.623 0.609 0.571 0.514 0.450 0.395 0.338 0.274 0.220 0.189 0.181 0.192 0.238 0.274 0.275 0.233 0.148 0.102 0.085 0.076
3.322 3.260 3.232 3.264 3.256 3.143 2.925 2.702 2.562 2.407 2.236 2.103 1.974 1.848 1.780 1.768 1.759 1.710 1.620 1.533 1.447 1.290 0.885 0.578 0.540 0.620 0.795 1.052 1.368 1.730 2.131 2.518 2.844 3.060 3.092 2.800 2.152 1.477 0.937 0.480 0.200 0.105 0.094 0.111 0.149 0.203 0.275 0.372 0.464 0.526 0.565 0.590 0.608 0.619 0.626 0.627 0.621 0.605 0.574 0.524 0.461 0.399 0.337 0.276 0.215 0.165 0.139 0.133 0.143 0.197 0.275 0.295 0.270 0.182 0.123 0.101 0.088
4.636 4.549 4.470 4.406 4.357 4.248 4.088 3.882 3.648 3.305 2.999 2.804 2.664 2.546 2.463 2.410 2.368 2.242 1.976 1.755 1.580 1.333 0.937 0.749 0.774 0.934 1.196 1.534 1.942 2.425 2.963 3.448 3.868 4.169 4.276 4.166 3.671 2.931 2.187 1.404 0.715 0.338 0.190 0.159 0.207 0.295 0.381 0.462 0.522 0.562 0.591 0.612 0.626 0.632 0.629 0.622 0.608 0.578 0.532 0.472 0.406 0.339 0.273 0.211 0.157 0.114 0.092 0.087 0.097 0.147 0.264 0.310 0.296 0.219 0.152 0.122 0.098
5.535 5.468 5.414 5.371 5.330 5.248 5.130 4.964 4.717 4.303 3.931 3.713 3.571 3.467 3.375 3.278 3.120 2.776 2.267 1.931 1.682 1.374 1.099 1.046 1.148 1.390 1.736 2.152 2.645 3.265 3.943 4.492 4.902 5.170 5.253 5.188 4.920 4.487 3.886 3.002 1.880 1.093 0.681 0.416 0.305 0.389 0.488 0.532 0.560 0.586 0.608 0.627 0.640 0.640 0.624 0.604 0.580 0.543 0.485 0.411 0.340 0.272 0.211 0.157 0.112 0.080 0.064 0.061 0.071 0.118 0.250 0.321 0.318 0.258 0.183 0.134 0.098
6.320 6.286 6.264 6.244 6.217 6.159 6.067 5.940 5.744 5.412 5.083 4.888 4.765 4.643 4.463 4.155 3.708 3.113 2.471 2.044 1.752 1.525 1.430 1.499 1.711 2.040 2.458 2.941 3.537 4.300 5.072 5.612 5.901 6.036 6.077 6.001 5.863 5.657 5.312 4.656 3.474 2.403 1.833 1.403 0.911 0.533 0.518 0.578 0.594 0.603 0.618 0.646 0.657 0.646 0.612 0.574 0.538 0.494 0.423 0.343 0.279 0.222 0.171 0.125 0.088 0.064 0.055 0.055 0.066 0.119 0.250 0.328 0.329 0.279 0.192 0.132 0.091
7.017 7.015 7.024 7.019 6.995 6.966 6.912 6.814 6.675 6.474 6.270 6.131 6.008 5.745 5.328 4.720 4.031 3.268 2.608 2.149 1.902 1.848 1.930 2.144 2.494 2.927 3.434 3.992 4.691 5.503 6.221 6.648 6.809 6.822 6.827 6.701 6.600 6.444 6.171 5.633 4.739 3.875 3.422 3.131 2.578 1.534 0.650 0.550 0.608 0.610 0.626 0.663 0.669 0.637 0.576 0.513 0.465 0.419 0.356 0.291 0.237 0.188 0.144 0.108 0.079 0.062 0.056 0.058 0.074 0.137 0.264 0.331 0.333 0.282 0.184 0.119 0.078
7.627 7.641 7.666 7.674 7.664 7.642 7.607 7.550 7.459 7.353 7.257 7.150 6.939 6.478 5.781 4.964 4.175 3.387 2.783 2.401 2.289 2.396 2.644 3.033 3.533 4.107 4.736 5.423 6.145 6.829 7.356 7.621 7.633 7.595 7.554 7.380 7.184 6.941 6.596 6.082 5.505 4.984 4.636 4.472 4.318 3.616 1.906 0.672 0.571 0.616 0.644 0.671 0.664 0.601 0.496 0.423 0.388 0.359 0.319 0.269 0.214 0.159 0.118 0.091 0.075 0.065 0.063 0.070 0.099 0.176 0.288 0.337 0.334 0.269 0.162 0.098 0.065
8.224 8.206 8.202 8.184 8.180 8.160 8.108 8.069 8.051 8.045 8.025 7.923 7.533 6.823 5.880 5.002 4.236 3.590 3.165 2.964 2.968 3.196 3.626 4.203 4.890 5.638 6.385 7.189 7.785 8.246 8.472 8.584 8.514 8.442 8.272 7.987 7.651 7.351 6.872 6.333 5.915 5.611 5.358 5.186 5.088 4.905 3.854 1.736 0.647 0.610 0.665 0.662 0.617 0.510 0.401 0.357 0.342 0.330 0.307 0.264 0.196 0.131 0.093 0.075 0.069 0.069 0.074 0.091 0.137 0.231 0.317 0.348 0.330 0.228 0.125 0.076 0.054
8.905 8.659 8.590 8.545 8.506 8.473 8.463 8.493 8.558 8.600 8.588 8.353 7.746 6.854 5.780 4.960 4.388 4.025 3.862 3.842 3.964 4.320 4.905 5.684 6.583 7.443 8.170 8.853 9.246 9.574 9.588 9.587 9.478 9.282 8.930 8.530 8.084 7.715 7.178 6.618 6.172 5.845 5.650 5.442 5.272 5.060 4.610 3.090 1.198 0.628 0.656 0.620 0.506 0.396 0.337 0.322 0.324 0.323 0.308 0.259 0.169 0.103 0.074 0.064 0.063 0.067 0.080 0.114 0.186 0.290 0.348 0.358 0.298 0.164 0.087 0.058 0.048
9.424 8.950 8.799 8.741 8.721 8.737 8.786 8.852 8.954 9.007 8.905 8.446 7.693 6.702 5.696 5.109 4.845 4.791 4.868 5.008 5.290 5.753 6.440 7.313 8.164 8.985 9.646 10.221 10.477 10.673 10.609 10.476 10.246 9.920 9.522 9.095 8.575 8.138 7.614 7.025 6.419 5.946 5.701 5.477 5.242 4.938 4.511 3.679 2.035 0.847 0.576 0.513 0.395 0.324 0.301 0.303 0.321 0.329 0.318 0.259 0.148 0.084 0.065 0.062 0.062 0.064 0.078 0.124 0.227 0.337 0.371 0.354 0.255 0.125 0.070 0.050 0.045
9.594 9.059 8.944 8.897 8.891 8.893 8.911 9.032 9.192 9.171 8.922 8.318 7.578 6.648 5.951 5.743 5.767 5.962 6.196 6.482 6.888 7.355 7.995 8.784 9.493 10.242 10.779 11.253 11.403 11.496 11.424 11.133 10.798 10.366 10.034 9.776 9.218 8.672 8.173 7.570 6.796 6.064 5.638 5.361 5.051 4.672 4.230 3.606 2.604 1.311 0.580 0.390 0.310 0.276 0.272 0.286 0.321 0.342 0.337 0.271 0.144 0.079 0.065 0.065 0.065 0.064 0.073 0.122 0.240 0.357 0.381 0.351 0.241 0.121 0.069 0.050 0.044
9.526 9.072 8.986 8.973 8.961 8.971 9.012 9.140 9.217 9.113 8.821 8.221 7.583 7.005 6.811 6.963 7.170 7.493 7.822 8.071 8.458 8.880 9.416 10.001 10.566 11.169 11.649 12.029 12.159 12.132 11.918 11.549 11.200 10.776 10.501 10.354 9.830 9.248 8.736 8.092 7.256 6.286 5.552 5.049 4.652 4.272 3.842 3.320 2.636 1.651 0.742 0.354 0.267 0.243 0.245 0.269 0.319 0.349 0.347 0.285 0.154 0.086 0.070 0.070 0.070 0.067 0.072 0.111 0.226 0.348 0.378 0.350 0.244 0.132 0.078 0.055 0.046
9.343 9.133 9.071 9.099 9.025 8.966 8.983 9.055 9.032 8.948 8.731 8.350 8.132 8.134 8.362 8.672 8.878 9.041 9.253 9.404 9.760 10.152 10.631 11.038 11.441 11.814 12.316 12.629 12.698 12.647 12.286 11.928 11.622 11.233 10.991 10.803 10.324 9.738 9.185 8.485 7.574 6.511 5.597 4.817 4.148 3.710 3.290 2.785 2.308 1.739 0.968 0.434 0.263 0.232 0.233 0.256 0.310 0.343 0.343 0.293 0.181 0.119 0.099 0.088 0.079 0.077 0.079 0.102 0.192 0.317 0.361 0.344 0.258 0.154 0.098 0.069 0.053
9.096 9.118 9.106 9.117 8.965 8.821 8.792 8.748 8.707 8.811 8.897 8.989 9.239 9.566 9.938 10.184 10.231 10.252 10.354 10.462 10.719 11.099 11.505 11.869 12.026 12.231 12.665 12.992 12.999 12.986 12.581 12.255 12.063 11.683 11.500 11.311 10.976 10.405 9.662 8.821 7.763 6.636 5.635 4.755 3.917 3.291 2.741 2.233 1.870 1.560 1.096 0.568 0.310 0.255 0.253 0.273 0.316 0.344 0.344 0.314 0.275 0.275 0.268 0.227 0.145 0.100 0.096 0.109 0.167 0.272 0.323 0.324 0.276 0.190 0.129 0.091 0.066
8.839 8.979 9.078 9.006 8.802 8.544 8.431 8.367 8.361 8.558 9.015 9.640 10.237 10.642 10.928 11.062 11.052 11.040 11.118 11.193 11.352 11.604 11.896 12.199 12.299 12.459 12.783 13.126 13.162 13.153 12.802 12.516 12.410 12.194 12.198 12.273 12.152 11.634 10.596 9.351 7.930 6.704 5.636 4.717 3.896 3.206 2.573 2.069 1.739 1.476 1.154 0.790 0.581 0.563 0.586 0.591 0.574 0.575 0.592 0.682 0.898 1.072 1.110 1.017 0.709 0.331 0.163 0.133 0.160 0.218 0.267 0.286 0.273 0.228 0.173 0.123 0.084
8.479 8.666 8.801 8.740 8.541 8.202 8.051 8.024 8.075 8.325 8.965 9.844 10.673 11.171 11.369 11.435 11.451 11.414 11.412 11.526 11.644 11.817 12.069 12.169 12.361 12.517 12.755 13.037 13.113 13.097 12.922 12.671 12.549 12.515 12.688 12.918 12.892 12.623 11.783 10.376 8.492 6.771 5.590 4.666 3.921 3.257 2.624 2.151 1.850 1.669 1.582 1.724 1.984 2.142 2.161 2.068 1.920 1.865 1.905 2.128 2.535 2.782 2.859 2.814 2.448 1.655 0.839 0.359 0.192 0.173 0.199 0.233 0.252 0.243 0.209 0.160 0.110
7.972 8.226 8.360 8.361 8.142 7.811 7.661 7.611 7.644 7.972 8.623 9.726 10.714 11.302 11.499 11.526 11.477 11.415 11.362 11.557 11.710 11.884 12.031 12.004 12.238 12.407 12.447 12.541 12.651 12.681 12.595 12.397 12.321 12.538 12.825 13.086 13.039 12.772 12.090 10.853 9.072 6.958 5.486 4.591 3.915 3.341 2.842 2.506 2.393 2.558 3.001 3.780 4.485 4.748 4.738 4.574 4.362 4.272 4.287 4.427 4.619 4.691 4.677 4.675 4.591 4.093 2.917 1.484 0.533 0.201 0.157 0.177 0.215 0.232 0.222 0.190 0.142
7.306 7.568 7.703 7.798 7.592 7.328 7.182 7.143 7.117 7.366 7.946 9.041 10.146 10.784 10.928 10.909 10.886 10.838 10.820 11.033 11.218 11.449 11.569 11.518 11.602 11.543 11.289 11.174 11.219 11.195 11.257 11.356 11.563 12.016 12.293 12.402 12.410 12.276 11.754 10.721 9.117 7.055 5.372 4.418 3.818 3.357 3.050 2.928 3.111 3.712 4.585 5.473 6.091 6.364 6.389 6.369 6.347 6.430 6.488 6.500 6.479 6.435 6.341 6.245 6.100 5.759 4.822 3.096 1.323 0.412 0.164 0.146 0.171 0.203 0.214 0.201 0.169
6.400 6.647 6.811 6.944 6.830 6.641 6.462 6.386 6.352 6.539 6.974 7.843 8.619 9.035 9.154 9.128 9.118 9.101 9.116 9.210 9.339 9.483 9.563 9.500 9.500 9.297 8.869 8.559 8.485 8.423 8.606 8.959 9.595 10.272 10.540 10.618 10.637 10.557 10.185 9.394 8.268 6.674 5.005 4.039 3.577 3.277 3.143 3.175 3.526 4.306 5.403 6.383 7.053 7.463 7.636 7.837 8.005 8.272 8.395 8.423 8.398 8.256 8.091 7.862 7.495 6.952 5.906 4.158 2.119 0.842 0.277 0.143 0.139 0.160 0.186 0.194 0.181
4.535 4.672 4.845 5.150 5.303 5.304 5.207 5.156 5.161 5.356 5.690 6.138 6.391 6.462 6.420 6.390 6.429 6.415 6.355 6.276 6.242 6.197 6.062 5.887 5.791 5.675 5.511 5.289 5.218 5.282 5.599 6.131 6.898 7.550 7.889 7.999 7.975 7.790 7.566 7.198 6.449 5.058 3.840 3.302 3.121 3.053 3.085 3.251 3.736 4.618 5.866 7.036 7.897 8.481 8.885 9.311 9.689 10.002 10.127 10.147 10.192 10.036 9.762 9.419 8.877 8.125 6.855 5.004 2.953 1.508 0.621 0.229 0.138 0.139 0.158 0.177 0.184
