AvaFrame/avaframe/data/avaSalk/Avaflow_Input_Output/slk_results/slk_ascii/slk_basechange0011.asc
ncols 296
nrows 144
xllcenter 761600.00
yllcenter 8523000.00
cellsize 12.50
NODATA_value -9999.000
[rows 33 to 65 of 144, columns 222 to 295 of 296]
0.000 0.000 0.000 0.000 -0.000 -0.000 -0.000 -0.000 -0.000 -0.000 -0.000 -0.000 -0.000 -0.000 -0.000 -0.000 -0.000 -0.000 -0.000 -0.000 -0.000 -0.001 -0.001 -0.001 -0.002 -0.004 -0.007 -0.014 -0.026 -0.045 -0.071 -0.104 -0.146 -0.196 -0.267 -0.343 -0.426 -0.520 -0.599 -0.671 -0.727 -0.749 -0.724 -0.663 -0.572 -0.410 -0.204 -0.072 -0.021 -0.004 -0.001 -0.000 -0.000 -0.000 -0.000 0.000 0.000 0.000 0.000 0.000 0.000 0.000 0.000 0.000 0.000 0.000 0.000 0.000 0.000 0.000 0.000 0.000 0.000 0.000
0.000 0.000 0.000 -0.000 -0.000 -0.000 -0.000 -0.000 -0.000 -0.000 -0.000 -0.000 -0.000 -0.000 -0.000 -0.000 -0.000 -0.000 -0.000 -0.001 -0.001 -0.001 -0.002 -0.004 -0.007 -0.014 -0.026 -0.046 -0.074 -0.109 -0.150 -0.195 -0.249 -0.312 -0.409 -0.533 -0.669 -0.817 -0.933 -1.008 -1.047 -1.028 -0.956 -0.836 -0.679 -0.461 -0.226 -0.072 -0.020 -0.004 -0.001 -0.000 -0.000 -0.000 -0.000 0.000 0.000 0.000 0.000 0.000 0.000 0.000 0.000 0.000 0.000 0.000 0.000 0.000 0.000 0.000 0.000 0.000 0.000 0.000
0.000 -0.000 -0.000 -0.000 -0.000 -0.000 -0.000 -0.000 -0.000 -0.000 -0.000 -0.000 -0.000 -0.000 -0.000 -0.000 -0.000 -0.001 -0.001 -0.001 -0.002 -0.003 -0.006 -0.012 -0.024 -0.044 -0.073 -0.111 -0.155 -0.203 -0.254 -0.311 -0.376 -0.465 -0.610 -0.815 -1.053 -1.314 -1.515 -1.608 -1.641 -1.577 -1.404 -1.135 -0.840 -0.532 -0.241 -0.079 -0.021 -0.005 -0.001 -0.000 -0.000 -0.000 -0.000 -0.000 0.000 0.000 0.000 0.000 0.000 0.000 0.000 0.000 0.000 0.000 0.000 0.000 0.000 0.000 0.000 0.000 0.000 0.000
-0.000 -0.000 -0.000 -0.000 -0.000 -0.000 -0.000 -0.000 -0.000 -0.000 -0.000 -0.000 -0.000 -0.000 -0.000 -0.000 -0.001 -0.001 -0.002 -0.003 -0.005 -0.010 -0.020 -0.040 -0.069 -0.108 -0.154 -0.204 -0.257 -0.313 -0.373 -0.444 -0.529 -0.684 -0.942 -1.249 -1.580 -1.942 -2.229 -2.390 -2.444 -2.404 -2.199 -1.758 -1.208 -0.672 -0.274 -0.086 -0.023 -0.005 -0.001 -0.000 -0.000 -0.000 -0.000 -0.000 0.000 0.000 0.000 0.000 0.000 0.000 0.000 0.000 0.000 0.000 0.000 0.000 0.000 0.000 0.000 0.000 0.000 0.000
-0.000 -0.000 -0.000 -0.000 -0.000 -0.000 -0.000 -0.000 -0.000 -0.000 -0.000 -0.000 -0.000 -0.000 -0.001 -0.001 -0.001 -0.002 -0.004 -0.009 -0.017 -0.034 -0.062 -0.101 -0.148 -0.198 -0.252 -0.309 -0.368 -0.429 -0.495 -0.583 -0.702 -0.949 -1.363 -1.802 -2.136 -2.348 -2.481 -2.642 -2.724 -2.760 -2.616 -2.353 -1.826 -0.980 -0.346 -0.093 -0.023 -0.005 -0.001 -0.000 -0.000 -0.000 -0.000 -0.000 0.000 0.000 0.000 0.000 0.000 0.000 0.000 0.000 0.000 0.000 0.000 0.000 0.000 0.000 0.000 0.000 0.000 0.000
-0.000 -0.000 -0.000 -0.000 -0.000 -0.000 -0.000 -0.000 -0.000 -0.000 -0.000 -0.000 -0.001 -0.001 -0.001 -0.002 -0.003 -0.006 -0.013 -0.027 -0.052 -0.090 -0.137 -0.189 -0.244 -0.300 -0.358 -0.419 -0.483 -0.551 -0.622 -0.732 -0.924 -1.294 -1.760 -2.179 -2.526 -2.567 -2.384 -2.324 -2.392 -2.522 -2.346 -2.268 -2.293 -1.440 -0.460 -0.104 -0.024 -0.006 -0.001 -0.000 -0.000 -0.000 -0.000 -0.000 0.000 0.000 0.000 0.000 0.000 0.000 0.000 0.000 0.000 0.000 0.000 0.000 0.000 0.000 0.000 0.000 0.000 0.000
-0.000 -0.000 -0.000 -0.000 -0.000 -0.000 -0.000 -0.000 -0.000 -0.000 -0.001 -0.001 -0.001 -0.002 -0.003 -0.005 -0.009 -0.019 -0.040 -0.075 -0.121 -0.174 -0.231 -0.290 -0.350 -0.413 -0.476 -0.543 -0.612 -0.685 -0.771 -0.913 -1.228 -1.690 -2.080 -2.347 -2.667 -2.708 -2.492 -2.062 -1.738 -1.861 -1.869 -1.966 -2.356 -1.729 -0.517 -0.109 -0.026 -0.006 -0.002 -0.000 -0.000 -0.000 -0.000 -0.000 0.000 0.000 0.000 0.000 0.000 0.000 0.000 0.000 0.000 0.000 0.000 0.000 0.000 0.000 0.000 0.000 0.000 0.000
-0.000 -0.000 -0.000 -0.000 -0.000 -0.000 -0.000 -0.000 -0.001 -0.001 -0.001 -0.002 -0.002 -0.004 -0.007 -0.013 -0.028 -0.056 -0.100 -0.155 -0.215 -0.276 -0.338 -0.405 -0.471 -0.541 -0.610 -0.683 -0.763 -0.847 -0.956 -1.151 -1.558 -1.945 -2.124 -2.300 -2.572 -2.469 -2.427 -2.084 -1.686 -1.680 -1.521 -1.978 -2.374 -1.768 -0.514 -0.103 -0.025 -0.005 -0.002 -0.001 -0.000 -0.000 -0.000 -0.000 0.000 0.000 0.000 0.000 0.000 0.000 0.000 0.000 0.000 0.000 0.000 0.000 0.000 0.000 0.000 0.000 0.000 0.000
-0.000 -0.000 -0.000 -0.000 -0.000 -0.000 -0.000 -0.001 -0.001 -0.001 -0.002 -0.003 -0.005 -0.010 -0.020 -0.041 -0.078 -0.132 -0.196 -0.261 -0.325 -0.396 -0.465 -0.538 -0.614 -0.691 -0.768 -0.849 -0.940 -1.042 -1.198 -1.458 -1.841 -2.078 -2.077 -2.099 -2.252 -2.095 -2.205 -1.986 -1.647 -1.714 -1.585 -2.147 -2.377 -1.509 -0.433 -0.091 -0.022 -0.005 -0.002 -0.001 -0.000 -0.000 -0.000 -0.000 0.000 0.000 0.000 0.000 0.000 0.000 0.000 0.000 0.000 0.000 0.000 0.000 0.000 0.000 0.000 0.000 0.000 0.000
-0.000 -0.000 -0.000 -0.000 -0.000 -0.001 -0.001 -0.001 -0.002 -0.003 -0.005 -0.008 -0.015 -0.029 -0.060 -0.110 -0.178 -0.252 -0.327 -0.400 -0.471 -0.544 -0.624 -0.707 -0.792 -0.880 -0.970 -1.061 -1.170 -1.303 -1.514 -1.844 -2.142 -2.242 -2.146 -2.109 -2.139 -2.044 -2.303 -2.167 -1.853 -1.822 -1.684 -2.120 -1.993 -1.036 -0.295 -0.072 -0.019 -0.005 -0.002 -0.001 -0.000 -0.000 -0.000 -0.000 0.000 0.000 0.000 0.000 0.000 0.000 0.000 0.000 0.000 0.000 0.000 0.000 0.000 0.000 0.000 0.000 0.000 0.000
-0.000 -0.000 -0.000 -0.001 -0.001 -0.001 -0.002 -0.003 -0.004 -0.007 -0.013 -0.024 -0.046 -0.088 -0.153 -0.236 -0.322 -0.406 -0.489 -0.571 -0.654 -0.739 -0.834 -0.932 -1.030 -1.135 -1.241 -1.360 -1.503 -1.706 -1.956 -2.273 -2.475 -2.499 -2.379 -2.285 -2.227 -2.102 -2.218 -2.110 -1.895 -1.845 -1.821 -1.908 -1.417 -0.623 -0.176 -0.051 -0.014 -0.004 -0.001 -0.001 -0.000 -0.000 -0.000 -0.000 0.000 0.000 0.000 0.000 0.000 0.000 0.000 0.000 0.000 0.000 0.000 0.000 0.000 0.000 0.000 0.000 0.000 0.000
-0.000 -0.001 -0.001 -0.001 -0.002 -0.002 -0.004 -0.006 -0.011 -0.021 -0.040 -0.075 -0.133 -0.213 -0.308 -0.405 -0.496 -0.583 -0.673 -0.774 -0.879 -0.992 -1.123 -1.252 -1.377 -1.511 -1.661 -1.829 -2.047 -2.338 -2.626 -2.821 -2.931 -2.921 -2.871 -2.731 -2.529 -2.354 -2.415 -2.360 -2.118 -1.959 -1.813 -1.485 -0.828 -0.331 -0.107 -0.035 -0.010 -0.003 -0.001 -0.001 -0.000 -0.000 -0.000 -0.000 0.000 0.000 0.000 0.000 0.000 0.000 0.000 0.000 0.000 0.000 0.000 0.000 0.000 0.000 0.000 0.000 0.000 0.000
-0.001 -0.001 -0.002 -0.002 -0.003 -0.005 -0.009 -0.017 -0.034 -0.065 -0.117 -0.192 -0.291 -0.395 -0.496 -0.596 -0.696 -0.801 -0.910 -1.045 -1.204 -1.366 -1.551 -1.749 -1.937 -2.133 -2.359 -2.602 -2.868 -3.143 -3.408 -3.546 -3.542 -3.453 -3.408 -3.342 -3.170 -2.948 -2.809 -2.537 -2.233 -1.811 -1.408 -0.855 -0.395 -0.156 -0.060 -0.021 -0.007 -0.003 -0.001 -0.000 -0.000 -0.000 -0.000 -0.000 0.000 0.000 0.000 0.000 0.000 0.000 0.000 0.000 0.000 0.000 0.000 0.000 0.000 0.000 0.000 0.000 0.000 0.000
-0.001 -0.002 -0.003 -0.005 -0.008 -0.014 -0.026 -0.052 -0.099 -0.167 -0.257 -0.362 -0.474 -0.591 -0.700 -0.818 -0.949 -1.094 -1.265 -1.469 -1.722 -1.987 -2.241 -2.495 -2.740 -2.949 -3.178 -3.420 -3.615 -3.742 -3.834 -3.897 -3.847 -3.686 -3.579 -3.443 -3.191 -2.886 -2.551 -2.181 -1.726 -1.199 -0.718 -0.371 -0.166 -0.071 -0.031 -0.012 -0.005 -0.002 -0.001 -0.000 -0.000 -0.000 -0.000 -0.000 0.000 0.000 0.000 0.000 0.000 0.000 0.000 0.000 0.000 0.000 0.000 0.000 0.000 0.000 0.000 0.000 0.000 0.000
-0.003 -0.004 -0.006 -0.011 -0.021 -0.041 -0.079 -0.139 -0.222 -0.322 -0.429 -0.544 -0.665 -0.799 -0.942 -1.103 -1.305 -1.534 -1.808 -2.142 -2.490 -2.815 -3.070 -3.248 -3.366 -3.460 -3.582 -3.742 -3.860 -3.872 -3.803 -3.741 -3.602 -3.348 -3.122 -2.839 -2.436 -1.978 -1.591 -1.230 -0.873 -0.543 -0.301 -0.153 -0.073 -0.034 -0.016 -0.007 -0.003 -0.001 -0.001 -0.000 -0.000 -0.000 -0.000 0.000 0.000 0.000 0.000 0.000 0.000 0.000 0.000 0.000 0.000 0.000 0.000 0.000 0.000 0.000 0.000 0.000 0.000 0.000
-0.006 -0.009 -0.017 -0.033 -0.063 -0.115 -0.192 -0.287 -0.390 -0.504 -0.621 -0.747 -0.893 -1.063 -1.261 -1.508 -1.820 -2.187 -2.559 -2.932 -3.242 -3.434 -3.522 -3.557 -3.555 -3.549 -3.586 -3.661 -3.673 -3.574 -3.336 -3.054 -2.759 -2.408 -2.067 -1.734 -1.380 -1.062 -0.811 -0.597 -0.407 -0.251 -0.141 -0.076 -0.039 -0.019 -0.009 -0.004 -0.002 -0.001 -0.001 -0.000 -0.000 -0.000 -0.000 0.000 0.000 0.000 0.000 0.000 0.000 0.000 0.000 0.000 0.000 0.000 0.000 0.000 0.000 0.000 0.000 0.000 0.000 0.000
-0.014 -0.027 -0.052 -0.095 -0.161 -0.249 -0.352 -0.464 -0.581 -0.712 -0.859 -1.018 -1.214 -1.460 -1.742 -2.090 -2.509 -2.942 -3.259 -3.457 -3.551 -3.568 -3.515 -3.456 -3.391 -3.301 -3.242 -3.174 -3.041 -2.806 -2.485 -2.118 -1.768 -1.474 -1.230 -1.020 -0.823 -0.641 -0.485 -0.354 -0.243 -0.153 -0.087 -0.047 -0.023 -0.011 -0.005 -0.003 -0.001 -0.001 -0.000 -0.000 -0.000 -0.000 -0.000 0.000 0.000 0.000 0.000 0.000 0.000 0.000 0.000 0.000 0.000 0.000 0.000 0.000 0.000 0.000 0.000 0.000 0.000 0.000
-0.042 -0.080 -0.138 -0.220 -0.321 -0.430 -0.541 -0.664 -0.804 -0.968 -1.167 -1.401 -1.671 -2.010 -2.393 -2.797 -3.181 -3.456 -3.558 -3.544 -3.466 -3.331 -3.141 -2.960 -2.800 -2.644 -2.522 -2.399 -2.215 -1.977 -1.714 -1.449 -1.204 -1.004 -0.846 -0.708 -0.575 -0.451 -0.344 -0.251 -0.169 -0.103 -0.056 -0.028 -0.013 -0.007 -0.003 -0.002 -0.001 -0.001 -0.000 -0.000 -0.000 -0.000 -0.000 0.000 0.000 0.000 0.000 0.000 0.000 0.000 0.000 0.000 0.000 0.000 0.000 0.000 0.000 0.000 0.000 0.000 0.000 0.000
-0.115 -0.189 -0.284 -0.392 -0.508 -0.633 -0.763 -0.913 -1.093 -1.308 -1.571 -1.875 -2.220 -2.602 -2.995 -3.315 -3.504 -3.530 -3.435 -3.245 -2.999 -2.728 -2.474 -2.267 -2.116 -1.998 -1.905 -1.801 -1.646 -1.445 -1.240 -1.053 -0.891 -0.756 -0.638 -0.533 -0.432 -0.338 -0.257 -0.185 -0.119 -0.067 -0.033 -0.016 -0.008 -0.004 -0.002 -0.001 -0.001 -0.000 -0.000 -0.000 -0.000 -0.000 0.000 0.000 0.000 0.000 0.000 0.000 0.000 0.000 0.000 0.000 0.000 0.000 0.000 0.000 0.000 0.000 0.000 0.000 0.000 0.000
-0.249 -0.351 -0.461 -0.582 -0.711 -0.852 -1.018 -1.208 -1.440 -1.709 -2.030 -2.370 -2.725 -3.051 -3.312 -3.445 -3.402 -3.216 -2.934 -2.609 -2.280 -2.023 -1.840 -1.733 -1.672 -1.610 -1.533 -1.425 -1.277 -1.106 -0.949 -0.814 -0.696 -0.599 -0.508 -0.420 -0.337 -0.260 -0.192 -0.132 -0.079 -0.041 -0.020 -0.010 -0.005 -0.003 -0.002 -0.001 -0.001 -0.000 -0.000 -0.000 -0.000 -0.000 0.000 0.000 0.000 0.000 0.000 0.000 0.000 0.000 0.000 0.000 0.000 0.000 0.000 0.000 0.000 0.000 0.000 0.000 0.000 0.000
-0.430 -0.542 -0.661 -0.793 -0.941 -1.109 -1.306 -1.534 -1.814 -2.117 -2.447 -2.767 -3.055 -3.253 -3.299 -3.236 -3.011 -2.643 -2.267 -1.933 -1.692 -1.550 -1.475 -1.438 -1.423 -1.378 -1.284 -1.160 -1.019 -0.878 -0.754 -0.654 -0.569 -0.490 -0.413 -0.340 -0.269 -0.202 -0.143 -0.092 -0.051 -0.025 -0.012 -0.006 -0.004 -0.002 -0.001 -0.001 -0.000 -0.000 -0.000 -0.000 -0.000 -0.000 0.000 0.000 0.000 0.000 0.000 0.000 0.000 0.000 0.000 0.000 0.000 0.000 0.000 0.000 0.000 0.000 0.000 0.000 0.000 0.000
-0.612 -0.737 -0.870 -1.021 -1.193 -1.390 -1.622 -1.883 -2.177 -2.485 -2.771 -3.007 -3.156 -3.187 -3.037 -2.776 -2.462 -2.077 -1.747 -1.523 -1.386 -1.315 -1.283 -1.274 -1.254 -1.193 -1.083 -0.951 -0.820 -0.711 -0.618 -0.538 -0.471 -0.407 -0.341 -0.275 -0.213 -0.156 -0.105 -0.063 -0.033 -0.016 -0.008 -0.004 -0.002 -0.001 -0.001 -0.000 -0.000 -0.000 -0.000 -0.000 -0.000 0.000 0.000 0.000 0.000 0.000 0.000 0.000 0.000 0.000 0.000 0.000 0.000 0.000 0.000 0.000 0.000 0.000 0.000 0.000 0.000 0.000
-0.789 -0.925 -1.076 -1.249 -1.449 -1.679 -1.939 -2.228 -2.495 -2.759 -2.961 -3.072 -3.052 -2.905 -2.625 -2.271 -1.934 -1.653 -1.453 -1.323 -1.246 -1.206 -1.186 -1.163 -1.115 -1.027 -0.906 -0.777 -0.665 -0.578 -0.512 -0.452 -0.395 -0.339 -0.281 -0.222 -0.168 -0.120 -0.076 -0.043 -0.022 -0.011 -0.006 -0.003 -0.002 -0.001 -0.001 -0.000 -0.000 -0.000 -0.000 -0.000 -0.000 0.000 0.000 0.000 0.000 0.000 0.000 0.000 0.000 0.000 0.000 0.000 0.000 0.000 0.000 0.000 0.000 0.000 0.000 0.000 0.000 0.000
-0.989 -1.130 -1.296 -1.491 -1.715 -1.968 -2.235 -2.497 -2.726 -2.906 -2.977 -2.947 -2.796 -2.531 -2.192 -1.853 -1.569 -1.375 -1.264 -1.208 -1.174 -1.146 -1.119 -1.069 -0.984 -0.871 -0.748 -0.635 -0.547 -0.480 -0.428 -0.382 -0.335 -0.285 -0.230 -0.179 -0.132 -0.090 -0.054 -0.029 -0.015 -0.007 -0.004 -0.002 -0.001 -0.001 -0.000 -0.000 -0.000 -0.000 -0.000 -0.000 0.000 0.000 0.000 0.000 0.000 0.000 0.000 0.000 0.000 0.000 0.000 0.000 0.000 0.000 0.000 0.000 0.000 0.000 0.000 0.000 0.000 0.000
-1.194 -1.350 -1.541 -1.747 -1.976 -2.223 -2.460 -2.669 -2.814 -2.892 -2.837 -2.662 -2.424 -2.113 -1.777 -1.497 -1.310 -1.202 -1.145 -1.123 -1.117 -1.091 -1.036 -0.956 -0.849 -0.726 -0.612 -0.522 -0.456 -0.406 -0.363 -0.323 -0.282 -0.238 -0.189 -0.143 -0.103 -0.067 -0.038 -0.019 -0.010 -0.005 -0.003 -0.001 -0.001 -0.001 -0.000 -0.000 -0.000 -0.000 -0.000 -0.000 0.000 0.000 0.000 0.000 0.000 0.000 0.000 0.000 0.000 0.000 0.000 0.000 0.000 0.000 0.000 0.000 0.000 0.000 0.000 0.000 0.000 0.000
-1.389 -1.558 -1.768 -1.985 -2.194 -2.417 -2.604 -2.737 -2.782 -2.740 -2.599 -2.345 -2.034 -1.703 -1.421 -1.223 -1.114 -1.070 -1.064 -1.064 -1.059 -1.018 -0.933 -0.825 -0.706 -0.591 -0.501 -0.434 -0.384 -0.345 -0.310 -0.274 -0.234 -0.193 -0.152 -0.114 -0.079 -0.048 -0.026 -0.012 -0.006 -0.003 -0.002 -0.001 -0.001 -0.000 -0.000 -0.000 -0.000 -0.000 -0.000 0.000 0.000 0.000 0.000 0.000 0.000 0.000 0.000 0.000 0.000 0.000 0.000 0.000 0.000 0.000 0.000 0.000 0.000 0.000 0.000 0.000 0.000 0.000
-1.576 -1.762 -1.967 -2.177 -2.361 -2.533 -2.679 -2.709 -2.652 -2.511 -2.299 -2.010 -1.684 -1.391 -1.186 -1.064 -1.007 -0.993 -1.001 -1.007 -0.990 -0.924 -0.814 -0.692 -0.576 -0.482 -0.415 -0.367 -0.328 -0.296 -0.265 -0.231 -0.194 -0.156 -0.121 -0.088 -0.059 -0.034 -0.017 -0.008 -0.004 -0.002 -0.001 -0.001 -0.000 -0.000 -0.000 -0.000 -0.000 -0.000 -0.000 0.000 0.000 0.000 0.000 0.000 0.000 0.000 0.000 0.000 0.000 0.000 0.000 0.000 0.000 0.000 0.000 0.000 0.000 0.000 0.000 0.000 0.000 0.000
-1.759 -1.953 -2.138 -2.319 -2.469 -2.574 -2.632 -2.598 -2.466 -2.250 -1.965 -1.662 -1.379 -1.171 -1.051 -0.983 -0.958 -0.964 -0.970 -0.953 -0.902 -0.810 -0.683 -0.568 -0.474 -0.405 -0.355 -0.316 -0.285 -0.256 -0.228 -0.195 -0.160 -0.127 -0.097 -0.069 -0.044 -0.024 -0.012 -0.006 -0.003 -0.002 -0.001 -0.000 -0.000 -0.000 -0.000 -0.000 -0.000 -0.000 -0.000 0.000 0.000 0.000 0.000 0.000 0.000 0.000 0.000 0.000 0.000 0.000 0.000 0.000 0.000 0.000 0.000 0.000 0.000 0.000 0.000 0.000 0.000 0.000
-1.935 -2.108 -2.280 -2.411 -2.502 -2.534 -2.512 -2.418 -2.237 -1.964 -1.643 -1.361 -1.157 -1.032 -0.971 -0.946 -0.940 -0.949 -0.935 -0.887 -0.799 -0.680 -0.560 -0.467 -0.400 -0.349 -0.310 -0.277 -0.249 -0.222 -0.195 -0.165 -0.134 -0.105 -0.079 -0.054 -0.033 -0.018 -0.009 -0.004 -0.002 -0.001 -0.001 -0.000 -0.000 -0.000 -0.000 -0.000 -0.000 -0.000 -0.000 0.000 0.000 0.000 0.000 0.000 0.000 0.000 0.000 0.000 0.000 0.000 0.000 0.000 0.000 0.000 0.000 0.000 0.000 0.000 0.000 0.000 0.000 0.000
-2.088 -2.228 -2.361 -2.439 -2.458 -2.419 -2.347 -2.210 -1.970 -1.663 -1.366 -1.154 -1.024 -0.960 -0.929 -0.933 -0.934 -0.919 -0.873 -0.789 -0.674 -0.554 -0.459 -0.393 -0.345 -0.305 -0.272 -0.243 -0.217 -0.192 -0.167 -0.139 -0.112 -0.087 -0.064 -0.042 -0.024 -0.012 -0.006 -0.003 -0.001 -0.001 -0.000 -0.000 -0.000 -0.000 -0.000 -0.000 -0.000 -0.000 -0.000 0.000 0.000 0.000 0.000 0.000 0.000 0.000 0.000 0.000 0.000 0.000 0.000 0.000 0.000 0.000 0.000 0.000 0.000 0.000 0.000 0.000 0.000 0.000
-2.212 -2.315 -2.378 -2.388 -2.346 -2.273 -2.154 -1.966 -1.697 -1.396 -1.160 -1.022 -0.953 -0.926 -0.919 -0.922 -0.912 -0.857 -0.773 -0.665 -0.548 -0.450 -0.384 -0.338 -0.302 -0.271 -0.241 -0.214 -0.189 -0.166 -0.142 -0.118 -0.095 -0.072 -0.049 -0.030 -0.016 -0.008 -0.004 -0.002 -0.001 -0.001 -0.000 -0.000 -0.000 -0.000 -0.000 -0.000 -0.000 -0.000 -0.000 0.000 0.000 0.000 0.000 0.000 0.000 0.000 0.000 0.000 0.000 0.000 0.000 0.000 0.000 0.000 0.000 0.000 0.000 0.000 0.000 0.000 0.000 0.000
-2.291 -2.336 -2.337 -2.288 -2.214 -2.114 -1.961 -1.715 -1.424 -1.187 -1.031 -0.947 -0.912 -0.911 -0.913 -0.901 -0.855 -0.762 -0.649 -0.540 -0.444 -0.375 -0.327 -0.294 -0.267 -0.241 -0.214 -0.188 -0.164 -0.143 -0.122 -0.101 -0.079 -0.057 -0.035 -0.020 -0.011 -0.005 -0.003 -0.001 -0.001 -0.000 -0.000 -0.000 -0.000 -0.000 -0.000 -0.000 -0.000 -0.000 -0.000 0.000 0.000 0.000 0.000 0.000 0.000 0.000 0.000 0.000 0.000 0.000 0.000 0.000 0.000 0.000 0.000 0.000 0.000 0.000 0.000 0.000 0.000 0.000
-2.309 -2.295 -2.256 -2.189 -2.090 -1.947 -1.739 -1.461 -1.198 -1.034 -0.949 -0.903 -0.887 -0.890 -0.878 -0.837 -0.762 -0.649 -0.535 -0.440 -0.370 -0.321 -0.284 -0.257 -0.234 -0.212 -0.189 -0.164 -0.142 -0.122 -0.104 -0.084 -0.063 -0.041 -0.023 -0.012 -0.007 -0.003 -0.002 -0.001 -0.001 -0.000 -0.000 -0.000 -0.000 -0.000 -0.000 -0.000 -0.000 -0.000 -0.000 0.000 0.000 0.000 0.000 0.000 0.000 0.000 0.000 0.000 0.000 0.000 0.000 0.000 0.000 0.000 0.000 0.000 0.000 0.000 0.000 0.000 0.000 0.000
