AvaFrame/avaframe/data/avaSalk/Avaflow_Input_Output/slk_results/slk_ascii/slk_hillshade0014.asc
ncols 296
nrows 144
xllcenter 761600.00
yllcenter 8523000.00
cellsize 12.50
NODATA_value -9999.000
[rows 0 to 48 of 144, columns 192 to 287 of 296]
180 180 180 180 180 180 180 180 180 180 180 180 180 180 180 180 180 180 180 180 180 180 180 180 180 180 180 180 180 180 180 180 180 180 180 180 180 180 180 180 180 180 180 180 180 180 180 180 180 180 180 180 180 180 180 180 180 180 180 180 180 180 180 180 180 180 180 180 180 180 180 180 180 180 180 180 180 180 180 180 180 180 180 180 180 180 180 180 180 180 180 180 180 180 180 180
73 76 88 117 134 139 147 146 151 163 182 202 206 202 202 202 201 182 163 146 116 81 32 1 -14 -25 -19 35 98 88 70 62 54 56 86 131 141 128 123 147 155 116 85 83 93 103 93 87 110 153 147 121 122 148 163 181 196 207 212 216 220 219 231 246 251 252 247 244 233 213 200 191 179 168 164 162 161 156 148 148 158 155 131 107 111 136 140 131 122 124 133 142 147 113 65 68
75 84 97 132 158 153 155 146 130 141 166 191 202 207 211 215 209 185 165 156 147 106 51 10 -17 -30 -24 13 64 76 66 64 62 56 67 96 122 150 161 172 179 148 116 110 107 112 103 87 89 135 162 130 109 125 147 165 177 192 207 216 211 201 221 241 243 237 226 214 194 181 181 181 178 183 188 184 178 183 191 179 157 144 141 138 130 135 139 139 136 134 141 150 170 148 67 31
73 97 114 152 172 161 159 146 128 131 150 173 194 214 216 209 209 187 166 154 147 128 76 27 -13 -35 -28 1 38 59 64 64 66 69 61 73 113 151 156 155 156 151 141 142 151 148 137 106 73 89 134 137 125 125 138 141 149 169 198 210 201 192 205 227 227 215 204 191 176 171 180 187 201 221 231 222 207 207 207 169 114 115 147 170 147 112 126 154 170 167 150 131 124 116 92 58
68 111 140 163 179 169 156 146 131 135 138 156 189 216 220 214 204 187 166 156 147 131 101 56 1 -32 -36 -17 12 38 52 61 64 67 61 64 103 149 153 121 117 131 148 163 179 181 175 146 89 49 72 113 137 144 146 140 127 133 172 197 191 178 187 206 209 199 190 184 180 182 189 204 222 233 238 230 217 209 206 154 83 82 150 202 161 96 110 166 195 191 175 126 75 79 105 112
67 122 152 166 176 164 150 151 142 141 138 144 179 211 222 218 212 195 171 156 150 137 116 81 22 -21 -34 -28 -11 17 41 50 58 60 53 46 79 130 140 120 110 122 141 159 168 175 185 180 131 57 42 65 107 135 150 145 128 123 145 169 166 158 167 187 197 193 189 187 190 198 206 214 221 227 221 211 202 202 198 162 102 82 146 195 151 96 106 161 188 186 179 148 89 67 99 128
74 134 157 156 163 141 119 136 161 160 144 141 166 201 214 219 219 197 177 163 150 135 122 92 40 -7 -25 -27 -18 3 35 50 60 63 56 42 50 84 115 123 125 134 150 147 153 164 175 179 146 81 43 37 62 111 146 152 145 131 117 119 124 128 148 185 202 197 193 198 211 219 215 208 216 219 212 207 206 205 196 178 144 118 138 158 128 93 100 148 177 183 181 170 140 109 107 114
71 118 150 145 139 111 83 103 148 166 156 146 161 187 206 220 228 214 183 160 151 138 125 94 41 3 -8 -17 -15 3 33 51 62 74 72 53 48 47 76 116 141 148 157 158 147 158 164 163 137 97 51 26 36 96 145 147 139 136 116 101 102 104 124 187 218 213 199 208 225 227 215 201 209 217 217 220 222 217 208 193 173 153 128 120 115 102 104 138 169 187 200 199 179 155 126 102
81 89 118 129 118 86 58 71 111 141 145 145 163 178 197 224 235 224 203 179 151 135 135 116 50 8 0 -1 -6 9 34 52 67 67 73 68 57 52 51 88 120 145 158 169 158 153 158 152 120 87 56 18 22 76 153 140 104 103 111 109 117 135 126 122 165 170 165 193 220 222 212 209 219 227 231 235 233 225 213 203 192 162 97 80 110 140 150 140 152 190 222 223 202 170 115 85
100 83 95 118 106 71 40 47 78 113 141 149 144 155 181 224 241 232 220 200 163 142 139 129 77 29 12 7 0 9 35 52 65 70 61 71 62 62 70 88 115 140 152 163 169 164 158 146 115 74 52 14 8 59 141 119 59 58 76 104 136 173 173 139 125 123 128 151 191 214 221 231 238 238 234 234 230 220 211 203 195 166 82 41 92 184 197 153 139 187 225 223 207 179 115 75
118 84 89 106 106 61 31 30 44 77 130 165 151 138 154 194 224 223 219 211 187 150 126 114 93 62 39 27 12 7 21 46 63 72 59 58 65 62 78 109 131 145 157 163 169 169 174 147 91 52 45 25 9 49 115 90 22 7 22 47 105 161 175 152 132 125 119 135 151 185 222 236 235 227 224 225 222 212 203 196 190 167 109 47 56 153 178 158 150 179 203 199 195 188 148 99
112 78 78 95 95 56 19 18 20 49 113 164 164 150 139 144 175 207 223 215 197 163 105 80 84 89 75 60 44 23 16 38 70 73 56 49 60 67 75 101 127 141 147 158 169 168 184 174 89 27 21 21 13 53 112 87 26 -5 -5 8 46 120 144 132 128 137 135 133 142 148 189 218 207 189 193 215 221 212 204 196 188 174 155 122 73 77 118 154 175 170 162 181 202 204 180 148
87 67 62 78 73 42 7 4 7 23 93 152 159 150 141 128 128 175 212 201 191 166 108 73 77 97 91 78 73 59 38 38 73 87 58 43 64 78 83 99 106 112 124 135 152 167 183 191 112 26 7 7 1 32 100 99 51 22 1 1 16 56 104 109 116 140 164 152 132 140 158 189 183 149 168 211 224 216 207 193 179 175 174 166 126 81 87 152 188 161 134 167 219 228 202 172
66 57 62 73 68 24 -2 -13 -10 4 68 134 137 133 135 125 125 132 160 168 166 158 127 94 93 110 93 59 59 69 63 54 59 67 46 35 53 83 93 101 106 89 95 112 129 139 167 173 125 47 4 -2 -8 1 46 81 66 40 16 -2 1 12 40 56 83 138 183 179 152 129 146 155 151 128 147 207 227 205 173 163 141 136 142 142 139 126 126 149 172 162 145 157 194 212 200 181
57 62 73 84 78 28 -8 -22 -32 -23 24 99 119 111 119 125 128 122 116 120 129 137 138 124 113 119 98 50 30 44 49 37 33 28 8 1 24 52 68 83 100 101 84 89 100 101 106 122 96 54 12 -12 -21 -27 -12 20 47 38 16 -2 -15 -15 -8 1 26 96 169 169 168 167 164 159 146 135 141 193 222 212 177 147 117 109 118 122 138 155 159 159 163 171 172 181 191 193 189 183
24 71 83 100 88 45 -5 -26 -41 -44 -15 42 87 94 110 122 122 125 110 86 80 103 138 151 121 107 97 57 26 24 29 4 1 -2 -15 -30 -15 12 28 52 73 100 100 95 89 78 62 62 57 33 12 -9 -30 -45 -47 -27 3 16 5 -5 -21 -32 -40 -42 -27 33 117 135 122 143 163 176 178 169 155 169 196 189 162 134 109 108 130 139 135 141 143 137 149 178 202 202 201 197 185 179
-11 60 93 105 103 65 19 -18 -32 -42 -29 1 41 72 83 103 112 116 119 85 41 58 128 176 142 97 87 79 55 47 47 25 -5 -18 -30 -43 -37 -15 4 20 43 62 89 101 111 100 73 57 52 38 25 16 -5 -35 -54 -49 -32 -24 -26 -29 -32 -43 -54 -65 -67 -35 32 78 53 59 111 161 191 205 180 147 144 138 119 107 88 97 153 183 141 106 113 115 123 172 217 219 205 200 183 176
-20 32 91 108 119 91 51 1 -26 -28 -25 -8 21 52 63 63 81 101 105 85 42 29 87 146 135 95 88 98 91 88 95 73 29 -12 -40 -53 -56 -42 -9 12 16 25 52 89 118 136 118 88 78 62 43 33 38 12 -30 -49 -44 -50 -62 -61 -53 -51 -61 -74 -86 -81 -49 12 24 -9 -12 33 123 185 184 158 111 85 66 52 44 64 147 197 150 97 93 101 106 152 199 203 196 192 180 170
-17 15 59 102 119 119 87 32 -14 -24 -21 -13 11 44 55 49 48 71 91 78 54 36 57 105 116 89 86 96 108 100 106 106 82 32 -17 -46 -62 -65 -42 4 16 4 8 43 89 118 123 106 89 73 47 25 24 38 12 -19 -30 -43 -69 -79 -69 -60 -61 -68 -82 -98 -95 -53 8 -11 -54 -54 1 97 137 135 101 52 24 11 4 22 107 180 142 67 69 101 115 124 164 175 171 179 170 164
-14 8 28 61 103 126 126 73 10 -16 -21 -16 7 45 54 44 40 44 63 71 63 55 56 84 107 104 97 97 100 106 94 93 101 95 56 4 -40 -66 -67 -37 4 12 1 5 29 57 78 89 83 72 42 1 -15 1 14 10 10 4 -35 -70 -76 -69 -67 -64 -73 -99 -109 -93 -39 -15 -59 -84 -72 -27 31 64 56 16 -5 -18 -28 -20 43 136 133 65 40 62 84 112 141 157 155 163 157 151
-14 8 20 28 60 107 126 93 40 1 -19 -21 -2 32 50 45 36 28 36 49 59 56 50 62 88 106 120 117 106 112 97 80 85 111 112 73 16 -43 -68 -66 -40 1 12 -2 1 16 28 47 60 60 44 4 -28 -29 -13 -2 16 47 38 -21 -58 -69 -72 -71 -70 -90 -109 -104 -70 -39 -52 -79 -89 -84 -52 -2 19 -9 -32 -35 -42 -45 -18 47 101 87 38 24 43 73 112 134 137 146 150 146
-17 12 16 8 20 55 101 95 53 14 -20 -33 -23 4 20 28 28 20 12 20 38 38 20 19 50 77 95 112 118 134 135 102 83 95 118 101 52 4 -42 -67 -65 -38 1 1 -12 -8 -2 1 7 14 10 3 -21 -34 -32 -31 -30 -9 31 24 -21 -48 -55 -60 -63 -75 -94 -96 -79 -52 -32 -49 -78 -96 -85 -43 -11 -21 -40 -45 -45 -47 -40 -18 29 72 56 20 16 43 68 89 100 116 127 127
-35 16 20 1 -5 8 41 66 61 32 -15 -42 -45 -33 -12 4 16 12 4 1 8 16 4 -9 4 29 47 68 106 146 165 151 106 95 112 116 77 37 -2 -49 -67 -59 -31 -8 -8 -14 -14 -21 -23 -22 -20 -20 -23 -34 -40 -45 -52 -49 -18 13 4 -21 -27 -30 -35 -45 -68 -81 -75 -57 -17 -7 -51 -85 -90 -69 -39 -32 -42 -47 -45 -47 -45 -43 -27 12 42 33 12 20 43 52 62 78 95 101
-51 20 33 8 -5 -8 4 31 55 42 4 -30 -43 -45 -35 -24 -2 4 -2 -5 -5 -2 1 -9 -5 8 25 33 52 105 135 126 94 72 87 101 85 56 20 -24 -55 -60 -52 -34 -20 -14 -7 -9 -19 -24 -25 -25 -29 -37 -42 -46 -52 -53 -38 -14 -8 -21 -27 -30 -35 -38 -45 -66 -74 -65 -28 4 -28 -70 -82 -76 -63 -49 -45 -51 -51 -52 -49 -49 -46 -29 -5 12 8 4 12 29 33 47 62 78
-58 12 57 32 15 1 -8 4 29 43 16 -9 -27 -40 -43 -38 -35 -18 -12 -12 -12 -12 -9 -2 -2 8 20 25 20 31 58 50 31 19 26 57 68 60 32 -5 -37 -50 -56 -51 -38 -24 -10 7 4 1 -2 -5 -14 -30 -40 -44 -48 -49 -40 -23 -24 -35 -47 -53 -57 -56 -52 -57 -73 -71 -44 -10 -23 -55 -70 -72 -65 -58 -49 -52 -58 -63 -60 -55 -56 -53 -38 -18 -15 -15 -12 1 12 16 24 37
-71 -12 33 32 23 16 -2 -2 8 25 20 4 -12 -27 -40 -40 -40 -40 -30 -22 -18 -18 -18 -9 -5 1 16 28 22 14 20 20 4 -5 -5 8 36 44 36 8 -18 -38 -48 -52 -48 -40 -24 -1 14 15 19 18 7 -16 -32 -42 -47 -48 -44 -32 -24 -32 -46 -58 -64 -66 -64 -59 -63 -67 -51 -27 -29 -57 -73 -71 -65 -58 -52 -47 -51 -56 -63 -63 -64 -66 -57 -37 -24 -32 -30 -15 -2 1 4 8
-93 -56 -21 -12 -5 -2 -2 -2 4 8 8 4 -2 -15 -21 -30 -27 -30 -35 -33 -28 -24 -27 -24 -21 -21 -12 11 25 35 35 37 26 15 1 -2 4 15 15 1 -14 -27 -40 -48 -52 -46 -40 -29 -14 -5 4 10 10 -7 -27 -40 -50 -50 -46 -44 -32 -26 -36 -47 -54 -61 -61 -58 -54 -53 -43 -26 -26 -59 -88 -99 -94 -78 -52 -40 -35 -35 -42 -49 -61 -68 -68 -53 -29 -27 -35 -27 -8 -2 -5 -2
-104 -84 -61 -47 -35 -27 -18 -5 4 4 4 -2 -2 -9 -12 -15 -15 -12 -21 -30 -33 -30 -27 -30 -27 -29 -30 -16 7 34 56 62 49 45 32 8 1 -1 -1 -5 -16 -24 -33 -42 -50 -51 -47 -41 -32 -24 -16 -1 4 -1 -19 -35 -50 -55 -49 -46 -41 -28 -31 -44 -47 -49 -52 -49 -45 -40 -32 -14 -17 -42 -81 -103 -109 -106 -83 -45 -27 -12 -12 -18 -40 -61 -71 -69 -49 -27 -24 -29 -20 -11 -11 -11
-100 -90 -76 -62 -47 -38 -33 -24 -5 -2 1 1 -2 -5 -12 -15 -15 -9 -9 -18 -24 -21 -15 -12 -5 -2 -8 -14 -5 15 35 38 30 18 22 14 1 -4 -7 -4 -10 -16 -21 -29 -39 -44 -44 -40 -32 -19 -10 1 7 7 -5 -23 -42 -53 -51 -44 -39 -31 -31 -44 -51 -54 -56 -52 -43 -35 -24 1 -15 -43 -74 -93 -104 -103 -96 -65 -45 -24 -5 -2 -12 -39 -60 -76 -73 -49 -32 -30 -30 -27 -25 -25
-89 -87 -77 -65 -49 -38 -35 -38 -30 -12 -5 -2 -2 -5 -12 -21 -24 -15 -5 -2 -9 -5 4 12 25 47 52 33 19 11 14 10 1 -10 -15 -4 1 -1 -7 -2 -4 -10 -11 -14 -20 -28 -33 -33 -23 -14 1 18 22 22 19 1 -24 -40 -49 -46 -39 -28 -29 -42 -54 -58 -63 -65 -58 -51 -43 -12 -9 -49 -80 -96 -99 -93 -86 -70 -56 -45 -21 -5 1 -12 -40 -67 -79 -69 -50 -43 -42 -42 -43 -41
-84 -87 -80 -71 -58 -35 -24 -32 -40 -27 -9 1 4 1 -2 -12 -21 -21 -15 -5 -5 -5 4 16 29 43 78 76 53 36 23 13 3 -7 -20 -24 -10 1 1 1 6 -2 -2 -2 -5 -11 -20 -29 -23 -14 -2 19 30 23 20 16 -5 -24 -37 -42 -37 -29 -27 -32 -45 -51 -58 -71 -80 -64 -43 -39 -34 -56 -86 -108 -108 -88 -72 -64 -56 -52 -32 -9 1 4 -18 -51 -71 -68 -56 -46 -44 -46 -52 -53
-88 -92 -90 -79 -67 -45 -15 -9 -24 -27 -15 1 16 20 20 16 1 -9 -15 -18 -18 -24 -18 -5 12 24 37 71 66 54 49 41 34 24 7 -8 -11 1 11 18 27 24 16 16 12 1 -11 -21 -23 -20 -17 -2 15 11 4 -2 -8 -20 -32 -37 -32 -21 -18 -24 -33 -52 -63 -63 -67 -70 -56 -44 -48 -66 -96 -117 -120 -96 -60 -45 -45 -47 -35 -18 -2 8 -2 -29 -52 -58 -52 -44 -36 -38 -50 -58
-88 -96 -96 -90 -77 -55 -27 -5 -5 -12 -12 -5 8 27 28 33 28 16 -2 -18 -24 -32 -40 -30 -12 4 15 37 59 62 62 59 61 63 43 18 4 1 11 24 42 52 47 32 32 19 1 -11 -20 -20 -20 -19 -5 1 -2 -8 -14 -20 -32 -35 -30 -21 -12 -8 -20 -25 -42 -58 -65 -64 -53 -45 -45 -58 -99 -119 -115 -99 -70 -32 -32 -38 -30 -21 -8 8 12 -8 -29 -43 -45 -35 -24 -26 -38 -52
-73 -89 -94 -93 -86 -71 -51 -32 -18 -15 -12 -9 -5 4 11 16 16 25 16 -2 -21 -32 -49 -53 -39 -25 -13 4 27 45 58 56 50 55 58 37 15 1 4 8 20 37 46 45 36 31 12 -2 -8 -20 -19 -19 -20 -8 -2 -2 -5 -8 -24 -35 -33 -22 -15 14 2 -9 -11 -25 -43 -52 -51 -43 -34 -17 -89 -115 -102 -88 -70 -40 -35 -35 -30 -21 -12 1 16 15 -5 -26 -39 -31 -11 -1 -8 -22
-47 -73 -86 -92 -89 -80 -69 -61 -47 -33 -24 -15 -9 -9 -12 -9 1 12 20 12 -5 -26 -47 -60 -57 -47 -40 -29 -7 17 39 48 44 39 37 37 22 4 1 4 4 12 23 31 35 35 27 4 -2 -11 -19 -22 -23 -20 -8 -2 1 1 -9 -24 -33 -33 -20 16 28 11 4 -6 -28 -40 -43 -44 -39 -22 -53 -111 -99 -88 -51 -40 -40 -38 -32 -24 -15 -2 8 23 19 -5 -26 -26 -8 19 37 32
-24 -57 -77 -87 -88 -79 -68 -67 -65 -49 -38 -27 -15 -9 -12 -24 -18 -5 12 11 8 -5 -28 -46 -48 -45 -43 -43 -34 -10 10 24 28 28 30 25 11 -2 -8 -5 1 1 11 19 27 31 35 26 11 1 -8 -17 -20 -20 -15 -5 -2 1 -2 -12 -19 -30 -18 10 27 16 8 0 -22 -39 -50 -55 -60 -56 -71 -111 -118 -94 -41 -18 -27 -30 -27 -18 -9 1 16 28 40 23 -5 -21 -18 1 37 53
-18 -45 -68 -82 -85 -75 -61 -60 -63 -61 -49 -38 -24 -15 -9 -18 -30 -26 -17 -5 1 11 8 -8 -17 -19 -22 -30 -37 -26 -10 -1 7 10 13 14 1 -14 -23 -23 -20 -11 -8 4 15 26 30 34 26 19 11 4 -5 -9 -12 -5 -2 -2 -6 -6 -6 -15 4 27 23 13 13 0 -23 -42 -54 -67 -79 -87 -99 -113 -114 -87 -37 12 12 -2 -12 -5 1 12 24 46 55 51 32 4 -15 -21 1 26
-5 -30 -57 -76 -81 -73 -59 -55 -59 -61 -60 -52 -38 -24 -15 -5 -20 -27 -27 -25 -17 -2 16 19 11 4 -2 -8 -24 -30 -23 -15 -10 -1 1 4 -2 -17 -28 -30 -28 -23 -17 -11 -2 15 35 38 34 27 20 16 12 4 -2 -2 -2 -2 -9 -9 0 -2 42 57 43 13 20 16 -6 -34 -48 -63 -80 -96 -114 -105 -98 -77 -14 19 46 47 24 16 20 25 33 52 71 71 56 33 8 -11 -11 8
8 -12 -40 -66 -74 -68 -57 -51 -53 -60 -61 -61 -55 -42 -30 -8 1 -14 -17 -23 -29 -26 -14 -8 -5 -7 -7 -7 -8 -23 -27 -25 -22 -18 -10 -5 -2 -5 -14 -26 -23 -17 -14 -8 -5 1 23 38 35 32 28 16 12 12 4 0 0 -6 -12 -21 -9 2 64 73 67 34 15 21 26 5 -17 -35 -54 -84 -118 -100 -94 -95 -29 -2 45 78 87 69 62 52 52 62 72 83 76 50 27 8 -2 8
20 4 -21 -52 -64 -61 -51 -47 -47 -51 -61 -63 -65 -61 -46 -23 -2 1 -5 -8 -20 -30 -26 -25 -25 -28 -23 -18 -12 -11 -20 -27 -28 -26 -24 -14 -8 -2 -2 -11 -18 -8 -5 -5 -2 1 11 26 27 24 28 24 16 12 12 4 4 -6 -16 -24 -21 6 60 85 73 58 38 19 30 60 63 -1 -19 -42 -94 -103 -88 -98 -55 -36 4 65 116 141 122 95 78 78 83 94 90 73 49 27 8 8
12 4 -15 -44 -57 -51 -42 -32 -33 -38 -51 -61 -62 -64 -60 -40 -17 -8 -8 -8 -8 -13 -16 -15 -20 -23 -28 -20 -15 -7 -4 -13 -22 -19 -20 -14 -5 -2 4 -2 -12 -8 1 1 4 8 19 27 23 20 20 20 20 16 16 12 12 4 -9 -19 -21 36 72 105 96 92 83 65 49 90 146 106 31 -9 -59 -91 -85 -93 -71 -67 -51 -8 81 156 163 141 112 95 89 97 103 87 73 50 20 8
-5 -5 -18 -42 -51 -44 -29 -16 -2 -15 -30 -49 -60 -65 -63 -57 -38 -23 -17 -17 -14 -5 1 4 -1 -7 -15 -20 -16 -4 7 7 1 -5 -5 -8 4 8 12 16 -2 -8 1 8 12 20 32 40 28 20 20 16 16 16 16 15 15 19 4 -2 -12 49 94 128 149 163 152 123 86 106 156 155 71 6 -43 -76 -89 -78 -77 -85 -83 -70 -15 89 161 177 158 129 105 95 101 97 84 77 38 16
-15 -15 -24 -44 -48 -39 -23 -5 25 20 -5 -24 -43 -58 -61 -59 -52 -33 -22 -19 -17 -8 7 18 18 14 4 -5 -8 -2 15 19 20 16 12 4 8 20 20 28 24 1 -2 12 16 24 37 50 41 24 24 24 15 19 15 15 11 15 11 3 12 47 102 143 188 209 223 193 103 109 139 122 73 12 -46 -65 -88 -67 -73 -88 -95 -93 -75 -21 77 164 171 148 122 107 101 99 81 72 52 24
-18 -12 -29 -50 -56 -46 -26 -2 33 57 33 8 -20 -39 -46 -48 -48 -38 -22 -22 -22 -11 6 22 33 40 38 23 24 24 28 33 28 33 29 25 20 29 38 47 47 29 12 16 24 28 41 56 62 46 37 37 28 19 15 11 6 6 10 2 41 68 113 147 193 229 248 233 160 127 132 114 72 25 -27 -65 -74 -40 -62 -79 -96 -101 -99 -83 -38 44 101 124 131 131 127 105 85 50 32 19
-18 -9 -21 -46 -55 -48 -33 -5 38 72 77 54 16 -18 -27 -32 -34 -33 -25 -19 -26 -20 1 21 35 48 64 56 52 62 62 52 38 38 43 38 33 38 43 57 72 52 33 28 33 33 42 56 66 61 56 50 41 26 18 9 1 1 1 6 21 90 139 175 213 219 224 228 181 131 142 100 62 38 5 -44 -60 -21 -45 -67 -86 -100 -105 -104 -84 -38 15 63 105 127 128 111 79 41 11 -2
-21 -5 1 -23 -32 -26 -22 -12 20 62 93 96 67 16 -2 -8 -15 -14 -14 -14 -18 -21 -8 15 36 50 62 57 52 62 72 72 52 38 38 38 33 33 42 52 67 72 52 42 42 37 32 37 51 55 45 44 44 29 24 20 8 4 5 28 47 92 158 198 227 193 160 173 156 141 131 110 73 47 24 7 -14 1 -18 -45 -65 -84 -97 -102 -93 -68 -34 -2 30 62 62 56 35 3 -24 -35
-26 -19 6 8 3 16 15 -2 1 33 78 123 118 78 33 16 8 12 12 8 -2 -8 -8 4 28 47 62 68 52 47 57 67 62 43 33 29 24 29 24 37 57 72 72 56 51 41 27 23 27 39 34 29 33 28 24 28 24 9 14 46 104 131 164 187 174 141 138 150 152 133 116 102 71 62 58 45 49 33 4 -18 -42 -60 -79 -90 -88 -75 -57 -32 -13 6 17 10 5 -19 -49 -65
-39 -37 -16 0 9 44 67 28 1 16 47 101 129 124 82 47 24 27 29 33 28 12 1 1 16 33 47 62 67 57 47 52 62 57 42 33 24 29 28 20 37 57 72 61 51 45 23 18 26 34 33 20 21 25 25 34 44 32 15 33 111 144 145 165 153 117 109 125 128 121 105 96 84 43 53 61 62 57 33 1 -27 -47 -67 -82 -85 -78 -71 -58 -39 -19 -1 2 6 -11 -49 -74
-64 -53 -31 -11 -10 8 55 41 8 12 42 67 112 132 121 78 47 33 36 38 47 47 29 12 8 12 24 47 57 67 57 47 47 52 52 52 42 37 37 20 15 28 41 40 35 31 18 6 26 39 39 31 19 11 19 43 63 60 38 20 33 71 97 142 146 114 88 78 69 59 60 52 36 17 5 25 47 62 56 24 -9 -35 -56 -74 -82 -81 -79 -74 -61 -44 -26 -7 9 9 -30 -65
