AvaFrame/avaframe/data/avaSalk/Avaflow_Input_Output/slk_results/slk_ascii/slk_hflow10008.asc
ncols 296
nrows 144
xllcenter 761600.00
yllcenter 8523000.00
cellsize 12.50
NODATA_value -9999.000
[rows 102 to 135 of 144, columns 154 to 230 of 296]
0.724 0.833 0.972 1.219 1.543 1.823 2.073 2.352 2.744 3.275 3.720 3.937 4.008 4.036 4.079 4.149 4.193 4.151 4.073 3.951 3.859 3.788 3.672 3.575 3.513 3.473 3.477 3.520 3.624 3.921 4.430 5.090 5.781 6.260 6.528 6.651 6.652 6.526 6.190 5.460 4.210 3.017 2.503 2.300 2.237 2.279 2.455 2.846 3.537 4.519 5.688 6.700 7.511 8.194 8.777 9.292 9.749 10.090 10.173 10.219 10.147 9.983 9.652 9.203 8.650 7.988 6.969 5.375 3.285 1.602 0.630 0.294 0.240 0.244 0.270 0.292 0.301
0.182 0.208 0.239 0.304 0.422 0.561 0.707 0.886 1.120 1.382 1.565 1.687 1.788 1.872 1.938 1.970 1.940 1.838 1.707 1.599 1.527 1.485 1.457 1.422 1.385 1.365 1.376 1.458 1.656 2.016 2.507 2.991 3.336 3.560 3.761 3.934 3.996 3.939 3.409 2.235 1.293 1.002 1.010 1.105 1.257 1.517 1.950 2.609 3.517 4.703 6.051 7.230 8.252 9.121 9.913 10.544 11.045 11.284 11.314 11.343 11.217 11.020 10.553 10.120 9.533 8.820 7.679 6.077 4.107 2.350 1.090 0.451 0.258 0.236 0.248 0.273 0.320
0.062 0.066 0.071 0.084 0.112 0.150 0.193 0.249 0.324 0.388 0.431 0.473 0.528 0.593 0.636 0.641 0.608 0.536 0.468 0.428 0.407 0.399 0.396 0.390 0.377 0.369 0.369 0.407 0.531 0.740 0.987 1.199 1.353 1.469 1.589 1.682 1.719 1.652 1.207 0.509 0.257 0.248 0.293 0.383 0.509 0.711 1.168 2.024 3.224 4.670 6.108 7.370 8.554 9.573 10.559 11.299 11.859 12.095 12.161 12.131 11.981 11.796 11.387 10.927 10.338 9.613 8.498 6.941 5.048 3.301 1.899 0.952 0.482 0.342 0.332 0.384 0.637
0.026 0.027 0.029 0.033 0.041 0.053 0.066 0.081 0.096 0.104 0.110 0.118 0.133 0.159 0.172 0.170 0.157 0.133 0.119 0.112 0.109 0.108 0.106 0.105 0.103 0.101 0.101 0.110 0.144 0.201 0.262 0.319 0.372 0.413 0.439 0.447 0.449 0.422 0.258 0.099 0.068 0.067 0.077 0.102 0.147 0.231 0.458 1.110 2.395 4.147 5.823 7.196 8.478 9.611 10.695 11.524 12.173 12.431 12.502 12.499 12.405 12.189 11.874 11.442 10.926 10.287 9.400 8.093 6.352 4.625 3.199 2.059 1.308 0.983 0.939 1.111 1.727
0.012 0.013 0.014 0.015 0.018 0.023 0.029 0.034 0.037 0.039 0.040 0.042 0.048 0.057 0.060 0.058 0.053 0.046 0.042 0.040 0.040 0.039 0.039 0.038 0.038 0.038 0.038 0.042 0.052 0.066 0.080 0.096 0.110 0.114 0.113 0.111 0.110 0.103 0.071 0.040 0.029 0.027 0.029 0.033 0.042 0.061 0.123 0.380 1.208 2.843 4.807 6.482 7.965 9.270 10.424 11.338 12.083 12.401 12.553 12.577 12.490 12.354 12.118 11.760 11.305 10.787 10.219 9.357 7.956 6.332 4.965 3.801 2.927 2.510 2.483 2.720 3.265
0.006 0.007 0.008 0.008 0.009 0.012 0.015 0.017 0.017 0.018 0.018 0.019 0.022 0.025 0.025 0.024 0.021 0.019 0.018 0.017 0.017 0.017 0.017 0.016 0.016 0.017 0.018 0.020 0.023 0.028 0.034 0.040 0.042 0.042 0.042 0.044 0.045 0.044 0.038 0.029 0.021 0.016 0.015 0.016 0.018 0.022 0.034 0.090 0.392 1.317 3.030 5.037 6.891 8.433 9.717 10.775 11.587 12.004 12.230 12.443 12.433 12.363 12.147 11.864 11.526 11.162 10.784 10.205 9.130 7.747 6.559 5.528 4.711 4.243 4.074 4.063 4.159
0.004 0.004 0.004 0.004 0.005 0.006 0.008 0.009 0.009 0.009 0.009 0.010 0.011 0.012 0.012 0.011 0.010 0.009 0.009 0.009 0.009 0.008 0.008 0.009 0.009 0.009 0.010 0.011 0.013 0.015 0.018 0.020 0.022 0.023 0.025 0.028 0.029 0.029 0.027 0.024 0.018 0.013 0.010 0.010 0.010 0.011 0.015 0.025 0.087 0.415 1.338 3.000 5.091 7.018 8.497 9.690 10.550 11.119 11.435 11.807 11.970 12.021 11.910 11.790 11.544 11.354 11.081 10.635 9.837 8.619 7.416 6.498 5.801 5.296 4.915 4.641 4.421
0.002 0.002 0.002 0.002 0.003 0.003 0.004 0.005 0.005 0.005 0.005 0.005 0.006 0.006 0.006 0.006 0.005 0.005 0.005 0.005 0.005 0.005 0.005 0.006 0.006 0.007 0.008 0.008 0.010 0.011 0.013 0.015 0.016 0.018 0.020 0.021 0.021 0.021 0.021 0.019 0.016 0.012 0.009 0.007 0.007 0.007 0.008 0.012 0.023 0.082 0.374 1.211 2.810 4.896 6.727 8.068 9.096 9.870 10.334 10.792 11.133 11.264 11.316 11.435 11.332 11.284 11.062 10.617 9.929 8.794 7.515 6.631 6.037 5.558 5.113 4.724 4.395
0.001 0.001 0.001 0.001 0.001 0.002 0.002 0.003 0.003 0.003 0.003 0.003 0.003 0.003 0.003 0.003 0.003 0.003 0.003 0.003 0.003 0.004 0.004 0.004 0.005 0.005 0.006 0.007 0.008 0.010 0.011 0.013 0.014 0.015 0.016 0.017 0.017 0.017 0.016 0.015 0.014 0.012 0.009 0.006 0.005 0.005 0.005 0.007 0.010 0.020 0.061 0.290 1.022 2.456 4.276 5.840 7.111 8.189 8.961 9.539 9.962 10.175 10.398 10.623 10.734 10.837 10.703 10.298 9.556 8.496 7.307 6.438 5.843 5.355 4.914 4.498 4.098
0.000 0.000 0.001 0.001 0.001 0.001 0.001 0.001 0.001 0.001 0.001 0.002 0.002 0.002 0.002 0.002 0.002 0.002 0.002 0.002 0.002 0.002 0.003 0.003 0.004 0.004 0.005 0.006 0.007 0.008 0.010 0.011 0.012 0.013 0.014 0.015 0.015 0.015 0.014 0.014 0.012 0.011 0.008 0.006 0.005 0.004 0.004 0.004 0.006 0.009 0.017 0.043 0.224 0.836 2.008 3.387 4.723 6.051 7.208 8.068 8.657 8.952 9.223 9.468 9.694 9.867 9.848 9.558 8.858 7.930 6.860 6.026 5.400 4.887 4.444 4.012 3.566
0.000 0.000 0.000 0.000 0.000 0.000 0.000 0.001 0.001 0.001 0.001 0.001 0.001 0.001 0.001 0.001 0.001 0.001 0.001 0.001 0.001 0.001 0.002 0.002 0.002 0.003 0.004 0.005 0.005 0.007 0.008 0.009 0.011 0.012 0.013 0.014 0.014 0.014 0.014 0.014 0.012 0.010 0.008 0.006 0.004 0.003 0.003 0.003 0.004 0.005 0.007 0.014 0.035 0.180 0.667 1.553 2.640 3.811 5.073 6.254 7.126 7.624 7.951 8.172 8.388 8.492 8.551 8.434 7.931 7.163 6.218 5.416 4.765 4.217 3.744 3.291 2.860
0.000 0.000 0.000 0.000 0.000 0.000 0.000 0.000 0.000 0.000 0.000 0.000 0.000 0.000 0.000 0.000 0.000 0.000 0.000 0.000 0.000 0.001 0.001 0.001 0.001 0.002 0.002 0.003 0.004 0.005 0.006 0.007 0.009 0.011 0.013 0.014 0.015 0.016 0.016 0.015 0.012 0.009 0.007 0.005 0.004 0.003 0.002 0.002 0.002 0.003 0.004 0.006 0.012 0.032 0.151 0.518 1.180 2.058 3.101 4.259 5.318 6.068 6.542 6.800 6.987 7.021 7.021 6.963 6.700 6.178 5.452 4.676 4.006 3.445 2.976 2.553 2.172
0.000 0.000 0.000 0.000 0.000 0.000 0.000 0.000 0.000 0.000 0.000 0.000 0.000 0.000 0.000 0.000 0.000 0.000 0.000 0.000 0.000 0.000 0.000 0.000 0.001 0.001 0.001 0.002 0.002 0.003 0.004 0.005 0.007 0.009 0.012 0.014 0.015 0.016 0.016 0.015 0.013 0.009 0.007 0.005 0.003 0.002 0.002 0.002 0.002 0.002 0.002 0.003 0.006 0.012 0.031 0.122 0.384 0.880 1.608 2.527 3.521 4.364 5.004 5.450 5.697 5.733 5.639 5.459 5.243 4.964 4.527 3.912 3.310 2.793 2.350 1.969 1.624
0.000 0.000 0.000 0.000 0.000 0.000 0.000 0.000 0.000 0.000 0.000 0.000 0.000 0.000 0.000 0.000 0.000 0.000 0.000 0.000 0.000 0.000 0.000 0.000 0.000 0.000 0.000 0.001 0.001 0.002 0.002 0.003 0.005 0.007 0.010 0.012 0.014 0.014 0.014 0.014 0.012 0.009 0.006 0.004 0.003 0.002 0.001 0.001 0.001 0.001 0.001 0.002 0.003 0.005 0.011 0.027 0.090 0.271 0.642 1.238 2.025 2.842 3.596 4.193 4.537 4.604 4.511 4.299 3.997 3.719 3.445 3.110 2.692 2.260 1.852 1.496 1.179
0.000 0.000 0.000 0.000 0.000 0.000 0.000 0.000 0.000 0.000 0.000 0.000 0.000 0.000 0.000 0.000 0.000 0.000 0.000 0.000 0.000 0.000 0.000 0.000 0.000 0.000 0.000 0.000 0.000 0.001 0.001 0.002 0.003 0.004 0.006 0.008 0.009 0.010 0.010 0.010 0.009 0.007 0.005 0.003 0.002 0.001 0.001 0.001 0.001 0.001 0.001 0.001 0.002 0.003 0.005 0.010 0.022 0.062 0.180 0.450 0.923 1.575 2.334 3.029 3.454 3.580 3.529 3.349 3.060 2.757 2.518 2.323 2.089 1.792 1.455 1.123 0.824
0.000 0.000 0.000 0.000 0.000 0.000 0.000 0.000 0.000 0.000 0.000 0.000 0.000 0.000 0.000 0.000 0.000 0.000 0.000 0.000 0.000 0.000 0.000 0.000 0.000 0.000 0.000 0.000 0.000 0.000 0.000 0.001 0.001 0.002 0.003 0.004 0.005 0.005 0.005 0.005 0.005 0.004 0.003 0.002 0.001 0.000 0.000 0.000 0.000 0.000 0.000 0.001 0.001 0.001 0.002 0.004 0.008 0.017 0.041 0.117 0.305 0.668 1.255 1.979 2.467 2.631 2.620 2.508 2.310 2.060 1.843 1.680 1.537 1.356 1.117 0.840 0.562
0.000 0.000 0.000 0.000 0.000 0.000 0.000 0.000 0.000 0.000 0.000 0.000 0.000 0.000 0.000 0.000 0.000 0.000 0.000 0.000 0.000 0.000 0.000 0.000 0.000 0.000 0.000 0.000 0.000 0.000 0.000 0.000 0.000 0.001 0.001 0.002 0.002 0.002 0.002 0.002 0.002 0.002 0.001 0.001 0.000 0.000 0.000 0.000 0.000 0.000 0.000 0.000 0.000 0.001 0.001 0.002 0.004 0.007 0.013 0.029 0.074 0.200 0.508 1.078 1.592 1.802 1.819 1.772 1.669 1.524 1.363 1.221 1.102 0.975 0.813 0.617 0.394
0.000 0.000 0.000 0.000 0.000 0.000 0.000 0.000 0.000 0.000 0.000 0.000 0.000 0.000 0.000 0.000 0.000 0.000 0.000 0.000 0.000 0.000 0.000 0.000 0.000 0.000 0.000 0.000 0.000 0.000 0.000 0.000 0.000 0.000 0.000 0.001 0.001 0.001 0.001 0.001 0.001 0.001 0.000 0.000 0.000 0.000 0.000 0.000 0.000 0.000 0.000 0.000 0.000 0.000 0.001 0.001 0.002 0.003 0.006 0.010 0.021 0.048 0.150 0.458 0.899 1.133 1.180 1.173 1.143 1.087 1.002 0.899 0.789 0.677 0.559 0.426 0.280
0.000 0.000 0.000 0.000 0.000 0.000 0.000 0.000 0.000 0.000 0.000 0.000 0.000 0.000 0.000 0.000 0.000 0.000 0.000 0.000 0.000 0.000 0.000 0.000 0.000 0.000 0.000 0.000 0.000 0.000 0.000 0.000 0.000 0.000 0.000 0.000 0.000 0.000 0.000 0.000 0.000 0.000 0.000 0.000 0.000 0.000 0.000 0.000 0.000 0.000 0.000 0.000 0.000 0.000 0.000 0.000 0.001 0.001 0.003 0.004 0.008 0.016 0.039 0.151 0.418 0.638 0.722 0.745 0.753 0.744 0.715 0.653 0.562 0.462 0.369 0.276 0.185
0.000 0.000 0.000 0.000 0.000 0.000 0.000 0.000 0.000 0.000 0.000 0.000 0.000 0.000 0.000 0.000 0.000 0.000 0.000 0.000 0.000 0.000 0.000 0.000 0.000 0.000 0.000 0.000 0.000 0.000 0.000 0.000 0.000 0.000 0.000 0.000 0.000 0.000 0.000 0.000 0.000 0.000 0.000 0.000 0.000 0.000 0.000 0.000 0.000 0.000 0.000 0.000 0.000 0.000 0.000 0.000 0.000 0.001 0.001 0.002 0.004 0.007 0.015 0.045 0.151 0.304 0.409 0.464 0.489 0.496 0.490 0.457 0.391 0.309 0.237 0.172 0.115
0.000 0.000 0.000 0.000 0.000 0.000 0.000 0.000 0.000 0.000 0.000 0.000 0.000 0.000 0.000 0.000 0.000 0.000 0.000 0.000 0.000 0.000 0.000 0.000 0.000 0.000 0.000 0.000 0.000 0.000 0.000 0.000 0.000 0.000 0.000 0.000 0.000 0.000 0.000 0.000 0.000 0.000 0.000 0.000 0.000 0.000 0.000 0.000 0.000 0.000 0.000 0.000 0.000 0.000 0.000 0.000 0.000 0.000 0.000 0.001 0.002 0.003 0.007 0.015 0.046 0.117 0.202 0.270 0.309 0.323 0.323 0.307 0.264 0.204 0.150 0.107 0.071
0.000 0.000 0.000 0.000 0.000 0.000 0.000 0.000 0.000 0.000 0.000 0.000 0.000 0.000 0.000 0.000 0.000 0.000 0.000 0.000 0.000 0.000 0.000 0.000 0.000 0.000 0.000 0.000 0.000 0.000 0.000 0.000 0.000 0.000 0.000 0.000 0.000 0.000 0.000 0.000 0.000 0.000 0.000 0.000 0.000 0.000 0.000 0.000 0.000 0.000 0.000 0.000 0.000 0.000 0.000 0.000 0.000 0.000 0.000 0.000 0.001 0.002 0.003 0.007 0.015 0.038 0.082 0.138 0.182 0.202 0.205 0.197 0.171 0.132 0.094 0.065 0.042
0.000 0.000 0.000 0.000 0.000 0.000 0.000 0.000 0.000 0.000 0.000 0.000 0.000 0.000 0.000 0.000 0.000 0.000 0.000 0.000 0.000 0.000 0.000 0.000 0.000 0.000 0.000 0.000 0.000 0.000 0.000 0.000 0.000 0.000 0.000 0.000 0.000 0.000 0.000 0.000 0.000 0.000 0.000 0.000 0.000 0.000 0.000 0.000 0.000 0.000 0.000 0.000 0.000 0.000 0.000 0.000 0.000 0.000 0.000 0.000 0.000 0.001 0.002 0.003 0.007 0.014 0.030 0.061 0.098 0.120 0.125 0.122 0.108 0.084 0.058 0.039 0.025
0.000 0.000 0.000 0.000 0.000 0.000 0.000 0.000 0.000 0.000 0.000 0.000 0.000 0.000 0.000 0.000 0.000 0.000 0.000 0.000 0.000 0.000 0.000 0.000 0.000 0.000 0.000 0.000 0.000 0.000 0.000 0.000 0.000 0.000 0.000 0.000 0.000 0.000 0.000 0.000 0.000 0.000 0.000 0.000 0.000 0.000 0.000 0.000 0.000 0.000 0.000 0.000 0.000 0.000 0.000 0.000 0.000 0.000 0.000 0.000 0.000 0.000 0.001 0.002 0.003 0.006 0.012 0.026 0.050 0.067 0.073 0.072 0.066 0.052 0.035 0.023 0.014
0.000 0.000 0.000 0.000 0.000 0.000 0.000 0.000 0.000 0.000 0.000 0.000 0.000 0.000 0.000 0.000 0.000 0.000 0.000 0.000 0.000 0.000 0.000 0.000 0.000 0.000 0.000 0.000 0.000 0.000 0.000 0.000 0.000 0.000 0.000 0.000 0.000 0.000 0.000 0.000 0.000 0.000 0.000 0.000 0.000 0.000 0.000 0.000 0.000 0.000 0.000 0.000 0.000 0.000 0.000 0.000 0.000 0.000 0.000 0.000 0.000 0.000 0.000 0.001 0.002 0.003 0.006 0.012 0.025 0.037 0.041 0.041 0.038 0.031 0.021 0.013 0.008
0.000 0.000 0.000 0.000 0.000 0.000 0.000 0.000 0.000 0.000 0.000 0.000 0.000 0.000 0.000 0.000 0.000 0.000 0.000 0.000 0.000 0.000 0.000 0.000 0.000 0.000 0.000 0.000 0.000 0.000 0.000 0.000 0.000 0.000 0.000 0.000 0.000 0.000 0.000 0.000 0.000 0.000 0.000 0.000 0.000 0.000 0.000 0.000 0.000 0.000 0.000 0.000 0.000 0.000 0.000 0.000 0.000 0.000 0.000 0.000 0.000 0.000 0.000 0.000 0.001 0.002 0.003 0.006 0.013 0.019 0.022 0.022 0.021 0.018 0.012 0.007 0.004
0.000 0.000 0.000 0.000 0.000 0.000 0.000 0.000 0.000 0.000 0.000 0.000 0.000 0.000 0.000 0.000 0.000 0.000 0.000 0.000 0.000 0.000 0.000 0.000 0.000 0.000 0.000 0.000 0.000 0.000 0.000 0.000 0.000 0.000 0.000 0.000 0.000 0.000 0.000 0.000 0.000 0.000 0.000 0.000 0.000 0.000 0.000 0.000 0.000 0.000 0.000 0.000 0.000 0.000 0.000 0.000 0.000 0.000 0.000 0.000 0.000 0.000 0.000 0.000 0.000 0.001 0.001 0.003 0.006 0.009 0.011 0.011 0.011 0.009 0.006 0.004 0.002
0.000 0.000 0.000 0.000 0.000 0.000 0.000 0.000 0.000 0.000 0.000 0.000 0.000 0.000 0.000 0.000 0.000 0.000 0.000 0.000 0.000 0.000 0.000 0.000 0.000 0.000 0.000 0.000 0.000 0.000 0.000 0.000 0.000 0.000 0.000 0.000 0.000 0.000 0.000 0.000 0.000 0.000 0.000 0.000 0.000 0.000 0.000 0.000 0.000 0.000 0.000 0.000 0.000 0.000 0.000 0.000 0.000 0.000 0.000 0.000 0.000 0.000 0.000 0.000 0.000 0.000 0.001 0.001 0.003 0.004 0.005 0.005 0.005 0.005 0.003 0.002 0.001
0.000 0.000 0.000 0.000 0.000 0.000 0.000 0.000 0.000 0.000 0.000 0.000 0.000 0.000 0.000 0.000 0.000 0.000 0.000 0.000 0.000 0.000 0.000 0.000 0.000 0.000 0.000 0.000 0.000 0.000 0.000 0.000 0.000 0.000 0.000 0.000 0.000 0.000 0.000 0.000 0.000 0.000 0.000 0.000 0.000 0.000 0.000 0.000 0.000 0.000 0.000 0.000 0.000 0.000 0.000 0.000 0.000 0.000 0.000 0.000 0.000 0.000 0.000 0.000 0.000 0.000 0.000 0.001 0.001 0.002 0.002 0.002 0.002 0.002 0.001 0.001 0.000
0.000 0.000 0.000 0.000 0.000 0.000 0.000 0.000 0.000 0.000 0.000 0.000 0.000 0.000 0.000 0.000 0.000 0.000 0.000 0.000 0.000 0.000 0.000 0.000 0.000 0.000 0.000 0.000 0.000 0.000 0.000 0.000 0.000 0.000 0.000 0.000 0.000 0.000 0.000 0.000 0.000 0.000 0.000 0.000 0.000 0.000 0.000 0.000 0.000 0.000 0.000 0.000 0.000 0.000 0.000 0.000 0.000 0.000 0.000 0.000 0.000 0.000 0.000 0.000 0.000 0.000 0.000 0.000 0.000 0.001 0.001 0.001 0.001 0.001 0.000 0.000 0.000
0.000 0.000 0.000 0.000 0.000 0.000 0.000 0.000 0.000 0.000 0.000 0.000 0.000 0.000 0.000 0.000 0.000 0.000 0.000 0.000 0.000 0.000 0.000 0.000 0.000 0.000 0.000 0.000 0.000 0.000 0.000 0.000 0.000 0.000 0.000 0.000 0.000 0.000 0.000 0.000 0.000 0.000 0.000 0.000 0.000 0.000 0.000 0.000 0.000 0.000 0.000 0.000 0.000 0.000 0.000 0.000 0.000 0.000 0.000 0.000 0.000 0.000 0.000 0.000 0.000 0.000 0.000 0.000 0.000 0.000 0.000 0.000 0.000 0.000 0.000 0.000 0.000
0.000 0.000 0.000 0.000 0.000 0.000 0.000 0.000 0.000 0.000 0.000 0.000 0.000 0.000 0.000 0.000 0.000 0.000 0.000 0.000 0.000 0.000 0.000 0.000 0.000 0.000 0.000 0.000 0.000 0.000 0.000 0.000 0.000 0.000 0.000 0.000 0.000 0.000 0.000 0.000 0.000 0.000 0.000 0.000 0.000 0.000 0.000 0.000 0.000 0.000 0.000 0.000 0.000 0.000 0.000 0.000 0.000 0.000 0.000 0.000 0.000 0.000 0.000 0.000 0.000 0.000 0.000 0.000 0.000 0.000 0.000 0.000 0.000 0.000 0.000 0.000 0.000
0.000 0.000 0.000 0.000 0.000 0.000 0.000 0.000 0.000 0.000 0.000 0.000 0.000 0.000 0.000 0.000 0.000 0.000 0.000 0.000 0.000 0.000 0.000 0.000 0.000 0.000 0.000 0.000 0.000 0.000 0.000 0.000 0.000 0.000 0.000 0.000 0.000 0.000 0.000 0.000 0.000 0.000 0.000 0.000 0.000 0.000 0.000 0.000 0.000 0.000 0.000 0.000 0.000 0.000 0.000 0.000 0.000 0.000 0.000 0.000 0.000 0.000 0.000 0.000 0.000 0.000 0.000 0.000 0.000 0.000 0.000 0.000 0.000 0.000 0.000 0.000 0.000
0.000 0.000 0.000 0.000 0.000 0.000 0.000 0.000 0.000 0.000 0.000 0.000 0.000 0.000 0.000 0.000 0.000 0.000 0.000 0.000 0.000 0.000 0.000 0.000 0.000 0.000 0.000 0.000 0.000 0.000 0.000 0.000 0.000 0.000 0.000 0.000 0.000 0.000 0.000 0.000 0.000 0.000 0.000 0.000 0.000 0.000 0.000 0.000 0.000 0.000 0.000 0.000 0.000 0.000 0.000 0.000 0.000 0.000 0.000 0.000 0.000 0.000 0.000 0.000 0.000 0.000 0.000 0.000 0.000 0.000 0.000 0.000 0.000 0.000 0.000 0.000 0.000
