AvaFrame/avaframe/data/avaSalk/Avaflow_Input_Output/slk_results/slk_ascii/slk_basechange0015.asc
ncols 296
nrows 144
xllcenter 761600.00
yllcenter 8523000.00
cellsize 12.50
NODATA_value -9999.000
[rows 66 to 98 of 144, columns 148 to 221 of 296]
0.000 0.000 0.000 0.000 0.000 0.000 0.000 0.000 0.000 0.000 0.000 0.000 0.000 0.000 0.000 0.000 0.000 0.000 0.000 0.000 0.000 0.000 0.000 0.000 0.000 -0.000 -0.000 -0.000 -0.000 -0.000 -0.000 -0.000 -0.000 -0.000 -0.000 -0.000 -0.000 -0.000 -0.000 -0.001 -0.001 -0.001 -0.002 -0.002 -0.004 -0.006 -0.009 -0.016 -0.028 -0.052 -0.089 -0.144 -0.225 -0.329 -0.438 -0.535 -0.613 -0.670 -0.711 -0.746 -0.782 -0.814 -0.858 -0.921 -1.009 -1.120 -1.280 -1.486 -1.687 -1.882 -2.064 -2.213 -2.310 -2.371
0.000 0.000 0.000 0.000 0.000 0.000 0.000 0.000 0.000 0.000 0.000 0.000 0.000 0.000 0.000 0.000 0.000 0.000 0.000 0.000 0.000 0.000 0.000 0.000 -0.000 -0.000 -0.000 -0.000 -0.000 -0.000 -0.000 -0.000 -0.000 -0.000 -0.000 -0.000 -0.000 -0.000 -0.001 -0.001 -0.001 -0.002 -0.003 -0.004 -0.007 -0.012 -0.022 -0.040 -0.072 -0.121 -0.186 -0.268 -0.363 -0.461 -0.547 -0.620 -0.678 -0.716 -0.739 -0.765 -0.801 -0.843 -0.904 -0.988 -1.102 -1.255 -1.452 -1.677 -1.900 -2.079 -2.217 -2.310 -2.367 -2.398
0.000 0.000 0.000 0.000 0.000 0.000 0.000 0.000 0.000 0.000 0.000 0.000 0.000 0.000 0.000 0.000 0.000 0.000 0.000 0.000 0.000 0.000 0.000 -0.000 -0.000 -0.000 -0.000 -0.000 -0.000 -0.000 -0.000 -0.000 -0.000 -0.000 -0.000 -0.000 -0.001 -0.001 -0.001 -0.002 -0.002 -0.003 -0.005 -0.009 -0.016 -0.028 -0.052 -0.090 -0.145 -0.216 -0.298 -0.390 -0.477 -0.553 -0.614 -0.659 -0.697 -0.726 -0.751 -0.785 -0.833 -0.895 -0.976 -1.093 -1.235 -1.425 -1.646 -1.853 -2.046 -2.215 -2.326 -2.374 -2.385 -2.393
0.000 0.000 0.000 0.000 0.000 0.000 0.000 0.000 0.000 0.000 0.000 0.000 0.000 0.000 0.000 0.000 0.000 0.000 0.000 0.000 0.000 0.000 -0.000 -0.000 -0.000 -0.000 -0.000 -0.000 -0.000 -0.000 -0.000 -0.000 -0.000 -0.000 -0.000 -0.001 -0.001 -0.001 -0.002 -0.003 -0.004 -0.006 -0.011 -0.019 -0.035 -0.061 -0.102 -0.159 -0.231 -0.311 -0.396 -0.476 -0.546 -0.599 -0.641 -0.673 -0.701 -0.730 -0.770 -0.821 -0.888 -0.972 -1.078 -1.229 -1.415 -1.618 -1.829 -2.022 -2.186 -2.304 -2.375 -2.407 -2.398 -2.352
0.000 0.000 0.000 0.000 0.000 0.000 0.000 0.000 0.000 0.000 0.000 0.000 0.000 0.000 0.000 0.000 0.000 0.000 0.000 0.000 -0.000 -0.000 -0.000 -0.000 -0.000 -0.000 -0.000 -0.000 -0.000 -0.000 -0.000 -0.000 -0.000 -0.000 -0.001 -0.001 -0.001 -0.002 -0.003 -0.005 -0.007 -0.013 -0.022 -0.040 -0.070 -0.112 -0.169 -0.240 -0.320 -0.399 -0.471 -0.533 -0.581 -0.617 -0.649 -0.680 -0.718 -0.764 -0.820 -0.887 -0.967 -1.073 -1.207 -1.384 -1.603 -1.824 -2.029 -2.190 -2.319 -2.391 -2.398 -2.397 -2.376 -2.288
0.000 0.000 0.000 0.000 0.000 0.000 0.000 0.000 0.000 0.000 0.000 0.000 0.000 -0.000 -0.000 0.000 0.000 0.000 -0.000 -0.000 -0.000 -0.000 -0.000 -0.000 -0.000 -0.000 -0.000 -0.000 -0.000 -0.000 -0.000 -0.000 -0.001 -0.001 -0.001 -0.002 -0.002 -0.003 -0.005 -0.008 -0.014 -0.025 -0.045 -0.077 -0.122 -0.180 -0.252 -0.330 -0.405 -0.471 -0.527 -0.571 -0.611 -0.645 -0.681 -0.719 -0.761 -0.815 -0.893 -0.980 -1.077 -1.196 -1.355 -1.560 -1.789 -2.036 -2.252 -2.373 -2.426 -2.449 -2.407 -2.348 -2.290 -2.171
0.000 0.000 0.000 0.000 0.000 0.000 0.000 0.000 0.000 -0.000 -0.000 -0.000 -0.000 -0.000 -0.000 -0.000 -0.000 -0.000 -0.000 -0.000 -0.000 -0.000 -0.000 -0.000 -0.000 -0.000 -0.000 -0.000 -0.000 -0.000 -0.001 -0.001 -0.001 -0.001 -0.002 -0.003 -0.004 -0.006 -0.009 -0.016 -0.028 -0.050 -0.083 -0.130 -0.189 -0.258 -0.335 -0.411 -0.477 -0.527 -0.569 -0.610 -0.647 -0.683 -0.724 -0.772 -0.822 -0.885 -0.989 -1.099 -1.208 -1.342 -1.526 -1.768 -2.023 -2.248 -2.440 -2.502 -2.471 -2.425 -2.357 -2.241 -2.124 -1.953
-0.000 0.000 0.000 0.000 -0.000 -0.000 0.000 0.000 -0.000 -0.000 -0.000 -0.000 -0.000 -0.000 -0.000 -0.000 -0.000 -0.000 -0.000 -0.000 -0.000 -0.000 -0.000 -0.000 -0.000 -0.000 -0.000 -0.000 -0.000 -0.001 -0.001 -0.001 -0.001 -0.002 -0.003 -0.004 -0.007 -0.011 -0.018 -0.031 -0.054 -0.090 -0.138 -0.199 -0.268 -0.340 -0.409 -0.472 -0.529 -0.577 -0.615 -0.656 -0.694 -0.734 -0.781 -0.839 -0.904 -0.986 -1.109 -1.236 -1.366 -1.532 -1.775 -2.071 -2.332 -2.495 -2.578 -2.554 -2.433 -2.326 -2.213 -2.074 -1.898 -1.668
-0.000 -0.000 -0.000 -0.000 -0.000 -0.000 -0.000 -0.000 -0.000 -0.000 -0.000 -0.000 -0.000 -0.000 -0.000 -0.000 -0.000 -0.000 -0.000 -0.000 -0.000 -0.000 -0.000 -0.000 -0.000 -0.001 -0.001 -0.001 -0.001 -0.001 -0.001 -0.002 -0.002 -0.003 -0.005 -0.007 -0.012 -0.020 -0.034 -0.058 -0.096 -0.147 -0.207 -0.276 -0.346 -0.415 -0.476 -0.528 -0.577 -0.625 -0.668 -0.711 -0.756 -0.801 -0.860 -0.927 -1.005 -1.109 -1.246 -1.402 -1.578 -1.827 -2.175 -2.474 -2.628 -2.631 -2.574 -2.480 -2.341 -2.201 -2.041 -1.855 -1.634 -1.391
-0.000 -0.000 -0.000 -0.000 -0.000 -0.000 -0.000 -0.000 -0.000 -0.000 -0.000 -0.000 -0.000 -0.000 -0.000 -0.000 -0.000 -0.000 -0.000 -0.000 -0.000 -0.001 -0.001 -0.001 -0.002 -0.002 -0.002 -0.002 -0.002 -0.002 -0.002 -0.003 -0.004 -0.006 -0.008 -0.013 -0.021 -0.037 -0.063 -0.102 -0.153 -0.216 -0.282 -0.351 -0.419 -0.480 -0.536 -0.585 -0.635 -0.684 -0.730 -0.777 -0.830 -0.886 -0.951 -1.027 -1.124 -1.255 -1.419 -1.644 -1.939 -2.296 -2.604 -2.737 -2.703 -2.557 -2.397 -2.258 -2.166 -2.026 -1.816 -1.604 -1.363 -1.153
-0.000 -0.000 -0.000 -0.000 -0.000 -0.000 -0.000 -0.000 -0.000 -0.000 -0.000 -0.001 -0.001 -0.001 -0.001 -0.001 -0.000 -0.000 -0.000 -0.001 -0.001 -0.002 -0.002 -0.002 -0.003 -0.003 -0.004 -0.004 -0.004 -0.003 -0.004 -0.005 -0.007 -0.010 -0.015 -0.023 -0.040 -0.067 -0.107 -0.160 -0.221 -0.289 -0.359 -0.423 -0.487 -0.545 -0.598 -0.653 -0.707 -0.760 -0.812 -0.861 -0.917 -0.975 -1.046 -1.139 -1.273 -1.453 -1.696 -2.014 -2.390 -2.710 -2.788 -2.669 -2.480 -2.268 -2.110 -2.011 -1.925 -1.790 -1.545 -1.322 -1.127 -0.973
-0.000 -0.000 -0.000 -0.000 -0.000 -0.000 -0.000 -0.000 -0.000 -0.000 -0.001 -0.002 -0.004 -0.004 -0.004 -0.002 -0.002 -0.001 -0.002 -0.002 -0.003 -0.003 -0.003 -0.002 -0.003 -0.004 -0.005 -0.008 -0.008 -0.007 -0.007 -0.009 -0.012 -0.017 -0.027 -0.043 -0.071 -0.112 -0.165 -0.228 -0.296 -0.365 -0.432 -0.496 -0.556 -0.618 -0.678 -0.739 -0.793 -0.842 -0.891 -0.948 -1.010 -1.074 -1.154 -1.284 -1.475 -1.739 -2.075 -2.399 -2.626 -2.742 -2.629 -2.365 -2.123 -1.946 -1.850 -1.806 -1.727 -1.536 -1.289 -1.086 -0.944 -0.856
-0.001 -0.001 -0.001 -0.001 -0.001 -0.001 -0.001 -0.001 -0.001 -0.001 -0.004 -0.006 -0.007 -0.008 -0.009 -0.008 -0.007 -0.006 -0.007 -0.006 -0.006 -0.004 -0.003 -0.003 -0.004 -0.005 -0.007 -0.012 -0.015 -0.015 -0.015 -0.017 -0.023 -0.032 -0.050 -0.078 -0.119 -0.173 -0.238 -0.306 -0.375 -0.442 -0.506 -0.569 -0.634 -0.705 -0.772 -0.836 -0.884 -0.920 -0.964 -1.029 -1.099 -1.184 -1.302 -1.489 -1.755 -2.076 -2.387 -2.574 -2.611 -2.536 -2.334 -2.062 -1.875 -1.772 -1.693 -1.632 -1.502 -1.284 -1.071 -0.922 -0.834 -0.786
-0.004 -0.003 -0.003 -0.003 -0.003 -0.003 -0.003 -0.004 -0.005 -0.008 -0.013 -0.013 -0.008 -0.009 -0.011 -0.013 -0.013 -0.012 -0.011 -0.008 -0.005 -0.004 -0.004 -0.005 -0.006 -0.008 -0.013 -0.019 -0.025 -0.026 -0.025 -0.029 -0.038 -0.056 -0.085 -0.127 -0.185 -0.251 -0.323 -0.395 -0.460 -0.522 -0.588 -0.658 -0.731 -0.808 -0.871 -0.913 -0.951 -0.986 -1.030 -1.103 -1.206 -1.319 -1.500 -1.772 -2.079 -2.366 -2.526 -2.547 -2.451 -2.260 -2.030 -1.848 -1.727 -1.634 -1.542 -1.434 -1.279 -1.071 -0.900 -0.800 -0.748 -0.728
-0.030 -0.025 -0.022 -0.020 -0.021 -0.021 -0.021 -0.022 -0.027 -0.034 -0.035 -0.025 -0.013 -0.010 -0.011 -0.012 -0.012 -0.011 -0.008 -0.006 -0.005 -0.006 -0.007 -0.008 -0.009 -0.015 -0.025 -0.033 -0.038 -0.039 -0.036 -0.042 -0.060 -0.090 -0.133 -0.190 -0.260 -0.337 -0.417 -0.491 -0.554 -0.620 -0.695 -0.772 -0.847 -0.910 -0.954 -0.978 -1.004 -1.043 -1.102 -1.191 -1.331 -1.523 -1.770 -2.077 -2.340 -2.490 -2.515 -2.405 -2.202 -1.994 -1.832 -1.708 -1.612 -1.512 -1.392 -1.252 -1.086 -0.917 -0.789 -0.714 -0.676 -0.669
-0.071 -0.072 -0.071 -0.069 -0.068 -0.068 -0.064 -0.057 -0.055 -0.054 -0.047 -0.035 -0.023 -0.016 -0.013 -0.009 -0.007 -0.007 -0.008 -0.007 -0.007 -0.010 -0.011 -0.012 -0.015 -0.024 -0.037 -0.049 -0.054 -0.052 -0.051 -0.064 -0.092 -0.136 -0.195 -0.264 -0.341 -0.423 -0.508 -0.597 -0.673 -0.746 -0.827 -0.893 -0.942 -0.981 -1.004 -1.024 -1.058 -1.110 -1.193 -1.325 -1.517 -1.776 -2.063 -2.304 -2.446 -2.467 -2.367 -2.182 -1.975 -1.808 -1.693 -1.596 -1.496 -1.381 -1.243 -1.094 -0.940 -0.803 -0.705 -0.644 -0.611 -0.611
-0.060 -0.067 -0.077 -0.082 -0.080 -0.076 -0.071 -0.059 -0.046 -0.035 -0.029 -0.028 -0.028 -0.024 -0.019 -0.013 -0.013 -0.015 -0.017 -0.016 -0.011 -0.013 -0.019 -0.023 -0.027 -0.033 -0.046 -0.063 -0.070 -0.068 -0.075 -0.101 -0.143 -0.201 -0.274 -0.353 -0.437 -0.524 -0.611 -0.714 -0.820 -0.893 -0.949 -0.990 -1.009 -1.022 -1.038 -1.071 -1.119 -1.204 -1.322 -1.508 -1.761 -2.024 -2.245 -2.389 -2.413 -2.341 -2.178 -1.983 -1.815 -1.682 -1.578 -1.479 -1.372 -1.239 -1.099 -0.954 -0.824 -0.712 -0.627 -0.571 -0.542 -0.554
-0.026 -0.020 -0.023 -0.041 -0.047 -0.041 -0.034 -0.028 -0.018 -0.011 -0.012 -0.019 -0.026 -0.030 -0.031 -0.030 -0.029 -0.027 -0.028 -0.028 -0.026 -0.027 -0.033 -0.041 -0.042 -0.044 -0.057 -0.077 -0.088 -0.091 -0.110 -0.154 -0.213 -0.284 -0.370 -0.459 -0.553 -0.649 -0.745 -0.847 -0.962 -1.038 -1.061 -1.068 -1.073 -1.074 -1.087 -1.134 -1.214 -1.331 -1.524 -1.761 -2.005 -2.208 -2.328 -2.342 -2.290 -2.157 -1.992 -1.826 -1.687 -1.575 -1.470 -1.357 -1.235 -1.101 -0.962 -0.832 -0.715 -0.621 -0.547 -0.496 -0.474 -0.499
-0.037 -0.021 -0.013 -0.011 -0.013 -0.014 -0.013 -0.009 -0.008 -0.007 -0.009 -0.014 -0.016 -0.030 -0.046 -0.045 -0.043 -0.038 -0.038 -0.039 -0.042 -0.046 -0.056 -0.065 -0.063 -0.063 -0.076 -0.099 -0.116 -0.130 -0.165 -0.224 -0.300 -0.384 -0.483 -0.590 -0.698 -0.799 -0.893 -0.977 -1.061 -1.119 -1.136 -1.135 -1.139 -1.156 -1.182 -1.243 -1.371 -1.527 -1.760 -2.010 -2.219 -2.286 -2.284 -2.220 -2.116 -1.984 -1.840 -1.697 -1.562 -1.452 -1.348 -1.234 -1.101 -0.967 -0.838 -0.719 -0.614 -0.528 -0.466 -0.427 -0.416 -0.455
-0.092 -0.080 -0.049 -0.033 -0.033 -0.034 -0.032 -0.029 -0.027 -0.027 -0.025 -0.023 -0.021 -0.021 -0.029 -0.036 -0.038 -0.039 -0.043 -0.049 -0.055 -0.061 -0.077 -0.096 -0.095 -0.094 -0.108 -0.132 -0.155 -0.191 -0.248 -0.321 -0.410 -0.515 -0.624 -0.748 -0.869 -0.971 -1.036 -1.080 -1.128 -1.159 -1.172 -1.191 -1.218 -1.270 -1.330 -1.426 -1.593 -1.812 -2.004 -2.153 -2.257 -2.276 -2.167 -2.056 -1.960 -1.845 -1.718 -1.575 -1.436 -1.315 -1.208 -1.097 -0.970 -0.840 -0.722 -0.613 -0.519 -0.447 -0.398 -0.373 -0.378 -0.431
-0.124 -0.149 -0.154 -0.107 -0.072 -0.072 -0.072 -0.071 -0.068 -0.066 -0.065 -0.064 -0.062 -0.059 -0.053 -0.047 -0.047 -0.055 -0.066 -0.074 -0.083 -0.086 -0.107 -0.133 -0.140 -0.139 -0.148 -0.175 -0.211 -0.268 -0.351 -0.446 -0.551 -0.676 -0.804 -0.922 -1.025 -1.104 -1.137 -1.157 -1.178 -1.189 -1.205 -1.256 -1.321 -1.418 -1.533 -1.647 -1.822 -2.030 -2.162 -2.227 -2.174 -2.127 -2.032 -1.901 -1.825 -1.734 -1.599 -1.438 -1.285 -1.162 -1.058 -0.956 -0.836 -0.713 -0.604 -0.508 -0.431 -0.379 -0.349 -0.340 -0.363 -0.428
-0.172 -0.176 -0.201 -0.253 -0.181 -0.129 -0.131 -0.130 -0.129 -0.129 -0.132 -0.130 -0.128 -0.126 -0.121 -0.116 -0.113 -0.115 -0.119 -0.131 -0.132 -0.137 -0.160 -0.180 -0.187 -0.190 -0.196 -0.238 -0.300 -0.377 -0.480 -0.601 -0.732 -0.863 -0.979 -1.063 -1.121 -1.166 -1.186 -1.202 -1.223 -1.236 -1.260 -1.339 -1.441 -1.558 -1.726 -1.861 -1.986 -2.110 -2.164 -2.188 -2.092 -1.938 -1.862 -1.785 -1.711 -1.615 -1.461 -1.276 -1.119 -1.001 -0.913 -0.826 -0.720 -0.606 -0.502 -0.418 -0.359 -0.329 -0.319 -0.327 -0.365 -0.442
-0.240 -0.245 -0.247 -0.266 -0.314 -0.253 -0.205 -0.205 -0.206 -0.216 -0.220 -0.217 -0.212 -0.206 -0.202 -0.199 -0.192 -0.189 -0.196 -0.202 -0.207 -0.213 -0.230 -0.239 -0.245 -0.252 -0.272 -0.336 -0.426 -0.530 -0.647 -0.781 -0.920 -1.043 -1.130 -1.177 -1.191 -1.208 -1.212 -1.223 -1.268 -1.309 -1.359 -1.449 -1.566 -1.677 -1.845 -1.990 -2.074 -2.114 -2.088 -2.068 -2.030 -1.833 -1.727 -1.691 -1.619 -1.470 -1.283 -1.098 -0.959 -0.864 -0.797 -0.724 -0.628 -0.519 -0.423 -0.352 -0.310 -0.294 -0.300 -0.328 -0.386 -0.467
-0.310 -0.320 -0.335 -0.331 -0.348 -0.372 -0.315 -0.300 -0.299 -0.309 -0.316 -0.314 -0.305 -0.298 -0.294 -0.285 -0.279 -0.280 -0.287 -0.301 -0.301 -0.294 -0.297 -0.304 -0.321 -0.347 -0.392 -0.474 -0.580 -0.707 -0.847 -0.980 -1.086 -1.175 -1.239 -1.258 -1.247 -1.250 -1.259 -1.278 -1.323 -1.371 -1.446 -1.545 -1.652 -1.751 -1.875 -1.981 -2.029 -2.027 -1.966 -1.891 -1.866 -1.800 -1.658 -1.586 -1.489 -1.279 -1.066 -0.912 -0.815 -0.758 -0.712 -0.650 -0.557 -0.448 -0.360 -0.306 -0.279 -0.273 -0.289 -0.334 -0.408 -0.495
-0.362 -0.378 -0.394 -0.406 -0.419 -0.431 -0.437 -0.403 -0.406 -0.415 -0.418 -0.411 -0.404 -0.392 -0.376 -0.375 -0.379 -0.383 -0.391 -0.402 -0.388 -0.368 -0.366 -0.387 -0.428 -0.479 -0.558 -0.665 -0.784 -0.907 -1.038 -1.149 -1.230 -1.269 -1.294 -1.307 -1.270 -1.270 -1.305 -1.348 -1.390 -1.424 -1.492 -1.615 -1.720 -1.790 -1.845 -1.877 -1.884 -1.864 -1.794 -1.707 -1.667 -1.665 -1.612 -1.457 -1.285 -1.066 -0.869 -0.759 -0.703 -0.677 -0.651 -0.597 -0.502 -0.395 -0.316 -0.273 -0.258 -0.262 -0.287 -0.345 -0.427 -0.516
-0.404 -0.427 -0.455 -0.482 -0.506 -0.531 -0.527 -0.508 -0.504 -0.504 -0.498 -0.492 -0.485 -0.468 -0.465 -0.487 -0.506 -0.502 -0.493 -0.481 -0.467 -0.450 -0.470 -0.520 -0.583 -0.657 -0.756 -0.881 -1.012 -1.137 -1.229 -1.277 -1.332 -1.323 -1.309 -1.306 -1.273 -1.283 -1.321 -1.359 -1.423 -1.492 -1.540 -1.653 -1.745 -1.811 -1.808 -1.763 -1.709 -1.682 -1.617 -1.534 -1.511 -1.511 -1.473 -1.306 -1.052 -0.855 -0.721 -0.654 -0.628 -0.621 -0.605 -0.556 -0.463 -0.357 -0.287 -0.253 -0.247 -0.262 -0.297 -0.355 -0.434 -0.522
-0.454 -0.483 -0.511 -0.532 -0.573 -0.626 -0.599 -0.587 -0.591 -0.600 -0.592 -0.576 -0.566 -0.577 -0.603 -0.637 -0.649 -0.628 -0.604 -0.585 -0.573 -0.581 -0.632 -0.710 -0.804 -0.901 -1.016 -1.115 -1.217 -1.323 -1.389 -1.404 -1.412 -1.367 -1.322 -1.302 -1.276 -1.297 -1.324 -1.340 -1.411 -1.518 -1.584 -1.650 -1.690 -1.722 -1.724 -1.637 -1.537 -1.474 -1.458 -1.401 -1.378 -1.370 -1.285 -1.099 -0.859 -0.697 -0.613 -0.579 -0.575 -0.582 -0.571 -0.523 -0.434 -0.332 -0.270 -0.243 -0.243 -0.270 -0.316 -0.367 -0.424 -0.504
-0.470 -0.503 -0.531 -0.567 -0.661 -0.660 -0.651 -0.657 -0.655 -0.679 -0.685 -0.688 -0.702 -0.732 -0.769 -0.780 -0.764 -0.744 -0.732 -0.741 -0.771 -0.813 -0.893 -0.996 -1.102 -1.218 -1.320 -1.390 -1.438 -1.490 -1.523 -1.506 -1.499 -1.448 -1.389 -1.364 -1.297 -1.300 -1.330 -1.331 -1.379 -1.462 -1.514 -1.555 -1.580 -1.573 -1.551 -1.481 -1.399 -1.299 -1.251 -1.247 -1.238 -1.195 -1.088 -0.913 -0.721 -0.596 -0.542 -0.526 -0.532 -0.547 -0.541 -0.497 -0.415 -0.321 -0.263 -0.246 -0.252 -0.284 -0.338 -0.386 -0.418 -0.471
-0.465 -0.505 -0.563 -0.638 -0.690 -0.702 -0.713 -0.717 -0.745 -0.776 -0.808 -0.820 -0.846 -0.860 -0.873 -0.885 -0.893 -0.877 -0.902 -0.957 -1.062 -1.131 -1.238 -1.326 -1.400 -1.501 -1.561 -1.624 -1.669 -1.686 -1.645 -1.611 -1.606 -1.542 -1.492 -1.463 -1.370 -1.359 -1.384 -1.377 -1.399 -1.452 -1.448 -1.425 -1.419 -1.396 -1.374 -1.301 -1.246 -1.196 -1.088 -1.052 -1.063 -1.020 -0.918 -0.784 -0.639 -0.538 -0.499 -0.493 -0.501 -0.513 -0.510 -0.472 -0.404 -0.327 -0.275 -0.264 -0.279 -0.310 -0.356 -0.397 -0.420 -0.439
-0.472 -0.526 -0.592 -0.652 -0.684 -0.694 -0.722 -0.760 -0.804 -0.832 -0.879 -0.886 -0.922 -0.937 -0.955 -0.981 -1.028 -1.079 -1.143 -1.218 -1.323 -1.410 -1.528 -1.571 -1.640 -1.697 -1.697 -1.732 -1.759 -1.785 -1.740 -1.692 -1.654 -1.614 -1.615 -1.601 -1.529 -1.519 -1.529 -1.486 -1.483 -1.508 -1.510 -1.399 -1.316 -1.244 -1.207 -1.152 -1.071 -1.025 -0.973 -0.911 -0.906 -0.879 -0.801 -0.702 -0.601 -0.522 -0.484 -0.477 -0.483 -0.491 -0.486 -0.456 -0.408 -0.359 -0.326 -0.323 -0.345 -0.375 -0.394 -0.407 -0.418 -0.425
-0.470 -0.517 -0.560 -0.607 -0.636 -0.650 -0.701 -0.772 -0.803 -0.851 -0.900 -0.918 -0.977 -1.011 -1.051 -1.097 -1.173 -1.266 -1.342 -1.439 -1.505 -1.589 -1.673 -1.687 -1.761 -1.781 -1.758 -1.764 -1.742 -1.739 -1.717 -1.661 -1.598 -1.580 -1.606 -1.634 -1.597 -1.589 -1.570 -1.521 -1.498 -1.507 -1.539 -1.495 -1.367 -1.223 -1.087 -1.006 -0.927 -0.848 -0.817 -0.803 -0.796 -0.784 -0.737 -0.667 -0.602 -0.558 -0.533 -0.522 -0.523 -0.524 -0.515 -0.492 -0.464 -0.441 -0.425 -0.421 -0.440 -0.481 -0.504 -0.474 -0.431 -0.419
-0.393 -0.426 -0.467 -0.509 -0.553 -0.605 -0.680 -0.751 -0.782 -0.851 -0.901 -0.929 -1.006 -1.041 -1.075 -1.125 -1.200 -1.309 -1.396 -1.498 -1.541 -1.615 -1.666 -1.667 -1.725 -1.752 -1.735 -1.734 -1.693 -1.633 -1.599 -1.558 -1.524 -1.485 -1.472 -1.490 -1.484 -1.459 -1.403 -1.349 -1.346 -1.350 -1.368 -1.377 -1.340 -1.266 -1.094 -0.910 -0.792 -0.713 -0.679 -0.693 -0.706 -0.714 -0.710 -0.685 -0.661 -0.647 -0.629 -0.602 -0.587 -0.585 -0.581 -0.563 -0.539 -0.509 -0.474 -0.456 -0.465 -0.501 -0.568 -0.595 -0.536 -0.454
-0.285 -0.318 -0.360 -0.422 -0.496 -0.555 -0.633 -0.703 -0.748 -0.821 -0.874 -0.905 -0.975 -1.008 -1.045 -1.071 -1.148 -1.261 -1.372 -1.468 -1.510 -1.566 -1.600 -1.584 -1.611 -1.605 -1.572 -1.566 -1.513 -1.448 -1.417 -1.400 -1.373 -1.321 -1.320 -1.300 -1.282 -1.234 -1.179 -1.149 -1.130 -1.097 -1.045 -1.019 -1.020 -1.021 -1.007 -0.853 -0.678 -0.584 -0.570 -0.586 -0.608 -0.643 -0.685 -0.704 -0.703 -0.687 -0.649 -0.600 -0.568 -0.558 -0.561 -0.556 -0.537 -0.503 -0.465 -0.451 -0.455 -0.468 -0.516 -0.592 -0.595 -0.511
