AvaFrame/avaframe/data/avaSalk/Avaflow_Input_Output/slk_results/slk_ascii/slk_hflow10008.asc
ncols 296
nrows 144
xllcenter 761600.00
yllcenter 8523000.00
cellsize 12.50
NODATA_value -9999.000
[rows 68 to 101 of 144, columns 154 to 230 of 296]
0.000 0.000 0.000 0.000 0.000 0.000 0.000 0.000 0.000 0.000 0.000 0.000 0.000 0.000 0.000 0.001 0.001 0.001 0.001 0.001 0.001 0.002 0.002 0.002 0.002 0.002 0.002 0.003 0.004 0.005 0.006 0.007 0.008 0.009 0.011 0.012 0.013 0.015 0.017 0.020 0.022 0.024 0.025 0.027 0.028 0.030 0.031 0.034 0.038 0.043 0.048 0.052 0.058 0.064 0.073 0.084 0.099 0.119 0.146 0.184 0.241 0.327 0.453 0.638 0.839 1.014 1.133 1.204 1.234 1.239 1.232 1.188 1.101 0.940 0.746 0.602 0.513
0.000 0.000 0.000 0.000 0.000 0.000 0.000 0.000 0.000 0.000 0.000 0.000 0.000 0.000 0.001 0.001 0.001 0.001 0.001 0.001 0.001 0.002 0.002 0.003 0.003 0.003 0.003 0.004 0.004 0.006 0.007 0.008 0.010 0.011 0.013 0.015 0.017 0.019 0.021 0.023 0.024 0.026 0.028 0.029 0.030 0.032 0.034 0.037 0.042 0.049 0.055 0.061 0.068 0.076 0.087 0.103 0.124 0.154 0.193 0.249 0.333 0.456 0.632 0.861 1.059 1.166 1.213 1.235 1.248 1.242 1.202 1.101 0.927 0.734 0.588 0.505 0.458
0.000 0.000 0.000 0.000 0.000 0.000 0.000 0.000 0.000 0.000 0.000 0.001 0.001 0.001 0.001 0.001 0.001 0.001 0.001 0.001 0.002 0.002 0.003 0.004 0.004 0.004 0.004 0.005 0.006 0.007 0.009 0.010 0.012 0.014 0.016 0.018 0.020 0.022 0.024 0.026 0.027 0.029 0.030 0.031 0.033 0.035 0.039 0.043 0.048 0.056 0.063 0.071 0.080 0.091 0.107 0.129 0.159 0.202 0.260 0.345 0.467 0.636 0.847 1.048 1.189 1.263 1.274 1.259 1.239 1.210 1.111 0.936 0.742 0.597 0.507 0.456 0.423
0.000 0.000 0.000 0.000 0.000 0.001 0.001 0.001 0.001 0.001 0.001 0.001 0.001 0.001 0.001 0.001 0.001 0.001 0.002 0.002 0.002 0.003 0.004 0.005 0.005 0.006 0.006 0.007 0.008 0.009 0.011 0.013 0.015 0.016 0.019 0.021 0.023 0.025 0.027 0.029 0.030 0.032 0.033 0.035 0.037 0.041 0.045 0.051 0.057 0.066 0.074 0.084 0.097 0.113 0.134 0.163 0.206 0.266 0.350 0.488 0.668 0.871 1.059 1.188 1.255 1.285 1.297 1.266 1.203 1.115 0.953 0.758 0.616 0.524 0.465 0.424 0.391
0.000 0.001 0.001 0.001 0.001 0.001 0.001 0.001 0.001 0.001 0.001 0.001 0.001 0.001 0.001 0.001 0.002 0.002 0.002 0.002 0.003 0.004 0.005 0.006 0.007 0.007 0.008 0.009 0.010 0.012 0.014 0.016 0.018 0.020 0.022 0.024 0.027 0.028 0.030 0.032 0.034 0.036 0.038 0.040 0.043 0.048 0.054 0.061 0.070 0.079 0.089 0.102 0.121 0.144 0.172 0.212 0.270 0.352 0.477 0.719 0.939 1.096 1.208 1.269 1.284 1.277 1.286 1.240 1.127 0.968 0.790 0.639 0.542 0.478 0.432 0.393 0.355
0.000 0.001 0.001 0.001 0.001 0.001 0.001 0.001 0.001 0.001 0.001 0.001 0.001 0.001 0.001 0.002 0.002 0.003 0.003 0.004 0.004 0.006 0.007 0.008 0.009 0.010 0.010 0.011 0.013 0.015 0.017 0.019 0.021 0.023 0.025 0.028 0.030 0.032 0.034 0.035 0.038 0.040 0.043 0.047 0.051 0.058 0.066 0.075 0.084 0.096 0.109 0.127 0.155 0.188 0.226 0.282 0.368 0.493 0.735 1.096 1.272 1.310 1.283 1.283 1.274 1.249 1.221 1.144 0.981 0.792 0.648 0.554 0.489 0.440 0.399 0.359 0.317
0.001 0.001 0.001 0.001 0.001 0.001 0.002 0.002 0.002 0.002 0.002 0.002 0.002 0.002 0.002 0.003 0.004 0.005 0.006 0.006 0.007 0.008 0.010 0.011 0.012 0.012 0.013 0.014 0.016 0.018 0.020 0.022 0.024 0.027 0.029 0.032 0.034 0.036 0.038 0.040 0.043 0.046 0.051 0.056 0.063 0.072 0.081 0.090 0.101 0.115 0.134 0.162 0.202 0.249 0.307 0.399 0.549 0.810 1.160 1.418 1.458 1.421 1.322 1.276 1.236 1.184 1.106 0.971 0.791 0.641 0.549 0.491 0.445 0.404 0.365 0.322 0.275
0.001 0.001 0.001 0.002 0.002 0.003 0.003 0.003 0.003 0.003 0.003 0.003 0.003 0.003 0.004 0.005 0.008 0.010 0.011 0.011 0.011 0.012 0.013 0.014 0.015 0.016 0.017 0.018 0.019 0.021 0.024 0.026 0.028 0.030 0.034 0.037 0.039 0.041 0.043 0.046 0.049 0.054 0.061 0.069 0.079 0.088 0.098 0.108 0.121 0.141 0.169 0.210 0.268 0.344 0.449 0.629 0.933 1.228 1.400 1.453 1.456 1.424 1.346 1.264 1.181 1.094 0.955 0.790 0.651 0.556 0.496 0.452 0.411 0.370 0.327 0.280 0.234
0.002 0.002 0.002 0.003 0.003 0.005 0.007 0.007 0.007 0.006 0.005 0.005 0.005 0.006 0.007 0.010 0.017 0.022 0.023 0.023 0.022 0.021 0.019 0.019 0.020 0.021 0.022 0.023 0.024 0.025 0.027 0.030 0.032 0.035 0.039 0.041 0.044 0.046 0.049 0.052 0.057 0.065 0.076 0.089 0.099 0.108 0.117 0.129 0.147 0.175 0.217 0.279 0.375 0.526 0.779 1.064 1.279 1.361 1.387 1.374 1.335 1.330 1.311 1.229 1.091 0.950 0.787 0.650 0.569 0.515 0.472 0.427 0.379 0.332 0.282 0.234 0.199
0.004 0.004 0.004 0.005 0.007 0.012 0.016 0.017 0.016 0.013 0.011 0.011 0.011 0.012 0.016 0.023 0.034 0.045 0.049 0.049 0.048 0.041 0.031 0.027 0.028 0.029 0.030 0.030 0.029 0.030 0.031 0.034 0.036 0.040 0.043 0.046 0.049 0.052 0.056 0.061 0.068 0.080 0.098 0.115 0.126 0.134 0.142 0.155 0.182 0.225 0.292 0.396 0.576 0.862 1.176 1.327 1.339 1.292 1.237 1.177 1.132 1.165 1.199 1.131 0.940 0.762 0.636 0.564 0.526 0.494 0.455 0.401 0.337 0.283 0.233 0.194 0.172
0.009 0.009 0.009 0.011 0.016 0.030 0.044 0.048 0.044 0.033 0.027 0.027 0.028 0.032 0.040 0.051 0.065 0.079 0.091 0.096 0.095 0.082 0.057 0.044 0.043 0.043 0.043 0.042 0.039 0.037 0.037 0.039 0.041 0.045 0.049 0.052 0.056 0.060 0.065 0.073 0.084 0.100 0.119 0.135 0.149 0.161 0.172 0.194 0.236 0.306 0.415 0.593 0.851 1.111 1.270 1.306 1.265 1.166 1.114 1.089 1.052 1.081 1.094 0.992 0.787 0.639 0.559 0.524 0.507 0.487 0.449 0.382 0.295 0.236 0.197 0.169 0.157
0.021 0.021 0.023 0.029 0.046 0.081 0.110 0.118 0.110 0.092 0.084 0.084 0.085 0.089 0.096 0.105 0.114 0.129 0.153 0.169 0.169 0.147 0.099 0.072 0.064 0.065 0.067 0.066 0.062 0.056 0.050 0.048 0.049 0.052 0.055 0.059 0.064 0.070 0.078 0.088 0.103 0.119 0.135 0.149 0.166 0.188 0.214 0.253 0.323 0.437 0.616 0.855 1.057 1.160 1.196 1.192 1.163 1.117 1.080 1.050 0.990 0.998 0.983 0.855 0.675 0.569 0.518 0.501 0.496 0.484 0.449 0.380 0.280 0.213 0.177 0.158 0.149
0.063 0.066 0.077 0.104 0.159 0.218 0.251 0.258 0.249 0.234 0.228 0.224 0.214 0.201 0.194 0.191 0.192 0.206 0.241 0.273 0.277 0.235 0.151 0.103 0.090 0.092 0.104 0.111 0.110 0.104 0.091 0.078 0.069 0.064 0.064 0.068 0.074 0.082 0.093 0.107 0.124 0.138 0.151 0.165 0.186 0.221 0.272 0.344 0.458 0.640 0.868 1.058 1.150 1.169 1.156 1.143 1.126 1.088 1.047 1.002 0.930 0.903 0.857 0.734 0.590 0.510 0.475 0.469 0.477 0.477 0.451 0.389 0.285 0.209 0.174 0.157 0.147
0.278 0.294 0.334 0.412 0.511 0.559 0.559 0.532 0.512 0.497 0.482 0.459 0.413 0.367 0.338 0.324 0.319 0.327 0.360 0.395 0.389 0.308 0.189 0.129 0.117 0.127 0.158 0.186 0.198 0.200 0.192 0.172 0.142 0.103 0.080 0.079 0.086 0.098 0.113 0.130 0.145 0.159 0.172 0.190 0.224 0.279 0.361 0.480 0.661 0.880 1.059 1.147 1.172 1.171 1.151 1.121 1.096 1.057 1.007 0.946 0.863 0.796 0.721 0.615 0.512 0.449 0.422 0.420 0.445 0.465 0.455 0.406 0.302 0.216 0.177 0.160 0.149
0.945 0.955 1.002 1.106 1.195 1.201 1.132 1.036 0.969 0.907 0.848 0.773 0.673 0.593 0.548 0.528 0.514 0.503 0.500 0.495 0.455 0.343 0.216 0.160 0.157 0.186 0.242 0.294 0.328 0.349 0.360 0.353 0.319 0.236 0.134 0.098 0.102 0.117 0.137 0.154 0.168 0.183 0.202 0.234 0.289 0.374 0.497 0.676 0.889 1.061 1.146 1.174 1.177 1.165 1.135 1.096 1.060 1.014 0.954 0.875 0.784 0.694 0.608 0.517 0.437 0.386 0.363 0.363 0.398 0.453 0.464 0.435 0.334 0.233 0.189 0.171 0.158
2.075 2.046 2.044 2.090 2.117 2.087 1.979 1.839 1.689 1.522 1.348 1.186 1.035 0.925 0.854 0.809 0.770 0.716 0.636 0.561 0.478 0.357 0.247 0.210 0.230 0.295 0.380 0.453 0.512 0.558 0.594 0.612 0.599 0.517 0.322 0.162 0.129 0.142 0.164 0.181 0.197 0.216 0.248 0.303 0.390 0.515 0.691 0.895 1.052 1.138 1.169 1.175 1.176 1.154 1.112 1.067 1.017 0.956 0.882 0.795 0.702 0.612 0.523 0.440 0.367 0.320 0.300 0.299 0.337 0.434 0.480 0.473 0.378 0.259 0.207 0.187 0.173
3.391 3.316 3.263 3.231 3.195 3.136 3.041 2.899 2.676 2.357 2.023 1.764 1.565 1.414 1.297 1.203 1.116 0.981 0.763 0.608 0.493 0.381 0.313 0.309 0.372 0.488 0.599 0.693 0.781 0.858 0.919 0.957 0.969 0.931 0.714 0.346 0.189 0.178 0.195 0.217 0.240 0.273 0.327 0.412 0.546 0.733 0.914 1.049 1.136 1.169 1.168 1.176 1.173 1.139 1.078 1.022 0.961 0.887 0.802 0.711 0.620 0.532 0.448 0.368 0.295 0.249 0.230 0.230 0.268 0.404 0.502 0.512 0.422 0.290 0.232 0.207 0.183
4.881 4.766 4.662 4.566 4.475 4.386 4.281 4.119 3.839 3.402 2.928 2.580 2.317 2.100 1.913 1.758 1.611 1.325 0.901 0.658 0.537 0.465 0.449 0.510 0.647 0.804 0.936 1.054 1.173 1.292 1.387 1.449 1.485 1.486 1.291 0.726 0.321 0.236 0.242 0.271 0.313 0.375 0.469 0.599 0.768 0.960 1.101 1.163 1.172 1.167 1.162 1.173 1.176 1.125 1.038 0.960 0.893 0.818 0.728 0.630 0.540 0.452 0.368 0.291 0.224 0.184 0.168 0.167 0.202 0.366 0.522 0.547 0.462 0.327 0.261 0.221 0.181
6.373 6.249 6.128 6.008 5.879 5.738 5.563 5.336 5.027 4.596 4.081 3.660 3.327 3.038 2.755 2.479 2.155 1.617 1.045 0.745 0.650 0.642 0.712 0.887 1.112 1.296 1.450 1.600 1.752 1.918 2.062 2.166 2.227 2.232 2.040 1.356 0.590 0.334 0.318 0.359 0.432 0.540 0.696 0.868 1.007 1.101 1.154 1.179 1.186 1.146 1.146 1.163 1.160 1.087 0.976 0.883 0.816 0.744 0.649 0.548 0.462 0.380 0.303 0.233 0.177 0.146 0.135 0.137 0.176 0.346 0.533 0.573 0.502 0.365 0.278 0.219 0.168
7.616 7.504 7.384 7.249 7.085 6.877 6.636 6.363 6.047 5.676 5.253 4.860 4.493 4.104 3.638 3.108 2.523 1.793 1.208 0.920 0.871 0.960 1.183 1.517 1.819 2.041 2.228 2.413 2.602 2.813 3.003 3.138 3.191 3.187 2.998 2.303 1.127 0.513 0.436 0.487 0.593 0.726 0.888 1.037 1.133 1.170 1.163 1.143 1.144 1.107 1.108 1.131 1.118 1.006 0.875 0.776 0.712 0.650 0.566 0.476 0.396 0.320 0.252 0.196 0.156 0.135 0.129 0.135 0.181 0.350 0.544 0.590 0.539 0.399 0.277 0.202 0.146
8.572 8.456 8.328 8.163 7.955 7.712 7.445 7.160 6.860 6.541 6.199 5.855 5.442 4.912 4.231 3.492 2.729 1.976 1.476 1.274 1.294 1.531 1.957 2.454 2.842 3.129 3.366 3.586 3.805 4.027 4.209 4.356 4.399 4.398 4.248 3.627 2.165 0.870 0.592 0.643 0.767 0.900 1.026 1.123 1.190 1.229 1.213 1.134 1.087 1.077 1.106 1.118 1.069 0.909 0.754 0.664 0.613 0.567 0.508 0.435 0.351 0.268 0.206 0.168 0.146 0.136 0.134 0.147 0.208 0.381 0.561 0.603 0.562 0.410 0.257 0.173 0.124
9.311 9.162 9.012 8.813 8.569 8.290 8.011 7.743 7.476 7.208 6.935 6.624 6.116 5.392 4.469 3.625 2.869 2.293 1.986 1.911 2.043 2.449 3.088 3.757 4.268 4.645 4.929 5.172 5.395 5.579 5.721 5.844 5.949 5.989 5.859 5.284 3.876 1.732 0.789 0.828 0.983 1.106 1.176 1.216 1.238 1.254 1.241 1.139 1.066 1.090 1.135 1.102 0.984 0.793 0.643 0.578 0.547 0.517 0.476 0.410 0.311 0.221 0.166 0.142 0.136 0.138 0.147 0.174 0.255 0.436 0.588 0.622 0.575 0.387 0.218 0.142 0.108
9.934 9.629 9.411 9.176 8.910 8.638 8.392 8.161 7.944 7.738 7.506 7.100 6.469 5.552 4.480 3.667 3.132 2.872 2.804 2.905 3.216 3.796 4.632 5.486 6.155 6.644 6.966 7.210 7.405 7.539 7.664 7.760 7.908 7.938 7.639 7.013 5.982 3.719 1.426 0.969 1.146 1.237 1.271 1.275 1.253 1.238 1.223 1.158 1.106 1.113 1.128 1.025 0.809 0.636 0.550 0.524 0.513 0.497 0.460 0.382 0.258 0.174 0.137 0.125 0.125 0.134 0.156 0.205 0.313 0.504 0.625 0.646 0.565 0.320 0.164 0.113 0.098
10.318 9.873 9.577 9.298 9.031 8.794 8.587 8.414 8.269 8.121 7.834 7.296 6.540 5.555 4.558 3.952 3.760 3.808 4.007 4.323 4.854 5.626 6.619 7.570 8.311 8.890 9.287 9.555 9.697 9.728 9.748 9.712 9.690 9.535 9.138 8.591 8.016 6.651 3.723 1.542 1.158 1.242 1.280 1.282 1.213 1.153 1.146 1.137 1.131 1.112 1.020 0.821 0.620 0.523 0.491 0.491 0.500 0.496 0.461 0.363 0.218 0.144 0.122 0.120 0.123 0.130 0.155 0.226 0.373 0.582 0.676 0.668 0.521 0.252 0.132 0.100 0.094
10.376 9.877 9.591 9.333 9.080 8.853 8.694 8.580 8.485 8.309 7.906 7.339 6.538 5.691 5.043 4.817 4.905 5.175 5.644 6.239 6.959 7.758 8.654 9.460 10.127 10.706 11.199 11.484 11.587 11.632 11.516 11.245 10.951 10.647 10.305 9.952 9.591 8.955 7.245 4.179 1.743 1.154 1.191 1.218 1.138 1.034 1.039 1.085 1.099 1.046 0.861 0.636 0.506 0.457 0.453 0.471 0.496 0.499 0.470 0.363 0.209 0.135 0.120 0.122 0.126 0.130 0.150 0.228 0.411 0.633 0.705 0.666 0.481 0.233 0.129 0.099 0.095
10.213 9.767 9.546 9.336 9.083 8.878 8.744 8.661 8.543 8.306 7.894 7.358 6.724 6.306 6.173 6.309 6.604 7.103 7.749 8.385 9.008 9.661 10.332 10.910 11.488 11.989 12.489 12.844 12.938 12.969 12.728 12.307 11.909 11.580 11.226 10.981 10.644 10.165 9.481 7.977 4.718 1.865 1.106 1.044 1.051 0.995 0.993 1.024 1.024 0.946 0.741 0.537 0.442 0.418 0.424 0.458 0.495 0.504 0.482 0.378 0.218 0.141 0.126 0.129 0.135 0.136 0.148 0.219 0.411 0.633 0.702 0.658 0.468 0.242 0.141 0.107 0.100
9.851 9.572 9.418 9.291 9.077 8.858 8.722 8.630 8.475 8.251 7.956 7.622 7.451 7.629 7.992 8.379 8.759 9.129 9.629 10.064 10.524 11.128 11.622 12.045 12.482 12.841 13.312 13.635 13.719 13.734 13.474 13.042 12.752 12.396 12.062 11.875 11.487 11.038 10.532 9.984 8.418 5.087 2.196 1.068 0.909 0.939 0.952 0.948 0.916 0.831 0.656 0.484 0.409 0.394 0.403 0.444 0.490 0.502 0.482 0.391 0.245 0.168 0.146 0.144 0.148 0.150 0.158 0.211 0.384 0.601 0.676 0.643 0.473 0.269 0.169 0.127 0.110
9.332 9.246 9.225 9.145 8.955 8.703 8.558 8.426 8.312 8.256 8.307 8.476 8.814 9.324 9.807 10.125 10.439 10.657 10.954 11.242 11.539 12.104 12.509 12.849 13.090 13.316 13.759 14.068 14.195 14.181 13.926 13.532 13.393 13.051 12.893 12.788 12.503 11.971 11.382 10.707 9.772 8.025 5.179 2.388 1.000 0.817 0.844 0.828 0.782 0.713 0.586 0.456 0.397 0.386 0.394 0.432 0.475 0.486 0.470 0.398 0.286 0.229 0.208 0.198 0.184 0.172 0.180 0.223 0.359 0.549 0.626 0.610 0.490 0.312 0.212 0.160 0.128
8.665 8.759 8.827 8.765 8.607 8.356 8.220 8.127 8.103 8.224 8.625 9.329 10.045 10.619 10.997 11.253 11.472 11.582 11.739 11.954 12.135 12.589 12.929 13.181 13.327 13.552 13.916 14.208 14.392 14.358 14.088 13.753 13.726 13.548 13.672 13.677 13.708 13.341 12.556 11.376 10.035 8.557 6.878 4.620 2.197 0.960 0.734 0.699 0.662 0.612 0.532 0.446 0.406 0.397 0.410 0.444 0.477 0.487 0.475 0.430 0.400 0.468 0.532 0.531 0.442 0.283 0.219 0.253 0.360 0.489 0.548 0.555 0.498 0.373 0.271 0.203 0.153
7.791 8.067 8.179 8.150 8.047 7.860 7.769 7.782 7.869 8.144 8.718 9.664 10.688 11.374 11.657 11.875 11.908 11.953 12.073 12.265 12.490 12.817 13.052 13.227 13.341 13.576 13.855 14.122 14.335 14.250 14.057 13.861 13.830 13.787 14.053 14.230 14.329 14.105 13.426 12.115 10.317 8.427 6.901 5.492 3.741 2.030 1.029 0.719 0.633 0.582 0.526 0.486 0.547 0.647 0.719 0.756 0.761 0.759 0.768 0.845 1.077 1.425 1.653 1.704 1.551 1.083 0.539 0.334 0.374 0.435 0.462 0.482 0.476 0.417 0.332 0.251 0.185
6.746 7.125 7.307 7.342 7.315 7.248 7.216 7.264 7.454 7.852 8.552 9.651 10.829 11.591 11.872 12.045 12.047 12.017 12.096 12.300 12.572 12.872 12.951 13.034 13.170 13.338 13.530 13.639 13.849 13.782 13.714 13.652 13.632 13.803 14.158 14.429 14.445 14.199 13.669 12.455 10.587 8.330 6.626 5.351 4.251 3.112 1.970 1.176 0.864 0.783 0.788 0.987 1.440 1.822 2.038 2.153 2.199 2.240 2.305 2.505 2.897 3.293 3.523 3.629 3.593 3.140 2.036 0.889 0.458 0.393 0.394 0.407 0.429 0.416 0.365 0.293 0.221
5.536 5.983 6.257 6.391 6.458 6.521 6.589 6.660 6.853 7.266 8.004 9.182 10.369 11.086 11.405 11.512 11.490 11.406 11.529 11.755 12.050 12.406 12.488 12.508 12.554 12.515 12.372 12.224 12.358 12.346 12.381 12.558 12.812 13.328 13.696 13.854 13.902 13.682 13.193 12.127 10.442 8.224 6.294 5.003 4.113 3.349 2.668 2.110 1.823 1.805 2.035 2.638 3.396 3.873 4.162 4.417 4.683 4.921 5.075 5.212 5.339 5.366 5.343 5.293 5.250 5.063 4.208 2.368 0.875 0.396 0.342 0.347 0.376 0.387 0.370 0.323 0.260
4.141 4.580 4.933 5.239 5.447 5.578 5.679 5.774 5.958 6.358 7.082 8.096 8.954 9.444 9.680 9.786 9.788 9.795 9.886 10.004 10.218 10.484 10.504 10.467 10.429 10.280 9.954 9.690 9.672 9.694 9.905 10.386 11.040 11.758 12.068 12.168 12.156 12.026 11.643 10.814 9.477 7.605 5.690 4.445 3.704 3.172 2.831 2.737 2.925 3.304 3.890 4.615 5.176 5.524 5.815 6.143 6.554 6.927 7.143 7.217 7.223 7.112 6.958 6.729 6.503 6.180 5.476 3.787 1.639 0.561 0.314 0.300 0.320 0.346 0.353 0.333 0.289
2.233 2.516 2.843 3.291 3.707 3.969 4.176 4.361 4.624 5.112 5.767 6.363 6.683 6.816 6.865 6.959 7.063 7.167 7.205 7.156 7.167 7.195 7.053 6.922 6.824 6.721 6.580 6.429 6.368 6.473 6.853 7.562 8.449 9.153 9.526 9.666 9.670 9.499 9.152 8.585 7.526 5.869 4.427 3.569 3.077 2.808 2.730 2.899 3.388 4.110 5.010 5.851 6.459 6.931 7.348 7.766 8.192 8.560 8.722 8.789 8.811 8.658 8.419 8.050 7.635 7.105 6.265 4.678 2.456 0.980 0.388 0.270 0.266 0.291 0.319 0.322 0.302
