AvaFrame/avaframe/data/avaSalk/Avaflow_Input_Output/slk_results/slk_ascii/slk_hflow10018.asc
ncols 296
nrows 144
xllcenter 761600.00
yllcenter 8523000.00
cellsize 12.50
NODATA_value -9999.000
[rows 68 to 101 of 144, columns 154 to 230 of 296]
0.000 0.000 0.000 0.000 0.000 0.000 0.000 0.000 0.000 0.000 0.000 0.000 0.000 0.000 0.000 0.001 0.001 0.001 0.001 0.001 0.001 0.001 0.002 0.002 0.001 0.001 0.001 0.001 0.001 0.002 0.002 0.002 0.002 0.003 0.003 0.003 0.004 0.004 0.005 0.005 0.006 0.006 0.006 0.007 0.007 0.007 0.008 0.008 0.009 0.011 0.012 0.013 0.013 0.015 0.016 0.019 0.021 0.025 0.030 0.037 0.049 0.067 0.096 0.135 0.186 0.252 0.331 0.432 0.532 0.603 0.644 0.656 0.639 0.571 0.440 0.314 0.239
0.000 0.000 0.000 0.000 0.000 0.000 0.000 0.000 0.000 0.000 0.000 0.000 0.000 0.001 0.001 0.001 0.001 0.001 0.001 0.001 0.001 0.002 0.002 0.002 0.002 0.002 0.001 0.001 0.002 0.002 0.002 0.002 0.003 0.003 0.004 0.004 0.005 0.005 0.006 0.006 0.006 0.006 0.007 0.007 0.007 0.008 0.008 0.009 0.010 0.011 0.013 0.014 0.015 0.017 0.019 0.022 0.026 0.032 0.039 0.050 0.067 0.095 0.136 0.192 0.261 0.346 0.441 0.537 0.608 0.646 0.658 0.631 0.550 0.421 0.300 0.236 0.200
0.000 0.000 0.000 0.000 0.000 0.000 0.000 0.000 0.000 0.000 0.000 0.001 0.001 0.001 0.001 0.001 0.001 0.001 0.001 0.001 0.002 0.002 0.002 0.002 0.002 0.002 0.002 0.002 0.002 0.002 0.003 0.003 0.003 0.004 0.004 0.005 0.005 0.006 0.006 0.006 0.007 0.007 0.007 0.007 0.008 0.008 0.009 0.010 0.011 0.013 0.014 0.016 0.018 0.020 0.022 0.026 0.032 0.040 0.052 0.069 0.096 0.135 0.190 0.264 0.356 0.459 0.547 0.609 0.646 0.657 0.631 0.548 0.421 0.304 0.235 0.198 0.176
0.000 0.000 0.001 0.001 0.001 0.001 0.001 0.000 0.000 0.000 0.000 0.001 0.001 0.001 0.001 0.001 0.002 0.002 0.002 0.002 0.002 0.003 0.003 0.003 0.003 0.003 0.002 0.002 0.003 0.003 0.003 0.004 0.004 0.005 0.005 0.006 0.006 0.006 0.007 0.007 0.007 0.007 0.008 0.008 0.008 0.009 0.010 0.012 0.013 0.014 0.016 0.018 0.021 0.024 0.028 0.032 0.040 0.052 0.070 0.101 0.144 0.195 0.266 0.362 0.472 0.569 0.632 0.656 0.653 0.632 0.557 0.432 0.317 0.244 0.200 0.172 0.152
0.000 0.001 0.001 0.001 0.001 0.001 0.001 0.001 0.001 0.001 0.001 0.001 0.001 0.001 0.001 0.002 0.003 0.003 0.003 0.003 0.003 0.004 0.004 0.004 0.004 0.003 0.003 0.003 0.003 0.003 0.004 0.004 0.005 0.005 0.006 0.006 0.007 0.007 0.007 0.007 0.008 0.008 0.009 0.009 0.010 0.011 0.012 0.014 0.016 0.017 0.020 0.022 0.026 0.031 0.035 0.042 0.053 0.070 0.099 0.156 0.221 0.283 0.375 0.487 0.579 0.631 0.656 0.660 0.635 0.568 0.451 0.331 0.255 0.207 0.174 0.150 0.128
0.000 0.000 0.001 0.001 0.001 0.001 0.001 0.001 0.001 0.001 0.001 0.001 0.001 0.002 0.002 0.003 0.004 0.005 0.006 0.006 0.006 0.006 0.006 0.005 0.004 0.004 0.004 0.004 0.004 0.004 0.005 0.005 0.006 0.006 0.007 0.007 0.007 0.008 0.008 0.008 0.009 0.009 0.010 0.011 0.012 0.013 0.015 0.017 0.019 0.021 0.024 0.028 0.034 0.041 0.048 0.058 0.078 0.111 0.169 0.266 0.342 0.401 0.488 0.572 0.620 0.637 0.643 0.627 0.565 0.451 0.337 0.263 0.213 0.179 0.152 0.129 0.108
0.000 0.001 0.001 0.001 0.001 0.002 0.002 0.002 0.002 0.002 0.002 0.002 0.002 0.003 0.003 0.005 0.008 0.011 0.012 0.012 0.012 0.012 0.011 0.008 0.006 0.006 0.006 0.005 0.005 0.006 0.006 0.006 0.006 0.007 0.007 0.008 0.008 0.008 0.009 0.009 0.010 0.010 0.012 0.013 0.015 0.016 0.018 0.020 0.023 0.026 0.030 0.036 0.046 0.058 0.071 0.095 0.144 0.237 0.358 0.471 0.529 0.565 0.598 0.615 0.621 0.619 0.603 0.551 0.446 0.334 0.263 0.217 0.184 0.157 0.134 0.112 0.092
0.001 0.001 0.001 0.001 0.002 0.004 0.005 0.005 0.005 0.005 0.004 0.004 0.004 0.005 0.007 0.011 0.019 0.029 0.033 0.034 0.034 0.032 0.024 0.013 0.010 0.009 0.008 0.008 0.008 0.008 0.008 0.007 0.007 0.008 0.008 0.009 0.009 0.009 0.010 0.010 0.011 0.012 0.015 0.017 0.019 0.021 0.022 0.025 0.028 0.032 0.038 0.049 0.065 0.088 0.121 0.185 0.309 0.437 0.520 0.563 0.592 0.624 0.642 0.635 0.615 0.592 0.537 0.443 0.340 0.267 0.221 0.189 0.163 0.138 0.116 0.095 0.078
0.002 0.002 0.002 0.003 0.004 0.008 0.013 0.014 0.013 0.010 0.009 0.009 0.009 0.010 0.016 0.030 0.057 0.085 0.101 0.106 0.107 0.099 0.068 0.030 0.018 0.016 0.016 0.015 0.014 0.013 0.012 0.011 0.010 0.010 0.010 0.010 0.010 0.010 0.011 0.012 0.013 0.015 0.019 0.023 0.025 0.026 0.027 0.030 0.034 0.040 0.051 0.068 0.098 0.147 0.233 0.349 0.449 0.493 0.517 0.533 0.554 0.596 0.633 0.626 0.588 0.532 0.437 0.341 0.278 0.234 0.199 0.167 0.141 0.118 0.096 0.078 0.064
0.004 0.004 0.004 0.005 0.009 0.023 0.044 0.051 0.047 0.031 0.023 0.023 0.024 0.031 0.052 0.092 0.145 0.194 0.229 0.254 0.264 0.255 0.193 0.090 0.043 0.035 0.035 0.034 0.035 0.033 0.029 0.024 0.020 0.017 0.014 0.012 0.012 0.012 0.013 0.014 0.016 0.020 0.026 0.030 0.033 0.034 0.034 0.037 0.042 0.053 0.071 0.103 0.160 0.260 0.375 0.444 0.460 0.452 0.444 0.457 0.493 0.549 0.598 0.588 0.516 0.418 0.330 0.279 0.249 0.222 0.191 0.154 0.120 0.096 0.078 0.063 0.054
0.009 0.009 0.010 0.014 0.030 0.094 0.184 0.214 0.195 0.131 0.092 0.087 0.096 0.124 0.176 0.238 0.296 0.354 0.422 0.480 0.509 0.506 0.434 0.255 0.122 0.089 0.085 0.087 0.098 0.107 0.102 0.089 0.072 0.056 0.038 0.023 0.017 0.015 0.016 0.017 0.020 0.025 0.030 0.034 0.038 0.041 0.043 0.047 0.056 0.075 0.107 0.163 0.256 0.355 0.415 0.436 0.431 0.421 0.430 0.464 0.497 0.545 0.570 0.525 0.426 0.333 0.275 0.248 0.234 0.219 0.193 0.155 0.111 0.081 0.064 0.054 0.048
0.024 0.027 0.033 0.050 0.120 0.297 0.470 0.521 0.491 0.393 0.336 0.328 0.342 0.380 0.435 0.482 0.523 0.588 0.705 0.803 0.828 0.814 0.767 0.545 0.281 0.198 0.191 0.205 0.247 0.303 0.333 0.334 0.312 0.270 0.196 0.103 0.048 0.027 0.021 0.022 0.024 0.029 0.033 0.037 0.042 0.048 0.055 0.063 0.081 0.114 0.169 0.256 0.343 0.393 0.413 0.419 0.421 0.429 0.457 0.488 0.492 0.518 0.521 0.460 0.361 0.289 0.247 0.229 0.224 0.217 0.200 0.166 0.115 0.076 0.058 0.050 0.046
0.100 0.121 0.166 0.262 0.454 0.699 0.868 0.922 0.896 0.831 0.800 0.793 0.784 0.788 0.800 0.804 0.827 0.917 1.092 1.206 1.211 1.187 1.113 0.787 0.433 0.346 0.356 0.413 0.522 0.667 0.789 0.876 0.911 0.878 0.737 0.487 0.254 0.116 0.050 0.031 0.030 0.033 0.037 0.041 0.047 0.057 0.071 0.090 0.122 0.176 0.259 0.341 0.389 0.409 0.416 0.421 0.433 0.457 0.481 0.487 0.473 0.468 0.452 0.397 0.312 0.252 0.217 0.203 0.206 0.213 0.207 0.184 0.131 0.081 0.059 0.050 0.046
0.555 0.625 0.773 1.008 1.260 1.411 1.459 1.451 1.427 1.421 1.409 1.380 1.324 1.264 1.229 1.219 1.251 1.350 1.494 1.572 1.595 1.567 1.378 0.890 0.551 0.503 0.566 0.719 0.944 1.206 1.462 1.695 1.832 1.855 1.713 1.346 0.881 0.502 0.238 0.093 0.045 0.040 0.042 0.047 0.057 0.073 0.097 0.131 0.184 0.262 0.339 0.386 0.409 0.420 0.426 0.438 0.460 0.478 0.481 0.472 0.445 0.407 0.373 0.329 0.266 0.211 0.179 0.168 0.174 0.198 0.212 0.204 0.161 0.096 0.065 0.054 0.048
1.849 1.912 2.106 2.394 2.538 2.511 2.346 2.215 2.166 2.141 2.077 1.999 1.894 1.783 1.736 1.742 1.777 1.817 1.866 1.889 1.885 1.831 1.497 0.929 0.697 0.705 0.845 1.117 1.479 1.888 2.301 2.690 2.957 3.089 3.011 2.615 1.985 1.353 0.813 0.399 0.157 0.068 0.053 0.059 0.075 0.101 0.137 0.190 0.265 0.338 0.384 0.410 0.424 0.434 0.445 0.461 0.474 0.477 0.470 0.447 0.407 0.359 0.315 0.271 0.217 0.167 0.138 0.129 0.135 0.170 0.212 0.221 0.196 0.124 0.079 0.063 0.055
3.692 3.683 3.715 3.792 3.807 3.720 3.507 3.305 3.172 3.006 2.805 2.665 2.533 2.412 2.353 2.362 2.376 2.337 2.250 2.160 2.083 1.966 1.499 1.006 0.906 1.002 1.243 1.632 2.128 2.699 3.261 3.757 4.106 4.329 4.356 4.068 3.403 2.582 1.850 1.177 0.625 0.291 0.134 0.084 0.103 0.141 0.196 0.264 0.333 0.379 0.408 0.428 0.443 0.455 0.467 0.474 0.475 0.466 0.447 0.413 0.366 0.318 0.268 0.217 0.165 0.120 0.095 0.088 0.094 0.129 0.203 0.232 0.222 0.158 0.101 0.079 0.066
4.984 4.932 4.882 4.844 4.798 4.707 4.589 4.475 4.292 3.972 3.647 3.444 3.310 3.214 3.143 3.105 3.082 2.926 2.619 2.389 2.232 2.006 1.503 1.199 1.216 1.425 1.781 2.278 2.891 3.602 4.247 4.746 5.098 5.325 5.404 5.250 4.753 3.996 3.243 2.463 1.637 1.014 0.595 0.302 0.168 0.198 0.271 0.330 0.373 0.404 0.427 0.447 0.462 0.472 0.476 0.473 0.466 0.448 0.417 0.373 0.323 0.270 0.215 0.162 0.117 0.081 0.061 0.056 0.063 0.092 0.183 0.240 0.240 0.194 0.132 0.099 0.075
5.774 5.704 5.672 5.667 5.654 5.615 5.557 5.522 5.372 5.029 4.652 4.430 4.310 4.227 4.160 4.059 3.862 3.447 2.909 2.574 2.336 2.014 1.648 1.559 1.684 2.000 2.462 3.050 3.732 4.516 5.204 5.661 5.960 6.107 6.175 6.078 5.773 5.267 4.693 4.016 3.074 2.242 1.667 1.150 0.636 0.320 0.322 0.377 0.400 0.423 0.444 0.463 0.476 0.479 0.473 0.461 0.447 0.423 0.383 0.329 0.272 0.216 0.164 0.119 0.082 0.056 0.043 0.041 0.048 0.079 0.174 0.243 0.251 0.218 0.156 0.109 0.075
6.390 6.361 6.366 6.407 6.460 6.482 6.469 6.450 6.365 6.141 5.856 5.665 5.535 5.435 5.243 4.901 4.396 3.759 3.113 2.689 2.388 2.142 2.010 2.092 2.355 2.768 3.308 3.947 4.635 5.437 6.124 6.512 6.714 6.744 6.763 6.666 6.506 6.187 5.799 5.213 4.278 3.417 2.951 2.573 1.951 1.024 0.429 0.394 0.427 0.439 0.457 0.481 0.491 0.486 0.465 0.440 0.417 0.388 0.338 0.276 0.223 0.175 0.133 0.095 0.065 0.046 0.039 0.038 0.046 0.084 0.180 0.246 0.253 0.223 0.159 0.105 0.070
6.958 6.957 7.002 7.096 7.202 7.273 7.307 7.316 7.273 7.167 7.005 6.868 6.727 6.474 5.998 5.381 4.671 3.885 3.235 2.775 2.514 2.462 2.561 2.820 3.232 3.768 4.365 4.989 5.709 6.384 6.953 7.266 7.355 7.316 7.295 7.166 7.012 6.748 6.423 5.881 5.101 4.333 3.921 3.679 3.449 2.621 1.150 0.448 0.437 0.449 0.465 0.495 0.501 0.483 0.441 0.394 0.362 0.332 0.287 0.234 0.188 0.148 0.112 0.082 0.059 0.045 0.041 0.042 0.056 0.106 0.199 0.249 0.253 0.219 0.148 0.093 0.059
7.482 7.523 7.617 7.743 7.846 7.911 7.966 8.011 8.025 8.019 7.956 7.850 7.619 7.121 6.350 5.548 4.774 3.978 3.382 2.993 2.888 3.031 3.330 3.793 4.366 5.023 5.663 6.296 6.942 7.376 7.753 7.971 7.952 7.896 7.803 7.620 7.401 7.081 6.686 6.115 5.512 4.941 4.543 4.342 4.257 4.028 2.730 0.862 0.409 0.456 0.478 0.500 0.500 0.460 0.382 0.328 0.306 0.289 0.260 0.219 0.171 0.125 0.091 0.069 0.056 0.049 0.047 0.054 0.080 0.146 0.224 0.255 0.252 0.202 0.123 0.074 0.048
8.062 8.099 8.210 8.282 8.328 8.377 8.445 8.549 8.645 8.679 8.666 8.569 8.134 7.367 6.413 5.542 4.797 4.151 3.730 3.528 3.551 3.844 4.365 5.074 5.820 6.518 7.109 7.730 8.219 8.454 8.633 8.672 8.590 8.489 8.294 7.979 7.706 7.324 6.818 6.202 5.661 5.246 4.915 4.716 4.595 4.502 4.063 2.139 0.592 0.430 0.492 0.494 0.468 0.394 0.310 0.277 0.270 0.266 0.253 0.218 0.158 0.103 0.071 0.056 0.052 0.052 0.058 0.075 0.120 0.194 0.247 0.263 0.241 0.160 0.091 0.055 0.040
8.857 8.706 8.719 8.737 8.753 8.776 8.835 8.965 9.116 9.199 9.214 8.977 8.281 7.333 6.267 5.427 4.890 4.547 4.391 4.396 4.554 4.969 5.672 6.526 7.317 7.938 8.424 8.989 9.414 9.540 9.602 9.452 9.363 9.202 8.805 8.309 7.976 7.535 6.972 6.315 5.696 5.270 4.994 4.801 4.652 4.483 4.272 3.337 1.495 0.538 0.481 0.469 0.396 0.313 0.262 0.252 0.258 0.263 0.255 0.217 0.140 0.081 0.056 0.048 0.048 0.051 0.063 0.096 0.167 0.238 0.265 0.262 0.201 0.108 0.063 0.042 0.035
9.586 9.159 9.070 9.068 9.081 9.104 9.135 9.276 9.554 9.684 9.567 9.019 8.151 7.049 6.072 5.500 5.261 5.247 5.343 5.550 5.880 6.386 7.069 7.821 8.497 9.094 9.620 10.106 10.364 10.461 10.430 10.204 10.054 9.823 9.314 8.759 8.304 7.765 7.199 6.507 5.730 5.188 4.928 4.756 4.553 4.304 4.027 3.519 2.334 1.001 0.474 0.386 0.311 0.255 0.234 0.236 0.256 0.272 0.267 0.221 0.125 0.066 0.050 0.047 0.047 0.049 0.062 0.105 0.197 0.268 0.280 0.257 0.173 0.087 0.051 0.036 0.032
9.805 9.409 9.336 9.343 9.356 9.366 9.432 9.608 9.877 9.924 9.669 8.889 7.965 7.011 6.295 6.074 6.098 6.323 6.614 7.012 7.383 7.802 8.287 8.892 9.464 10.049 10.527 10.971 11.084 11.153 11.051 10.724 10.476 10.142 9.753 9.350 8.794 8.090 7.483 6.773 5.910 5.117 4.688 4.474 4.224 3.930 3.582 3.188 2.549 1.491 0.621 0.308 0.239 0.211 0.208 0.220 0.255 0.285 0.288 0.235 0.122 0.063 0.050 0.050 0.050 0.049 0.058 0.102 0.201 0.277 0.288 0.258 0.170 0.087 0.051 0.036 0.032
9.790 9.556 9.496 9.564 9.611 9.613 9.662 9.805 9.923 9.848 9.543 8.828 7.986 7.367 7.139 7.270 7.414 7.750 8.044 8.404 8.683 9.064 9.400 9.833 10.321 10.773 11.243 11.626 11.686 11.673 11.523 11.107 10.800 10.439 10.145 9.834 9.343 8.556 7.880 7.120 6.236 5.218 4.462 3.986 3.689 3.390 3.040 2.680 2.279 1.705 0.904 0.365 0.213 0.186 0.185 0.201 0.249 0.290 0.294 0.245 0.132 0.070 0.055 0.055 0.055 0.053 0.057 0.089 0.180 0.266 0.285 0.261 0.178 0.098 0.059 0.041 0.033
9.680 9.618 9.645 9.794 9.880 9.843 9.823 9.838 9.854 9.651 9.400 8.902 8.529 8.500 8.672 8.870 9.001 9.157 9.334 9.528 9.731 10.121 10.449 10.736 11.059 11.372 11.822 12.155 12.243 12.093 11.803 11.430 11.051 10.793 10.492 10.201 9.789 9.071 8.339 7.513 6.512 5.368 4.468 3.766 3.206 2.862 2.497 2.088 1.802 1.546 1.081 0.508 0.235 0.184 0.181 0.195 0.241 0.284 0.290 0.254 0.161 0.106 0.087 0.074 0.063 0.061 0.063 0.080 0.145 0.237 0.270 0.259 0.196 0.119 0.077 0.052 0.039
9.488 9.520 9.654 9.780 9.878 9.820 9.771 9.642 9.639 9.593 9.504 9.494 9.543 9.770 10.039 10.131 10.211 10.212 10.318 10.363 10.559 10.915 11.246 11.470 11.562 11.820 12.186 12.478 12.548 12.353 12.084 11.721 11.388 11.208 10.851 10.611 10.336 9.653 8.837 7.873 6.688 5.487 4.501 3.729 3.052 2.584 2.125 1.708 1.451 1.301 1.091 0.680 0.347 0.253 0.253 0.262 0.283 0.310 0.320 0.316 0.315 0.321 0.311 0.246 0.133 0.081 0.076 0.086 0.122 0.195 0.239 0.243 0.214 0.153 0.104 0.072 0.050
9.308 9.435 9.606 9.669 9.634 9.599 9.601 9.522 9.468 9.479 9.555 9.909 10.308 10.651 10.897 10.916 10.990 10.888 10.973 11.004 11.099 11.318 11.603 11.778 11.787 12.050 12.327 12.552 12.682 12.572 12.345 12.022 11.761 11.598 11.589 11.613 11.625 10.974 9.821 8.345 6.854 5.575 4.523 3.716 3.042 2.518 2.039 1.640 1.393 1.268 1.188 1.129 1.006 0.957 0.957 0.909 0.822 0.794 0.823 0.955 1.194 1.334 1.345 1.194 0.789 0.336 0.148 0.107 0.114 0.148 0.190 0.211 0.208 0.183 0.143 0.101 0.067
8.974 9.157 9.178 9.156 9.141 9.155 9.149 9.108 9.122 9.213 9.483 10.030 10.723 11.146 11.313 11.299 11.250 11.110 11.181 11.211 11.365 11.560 11.764 11.792 11.834 12.037 12.246 12.447 12.562 12.534 12.371 12.133 12.001 11.938 12.156 12.189 12.311 12.015 11.051 9.454 7.379 5.669 4.518 3.685 3.054 2.564 2.131 1.812 1.656 1.663 1.965 2.651 3.123 3.234 3.161 2.932 2.633 2.478 2.500 2.690 3.029 3.188 3.214 3.126 2.677 1.785 0.912 0.383 0.161 0.113 0.133 0.164 0.189 0.190 0.171 0.135 0.092
8.428 8.639 8.688 8.634 8.511 8.434 8.415 8.444 8.476 8.697 9.123 9.887 10.738 11.248 11.387 11.384 11.257 11.059 11.214 11.224 11.434 11.527 11.662 11.604 11.666 11.764 11.881 12.014 12.142 12.163 12.096 11.942 11.913 11.969 12.272 12.446 12.508 12.159 11.310 10.020 8.072 5.972 4.463 3.633 3.079 2.700 2.412 2.272 2.350 2.760 3.554 4.590 5.277 5.512 5.491 5.334 5.094 4.925 4.882 4.889 4.981 5.011 5.007 4.984 4.854 4.315 3.109 1.645 0.604 0.181 0.104 0.119 0.155 0.177 0.177 0.157 0.121
7.678 7.895 7.916 7.866 7.770 7.656 7.532 7.506 7.492 7.668 8.156 9.033 10.039 10.559 10.704 10.697 10.584 10.396 10.542 10.635 10.847 10.970 11.075 11.011 11.091 10.929 10.613 10.469 10.489 10.514 10.519 10.584 10.942 11.351 11.676 11.775 11.724 11.537 10.971 9.875 8.183 6.080 4.389 3.503 3.057 2.814 2.704 2.707 2.980 3.691 4.684 5.699 6.416 6.774 6.905 6.978 6.965 6.960 6.984 6.941 6.896 6.852 6.755 6.612 6.444 6.052 5.049 3.250 1.467 0.476 0.142 0.099 0.117 0.147 0.165 0.162 0.141
6.527 6.690 6.775 6.799 6.727 6.595 6.451 6.392 6.398 6.537 7.043 7.794 8.479 8.821 8.925 8.914 8.809 8.768 8.809 8.830 8.943 9.095 9.163 9.060 9.007 8.731 8.205 7.906 7.693 7.603 7.710 7.997 8.695 9.414 9.664 9.699 9.710 9.644 9.258 8.476 7.348 5.741 4.089 3.224 2.932 2.814 2.833 2.980 3.389 4.175 5.296 6.387 7.197 7.679 8.038 8.359 8.594 8.788 8.926 8.819 8.756 8.642 8.517 8.244 7.907 7.319 6.206 4.281 2.290 0.991 0.327 0.122 0.099 0.113 0.137 0.151 0.147
4.357 4.472 4.660 4.949 5.150 5.138 5.042 4.962 4.986 5.177 5.574 5.991 6.187 6.180 6.131 6.103 6.125 6.144 6.033 5.929 5.877 5.797 5.590 5.352 5.213 5.102 4.873 4.670 4.524 4.540 4.732 5.166 5.868 6.534 6.871 6.970 6.930 6.721 6.462 6.185 5.514 4.166 3.047 2.652 2.599 2.675 2.829 3.097 3.619 4.478 5.707 6.979 7.977 8.695 9.242 9.725 10.215 10.533 10.729 10.629 10.602 10.473 10.243 9.857 9.374 8.544 7.216 5.176 3.182 1.749 0.799 0.292 0.126 0.107 0.123 0.142 0.150
