AvaFrame/avaframe/data/avaSalk/Avaflow_Input_Output/slk_results/slk_ascii/slk_hflow0004.asc
ncols 296
nrows 144
xllcenter 761600.00
yllcenter 8523000.00
cellsize 12.50
NODATA_value -9999.000
[rows 68 to 101 of 144, columns 154 to 230 of 296]
0.000 0.000 0.000 0.000 0.000 0.000 0.000 0.000 0.000 0.000 0.000 0.000 0.000 0.000 0.000 0.000 0.000 0.000 0.000 0.000 0.001 0.001 0.001 0.001 0.001 0.002 0.002 0.003 0.004 0.006 0.009 0.013 0.017 0.023 0.029 0.036 0.043 0.051 0.060 0.070 0.080 0.092 0.106 0.120 0.133 0.144 0.157 0.173 0.194 0.217 0.245 0.277 0.313 0.360 0.424 0.511 0.631 0.798 1.021 1.322 1.717 2.134 2.399 2.503 2.494 2.403 2.291 2.196 2.076 1.960 1.862 1.753 1.629 1.445 1.242 1.100 1.019
0.000 0.000 0.000 0.000 0.000 0.000 0.000 0.000 0.000 0.000 0.000 0.000 0.000 0.000 0.000 0.000 0.000 0.000 0.000 0.001 0.001 0.001 0.001 0.001 0.002 0.002 0.003 0.005 0.007 0.010 0.014 0.019 0.025 0.032 0.040 0.048 0.057 0.067 0.077 0.089 0.101 0.115 0.129 0.142 0.154 0.167 0.183 0.203 0.229 0.261 0.297 0.338 0.386 0.451 0.541 0.665 0.837 1.069 1.366 1.692 2.032 2.303 2.461 2.524 2.518 2.402 2.223 2.094 1.992 1.893 1.782 1.636 1.437 1.240 1.097 1.016 0.975
0.000 0.000 0.000 0.000 0.000 0.000 0.000 0.000 0.000 0.000 0.000 0.000 0.000 0.000 0.000 0.000 0.000 0.000 0.001 0.001 0.001 0.001 0.001 0.002 0.003 0.004 0.006 0.008 0.011 0.016 0.021 0.027 0.035 0.044 0.053 0.064 0.075 0.086 0.098 0.111 0.125 0.139 0.153 0.166 0.180 0.197 0.218 0.243 0.275 0.314 0.359 0.413 0.480 0.572 0.696 0.868 1.103 1.399 1.728 2.005 2.233 2.390 2.466 2.497 2.472 2.360 2.165 2.014 1.904 1.802 1.656 1.458 1.260 1.118 1.028 0.981 0.950
0.000 0.000 0.000 0.000 0.000 0.000 0.000 0.000 0.000 0.000 0.000 0.000 0.000 0.000 0.000 0.000 0.000 0.001 0.001 0.001 0.001 0.001 0.002 0.003 0.004 0.006 0.009 0.013 0.018 0.024 0.031 0.039 0.049 0.059 0.070 0.082 0.095 0.108 0.122 0.136 0.151 0.167 0.181 0.196 0.213 0.236 0.264 0.296 0.336 0.383 0.440 0.513 0.610 0.739 0.907 1.127 1.404 1.706 2.045 2.329 2.473 2.511 2.472 2.450 2.372 2.261 2.112 1.954 1.806 1.665 1.484 1.286 1.147 1.059 1.000 0.960 0.927
0.000 0.000 0.000 0.000 0.000 0.000 0.000 0.000 0.000 0.000 0.000 0.000 0.000 0.000 0.000 0.000 0.001 0.001 0.001 0.001 0.001 0.002 0.003 0.004 0.007 0.010 0.014 0.020 0.027 0.034 0.044 0.054 0.066 0.078 0.090 0.104 0.119 0.133 0.148 0.163 0.181 0.199 0.215 0.233 0.256 0.285 0.321 0.362 0.413 0.474 0.548 0.648 0.788 0.963 1.169 1.416 1.684 1.965 2.388 2.724 2.808 2.659 2.458 2.371 2.254 2.131 2.026 1.888 1.696 1.506 1.332 1.184 1.087 1.024 0.979 0.940 0.898
0.000 0.000 0.000 0.000 0.000 0.000 0.000 0.000 0.000 0.000 0.000 0.000 0.000 0.000 0.001 0.001 0.001 0.001 0.001 0.001 0.002 0.003 0.005 0.007 0.011 0.016 0.022 0.030 0.039 0.049 0.060 0.073 0.086 0.099 0.114 0.130 0.146 0.162 0.178 0.195 0.215 0.236 0.257 0.280 0.310 0.347 0.392 0.444 0.508 0.589 0.693 0.838 1.042 1.251 1.462 1.704 1.944 2.301 2.764 2.983 2.981 2.690 2.388 2.240 2.096 1.975 1.881 1.754 1.533 1.330 1.197 1.109 1.046 0.997 0.955 0.913 0.860
0.000 0.000 0.000 0.000 0.000 0.000 0.000 0.000 0.000 0.000 0.000 0.000 0.000 0.001 0.001 0.001 0.001 0.001 0.001 0.002 0.003 0.005 0.008 0.012 0.017 0.024 0.033 0.043 0.055 0.067 0.081 0.095 0.110 0.125 0.142 0.160 0.178 0.195 0.213 0.233 0.255 0.278 0.305 0.339 0.378 0.425 0.481 0.546 0.628 0.740 0.895 1.104 1.389 1.594 1.776 1.993 2.295 2.725 3.026 3.081 3.015 2.665 2.312 2.102 1.946 1.806 1.682 1.535 1.344 1.197 1.107 1.052 1.008 0.968 0.925 0.875 0.806
0.000 0.000 0.000 0.000 0.000 0.000 0.000 0.000 0.000 0.000 0.000 0.001 0.001 0.001 0.001 0.001 0.001 0.002 0.002 0.003 0.005 0.008 0.013 0.019 0.027 0.038 0.049 0.062 0.075 0.090 0.106 0.121 0.137 0.154 0.175 0.195 0.214 0.233 0.254 0.276 0.301 0.330 0.366 0.411 0.464 0.522 0.591 0.674 0.788 0.952 1.159 1.398 1.733 1.972 2.163 2.395 2.728 2.996 3.091 3.056 2.896 2.563 2.264 2.013 1.828 1.681 1.519 1.359 1.220 1.122 1.060 1.018 0.981 0.936 0.883 0.815 0.721
0.000 0.000 0.000 0.000 0.000 0.000 0.000 0.000 0.000 0.001 0.001 0.001 0.001 0.001 0.001 0.001 0.002 0.002 0.004 0.006 0.009 0.014 0.022 0.031 0.043 0.057 0.071 0.086 0.100 0.117 0.135 0.151 0.168 0.189 0.212 0.234 0.254 0.276 0.300 0.326 0.356 0.394 0.446 0.511 0.577 0.646 0.728 0.837 0.992 1.201 1.428 1.677 2.046 2.419 2.753 2.963 3.024 3.009 2.996 2.817 2.535 2.289 2.110 1.915 1.699 1.525 1.353 1.217 1.138 1.085 1.044 1.004 0.954 0.892 0.817 0.716 0.625
0.000 0.000 0.000 0.000 0.000 0.000 0.001 0.001 0.001 0.001 0.001 0.001 0.001 0.001 0.001 0.002 0.003 0.004 0.007 0.011 0.018 0.027 0.038 0.052 0.068 0.085 0.100 0.115 0.130 0.147 0.166 0.185 0.205 0.228 0.253 0.276 0.300 0.325 0.353 0.386 0.425 0.479 0.555 0.644 0.727 0.808 0.904 1.041 1.230 1.450 1.683 1.974 2.429 2.881 3.158 3.210 3.034 2.838 2.613 2.253 2.011 1.944 1.888 1.759 1.522 1.329 1.198 1.129 1.097 1.072 1.045 1.000 0.916 0.820 0.716 0.611 0.557
0.000 0.000 0.000 0.000 0.001 0.001 0.001 0.001 0.001 0.001 0.001 0.001 0.001 0.002 0.002 0.004 0.006 0.009 0.015 0.023 0.036 0.052 0.070 0.088 0.106 0.122 0.136 0.149 0.165 0.183 0.203 0.224 0.247 0.273 0.299 0.325 0.352 0.382 0.418 0.461 0.517 0.596 0.698 0.796 0.893 0.995 1.116 1.282 1.488 1.712 1.967 2.327 2.772 3.052 3.143 3.128 2.837 2.441 2.122 1.890 1.781 1.783 1.758 1.602 1.361 1.202 1.118 1.089 1.085 1.082 1.061 0.991 0.852 0.721 0.618 0.545 0.516
0.000 0.001 0.001 0.001 0.001 0.001 0.001 0.001 0.001 0.001 0.001 0.002 0.002 0.003 0.005 0.008 0.012 0.019 0.032 0.050 0.072 0.096 0.122 0.143 0.159 0.169 0.177 0.186 0.201 0.221 0.244 0.268 0.296 0.325 0.352 0.381 0.413 0.451 0.496 0.557 0.637 0.741 0.848 0.945 1.056 1.198 1.360 1.542 1.766 2.024 2.321 2.634 2.879 2.992 2.976 2.788 2.444 2.125 1.901 1.766 1.689 1.678 1.627 1.428 1.220 1.118 1.079 1.076 1.093 1.099 1.071 0.964 0.779 0.645 0.562 0.514 0.495
0.001 0.001 0.001 0.001 0.001 0.001 0.001 0.002 0.002 0.002 0.002 0.003 0.004 0.007 0.010 0.017 0.027 0.046 0.075 0.109 0.139 0.167 0.190 0.200 0.203 0.206 0.214 0.224 0.240 0.262 0.288 0.318 0.353 0.384 0.413 0.447 0.487 0.535 0.597 0.681 0.785 0.888 0.983 1.086 1.218 1.394 1.605 1.822 2.083 2.390 2.635 2.778 2.838 2.806 2.657 2.400 2.142 1.941 1.802 1.701 1.613 1.557 1.451 1.255 1.110 1.050 1.038 1.052 1.088 1.095 1.057 0.928 0.727 0.606 0.541 0.507 0.490
0.001 0.001 0.001 0.002 0.002 0.002 0.003 0.003 0.003 0.004 0.005 0.007 0.009 0.014 0.023 0.039 0.066 0.109 0.168 0.212 0.233 0.241 0.241 0.237 0.233 0.235 0.246 0.262 0.283 0.308 0.339 0.380 0.423 0.454 0.483 0.524 0.579 0.646 0.732 0.838 0.942 1.033 1.123 1.236 1.393 1.600 1.856 2.167 2.462 2.671 2.774 2.800 2.756 2.641 2.417 2.160 1.978 1.840 1.731 1.634 1.522 1.393 1.248 1.105 1.024 0.990 0.986 1.008 1.062 1.073 1.037 0.905 0.703 0.593 0.541 0.513 0.489
0.001 0.002 0.003 0.004 0.005 0.005 0.006 0.006 0.007 0.008 0.010 0.014 0.021 0.032 0.053 0.091 0.155 0.226 0.279 0.295 0.293 0.284 0.270 0.260 0.257 0.263 0.278 0.302 0.329 0.360 0.402 0.460 0.505 0.536 0.568 0.620 0.698 0.794 0.899 1.007 1.098 1.182 1.283 1.424 1.615 1.865 2.173 2.461 2.664 2.764 2.779 2.753 2.658 2.452 2.198 1.997 1.857 1.748 1.646 1.529 1.382 1.225 1.092 1.000 0.948 0.924 0.920 0.952 1.031 1.064 1.041 0.907 0.701 0.593 0.550 0.525 0.496
0.004 0.006 0.009 0.012 0.013 0.014 0.014 0.015 0.016 0.018 0.023 0.032 0.048 0.076 0.124 0.206 0.288 0.327 0.334 0.326 0.316 0.303 0.287 0.279 0.282 0.296 0.318 0.346 0.384 0.430 0.496 0.566 0.611 0.647 0.691 0.757 0.855 0.969 1.074 1.166 1.255 1.360 1.494 1.679 1.932 2.186 2.442 2.611 2.695 2.724 2.714 2.648 2.494 2.245 2.035 1.883 1.757 1.642 1.521 1.378 1.228 1.104 1.000 0.920 0.866 0.842 0.840 0.882 0.998 1.069 1.059 0.922 0.705 0.601 0.566 0.544 0.506
0.014 0.021 0.029 0.034 0.036 0.037 0.037 0.038 0.039 0.042 0.053 0.075 0.117 0.184 0.278 0.365 0.393 0.374 0.352 0.338 0.325 0.311 0.300 0.299 0.311 0.336 0.367 0.406 0.464 0.548 0.639 0.706 0.754 0.805 0.873 0.959 1.058 1.157 1.250 1.342 1.448 1.596 1.802 2.023 2.351 2.625 2.728 2.733 2.726 2.660 2.570 2.461 2.295 2.076 1.892 1.762 1.646 1.519 1.374 1.235 1.119 1.022 0.934 0.842 0.772 0.742 0.744 0.805 0.970 1.090 1.097 0.947 0.717 0.616 0.586 0.560 0.502
0.048 0.066 0.080 0.090 0.095 0.096 0.096 0.097 0.099 0.107 0.133 0.188 0.286 0.390 0.454 0.466 0.440 0.395 0.365 0.348 0.334 0.320 0.316 0.326 0.352 0.387 0.434 0.503 0.612 0.758 0.860 0.914 0.959 1.025 1.121 1.216 1.295 1.365 1.445 1.561 1.716 1.955 2.289 2.534 2.714 2.814 2.848 2.796 2.659 2.487 2.385 2.298 2.173 1.968 1.777 1.638 1.522 1.396 1.261 1.146 1.050 0.958 0.859 0.744 0.664 0.640 0.655 0.751 0.964 1.128 1.146 0.977 0.736 0.638 0.601 0.558 0.475
0.140 0.174 0.197 0.213 0.222 0.226 0.230 0.237 0.251 0.277 0.336 0.440 0.529 0.558 0.530 0.491 0.448 0.407 0.379 0.359 0.346 0.340 0.347 0.372 0.415 0.470 0.552 0.687 0.894 1.097 1.210 1.252 1.273 1.313 1.388 1.463 1.543 1.625 1.712 1.863 2.047 2.312 2.689 2.894 2.950 2.910 2.825 2.740 2.548 2.319 2.272 2.223 2.102 1.875 1.665 1.518 1.404 1.290 1.181 1.086 0.991 0.882 0.752 0.636 0.578 0.571 0.609 0.737 0.985 1.168 1.184 1.011 0.770 0.658 0.598 0.529 0.423
0.329 0.393 0.427 0.447 0.461 0.475 0.497 0.539 0.589 0.631 0.673 0.698 0.669 0.610 0.540 0.486 0.443 0.410 0.387 0.371 0.366 0.377 0.405 0.449 0.520 0.624 0.787 1.050 1.355 1.568 1.648 1.652 1.633 1.633 1.663 1.709 1.814 1.968 2.093 2.253 2.421 2.574 2.803 2.952 2.979 2.928 2.722 2.475 2.312 2.195 2.179 2.155 2.028 1.757 1.519 1.363 1.269 1.195 1.123 1.034 0.911 0.764 0.633 0.561 0.538 0.547 0.605 0.756 1.030 1.212 1.217 1.058 0.809 0.664 0.569 0.467 0.373
0.660 0.775 0.820 0.829 0.826 0.834 0.857 0.893 0.922 0.913 0.867 0.787 0.693 0.606 0.533 0.480 0.441 0.412 0.396 0.392 0.406 0.442 0.502 0.581 0.703 0.902 1.231 1.631 1.872 1.942 1.919 1.881 1.863 1.905 1.996 2.061 2.159 2.301 2.403 2.539 2.724 2.812 2.877 2.919 2.905 2.867 2.637 2.283 2.137 2.142 2.149 2.084 1.893 1.572 1.332 1.210 1.159 1.124 1.076 0.970 0.792 0.633 0.543 0.516 0.521 0.553 0.630 0.809 1.104 1.260 1.255 1.110 0.831 0.635 0.505 0.402 0.343
1.199 1.327 1.386 1.360 1.275 1.219 1.173 1.133 1.086 1.012 0.906 0.774 0.660 0.580 0.522 0.479 0.446 0.429 0.427 0.444 0.485 0.557 0.667 0.818 1.040 1.369 1.782 2.105 2.189 2.138 2.067 2.039 2.050 2.134 2.264 2.381 2.470 2.511 2.570 2.717 2.932 2.998 2.956 2.870 2.797 2.749 2.555 2.220 2.083 2.115 2.123 1.951 1.637 1.343 1.180 1.117 1.098 1.086 1.037 0.876 0.664 0.535 0.484 0.480 0.508 0.570 0.679 0.902 1.202 1.317 1.297 1.144 0.810 0.561 0.425 0.355 0.330
2.150 2.172 2.225 2.143 1.908 1.730 1.571 1.412 1.252 1.087 0.911 0.747 0.629 0.554 0.508 0.482 0.473 0.481 0.505 0.552 0.634 0.771 0.972 1.244 1.629 2.037 2.311 2.413 2.387 2.275 2.197 2.209 2.287 2.339 2.386 2.471 2.562 2.622 2.674 2.788 2.962 3.013 2.965 2.832 2.671 2.551 2.396 2.239 2.148 2.095 2.003 1.697 1.339 1.156 1.084 1.071 1.080 1.072 0.983 0.755 0.556 0.469 0.448 0.459 0.503 0.586 0.732 1.020 1.310 1.389 1.359 1.158 0.733 0.463 0.360 0.330 0.327
4.011 3.701 3.671 3.535 3.177 2.865 2.544 2.187 1.799 1.429 1.112 0.882 0.727 0.616 0.550 0.527 0.544 0.587 0.652 0.751 0.917 1.183 1.552 1.967 2.402 2.703 2.787 2.721 2.602 2.490 2.411 2.411 2.480 2.478 2.464 2.509 2.579 2.695 2.816 2.893 2.934 2.930 2.906 2.774 2.484 2.297 2.228 2.215 2.194 2.050 1.740 1.393 1.144 1.048 1.030 1.049 1.071 1.054 0.917 0.649 0.489 0.436 0.433 0.457 0.513 0.609 0.793 1.163 1.452 1.497 1.417 1.115 0.638 0.405 0.335 0.324 0.330
6.023 5.731 5.731 5.603 5.268 4.908 4.544 4.098 3.477 2.733 2.167 1.785 1.530 1.322 1.166 1.067 1.013 1.006 1.053 1.193 1.474 1.914 2.430 2.855 3.081 3.153 3.119 2.971 2.802 2.706 2.625 2.569 2.552 2.555 2.574 2.642 2.674 2.763 2.884 2.927 2.854 2.753 2.729 2.628 2.350 2.121 2.105 2.145 2.127 1.919 1.488 1.173 1.027 0.990 1.000 1.040 1.058 1.023 0.859 0.599 0.466 0.429 0.434 0.471 0.543 0.644 0.840 1.223 1.496 1.533 1.420 1.049 0.588 0.393 0.338 0.331 0.343
7.233 7.480 7.773 7.793 7.625 7.304 7.063 6.786 6.310 5.464 4.747 4.268 4.031 3.884 3.736 3.546 3.442 3.346 3.293 3.349 3.578 3.945 4.185 4.154 3.931 3.659 3.387 3.099 2.869 2.741 2.656 2.599 2.580 2.594 2.672 2.789 2.811 2.823 2.874 2.864 2.691 2.518 2.419 2.310 2.181 2.052 2.007 2.004 1.945 1.700 1.292 1.048 0.963 0.954 0.983 1.031 1.041 0.991 0.821 0.590 0.473 0.443 0.452 0.501 0.591 0.703 0.889 1.224 1.458 1.498 1.392 1.009 0.581 0.407 0.363 0.358 0.370
8.479 9.200 9.589 9.683 9.660 9.629 9.767 9.838 9.707 9.392 8.966 8.538 8.509 8.766 8.934 8.924 9.088 9.337 9.592 9.739 9.748 9.615 9.147 8.033 6.794 5.682 4.557 3.601 2.959 2.664 2.575 2.558 2.586 2.624 2.693 2.761 2.773 2.771 2.763 2.714 2.501 2.307 2.219 2.084 1.948 1.925 1.896 1.814 1.678 1.435 1.134 0.976 0.932 0.937 0.976 1.014 1.016 0.962 0.801 0.602 0.508 0.488 0.498 0.547 0.647 0.783 0.968 1.215 1.384 1.424 1.336 0.991 0.601 0.442 0.406 0.403 0.412
9.868 10.606 10.874 10.995 11.088 11.457 11.962 12.413 12.790 13.427 14.033 14.143 14.374 14.692 14.960 14.960 15.073 15.093 15.367 15.640 15.870 15.830 15.469 14.495 13.080 11.524 9.677 7.510 5.382 3.776 2.983 2.644 2.554 2.560 2.595 2.641 2.638 2.575 2.545 2.471 2.351 2.197 2.070 1.947 1.781 1.728 1.707 1.611 1.438 1.221 1.033 0.941 0.920 0.929 0.965 0.985 0.979 0.929 0.789 0.631 0.567 0.561 0.578 0.623 0.717 0.867 1.057 1.209 1.292 1.324 1.256 0.967 0.638 0.497 0.463 0.459 0.459
10.977 11.520 11.796 11.904 12.070 12.597 13.216 13.905 14.668 15.858 17.259 18.095 18.376 18.407 18.369 18.116 18.287 18.300 18.394 18.290 18.259 18.071 17.408 16.642 15.761 15.158 14.596 13.917 12.504 10.174 7.861 5.863 4.517 3.676 3.090 2.726 2.560 2.387 2.267 2.186 2.132 2.067 1.928 1.774 1.637 1.552 1.495 1.414 1.265 1.091 0.981 0.934 0.922 0.928 0.951 0.956 0.945 0.900 0.783 0.672 0.642 0.651 0.685 0.733 0.811 0.947 1.118 1.214 1.235 1.218 1.140 0.917 0.672 0.567 0.536 0.524 0.509
11.471 12.000 12.326 12.506 12.706 13.070 13.528 14.144 15.056 16.497 18.407 19.681 19.889 19.918 19.678 19.279 19.028 18.901 18.942 18.959 18.876 18.532 17.560 16.787 16.111 15.828 15.697 15.789 15.748 15.374 14.445 13.157 11.787 10.324 8.666 6.513 4.333 2.905 2.283 2.049 1.905 1.798 1.694 1.547 1.426 1.343 1.280 1.214 1.119 1.012 0.958 0.941 0.936 0.938 0.948 0.949 0.932 0.881 0.781 0.718 0.714 0.753 0.818 0.869 0.927 1.031 1.164 1.236 1.240 1.154 1.002 0.833 0.689 0.628 0.610 0.590 0.552
11.432 12.009 12.438 12.752 12.933 13.156 13.442 13.743 14.504 15.993 18.197 19.756 19.997 20.143 19.749 19.305 18.976 18.775 18.593 18.610 18.581 18.175 17.084 16.325 15.785 15.481 15.348 15.428 15.466 15.514 15.241 14.906 14.858 14.884 14.516 13.230 10.756 7.611 4.697 2.921 2.093 1.741 1.589 1.484 1.387 1.287 1.179 1.102 1.035 0.977 0.952 0.951 0.955 0.956 0.957 0.952 0.929 0.871 0.791 0.759 0.772 0.846 0.951 1.009 1.057 1.136 1.237 1.285 1.246 1.066 0.857 0.733 0.675 0.657 0.656 0.640 0.588
11.037 11.675 12.214 12.530 12.779 12.918 13.087 13.082 13.464 14.591 16.715 18.644 19.109 19.256 18.790 18.127 17.509 16.971 16.811 16.901 16.909 16.510 15.396 14.719 14.183 13.668 13.287 13.172 13.180 13.293 13.484 13.769 14.282 14.667 14.606 13.990 12.960 11.461 9.156 6.523 4.296 3.011 2.441 2.238 2.094 1.843 1.445 1.171 1.043 0.985 0.966 0.971 0.980 0.981 0.977 0.964 0.931 0.867 0.812 0.799 0.826 0.926 1.071 1.154 1.214 1.293 1.361 1.345 1.173 0.910 0.724 0.656 0.644 0.657 0.673 0.670 0.626
9.675 10.349 11.088 11.498 11.885 12.000 12.109 12.129 12.419 13.296 14.940 16.269 16.665 16.677 16.173 15.373 14.617 14.014 13.712 13.615 13.504 12.913 11.742 10.979 10.336 9.723 9.287 9.092 9.078 9.322 10.019 11.028 12.185 12.827 12.868 12.532 11.940 11.051 9.643 7.912 6.062 4.611 3.943 3.895 4.015 3.744 2.985 2.101 1.495 1.199 1.079 1.045 1.034 1.020 1.004 0.978 0.935 0.878 0.845 0.843 0.882 1.003 1.194 1.332 1.424 1.495 1.503 1.338 0.998 0.749 0.635 0.601 0.605 0.638 0.678 0.685 0.664
7.190 7.937 8.826 9.542 10.085 10.336 10.500 10.653 11.048 11.898 12.887 13.274 13.193 12.971 12.465 11.726 11.029 10.486 9.930 9.292 8.522 7.348 6.071 5.326 4.996 4.880 5.038 5.365 5.794 6.390 7.170 8.086 9.213 9.999 10.262 10.223 9.861 9.121 8.103 7.000 5.550 4.344 3.943 4.188 4.596 4.768 4.617 4.041 3.170 2.350 1.832 1.528 1.319 1.173 1.085 1.035 0.997 0.969 0.958 0.955 0.989 1.113 1.356 1.597 1.702 1.727 1.616 1.198 0.815 0.641 0.573 0.555 0.561 0.606 0.669 0.696 0.703
