AvaFrame/avaframe/data/avaSalk/Avaflow_Input_Output/slk_results/slk_ascii/slk_hflow10024.asc
ncols 296
nrows 144
xllcenter 761600.00
yllcenter 8523000.00
cellsize 12.50
NODATA_value -9999.000
[rows 68 to 101 of 144, columns 154 to 230 of 296]
0.000 0.000 0.000 0.000 0.000 0.000 0.000 0.000 0.000 0.000 0.000 0.000 0.000 0.000 0.000 0.001 0.000 0.000 0.000 0.000 0.000 0.000 0.000 0.000 0.000 0.000 0.000 0.000 0.000 0.000 0.000 0.000 0.000 0.000 0.001 0.001 0.001 0.002 0.002 0.002 0.002 0.002 0.002 0.003 0.003 0.003 0.003 0.004 0.004 0.005 0.006 0.006 0.007 0.008 0.009 0.010 0.012 0.014 0.017 0.021 0.028 0.039 0.058 0.083 0.116 0.159 0.211 0.280 0.363 0.437 0.484 0.502 0.493 0.443 0.335 0.229 0.168
0.000 0.000 0.000 0.000 0.000 0.000 0.000 0.000 0.000 0.000 0.000 0.000 0.000 0.001 0.000 0.000 0.000 0.000 0.000 0.000 0.000 0.000 0.000 0.000 0.000 0.000 0.000 0.000 0.000 0.000 0.000 0.000 0.000 0.001 0.001 0.002 0.002 0.002 0.002 0.002 0.003 0.003 0.003 0.003 0.003 0.003 0.004 0.004 0.005 0.006 0.007 0.007 0.008 0.009 0.010 0.012 0.014 0.018 0.022 0.028 0.039 0.056 0.084 0.121 0.166 0.222 0.288 0.369 0.444 0.488 0.504 0.485 0.422 0.315 0.215 0.164 0.137
0.000 0.000 0.000 0.000 0.000 0.000 0.000 0.000 0.000 0.000 0.000 0.001 0.001 0.001 0.001 0.000 0.000 0.000 0.000 0.000 0.000 0.000 0.000 0.000 0.000 0.000 0.000 0.000 0.000 0.000 0.000 0.001 0.001 0.001 0.002 0.002 0.002 0.003 0.003 0.003 0.003 0.003 0.003 0.003 0.004 0.004 0.004 0.005 0.006 0.007 0.007 0.008 0.009 0.011 0.012 0.015 0.018 0.023 0.030 0.040 0.056 0.082 0.119 0.168 0.229 0.302 0.379 0.445 0.487 0.502 0.484 0.418 0.312 0.215 0.161 0.135 0.120
0.000 0.000 0.001 0.001 0.001 0.000 0.000 0.000 0.000 0.000 0.000 0.001 0.001 0.001 0.001 0.001 0.001 0.001 0.001 0.001 0.001 0.001 0.001 0.001 0.001 0.000 0.000 0.000 0.000 0.000 0.001 0.001 0.001 0.002 0.002 0.003 0.003 0.003 0.003 0.003 0.003 0.003 0.004 0.004 0.004 0.005 0.005 0.006 0.007 0.008 0.009 0.010 0.012 0.013 0.015 0.018 0.023 0.030 0.040 0.060 0.088 0.122 0.169 0.233 0.311 0.394 0.460 0.491 0.497 0.482 0.422 0.319 0.226 0.169 0.137 0.118 0.104
0.000 0.001 0.000 0.000 0.001 0.001 0.000 0.000 0.000 0.000 0.000 0.001 0.001 0.001 0.001 0.001 0.002 0.002 0.003 0.003 0.003 0.003 0.003 0.002 0.001 0.001 0.001 0.001 0.001 0.001 0.001 0.002 0.002 0.002 0.003 0.003 0.003 0.003 0.003 0.004 0.004 0.004 0.004 0.005 0.005 0.006 0.007 0.008 0.009 0.010 0.011 0.013 0.015 0.018 0.020 0.024 0.030 0.041 0.059 0.096 0.139 0.181 0.243 0.328 0.408 0.463 0.492 0.500 0.484 0.431 0.334 0.238 0.178 0.142 0.119 0.102 0.088
0.000 0.000 0.000 0.000 0.001 0.001 0.001 0.001 0.001 0.001 0.001 0.001 0.001 0.001 0.002 0.002 0.004 0.006 0.007 0.007 0.008 0.009 0.009 0.006 0.003 0.002 0.002 0.002 0.002 0.002 0.002 0.002 0.003 0.003 0.003 0.004 0.004 0.004 0.004 0.004 0.004 0.005 0.005 0.006 0.006 0.007 0.008 0.010 0.011 0.012 0.014 0.016 0.020 0.025 0.029 0.035 0.048 0.071 0.112 0.176 0.226 0.263 0.329 0.408 0.458 0.480 0.487 0.479 0.432 0.338 0.244 0.185 0.148 0.123 0.104 0.088 0.073
0.000 0.000 0.000 0.001 0.001 0.001 0.002 0.002 0.002 0.002 0.002 0.002 0.002 0.002 0.003 0.005 0.009 0.015 0.019 0.022 0.025 0.027 0.025 0.014 0.006 0.004 0.003 0.003 0.003 0.003 0.003 0.003 0.003 0.004 0.004 0.004 0.004 0.004 0.005 0.005 0.005 0.006 0.007 0.008 0.009 0.010 0.011 0.012 0.014 0.016 0.018 0.022 0.029 0.037 0.046 0.064 0.102 0.177 0.268 0.340 0.369 0.387 0.422 0.451 0.464 0.467 0.457 0.416 0.331 0.240 0.186 0.152 0.128 0.108 0.091 0.076 0.062
0.000 0.000 0.001 0.001 0.001 0.003 0.004 0.004 0.004 0.004 0.004 0.004 0.004 0.004 0.007 0.012 0.025 0.048 0.070 0.084 0.091 0.091 0.076 0.037 0.014 0.009 0.007 0.007 0.006 0.006 0.005 0.005 0.005 0.005 0.005 0.005 0.005 0.005 0.005 0.006 0.006 0.007 0.009 0.010 0.011 0.012 0.014 0.015 0.017 0.020 0.024 0.031 0.043 0.060 0.086 0.139 0.234 0.326 0.377 0.400 0.414 0.441 0.466 0.469 0.459 0.442 0.398 0.324 0.244 0.189 0.156 0.132 0.112 0.094 0.079 0.064 0.052
0.001 0.001 0.001 0.002 0.003 0.006 0.011 0.013 0.012 0.009 0.008 0.008 0.009 0.011 0.019 0.040 0.088 0.163 0.223 0.258 0.274 0.270 0.219 0.108 0.036 0.020 0.017 0.015 0.014 0.013 0.011 0.009 0.008 0.007 0.006 0.006 0.006 0.006 0.006 0.007 0.008 0.009 0.012 0.014 0.015 0.016 0.017 0.018 0.021 0.025 0.032 0.045 0.067 0.104 0.173 0.258 0.323 0.348 0.360 0.366 0.383 0.424 0.461 0.462 0.435 0.393 0.319 0.247 0.201 0.168 0.141 0.116 0.097 0.080 0.065 0.052 0.043
0.002 0.003 0.003 0.004 0.008 0.020 0.044 0.054 0.049 0.031 0.024 0.025 0.028 0.040 0.075 0.141 0.241 0.370 0.486 0.565 0.615 0.622 0.534 0.315 0.119 0.054 0.044 0.043 0.043 0.041 0.036 0.029 0.022 0.017 0.011 0.009 0.008 0.007 0.008 0.008 0.010 0.012 0.016 0.020 0.021 0.021 0.022 0.023 0.027 0.034 0.046 0.069 0.110 0.183 0.267 0.314 0.319 0.302 0.290 0.303 0.341 0.397 0.440 0.435 0.382 0.307 0.240 0.202 0.181 0.162 0.139 0.110 0.083 0.065 0.052 0.042 0.035
0.006 0.007 0.008 0.012 0.028 0.097 0.209 0.254 0.236 0.162 0.122 0.120 0.142 0.196 0.281 0.383 0.497 0.658 0.864 1.023 1.108 1.121 1.030 0.758 0.363 0.169 0.129 0.127 0.137 0.153 0.154 0.140 0.113 0.081 0.048 0.023 0.014 0.011 0.010 0.011 0.012 0.015 0.019 0.022 0.025 0.027 0.028 0.030 0.036 0.049 0.071 0.111 0.179 0.252 0.292 0.302 0.291 0.277 0.282 0.312 0.349 0.401 0.424 0.391 0.315 0.242 0.197 0.178 0.170 0.161 0.143 0.114 0.078 0.055 0.043 0.036 0.032
0.018 0.023 0.032 0.055 0.142 0.351 0.556 0.632 0.604 0.505 0.464 0.477 0.522 0.595 0.693 0.776 0.870 1.070 1.415 1.661 1.710 1.650 1.551 1.286 0.723 0.405 0.324 0.322 0.360 0.439 0.495 0.511 0.487 0.426 0.314 0.170 0.071 0.028 0.016 0.014 0.015 0.018 0.021 0.024 0.027 0.032 0.036 0.042 0.054 0.076 0.115 0.178 0.242 0.278 0.288 0.287 0.281 0.284 0.306 0.337 0.353 0.385 0.391 0.345 0.268 0.211 0.177 0.163 0.162 0.160 0.151 0.126 0.084 0.053 0.039 0.033 0.030
0.075 0.116 0.199 0.349 0.597 0.872 1.049 1.113 1.102 1.068 1.095 1.142 1.161 1.184 1.224 1.251 1.343 1.630 2.032 2.227 2.218 2.122 1.973 1.591 0.939 0.660 0.623 0.665 0.779 0.960 1.127 1.235 1.275 1.242 1.070 0.752 0.409 0.182 0.063 0.023 0.020 0.021 0.024 0.027 0.031 0.038 0.048 0.061 0.082 0.120 0.179 0.238 0.272 0.284 0.286 0.286 0.289 0.307 0.333 0.345 0.342 0.348 0.340 0.299 0.233 0.184 0.155 0.144 0.146 0.155 0.157 0.144 0.102 0.059 0.040 0.034 0.031
0.485 0.642 0.926 1.300 1.619 1.779 1.825 1.825 1.835 1.878 1.924 1.941 1.885 1.834 1.822 1.841 1.956 2.236 2.500 2.603 2.613 2.525 2.273 1.683 1.077 0.910 0.962 1.139 1.406 1.724 2.014 2.259 2.378 2.378 2.208 1.800 1.242 0.720 0.328 0.104 0.032 0.027 0.028 0.031 0.038 0.050 0.066 0.090 0.127 0.183 0.237 0.270 0.284 0.288 0.289 0.293 0.310 0.331 0.341 0.339 0.323 0.302 0.281 0.248 0.198 0.153 0.125 0.115 0.119 0.139 0.159 0.159 0.130 0.075 0.047 0.037 0.033
1.738 1.968 2.393 2.867 3.114 3.120 2.971 2.862 2.866 2.856 2.807 2.747 2.625 2.519 2.489 2.527 2.643 2.790 2.884 2.917 2.891 2.802 2.419 1.680 1.258 1.218 1.377 1.729 2.198 2.695 3.128 3.476 3.642 3.694 3.566 3.148 2.469 1.695 1.001 0.461 0.153 0.053 0.037 0.040 0.051 0.069 0.095 0.132 0.185 0.237 0.267 0.283 0.290 0.293 0.297 0.310 0.328 0.337 0.336 0.322 0.300 0.269 0.237 0.202 0.158 0.117 0.092 0.083 0.087 0.112 0.154 0.169 0.157 0.103 0.060 0.046 0.039
3.616 3.833 4.091 4.318 4.404 4.381 4.256 4.169 4.107 3.902 3.684 3.529 3.400 3.284 3.243 3.285 3.354 3.363 3.280 3.167 3.055 2.931 2.406 1.729 1.539 1.637 1.936 2.448 3.125 3.735 4.207 4.567 4.763 4.883 4.847 4.541 3.839 2.903 2.038 1.258 0.637 0.280 0.121 0.064 0.072 0.097 0.137 0.185 0.233 0.263 0.281 0.291 0.299 0.305 0.315 0.329 0.335 0.332 0.322 0.301 0.273 0.238 0.199 0.157 0.115 0.081 0.061 0.055 0.060 0.081 0.137 0.174 0.174 0.133 0.081 0.060 0.048
5.046 5.204 5.322 5.374 5.394 5.381 5.373 5.383 5.286 4.926 4.595 4.370 4.265 4.191 4.120 4.144 4.136 3.964 3.619 3.347 3.170 2.945 2.362 1.940 1.941 2.187 2.638 3.267 4.024 4.651 5.115 5.459 5.651 5.755 5.809 5.624 5.045 4.204 3.336 2.459 1.614 0.987 0.580 0.294 0.142 0.137 0.189 0.230 0.258 0.277 0.290 0.301 0.312 0.322 0.331 0.333 0.331 0.321 0.303 0.276 0.241 0.199 0.155 0.114 0.080 0.054 0.039 0.035 0.040 0.060 0.122 0.175 0.182 0.157 0.108 0.077 0.055
6.041 6.112 6.161 6.197 6.235 6.256 6.313 6.328 6.283 5.934 5.635 5.389 5.332 5.284 5.264 5.172 4.899 4.424 3.814 3.454 3.222 2.903 2.479 2.355 2.504 2.877 3.439 4.109 4.812 5.435 5.905 6.212 6.369 6.400 6.449 6.318 5.912 5.328 4.625 3.852 2.910 2.106 1.572 1.093 0.595 0.253 0.219 0.259 0.275 0.287 0.300 0.315 0.329 0.334 0.333 0.327 0.320 0.306 0.281 0.243 0.201 0.157 0.118 0.084 0.057 0.038 0.028 0.026 0.032 0.054 0.122 0.175 0.183 0.166 0.122 0.083 0.055
6.943 6.963 6.979 7.008 7.062 7.146 7.239 7.281 7.257 7.029 6.845 6.685 6.640 6.548 6.351 5.939 5.359 4.633 3.904 3.481 3.194 2.969 2.830 2.936 3.260 3.744 4.346 4.963 5.552 6.106 6.597 6.869 6.951 6.952 6.917 6.775 6.473 6.110 5.555 4.908 3.949 3.070 2.580 2.238 1.700 0.862 0.314 0.268 0.290 0.298 0.311 0.332 0.342 0.340 0.328 0.312 0.299 0.282 0.248 0.205 0.165 0.129 0.097 0.068 0.046 0.032 0.026 0.026 0.032 0.063 0.135 0.177 0.181 0.164 0.121 0.079 0.051
7.745 7.766 7.785 7.810 7.871 7.999 8.127 8.201 8.237 8.202 8.094 7.974 7.836 7.603 7.020 6.361 5.549 4.649 3.928 3.452 3.221 3.208 3.367 3.712 4.232 4.820 5.383 5.854 6.316 6.751 7.209 7.437 7.431 7.429 7.312 7.150 6.870 6.538 6.077 5.478 4.610 3.761 3.254 2.993 2.748 2.079 0.887 0.309 0.296 0.305 0.319 0.343 0.349 0.339 0.311 0.280 0.263 0.246 0.216 0.178 0.142 0.110 0.082 0.060 0.042 0.032 0.028 0.030 0.043 0.087 0.154 0.180 0.179 0.155 0.107 0.067 0.042
8.442 8.482 8.524 8.566 8.638 8.735 8.879 9.028 9.125 9.118 9.069 9.003 8.728 8.201 7.294 6.496 5.539 4.614 3.976 3.570 3.487 3.700 4.145 4.775 5.445 6.055 6.497 6.835 7.175 7.476 7.788 7.950 7.851 7.820 7.704 7.488 7.145 6.755 6.263 5.628 4.910 4.211 3.703 3.435 3.284 3.092 2.092 0.641 0.280 0.311 0.330 0.349 0.351 0.325 0.270 0.233 0.223 0.218 0.201 0.171 0.132 0.094 0.068 0.051 0.040 0.035 0.034 0.041 0.067 0.124 0.171 0.183 0.174 0.135 0.084 0.051 0.033
9.155 9.140 9.175 9.166 9.189 9.269 9.381 9.558 9.769 9.908 9.940 9.823 9.260 8.373 7.310 6.438 5.462 4.698 4.218 3.997 4.078 4.492 5.217 6.053 6.697 7.196 7.547 7.871 8.208 8.368 8.428 8.454 8.282 8.256 8.059 7.731 7.335 6.914 6.334 5.642 4.954 4.374 3.943 3.664 3.497 3.398 3.079 1.645 0.447 0.292 0.338 0.345 0.332 0.282 0.220 0.198 0.199 0.204 0.198 0.173 0.125 0.078 0.052 0.041 0.037 0.038 0.044 0.061 0.107 0.160 0.182 0.185 0.156 0.101 0.060 0.038 0.027
9.939 9.687 9.628 9.625 9.629 9.667 9.807 10.046 10.372 10.548 10.562 10.191 9.384 8.274 7.034 6.122 5.410 4.959 4.792 4.779 5.013 5.584 6.430 7.155 7.738 8.138 8.501 8.873 9.242 9.258 9.224 9.136 8.978 8.849 8.461 7.929 7.525 7.032 6.399 5.631 4.891 4.348 3.982 3.699 3.513 3.352 3.180 2.527 1.171 0.394 0.325 0.328 0.284 0.227 0.188 0.182 0.193 0.205 0.203 0.176 0.113 0.061 0.041 0.035 0.034 0.037 0.048 0.081 0.147 0.186 0.192 0.178 0.123 0.068 0.042 0.029 0.024
10.557 10.049 9.965 9.930 9.959 9.984 10.167 10.452 10.816 10.992 10.897 10.256 9.202 7.890 6.741 6.088 5.727 5.620 5.687 5.883 6.258 6.809 7.520 8.044 8.586 8.900 9.347 9.774 10.044 10.106 10.112 9.818 9.656 9.383 8.895 8.257 7.742 7.152 6.494 5.676 4.817 4.202 3.882 3.638 3.377 3.120 2.923 2.593 1.780 0.782 0.344 0.272 0.223 0.183 0.167 0.170 0.192 0.215 0.216 0.182 0.102 0.050 0.036 0.034 0.034 0.036 0.047 0.087 0.164 0.202 0.201 0.176 0.111 0.058 0.035 0.025 0.022
10.692 10.098 10.083 10.089 10.184 10.239 10.380 10.721 11.060 11.184 10.866 10.065 8.887 7.739 6.860 6.518 6.478 6.695 6.927 7.248 7.597 7.947 8.433 8.841 9.295 9.585 10.130 10.572 10.665 10.709 10.690 10.318 10.038 9.687 9.228 8.725 8.119 7.370 6.659 5.816 4.914 4.081 3.604 3.351 3.051 2.734 2.507 2.280 1.869 1.149 0.494 0.231 0.176 0.152 0.148 0.157 0.190 0.229 0.238 0.197 0.100 0.047 0.036 0.036 0.037 0.036 0.044 0.082 0.160 0.205 0.208 0.181 0.115 0.060 0.035 0.025 0.021
10.608 10.092 10.130 10.249 10.404 10.420 10.537 10.861 11.038 11.044 10.596 9.813 8.747 8.032 7.681 7.625 7.769 8.091 8.306 8.522 8.756 9.012 9.300 9.589 9.941 10.247 10.782 11.122 11.143 11.169 10.966 10.613 10.264 9.871 9.474 9.072 8.553 7.733 6.937 6.062 5.144 4.131 3.387 2.912 2.567 2.266 2.011 1.799 1.591 1.261 0.715 0.297 0.161 0.135 0.132 0.141 0.181 0.233 0.245 0.209 0.111 0.054 0.040 0.040 0.041 0.040 0.044 0.068 0.136 0.194 0.206 0.189 0.129 0.070 0.042 0.028 0.022
10.291 10.130 10.189 10.377 10.369 10.387 10.513 10.686 10.743 10.648 10.322 9.812 9.222 9.134 9.224 9.144 9.226 9.401 9.406 9.573 9.705 10.014 10.212 10.382 10.580 10.808 11.281 11.579 11.591 11.608 11.191 10.705 10.418 10.090 9.726 9.344 8.911 8.145 7.287 6.377 5.347 4.233 3.400 2.761 2.223 1.884 1.608 1.335 1.167 1.063 0.808 0.409 0.184 0.136 0.130 0.137 0.170 0.224 0.240 0.216 0.137 0.084 0.065 0.054 0.047 0.047 0.049 0.060 0.102 0.167 0.195 0.189 0.148 0.091 0.058 0.038 0.027
10.024 10.110 10.209 10.391 10.202 10.105 10.124 10.137 10.139 10.218 10.198 10.147 9.988 10.190 10.365 10.319 10.267 10.393 10.282 10.392 10.415 10.699 10.972 11.096 11.200 11.217 11.624 11.958 11.990 11.909 11.451 10.902 10.597 10.360 9.982 9.731 9.350 8.650 7.652 6.668 5.471 4.328 3.442 2.740 2.116 1.680 1.355 1.054 0.889 0.827 0.744 0.514 0.270 0.192 0.189 0.190 0.203 0.237 0.256 0.262 0.271 0.270 0.257 0.195 0.097 0.060 0.058 0.063 0.083 0.132 0.170 0.177 0.161 0.119 0.082 0.055 0.036
9.709 9.978 10.120 10.164 9.942 9.703 9.617 9.660 9.716 9.899 10.158 10.528 10.754 10.966 11.021 11.039 10.902 10.968 10.848 10.898 10.903 11.089 11.336 11.411 11.545 11.489 11.710 12.083 12.196 12.035 11.581 11.190 10.891 10.750 10.601 10.699 10.489 9.927 8.594 7.151 5.614 4.416 3.467 2.738 2.131 1.667 1.323 1.019 0.853 0.794 0.781 0.847 0.849 0.830 0.822 0.765 0.687 0.670 0.709 0.859 1.110 1.240 1.244 1.081 0.671 0.258 0.108 0.078 0.075 0.095 0.127 0.149 0.155 0.141 0.113 0.081 0.051
9.216 9.633 9.761 9.750 9.531 9.208 9.106 9.182 9.326 9.515 9.947 10.543 10.961 11.240 11.281 11.357 11.198 11.134 11.020 11.016 11.111 11.215 11.336 11.455 11.550 11.533 11.648 11.949 12.024 11.943 11.687 11.438 11.115 11.070 11.156 11.336 11.246 11.045 9.961 8.247 6.137 4.528 3.476 2.742 2.192 1.767 1.437 1.191 1.081 1.118 1.445 2.197 2.755 2.894 2.827 2.619 2.370 2.256 2.289 2.526 2.882 3.026 3.043 2.933 2.476 1.608 0.800 0.337 0.128 0.073 0.085 0.108 0.135 0.144 0.134 0.108 0.073
8.554 8.999 9.132 9.158 9.004 8.735 8.575 8.490 8.641 8.900 9.453 10.256 10.900 11.248 11.249 11.331 11.123 11.000 10.899 10.916 11.097 11.194 11.113 11.203 11.228 11.192 11.285 11.364 11.438 11.503 11.386 11.256 11.018 11.066 11.266 11.531 11.477 11.203 10.351 8.953 6.944 4.883 3.463 2.740 2.286 1.965 1.717 1.600 1.678 2.061 2.832 3.884 4.608 4.901 4.949 4.844 4.673 4.572 4.538 4.628 4.780 4.808 4.837 4.764 4.663 4.116 2.957 1.599 0.623 0.175 0.070 0.076 0.105 0.132 0.136 0.124 0.097
7.703 8.125 8.306 8.318 8.230 8.073 7.952 7.692 7.673 7.812 8.339 9.260 10.108 10.571 10.573 10.600 10.432 10.324 10.362 10.422 10.477 10.601 10.524 10.437 10.485 10.232 9.964 9.769 9.709 9.713 9.752 9.840 10.066 10.390 10.673 10.800 10.716 10.520 9.963 8.830 7.112 5.065 3.434 2.671 2.335 2.164 2.079 2.089 2.328 2.956 3.865 4.880 5.634 6.091 6.319 6.452 6.536 6.614 6.640 6.640 6.626 6.579 6.651 6.482 6.346 6.006 5.016 3.273 1.577 0.553 0.141 0.065 0.076 0.103 0.123 0.125 0.112
6.508 6.767 6.922 7.053 7.116 7.050 6.918 6.680 6.600 6.647 7.019 7.753 8.358 8.660 8.670 8.636 8.507 8.437 8.497 8.464 8.508 8.545 8.577 8.360 8.239 7.917 7.392 7.036 6.815 6.623 6.669 6.982 7.751 8.401 8.618 8.615 8.603 8.491 8.137 7.388 6.327 4.781 3.210 2.469 2.277 2.222 2.300 2.490 2.860 3.565 4.570 5.664 6.529 7.114 7.544 7.920 8.213 8.501 8.609 8.716 8.685 8.554 8.613 8.416 8.063 7.461 6.362 4.479 2.482 1.179 0.423 0.124 0.069 0.079 0.099 0.114 0.115
4.421 4.513 4.660 4.991 5.166 5.159 5.066 4.985 4.981 5.144 5.421 5.749 5.925 5.919 5.844 5.796 5.741 5.744 5.695 5.516 5.433 5.282 5.039 4.728 4.488 4.292 4.029 3.804 3.661 3.654 3.805 4.158 4.889 5.482 5.747 5.809 5.774 5.492 5.277 5.059 4.492 3.251 2.247 1.974 2.028 2.156 2.396 2.784 3.335 4.144 5.278 6.455 7.454 8.206 8.885 9.375 9.881 10.248 10.365 10.674 10.739 10.726 10.571 10.267 9.829 9.116 7.698 5.595 3.513 2.075 1.053 0.419 0.145 0.086 0.094 0.108 0.118
