AvaFrame/avaframe/data/avaSalk/Avaflow_Input_Output/slk_results/slk_ascii/slk_hflow10011.asc
ncols 296
nrows 144
xllcenter 761600.00
yllcenter 8523000.00
cellsize 12.50
NODATA_value -9999.000
[rows 68 to 101 of 144, columns 154 to 230 of 296]
0.000 0.000 0.000 0.000 0.000 0.000 0.000 0.000 0.000 0.000 0.000 0.000 0.000 0.000 0.000 0.001 0.001 0.001 0.001 0.001 0.001 0.002 0.002 0.002 0.002 0.002 0.002 0.002 0.003 0.003 0.004 0.005 0.005 0.006 0.007 0.008 0.008 0.009 0.010 0.012 0.013 0.014 0.015 0.015 0.016 0.017 0.017 0.019 0.021 0.024 0.026 0.029 0.031 0.035 0.039 0.045 0.053 0.063 0.077 0.096 0.124 0.169 0.236 0.327 0.448 0.595 0.738 0.847 0.922 0.964 0.985 0.973 0.928 0.807 0.627 0.479 0.391
0.000 0.000 0.000 0.000 0.000 0.000 0.000 0.000 0.000 0.000 0.000 0.000 0.000 0.001 0.001 0.001 0.001 0.001 0.001 0.001 0.001 0.002 0.002 0.003 0.003 0.002 0.002 0.003 0.003 0.004 0.005 0.006 0.006 0.007 0.008 0.009 0.010 0.011 0.012 0.013 0.014 0.015 0.016 0.016 0.017 0.018 0.019 0.021 0.023 0.027 0.030 0.033 0.037 0.041 0.046 0.054 0.065 0.080 0.100 0.129 0.172 0.237 0.331 0.456 0.612 0.754 0.856 0.927 0.973 0.992 0.981 0.921 0.788 0.613 0.465 0.385 0.339
0.000 0.000 0.000 0.000 0.000 0.000 0.000 0.000 0.000 0.000 0.000 0.001 0.001 0.001 0.001 0.001 0.001 0.001 0.001 0.002 0.002 0.002 0.003 0.003 0.003 0.003 0.003 0.003 0.004 0.005 0.006 0.007 0.007 0.008 0.009 0.011 0.012 0.013 0.014 0.015 0.015 0.016 0.017 0.017 0.018 0.019 0.021 0.023 0.026 0.030 0.034 0.038 0.043 0.048 0.056 0.067 0.083 0.104 0.134 0.178 0.241 0.332 0.456 0.616 0.774 0.889 0.950 0.978 0.990 0.985 0.925 0.791 0.617 0.473 0.386 0.337 0.307
0.000 0.000 0.001 0.001 0.001 0.001 0.001 0.000 0.000 0.000 0.000 0.001 0.001 0.001 0.001 0.001 0.001 0.002 0.002 0.002 0.002 0.003 0.004 0.004 0.004 0.004 0.004 0.004 0.005 0.006 0.007 0.008 0.009 0.010 0.011 0.012 0.013 0.014 0.015 0.016 0.017 0.018 0.018 0.019 0.020 0.022 0.025 0.027 0.031 0.035 0.039 0.045 0.051 0.060 0.070 0.084 0.106 0.137 0.180 0.252 0.351 0.468 0.625 0.784 0.897 0.971 1.005 1.001 0.978 0.925 0.802 0.630 0.490 0.400 0.344 0.307 0.277
0.000 0.001 0.001 0.001 0.001 0.001 0.001 0.001 0.001 0.001 0.001 0.001 0.001 0.001 0.001 0.002 0.002 0.002 0.003 0.003 0.003 0.004 0.005 0.005 0.005 0.005 0.005 0.006 0.006 0.007 0.008 0.009 0.010 0.011 0.013 0.014 0.015 0.016 0.017 0.018 0.019 0.020 0.021 0.022 0.023 0.026 0.029 0.033 0.037 0.042 0.047 0.054 0.064 0.076 0.090 0.109 0.138 0.181 0.248 0.375 0.513 0.646 0.802 0.913 0.970 0.991 1.007 0.995 0.931 0.815 0.656 0.510 0.416 0.355 0.312 0.277 0.243
0.000 0.001 0.001 0.001 0.001 0.001 0.001 0.001 0.001 0.001 0.001 0.001 0.001 0.001 0.002 0.002 0.003 0.004 0.004 0.004 0.005 0.006 0.006 0.006 0.007 0.007 0.007 0.007 0.008 0.009 0.010 0.011 0.012 0.013 0.014 0.016 0.017 0.018 0.018 0.019 0.021 0.022 0.024 0.025 0.028 0.031 0.035 0.040 0.045 0.051 0.058 0.068 0.082 0.100 0.118 0.146 0.192 0.263 0.388 0.603 0.757 0.854 0.921 0.964 0.979 0.981 0.974 0.930 0.817 0.656 0.517 0.426 0.365 0.319 0.281 0.246 0.210
0.001 0.001 0.001 0.001 0.001 0.002 0.002 0.002 0.002 0.002 0.002 0.002 0.002 0.002 0.003 0.004 0.006 0.007 0.008 0.008 0.008 0.008 0.009 0.008 0.008 0.008 0.008 0.009 0.010 0.011 0.012 0.013 0.014 0.015 0.016 0.018 0.019 0.020 0.021 0.022 0.023 0.025 0.028 0.031 0.034 0.039 0.043 0.048 0.054 0.062 0.071 0.086 0.108 0.133 0.164 0.215 0.305 0.467 0.696 0.915 1.004 1.021 0.999 0.977 0.961 0.941 0.898 0.802 0.651 0.513 0.425 0.368 0.324 0.287 0.251 0.215 0.180
0.001 0.001 0.001 0.002 0.002 0.003 0.004 0.005 0.004 0.004 0.004 0.004 0.004 0.004 0.005 0.008 0.012 0.015 0.016 0.016 0.015 0.015 0.012 0.011 0.011 0.011 0.011 0.011 0.012 0.013 0.014 0.015 0.016 0.017 0.019 0.020 0.021 0.022 0.023 0.025 0.026 0.029 0.033 0.038 0.043 0.048 0.053 0.058 0.065 0.075 0.090 0.112 0.145 0.189 0.251 0.360 0.565 0.787 0.942 1.014 1.039 1.045 1.029 0.984 0.935 0.884 0.788 0.654 0.524 0.435 0.377 0.333 0.294 0.256 0.220 0.184 0.153
0.002 0.002 0.002 0.003 0.004 0.007 0.010 0.010 0.010 0.008 0.007 0.007 0.007 0.008 0.010 0.016 0.027 0.036 0.039 0.039 0.037 0.032 0.022 0.017 0.016 0.016 0.016 0.016 0.015 0.016 0.016 0.017 0.018 0.019 0.021 0.022 0.024 0.025 0.026 0.028 0.031 0.036 0.043 0.050 0.055 0.059 0.064 0.069 0.079 0.093 0.116 0.151 0.207 0.298 0.452 0.652 0.826 0.910 0.943 0.953 0.955 0.982 1.005 0.964 0.878 0.782 0.650 0.527 0.449 0.394 0.347 0.303 0.263 0.223 0.185 0.152 0.128
0.005 0.005 0.005 0.005 0.009 0.017 0.026 0.029 0.026 0.019 0.015 0.015 0.015 0.018 0.025 0.038 0.059 0.076 0.085 0.088 0.087 0.076 0.049 0.029 0.025 0.025 0.025 0.025 0.023 0.022 0.021 0.020 0.021 0.022 0.023 0.025 0.027 0.028 0.030 0.033 0.038 0.045 0.057 0.066 0.072 0.075 0.077 0.083 0.097 0.121 0.158 0.218 0.326 0.511 0.719 0.842 0.869 0.854 0.831 0.821 0.833 0.877 0.931 0.898 0.769 0.628 0.514 0.445 0.404 0.368 0.325 0.273 0.223 0.184 0.151 0.124 0.109
0.010 0.010 0.010 0.013 0.021 0.049 0.082 0.092 0.083 0.056 0.042 0.040 0.043 0.052 0.069 0.091 0.114 0.135 0.156 0.169 0.172 0.159 0.109 0.060 0.046 0.045 0.045 0.045 0.044 0.040 0.035 0.031 0.028 0.027 0.027 0.028 0.030 0.033 0.036 0.040 0.047 0.056 0.067 0.076 0.084 0.090 0.095 0.105 0.127 0.166 0.230 0.336 0.505 0.679 0.790 0.828 0.816 0.789 0.786 0.803 0.809 0.840 0.864 0.798 0.645 0.518 0.443 0.406 0.384 0.358 0.319 0.264 0.198 0.153 0.126 0.107 0.098
0.023 0.024 0.028 0.036 0.067 0.140 0.208 0.228 0.213 0.168 0.144 0.141 0.146 0.157 0.174 0.190 0.203 0.225 0.261 0.290 0.298 0.279 0.205 0.116 0.083 0.080 0.083 0.091 0.096 0.095 0.087 0.073 0.058 0.045 0.035 0.033 0.035 0.038 0.043 0.049 0.057 0.066 0.074 0.082 0.092 0.104 0.118 0.138 0.177 0.243 0.349 0.506 0.653 0.734 0.769 0.781 0.786 0.791 0.796 0.800 0.779 0.788 0.782 0.692 0.551 0.455 0.403 0.380 0.369 0.353 0.321 0.268 0.195 0.141 0.113 0.099 0.093
0.075 0.084 0.104 0.149 0.243 0.358 0.430 0.450 0.438 0.403 0.384 0.376 0.363 0.350 0.346 0.345 0.347 0.369 0.418 0.465 0.477 0.443 0.328 0.186 0.130 0.127 0.143 0.173 0.200 0.216 0.220 0.208 0.180 0.134 0.074 0.045 0.042 0.045 0.051 0.060 0.069 0.076 0.083 0.090 0.102 0.122 0.151 0.191 0.256 0.364 0.513 0.653 0.731 0.760 0.771 0.784 0.794 0.797 0.795 0.782 0.742 0.715 0.681 0.596 0.478 0.401 0.359 0.345 0.347 0.346 0.326 0.283 0.206 0.141 0.111 0.098 0.091
0.378 0.406 0.473 0.593 0.742 0.824 0.830 0.807 0.793 0.775 0.761 0.730 0.674 0.613 0.583 0.579 0.583 0.601 0.642 0.687 0.697 0.629 0.433 0.243 0.183 0.188 0.229 0.299 0.367 0.423 0.465 0.488 0.478 0.412 0.261 0.115 0.064 0.057 0.062 0.072 0.080 0.087 0.094 0.104 0.123 0.155 0.203 0.271 0.377 0.520 0.653 0.731 0.766 0.782 0.790 0.796 0.799 0.795 0.781 0.750 0.691 0.628 0.570 0.498 0.408 0.343 0.306 0.298 0.312 0.334 0.332 0.305 0.230 0.152 0.117 0.102 0.094
1.301 1.315 1.380 1.518 1.621 1.616 1.508 1.392 1.330 1.282 1.229 1.150 1.046 0.944 0.901 0.909 0.922 0.918 0.907 0.898 0.871 0.758 0.492 0.295 0.254 0.280 0.359 0.478 0.602 0.715 0.819 0.907 0.953 0.928 0.753 0.436 0.199 0.107 0.083 0.086 0.093 0.100 0.111 0.129 0.161 0.210 0.283 0.388 0.527 0.655 0.733 0.773 0.792 0.799 0.802 0.799 0.792 0.781 0.753 0.699 0.626 0.550 0.484 0.416 0.341 0.283 0.252 0.245 0.263 0.314 0.339 0.331 0.268 0.175 0.130 0.113 0.102
2.817 2.754 2.727 2.742 2.731 2.642 2.472 2.284 2.116 1.954 1.789 1.645 1.506 1.387 1.333 1.331 1.333 1.293 1.201 1.094 0.991 0.821 0.528 0.369 0.364 0.434 0.566 0.736 0.921 1.100 1.273 1.429 1.558 1.625 1.549 1.193 0.697 0.355 0.180 0.117 0.111 0.119 0.137 0.169 0.220 0.294 0.397 0.530 0.651 0.730 0.775 0.798 0.809 0.812 0.806 0.798 0.782 0.753 0.705 0.638 0.560 0.487 0.415 0.345 0.275 0.222 0.195 0.189 0.206 0.281 0.348 0.358 0.313 0.207 0.150 0.129 0.116
4.248 4.133 4.050 3.988 3.918 3.789 3.620 3.394 3.126 2.794 2.488 2.272 2.116 1.997 1.922 1.886 1.855 1.754 1.505 1.268 1.084 0.850 0.594 0.505 0.543 0.679 0.877 1.104 1.352 1.610 1.859 2.082 2.280 2.437 2.480 2.260 1.696 1.082 0.583 0.261 0.153 0.151 0.179 0.233 0.312 0.424 0.545 0.650 0.726 0.772 0.796 0.811 0.818 0.817 0.804 0.786 0.758 0.712 0.648 0.572 0.495 0.420 0.344 0.272 0.207 0.159 0.135 0.130 0.146 0.231 0.351 0.383 0.348 0.243 0.178 0.151 0.126
5.400 5.307 5.228 5.153 5.067 4.945 4.778 4.548 4.224 3.768 3.366 3.110 2.934 2.822 2.713 2.636 2.537 2.258 1.765 1.413 1.165 0.915 0.756 0.746 0.850 1.057 1.323 1.614 1.934 2.283 2.625 2.923 3.167 3.360 3.426 3.318 2.930 2.341 1.625 0.831 0.318 0.216 0.252 0.337 0.446 0.575 0.683 0.742 0.770 0.791 0.802 0.819 0.832 0.823 0.791 0.754 0.713 0.661 0.588 0.503 0.423 0.344 0.271 0.206 0.151 0.112 0.094 0.091 0.106 0.186 0.346 0.404 0.380 0.286 0.210 0.164 0.126
6.408 6.335 6.266 6.197 6.110 5.983 5.811 5.587 5.285 4.865 4.458 4.198 4.025 3.912 3.744 3.493 3.135 2.599 1.956 1.528 1.260 1.099 1.057 1.143 1.342 1.627 1.959 2.327 2.731 3.172 3.619 3.986 4.247 4.404 4.434 4.354 4.180 3.900 3.325 2.231 0.963 0.392 0.366 0.492 0.599 0.681 0.742 0.785 0.802 0.798 0.806 0.835 0.844 0.817 0.763 0.703 0.654 0.599 0.517 0.426 0.351 0.283 0.220 0.163 0.118 0.090 0.079 0.078 0.095 0.176 0.346 0.418 0.404 0.322 0.225 0.163 0.117
7.255 7.204 7.151 7.085 6.991 6.869 6.710 6.506 6.254 5.953 5.672 5.453 5.266 5.029 4.643 4.101 3.488 2.763 2.098 1.657 1.452 1.430 1.530 1.747 2.064 2.453 2.875 3.336 3.823 4.347 4.852 5.221 5.434 5.493 5.500 5.439 5.380 5.297 4.946 4.057 2.565 1.243 0.622 0.590 0.718 0.759 0.774 0.788 0.800 0.796 0.808 0.845 0.848 0.796 0.709 0.627 0.570 0.515 0.441 0.363 0.297 0.237 0.184 0.139 0.104 0.084 0.078 0.080 0.101 0.189 0.354 0.426 0.417 0.337 0.221 0.149 0.101
7.962 7.916 7.871 7.797 7.693 7.572 7.425 7.251 7.069 6.882 6.699 6.519 6.271 5.838 5.182 4.420 3.657 2.885 2.285 1.938 1.858 1.964 2.225 2.608 3.082 3.603 4.144 4.696 5.253 5.790 6.254 6.511 6.638 6.680 6.671 6.600 6.471 6.329 5.955 5.280 4.495 3.393 2.001 0.915 0.753 0.835 0.830 0.800 0.789 0.790 0.821 0.849 0.832 0.740 0.610 0.522 0.477 0.440 0.391 0.332 0.265 0.200 0.150 0.118 0.098 0.087 0.084 0.092 0.126 0.227 0.374 0.433 0.422 0.331 0.200 0.125 0.085
8.606 8.483 8.407 8.299 8.175 8.048 7.916 7.798 7.697 7.598 7.500 7.320 6.950 6.273 5.359 4.517 3.754 3.104 2.676 2.502 2.525 2.766 3.205 3.795 4.484 5.152 5.770 6.407 7.008 7.476 7.801 7.921 7.933 7.930 7.814 7.616 7.371 7.103 6.629 6.068 5.790 5.584 4.715 2.761 1.111 0.840 0.880 0.822 0.777 0.794 0.840 0.830 0.762 0.624 0.498 0.444 0.422 0.402 0.371 0.319 0.239 0.164 0.119 0.097 0.091 0.090 0.096 0.114 0.166 0.284 0.404 0.445 0.425 0.297 0.163 0.100 0.072
9.204 8.935 8.782 8.627 8.501 8.401 8.309 8.249 8.211 8.168 8.095 7.794 7.219 6.380 5.318 4.511 3.938 3.544 3.387 3.379 3.532 3.917 4.550 5.382 6.274 7.057 7.756 8.340 8.832 9.112 9.282 9.297 9.259 9.105 8.846 8.461 8.131 7.790 7.292 6.802 6.569 6.525 6.366 5.390 2.946 1.090 0.844 0.852 0.802 0.808 0.833 0.769 0.620 0.488 0.421 0.403 0.398 0.391 0.367 0.306 0.202 0.129 0.096 0.085 0.084 0.088 0.102 0.139 0.216 0.350 0.441 0.460 0.402 0.227 0.117 0.078 0.065
9.628 9.180 8.983 8.839 8.706 8.616 8.574 8.556 8.564 8.587 8.430 7.972 7.228 6.329 5.324 4.692 4.457 4.345 4.422 4.564 4.890 5.443 6.275 7.263 8.141 8.860 9.570 10.021 10.363 10.503 10.535 10.414 10.258 9.955 9.655 9.263 8.856 8.512 8.082 7.587 7.107 6.801 6.725 6.562 5.227 2.419 0.920 0.815 0.839 0.830 0.779 0.640 0.483 0.404 0.377 0.378 0.392 0.394 0.373 0.299 0.174 0.105 0.085 0.081 0.082 0.085 0.101 0.152 0.263 0.411 0.474 0.466 0.356 0.173 0.094 0.068 0.062
9.700 9.239 9.095 8.967 8.853 8.757 8.733 8.758 8.795 8.792 8.498 7.922 7.168 6.344 5.646 5.374 5.414 5.528 5.796 6.114 6.637 7.289 8.130 8.934 9.667 10.298 10.956 11.331 11.593 11.661 11.533 11.258 10.942 10.575 10.272 10.064 9.648 9.233 8.779 8.247 7.601 6.969 6.720 6.651 6.244 4.233 1.675 0.823 0.814 0.802 0.683 0.507 0.395 0.352 0.346 0.362 0.392 0.403 0.389 0.307 0.169 0.099 0.083 0.083 0.084 0.083 0.095 0.150 0.286 0.444 0.490 0.460 0.329 0.164 0.092 0.067 0.061
9.606 9.187 9.075 8.969 8.897 8.831 8.823 8.845 8.836 8.714 8.446 7.909 7.274 6.772 6.561 6.631 6.875 7.158 7.525 7.922 8.476 9.038 9.697 10.256 10.877 11.356 11.986 12.365 12.541 12.550 12.216 11.864 11.466 11.096 10.773 10.702 10.325 9.837 9.341 8.757 8.032 7.188 6.690 6.479 6.217 5.180 2.898 1.222 0.770 0.711 0.590 0.426 0.340 0.315 0.317 0.345 0.391 0.411 0.402 0.322 0.179 0.106 0.089 0.090 0.091 0.088 0.092 0.140 0.278 0.439 0.487 0.456 0.324 0.174 0.102 0.073 0.064
9.363 9.141 9.068 9.005 8.925 8.825 8.795 8.813 8.766 8.593 8.430 8.066 7.822 7.880 8.142 8.421 8.705 8.943 9.140 9.496 9.943 10.496 10.990 11.350 11.778 12.153 12.719 13.049 13.135 13.167 12.693 12.280 11.971 11.602 11.346 11.247 10.858 10.375 9.821 9.154 8.340 7.454 6.780 6.255 5.754 4.984 3.500 1.756 0.857 0.608 0.482 0.367 0.308 0.293 0.298 0.329 0.382 0.405 0.397 0.331 0.205 0.136 0.114 0.107 0.101 0.098 0.100 0.131 0.248 0.409 0.468 0.446 0.334 0.197 0.125 0.089 0.072
9.046 9.053 9.014 8.971 8.847 8.691 8.633 8.595 8.550 8.513 8.639 8.785 9.000 9.385 9.782 10.023 10.191 10.308 10.399 10.685 10.962 11.444 11.864 12.154 12.399 12.627 13.116 13.441 13.502 13.471 12.992 12.616 12.423 12.067 11.915 11.767 11.479 10.967 10.296 9.484 8.556 7.614 6.846 6.167 5.371 4.455 3.332 1.999 1.016 0.579 0.429 0.345 0.303 0.292 0.298 0.325 0.372 0.395 0.390 0.342 0.269 0.248 0.239 0.214 0.159 0.121 0.119 0.139 0.222 0.361 0.425 0.422 0.352 0.235 0.160 0.116 0.086
8.682 8.848 8.850 8.788 8.617 8.414 8.350 8.274 8.305 8.353 8.790 9.462 10.066 10.568 10.872 11.028 11.187 11.192 11.258 11.426 11.632 11.962 12.320 12.534 12.788 12.934 13.285 13.555 13.674 13.583 13.179 12.905 12.781 12.574 12.667 12.686 12.655 12.198 11.256 9.990 8.767 7.702 6.807 6.003 5.149 4.229 3.175 2.144 1.237 0.663 0.443 0.377 0.370 0.409 0.429 0.442 0.465 0.480 0.489 0.530 0.676 0.844 0.905 0.858 0.635 0.325 0.182 0.168 0.215 0.306 0.361 0.376 0.351 0.281 0.207 0.151 0.108
8.177 8.436 8.487 8.423 8.246 8.038 7.995 7.938 8.024 8.229 8.780 9.699 10.636 11.217 11.494 11.565 11.647 11.565 11.665 11.759 11.971 12.225 12.457 12.574 12.835 12.983 13.258 13.493 13.569 13.504 13.246 13.017 12.883 12.850 13.043 13.260 13.367 13.095 12.334 10.975 9.279 7.764 6.692 5.815 5.013 4.207 3.275 2.403 1.611 0.999 0.727 0.743 0.994 1.227 1.302 1.302 1.285 1.289 1.365 1.603 2.029 2.350 2.485 2.475 2.180 1.496 0.758 0.347 0.238 0.261 0.286 0.316 0.328 0.305 0.253 0.191 0.135
7.517 7.821 7.910 7.882 7.748 7.575 7.566 7.562 7.660 7.961 8.606 9.648 10.755 11.408 11.670 11.738 11.761 11.624 11.732 11.856 12.071 12.303 12.397 12.479 12.670 12.840 12.931 13.031 13.138 13.129 12.982 12.831 12.751 12.897 13.188 13.440 13.479 13.221 12.666 11.565 9.919 7.946 6.535 5.628 4.855 4.127 3.425 2.830 2.373 2.068 1.981 2.227 2.820 3.193 3.302 3.332 3.363 3.427 3.562 3.819 4.137 4.304 4.362 4.395 4.346 3.860 2.699 1.319 0.492 0.249 0.231 0.253 0.289 0.296 0.274 0.227 0.170
6.668 7.029 7.175 7.206 7.130 7.007 7.000 7.003 7.094 7.382 8.015 9.092 10.209 10.853 11.133 11.177 11.136 11.025 11.135 11.294 11.553 11.843 11.924 11.977 12.083 12.079 11.880 11.744 11.821 11.786 11.746 11.755 11.955 12.384 12.723 12.891 12.921 12.736 12.334 11.366 9.878 7.976 6.382 5.348 4.603 3.934 3.419 3.171 3.221 3.519 3.901 4.394 4.902 5.120 5.204 5.321 5.520 5.764 5.932 6.035 6.063 6.059 6.009 5.939 5.832 5.534 4.674 2.937 1.193 0.382 0.207 0.207 0.240 0.268 0.269 0.247 0.203
5.564 5.910 6.136 6.308 6.331 6.272 6.240 6.231 6.260 6.509 7.093 7.992 8.771 9.179 9.335 9.379 9.348 9.382 9.456 9.520 9.729 9.947 10.013 9.975 9.951 9.826 9.498 9.245 9.220 9.176 9.360 9.694 10.266 10.867 11.122 11.191 11.238 11.141 10.858 10.133 9.056 7.514 5.893 4.824 4.171 3.656 3.346 3.317 3.657 4.307 5.058 5.757 6.248 6.511 6.686 6.930 7.240 7.567 7.772 7.850 7.827 7.789 7.679 7.475 7.173 6.675 5.762 4.095 2.000 0.729 0.263 0.184 0.193 0.223 0.246 0.244 0.222
3.626 3.870 4.151 4.529 4.776 4.844 4.869 4.909 5.010 5.305 5.816 6.321 6.571 6.633 6.603 6.631 6.641 6.715 6.694 6.613 6.650 6.643 6.531 6.377 6.294 6.250 6.110 5.940 5.885 5.972 6.322 6.931 7.786 8.454 8.783 8.879 8.857 8.628 8.390 7.971 7.228 5.844 4.591 3.898 3.482 3.231 3.157 3.303 3.811 4.656 5.676 6.601 7.300 7.816 8.180 8.596 8.957 9.267 9.468 9.518 9.518 9.400 9.199 8.836 8.367 7.684 6.620 4.896 2.792 1.299 0.486 0.210 0.170 0.180 0.206 0.224 0.226
