AvaFrame/avaframe/data/avaSalk/Avaflow_Input_Output/slk_results/slk_ascii/slk_hflow0012.asc
ncols 296
nrows 144
xllcenter 761600.00
yllcenter 8523000.00
cellsize 12.50
NODATA_value -9999.000
[rows 68 to 101 of 144, columns 154 to 230 of 296]
0.000 0.000 0.000 0.000 0.000 0.000 0.000 0.000 0.000 0.000 0.000 0.000 0.000 0.000 0.000 0.001 0.001 0.001 0.001 0.001 0.001 0.002 0.002 0.002 0.002 0.002 0.002 0.002 0.003 0.003 0.004 0.004 0.005 0.005 0.006 0.007 0.007 0.008 0.009 0.010 0.011 0.012 0.013 0.013 0.014 0.014 0.015 0.016 0.018 0.020 0.023 0.025 0.027 0.030 0.033 0.038 0.044 0.053 0.065 0.081 0.105 0.143 0.199 0.275 0.376 0.504 0.640 0.760 0.845 0.897 0.922 0.916 0.878 0.765 0.592 0.446 0.359
0.000 0.000 0.000 0.000 0.000 0.000 0.000 0.000 0.000 0.000 0.000 0.000 0.000 0.001 0.001 0.001 0.001 0.001 0.001 0.001 0.001 0.002 0.002 0.002 0.002 0.002 0.002 0.002 0.003 0.004 0.004 0.005 0.005 0.006 0.007 0.008 0.009 0.010 0.011 0.011 0.012 0.013 0.013 0.014 0.014 0.015 0.016 0.018 0.020 0.023 0.025 0.028 0.031 0.035 0.039 0.046 0.055 0.068 0.085 0.108 0.144 0.200 0.279 0.385 0.520 0.659 0.770 0.852 0.905 0.930 0.923 0.870 0.746 0.576 0.432 0.354 0.310
0.000 0.000 0.000 0.000 0.000 0.000 0.000 0.000 0.000 0.000 0.000 0.001 0.001 0.001 0.001 0.001 0.001 0.001 0.001 0.001 0.002 0.002 0.003 0.003 0.003 0.003 0.003 0.003 0.004 0.004 0.005 0.006 0.006 0.007 0.008 0.009 0.010 0.011 0.012 0.013 0.013 0.014 0.014 0.015 0.015 0.017 0.018 0.020 0.022 0.025 0.029 0.032 0.036 0.041 0.047 0.056 0.070 0.088 0.113 0.150 0.203 0.280 0.385 0.522 0.674 0.796 0.868 0.907 0.926 0.925 0.872 0.747 0.579 0.439 0.355 0.309 0.280
0.000 0.000 0.001 0.001 0.001 0.001 0.001 0.000 0.000 0.000 0.000 0.001 0.001 0.001 0.001 0.001 0.001 0.002 0.002 0.002 0.002 0.003 0.003 0.004 0.004 0.004 0.004 0.004 0.005 0.005 0.006 0.007 0.008 0.009 0.009 0.011 0.012 0.012 0.013 0.014 0.014 0.015 0.016 0.016 0.017 0.019 0.021 0.023 0.026 0.030 0.033 0.038 0.043 0.050 0.059 0.071 0.089 0.115 0.152 0.213 0.297 0.395 0.530 0.681 0.803 0.887 0.930 0.933 0.917 0.869 0.756 0.592 0.456 0.370 0.316 0.280 0.251
0.000 0.001 0.001 0.001 0.001 0.001 0.001 0.001 0.001 0.001 0.001 0.001 0.001 0.001 0.001 0.002 0.002 0.003 0.003 0.003 0.003 0.004 0.004 0.005 0.005 0.005 0.005 0.005 0.006 0.006 0.007 0.008 0.009 0.010 0.011 0.012 0.013 0.014 0.014 0.015 0.016 0.017 0.017 0.018 0.020 0.022 0.025 0.028 0.031 0.036 0.040 0.046 0.054 0.064 0.076 0.091 0.116 0.153 0.209 0.319 0.437 0.549 0.698 0.819 0.888 0.917 0.935 0.928 0.874 0.767 0.617 0.476 0.384 0.325 0.284 0.250 0.219
0.000 0.001 0.001 0.001 0.001 0.001 0.001 0.001 0.001 0.001 0.001 0.001 0.001 0.002 0.002 0.003 0.004 0.004 0.004 0.004 0.005 0.005 0.006 0.006 0.006 0.006 0.006 0.006 0.007 0.008 0.008 0.009 0.010 0.011 0.012 0.014 0.014 0.015 0.016 0.016 0.017 0.019 0.020 0.022 0.024 0.027 0.030 0.034 0.038 0.043 0.049 0.057 0.070 0.084 0.100 0.124 0.163 0.224 0.331 0.516 0.647 0.739 0.825 0.882 0.906 0.911 0.907 0.870 0.769 0.619 0.483 0.395 0.334 0.290 0.254 0.220 0.188
0.001 0.001 0.001 0.001 0.001 0.002 0.002 0.002 0.002 0.002 0.002 0.002 0.002 0.002 0.003 0.004 0.006 0.008 0.008 0.008 0.008 0.008 0.008 0.008 0.008 0.008 0.008 0.008 0.008 0.009 0.010 0.011 0.012 0.013 0.014 0.015 0.016 0.017 0.018 0.018 0.020 0.021 0.023 0.026 0.029 0.033 0.037 0.041 0.046 0.052 0.061 0.073 0.092 0.114 0.140 0.184 0.263 0.407 0.609 0.806 0.894 0.921 0.919 0.905 0.893 0.877 0.841 0.757 0.616 0.480 0.394 0.338 0.295 0.259 0.226 0.193 0.161
0.001 0.001 0.001 0.002 0.002 0.004 0.004 0.005 0.005 0.004 0.004 0.004 0.004 0.004 0.005 0.008 0.013 0.016 0.017 0.017 0.017 0.015 0.013 0.011 0.010 0.010 0.010 0.010 0.011 0.011 0.012 0.013 0.013 0.014 0.016 0.017 0.018 0.019 0.020 0.021 0.023 0.025 0.029 0.033 0.037 0.041 0.045 0.050 0.056 0.064 0.076 0.096 0.125 0.163 0.217 0.314 0.500 0.702 0.844 0.913 0.943 0.958 0.952 0.916 0.872 0.829 0.744 0.619 0.491 0.403 0.345 0.303 0.266 0.231 0.197 0.165 0.136
0.002 0.002 0.002 0.003 0.004 0.007 0.010 0.011 0.010 0.008 0.007 0.007 0.007 0.008 0.011 0.018 0.031 0.042 0.045 0.045 0.042 0.036 0.024 0.016 0.015 0.015 0.015 0.015 0.014 0.014 0.014 0.015 0.015 0.016 0.018 0.019 0.020 0.021 0.022 0.024 0.027 0.031 0.037 0.044 0.048 0.051 0.054 0.059 0.067 0.080 0.099 0.130 0.180 0.260 0.396 0.577 0.738 0.815 0.849 0.863 0.870 0.906 0.933 0.900 0.825 0.741 0.615 0.493 0.415 0.360 0.315 0.273 0.236 0.200 0.165 0.136 0.114
0.004 0.004 0.004 0.005 0.009 0.018 0.029 0.032 0.029 0.020 0.016 0.016 0.016 0.020 0.029 0.047 0.072 0.091 0.101 0.104 0.103 0.091 0.057 0.031 0.025 0.025 0.025 0.024 0.023 0.022 0.020 0.019 0.018 0.019 0.020 0.021 0.023 0.024 0.026 0.028 0.032 0.039 0.049 0.058 0.062 0.064 0.066 0.071 0.083 0.103 0.136 0.189 0.285 0.451 0.637 0.749 0.776 0.766 0.747 0.744 0.764 0.815 0.871 0.841 0.726 0.593 0.479 0.412 0.372 0.336 0.296 0.247 0.201 0.165 0.135 0.111 0.097
0.009 0.009 0.010 0.013 0.022 0.055 0.096 0.108 0.098 0.065 0.048 0.046 0.050 0.063 0.086 0.115 0.142 0.165 0.187 0.201 0.204 0.190 0.132 0.069 0.049 0.048 0.048 0.048 0.048 0.045 0.039 0.033 0.028 0.025 0.024 0.024 0.026 0.028 0.031 0.034 0.040 0.048 0.057 0.065 0.072 0.077 0.082 0.090 0.109 0.143 0.199 0.294 0.445 0.602 0.703 0.740 0.729 0.710 0.711 0.734 0.749 0.786 0.811 0.747 0.605 0.482 0.409 0.373 0.352 0.328 0.292 0.241 0.180 0.138 0.113 0.096 0.087
0.023 0.025 0.028 0.038 0.073 0.160 0.242 0.266 0.249 0.196 0.167 0.163 0.170 0.187 0.213 0.236 0.254 0.277 0.316 0.345 0.352 0.333 0.251 0.138 0.092 0.087 0.091 0.100 0.111 0.115 0.108 0.091 0.073 0.053 0.036 0.030 0.031 0.032 0.036 0.042 0.049 0.057 0.064 0.070 0.079 0.090 0.102 0.119 0.152 0.211 0.305 0.447 0.582 0.657 0.689 0.700 0.707 0.714 0.728 0.740 0.726 0.739 0.734 0.647 0.513 0.421 0.370 0.348 0.338 0.324 0.296 0.248 0.179 0.127 0.101 0.089 0.082
0.079 0.089 0.113 0.166 0.274 0.404 0.487 0.512 0.500 0.460 0.438 0.429 0.420 0.414 0.415 0.416 0.423 0.450 0.505 0.546 0.556 0.526 0.406 0.227 0.148 0.142 0.158 0.192 0.233 0.264 0.278 0.270 0.244 0.191 0.110 0.055 0.041 0.040 0.044 0.051 0.059 0.066 0.071 0.077 0.088 0.106 0.131 0.166 0.223 0.318 0.452 0.581 0.654 0.682 0.692 0.704 0.718 0.729 0.734 0.726 0.694 0.670 0.637 0.556 0.444 0.370 0.329 0.315 0.318 0.319 0.303 0.263 0.191 0.129 0.100 0.088 0.081
0.403 0.435 0.516 0.659 0.823 0.910 0.914 0.892 0.880 0.862 0.849 0.819 0.770 0.712 0.680 0.667 0.673 0.702 0.748 0.790 0.805 0.748 0.540 0.297 0.211 0.212 0.256 0.335 0.427 0.509 0.577 0.625 0.634 0.577 0.408 0.199 0.094 0.062 0.056 0.062 0.069 0.075 0.081 0.090 0.106 0.135 0.176 0.237 0.329 0.459 0.581 0.653 0.686 0.702 0.711 0.722 0.731 0.731 0.724 0.699 0.646 0.586 0.531 0.463 0.378 0.315 0.279 0.271 0.284 0.308 0.309 0.285 0.216 0.140 0.105 0.092 0.083
1.398 1.417 1.500 1.662 1.765 1.753 1.620 1.498 1.439 1.396 1.347 1.273 1.176 1.073 1.022 1.015 1.023 1.027 1.026 1.026 1.007 0.906 0.615 0.355 0.294 0.317 0.402 0.537 0.694 0.848 0.995 1.137 1.232 1.244 1.088 0.713 0.363 0.182 0.103 0.079 0.081 0.086 0.095 0.111 0.139 0.183 0.247 0.339 0.464 0.582 0.654 0.693 0.712 0.722 0.729 0.732 0.729 0.722 0.701 0.654 0.586 0.514 0.451 0.386 0.315 0.259 0.228 0.221 0.237 0.287 0.315 0.311 0.256 0.164 0.119 0.102 0.091
3.011 2.959 2.932 2.949 2.928 2.827 2.619 2.415 2.249 2.091 1.932 1.796 1.664 1.542 1.479 1.470 1.467 1.430 1.350 1.248 1.150 0.987 0.648 0.436 0.418 0.488 0.631 0.826 1.051 1.284 1.523 1.761 1.976 2.124 2.109 1.751 1.134 0.642 0.330 0.158 0.105 0.104 0.117 0.146 0.192 0.257 0.349 0.467 0.577 0.651 0.696 0.720 0.734 0.740 0.738 0.734 0.722 0.701 0.660 0.599 0.525 0.454 0.386 0.318 0.253 0.201 0.174 0.168 0.182 0.250 0.322 0.335 0.298 0.197 0.139 0.118 0.105
4.406 4.311 4.232 4.159 4.087 3.970 3.792 3.556 3.288 2.957 2.654 2.447 2.297 2.177 2.098 2.063 2.038 1.943 1.690 1.444 1.259 1.021 0.709 0.585 0.614 0.754 0.969 1.231 1.526 1.851 2.191 2.518 2.835 3.115 3.245 3.065 2.445 1.696 1.056 0.517 0.209 0.143 0.155 0.200 0.273 0.372 0.481 0.576 0.647 0.692 0.719 0.736 0.746 0.747 0.738 0.727 0.706 0.667 0.609 0.537 0.462 0.388 0.317 0.249 0.189 0.142 0.118 0.113 0.126 0.198 0.320 0.357 0.331 0.234 0.168 0.139 0.115
5.456 5.377 5.308 5.242 5.166 5.058 4.906 4.695 4.396 3.962 3.560 3.309 3.142 3.027 2.932 2.850 2.746 2.455 1.955 1.599 1.348 1.076 0.872 0.845 0.941 1.154 1.446 1.781 2.151 2.583 3.040 3.460 3.837 4.144 4.262 4.163 3.822 3.248 2.495 1.580 0.687 0.275 0.226 0.293 0.403 0.508 0.606 0.662 0.690 0.714 0.729 0.745 0.758 0.754 0.729 0.700 0.666 0.619 0.550 0.467 0.389 0.316 0.248 0.187 0.137 0.100 0.082 0.079 0.091 0.157 0.311 0.375 0.359 0.277 0.199 0.152 0.115
6.364 6.313 6.266 6.215 6.146 6.050 5.913 5.713 5.435 5.050 4.675 4.431 4.279 4.165 3.991 3.725 3.348 2.783 2.140 1.710 1.430 1.244 1.181 1.258 1.452 1.747 2.112 2.534 2.995 3.534 4.105 4.608 4.972 5.173 5.214 5.145 4.998 4.779 4.334 3.424 2.028 0.920 0.457 0.400 0.529 0.613 0.661 0.703 0.723 0.724 0.734 0.760 0.771 0.752 0.706 0.655 0.610 0.557 0.478 0.393 0.323 0.260 0.202 0.150 0.107 0.080 0.069 0.069 0.082 0.151 0.309 0.386 0.379 0.308 0.213 0.151 0.106
7.143 7.120 7.096 7.057 6.987 6.890 6.767 6.602 6.387 6.121 5.876 5.699 5.538 5.304 4.879 4.332 3.692 2.939 2.277 1.825 1.601 1.566 1.657 1.866 2.187 2.595 3.057 3.580 4.132 4.760 5.350 5.811 6.055 6.134 6.127 6.032 5.974 5.928 5.659 5.001 3.908 2.614 1.571 0.819 0.591 0.664 0.701 0.712 0.726 0.724 0.736 0.776 0.781 0.738 0.659 0.584 0.530 0.477 0.407 0.336 0.275 0.220 0.170 0.128 0.095 0.076 0.069 0.071 0.090 0.166 0.319 0.391 0.387 0.318 0.208 0.137 0.092
7.813 7.792 7.780 7.743 7.676 7.573 7.444 7.312 7.178 7.033 6.885 6.742 6.514 6.090 5.379 4.634 3.851 3.060 2.459 2.092 1.997 2.088 2.339 2.723 3.210 3.762 4.357 4.972 5.585 6.197 6.716 7.034 7.115 7.111 7.087 6.944 6.796 6.686 6.355 5.773 5.255 4.706 3.955 2.644 1.245 0.727 0.720 0.728 0.718 0.723 0.756 0.786 0.773 0.691 0.569 0.487 0.444 0.410 0.364 0.310 0.248 0.186 0.139 0.108 0.089 0.079 0.076 0.083 0.114 0.205 0.341 0.397 0.391 0.309 0.186 0.115 0.077
8.425 8.347 8.309 8.236 8.155 8.068 7.971 7.881 7.815 7.755 7.692 7.543 7.156 6.476 5.532 4.702 3.931 3.278 2.850 2.660 2.665 2.862 3.286 3.910 4.606 5.307 6.026 6.733 7.370 7.824 8.114 8.232 8.205 8.175 8.049 7.776 7.503 7.261 6.798 6.244 6.027 5.937 5.771 5.200 3.546 1.563 0.784 0.728 0.718 0.731 0.779 0.773 0.714 0.585 0.464 0.413 0.393 0.376 0.349 0.300 0.224 0.153 0.109 0.089 0.082 0.082 0.087 0.105 0.154 0.262 0.371 0.409 0.390 0.272 0.149 0.090 0.065
9.033 8.817 8.674 8.550 8.462 8.396 8.339 8.303 8.295 8.303 8.298 8.017 7.405 6.539 5.484 4.675 4.104 3.725 3.565 3.548 3.665 3.978 4.574 5.436 6.351 7.176 7.932 8.566 9.088 9.393 9.468 9.475 9.356 9.161 8.876 8.521 8.131 7.780 7.252 6.734 6.494 6.421 6.402 6.289 5.651 3.593 1.402 0.756 0.735 0.746 0.771 0.715 0.578 0.454 0.390 0.373 0.372 0.368 0.347 0.290 0.191 0.119 0.087 0.076 0.075 0.079 0.093 0.128 0.204 0.327 0.406 0.422 0.363 0.203 0.106 0.070 0.058
9.488 9.097 8.896 8.777 8.687 8.632 8.617 8.635 8.692 8.732 8.621 8.125 7.372 6.455 5.455 4.845 4.602 4.530 4.596 4.750 5.002 5.483 6.226 7.224 8.127 8.909 9.613 10.079 10.463 10.665 10.567 10.463 10.251 9.931 9.599 9.264 8.782 8.371 7.876 7.336 6.850 6.546 6.468 6.431 6.191 5.115 2.747 1.055 0.756 0.762 0.714 0.590 0.445 0.372 0.347 0.350 0.367 0.372 0.354 0.285 0.164 0.097 0.077 0.074 0.074 0.076 0.092 0.141 0.249 0.383 0.434 0.422 0.316 0.154 0.084 0.061 0.055
9.586 9.187 8.985 8.885 8.818 8.797 8.776 8.852 8.932 8.927 8.675 8.095 7.324 6.460 5.747 5.509 5.544 5.730 5.942 6.253 6.670 7.266 7.993 8.853 9.601 10.284 10.901 11.298 11.516 11.619 11.469 11.230 10.913 10.473 10.207 10.003 9.558 9.055 8.555 7.948 7.240 6.633 6.377 6.306 6.170 5.522 3.988 1.899 0.883 0.708 0.612 0.465 0.363 0.323 0.318 0.333 0.367 0.381 0.371 0.294 0.160 0.091 0.076 0.076 0.076 0.075 0.086 0.139 0.268 0.409 0.446 0.416 0.293 0.147 0.083 0.060 0.055
9.524 9.136 9.008 8.943 8.904 8.864 8.850 8.934 8.984 8.889 8.574 7.978 7.373 6.869 6.649 6.761 6.980 7.309 7.601 7.966 8.414 8.959 9.545 10.150 10.743 11.314 11.852 12.226 12.362 12.373 12.104 11.735 11.416 10.965 10.739 10.563 10.205 9.645 9.104 8.441 7.641 6.804 6.275 6.026 5.873 5.399 4.346 2.662 1.278 0.681 0.499 0.379 0.310 0.289 0.291 0.317 0.366 0.389 0.383 0.309 0.169 0.098 0.081 0.082 0.082 0.079 0.084 0.128 0.258 0.403 0.442 0.412 0.292 0.157 0.092 0.066 0.057
9.288 9.100 9.022 8.976 8.934 8.833 8.824 8.875 8.865 8.716 8.560 8.190 7.918 7.980 8.233 8.507 8.770 9.002 9.172 9.474 9.793 10.366 10.849 11.237 11.639 12.055 12.580 12.871 12.975 12.927 12.533 12.149 11.851 11.471 11.228 11.057 10.678 10.145 9.536 8.861 7.975 7.059 6.390 5.875 5.379 4.832 4.049 2.846 1.567 0.774 0.450 0.334 0.283 0.269 0.273 0.301 0.357 0.384 0.378 0.317 0.196 0.129 0.108 0.100 0.092 0.089 0.091 0.120 0.225 0.371 0.423 0.404 0.303 0.180 0.115 0.081 0.064
9.024 9.051 9.008 8.963 8.860 8.707 8.647 8.628 8.598 8.592 8.702 8.880 9.076 9.476 9.842 10.054 10.217 10.335 10.371 10.610 10.799 11.328 11.745 12.033 12.284 12.492 12.993 13.285 13.367 13.288 12.811 12.506 12.255 11.938 11.714 11.545 11.281 10.762 9.986 9.244 8.224 7.256 6.482 5.782 5.031 4.197 3.438 2.582 1.638 0.891 0.474 0.329 0.283 0.272 0.278 0.301 0.349 0.375 0.372 0.331 0.268 0.257 0.250 0.219 0.154 0.113 0.110 0.126 0.199 0.324 0.383 0.381 0.321 0.217 0.147 0.106 0.078
8.704 8.879 8.886 8.819 8.652 8.431 8.350 8.306 8.321 8.443 8.849 9.512 10.102 10.581 10.878 11.045 11.155 11.189 11.165 11.356 11.534 11.901 12.224 12.449 12.640 12.752 13.138 13.371 13.487 13.438 13.017 12.771 12.619 12.464 12.535 12.450 12.422 11.923 10.932 9.756 8.438 7.364 6.452 5.635 4.820 3.938 3.120 2.395 1.675 1.018 0.572 0.400 0.383 0.440 0.463 0.472 0.485 0.499 0.514 0.580 0.753 0.929 0.984 0.922 0.668 0.331 0.175 0.153 0.192 0.269 0.321 0.338 0.319 0.259 0.194 0.140 0.098
8.258 8.518 8.570 8.507 8.324 8.069 7.986 7.966 8.051 8.266 8.847 9.736 10.632 11.206 11.418 11.535 11.550 11.558 11.573 11.732 11.925 12.109 12.338 12.508 12.671 12.841 13.128 13.299 13.418 13.395 13.129 12.880 12.779 12.739 12.872 13.030 13.165 12.900 12.128 10.787 8.970 7.415 6.328 5.449 4.695 3.916 3.114 2.436 1.847 1.326 0.998 0.949 1.210 1.478 1.546 1.531 1.480 1.471 1.542 1.793 2.214 2.514 2.640 2.624 2.303 1.575 0.802 0.356 0.220 0.222 0.249 0.282 0.297 0.280 0.236 0.179 0.125
7.683 7.975 8.063 8.052 7.882 7.644 7.597 7.589 7.691 7.950 8.610 9.640 10.700 11.379 11.565 11.626 11.614 11.611 11.577 11.815 11.999 12.157 12.334 12.425 12.566 12.706 12.828 12.910 13.011 13.016 12.873 12.645 12.633 12.750 13.017 13.322 13.316 13.094 12.509 11.382 9.626 7.590 6.154 5.248 4.534 3.852 3.217 2.716 2.425 2.318 2.421 2.771 3.350 3.681 3.733 3.713 3.680 3.715 3.823 4.052 4.309 4.445 4.490 4.508 4.446 3.970 2.824 1.416 0.521 0.230 0.201 0.223 0.259 0.270 0.253 0.212 0.159
6.928 7.263 7.396 7.438 7.316 7.112 7.082 7.058 7.151 7.375 7.994 9.043 10.160 10.813 11.024 11.044 10.981 10.924 10.899 11.223 11.448 11.675 11.839 11.861 11.962 11.882 11.658 11.541 11.640 11.603 11.613 11.570 11.785 12.193 12.528 12.680 12.693 12.567 12.127 11.200 9.695 7.703 6.009 4.956 4.268 3.685 3.257 3.072 3.230 3.703 4.279 4.883 5.390 5.580 5.597 5.644 5.780 5.974 6.108 6.199 6.184 6.180 6.133 6.059 5.955 5.660 4.787 3.044 1.270 0.398 0.188 0.182 0.213 0.243 0.247 0.229 0.190
5.904 6.203 6.418 6.570 6.536 6.428 6.349 6.300 6.317 6.505 7.042 7.950 8.733 9.152 9.294 9.280 9.268 9.247 9.206 9.388 9.593 9.739 9.882 9.868 9.866 9.679 9.272 8.958 8.904 8.881 9.114 9.471 10.052 10.641 10.921 10.994 11.028 10.929 10.619 9.894 8.811 7.214 5.519 4.468 3.890 3.469 3.252 3.271 3.661 4.436 5.319 6.103 6.631 6.902 7.082 7.276 7.550 7.809 7.930 8.001 7.960 7.929 7.837 7.606 7.281 6.775 5.821 4.115 2.058 0.778 0.265 0.165 0.169 0.197 0.222 0.224 0.206
3.993 4.196 4.438 4.792 4.996 5.049 5.022 5.020 5.076 5.334 5.800 6.258 6.460 6.531 6.519 6.499 6.544 6.600 6.543 6.482 6.497 6.454 6.365 6.221 6.128 6.050 5.886 5.711 5.634 5.727 6.054 6.648 7.490 8.152 8.470 8.555 8.541 8.351 8.065 7.686 6.933 5.535 4.303 3.670 3.345 3.178 3.155 3.311 3.834 4.742 5.859 6.877 7.635 8.154 8.560 8.858 9.252 9.522 9.669 9.771 9.716 9.579 9.385 9.055 8.578 7.855 6.686 4.901 2.859 1.378 0.531 0.211 0.154 0.161 0.185 0.203 0.209
