AvaFrame/avaframe/data/avaSalk/Avaflow_Input_Output/slk_results/slk_ascii/slk_vfront.asc
ncols 296
nrows 144
xllcenter 761600.00
yllcenter 8523000.00
cellsize 12.50
NODATA_value -9999.000
[rows 84 to 111 of 144, columns 126 to 188 of 296]
0.000 0.000 0.000 0.000 0.000 0.006 0.019 1.808 4.094 5.565 6.430 6.950 7.658 7.500 7.598 7.472 7.238 6.963 6.781 6.507 6.042 6.590 6.903 7.057 7.229 6.506 5.894 5.445 4.758 4.075 3.470 3.048 3.012 3.272 3.858 4.938 6.015 6.866 7.399 7.518 8.069 8.360 8.475 8.823 9.397 9.923 10.698 11.197 13.120 12.654 13.562 12.966 16.161 19.615 20.730 20.466 19.284 15.822 26.434 18.483 27.058 13.273 14.653
0.000 0.000 0.000 0.000 0.000 0.000 1.728 4.294 6.036 7.251 7.692 8.064 8.973 8.748 9.080 9.141 7.900 7.678 7.401 7.010 6.351 6.685 6.737 7.681 7.490 7.438 6.397 5.637 4.544 4.147 4.159 4.082 4.500 4.861 5.282 6.207 7.755 8.100 8.371 8.415 8.371 8.923 9.019 9.813 9.914 11.215 12.451 13.644 14.880 15.809 14.791 18.298 21.100 21.731 21.228 19.868 15.885 26.127 18.028 25.742 29.322 11.420 11.484
0.000 0.000 0.000 0.000 0.000 0.361 3.705 5.897 7.332 8.081 8.907 9.391 9.483 10.468 9.670 9.992 8.641 8.589 8.391 8.109 7.629 6.376 6.718 6.919 7.785 8.268 7.682 6.674 6.837 7.346 7.642 7.524 7.272 7.907 7.699 8.302 8.275 8.290 9.169 9.118 9.076 9.191 10.933 11.603 12.408 13.148 13.862 14.097 13.121 16.381 20.400 22.448 22.675 21.932 19.865 15.339 25.006 16.996 22.903 25.002 8.591 8.441 7.874
0.000 0.075 0.003 0.000 0.000 2.716 5.166 6.752 8.269 8.755 9.646 10.203 10.332 9.970 10.970 9.862 10.203 8.633 8.942 8.965 7.826 7.938 7.121 6.967 7.549 8.497 8.512 7.426 7.397 8.330 7.999 8.792 8.175 9.030 8.241 9.218 8.461 9.586 10.798 10.003 9.465 11.269 11.094 13.483 13.404 13.268 12.262 15.465 18.633 12.654 12.612 23.638 22.450 19.340 14.464 23.393 15.669 18.589 20.033 20.188 19.327 17.592 15.452
0.297 0.227 0.048 0.000 0.000 3.808 6.028 7.638 8.627 8.893 9.835 10.421 10.585 10.206 11.664 10.712 11.374 10.027 10.544 9.317 8.422 7.943 7.611 7.612 8.070 8.900 8.571 9.266 8.430 9.451 8.394 9.308 10.286 8.904 9.981 8.603 9.801 11.130 9.604 11.052 12.780 11.675 14.000 13.127 15.996 14.676 17.785 12.980 13.668 13.290 24.669 23.132 18.941 13.886 21.682 29.245 14.119 15.195 15.041 14.003 12.478 10.689 8.904
0.181 0.000 0.040 0.006 0.000 3.963 6.445 7.692 8.454 9.811 10.905 11.750 12.180 12.181 11.778 10.587 12.013 10.761 9.411 10.678 9.879 9.487 7.929 8.269 8.786 9.524 10.334 9.089 9.834 10.679 8.852 9.856 10.940 8.954 10.135 11.454 9.240 10.442 11.782 13.497 11.446 13.536 11.889 14.317 17.002 12.984 14.652 14.798 14.123 12.999 23.386 18.375 28.090 19.982 24.878 10.114 10.681 10.482 9.597 8.416 7.114 5.822 4.655
0.295 0.380 0.147 0.000 0.035 4.023 6.617 8.151 9.517 10.305 9.811 10.758 11.290 11.120 10.460 12.926 11.858 10.521 9.385 11.461 10.752 10.454 8.337 8.808 9.407 10.101 10.783 11.734 9.315 9.994 10.876 12.086 9.501 10.674 12.001 13.492 10.238 11.394 12.844 14.629 12.004 14.207 16.578 13.147 15.050 16.145 15.852 15.053 13.364 23.293 17.504 27.301 18.110 20.564 21.589 21.319 7.002 6.311 5.443 4.547 11.334 9.110 7.184
1.191 0.518 0.436 0.164 0.000 3.950 6.591 8.232 9.796 9.650 11.594 10.724 11.703 11.999 11.877 11.116 13.912 12.834 11.666 10.687 10.120 10.034 10.330 10.850 11.578 12.258 8.697 9.335 10.369 11.248 12.020 8.880 10.001 11.218 12.535 13.880 9.875 11.110 12.651 14.422 16.431 13.631 15.698 17.277 17.576 17.054 15.894 13.489 23.308 17.096 25.693 14.587 16.335 16.797 15.942 14.457 12.661 10.710 8.869 7.221 5.735 4.450 3.395
3.036 1.463 0.443 0.357 0.110 2.777 6.216 8.279 9.709 9.879 12.019 12.179 11.065 11.850 12.083 11.918 11.128 14.504 13.295 12.264 11.581 11.366 11.520 11.933 12.460 12.969 8.615 9.263 10.286 11.095 11.878 13.049 9.317 10.421 11.504 12.560 13.679 15.114 11.831 13.590 15.389 17.681 19.011 18.956 18.163 16.808 13.482 22.924 16.211 23.723 28.402 12.145 12.205 11.278 9.879 8.393 6.926 5.577 4.428 10.039 7.874 6.072 4.596
-9999.000 3.580 1.724 0.644 0.136 0.296 4.495 7.762 9.141 10.526 11.905 12.373 11.860 13.610 11.213 11.356 10.759 14.906 13.936 12.952 12.179 11.753 11.663 11.763 11.920 12.060 12.295 13.027 9.133 9.621 10.459 11.505 12.660 13.898 15.119 10.712 12.000 13.625 15.535 17.513 19.735 21.047 20.326 19.272 17.402 13.337 22.104 15.020 21.310 23.451 8.581 8.367 7.583 6.529 5.382 4.325 10.239 8.054 6.247 4.780 3.627 7.566 5.693
-9999.000 -9999.000 4.295 2.327 1.133 0.428 0.929 4.604 7.605 9.456 11.320 11.732 11.799 13.845 12.292 13.421 14.037 13.734 13.105 12.487 11.780 11.139 10.707 10.413 10.127 10.056 10.434 11.319 11.947 12.572 13.476 9.202 10.346 11.512 12.667 14.079 15.809 17.584 19.816 22.075 23.093 22.071 20.332 17.597 27.428 21.224 28.826 17.143 18.498 18.308 16.933 14.971 12.720 10.435 8.328 6.488 4.966 3.776 8.039 6.092 4.545 3.383 6.659
-9999.000 -9999.000 -9999.000 5.799 3.864 2.829 2.402 2.410 4.937 6.433 9.034 11.146 12.374 13.292 12.287 13.844 15.164 11.700 11.452 10.976 10.164 14.874 14.250 13.624 13.097 12.981 13.360 8.597 8.952 9.524 10.434 11.615 12.910 14.330 15.926 11.981 13.092 13.639 13.740 12.970 24.090 21.623 17.453 27.178 20.248 27.504 12.919 13.591 12.900 11.544 9.864 8.176 6.599 5.163 3.967 8.539 6.497 4.886 3.648 7.276 5.414 3.983 7.514
-9999.000 -9999.000 -9999.000 -9999.000 -9999.000 4.316 4.305 4.395 4.653 4.376 5.211 8.231 10.205 12.206 13.990 13.585 15.307 12.532 12.979 13.131 12.971 12.191 11.302 10.635 10.207 10.214 10.360 10.592 11.136 11.742 12.663 14.034 15.517 11.861 13.275 14.355 14.898 14.641 13.822 24.455 22.654 17.732 26.883 19.079 23.506 24.931 9.360 8.654 7.545 6.285 5.070 4.007 8.924 6.892 5.209 3.904 7.772 5.851 4.361 3.222 6.173 4.518 3.273
-9999.000 -9999.000 -9999.000 -9999.000 -9999.000 -9999.000 -9999.000 -9999.000 -9999.000 4.598 5.094 5.050 7.098 9.597 11.620 14.279 14.489 12.391 13.287 13.678 13.827 13.813 13.414 12.804 12.455 12.381 12.542 12.876 13.445 14.106 15.067 10.743 11.888 13.050 14.106 14.873 15.027 14.477 12.628 22.006 16.810 25.931 16.964 18.773 19.153 18.410 5.600 4.760 11.597 9.167 7.118 5.443 4.118 8.282 6.252 4.647 3.447 6.586 4.929 3.656 6.789 4.943 3.534
-9999.000 -9999.000 -9999.000 -9999.000 -9999.000 -9999.000 -9999.000 -9999.000 -9999.000 -9999.000 -9999.000 5.092 4.849 4.672 9.036 10.951 13.943 14.416 12.662 13.376 13.849 14.075 14.035 13.950 13.942 14.016 14.215 14.542 8.974 9.628 10.407 11.401 12.359 13.296 14.231 14.642 14.136 21.886 20.340 15.683 23.390 12.511 13.628 13.412 12.453 10.878 9.082 7.304 5.664 4.277 3.215 6.606 4.934 3.662 6.959 5.195 3.852 7.160 5.368 3.981 2.907 5.211 3.667
-9999.000 -9999.000 -9999.000 -9999.000 -9999.000 -9999.000 -9999.000 -9999.000 -9999.000 -9999.000 -9999.000 -9999.000 4.753 4.905 4.754 8.497 10.811 12.579 12.941 11.848 12.904 13.558 13.914 14.111 14.310 14.448 8.394 8.733 9.142 9.752 10.444 11.342 12.244 12.944 13.079 12.108 19.280 17.841 13.434 18.154 20.533 8.819 8.570 7.783 6.732 5.545 4.373 3.350 7.103 5.254 3.871 7.275 5.437 4.051 3.003 5.577 4.168 3.100 5.708 4.206 3.058 5.321 3.697
-9999.000 -9999.000 -9999.000 -9999.000 -9999.000 -9999.000 -9999.000 -9999.000 -9999.000 -9999.000 -9999.000 -9999.000 -9999.000 -9999.000 5.187 4.975 4.028 9.649 10.768 11.757 10.769 11.993 13.032 13.480 13.941 14.093 14.363 14.542 14.951 15.296 15.725 16.149 16.665 16.721 16.515 15.509 13.916 18.084 11.514 13.219 13.833 13.499 12.306 10.694 8.963 7.185 5.552 4.160 3.059 5.739 4.207 3.111 5.560 4.208 3.177 5.694 4.350 3.266 5.816 4.311 3.117 5.273 3.655
-9999.000 -9999.000 -9999.000 -9999.000 -9999.000 -9999.000 -9999.000 -9999.000 -9999.000 -9999.000 -9999.000 -9999.000 -9999.000 -9999.000 -9999.000 4.318 4.091 3.833 7.962 8.950 10.880 11.713 14.178 11.276 11.674 11.813 12.113 12.257 12.514 12.672 12.726 12.697 12.947 12.781 18.244 15.788 11.528 14.116 7.417 7.801 7.612 6.986 6.052 5.041 4.055 3.141 5.977 4.479 3.293 5.607 4.163 3.107 5.237 4.080 3.155 5.426 4.254 3.260 5.535 4.180 3.056 4.964 3.504
-9999.000 -9999.000 -9999.000 -9999.000 -9999.000 -9999.000 -9999.000 -9999.000 -9999.000 -9999.000 -9999.000 -9999.000 -9999.000 -9999.000 -9999.000 -9999.000 -9999.000 4.565 4.636 4.554 7.290 8.076 9.586 12.440 11.548 12.580 13.245 13.670 13.770 14.155 14.121 14.036 13.384 12.024 15.373 12.517 14.791 8.655 9.169 9.114 8.561 7.648 6.520 5.339 4.259 3.305 5.605 4.235 3.148 4.951 3.761 5.786 4.588 3.658 5.865 4.792 3.846 6.145 4.886 3.769 5.828 4.368 3.164
-9999.000 -9999.000 -9999.000 -9999.000 -9999.000 -9999.000 -9999.000 -9999.000 -9999.000 -9999.000 -9999.000 -9999.000 -9999.000 -9999.000 -9999.000 -9999.000 -9999.000 -9999.000 -9999.000 -9999.000 -9999.000 6.857 7.269 8.263 9.692 9.118 9.590 10.122 10.553 10.845 10.880 10.623 10.035 9.066 11.238 7.502 8.503 9.087 9.184 4.282 3.886 7.099 6.001 4.898 3.895 3.031 4.694 3.595 5.177 4.014 3.120 4.596 3.741 5.575 4.707 3.933 3.227 4.963 4.026 3.171 4.719 3.612 5.182
-9999.000 -9999.000 -9999.000 -9999.000 -9999.000 -9999.000 -9999.000 -9999.000 -9999.000 -9999.000 -9999.000 -9999.000 -9999.000 -9999.000 -9999.000 -9999.000 -9999.000 -9999.000 -9999.000 -9999.000 -9999.000 -9999.000 -9999.000 -9999.000 7.360 7.938 8.163 8.381 6.594 6.656 6.722 6.745 8.874 8.293 6.280 7.150 7.722 7.973 4.235 3.951 6.696 5.847 4.922 4.019 3.201 4.600 3.612 4.843 3.826 5.028 4.135 3.426 4.784 4.131 3.555 5.163 4.474 3.784 5.410 4.490 3.621 5.024 3.960
-9999.000 -9999.000 -9999.000 -9999.000 -9999.000 -9999.000 -9999.000 -9999.000 -9999.000 -9999.000 -9999.000 -9999.000 -9999.000 -9999.000 -9999.000 -9999.000 -9999.000 -9999.000 -9999.000 -9999.000 -9999.000 -9999.000 -9999.000 -9999.000 -9999.000 -9999.000 6.735 7.659 6.740 5.156 4.999 4.961 6.470 6.180 7.173 5.724 6.037 6.119 5.970 5.595 5.049 4.397 3.701 5.054 4.105 3.277 4.147 3.328 4.111 3.407 4.294 3.754 4.689 4.474 4.058 5.545 5.028 4.441 3.839 5.175 4.385 3.617 4.801
-9999.000 -9999.000 -9999.000 -9999.000 -9999.000 -9999.000 -9999.000 -9999.000 -9999.000 -9999.000 -9999.000 -9999.000 -9999.000 -9999.000 -9999.000 -9999.000 -9999.000 -9999.000 -9999.000 -9999.000 -9999.000 -9999.000 -9999.000 -9999.000 -9999.000 -9999.000 -9999.000 -9999.000 6.448 6.219 5.892 4.368 4.005 4.810 4.458 4.894 5.121 4.183 4.158 3.907 5.237 4.756 4.080 3.397 4.063 4.117 3.409 3.394 3.362 2.943 3.278 3.124 3.069 3.861 4.040 4.241 4.323 4.240 3.950 4.869 4.469 3.887 4.908
-9999.000 -9999.000 -9999.000 -9999.000 -9999.000 -9999.000 -9999.000 -9999.000 -9999.000 -9999.000 -9999.000 -9999.000 -9999.000 -9999.000 -9999.000 -9999.000 -9999.000 -9999.000 -9999.000 -9999.000 -9999.000 -9999.000 -9999.000 -9999.000 -9999.000 -9999.000 -9999.000 -9999.000 -9999.000 -9999.000 6.043 5.403 5.566 3.843 3.874 3.246 3.363 3.446 3.504 3.475 3.306 3.009 3.136 2.697 2.760 2.825 3.063 4.354 4.408 4.591 4.557 4.652 4.870 4.424 3.428 3.362 3.351 3.341 3.316 3.197 3.744 3.703 3.757
-9999.000 -9999.000 -9999.000 -9999.000 -9999.000 -9999.000 -9999.000 -9999.000 -9999.000 -9999.000 -9999.000 -9999.000 -9999.000 -9999.000 -9999.000 -9999.000 -9999.000 -9999.000 -9999.000 -9999.000 -9999.000 -9999.000 -9999.000 -9999.000 -9999.000 -9999.000 -9999.000 -9999.000 -9999.000 -9999.000 -9999.000 -9999.000 -9999.000 -9999.000 -9999.000 4.951 4.868 5.003 4.691 4.579 4.333 4.355 4.279 -9999.000 -9999.000 -9999.000 -9999.000 -9999.000 -9999.000 -9999.000 -9999.000 -9999.000 -9999.000 -9999.000 -9999.000 5.190 5.142 4.329 4.161 4.097 3.982 3.730 3.485
-9999.000 -9999.000 -9999.000 -9999.000 -9999.000 -9999.000 -9999.000 -9999.000 -9999.000 -9999.000 -9999.000 -9999.000 -9999.000 -9999.000 -9999.000 -9999.000 -9999.000 -9999.000 -9999.000 -9999.000 -9999.000 -9999.000 -9999.000 -9999.000 -9999.000 -9999.000 -9999.000 -9999.000 -9999.000 -9999.000 -9999.000 -9999.000 -9999.000 -9999.000 -9999.000 -9999.000 -9999.000 -9999.000 -9999.000 -9999.000 -9999.000 -9999.000 -9999.000 -9999.000 -9999.000 -9999.000 -9999.000 -9999.000 -9999.000 -9999.000 -9999.000 -9999.000 -9999.000 -9999.000 -9999.000 -9999.000 -9999.000 -9999.000 -9999.000 -9999.000 -9999.000 -9999.000 -9999.000
-9999.000 -9999.000 -9999.000 -9999.000 -9999.000 -9999.000 -9999.000 -9999.000 -9999.000 -9999.000 -9999.000 -9999.000 -9999.000 -9999.000 -9999.000 -9999.000 -9999.000 -9999.000 -9999.000 -9999.000 -9999.000 -9999.000 -9999.000 -9999.000 -9999.000 -9999.000 -9999.000 -9999.000 -9999.000 -9999.000 -9999.000 -9999.000 -9999.000 -9999.000 -9999.000 -9999.000 -9999.000 -9999.000 -9999.000 -9999.000 -9999.000 -9999.000 -9999.000 -9999.000 -9999.000 -9999.000 -9999.000 -9999.000 -9999.000 -9999.000 -9999.000 -9999.000 -9999.000 -9999.000 -9999.000 -9999.000 -9999.000 -9999.000 -9999.000 -9999.000 -9999.000 -9999.000 -9999.000
-9999.000 -9999.000 -9999.000 -9999.000 -9999.000 -9999.000 -9999.000 -9999.000 -9999.000 -9999.000 -9999.000 -9999.000 -9999.000 -9999.000 -9999.000 -9999.000 -9999.000 -9999.000 -9999.000 -9999.000 -9999.000 -9999.000 -9999.000 -9999.000 -9999.000 -9999.000 -9999.000 -9999.000 -9999.000 -9999.000 -9999.000 -9999.000 -9999.000 -9999.000 -9999.000 -9999.000 -9999.000 -9999.000 -9999.000 -9999.000 -9999.000 -9999.000 -9999.000 -9999.000 -9999.000 -9999.000 -9999.000 -9999.000 -9999.000 -9999.000 -9999.000 -9999.000 -9999.000 -9999.000 -9999.000 -9999.000 -9999.000 -9999.000 -9999.000 -9999.000 -9999.000 -9999.000 -9999.000
