AvaFrame/avaframe/data/avaSalk/Avaflow_Input_Output/slk_results/slk_ascii/slk_basechange0023.asc
ncols 296
nrows 144
xllcenter 761600.00
yllcenter 8523000.00
cellsize 12.50
NODATA_value -9999.000
[rows 66 to 98 of 144, columns 148 to 221 of 296]
0.000 0.000 0.000 0.000 0.000 0.000 0.000 0.000 0.000 0.000 0.000 0.000 0.000 0.000 0.000 0.000 0.000 0.000 0.000 0.000 0.000 0.000 0.000 0.000 0.000 -0.000 -0.000 -0.000 -0.000 -0.000 -0.000 -0.000 -0.000 -0.000 -0.000 -0.000 -0.000 -0.000 -0.000 -0.001 -0.001 -0.001 -0.002 -0.002 -0.004 -0.006 -0.009 -0.016 -0.029 -0.052 -0.090 -0.145 -0.225 -0.330 -0.438 -0.535 -0.614 -0.670 -0.712 -0.747 -0.783 -0.815 -0.859 -0.923 -1.011 -1.123 -1.284 -1.491 -1.695 -1.895 -2.085 -2.247 -2.365 -2.457
0.000 0.000 0.000 0.000 0.000 0.000 0.000 0.000 0.000 0.000 0.000 0.000 0.000 0.000 0.000 0.000 0.000 0.000 0.000 0.000 0.000 0.000 0.000 0.000 -0.000 -0.000 -0.000 -0.000 -0.000 -0.000 -0.000 -0.000 -0.000 -0.000 -0.000 -0.000 -0.000 -0.000 -0.001 -0.001 -0.001 -0.002 -0.003 -0.004 -0.007 -0.012 -0.022 -0.041 -0.073 -0.121 -0.187 -0.269 -0.363 -0.462 -0.548 -0.620 -0.679 -0.717 -0.740 -0.766 -0.802 -0.844 -0.905 -0.990 -1.104 -1.259 -1.457 -1.685 -1.913 -2.101 -2.253 -2.368 -2.457 -2.534
0.000 0.000 0.000 0.000 0.000 0.000 0.000 0.000 0.000 0.000 0.000 0.000 0.000 0.000 0.000 0.000 0.000 0.000 0.000 0.000 0.000 0.000 0.000 -0.000 -0.000 -0.000 -0.000 -0.000 -0.000 -0.000 -0.000 -0.000 -0.000 -0.000 -0.000 -0.000 -0.001 -0.001 -0.001 -0.002 -0.002 -0.004 -0.006 -0.009 -0.016 -0.029 -0.052 -0.091 -0.145 -0.216 -0.298 -0.390 -0.477 -0.553 -0.614 -0.660 -0.697 -0.727 -0.752 -0.787 -0.834 -0.897 -0.978 -1.096 -1.239 -1.430 -1.654 -1.867 -2.068 -2.253 -2.387 -2.468 -2.524 -2.590
0.000 0.000 0.000 0.000 0.000 0.000 0.000 0.000 0.000 0.000 0.000 0.000 0.000 0.000 0.000 0.000 0.000 0.000 0.000 0.000 0.000 0.000 -0.000 -0.000 -0.000 -0.000 -0.000 -0.000 -0.000 -0.000 -0.000 -0.000 -0.000 -0.000 -0.000 -0.001 -0.001 -0.001 -0.002 -0.003 -0.004 -0.007 -0.011 -0.019 -0.035 -0.061 -0.102 -0.159 -0.231 -0.312 -0.396 -0.477 -0.546 -0.600 -0.642 -0.674 -0.702 -0.731 -0.772 -0.822 -0.889 -0.974 -1.081 -1.233 -1.421 -1.627 -1.842 -2.045 -2.224 -2.367 -2.472 -2.551 -2.597 -2.605
0.000 0.000 0.000 0.000 0.000 0.000 0.000 0.000 0.000 0.000 0.000 0.000 0.000 0.000 0.000 0.000 0.000 0.000 0.000 0.000 -0.000 -0.000 -0.000 -0.000 -0.000 -0.000 -0.000 -0.000 -0.000 -0.000 -0.000 -0.000 -0.000 -0.000 -0.001 -0.001 -0.001 -0.002 -0.003 -0.005 -0.008 -0.013 -0.023 -0.041 -0.070 -0.113 -0.169 -0.240 -0.320 -0.400 -0.472 -0.533 -0.582 -0.618 -0.649 -0.681 -0.719 -0.765 -0.821 -0.889 -0.969 -1.076 -1.211 -1.390 -1.611 -1.838 -2.053 -2.229 -2.382 -2.492 -2.548 -2.604 -2.633 -2.579
0.000 0.000 0.000 0.000 0.000 0.000 0.000 0.000 0.000 0.000 0.000 0.000 0.000 -0.000 -0.000 0.000 0.000 0.000 -0.000 -0.000 -0.000 -0.000 -0.000 -0.000 -0.000 -0.000 -0.000 -0.000 -0.000 -0.000 -0.000 -0.000 -0.001 -0.001 -0.001 -0.002 -0.002 -0.004 -0.005 -0.009 -0.014 -0.026 -0.046 -0.077 -0.122 -0.180 -0.252 -0.330 -0.405 -0.472 -0.528 -0.572 -0.612 -0.646 -0.682 -0.720 -0.763 -0.817 -0.895 -0.983 -1.080 -1.200 -1.361 -1.568 -1.802 -2.061 -2.295 -2.440 -2.531 -2.608 -2.623 -2.610 -2.580 -2.465
0.000 0.000 0.000 0.000 0.000 0.000 0.000 0.000 0.000 -0.000 -0.000 -0.000 -0.000 -0.000 -0.000 -0.000 -0.000 -0.000 -0.000 -0.000 -0.000 -0.000 -0.000 -0.000 -0.000 -0.000 -0.000 -0.000 -0.000 -0.001 -0.001 -0.001 -0.001 -0.001 -0.002 -0.003 -0.004 -0.006 -0.010 -0.016 -0.028 -0.050 -0.084 -0.130 -0.190 -0.259 -0.335 -0.411 -0.477 -0.527 -0.570 -0.611 -0.648 -0.684 -0.725 -0.773 -0.824 -0.887 -0.992 -1.102 -1.212 -1.348 -1.535 -1.783 -2.048 -2.296 -2.516 -2.613 -2.637 -2.649 -2.624 -2.526 -2.411 -2.220
-0.000 0.000 0.000 0.000 -0.000 -0.000 0.000 0.000 -0.000 -0.000 -0.000 -0.000 -0.000 -0.000 -0.000 -0.000 -0.000 -0.000 -0.000 -0.000 -0.000 -0.000 -0.000 -0.000 -0.000 -0.001 -0.001 -0.001 -0.001 -0.001 -0.001 -0.001 -0.002 -0.002 -0.003 -0.004 -0.007 -0.011 -0.018 -0.031 -0.055 -0.090 -0.139 -0.199 -0.269 -0.340 -0.410 -0.472 -0.530 -0.578 -0.616 -0.657 -0.695 -0.735 -0.783 -0.841 -0.906 -0.990 -1.114 -1.242 -1.374 -1.544 -1.795 -2.109 -2.395 -2.592 -2.712 -2.729 -2.659 -2.589 -2.492 -2.352 -2.157 -1.886
-0.000 -0.000 -0.000 -0.000 -0.000 -0.000 -0.000 -0.000 -0.000 -0.000 -0.000 -0.000 -0.000 -0.000 -0.000 -0.000 -0.000 -0.000 -0.000 -0.000 -0.000 -0.001 -0.001 -0.001 -0.002 -0.002 -0.002 -0.002 -0.002 -0.002 -0.002 -0.002 -0.003 -0.004 -0.005 -0.008 -0.012 -0.020 -0.034 -0.059 -0.097 -0.147 -0.208 -0.277 -0.347 -0.415 -0.477 -0.529 -0.578 -0.626 -0.669 -0.713 -0.758 -0.803 -0.862 -0.930 -1.009 -1.114 -1.253 -1.413 -1.595 -1.856 -2.236 -2.574 -2.769 -2.801 -2.774 -2.718 -2.609 -2.479 -2.313 -2.104 -1.844 -1.552
-0.000 -0.000 -0.000 -0.000 -0.000 -0.000 -0.000 -0.000 -0.000 -0.000 -0.000 -0.000 -0.000 -0.000 -0.000 -0.000 -0.000 -0.000 -0.000 -0.000 -0.001 -0.002 -0.004 -0.005 -0.006 -0.006 -0.006 -0.005 -0.004 -0.003 -0.003 -0.004 -0.005 -0.006 -0.009 -0.013 -0.022 -0.037 -0.063 -0.102 -0.154 -0.216 -0.282 -0.351 -0.419 -0.480 -0.536 -0.586 -0.636 -0.685 -0.732 -0.779 -0.833 -0.889 -0.955 -1.031 -1.130 -1.263 -1.432 -1.666 -1.980 -2.377 -2.733 -2.901 -2.886 -2.754 -2.617 -2.506 -2.437 -2.295 -2.060 -1.810 -1.520 -1.269
-0.000 -0.000 -0.000 -0.000 -0.000 -0.000 -0.000 -0.000 -0.000 -0.000 -0.001 -0.001 -0.002 -0.002 -0.002 -0.001 -0.001 -0.001 -0.001 -0.001 -0.003 -0.006 -0.007 -0.008 -0.009 -0.010 -0.011 -0.013 -0.011 -0.008 -0.006 -0.007 -0.008 -0.011 -0.016 -0.025 -0.041 -0.068 -0.107 -0.160 -0.222 -0.289 -0.359 -0.424 -0.487 -0.546 -0.599 -0.654 -0.709 -0.762 -0.815 -0.864 -0.920 -0.979 -1.050 -1.145 -1.282 -1.468 -1.722 -2.066 -2.485 -2.849 -2.952 -2.835 -2.647 -2.446 -2.314 -2.246 -2.176 -2.030 -1.742 -1.475 -1.239 -1.054
-0.000 -0.000 -0.000 -0.000 -0.000 -0.000 -0.000 -0.000 -0.000 -0.001 -0.003 -0.008 -0.014 -0.015 -0.013 -0.008 -0.005 -0.005 -0.005 -0.008 -0.011 -0.011 -0.008 -0.007 -0.009 -0.010 -0.011 -0.019 -0.025 -0.021 -0.015 -0.015 -0.017 -0.023 -0.033 -0.049 -0.076 -0.116 -0.168 -0.230 -0.297 -0.366 -0.433 -0.497 -0.557 -0.620 -0.680 -0.741 -0.796 -0.845 -0.894 -0.952 -1.014 -1.079 -1.160 -1.294 -1.490 -1.768 -2.131 -2.499 -2.765 -2.901 -2.789 -2.519 -2.281 -2.121 -2.053 -2.033 -1.955 -1.732 -1.436 -1.192 -1.021 -0.916
-0.001 -0.001 -0.001 -0.001 -0.001 -0.001 -0.001 -0.001 -0.002 -0.004 -0.012 -0.020 -0.022 -0.025 -0.026 -0.024 -0.021 -0.020 -0.020 -0.019 -0.016 -0.012 -0.009 -0.009 -0.011 -0.010 -0.011 -0.023 -0.040 -0.044 -0.038 -0.036 -0.039 -0.048 -0.066 -0.095 -0.136 -0.189 -0.252 -0.318 -0.383 -0.445 -0.508 -0.570 -0.636 -0.707 -0.774 -0.838 -0.887 -0.924 -0.968 -1.033 -1.105 -1.191 -1.313 -1.506 -1.785 -2.133 -2.485 -2.708 -2.761 -2.690 -2.489 -2.219 -2.047 -1.963 -1.896 -1.839 -1.692 -1.432 -1.176 -0.996 -0.891 -0.835
-0.006 -0.006 -0.005 -0.005 -0.005 -0.006 -0.007 -0.008 -0.012 -0.024 -0.035 -0.031 -0.017 -0.018 -0.025 -0.029 -0.032 -0.032 -0.028 -0.019 -0.013 -0.009 -0.011 -0.013 -0.012 -0.017 -0.026 -0.036 -0.057 -0.071 -0.064 -0.059 -0.065 -0.081 -0.107 -0.149 -0.207 -0.277 -0.356 -0.431 -0.492 -0.543 -0.598 -0.662 -0.734 -0.811 -0.874 -0.917 -0.955 -0.990 -1.035 -1.110 -1.215 -1.331 -1.519 -1.804 -2.138 -2.463 -2.657 -2.694 -2.604 -2.415 -2.190 -2.020 -1.913 -1.828 -1.730 -1.610 -1.430 -1.182 -0.978 -0.856 -0.793 -0.770
-0.053 -0.047 -0.042 -0.041 -0.043 -0.045 -0.046 -0.051 -0.064 -0.079 -0.080 -0.050 -0.021 -0.019 -0.022 -0.024 -0.024 -0.023 -0.020 -0.015 -0.014 -0.013 -0.015 -0.015 -0.015 -0.033 -0.055 -0.066 -0.086 -0.098 -0.082 -0.073 -0.086 -0.115 -0.157 -0.211 -0.278 -0.359 -0.447 -0.535 -0.603 -0.664 -0.728 -0.792 -0.856 -0.913 -0.957 -0.982 -1.008 -1.049 -1.109 -1.201 -1.345 -1.544 -1.805 -2.138 -2.437 -2.619 -2.662 -2.558 -2.359 -2.157 -2.005 -1.893 -1.802 -1.696 -1.559 -1.397 -1.205 -1.005 -0.850 -0.758 -0.711 -0.703
-0.133 -0.138 -0.137 -0.134 -0.136 -0.138 -0.131 -0.117 -0.111 -0.108 -0.093 -0.062 -0.037 -0.030 -0.027 -0.021 -0.021 -0.022 -0.024 -0.023 -0.022 -0.025 -0.024 -0.024 -0.031 -0.049 -0.074 -0.101 -0.122 -0.121 -0.098 -0.091 -0.114 -0.159 -0.221 -0.292 -0.368 -0.450 -0.537 -0.641 -0.729 -0.799 -0.877 -0.939 -0.977 -0.998 -1.010 -1.029 -1.064 -1.117 -1.203 -1.340 -1.540 -1.814 -2.126 -2.401 -2.573 -2.614 -2.522 -2.342 -2.140 -1.982 -1.876 -1.783 -1.679 -1.549 -1.389 -1.216 -1.035 -0.873 -0.754 -0.677 -0.636 -0.636
-0.108 -0.123 -0.142 -0.154 -0.148 -0.143 -0.139 -0.116 -0.083 -0.061 -0.050 -0.046 -0.048 -0.045 -0.042 -0.035 -0.038 -0.040 -0.044 -0.041 -0.030 -0.034 -0.044 -0.049 -0.054 -0.060 -0.079 -0.123 -0.146 -0.133 -0.115 -0.127 -0.165 -0.227 -0.307 -0.393 -0.483 -0.576 -0.666 -0.779 -0.903 -0.970 -1.015 -1.057 -1.078 -1.080 -1.070 -1.084 -1.128 -1.214 -1.338 -1.533 -1.801 -2.088 -2.342 -2.515 -2.558 -2.498 -2.342 -2.153 -1.991 -1.864 -1.764 -1.660 -1.541 -1.388 -1.223 -1.054 -0.901 -0.767 -0.663 -0.594 -0.558 -0.570
-0.051 -0.045 -0.047 -0.079 -0.095 -0.085 -0.076 -0.070 -0.038 -0.015 -0.020 -0.034 -0.055 -0.065 -0.069 -0.071 -0.071 -0.063 -0.065 -0.062 -0.057 -0.057 -0.062 -0.072 -0.071 -0.072 -0.089 -0.138 -0.160 -0.140 -0.135 -0.176 -0.237 -0.315 -0.409 -0.506 -0.608 -0.714 -0.813 -0.929 -1.074 -1.162 -1.165 -1.160 -1.164 -1.172 -1.173 -1.190 -1.247 -1.351 -1.550 -1.803 -2.072 -2.304 -2.452 -2.485 -2.446 -2.323 -2.166 -2.006 -1.871 -1.760 -1.650 -1.526 -1.385 -1.228 -1.063 -0.909 -0.769 -0.657 -0.570 -0.510 -0.483 -0.509
-0.066 -0.047 -0.029 -0.021 -0.027 -0.037 -0.032 -0.018 -0.011 -0.010 -0.019 -0.037 -0.041 -0.070 -0.099 -0.093 -0.092 -0.083 -0.078 -0.073 -0.078 -0.081 -0.094 -0.100 -0.095 -0.092 -0.111 -0.156 -0.175 -0.165 -0.183 -0.245 -0.325 -0.417 -0.525 -0.640 -0.757 -0.868 -0.961 -1.060 -1.168 -1.251 -1.262 -1.247 -1.244 -1.269 -1.302 -1.353 -1.466 -1.601 -1.815 -2.076 -2.318 -2.409 -2.425 -2.375 -2.282 -2.160 -2.024 -1.883 -1.747 -1.631 -1.517 -1.386 -1.230 -1.070 -0.916 -0.774 -0.650 -0.551 -0.480 -0.435 -0.421 -0.461
-0.123 -0.114 -0.068 -0.047 -0.043 -0.039 -0.036 -0.030 -0.027 -0.027 -0.026 -0.026 -0.024 -0.028 -0.045 -0.058 -0.065 -0.064 -0.065 -0.073 -0.080 -0.089 -0.112 -0.140 -0.134 -0.131 -0.147 -0.181 -0.196 -0.219 -0.270 -0.346 -0.440 -0.550 -0.663 -0.794 -0.920 -1.033 -1.099 -1.154 -1.215 -1.265 -1.287 -1.307 -1.335 -1.395 -1.462 -1.552 -1.718 -1.956 -2.153 -2.270 -2.375 -2.420 -2.322 -2.222 -2.135 -2.029 -1.907 -1.762 -1.614 -1.481 -1.359 -1.227 -1.075 -0.919 -0.779 -0.652 -0.544 -0.462 -0.407 -0.378 -0.382 -0.435
-0.134 -0.189 -0.200 -0.132 -0.083 -0.077 -0.073 -0.071 -0.068 -0.067 -0.070 -0.072 -0.072 -0.072 -0.064 -0.054 -0.055 -0.067 -0.081 -0.093 -0.105 -0.111 -0.143 -0.187 -0.194 -0.189 -0.184 -0.207 -0.235 -0.291 -0.377 -0.473 -0.584 -0.711 -0.838 -0.959 -1.068 -1.156 -1.190 -1.216 -1.249 -1.258 -1.288 -1.347 -1.434 -1.552 -1.679 -1.775 -1.944 -2.172 -2.365 -2.451 -2.334 -2.278 -2.197 -2.073 -2.004 -1.923 -1.788 -1.618 -1.447 -1.304 -1.181 -1.058 -0.914 -0.770 -0.643 -0.534 -0.448 -0.390 -0.355 -0.344 -0.366 -0.432
-0.178 -0.182 -0.227 -0.325 -0.216 -0.131 -0.132 -0.131 -0.129 -0.132 -0.142 -0.146 -0.146 -0.144 -0.138 -0.132 -0.131 -0.131 -0.131 -0.151 -0.155 -0.169 -0.216 -0.244 -0.249 -0.241 -0.225 -0.260 -0.322 -0.401 -0.508 -0.631 -0.768 -0.897 -1.016 -1.096 -1.163 -1.207 -1.232 -1.254 -1.284 -1.289 -1.326 -1.403 -1.531 -1.672 -1.864 -1.989 -2.105 -2.228 -2.327 -2.451 -2.350 -2.097 -2.032 -1.960 -1.894 -1.805 -1.644 -1.436 -1.253 -1.112 -1.005 -0.902 -0.780 -0.648 -0.531 -0.436 -0.371 -0.337 -0.324 -0.331 -0.369 -0.447
-0.273 -0.263 -0.254 -0.294 -0.379 -0.278 -0.207 -0.210 -0.212 -0.231 -0.241 -0.241 -0.236 -0.227 -0.221 -0.219 -0.211 -0.205 -0.221 -0.239 -0.250 -0.267 -0.297 -0.306 -0.304 -0.298 -0.295 -0.360 -0.456 -0.566 -0.684 -0.823 -0.969 -1.093 -1.181 -1.226 -1.241 -1.258 -1.255 -1.273 -1.319 -1.357 -1.421 -1.509 -1.633 -1.755 -1.934 -2.097 -2.177 -2.214 -2.197 -2.262 -2.357 -2.087 -1.880 -1.869 -1.804 -1.650 -1.446 -1.229 -1.061 -0.944 -0.866 -0.787 -0.680 -0.555 -0.446 -0.366 -0.319 -0.300 -0.305 -0.333 -0.391 -0.475
-0.344 -0.349 -0.358 -0.349 -0.365 -0.406 -0.331 -0.314 -0.313 -0.326 -0.338 -0.343 -0.330 -0.319 -0.321 -0.305 -0.304 -0.315 -0.338 -0.370 -0.375 -0.363 -0.360 -0.360 -0.370 -0.388 -0.421 -0.503 -0.617 -0.763 -0.913 -1.047 -1.163 -1.256 -1.311 -1.338 -1.332 -1.323 -1.335 -1.351 -1.381 -1.422 -1.509 -1.602 -1.703 -1.811 -1.927 -2.047 -2.100 -2.102 -2.045 -1.987 -2.100 -2.144 -1.883 -1.750 -1.667 -1.438 -1.194 -1.008 -0.887 -0.819 -0.771 -0.707 -0.606 -0.481 -0.379 -0.317 -0.285 -0.278 -0.294 -0.339 -0.415 -0.507
-0.383 -0.400 -0.420 -0.429 -0.445 -0.445 -0.469 -0.419 -0.423 -0.433 -0.444 -0.436 -0.428 -0.417 -0.397 -0.401 -0.421 -0.453 -0.481 -0.501 -0.477 -0.436 -0.413 -0.429 -0.469 -0.516 -0.599 -0.710 -0.839 -0.978 -1.125 -1.231 -1.332 -1.374 -1.384 -1.424 -1.384 -1.362 -1.416 -1.458 -1.473 -1.498 -1.569 -1.674 -1.779 -1.844 -1.895 -1.919 -1.930 -1.912 -1.853 -1.764 -1.767 -1.919 -1.913 -1.648 -1.434 -1.192 -0.959 -0.824 -0.756 -0.729 -0.707 -0.654 -0.552 -0.426 -0.332 -0.282 -0.263 -0.267 -0.291 -0.350 -0.436 -0.534
-0.446 -0.465 -0.481 -0.496 -0.518 -0.560 -0.546 -0.526 -0.521 -0.525 -0.523 -0.514 -0.508 -0.489 -0.493 -0.540 -0.592 -0.614 -0.605 -0.578 -0.554 -0.505 -0.508 -0.560 -0.621 -0.697 -0.805 -0.941 -1.077 -1.212 -1.319 -1.357 -1.430 -1.421 -1.394 -1.421 -1.371 -1.373 -1.431 -1.462 -1.522 -1.593 -1.633 -1.728 -1.824 -1.881 -1.868 -1.811 -1.748 -1.722 -1.658 -1.581 -1.574 -1.675 -1.740 -1.543 -1.174 -0.938 -0.781 -0.701 -0.672 -0.669 -0.662 -0.617 -0.517 -0.388 -0.301 -0.260 -0.252 -0.267 -0.301 -0.360 -0.442 -0.541
-0.486 -0.513 -0.532 -0.542 -0.584 -0.655 -0.622 -0.610 -0.610 -0.624 -0.614 -0.597 -0.585 -0.615 -0.666 -0.743 -0.788 -0.759 -0.718 -0.681 -0.643 -0.633 -0.684 -0.762 -0.858 -0.965 -1.082 -1.186 -1.283 -1.390 -1.462 -1.472 -1.495 -1.433 -1.384 -1.383 -1.339 -1.366 -1.407 -1.411 -1.484 -1.606 -1.677 -1.725 -1.774 -1.799 -1.807 -1.708 -1.581 -1.506 -1.492 -1.439 -1.434 -1.505 -1.515 -1.339 -0.999 -0.758 -0.656 -0.615 -0.612 -0.628 -0.631 -0.590 -0.492 -0.365 -0.284 -0.250 -0.248 -0.275 -0.322 -0.373 -0.431 -0.522
-0.483 -0.517 -0.542 -0.582 -0.701 -0.695 -0.677 -0.690 -0.677 -0.709 -0.728 -0.734 -0.759 -0.820 -0.883 -0.912 -0.894 -0.862 -0.841 -0.841 -0.860 -0.906 -0.986 -1.089 -1.213 -1.330 -1.421 -1.497 -1.525 -1.565 -1.589 -1.556 -1.565 -1.500 -1.442 -1.434 -1.356 -1.352 -1.399 -1.385 -1.426 -1.514 -1.581 -1.615 -1.657 -1.642 -1.639 -1.559 -1.462 -1.333 -1.267 -1.270 -1.287 -1.310 -1.293 -1.142 -0.891 -0.662 -0.578 -0.558 -0.566 -0.589 -0.600 -0.565 -0.477 -0.360 -0.279 -0.254 -0.259 -0.291 -0.345 -0.394 -0.426 -0.485
-0.504 -0.546 -0.612 -0.690 -0.741 -0.756 -0.768 -0.760 -0.794 -0.828 -0.880 -0.887 -0.925 -0.947 -0.968 -0.984 -0.998 -0.965 -0.997 -1.055 -1.183 -1.262 -1.372 -1.454 -1.535 -1.628 -1.681 -1.755 -1.785 -1.795 -1.737 -1.687 -1.691 -1.613 -1.566 -1.548 -1.445 -1.429 -1.459 -1.455 -1.457 -1.528 -1.537 -1.481 -1.480 -1.460 -1.445 -1.367 -1.312 -1.247 -1.107 -1.062 -1.101 -1.111 -1.090 -0.997 -0.835 -0.648 -0.544 -0.528 -0.537 -0.557 -0.569 -0.542 -0.474 -0.382 -0.306 -0.285 -0.296 -0.322 -0.365 -0.407 -0.431 -0.452
-0.517 -0.576 -0.649 -0.715 -0.751 -0.752 -0.765 -0.810 -0.860 -0.892 -0.959 -0.939 -0.978 -0.994 -0.998 -1.034 -1.082 -1.147 -1.229 -1.304 -1.415 -1.516 -1.644 -1.680 -1.763 -1.798 -1.789 -1.832 -1.853 -1.888 -1.844 -1.802 -1.774 -1.731 -1.749 -1.738 -1.660 -1.645 -1.648 -1.596 -1.577 -1.620 -1.638 -1.492 -1.388 -1.308 -1.255 -1.195 -1.123 -1.065 -1.007 -0.922 -0.938 -0.963 -0.958 -0.911 -0.822 -0.699 -0.591 -0.553 -0.555 -0.564 -0.568 -0.550 -0.510 -0.464 -0.423 -0.411 -0.425 -0.439 -0.427 -0.423 -0.432 -0.441
-0.541 -0.583 -0.628 -0.679 -0.706 -0.686 -0.729 -0.820 -0.853 -0.924 -0.975 -0.965 -1.032 -1.049 -1.079 -1.122 -1.228 -1.308 -1.382 -1.495 -1.567 -1.658 -1.746 -1.758 -1.844 -1.850 -1.823 -1.826 -1.801 -1.798 -1.788 -1.745 -1.681 -1.678 -1.724 -1.772 -1.736 -1.724 -1.695 -1.624 -1.590 -1.614 -1.655 -1.614 -1.467 -1.306 -1.134 -1.037 -0.962 -0.874 -0.837 -0.817 -0.832 -0.871 -0.897 -0.897 -0.887 -0.862 -0.805 -0.735 -0.699 -0.690 -0.680 -0.663 -0.643 -0.618 -0.580 -0.553 -0.561 -0.611 -0.635 -0.562 -0.472 -0.444
-0.471 -0.493 -0.526 -0.566 -0.594 -0.623 -0.705 -0.788 -0.820 -0.915 -0.966 -0.979 -1.069 -1.087 -1.107 -1.149 -1.229 -1.354 -1.446 -1.551 -1.593 -1.674 -1.720 -1.717 -1.782 -1.813 -1.790 -1.798 -1.756 -1.675 -1.652 -1.622 -1.588 -1.544 -1.524 -1.544 -1.548 -1.526 -1.456 -1.388 -1.393 -1.420 -1.448 -1.461 -1.440 -1.369 -1.170 -0.954 -0.815 -0.731 -0.687 -0.701 -0.735 -0.790 -0.864 -0.922 -0.957 -0.972 -0.940 -0.860 -0.791 -0.767 -0.756 -0.736 -0.703 -0.654 -0.589 -0.545 -0.542 -0.590 -0.710 -0.770 -0.678 -0.535
-0.347 -0.371 -0.400 -0.450 -0.526 -0.580 -0.667 -0.742 -0.798 -0.887 -0.936 -0.962 -1.040 -1.070 -1.098 -1.108 -1.191 -1.330 -1.448 -1.562 -1.598 -1.651 -1.688 -1.651 -1.688 -1.685 -1.638 -1.635 -1.585 -1.493 -1.479 -1.483 -1.445 -1.373 -1.384 -1.367 -1.360 -1.302 -1.213 -1.177 -1.179 -1.155 -1.077 -1.045 -1.076 -1.068 -1.071 -0.916 -0.705 -0.592 -0.572 -0.590 -0.628 -0.689 -0.795 -0.886 -0.922 -0.922 -0.883 -0.810 -0.737 -0.699 -0.691 -0.681 -0.653 -0.601 -0.548 -0.520 -0.514 -0.519 -0.589 -0.722 -0.738 -0.617
