AvaFrame/avaframe/data/avaSalk/Avaflow_Input_Output/slk_results/slk_ascii/slk_basechange0005.asc
ncols 296
nrows 144
xllcenter 761600.00
yllcenter 8523000.00
cellsize 12.50
NODATA_value -9999.000
[rows 66 to 98 of 144, columns 150 to 224 of 296]
0.000 0.000 0.000 0.000 0.000 0.000 0.000 0.000 0.000 0.000 0.000 0.000 0.000 0.000 0.000 0.000 0.000 0.000 0.000 0.000 0.000 0.000 0.000 0.000 0.000 -0.000 -0.000 -0.000 -0.000 -0.000 -0.000 -0.000 -0.000 -0.000 -0.000 -0.000 -0.000 -0.000 -0.000 -0.001 -0.001 -0.002 -0.003 -0.004 -0.008 -0.014 -0.026 -0.049 -0.087 -0.141 -0.222 -0.326 -0.434 -0.531 -0.608 -0.664 -0.704 -0.738 -0.772 -0.802 -0.843 -0.902 -0.984 -1.086 -1.232 -1.413 -1.573 -1.702 -1.782 -1.803 -1.765 -1.699 -1.635 -1.578 -1.512
0.000 0.000 0.000 0.000 0.000 0.000 0.000 0.000 0.000 0.000 0.000 0.000 0.000 0.000 0.000 0.000 0.000 0.000 0.000 0.000 0.000 0.000 0.000 0.000 0.000 -0.000 -0.000 -0.000 -0.000 -0.000 -0.000 -0.000 -0.000 -0.000 -0.000 -0.000 -0.000 -0.000 -0.001 -0.001 -0.002 -0.003 -0.006 -0.011 -0.020 -0.038 -0.070 -0.118 -0.183 -0.265 -0.359 -0.457 -0.543 -0.614 -0.672 -0.709 -0.730 -0.754 -0.788 -0.827 -0.883 -0.960 -1.065 -1.203 -1.375 -1.558 -1.707 -1.784 -1.795 -1.752 -1.684 -1.616 -1.545 -1.494 -1.434
0.000 0.000 0.000 0.000 0.000 0.000 0.000 0.000 0.000 0.000 0.000 0.000 0.000 0.000 0.000 0.000 0.000 0.000 0.000 0.000 0.000 0.000 0.000 0.000 -0.000 -0.000 -0.000 -0.000 -0.000 -0.000 -0.000 -0.000 -0.000 -0.000 -0.000 -0.000 -0.001 -0.001 -0.001 -0.002 -0.004 -0.007 -0.014 -0.026 -0.050 -0.088 -0.142 -0.212 -0.294 -0.386 -0.472 -0.548 -0.608 -0.652 -0.688 -0.716 -0.739 -0.771 -0.815 -0.873 -0.946 -1.054 -1.180 -1.344 -1.522 -1.658 -1.742 -1.777 -1.752 -1.679 -1.596 -1.538 -1.485 -1.426 -1.361
0.000 0.000 0.000 0.000 0.000 0.000 0.000 0.000 0.000 0.000 0.000 0.000 0.000 0.000 0.000 0.000 0.000 0.000 0.000 0.000 0.000 0.000 0.000 -0.000 -0.000 -0.000 -0.000 -0.000 -0.000 -0.000 -0.000 -0.000 -0.000 -0.000 -0.000 -0.001 -0.001 -0.002 -0.003 -0.005 -0.009 -0.017 -0.032 -0.058 -0.099 -0.156 -0.227 -0.307 -0.391 -0.472 -0.541 -0.593 -0.634 -0.664 -0.690 -0.717 -0.755 -0.802 -0.864 -0.940 -1.036 -1.169 -1.329 -1.489 -1.630 -1.717 -1.746 -1.723 -1.666 -1.599 -1.531 -1.463 -1.417 -1.357 -1.259
0.000 0.000 0.000 0.000 0.000 0.000 0.000 0.000 0.000 0.000 0.000 0.000 0.000 0.000 0.000 0.000 0.000 0.000 0.000 0.000 0.000 -0.000 -0.000 -0.000 -0.000 -0.000 -0.000 -0.000 -0.000 -0.000 -0.000 -0.000 -0.000 -0.000 -0.001 -0.001 -0.002 -0.003 -0.006 -0.011 -0.020 -0.038 -0.067 -0.109 -0.166 -0.236 -0.316 -0.395 -0.466 -0.527 -0.575 -0.610 -0.639 -0.669 -0.704 -0.748 -0.800 -0.861 -0.934 -1.028 -1.144 -1.293 -1.467 -1.614 -1.714 -1.743 -1.726 -1.668 -1.583 -1.520 -1.472 -1.407 -1.336 -1.252 -1.117
0.000 0.000 0.000 0.000 0.000 0.000 0.000 0.000 0.000 0.000 0.000 0.000 0.000 0.000 0.000 0.000 0.000 0.000 0.000 0.000 -0.000 -0.000 -0.000 -0.000 -0.000 -0.000 -0.000 -0.000 -0.000 -0.000 -0.000 -0.000 -0.000 -0.001 -0.001 -0.002 -0.004 -0.007 -0.012 -0.023 -0.043 -0.074 -0.118 -0.176 -0.248 -0.325 -0.400 -0.466 -0.521 -0.564 -0.603 -0.635 -0.669 -0.704 -0.743 -0.793 -0.865 -0.944 -1.029 -1.130 -1.262 -1.423 -1.580 -1.709 -1.783 -1.761 -1.680 -1.606 -1.518 -1.450 -1.402 -1.340 -1.235 -1.113 -0.962
0.000 0.000 0.000 0.000 0.000 0.000 0.000 0.000 0.000 0.000 0.000 0.000 0.000 0.000 0.000 0.000 0.000 0.000 0.000 -0.000 -0.000 -0.000 -0.000 -0.000 -0.000 -0.000 -0.000 -0.000 -0.000 -0.000 -0.000 -0.001 -0.001 -0.001 -0.003 -0.004 -0.008 -0.014 -0.026 -0.047 -0.080 -0.126 -0.185 -0.254 -0.330 -0.405 -0.471 -0.520 -0.561 -0.601 -0.636 -0.669 -0.707 -0.752 -0.798 -0.854 -0.949 -1.045 -1.136 -1.243 -1.385 -1.557 -1.689 -1.755 -1.793 -1.734 -1.612 -1.522 -1.447 -1.367 -1.301 -1.222 -1.097 -0.947 -0.819
0.000 0.000 0.000 0.000 0.000 0.000 0.000 0.000 0.000 0.000 0.000 0.000 0.000 0.000 0.000 0.000 0.000 0.000 -0.000 -0.000 -0.000 -0.000 -0.000 -0.000 -0.000 -0.000 -0.000 -0.000 -0.000 -0.000 -0.001 -0.001 -0.002 -0.003 -0.005 -0.009 -0.015 -0.028 -0.051 -0.086 -0.134 -0.194 -0.263 -0.335 -0.403 -0.465 -0.522 -0.568 -0.604 -0.643 -0.679 -0.716 -0.760 -0.812 -0.871 -0.943 -1.050 -1.156 -1.259 -1.378 -1.543 -1.702 -1.792 -1.790 -1.758 -1.662 -1.521 -1.423 -1.343 -1.265 -1.180 -1.073 -0.934 -0.801 -0.714
0.000 0.000 0.000 0.000 0.000 0.000 0.000 0.000 0.000 0.000 0.000 0.000 0.000 0.000 0.000 0.000 -0.000 -0.000 -0.000 -0.000 -0.000 -0.000 -0.000 -0.000 -0.000 -0.000 -0.000 -0.000 -0.000 -0.001 -0.001 -0.002 -0.003 -0.005 -0.010 -0.017 -0.031 -0.055 -0.092 -0.142 -0.202 -0.271 -0.340 -0.408 -0.469 -0.519 -0.567 -0.613 -0.654 -0.694 -0.736 -0.777 -0.831 -0.891 -0.959 -1.045 -1.159 -1.280 -1.405 -1.559 -1.734 -1.835 -1.838 -1.763 -1.664 -1.548 -1.425 -1.329 -1.239 -1.149 -1.048 -0.928 -0.803 -0.711 -0.658
0.000 0.000 0.000 0.000 0.000 0.000 0.000 0.000 0.000 0.000 0.000 0.000 0.000 -0.000 -0.000 -0.000 -0.000 -0.000 -0.000 -0.000 -0.000 -0.000 -0.000 -0.000 -0.000 -0.000 -0.000 -0.000 -0.001 -0.001 -0.002 -0.004 -0.006 -0.010 -0.019 -0.033 -0.059 -0.097 -0.149 -0.210 -0.276 -0.344 -0.412 -0.472 -0.527 -0.575 -0.621 -0.668 -0.711 -0.754 -0.804 -0.855 -0.912 -0.977 -1.056 -1.160 -1.283 -1.439 -1.616 -1.784 -1.877 -1.869 -1.790 -1.651 -1.508 -1.377 -1.299 -1.220 -1.119 -1.023 -0.905 -0.796 -0.713 -0.660 -0.627
0.000 0.000 0.000 0.000 0.000 0.000 0.000 0.000 0.000 0.000 -0.000 -0.000 -0.000 -0.000 -0.000 -0.000 -0.000 -0.000 -0.000 -0.000 -0.000 -0.000 -0.000 -0.000 -0.000 -0.000 -0.001 -0.001 -0.002 -0.003 -0.004 -0.007 -0.011 -0.020 -0.036 -0.063 -0.102 -0.154 -0.215 -0.282 -0.351 -0.415 -0.478 -0.535 -0.586 -0.638 -0.689 -0.738 -0.786 -0.830 -0.881 -0.933 -0.992 -1.066 -1.170 -1.300 -1.458 -1.634 -1.805 -1.928 -1.905 -1.786 -1.635 -1.455 -1.311 -1.218 -1.151 -1.089 -0.980 -0.875 -0.778 -0.694 -0.646 -0.620 -0.604
-0.000 -0.000 0.000 -0.000 0.000 -0.000 -0.000 -0.000 -0.000 -0.000 -0.000 -0.000 -0.000 -0.000 -0.000 -0.000 -0.000 -0.000 -0.000 -0.000 -0.000 -0.000 -0.000 -0.000 -0.001 -0.001 -0.001 -0.002 -0.003 -0.005 -0.008 -0.013 -0.022 -0.038 -0.066 -0.107 -0.159 -0.221 -0.289 -0.357 -0.423 -0.486 -0.545 -0.605 -0.662 -0.719 -0.768 -0.813 -0.857 -0.908 -0.963 -1.016 -1.076 -1.174 -1.309 -1.474 -1.648 -1.784 -1.852 -1.882 -1.775 -1.563 -1.370 -1.219 -1.135 -1.091 -1.044 -0.962 -0.851 -0.752 -0.677 -0.629 -0.605 -0.594 -0.583
-0.000 -0.000 -0.000 -0.000 -0.000 -0.000 -0.000 -0.000 -0.000 -0.000 -0.000 -0.000 -0.000 -0.000 -0.000 -0.000 -0.000 -0.000 -0.000 -0.000 -0.000 -0.000 -0.001 -0.001 -0.001 -0.002 -0.003 -0.004 -0.006 -0.009 -0.014 -0.024 -0.041 -0.069 -0.110 -0.164 -0.229 -0.298 -0.366 -0.432 -0.495 -0.557 -0.620 -0.688 -0.751 -0.808 -0.851 -0.883 -0.921 -0.977 -1.034 -1.099 -1.183 -1.311 -1.474 -1.635 -1.761 -1.814 -1.798 -1.717 -1.537 -1.311 -1.160 -1.079 -1.031 -0.996 -0.934 -0.838 -0.739 -0.663 -0.617 -0.590 -0.581 -0.576 -0.561
-0.000 -0.000 -0.000 -0.000 -0.000 -0.000 -0.000 -0.000 -0.000 -0.000 -0.000 -0.000 -0.000 -0.000 -0.000 -0.000 -0.000 -0.000 -0.000 -0.000 -0.000 -0.001 -0.001 -0.002 -0.003 -0.004 -0.006 -0.008 -0.011 -0.016 -0.026 -0.044 -0.073 -0.115 -0.170 -0.235 -0.307 -0.379 -0.446 -0.509 -0.575 -0.642 -0.713 -0.786 -0.843 -0.878 -0.910 -0.940 -0.976 -1.034 -1.113 -1.191 -1.310 -1.475 -1.625 -1.736 -1.774 -1.752 -1.657 -1.482 -1.277 -1.129 -1.040 -0.987 -0.948 -0.899 -0.824 -0.725 -0.642 -0.592 -0.566 -0.556 -0.554 -0.553 -0.533
-0.000 -0.000 -0.000 -0.000 -0.000 -0.000 -0.000 -0.000 -0.000 -0.000 -0.000 -0.000 -0.000 -0.000 -0.000 -0.000 -0.000 -0.000 -0.000 -0.001 -0.001 -0.002 -0.003 -0.005 -0.006 -0.008 -0.010 -0.013 -0.019 -0.029 -0.048 -0.077 -0.120 -0.176 -0.244 -0.317 -0.390 -0.461 -0.527 -0.598 -0.675 -0.751 -0.822 -0.879 -0.916 -0.935 -0.953 -0.985 -1.029 -1.094 -1.192 -1.319 -1.460 -1.611 -1.707 -1.740 -1.717 -1.609 -1.427 -1.241 -1.107 -1.019 -0.965 -0.922 -0.871 -0.806 -0.723 -0.640 -0.579 -0.542 -0.523 -0.519 -0.523 -0.522 -0.499
-0.000 -0.000 -0.000 -0.000 -0.000 -0.000 -0.000 -0.000 -0.000 -0.000 -0.000 -0.000 -0.000 -0.000 -0.000 -0.000 -0.000 -0.001 -0.001 -0.002 -0.003 -0.005 -0.007 -0.009 -0.011 -0.013 -0.016 -0.022 -0.033 -0.052 -0.082 -0.125 -0.183 -0.252 -0.326 -0.403 -0.477 -0.551 -0.624 -0.704 -0.792 -0.860 -0.907 -0.940 -0.956 -0.970 -0.995 -1.032 -1.090 -1.179 -1.301 -1.450 -1.583 -1.667 -1.695 -1.667 -1.562 -1.395 -1.217 -1.082 -1.000 -0.945 -0.902 -0.855 -0.794 -0.722 -0.645 -0.577 -0.531 -0.502 -0.486 -0.486 -0.497 -0.498 -0.471
-0.001 -0.001 -0.001 -0.001 -0.001 -0.000 -0.000 -0.000 -0.000 -0.000 -0.000 -0.000 -0.000 -0.000 -0.000 -0.001 -0.001 -0.002 -0.003 -0.004 -0.007 -0.009 -0.011 -0.013 -0.016 -0.020 -0.026 -0.038 -0.059 -0.090 -0.132 -0.190 -0.260 -0.337 -0.418 -0.500 -0.579 -0.661 -0.744 -0.817 -0.884 -0.932 -0.954 -0.967 -0.978 -1.002 -1.036 -1.094 -1.168 -1.281 -1.421 -1.537 -1.608 -1.640 -1.613 -1.528 -1.377 -1.211 -1.079 -0.986 -0.926 -0.880 -0.839 -0.784 -0.720 -0.648 -0.581 -0.526 -0.485 -0.459 -0.445 -0.454 -0.476 -0.482 -0.449
-0.003 -0.002 -0.002 -0.002 -0.002 -0.001 -0.001 -0.001 -0.001 -0.001 -0.001 -0.001 -0.001 -0.001 -0.001 -0.002 -0.003 -0.004 -0.006 -0.009 -0.012 -0.015 -0.017 -0.020 -0.024 -0.032 -0.045 -0.066 -0.098 -0.143 -0.201 -0.270 -0.352 -0.436 -0.525 -0.616 -0.705 -0.792 -0.873 -0.931 -0.956 -0.972 -0.982 -0.988 -1.003 -1.040 -1.095 -1.166 -1.281 -1.406 -1.509 -1.566 -1.581 -1.547 -1.478 -1.350 -1.205 -1.077 -0.982 -0.917 -0.866 -0.820 -0.772 -0.715 -0.649 -0.585 -0.524 -0.476 -0.438 -0.413 -0.404 -0.423 -0.460 -0.470 -0.432
-0.010 -0.009 -0.009 -0.009 -0.008 -0.007 -0.006 -0.005 -0.005 -0.004 -0.003 -0.003 -0.003 -0.003 -0.003 -0.005 -0.007 -0.009 -0.013 -0.016 -0.019 -0.022 -0.025 -0.031 -0.040 -0.054 -0.077 -0.110 -0.155 -0.214 -0.287 -0.369 -0.463 -0.564 -0.663 -0.758 -0.844 -0.917 -0.969 -0.997 -1.002 -0.997 -0.999 -1.016 -1.045 -1.095 -1.183 -1.266 -1.383 -1.485 -1.554 -1.539 -1.491 -1.415 -1.315 -1.195 -1.076 -0.978 -0.901 -0.846 -0.804 -0.763 -0.709 -0.649 -0.586 -0.524 -0.469 -0.422 -0.389 -0.369 -0.369 -0.400 -0.450 -0.465 -0.420
-0.032 -0.029 -0.027 -0.026 -0.025 -0.024 -0.022 -0.020 -0.018 -0.015 -0.012 -0.011 -0.009 -0.009 -0.010 -0.012 -0.015 -0.019 -0.023 -0.026 -0.030 -0.034 -0.041 -0.051 -0.068 -0.092 -0.126 -0.174 -0.234 -0.307 -0.396 -0.501 -0.610 -0.728 -0.837 -0.921 -0.971 -1.002 -1.021 -1.024 -1.020 -1.019 -1.026 -1.056 -1.102 -1.174 -1.273 -1.382 -1.453 -1.483 -1.494 -1.467 -1.363 -1.266 -1.179 -1.078 -0.981 -0.898 -0.829 -0.778 -0.739 -0.700 -0.647 -0.585 -0.524 -0.465 -0.412 -0.372 -0.344 -0.334 -0.345 -0.390 -0.449 -0.464 -0.412
-0.080 -0.069 -0.061 -0.059 -0.059 -0.058 -0.056 -0.053 -0.049 -0.044 -0.038 -0.033 -0.029 -0.027 -0.027 -0.030 -0.034 -0.038 -0.040 -0.043 -0.048 -0.056 -0.068 -0.085 -0.110 -0.147 -0.195 -0.258 -0.340 -0.433 -0.540 -0.666 -0.790 -0.898 -0.986 -1.042 -1.053 -1.049 -1.044 -1.036 -1.036 -1.054 -1.073 -1.120 -1.183 -1.245 -1.333 -1.416 -1.450 -1.456 -1.388 -1.323 -1.236 -1.139 -1.068 -0.989 -0.899 -0.820 -0.754 -0.709 -0.674 -0.637 -0.582 -0.517 -0.455 -0.400 -0.354 -0.325 -0.311 -0.311 -0.334 -0.392 -0.453 -0.462 -0.405
-0.145 -0.137 -0.124 -0.112 -0.111 -0.110 -0.109 -0.107 -0.103 -0.096 -0.088 -0.081 -0.075 -0.070 -0.067 -0.067 -0.069 -0.070 -0.070 -0.072 -0.079 -0.091 -0.109 -0.135 -0.170 -0.223 -0.291 -0.370 -0.473 -0.592 -0.720 -0.847 -0.954 -1.025 -1.065 -1.089 -1.080 -1.072 -1.064 -1.056 -1.061 -1.093 -1.127 -1.174 -1.253 -1.306 -1.350 -1.386 -1.374 -1.352 -1.280 -1.166 -1.104 -1.045 -0.978 -0.904 -0.820 -0.741 -0.683 -0.643 -0.613 -0.575 -0.519 -0.452 -0.390 -0.339 -0.305 -0.289 -0.288 -0.300 -0.337 -0.404 -0.460 -0.458 -0.396
-0.215 -0.214 -0.210 -0.194 -0.181 -0.180 -0.180 -0.181 -0.177 -0.169 -0.161 -0.154 -0.147 -0.139 -0.131 -0.124 -0.119 -0.116 -0.115 -0.118 -0.126 -0.142 -0.167 -0.203 -0.253 -0.324 -0.415 -0.519 -0.635 -0.763 -0.892 -1.006 -1.080 -1.108 -1.112 -1.104 -1.084 -1.077 -1.084 -1.093 -1.103 -1.131 -1.174 -1.214 -1.285 -1.330 -1.343 -1.334 -1.282 -1.229 -1.182 -1.076 -1.009 -0.970 -0.908 -0.818 -0.733 -0.666 -0.620 -0.587 -0.559 -0.518 -0.458 -0.392 -0.335 -0.295 -0.270 -0.263 -0.272 -0.300 -0.354 -0.423 -0.467 -0.451 -0.383
-0.286 -0.292 -0.298 -0.294 -0.272 -0.265 -0.266 -0.270 -0.267 -0.259 -0.250 -0.241 -0.231 -0.220 -0.205 -0.188 -0.178 -0.172 -0.171 -0.178 -0.191 -0.214 -0.251 -0.301 -0.369 -0.458 -0.565 -0.685 -0.814 -0.937 -1.031 -1.107 -1.154 -1.147 -1.128 -1.109 -1.092 -1.087 -1.091 -1.103 -1.126 -1.152 -1.192 -1.226 -1.275 -1.301 -1.289 -1.251 -1.185 -1.110 -1.060 -1.015 -0.949 -0.892 -0.827 -0.726 -0.642 -0.591 -0.560 -0.537 -0.510 -0.466 -0.404 -0.341 -0.292 -0.262 -0.248 -0.247 -0.263 -0.304 -0.372 -0.438 -0.469 -0.441 -0.365
-0.351 -0.367 -0.380 -0.391 -0.379 -0.364 -0.362 -0.363 -0.359 -0.350 -0.341 -0.328 -0.316 -0.303 -0.283 -0.257 -0.242 -0.239 -0.240 -0.252 -0.278 -0.314 -0.367 -0.433 -0.522 -0.632 -0.748 -0.863 -0.977 -1.079 -1.143 -1.172 -1.180 -1.158 -1.121 -1.100 -1.096 -1.095 -1.090 -1.094 -1.116 -1.155 -1.195 -1.213 -1.230 -1.227 -1.198 -1.147 -1.073 -1.004 -0.952 -0.924 -0.894 -0.810 -0.724 -0.636 -0.563 -0.525 -0.504 -0.489 -0.466 -0.422 -0.360 -0.303 -0.262 -0.239 -0.232 -0.239 -0.263 -0.315 -0.386 -0.445 -0.463 -0.425 -0.345
-0.413 -0.435 -0.455 -0.479 -0.479 -0.460 -0.458 -0.453 -0.445 -0.437 -0.428 -0.414 -0.401 -0.388 -0.364 -0.337 -0.324 -0.321 -0.328 -0.351 -0.394 -0.449 -0.521 -0.606 -0.711 -0.830 -0.953 -1.060 -1.137 -1.184 -1.215 -1.207 -1.179 -1.151 -1.117 -1.086 -1.078 -1.079 -1.077 -1.093 -1.107 -1.144 -1.176 -1.195 -1.177 -1.139 -1.090 -1.042 -0.973 -0.906 -0.870 -0.838 -0.803 -0.728 -0.624 -0.549 -0.500 -0.473 -0.460 -0.448 -0.425 -0.382 -0.325 -0.274 -0.240 -0.224 -0.223 -0.239 -0.272 -0.326 -0.392 -0.440 -0.448 -0.405 -0.323
-0.462 -0.487 -0.518 -0.552 -0.549 -0.537 -0.540 -0.539 -0.530 -0.522 -0.514 -0.507 -0.498 -0.482 -0.457 -0.436 -0.428 -0.433 -0.452 -0.489 -0.551 -0.628 -0.725 -0.827 -0.942 -1.048 -1.147 -1.236 -1.290 -1.291 -1.273 -1.227 -1.162 -1.119 -1.090 -1.065 -1.052 -1.051 -1.058 -1.091 -1.107 -1.125 -1.129 -1.127 -1.102 -1.037 -0.981 -0.930 -0.893 -0.835 -0.794 -0.759 -0.702 -0.624 -0.541 -0.480 -0.446 -0.430 -0.425 -0.416 -0.392 -0.349 -0.296 -0.252 -0.227 -0.216 -0.219 -0.244 -0.288 -0.337 -0.383 -0.420 -0.418 -0.375 -0.298
-0.496 -0.529 -0.573 -0.595 -0.589 -0.593 -0.607 -0.616 -0.618 -0.613 -0.610 -0.611 -0.607 -0.594 -0.574 -0.564 -0.566 -0.594 -0.636 -0.688 -0.769 -0.866 -0.974 -1.085 -1.186 -1.271 -1.333 -1.381 -1.409 -1.393 -1.348 -1.272 -1.165 -1.083 -1.040 -1.018 -1.017 -1.018 -1.028 -1.056 -1.074 -1.077 -1.068 -1.044 -0.996 -0.938 -0.887 -0.832 -0.793 -0.759 -0.718 -0.666 -0.603 -0.531 -0.469 -0.427 -0.405 -0.396 -0.394 -0.386 -0.363 -0.322 -0.273 -0.237 -0.219 -0.215 -0.224 -0.254 -0.304 -0.348 -0.374 -0.392 -0.387 -0.345 -0.274
-0.516 -0.563 -0.601 -0.611 -0.613 -0.632 -0.659 -0.681 -0.696 -0.701 -0.714 -0.725 -0.724 -0.732 -0.736 -0.738 -0.756 -0.815 -0.892 -0.964 -1.052 -1.149 -1.234 -1.325 -1.392 -1.453 -1.499 -1.509 -1.494 -1.462 -1.407 -1.334 -1.226 -1.114 -1.037 -0.992 -0.982 -0.984 -0.990 -1.006 -1.006 -1.005 -0.981 -0.949 -0.906 -0.845 -0.801 -0.764 -0.697 -0.658 -0.626 -0.577 -0.516 -0.459 -0.414 -0.386 -0.374 -0.370 -0.368 -0.359 -0.336 -0.299 -0.257 -0.227 -0.217 -0.222 -0.240 -0.271 -0.315 -0.351 -0.367 -0.362 -0.348 -0.314 -0.252
-0.524 -0.564 -0.583 -0.602 -0.626 -0.660 -0.694 -0.726 -0.748 -0.774 -0.805 -0.836 -0.865 -0.889 -0.928 -0.963 -1.010 -1.085 -1.175 -1.255 -1.344 -1.411 -1.477 -1.526 -1.555 -1.578 -1.602 -1.604 -1.561 -1.498 -1.430 -1.371 -1.300 -1.213 -1.140 -1.081 -1.048 -1.023 -0.994 -0.983 -0.961 -0.904 -0.883 -0.853 -0.820 -0.775 -0.711 -0.673 -0.626 -0.573 -0.541 -0.501 -0.451 -0.408 -0.377 -0.359 -0.351 -0.347 -0.345 -0.334 -0.312 -0.279 -0.246 -0.226 -0.222 -0.233 -0.258 -0.293 -0.328 -0.349 -0.353 -0.338 -0.309 -0.274 -0.227
-0.485 -0.514 -0.539 -0.578 -0.627 -0.672 -0.708 -0.745 -0.777 -0.824 -0.868 -0.924 -0.980 -1.035 -1.098 -1.179 -1.249 -1.329 -1.402 -1.470 -1.542 -1.584 -1.635 -1.658 -1.662 -1.657 -1.645 -1.624 -1.580 -1.512 -1.437 -1.392 -1.358 -1.307 -1.249 -1.189 -1.147 -1.122 -1.083 -1.043 -1.011 -0.925 -0.832 -0.766 -0.724 -0.687 -0.633 -0.580 -0.542 -0.504 -0.471 -0.439 -0.403 -0.371 -0.351 -0.341 -0.335 -0.330 -0.325 -0.313 -0.292 -0.264 -0.239 -0.227 -0.231 -0.248 -0.276 -0.310 -0.338 -0.347 -0.337 -0.316 -0.280 -0.237 -0.197
-0.407 -0.449 -0.495 -0.553 -0.612 -0.662 -0.705 -0.747 -0.787 -0.842 -0.895 -0.954 -1.005 -1.064 -1.140 -1.241 -1.323 -1.407 -1.457 -1.517 -1.567 -1.600 -1.630 -1.654 -1.651 -1.634 -1.601 -1.557 -1.504 -1.452 -1.398 -1.369 -1.353 -1.334 -1.292 -1.237 -1.178 -1.137 -1.099 -1.056 -1.021 -0.968 -0.880 -0.781 -0.678 -0.600 -0.550 -0.504 -0.468 -0.438 -0.411 -0.385 -0.362 -0.343 -0.330 -0.325 -0.321 -0.316 -0.309 -0.295 -0.276 -0.254 -0.236 -0.231 -0.242 -0.265 -0.294 -0.322 -0.343 -0.344 -0.325 -0.292 -0.252 -0.206 -0.168
-0.331 -0.389 -0.449 -0.511 -0.571 -0.629 -0.679 -0.727 -0.771 -0.822 -0.873 -0.921 -0.969 -1.007 -1.067 -1.155 -1.242 -1.322 -1.372 -1.415 -1.449 -1.465 -1.469 -1.475 -1.473 -1.457 -1.409 -1.364 -1.316 -1.280 -1.242 -1.216 -1.202 -1.187 -1.164 -1.123 -1.072 -1.040 -1.001 -0.950 -0.905 -0.870 -0.821 -0.771 -0.694 -0.581 -0.495 -0.447 -0.419 -0.393 -0.368 -0.346 -0.331 -0.322 -0.316 -0.312 -0.309 -0.304 -0.295 -0.282 -0.265 -0.248 -0.237 -0.239 -0.255 -0.283 -0.311 -0.333 -0.345 -0.341 -0.315 -0.269 -0.220 -0.175 -0.142
