AvaFrame/avaframe/data/avaSalk/Avaflow_Input_Output/slk_results/slk_ascii/slk_hflow0025.asc
ncols 296
nrows 144
xllcenter 761600.00
yllcenter 8523000.00
cellsize 12.50
NODATA_value -9999.000
[rows 102 to 135 of 144, columns 154 to 230 of 296]
1.721 1.774 1.828 2.033 2.312 2.504 2.619 2.737 2.918 3.171 3.321 3.363 3.365 3.311 3.202 3.143 3.037 2.832 2.630 2.417 2.241 2.061 1.836 1.678 1.552 1.475 1.426 1.404 1.429 1.567 1.856 2.259 2.748 3.084 3.225 3.313 3.292 3.117 2.845 2.338 1.540 0.906 0.829 1.057 1.413 1.812 2.247 2.809 3.584 4.640 6.023 7.301 8.645 9.522 10.422 11.003 11.621 11.983 12.400 12.427 12.330 12.472 12.381 12.116 11.546 10.700 9.130 6.943 4.851 3.274 2.062 1.146 0.558 0.276 0.191 0.185 0.211
0.383 0.399 0.409 0.478 0.639 0.793 0.914 1.048 1.181 1.267 1.303 1.317 1.345 1.348 1.315 1.271 1.156 0.961 0.784 0.649 0.545 0.467 0.411 0.372 0.341 0.319 0.312 0.318 0.357 0.490 0.728 0.991 1.150 1.219 1.285 1.430 1.541 1.524 1.227 0.637 0.216 0.150 0.226 0.422 0.743 1.230 1.858 2.626 3.582 4.810 6.365 7.953 9.473 10.647 11.854 12.579 13.526 13.744 13.940 14.043 13.999 14.161 13.919 13.586 12.999 12.227 10.622 8.377 6.247 4.604 3.266 2.235 1.471 0.962 0.728 0.688 0.772
0.081 0.079 0.077 0.085 0.122 0.162 0.199 0.249 0.287 0.301 0.302 0.301 0.311 0.324 0.328 0.315 0.272 0.197 0.141 0.109 0.091 0.083 0.079 0.073 0.069 0.066 0.064 0.064 0.076 0.114 0.186 0.252 0.275 0.278 0.293 0.354 0.423 0.430 0.301 0.081 0.031 0.033 0.050 0.108 0.241 0.520 1.096 2.039 3.263 4.702 6.374 8.219 9.902 11.435 12.901 13.813 14.701 14.977 15.189 15.339 15.045 14.850 14.856 14.599 14.063 13.562 12.086 9.980 7.807 6.061 4.651 3.565 2.727 2.139 1.850 1.797 1.916
0.025 0.024 0.023 0.026 0.034 0.043 0.050 0.059 0.063 0.063 0.062 0.061 0.063 0.069 0.072 0.070 0.061 0.045 0.035 0.029 0.026 0.024 0.023 0.021 0.020 0.020 0.020 0.021 0.024 0.033 0.045 0.054 0.059 0.061 0.061 0.064 0.072 0.070 0.047 0.019 0.012 0.012 0.014 0.021 0.047 0.126 0.369 1.073 2.425 4.176 6.045 7.956 9.765 11.495 13.105 14.286 15.091 15.880 16.015 16.168 16.098 15.815 15.714 15.366 14.954 14.383 13.498 11.857 9.599 7.747 6.384 5.168 4.254 3.644 3.367 3.334 3.411
0.009 0.009 0.009 0.010 0.013 0.016 0.018 0.020 0.020 0.019 0.019 0.019 0.020 0.022 0.022 0.021 0.018 0.014 0.012 0.010 0.009 0.009 0.008 0.008 0.008 0.008 0.008 0.009 0.010 0.013 0.016 0.019 0.020 0.019 0.019 0.019 0.019 0.019 0.016 0.010 0.007 0.006 0.006 0.007 0.011 0.020 0.065 0.304 1.197 2.971 5.117 7.246 9.279 11.029 12.832 14.324 15.121 15.909 16.047 16.392 16.214 16.099 15.800 15.567 15.485 15.059 14.445 13.390 11.687 9.790 8.358 7.181 6.241 5.617 5.312 5.193 5.072
0.004 0.004 0.004 0.004 0.005 0.007 0.008 0.008 0.008 0.008 0.007 0.007 0.008 0.008 0.008 0.008 0.007 0.005 0.005 0.004 0.004 0.004 0.004 0.004 0.004 0.004 0.004 0.005 0.005 0.007 0.008 0.009 0.009 0.008 0.008 0.010 0.010 0.010 0.010 0.008 0.005 0.004 0.004 0.004 0.005 0.007 0.011 0.042 0.348 1.469 3.464 5.721 8.007 10.181 12.186 13.767 14.908 15.775 16.055 16.203 16.173 16.149 15.761 15.651 15.539 15.351 15.019 14.580 13.196 11.669 10.343 9.096 8.129 7.479 7.076 6.696 6.318
0.002 0.002 0.002 0.002 0.002 0.003 0.004 0.004 0.003 0.003 0.003 0.003 0.003 0.004 0.003 0.003 0.003 0.002 0.002 0.002 0.002 0.002 0.002 0.002 0.002 0.002 0.003 0.003 0.003 0.004 0.005 0.005 0.005 0.006 0.006 0.007 0.008 0.008 0.008 0.007 0.005 0.003 0.003 0.002 0.003 0.003 0.005 0.009 0.053 0.455 1.679 3.703 6.068 8.575 10.834 12.697 14.022 14.814 15.361 15.398 15.595 15.773 15.592 15.446 15.482 15.445 15.348 15.252 14.197 12.898 11.593 10.437 9.432 8.697 8.179 7.625 7.020
0.001 0.001 0.001 0.001 0.001 0.001 0.002 0.002 0.002 0.001 0.001 0.002 0.002 0.002 0.001 0.001 0.001 0.001 0.001 0.001 0.001 0.001 0.001 0.001 0.002 0.002 0.002 0.003 0.003 0.004 0.004 0.005 0.005 0.005 0.006 0.006 0.006 0.006 0.006 0.006 0.004 0.003 0.002 0.002 0.002 0.002 0.002 0.004 0.008 0.062 0.450 1.624 3.660 6.319 8.912 11.007 12.428 13.303 13.836 14.084 14.354 14.840 14.763 14.968 15.364 15.405 15.286 15.163 14.548 13.325 11.835 10.720 9.818 9.134 8.516 7.921 7.249
0.000 0.000 0.000 0.000 0.000 0.001 0.001 0.001 0.001 0.001 0.001 0.001 0.001 0.001 0.001 0.001 0.000 0.000 0.000 0.000 0.000 0.001 0.001 0.001 0.001 0.002 0.002 0.002 0.003 0.004 0.004 0.005 0.005 0.005 0.006 0.006 0.006 0.006 0.005 0.005 0.004 0.003 0.002 0.002 0.001 0.001 0.002 0.002 0.004 0.009 0.047 0.382 1.537 3.601 6.062 8.244 9.844 11.072 12.003 12.676 13.082 13.596 13.565 13.938 14.592 15.052 15.090 14.785 14.218 13.211 11.938 10.799 9.912 9.139 8.439 7.788 7.064
0.000 0.000 0.000 0.000 0.000 0.000 0.000 0.000 0.000 0.000 0.000 0.000 0.000 0.000 0.000 0.000 0.000 0.000 0.000 0.000 0.000 0.000 0.001 0.001 0.001 0.001 0.002 0.002 0.003 0.004 0.005 0.005 0.005 0.006 0.006 0.006 0.006 0.005 0.005 0.005 0.004 0.003 0.002 0.002 0.001 0.001 0.001 0.001 0.002 0.003 0.008 0.036 0.376 1.479 3.270 5.168 6.854 8.507 9.984 10.986 11.702 12.116 12.483 12.750 13.433 14.026 14.150 14.014 13.627 12.792 11.682 10.565 9.640 8.856 8.120 7.395 6.607
0.000 0.000 0.000 0.000 0.000 0.000 0.000 0.000 0.000 0.000 0.000 0.000 0.000 0.000 0.000 0.000 0.000 0.000 0.000 0.000 0.000 0.000 0.000 0.001 0.001 0.001 0.002 0.002 0.003 0.004 0.005 0.005 0.006 0.006 0.006 0.006 0.006 0.006 0.006 0.005 0.004 0.003 0.002 0.002 0.001 0.001 0.001 0.001 0.001 0.002 0.003 0.008 0.040 0.365 1.323 2.770 4.299 5.898 7.555 9.061 10.248 10.881 11.288 11.604 12.064 12.606 12.920 12.928 12.704 12.089 11.100 10.100 9.186 8.354 7.551 6.758 5.928
0.000 0.000 0.000 0.000 0.000 0.000 0.000 0.000 0.000 0.000 0.000 0.000 0.000 0.000 0.000 0.000 0.000 0.000 0.000 0.000 0.000 0.000 0.000 0.000 0.001 0.001 0.001 0.002 0.003 0.004 0.004 0.005 0.007 0.007 0.008 0.008 0.009 0.009 0.009 0.007 0.005 0.003 0.003 0.002 0.001 0.001 0.001 0.001 0.001 0.001 0.001 0.003 0.008 0.044 0.335 1.133 2.319 3.687 5.214 6.815 8.169 9.275 9.998 10.547 10.986 11.236 11.413 11.479 11.410 10.978 10.144 9.182 8.327 7.510 6.701 5.876 4.992
0.000 0.000 0.000 0.000 0.000 0.000 0.000 0.000 0.000 0.000 0.000 0.000 0.000 0.000 0.000 0.000 0.000 0.000 0.000 0.000 0.000 0.000 0.000 0.000 0.000 0.001 0.001 0.002 0.002 0.003 0.004 0.005 0.007 0.008 0.009 0.010 0.011 0.011 0.011 0.010 0.007 0.005 0.003 0.002 0.001 0.001 0.001 0.000 0.000 0.001 0.001 0.001 0.003 0.008 0.042 0.283 0.946 1.972 3.198 4.609 6.046 7.334 8.387 9.148 9.683 9.791 9.883 9.823 9.696 9.396 8.790 8.012 7.268 6.503 5.702 4.884 4.049
0.000 0.000 0.000 0.000 0.000 0.000 0.000 0.000 0.000 0.000 0.000 0.000 0.000 0.000 0.000 0.000 0.000 0.000 0.000 0.000 0.000 0.000 0.000 0.000 0.000 0.000 0.000 0.001 0.002 0.002 0.004 0.005 0.006 0.008 0.009 0.010 0.011 0.011 0.011 0.010 0.008 0.006 0.004 0.002 0.001 0.001 0.000 0.000 0.000 0.000 0.001 0.001 0.001 0.003 0.008 0.034 0.233 0.786 1.641 2.735 4.036 5.384 6.639 7.692 8.411 8.481 8.394 8.206 7.887 7.455 7.018 6.642 6.152 5.543 4.824 4.052 3.285
0.000 0.000 0.000 0.000 0.000 0.000 0.000 0.000 0.000 0.000 0.000 0.000 0.000 0.000 0.000 0.000 0.000 0.000 0.000 0.000 0.000 0.000 0.000 0.000 0.000 0.000 0.000 0.000 0.001 0.002 0.003 0.004 0.006 0.007 0.008 0.009 0.010 0.010 0.010 0.009 0.007 0.005 0.004 0.002 0.001 0.001 0.000 0.000 0.000 0.000 0.000 0.001 0.001 0.001 0.003 0.007 0.027 0.177 0.590 1.303 2.336 3.593 4.868 5.985 6.826 7.104 7.048 6.830 6.459 5.961 5.538 5.370 5.120 4.689 4.097 3.412 2.706
0.000 0.000 0.000 0.000 0.000 0.000 0.000 0.000 0.000 0.000 0.000 0.000 0.000 0.000 0.000 0.000 0.000 0.000 0.000 0.000 0.000 0.000 0.000 0.000 0.000 0.000 0.000 0.000 0.000 0.001 0.002 0.003 0.005 0.006 0.006 0.007 0.007 0.007 0.007 0.006 0.006 0.005 0.003 0.002 0.001 0.001 0.000 0.000 0.000 0.000 0.000 0.000 0.001 0.001 0.001 0.003 0.006 0.018 0.113 0.416 1.060 2.034 3.179 4.295 5.140 5.601 5.672 5.560 5.303 4.937 4.573 4.347 4.137 3.893 3.495 2.965 2.357
0.000 0.000 0.000 0.000 0.000 0.000 0.000 0.000 0.000 0.000 0.000 0.000 0.000 0.000 0.000 0.000 0.000 0.000 0.000 0.000 0.000 0.000 0.000 0.000 0.000 0.000 0.000 0.000 0.000 0.000 0.001 0.002 0.003 0.004 0.004 0.004 0.004 0.004 0.004 0.004 0.003 0.003 0.002 0.002 0.001 0.000 0.000 0.000 0.000 0.000 0.000 0.000 0.000 0.000 0.001 0.001 0.002 0.005 0.013 0.072 0.311 0.857 1.721 2.789 3.609 4.104 4.305 4.342 4.274 4.110 3.874 3.618 3.365 3.162 2.928 2.606 2.162
0.000 0.000 0.000 0.000 0.000 0.000 0.000 0.000 0.000 0.000 0.000 0.000 0.000 0.000 0.000 0.000 0.000 0.000 0.000 0.000 0.000 0.000 0.000 0.000 0.000 0.000 0.000 0.000 0.000 0.000 0.000 0.001 0.001 0.002 0.002 0.002 0.002 0.002 0.002 0.002 0.002 0.002 0.001 0.001 0.000 0.000 0.000 0.000 0.000 0.000 0.000 0.000 0.000 0.000 0.000 0.001 0.001 0.002 0.004 0.011 0.051 0.222 0.676 1.518 2.336 2.819 3.114 3.300 3.384 3.369 3.253 3.038 2.786 2.558 2.362 2.171 1.924
0.000 0.000 0.000 0.000 0.000 0.000 0.000 0.000 0.000 0.000 0.000 0.000 0.000 0.000 0.000 0.000 0.000 0.000 0.000 0.000 0.000 0.000 0.000 0.000 0.000 0.000 0.000 0.000 0.000 0.000 0.000 0.000 0.000 0.001 0.001 0.001 0.001 0.001 0.001 0.001 0.001 0.000 0.000 0.000 0.000 0.000 0.000 0.000 0.000 0.000 0.000 0.000 0.000 0.000 0.000 0.000 0.000 0.001 0.002 0.004 0.009 0.031 0.155 0.593 1.288 1.781 2.115 2.394 2.593 2.685 2.662 2.520 2.301 2.078 1.883 1.708 1.547
0.000 0.000 0.000 0.000 0.000 0.000 0.000 0.000 0.000 0.000 0.000 0.000 0.000 0.000 0.000 0.000 0.000 0.000 0.000 0.000 0.000 0.000 0.000 0.000 0.000 0.000 0.000 0.000 0.000 0.000 0.000 0.000 0.000 0.000 0.000 0.000 0.000 0.000 0.000 0.000 0.000 0.000 0.000 0.000 0.000 0.000 0.000 0.000 0.000 0.000 0.000 0.000 0.000 0.000 0.000 0.000 0.000 0.000 0.001 0.002 0.003 0.007 0.020 0.146 0.529 0.966 1.328 1.657 1.926 2.090 2.131 2.046 1.877 1.680 1.500 1.334 1.172
0.000 0.000 0.000 0.000 0.000 0.000 0.000 0.000 0.000 0.000 0.000 0.000 0.000 0.000 0.000 0.000 0.000 0.000 0.000 0.000 0.000 0.000 0.000 0.000 0.000 0.000 0.000 0.000 0.000 0.000 0.000 0.000 0.000 0.000 0.000 0.000 0.000 0.000 0.000 0.000 0.000 0.000 0.000 0.000 0.000 0.000 0.000 0.000 0.000 0.000 0.000 0.000 0.000 0.000 0.000 0.000 0.000 0.000 0.000 0.001 0.001 0.003 0.007 0.029 0.153 0.414 0.732 1.076 1.382 1.587 1.660 1.616 1.500 1.344 1.189 1.041 0.892
0.000 0.000 0.000 0.000 0.000 0.000 0.000 0.000 0.000 0.000 0.000 0.000 0.000 0.000 0.000 0.000 0.000 0.000 0.000 0.000 0.000 0.000 0.000 0.000 0.000 0.000 0.000 0.000 0.000 0.000 0.000 0.000 0.000 0.000 0.000 0.000 0.000 0.000 0.000 0.000 0.000 0.000 0.000 0.000 0.000 0.000 0.000 0.000 0.000 0.000 0.000 0.000 0.000 0.000 0.000 0.000 0.000 0.000 0.000 0.000 0.001 0.001 0.003 0.009 0.039 0.138 0.331 0.621 0.944 1.164 1.256 1.244 1.171 1.063 0.939 0.810 0.676
0.000 0.000 0.000 0.000 0.000 0.000 0.000 0.000 0.000 0.000 0.000 0.000 0.000 0.000 0.000 0.000 0.000 0.000 0.000 0.000 0.000 0.000 0.000 0.000 0.000 0.000 0.000 0.000 0.000 0.000 0.000 0.000 0.000 0.000 0.000 0.000 0.000 0.000 0.000 0.000 0.000 0.000 0.000 0.000 0.000 0.000 0.000 0.000 0.000 0.000 0.000 0.000 0.000 0.000 0.000 0.000 0.000 0.000 0.000 0.000 0.000 0.001 0.001 0.004 0.012 0.040 0.120 0.304 0.597 0.821 0.923 0.938 0.897 0.823 0.730 0.621 0.502
0.000 0.000 0.000 0.000 0.000 0.000 0.000 0.000 0.000 0.000 0.000 0.000 0.000 0.000 0.000 0.000 0.000 0.000 0.000 0.000 0.000 0.000 0.000 0.000 0.000 0.000 0.000 0.000 0.000 0.000 0.000 0.000 0.000 0.000 0.000 0.000 0.000 0.000 0.000 0.000 0.000 0.000 0.000 0.000 0.000 0.000 0.000 0.000 0.000 0.000 0.000 0.000 0.000 0.000 0.000 0.000 0.000 0.000 0.000 0.000 0.000 0.000 0.001 0.002 0.004 0.013 0.040 0.135 0.351 0.558 0.659 0.687 0.674 0.623 0.546 0.454 0.360
0.000 0.000 0.000 0.000 0.000 0.000 0.000 0.000 0.000 0.000 0.000 0.000 0.000 0.000 0.000 0.000 0.000 0.000 0.000 0.000 0.000 0.000 0.000 0.000 0.000 0.000 0.000 0.000 0.000 0.000 0.000 0.000 0.000 0.000 0.000 0.000 0.000 0.000 0.000 0.000 0.000 0.000 0.000 0.000 0.000 0.000 0.000 0.000 0.000 0.000 0.000 0.000 0.000 0.000 0.000 0.000 0.000 0.000 0.000 0.000 0.000 0.000 0.000 0.001 0.002 0.005 0.016 0.060 0.198 0.367 0.457 0.492 0.494 0.463 0.401 0.327 0.257
0.000 0.000 0.000 0.000 0.000 0.000 0.000 0.000 0.000 0.000 0.000 0.000 0.000 0.000 0.000 0.000 0.000 0.000 0.000 0.000 0.000 0.000 0.000 0.000 0.000 0.000 0.000 0.000 0.000 0.000 0.000 0.000 0.000 0.000 0.000 0.000 0.000 0.000 0.000 0.000 0.000 0.000 0.000 0.000 0.000 0.000 0.000 0.000 0.000 0.000 0.000 0.000 0.000 0.000 0.000 0.000 0.000 0.000 0.000 0.000 0.000 0.000 0.000 0.000 0.001 0.003 0.008 0.028 0.106 0.232 0.311 0.348 0.354 0.337 0.297 0.244 0.186
0.000 0.000 0.000 0.000 0.000 0.000 0.000 0.000 0.000 0.000 0.000 0.000 0.000 0.000 0.000 0.000 0.000 0.000 0.000 0.000 0.000 0.000 0.000 0.000 0.000 0.000 0.000 0.000 0.000 0.000 0.000 0.000 0.000 0.000 0.000 0.000 0.000 0.000 0.000 0.000 0.000 0.000 0.000 0.000 0.000 0.000 0.000 0.000 0.000 0.000 0.000 0.000 0.000 0.000 0.000 0.000 0.000 0.000 0.000 0.000 0.000 0.000 0.000 0.000 0.001 0.002 0.004 0.014 0.053 0.140 0.209 0.242 0.248 0.238 0.215 0.180 0.136
0.000 0.000 0.000 0.000 0.000 0.000 0.000 0.000 0.000 0.000 0.000 0.000 0.000 0.000 0.000 0.000 0.000 0.000 0.000 0.000 0.000 0.000 0.000 0.000 0.000 0.000 0.000 0.000 0.000 0.000 0.000 0.000 0.000 0.000 0.000 0.000 0.000 0.000 0.000 0.000 0.000 0.000 0.000 0.000 0.000 0.000 0.000 0.000 0.000 0.000 0.000 0.000 0.000 0.000 0.000 0.000 0.000 0.000 0.000 0.000 0.000 0.000 0.000 0.000 0.000 0.001 0.003 0.008 0.027 0.082 0.141 0.166 0.170 0.165 0.152 0.129 0.098
0.000 0.000 0.000 0.000 0.000 0.000 0.000 0.000 0.000 0.000 0.000 0.000 0.000 0.000 0.000 0.000 0.000 0.000 0.000 0.000 0.000 0.000 0.000 0.000 0.000 0.000 0.000 0.000 0.000 0.000 0.000 0.000 0.000 0.000 0.000 0.000 0.000 0.000 0.000 0.000 0.000 0.000 0.000 0.000 0.000 0.000 0.000 0.000 0.000 0.000 0.000 0.000 0.000 0.000 0.000 0.000 0.000 0.000 0.000 0.000 0.000 0.000 0.000 0.000 0.000 0.001 0.001 0.004 0.014 0.046 0.092 0.113 0.115 0.113 0.107 0.092 0.072
0.000 0.000 0.000 0.000 0.000 0.000 0.000 0.000 0.000 0.000 0.000 0.000 0.000 0.000 0.000 0.000 0.000 0.000 0.000 0.000 0.000 0.000 0.000 0.000 0.000 0.000 0.000 0.000 0.000 0.000 0.000 0.000 0.000 0.000 0.000 0.000 0.000 0.000 0.000 0.000 0.000 0.000 0.000 0.000 0.000 0.000 0.000 0.000 0.000 0.000 0.000 0.000 0.000 0.000 0.000 0.000 0.000 0.000 0.000 0.000 0.000 0.000 0.000 0.000 0.000 0.000 0.001 0.002 0.007 0.022 0.054 0.074 0.079 0.078 0.075 0.066 0.054
0.000 0.000 0.000 0.000 0.000 0.000 0.000 0.000 0.000 0.000 0.000 0.000 0.000 0.000 0.000 0.000 0.000 0.000 0.000 0.000 0.000 0.000 0.000 0.000 0.000 0.000 0.000 0.000 0.000 0.000 0.000 0.000 0.000 0.000 0.000 0.000 0.000 0.000 0.000 0.000 0.000 0.000 0.000 0.000 0.000 0.000 0.000 0.000 0.000 0.000 0.000 0.000 0.000 0.000 0.000 0.000 0.000 0.000 0.000 0.000 0.000 0.000 0.000 0.000 0.000 0.000 0.000 0.001 0.003 0.009 0.026 0.045 0.053 0.054 0.053 0.049 0.042
0.000 0.000 0.000 0.000 0.000 0.000 0.000 0.000 0.000 0.000 0.000 0.000 0.000 0.000 0.000 0.000 0.000 0.000 0.000 0.000 0.000 0.000 0.000 0.000 0.000 0.000 0.000 0.000 0.000 0.000 0.000 0.000 0.000 0.000 0.000 0.000 0.000 0.000 0.000 0.000 0.000 0.000 0.000 0.000 0.000 0.000 0.000 0.000 0.000 0.000 0.000 0.000 0.000 0.000 0.000 0.000 0.000 0.000 0.000 0.000 0.000 0.000 0.000 0.000 0.000 0.000 0.000 0.001 0.002 0.004 0.011 0.025 0.034 0.037 0.037 0.036 0.033
0.000 0.000 0.000 0.000 0.000 0.000 0.000 0.000 0.000 0.000 0.000 0.000 0.000 0.000 0.000 0.000 0.000 0.000 0.000 0.000 0.000 0.000 0.000 0.000 0.000 0.000 0.000 0.000 0.000 0.000 0.000 0.000 0.000 0.000 0.000 0.000 0.000 0.000 0.000 0.000 0.000 0.000 0.000 0.000 0.000 0.000 0.000 0.000 0.000 0.000 0.000 0.000 0.000 0.000 0.000 0.000 0.000 0.000 0.000 0.000 0.000 0.000 0.000 0.000 0.000 0.000 0.000 0.000 0.001 0.002 0.005 0.012 0.021 0.024 0.025 0.024 0.023
0.000 0.000 0.000 0.000 0.000 0.000 0.000 0.000 0.000 0.000 0.000 0.000 0.000 0.000 0.000 0.000 0.000 0.000 0.000 0.000 0.000 0.000 0.000 0.000 0.000 0.000 0.000 0.000 0.000 0.000 0.000 0.000 0.000 0.000 0.000 0.000 0.000 0.000 0.000 0.000 0.000 0.000 0.000 0.000 0.000 0.000 0.000 0.000 0.000 0.000 0.000 0.000 0.000 0.000 0.000 0.000 0.000 0.000 0.000 0.000 0.000 0.000 0.000 0.000 0.000 0.000 0.000 0.000 0.000 0.001 0.003 0.006 0.012 0.015 0.016 0.016 0.015
