AvaFrame/avaframe/data/avaSalk/Avaflow_Input_Output/slk_results/slk_ascii/slk_hflow0010.asc
ncols 296
nrows 144
xllcenter 761600.00
yllcenter 8523000.00
cellsize 12.50
NODATA_value -9999.000
[rows 68 to 101 of 144, columns 154 to 230 of 296]
0.000 0.000 0.000 0.000 0.000 0.000 0.000 0.000 0.000 0.000 0.000 0.000 0.000 0.000 0.000 0.001 0.001 0.001 0.001 0.001 0.001 0.002 0.002 0.002 0.002 0.002 0.002 0.002 0.003 0.004 0.005 0.005 0.006 0.007 0.008 0.009 0.009 0.011 0.012 0.014 0.015 0.016 0.017 0.018 0.019 0.020 0.021 0.023 0.025 0.028 0.032 0.034 0.038 0.042 0.047 0.054 0.063 0.076 0.093 0.116 0.151 0.204 0.284 0.393 0.538 0.699 0.841 0.945 1.009 1.040 1.054 1.035 0.980 0.850 0.666 0.518 0.428
0.000 0.000 0.000 0.000 0.000 0.000 0.000 0.000 0.000 0.000 0.000 0.000 0.000 0.001 0.001 0.001 0.001 0.001 0.001 0.001 0.001 0.002 0.002 0.003 0.003 0.003 0.003 0.003 0.004 0.005 0.005 0.006 0.007 0.008 0.009 0.010 0.012 0.013 0.014 0.015 0.017 0.018 0.018 0.019 0.020 0.021 0.022 0.025 0.028 0.032 0.036 0.040 0.044 0.049 0.056 0.066 0.079 0.097 0.121 0.156 0.208 0.286 0.397 0.547 0.721 0.859 0.952 1.012 1.049 1.062 1.045 0.976 0.834 0.654 0.504 0.422 0.374
0.000 0.000 0.000 0.000 0.000 0.000 0.000 0.000 0.000 0.000 0.000 0.001 0.001 0.001 0.001 0.001 0.001 0.001 0.001 0.002 0.002 0.002 0.003 0.003 0.003 0.003 0.003 0.004 0.005 0.006 0.007 0.008 0.008 0.010 0.011 0.012 0.014 0.015 0.016 0.017 0.018 0.019 0.020 0.021 0.022 0.023 0.025 0.028 0.031 0.036 0.041 0.046 0.051 0.058 0.068 0.081 0.100 0.126 0.162 0.215 0.291 0.399 0.544 0.720 0.880 0.988 1.039 1.056 1.057 1.049 0.982 0.840 0.659 0.513 0.423 0.372 0.339
0.000 0.000 0.000 0.001 0.001 0.001 0.001 0.000 0.000 0.000 0.000 0.001 0.001 0.001 0.001 0.001 0.001 0.002 0.002 0.002 0.002 0.003 0.004 0.004 0.004 0.005 0.005 0.005 0.006 0.007 0.008 0.009 0.010 0.011 0.013 0.014 0.016 0.017 0.018 0.019 0.020 0.021 0.022 0.023 0.024 0.026 0.029 0.033 0.037 0.042 0.048 0.054 0.062 0.072 0.085 0.102 0.129 0.166 0.218 0.304 0.421 0.560 0.733 0.889 0.993 1.055 1.083 1.073 1.040 0.981 0.851 0.673 0.529 0.437 0.378 0.338 0.306
0.000 0.001 0.001 0.001 0.001 0.001 0.001 0.001 0.001 0.001 0.001 0.001 0.001 0.001 0.001 0.002 0.002 0.002 0.003 0.003 0.003 0.004 0.005 0.005 0.006 0.006 0.006 0.006 0.007 0.008 0.010 0.011 0.012 0.013 0.015 0.016 0.018 0.019 0.020 0.021 0.022 0.023 0.025 0.026 0.028 0.031 0.035 0.039 0.045 0.050 0.057 0.065 0.077 0.092 0.109 0.132 0.168 0.220 0.299 0.451 0.610 0.756 0.909 1.008 1.053 1.065 1.081 1.062 0.988 0.864 0.701 0.550 0.452 0.388 0.343 0.306 0.269
0.000 0.001 0.001 0.001 0.001 0.001 0.001 0.001 0.001 0.001 0.001 0.001 0.001 0.001 0.002 0.002 0.003 0.004 0.004 0.004 0.005 0.006 0.007 0.007 0.007 0.007 0.008 0.008 0.009 0.010 0.011 0.013 0.014 0.015 0.017 0.019 0.020 0.021 0.022 0.023 0.025 0.026 0.028 0.030 0.033 0.037 0.042 0.048 0.054 0.061 0.070 0.081 0.099 0.120 0.143 0.177 0.232 0.315 0.463 0.715 0.884 0.973 1.018 1.048 1.056 1.052 1.040 0.991 0.870 0.703 0.558 0.463 0.398 0.350 0.310 0.272 0.234
0.001 0.001 0.001 0.001 0.001 0.002 0.002 0.002 0.002 0.002 0.002 0.002 0.002 0.002 0.003 0.004 0.006 0.007 0.007 0.007 0.008 0.008 0.009 0.009 0.009 0.009 0.010 0.010 0.011 0.012 0.014 0.015 0.016 0.018 0.019 0.021 0.022 0.024 0.025 0.026 0.028 0.030 0.033 0.037 0.041 0.046 0.052 0.058 0.065 0.074 0.086 0.103 0.129 0.160 0.197 0.257 0.362 0.547 0.808 1.045 1.124 1.126 1.087 1.058 1.036 1.010 0.961 0.860 0.700 0.553 0.461 0.401 0.355 0.316 0.278 0.240 0.202
0.001 0.001 0.001 0.002 0.002 0.003 0.004 0.004 0.004 0.004 0.004 0.004 0.004 0.004 0.005 0.007 0.011 0.014 0.014 0.014 0.014 0.014 0.013 0.012 0.012 0.012 0.013 0.013 0.014 0.015 0.016 0.017 0.018 0.020 0.022 0.024 0.025 0.026 0.028 0.029 0.032 0.035 0.040 0.045 0.051 0.057 0.063 0.070 0.078 0.090 0.108 0.134 0.173 0.224 0.296 0.422 0.654 0.899 1.064 1.134 1.149 1.144 1.117 1.063 1.007 0.951 0.847 0.703 0.564 0.470 0.409 0.363 0.323 0.284 0.245 0.207 0.172
0.002 0.002 0.002 0.003 0.004 0.007 0.009 0.010 0.009 0.008 0.007 0.007 0.007 0.007 0.010 0.015 0.024 0.032 0.034 0.034 0.032 0.028 0.020 0.017 0.017 0.017 0.017 0.017 0.017 0.018 0.019 0.020 0.021 0.023 0.025 0.027 0.028 0.030 0.032 0.034 0.037 0.042 0.051 0.059 0.065 0.070 0.076 0.083 0.094 0.112 0.139 0.180 0.245 0.350 0.529 0.754 0.945 1.034 1.064 1.067 1.059 1.075 1.091 1.044 0.947 0.841 0.698 0.565 0.482 0.425 0.379 0.333 0.292 0.250 0.208 0.172 0.146
0.005 0.005 0.005 0.006 0.008 0.016 0.024 0.025 0.023 0.017 0.014 0.014 0.014 0.016 0.022 0.033 0.050 0.066 0.074 0.075 0.074 0.064 0.042 0.028 0.026 0.026 0.026 0.025 0.024 0.023 0.023 0.023 0.024 0.026 0.028 0.030 0.032 0.034 0.036 0.040 0.045 0.053 0.066 0.078 0.085 0.088 0.092 0.100 0.116 0.144 0.188 0.258 0.383 0.595 0.830 0.966 0.996 0.973 0.942 0.923 0.919 0.960 1.011 0.972 0.827 0.672 0.550 0.477 0.435 0.399 0.357 0.304 0.251 0.208 0.171 0.141 0.125
0.010 0.010 0.010 0.013 0.020 0.044 0.070 0.077 0.070 0.048 0.038 0.036 0.039 0.046 0.059 0.077 0.096 0.115 0.133 0.143 0.144 0.131 0.089 0.053 0.045 0.044 0.044 0.043 0.041 0.037 0.033 0.030 0.030 0.030 0.032 0.034 0.036 0.039 0.043 0.048 0.055 0.066 0.079 0.090 0.099 0.106 0.113 0.125 0.152 0.198 0.272 0.395 0.587 0.782 0.905 0.946 0.930 0.887 0.878 0.886 0.880 0.912 0.933 0.859 0.690 0.553 0.474 0.436 0.415 0.390 0.351 0.293 0.222 0.174 0.143 0.123 0.112
0.024 0.025 0.028 0.036 0.062 0.122 0.177 0.191 0.178 0.142 0.125 0.123 0.126 0.135 0.148 0.160 0.171 0.189 0.218 0.242 0.248 0.231 0.166 0.099 0.076 0.075 0.078 0.082 0.082 0.078 0.069 0.058 0.049 0.042 0.038 0.039 0.041 0.045 0.051 0.058 0.068 0.079 0.088 0.097 0.109 0.123 0.140 0.165 0.210 0.288 0.411 0.588 0.750 0.836 0.870 0.879 0.881 0.881 0.877 0.873 0.842 0.849 0.839 0.739 0.585 0.486 0.433 0.411 0.401 0.386 0.353 0.297 0.217 0.159 0.129 0.114 0.107
0.077 0.086 0.103 0.140 0.220 0.316 0.374 0.389 0.377 0.349 0.336 0.329 0.316 0.302 0.297 0.293 0.294 0.310 0.345 0.385 0.398 0.368 0.263 0.154 0.116 0.115 0.130 0.154 0.168 0.174 0.169 0.154 0.130 0.096 0.059 0.047 0.048 0.053 0.061 0.071 0.081 0.091 0.099 0.107 0.121 0.145 0.179 0.227 0.303 0.428 0.596 0.749 0.831 0.859 0.868 0.877 0.881 0.876 0.866 0.843 0.793 0.763 0.724 0.632 0.508 0.429 0.389 0.377 0.380 0.380 0.358 0.310 0.227 0.159 0.127 0.113 0.105
0.373 0.397 0.447 0.546 0.677 0.746 0.749 0.723 0.706 0.690 0.677 0.649 0.594 0.535 0.505 0.497 0.496 0.505 0.530 0.572 0.583 0.515 0.340 0.199 0.160 0.167 0.206 0.265 0.310 0.341 0.361 0.366 0.348 0.283 0.165 0.080 0.061 0.064 0.073 0.085 0.095 0.104 0.112 0.124 0.146 0.184 0.240 0.321 0.444 0.605 0.749 0.831 0.865 0.878 0.882 0.882 0.877 0.865 0.842 0.800 0.732 0.669 0.609 0.531 0.437 0.371 0.337 0.330 0.347 0.369 0.365 0.331 0.249 0.169 0.132 0.117 0.107
1.229 1.231 1.277 1.396 1.494 1.492 1.396 1.284 1.220 1.166 1.115 1.037 0.932 0.832 0.787 0.788 0.791 0.777 0.756 0.751 0.723 0.610 0.384 0.245 0.221 0.249 0.323 0.423 0.509 0.582 0.649 0.699 0.717 0.670 0.497 0.253 0.116 0.085 0.090 0.100 0.110 0.119 0.132 0.153 0.191 0.249 0.334 0.457 0.613 0.752 0.834 0.872 0.887 0.890 0.887 0.877 0.863 0.844 0.805 0.744 0.668 0.591 0.520 0.447 0.369 0.312 0.282 0.277 0.299 0.352 0.373 0.359 0.286 0.190 0.145 0.127 0.116
2.588 2.513 2.484 2.521 2.532 2.465 2.321 2.146 1.985 1.822 1.659 1.504 1.359 1.236 1.175 1.163 1.156 1.108 1.009 0.909 0.810 0.650 0.419 0.312 0.318 0.391 0.511 0.651 0.780 0.904 1.027 1.135 1.209 1.223 1.113 0.772 0.375 0.178 0.122 0.120 0.128 0.142 0.164 0.201 0.261 0.348 0.470 0.619 0.748 0.830 0.874 0.892 0.899 0.896 0.887 0.871 0.847 0.809 0.754 0.683 0.602 0.524 0.448 0.373 0.301 0.250 0.224 0.219 0.240 0.323 0.384 0.389 0.331 0.220 0.165 0.144 0.130
4.006 3.900 3.806 3.740 3.668 3.565 3.419 3.240 2.990 2.655 2.342 2.107 1.932 1.799 1.713 1.664 1.633 1.526 1.280 1.055 0.881 0.675 0.488 0.435 0.485 0.622 0.801 0.980 1.156 1.338 1.530 1.692 1.818 1.902 1.903 1.630 1.055 0.538 0.254 0.162 0.158 0.178 0.218 0.277 0.369 0.500 0.636 0.748 0.827 0.871 0.889 0.900 0.905 0.900 0.878 0.852 0.816 0.763 0.694 0.614 0.532 0.451 0.372 0.297 0.230 0.182 0.159 0.155 0.175 0.277 0.394 0.418 0.371 0.255 0.192 0.165 0.141
5.291 5.192 5.093 5.003 4.900 4.779 4.622 4.419 4.101 3.634 3.213 2.923 2.716 2.570 2.448 2.353 2.272 2.022 1.538 1.188 0.957 0.752 0.648 0.660 0.780 0.988 1.224 1.449 1.675 1.925 2.202 2.439 2.620 2.743 2.774 2.595 2.092 1.394 0.707 0.300 0.216 0.242 0.313 0.408 0.531 0.672 0.787 0.845 0.867 0.883 0.888 0.902 0.913 0.898 0.856 0.810 0.763 0.706 0.628 0.537 0.452 0.370 0.295 0.227 0.169 0.130 0.111 0.108 0.126 0.230 0.394 0.442 0.406 0.297 0.223 0.179 0.140
6.416 6.327 6.241 6.153 6.053 5.920 5.734 5.492 5.181 4.735 4.298 3.996 3.776 3.609 3.419 3.177 2.874 2.389 1.735 1.305 1.066 0.950 0.939 1.045 1.264 1.544 1.835 2.115 2.402 2.724 3.102 3.441 3.660 3.763 3.752 3.596 3.254 2.691 1.777 0.752 0.340 0.346 0.457 0.588 0.704 0.789 0.846 0.884 0.894 0.883 0.887 0.914 0.920 0.886 0.819 0.752 0.698 0.637 0.549 0.456 0.378 0.307 0.241 0.181 0.133 0.103 0.091 0.091 0.111 0.214 0.395 0.461 0.436 0.337 0.240 0.177 0.129
7.358 7.292 7.221 7.135 7.012 6.848 6.655 6.421 6.142 5.809 5.483 5.231 5.012 4.731 4.335 3.822 3.265 2.575 1.892 1.458 1.285 1.290 1.407 1.650 1.993 2.361 2.713 3.061 3.417 3.808 4.258 4.642 4.859 4.928 4.906 4.784 4.594 4.270 3.421 1.856 0.710 0.475 0.599 0.720 0.810 0.861 0.875 0.880 0.889 0.879 0.890 0.926 0.926 0.862 0.761 0.672 0.610 0.549 0.471 0.392 0.323 0.260 0.203 0.154 0.118 0.096 0.089 0.092 0.118 0.223 0.402 0.471 0.454 0.358 0.237 0.163 0.112
8.124 8.060 7.999 7.903 7.758 7.568 7.367 7.169 6.953 6.712 6.482 6.267 6.006 5.554 4.901 4.181 3.465 2.708 2.107 1.778 1.717 1.835 2.116 2.527 3.028 3.501 3.928 4.342 4.758 5.198 5.649 5.989 6.157 6.233 6.255 6.192 6.039 5.782 5.093 3.603 1.822 0.805 0.687 0.819 0.887 0.928 0.931 0.896 0.876 0.875 0.910 0.935 0.909 0.801 0.657 0.563 0.514 0.473 0.422 0.361 0.290 0.220 0.166 0.131 0.110 0.098 0.095 0.103 0.142 0.258 0.420 0.480 0.464 0.357 0.217 0.138 0.095
8.782 8.644 8.570 8.441 8.273 8.097 7.921 7.752 7.593 7.448 7.311 7.081 6.686 6.004 5.110 4.296 3.569 2.943 2.539 2.388 2.427 2.674 3.121 3.736 4.415 5.007 5.526 6.006 6.469 6.887 7.266 7.473 7.609 7.690 7.633 7.441 7.226 6.941 6.319 5.356 4.046 2.355 1.073 0.866 0.940 0.962 0.964 0.913 0.864 0.882 0.927 0.910 0.825 0.670 0.537 0.480 0.456 0.433 0.401 0.346 0.261 0.181 0.132 0.109 0.102 0.101 0.106 0.126 0.183 0.315 0.451 0.495 0.471 0.327 0.179 0.111 0.081
9.398 9.079 8.935 8.759 8.567 8.405 8.279 8.175 8.101 8.034 7.939 7.596 6.985 6.125 5.097 4.305 3.755 3.418 3.283 3.326 3.483 3.864 4.489 5.321 6.174 6.893 7.473 8.016 8.448 8.723 8.943 9.018 9.108 9.055 8.782 8.400 8.113 7.840 7.337 6.705 6.167 5.086 2.945 1.273 0.942 0.961 0.954 0.921 0.879 0.886 0.905 0.827 0.659 0.522 0.454 0.435 0.430 0.422 0.395 0.329 0.219 0.141 0.106 0.094 0.093 0.098 0.113 0.151 0.233 0.383 0.489 0.512 0.452 0.257 0.131 0.087 0.073
9.823 9.344 9.116 8.918 8.752 8.626 8.543 8.505 8.492 8.462 8.283 7.771 7.014 6.086 5.110 4.509 4.281 4.240 4.343 4.559 4.898 5.457 6.274 7.236 8.094 8.834 9.407 9.883 10.172 10.373 10.440 10.348 10.253 10.018 9.687 9.319 8.923 8.618 8.286 7.870 7.424 6.802 5.479 3.137 1.258 0.892 0.906 0.894 0.900 0.893 0.831 0.676 0.513 0.433 0.407 0.409 0.423 0.424 0.399 0.318 0.186 0.115 0.094 0.090 0.091 0.094 0.112 0.165 0.282 0.450 0.528 0.523 0.407 0.198 0.104 0.076 0.070
9.877 9.384 9.153 8.975 8.838 8.743 8.725 8.736 8.785 8.662 8.330 7.756 6.990 6.133 5.454 5.217 5.276 5.471 5.760 6.161 6.692 7.367 8.183 8.995 9.710 10.377 10.947 11.351 11.526 11.667 11.552 11.356 11.041 10.672 10.399 10.155 9.764 9.366 9.086 8.703 8.205 7.462 6.652 5.429 2.961 1.071 0.821 0.863 0.881 0.856 0.722 0.536 0.422 0.379 0.376 0.393 0.422 0.431 0.413 0.324 0.180 0.108 0.092 0.093 0.094 0.093 0.106 0.164 0.309 0.489 0.547 0.517 0.374 0.185 0.102 0.076 0.070
9.719 9.309 9.135 9.013 8.890 8.802 8.798 8.818 8.874 8.653 8.270 7.703 7.086 6.605 6.394 6.499 6.773 7.158 7.555 8.034 8.568 9.158 9.787 10.366 10.935 11.515 12.056 12.459 12.566 12.641 12.353 12.073 11.648 11.248 11.021 10.846 10.488 10.014 9.694 9.226 8.668 7.833 7.026 6.321 4.913 2.285 0.906 0.803 0.819 0.772 0.631 0.457 0.369 0.344 0.347 0.378 0.421 0.437 0.424 0.338 0.190 0.115 0.098 0.099 0.101 0.098 0.103 0.155 0.304 0.486 0.544 0.510 0.365 0.194 0.113 0.082 0.073
9.448 9.222 9.113 9.041 8.907 8.797 8.768 8.795 8.778 8.556 8.304 7.917 7.691 7.762 8.035 8.302 8.694 9.005 9.274 9.636 10.038 10.606 11.114 11.486 11.850 12.365 12.818 13.183 13.291 13.240 12.896 12.587 12.154 11.795 11.586 11.459 11.064 10.556 10.152 9.588 8.927 8.030 7.247 6.458 5.465 3.493 1.492 0.776 0.709 0.671 0.558 0.409 0.337 0.322 0.328 0.362 0.413 0.431 0.419 0.346 0.215 0.143 0.121 0.115 0.111 0.109 0.111 0.147 0.276 0.455 0.521 0.498 0.373 0.218 0.138 0.100 0.082
9.101 9.078 9.045 8.976 8.823 8.670 8.617 8.593 8.530 8.467 8.518 8.658 8.907 9.326 9.747 10.004 10.310 10.420 10.549 10.798 11.081 11.598 12.044 12.305 12.495 12.889 13.217 13.587 13.729 13.578 13.221 12.937 12.624 12.358 12.177 12.077 11.762 11.206 10.591 9.888 9.051 8.134 7.334 6.493 5.485 4.001 2.117 0.965 0.625 0.560 0.483 0.384 0.331 0.319 0.325 0.356 0.401 0.419 0.411 0.355 0.274 0.235 0.223 0.205 0.165 0.132 0.132 0.156 0.251 0.406 0.476 0.471 0.390 0.258 0.175 0.127 0.097
8.680 8.804 8.833 8.769 8.600 8.389 8.323 8.278 8.265 8.359 8.731 9.395 10.024 10.568 10.886 11.087 11.262 11.267 11.385 11.573 11.780 12.143 12.457 12.698 12.895 13.153 13.318 13.719 13.860 13.722 13.366 13.148 12.988 12.829 12.865 13.013 12.878 12.399 11.467 10.359 9.123 8.170 7.325 6.502 5.565 4.280 2.676 1.381 0.711 0.519 0.455 0.396 0.370 0.392 0.411 0.433 0.459 0.473 0.474 0.484 0.579 0.725 0.795 0.767 0.589 0.319 0.192 0.188 0.246 0.350 0.407 0.422 0.390 0.307 0.225 0.165 0.119
8.092 8.337 8.405 8.355 8.202 7.997 7.935 7.949 8.004 8.212 8.773 9.661 10.604 11.224 11.479 11.645 11.684 11.655 11.736 11.911 12.148 12.407 12.600 12.718 12.880 13.181 13.328 13.646 13.771 13.698 13.430 13.261 13.096 13.080 13.262 13.493 13.514 13.331 12.533 11.266 9.522 8.236 7.335 6.452 5.521 4.415 3.185 2.010 1.130 0.696 0.587 0.616 0.815 1.019 1.102 1.123 1.121 1.130 1.182 1.377 1.760 2.115 2.282 2.295 2.045 1.424 0.725 0.345 0.263 0.302 0.331 0.358 0.367 0.337 0.275 0.207 0.148
7.328 7.645 7.759 7.754 7.650 7.508 7.458 7.471 7.613 7.939 8.601 9.618 10.751 11.426 11.624 11.779 11.769 11.737 11.824 12.013 12.228 12.479 12.604 12.666 12.793 13.018 13.147 13.283 13.362 13.293 13.167 13.053 12.975 13.141 13.428 13.667 13.700 13.476 12.894 11.798 10.113 8.367 7.161 6.248 5.293 4.315 3.429 2.661 2.021 1.615 1.522 1.756 2.350 2.776 2.945 3.021 3.069 3.133 3.244 3.491 3.856 4.096 4.202 4.235 4.188 3.723 2.586 1.221 0.465 0.273 0.270 0.291 0.325 0.328 0.300 0.246 0.183
6.377 6.753 6.950 7.013 6.960 6.896 6.921 6.923 7.044 7.358 8.023 9.118 10.252 10.919 11.142 11.254 11.193 11.156 11.268 11.519 11.738 12.004 12.096 12.141 12.273 12.251 12.027 12.000 12.012 11.954 11.995 12.031 12.219 12.646 12.964 13.110 13.128 12.990 12.585 11.584 10.147 8.404 6.857 5.770 4.870 4.042 3.417 3.083 3.007 3.151 3.405 3.880 4.454 4.742 4.893 5.069 5.318 5.569 5.746 5.854 5.910 5.900 5.875 5.793 5.715 5.466 4.608 2.804 1.097 0.372 0.236 0.239 0.274 0.298 0.296 0.268 0.219
5.166 5.541 5.829 6.037 6.094 6.083 6.080 6.100 6.176 6.484 7.107 8.044 8.841 9.283 9.437 9.515 9.479 9.532 9.565 9.723 9.914 10.106 10.172 10.131 10.133 10.036 9.680 9.478 9.398 9.391 9.567 9.931 10.520 11.169 11.431 11.504 11.504 11.389 11.092 10.368 9.296 7.781 6.125 4.989 4.256 3.663 3.299 3.242 3.525 4.059 4.711 5.402 5.899 6.176 6.413 6.670 7.049 7.382 7.573 7.664 7.639 7.578 7.489 7.268 6.977 6.523 5.656 3.989 1.904 0.682 0.272 0.211 0.222 0.253 0.274 0.269 0.241
3.187 3.468 3.786 4.203 4.504 4.632 4.689 4.774 4.917 5.283 5.827 6.321 6.570 6.659 6.662 6.724 6.766 6.860 6.814 6.807 6.818 6.803 6.702 6.565 6.486 6.433 6.279 6.133 6.064 6.182 6.549 7.202 8.041 8.665 8.993 9.124 9.127 8.906 8.589 8.205 7.420 5.992 4.686 3.923 3.466 3.171 3.072 3.212 3.701 4.478 5.432 6.344 7.003 7.469 7.879 8.249 8.696 9.015 9.206 9.322 9.272 9.161 8.943 8.598 8.173 7.515 6.472 4.816 2.723 1.225 0.457 0.222 0.192 0.204 0.233 0.250 0.246
