AvaFrame/avaframe/data/avaSalk/Avaflow_Input_Output/slk_results/slk_ascii/slk_hflow0017.asc
ncols 296
nrows 144
xllcenter 761600.00
yllcenter 8523000.00
cellsize 12.50
NODATA_value -9999.000
[rows 68 to 101 of 144, columns 154 to 230 of 296]
0.000 0.000 0.000 0.000 0.000 0.000 0.000 0.000 0.000 0.000 0.000 0.000 0.000 0.000 0.000 0.001 0.001 0.001 0.001 0.001 0.001 0.002 0.002 0.002 0.002 0.001 0.001 0.001 0.002 0.002 0.002 0.002 0.003 0.003 0.003 0.004 0.004 0.005 0.005 0.006 0.006 0.007 0.007 0.007 0.008 0.008 0.009 0.009 0.010 0.012 0.013 0.014 0.015 0.016 0.018 0.021 0.024 0.028 0.034 0.042 0.054 0.074 0.105 0.147 0.203 0.276 0.365 0.473 0.573 0.645 0.683 0.693 0.672 0.598 0.461 0.331 0.254
0.000 0.000 0.000 0.000 0.000 0.000 0.000 0.000 0.000 0.000 0.000 0.000 0.000 0.001 0.001 0.001 0.001 0.001 0.001 0.001 0.001 0.002 0.002 0.002 0.002 0.002 0.002 0.002 0.002 0.002 0.002 0.003 0.003 0.004 0.004 0.005 0.005 0.006 0.006 0.007 0.007 0.007 0.007 0.008 0.008 0.009 0.009 0.010 0.011 0.013 0.014 0.016 0.017 0.019 0.021 0.024 0.029 0.035 0.043 0.055 0.074 0.104 0.149 0.209 0.285 0.378 0.481 0.579 0.651 0.687 0.694 0.665 0.580 0.445 0.321 0.252 0.214
0.000 0.000 0.000 0.000 0.000 0.000 0.000 0.000 0.000 0.000 0.000 0.001 0.001 0.001 0.001 0.001 0.001 0.001 0.001 0.001 0.002 0.002 0.002 0.002 0.002 0.002 0.002 0.002 0.002 0.003 0.003 0.003 0.004 0.004 0.005 0.006 0.006 0.006 0.007 0.007 0.007 0.008 0.008 0.008 0.009 0.009 0.010 0.011 0.012 0.014 0.016 0.017 0.019 0.022 0.025 0.029 0.036 0.045 0.058 0.077 0.105 0.148 0.208 0.287 0.387 0.496 0.589 0.650 0.684 0.693 0.664 0.577 0.444 0.323 0.251 0.212 0.188
0.000 0.000 0.001 0.001 0.001 0.001 0.001 0.000 0.000 0.000 0.000 0.001 0.001 0.001 0.001 0.001 0.002 0.002 0.002 0.002 0.002 0.003 0.003 0.003 0.003 0.003 0.003 0.003 0.003 0.003 0.004 0.004 0.005 0.005 0.006 0.006 0.007 0.007 0.007 0.008 0.008 0.008 0.008 0.009 0.009 0.010 0.011 0.013 0.014 0.016 0.018 0.020 0.023 0.027 0.031 0.036 0.045 0.058 0.078 0.111 0.158 0.214 0.291 0.395 0.509 0.607 0.669 0.690 0.687 0.662 0.583 0.453 0.335 0.260 0.214 0.185 0.162
0.000 0.001 0.001 0.001 0.001 0.001 0.001 0.001 0.001 0.001 0.001 0.001 0.001 0.001 0.001 0.002 0.003 0.003 0.003 0.003 0.003 0.004 0.004 0.004 0.004 0.004 0.003 0.003 0.004 0.004 0.004 0.005 0.005 0.006 0.006 0.007 0.007 0.008 0.008 0.008 0.009 0.009 0.009 0.010 0.011 0.012 0.014 0.015 0.017 0.019 0.022 0.025 0.029 0.034 0.039 0.046 0.059 0.078 0.110 0.171 0.240 0.309 0.408 0.527 0.617 0.667 0.692 0.693 0.664 0.592 0.471 0.349 0.270 0.220 0.186 0.160 0.137
0.000 0.000 0.001 0.001 0.001 0.001 0.001 0.001 0.001 0.001 0.001 0.001 0.001 0.002 0.002 0.003 0.004 0.005 0.005 0.005 0.006 0.006 0.006 0.005 0.005 0.004 0.004 0.004 0.004 0.005 0.005 0.006 0.006 0.007 0.007 0.008 0.008 0.008 0.009 0.009 0.009 0.010 0.011 0.012 0.013 0.014 0.016 0.018 0.021 0.024 0.027 0.031 0.038 0.045 0.053 0.065 0.086 0.123 0.187 0.290 0.371 0.439 0.530 0.611 0.656 0.673 0.680 0.661 0.594 0.475 0.356 0.278 0.226 0.190 0.163 0.139 0.116
0.000 0.001 0.001 0.001 0.001 0.002 0.002 0.002 0.002 0.002 0.002 0.002 0.002 0.003 0.003 0.005 0.008 0.011 0.011 0.011 0.012 0.011 0.010 0.007 0.006 0.006 0.006 0.006 0.006 0.006 0.006 0.007 0.007 0.007 0.008 0.009 0.009 0.009 0.009 0.010 0.011 0.012 0.013 0.014 0.016 0.018 0.020 0.022 0.025 0.029 0.033 0.040 0.050 0.063 0.078 0.105 0.157 0.255 0.383 0.501 0.564 0.604 0.637 0.653 0.658 0.656 0.638 0.582 0.472 0.354 0.280 0.231 0.196 0.168 0.143 0.120 0.099
0.001 0.001 0.001 0.001 0.002 0.004 0.005 0.005 0.005 0.005 0.004 0.004 0.004 0.005 0.007 0.011 0.019 0.027 0.031 0.031 0.031 0.029 0.020 0.012 0.010 0.009 0.009 0.008 0.008 0.008 0.008 0.008 0.008 0.008 0.009 0.009 0.010 0.010 0.011 0.011 0.012 0.014 0.016 0.018 0.020 0.022 0.025 0.027 0.031 0.035 0.042 0.053 0.071 0.095 0.131 0.200 0.328 0.458 0.547 0.596 0.629 0.663 0.679 0.671 0.649 0.623 0.565 0.467 0.359 0.283 0.235 0.201 0.173 0.147 0.124 0.103 0.084
0.002 0.002 0.002 0.003 0.004 0.008 0.013 0.014 0.013 0.010 0.009 0.009 0.009 0.010 0.016 0.029 0.054 0.077 0.088 0.092 0.091 0.083 0.056 0.026 0.017 0.016 0.015 0.015 0.014 0.014 0.012 0.011 0.011 0.010 0.011 0.011 0.011 0.011 0.012 0.013 0.014 0.017 0.021 0.025 0.027 0.028 0.030 0.033 0.037 0.044 0.055 0.074 0.106 0.159 0.252 0.372 0.473 0.522 0.551 0.570 0.594 0.637 0.671 0.662 0.619 0.558 0.459 0.360 0.294 0.248 0.210 0.177 0.151 0.126 0.103 0.084 0.070
0.004 0.004 0.004 0.005 0.010 0.024 0.045 0.051 0.047 0.031 0.023 0.023 0.024 0.031 0.050 0.086 0.133 0.174 0.200 0.216 0.222 0.212 0.160 0.074 0.039 0.033 0.033 0.033 0.033 0.032 0.028 0.023 0.020 0.017 0.015 0.013 0.013 0.013 0.014 0.015 0.018 0.022 0.028 0.033 0.036 0.036 0.037 0.040 0.046 0.058 0.077 0.111 0.171 0.278 0.398 0.470 0.490 0.487 0.482 0.496 0.533 0.591 0.635 0.623 0.547 0.443 0.349 0.294 0.262 0.234 0.202 0.164 0.129 0.103 0.084 0.068 0.059
0.009 0.009 0.010 0.014 0.032 0.092 0.171 0.196 0.180 0.123 0.088 0.084 0.091 0.116 0.162 0.218 0.270 0.319 0.368 0.407 0.428 0.426 0.363 0.206 0.102 0.078 0.076 0.080 0.090 0.097 0.093 0.081 0.067 0.053 0.037 0.023 0.018 0.016 0.017 0.019 0.022 0.027 0.032 0.037 0.041 0.044 0.047 0.051 0.061 0.081 0.116 0.175 0.272 0.375 0.442 0.466 0.463 0.456 0.465 0.497 0.531 0.578 0.600 0.557 0.451 0.351 0.291 0.262 0.247 0.230 0.203 0.165 0.119 0.087 0.069 0.058 0.052
0.026 0.028 0.034 0.053 0.119 0.279 0.431 0.476 0.450 0.362 0.308 0.300 0.312 0.346 0.398 0.441 0.476 0.529 0.615 0.678 0.704 0.708 0.660 0.445 0.229 0.170 0.167 0.183 0.222 0.271 0.295 0.292 0.273 0.236 0.172 0.092 0.046 0.028 0.023 0.024 0.027 0.032 0.036 0.040 0.045 0.052 0.059 0.069 0.088 0.123 0.181 0.272 0.363 0.417 0.441 0.449 0.453 0.463 0.490 0.519 0.526 0.547 0.546 0.483 0.379 0.303 0.259 0.241 0.235 0.228 0.210 0.175 0.122 0.082 0.063 0.054 0.050
0.108 0.127 0.169 0.257 0.431 0.652 0.803 0.847 0.833 0.777 0.738 0.726 0.720 0.722 0.736 0.743 0.761 0.830 0.960 1.042 1.063 1.059 0.979 0.658 0.364 0.298 0.310 0.366 0.465 0.597 0.708 0.779 0.802 0.767 0.638 0.413 0.217 0.104 0.050 0.034 0.033 0.036 0.040 0.044 0.051 0.062 0.077 0.097 0.131 0.189 0.275 0.360 0.412 0.435 0.444 0.451 0.466 0.490 0.511 0.515 0.503 0.490 0.470 0.413 0.326 0.264 0.228 0.215 0.218 0.224 0.217 0.193 0.138 0.087 0.064 0.055 0.050
0.550 0.607 0.737 0.952 1.183 1.321 1.360 1.355 1.357 1.343 1.313 1.280 1.231 1.173 1.144 1.133 1.153 1.230 1.346 1.415 1.436 1.413 1.222 0.758 0.476 0.440 0.498 0.639 0.842 1.087 1.329 1.539 1.664 1.674 1.530 1.175 0.756 0.434 0.212 0.090 0.049 0.043 0.046 0.051 0.062 0.079 0.105 0.141 0.197 0.279 0.359 0.409 0.435 0.447 0.455 0.469 0.491 0.506 0.509 0.497 0.467 0.426 0.389 0.344 0.278 0.222 0.190 0.180 0.187 0.210 0.222 0.213 0.168 0.102 0.070 0.058 0.052
1.786 1.839 2.008 2.264 2.400 2.367 2.210 2.105 2.074 2.033 1.960 1.882 1.782 1.672 1.625 1.626 1.647 1.679 1.717 1.733 1.724 1.664 1.333 0.807 0.612 0.621 0.753 1.004 1.335 1.712 2.109 2.475 2.742 2.851 2.767 2.377 1.778 1.205 0.725 0.357 0.145 0.069 0.057 0.063 0.081 0.108 0.148 0.204 0.283 0.359 0.408 0.436 0.451 0.462 0.475 0.491 0.502 0.504 0.495 0.469 0.426 0.377 0.331 0.285 0.229 0.178 0.148 0.140 0.146 0.183 0.224 0.230 0.203 0.130 0.084 0.068 0.059
3.609 3.592 3.612 3.667 3.661 3.560 3.346 3.165 3.039 2.870 2.671 2.532 2.399 2.274 2.218 2.216 2.216 2.179 2.093 2.004 1.925 1.789 1.340 0.893 0.804 0.891 1.120 1.479 1.937 2.457 3.004 3.501 3.890 4.115 4.152 3.872 3.183 2.393 1.715 1.078 0.554 0.253 0.125 0.091 0.109 0.153 0.211 0.284 0.355 0.404 0.435 0.456 0.472 0.484 0.495 0.501 0.501 0.491 0.470 0.433 0.385 0.334 0.281 0.228 0.174 0.128 0.103 0.096 0.103 0.142 0.216 0.243 0.231 0.164 0.106 0.084 0.071
4.901 4.834 4.778 4.736 4.689 4.596 4.470 4.350 4.159 3.834 3.499 3.295 3.156 3.044 2.982 2.941 2.896 2.749 2.459 2.239 2.072 1.831 1.357 1.080 1.091 1.283 1.622 2.084 2.652 3.311 3.967 4.499 4.906 5.156 5.244 5.106 4.586 3.852 3.135 2.359 1.515 0.892 0.507 0.266 0.174 0.213 0.292 0.354 0.399 0.432 0.456 0.476 0.492 0.500 0.503 0.500 0.492 0.472 0.439 0.393 0.339 0.282 0.224 0.170 0.123 0.086 0.066 0.062 0.069 0.102 0.197 0.253 0.251 0.201 0.138 0.105 0.079
5.724 5.649 5.607 5.587 5.564 5.516 5.443 5.376 5.220 4.881 4.487 4.244 4.120 4.039 3.984 3.875 3.666 3.270 2.758 2.424 2.172 1.854 1.508 1.420 1.531 1.826 2.267 2.820 3.467 4.244 4.962 5.454 5.801 5.985 6.059 5.978 5.658 5.206 4.656 3.950 2.953 2.064 1.478 0.991 0.552 0.328 0.356 0.404 0.431 0.454 0.475 0.494 0.508 0.509 0.501 0.489 0.473 0.446 0.403 0.344 0.283 0.224 0.171 0.125 0.087 0.060 0.047 0.045 0.052 0.087 0.187 0.258 0.264 0.229 0.162 0.114 0.080
6.381 6.341 6.331 6.349 6.372 6.378 6.359 6.322 6.224 5.989 5.682 5.466 5.350 5.262 5.081 4.732 4.234 3.593 2.961 2.534 2.233 1.986 1.862 1.931 2.171 2.563 3.083 3.700 4.384 5.221 5.934 6.359 6.585 6.674 6.693 6.627 6.440 6.194 5.799 5.214 4.260 3.336 2.811 2.382 1.750 0.926 0.464 0.437 0.459 0.471 0.488 0.513 0.523 0.517 0.494 0.468 0.441 0.407 0.353 0.287 0.232 0.183 0.140 0.101 0.069 0.050 0.042 0.042 0.050 0.091 0.191 0.261 0.269 0.236 0.167 0.111 0.074
6.967 6.968 7.009 7.069 7.114 7.150 7.176 7.172 7.130 7.023 6.863 6.708 6.543 6.284 5.847 5.236 4.523 3.742 3.092 2.629 2.373 2.308 2.398 2.635 3.024 3.536 4.125 4.776 5.482 6.245 6.845 7.164 7.256 7.288 7.249 7.150 6.986 6.773 6.432 5.909 5.095 4.306 3.885 3.654 3.372 2.481 1.084 0.486 0.469 0.482 0.498 0.529 0.534 0.514 0.468 0.419 0.383 0.348 0.299 0.245 0.198 0.156 0.118 0.087 0.063 0.049 0.044 0.045 0.060 0.111 0.209 0.265 0.269 0.234 0.157 0.099 0.064
7.516 7.547 7.638 7.719 7.776 7.812 7.848 7.879 7.884 7.856 7.808 7.704 7.470 6.942 6.202 5.419 4.631 3.853 3.252 2.864 2.750 2.866 3.151 3.577 4.133 4.772 5.450 6.137 6.804 7.339 7.734 7.914 7.901 7.865 7.777 7.629 7.410 7.113 6.723 6.196 5.568 4.997 4.632 4.457 4.359 4.097 2.672 0.840 0.452 0.487 0.514 0.535 0.533 0.488 0.405 0.346 0.321 0.301 0.272 0.229 0.180 0.132 0.096 0.074 0.059 0.052 0.051 0.057 0.084 0.150 0.235 0.271 0.268 0.217 0.133 0.080 0.052
8.114 8.123 8.212 8.260 8.297 8.342 8.380 8.425 8.506 8.554 8.550 8.415 8.005 7.202 6.255 5.410 4.665 4.043 3.608 3.410 3.426 3.676 4.171 4.816 5.573 6.298 7.015 7.688 8.205 8.460 8.639 8.680 8.623 8.502 8.307 8.026 7.751 7.369 6.897 6.308 5.756 5.330 5.027 4.871 4.760 4.682 4.124 2.106 0.640 0.476 0.524 0.528 0.498 0.417 0.328 0.292 0.284 0.279 0.264 0.227 0.166 0.109 0.075 0.060 0.055 0.055 0.061 0.078 0.122 0.200 0.261 0.279 0.258 0.176 0.099 0.060 0.043
8.846 8.641 8.619 8.625 8.655 8.684 8.721 8.811 8.963 9.072 9.076 8.824 8.172 7.164 6.118 5.311 4.784 4.442 4.276 4.281 4.413 4.795 5.471 6.298 7.123 7.825 8.417 8.986 9.378 9.501 9.614 9.557 9.450 9.229 8.826 8.392 8.055 7.611 7.085 6.423 5.814 5.401 5.149 4.999 4.845 4.703 4.421 3.350 1.498 0.585 0.512 0.492 0.415 0.327 0.276 0.265 0.271 0.275 0.266 0.225 0.145 0.085 0.060 0.052 0.051 0.054 0.066 0.099 0.169 0.248 0.281 0.280 0.221 0.121 0.069 0.046 0.037
9.383 9.018 8.910 8.887 8.878 8.910 9.012 9.188 9.401 9.506 9.379 8.889 8.061 6.942 5.970 5.383 5.175 5.143 5.239 5.437 5.727 6.214 6.910 7.702 8.405 9.061 9.574 10.077 10.329 10.417 10.466 10.313 10.126 9.825 9.356 8.850 8.385 7.890 7.333 6.612 5.880 5.383 5.119 4.958 4.765 4.522 4.203 3.604 2.326 1.013 0.498 0.398 0.321 0.266 0.246 0.249 0.268 0.282 0.277 0.229 0.130 0.070 0.053 0.050 0.050 0.052 0.065 0.108 0.202 0.281 0.297 0.276 0.190 0.096 0.056 0.040 0.035
9.591 9.215 9.083 9.073 9.080 9.096 9.169 9.409 9.625 9.653 9.407 8.739 7.831 6.875 6.186 5.932 6.013 6.207 6.505 6.882 7.256 7.698 8.233 8.895 9.456 10.063 10.535 10.992 11.163 11.229 11.138 10.865 10.602 10.235 9.874 9.426 8.895 8.273 7.656 6.909 6.080 5.352 4.922 4.701 4.453 4.140 3.775 3.319 2.595 1.496 0.641 0.328 0.251 0.223 0.220 0.233 0.268 0.296 0.296 0.242 0.128 0.067 0.053 0.052 0.053 0.052 0.062 0.105 0.207 0.291 0.305 0.276 0.185 0.095 0.055 0.039 0.034
9.621 9.308 9.227 9.227 9.241 9.257 9.273 9.495 9.624 9.577 9.236 8.603 7.835 7.274 7.054 7.146 7.367 7.678 8.012 8.346 8.622 9.003 9.431 9.919 10.353 10.866 11.342 11.740 11.850 11.856 11.647 11.203 10.890 10.539 10.235 9.914 9.479 8.758 8.075 7.293 6.420 5.466 4.738 4.247 3.888 3.570 3.215 2.820 2.370 1.734 0.909 0.381 0.227 0.198 0.197 0.215 0.263 0.300 0.302 0.252 0.137 0.075 0.059 0.058 0.057 0.055 0.060 0.094 0.189 0.282 0.302 0.278 0.193 0.105 0.063 0.044 0.036
9.583 9.368 9.366 9.352 9.311 9.274 9.245 9.372 9.358 9.352 9.096 8.643 8.348 8.373 8.581 8.859 9.013 9.203 9.353 9.490 9.748 10.103 10.537 10.824 11.159 11.513 11.961 12.277 12.394 12.309 11.987 11.504 11.187 10.892 10.602 10.342 9.931 9.228 8.547 7.683 6.709 5.626 4.729 3.971 3.381 2.998 2.616 2.207 1.904 1.601 1.092 0.516 0.248 0.196 0.193 0.210 0.257 0.296 0.300 0.261 0.167 0.113 0.093 0.080 0.067 0.064 0.066 0.085 0.156 0.253 0.288 0.276 0.210 0.127 0.081 0.056 0.042
9.438 9.395 9.443 9.417 9.290 9.150 9.042 9.017 8.909 9.001 9.134 9.208 9.398 9.714 10.008 10.222 10.294 10.340 10.395 10.370 10.631 10.943 11.344 11.516 11.684 11.919 12.295 12.545 12.685 12.535 12.207 11.795 11.549 11.308 11.053 10.820 10.479 9.842 9.069 8.056 6.913 5.740 4.761 3.917 3.207 2.702 2.237 1.810 1.542 1.367 1.124 0.687 0.361 0.270 0.267 0.278 0.304 0.330 0.338 0.334 0.330 0.335 0.324 0.265 0.152 0.091 0.081 0.091 0.133 0.211 0.256 0.259 0.227 0.161 0.110 0.076 0.053
9.250 9.365 9.434 9.414 9.214 8.925 8.716 8.619 8.580 8.728 9.133 9.725 10.255 10.682 10.890 11.020 11.063 11.000 11.069 11.008 11.181 11.385 11.710 11.870 11.970 12.127 12.458 12.665 12.832 12.691 12.433 12.111 11.945 11.871 11.838 11.760 11.662 11.158 10.063 8.606 7.109 5.830 4.772 3.909 3.197 2.644 2.144 1.731 1.474 1.331 1.226 1.102 0.958 0.914 0.917 0.884 0.813 0.793 0.817 0.930 1.154 1.287 1.299 1.164 0.796 0.369 0.172 0.119 0.125 0.162 0.206 0.227 0.222 0.192 0.149 0.106 0.070
8.905 9.157 9.271 9.228 9.000 8.653 8.403 8.280 8.271 8.481 9.020 9.879 10.638 11.136 11.266 11.336 11.332 11.259 11.321 11.299 11.455 11.608 11.830 11.907 12.001 12.124 12.425 12.580 12.709 12.646 12.525 12.305 12.167 12.219 12.324 12.426 12.482 12.153 11.214 9.651 7.628 5.923 4.751 3.882 3.210 2.676 2.218 1.879 1.707 1.683 1.926 2.498 2.928 3.044 2.994 2.798 2.522 2.403 2.421 2.597 2.934 3.105 3.139 3.048 2.616 1.768 0.924 0.400 0.179 0.129 0.147 0.179 0.202 0.200 0.179 0.140 0.096
8.508 8.775 8.862 8.865 8.728 8.385 8.057 7.907 7.899 8.114 8.681 9.725 10.640 11.184 11.314 11.364 11.333 11.226 11.253 11.290 11.453 11.578 11.729 11.740 11.804 11.882 12.000 12.070 12.166 12.229 12.197 12.085 12.052 12.191 12.422 12.606 12.615 12.293 11.512 10.199 8.289 6.188 4.704 3.820 3.234 2.806 2.487 2.329 2.376 2.746 3.519 4.506 5.173 5.411 5.403 5.252 5.020 4.888 4.847 4.886 4.976 4.988 4.950 4.901 4.782 4.249 3.062 1.601 0.588 0.193 0.118 0.132 0.167 0.188 0.186 0.164 0.126
7.824 8.101 8.195 8.187 8.101 7.914 7.610 7.421 7.350 7.486 7.961 9.048 10.032 10.598 10.717 10.714 10.652 10.538 10.567 10.700 10.901 11.029 11.106 11.089 11.140 11.032 10.773 10.707 10.697 10.678 10.667 10.804 11.076 11.486 11.783 11.890 11.874 11.691 11.118 10.033 8.375 6.298 4.609 3.684 3.201 2.921 2.792 2.786 3.026 3.720 4.730 5.732 6.434 6.781 6.913 6.926 6.927 6.930 6.937 6.928 6.862 6.778 6.669 6.515 6.341 5.944 4.966 3.208 1.443 0.470 0.153 0.111 0.128 0.158 0.175 0.170 0.147
6.735 6.932 7.055 7.173 7.154 7.062 6.764 6.565 6.477 6.555 6.930 7.767 8.477 8.872 8.955 8.951 8.886 8.860 8.857 8.903 9.022 9.163 9.210 9.136 9.080 8.837 8.377 8.112 7.907 7.814 7.863 8.191 8.851 9.573 9.826 9.875 9.906 9.851 9.489 8.742 7.590 5.933 4.266 3.393 3.057 2.915 2.912 3.049 3.436 4.221 5.338 6.459 7.250 7.735 8.079 8.320 8.616 8.806 8.844 8.844 8.774 8.618 8.458 8.206 7.817 7.222 6.103 4.253 2.261 0.968 0.325 0.131 0.109 0.122 0.147 0.159 0.154
4.688 4.809 4.988 5.308 5.468 5.495 5.361 5.262 5.254 5.371 5.636 6.012 6.221 6.230 6.159 6.146 6.152 6.154 6.064 5.972 5.931 5.864 5.673 5.474 5.348 5.225 5.013 4.815 4.675 4.706 4.894 5.359 6.077 6.739 7.091 7.192 7.146 6.978 6.768 6.452 5.697 4.342 3.234 2.798 2.706 2.763 2.890 3.144 3.653 4.519 5.758 7.085 8.044 8.713 9.255 9.730 10.139 10.473 10.622 10.690 10.647 10.422 10.203 9.882 9.306 8.520 7.146 5.151 3.137 1.699 0.761 0.285 0.135 0.118 0.133 0.151 0.160
