AvaFrame/avaframe/data/avaSalk/Avaflow_Input_Output/slk_results/slk_ascii/slk_basechange0024.asc
ncols 296
nrows 144
xllcenter 761600.00
yllcenter 8523000.00
cellsize 12.50
NODATA_value -9999.000
[rows 33 to 65 of 144, columns 222 to 295 of 296]
0.000 0.000 0.000 0.000 -0.000 -0.000 -0.000 -0.000 -0.000 -0.000 -0.000 -0.000 -0.000 -0.000 -0.000 -0.000 -0.000 -0.000 -0.000 -0.000 -0.000 -0.001 -0.001 -0.001 -0.002 -0.004 -0.007 -0.014 -0.026 -0.045 -0.071 -0.104 -0.146 -0.196 -0.267 -0.343 -0.426 -0.520 -0.599 -0.672 -0.727 -0.749 -0.724 -0.663 -0.572 -0.410 -0.204 -0.072 -0.021 -0.004 -0.001 -0.000 -0.000 -0.000 -0.000 0.000 0.000 0.000 0.000 0.000 0.000 0.000 0.000 0.000 0.000 0.000 0.000 0.000 0.000 0.000 0.000 0.000 0.000 0.000
0.000 0.000 0.000 -0.000 -0.000 -0.000 -0.000 -0.000 -0.000 -0.000 -0.000 -0.000 -0.000 -0.000 -0.000 -0.000 -0.000 -0.000 -0.000 -0.001 -0.001 -0.001 -0.002 -0.004 -0.007 -0.014 -0.026 -0.046 -0.074 -0.109 -0.150 -0.195 -0.249 -0.312 -0.409 -0.533 -0.669 -0.817 -0.935 -1.010 -1.049 -1.029 -0.956 -0.837 -0.679 -0.461 -0.226 -0.072 -0.020 -0.004 -0.001 -0.000 -0.000 -0.000 -0.000 0.000 0.000 0.000 0.000 0.000 0.000 0.000 0.000 0.000 0.000 0.000 0.000 0.000 0.000 0.000 0.000 0.000 0.000 0.000
0.000 -0.000 -0.000 -0.000 -0.000 -0.000 -0.000 -0.000 -0.000 -0.000 -0.000 -0.000 -0.000 -0.000 -0.000 -0.000 -0.000 -0.001 -0.001 -0.001 -0.002 -0.003 -0.006 -0.012 -0.024 -0.044 -0.073 -0.111 -0.155 -0.203 -0.254 -0.311 -0.376 -0.465 -0.610 -0.815 -1.053 -1.318 -1.525 -1.620 -1.652 -1.583 -1.405 -1.135 -0.840 -0.532 -0.241 -0.079 -0.021 -0.005 -0.001 -0.000 -0.000 -0.000 -0.000 -0.000 0.000 0.000 0.000 0.000 0.000 0.000 0.000 0.000 0.000 0.000 0.000 0.000 0.000 0.000 0.000 0.000 0.000 0.000
-0.000 -0.000 -0.000 -0.000 -0.000 -0.000 -0.000 -0.000 -0.000 -0.000 -0.000 -0.000 -0.000 -0.000 -0.000 -0.000 -0.001 -0.001 -0.002 -0.003 -0.005 -0.010 -0.020 -0.040 -0.069 -0.108 -0.154 -0.204 -0.257 -0.313 -0.373 -0.444 -0.529 -0.684 -0.942 -1.251 -1.590 -2.005 -2.387 -2.575 -2.614 -2.531 -2.250 -1.762 -1.209 -0.672 -0.274 -0.086 -0.023 -0.005 -0.001 -0.000 -0.000 -0.000 -0.000 -0.000 0.000 0.000 0.000 0.000 0.000 0.000 0.000 0.000 0.000 0.000 0.000 0.000 0.000 0.000 0.000 0.000 0.000 0.000
-0.000 -0.000 -0.000 -0.000 -0.000 -0.000 -0.000 -0.000 -0.000 -0.000 -0.000 -0.000 -0.000 -0.000 -0.001 -0.001 -0.001 -0.002 -0.004 -0.009 -0.017 -0.034 -0.062 -0.101 -0.148 -0.198 -0.252 -0.309 -0.368 -0.429 -0.495 -0.583 -0.702 -0.949 -1.369 -1.855 -2.326 -2.761 -3.116 -3.388 -3.518 -3.505 -3.155 -2.550 -1.838 -0.981 -0.347 -0.093 -0.023 -0.005 -0.001 -0.000 -0.000 -0.000 -0.000 -0.000 0.000 0.000 0.000 0.000 0.000 0.000 0.000 0.000 0.000 0.000 0.000 0.000 0.000 0.000 0.000 0.000 0.000 0.000
-0.000 -0.000 -0.000 -0.000 -0.000 -0.000 -0.000 -0.000 -0.000 -0.000 -0.000 -0.000 -0.001 -0.001 -0.001 -0.002 -0.003 -0.006 -0.013 -0.027 -0.052 -0.090 -0.137 -0.189 -0.244 -0.300 -0.358 -0.419 -0.483 -0.551 -0.622 -0.732 -0.924 -1.311 -1.893 -2.574 -3.225 -3.405 -3.140 -3.013 -3.205 -3.454 -3.243 -2.945 -2.550 -1.462 -0.464 -0.105 -0.025 -0.006 -0.001 -0.000 -0.000 -0.000 -0.000 -0.000 0.000 0.000 0.000 0.000 0.000 0.000 0.000 0.000 0.000 0.000 0.000 0.000 0.000 0.000 0.000 0.000 0.000 0.000
-0.000 -0.000 -0.000 -0.000 -0.000 -0.000 -0.000 -0.000 -0.000 -0.000 -0.001 -0.001 -0.001 -0.002 -0.003 -0.005 -0.009 -0.019 -0.040 -0.075 -0.121 -0.174 -0.231 -0.290 -0.350 -0.413 -0.476 -0.543 -0.612 -0.685 -0.771 -0.913 -1.242 -1.841 -2.494 -3.007 -3.503 -3.575 -3.120 -2.398 -1.986 -2.306 -2.539 -2.822 -2.963 -1.837 -0.528 -0.111 -0.026 -0.006 -0.002 -0.000 -0.000 -0.000 -0.000 -0.000 0.000 0.000 0.000 0.000 0.000 0.000 0.000 0.000 0.000 0.000 0.000 0.000 0.000 0.000 0.000 0.000 0.000 0.000
-0.000 -0.000 -0.000 -0.000 -0.000 -0.000 -0.000 -0.000 -0.001 -0.001 -0.001 -0.002 -0.002 -0.004 -0.007 -0.014 -0.028 -0.056 -0.100 -0.155 -0.215 -0.276 -0.338 -0.405 -0.471 -0.541 -0.610 -0.684 -0.764 -0.848 -0.957 -1.156 -1.656 -2.290 -2.580 -2.791 -3.167 -3.089 -2.894 -2.384 -1.831 -1.840 -1.874 -2.804 -3.067 -1.896 -0.527 -0.105 -0.025 -0.006 -0.002 -0.001 -0.000 -0.000 -0.000 -0.000 0.000 0.000 0.000 0.000 0.000 0.000 0.000 0.000 0.000 0.000 0.000 0.000 0.000 0.000 0.000 0.000 0.000 0.000
-0.000 -0.000 -0.000 -0.000 -0.000 -0.000 -0.000 -0.001 -0.001 -0.001 -0.002 -0.003 -0.005 -0.010 -0.020 -0.041 -0.078 -0.132 -0.196 -0.261 -0.326 -0.396 -0.465 -0.539 -0.614 -0.691 -0.769 -0.850 -0.942 -1.045 -1.202 -1.503 -2.074 -2.449 -2.333 -2.279 -2.469 -2.340 -2.421 -2.195 -1.772 -1.885 -1.931 -2.926 -2.960 -1.585 -0.443 -0.093 -0.023 -0.005 -0.002 -0.001 -0.000 -0.000 -0.000 -0.000 0.000 0.000 0.000 0.000 0.000 0.000 0.000 0.000 0.000 0.000 0.000 0.000 0.000 0.000 0.000 0.000 0.000 0.000
-0.000 -0.000 -0.000 -0.000 -0.000 -0.001 -0.001 -0.001 -0.002 -0.003 -0.005 -0.008 -0.015 -0.029 -0.060 -0.110 -0.178 -0.252 -0.327 -0.401 -0.472 -0.545 -0.625 -0.708 -0.793 -0.881 -0.972 -1.065 -1.176 -1.313 -1.542 -1.993 -2.476 -2.560 -2.295 -2.252 -2.260 -2.129 -2.439 -2.345 -2.033 -2.018 -2.105 -2.762 -2.270 -1.056 -0.298 -0.074 -0.019 -0.005 -0.002 -0.001 -0.000 -0.000 -0.000 -0.000 0.000 0.000 0.000 0.000 0.000 0.000 0.000 0.000 0.000 0.000 0.000 0.000 0.000 0.000 0.000 0.000 0.000 0.000
-0.000 -0.000 -0.000 -0.001 -0.001 -0.001 -0.002 -0.003 -0.004 -0.007 -0.013 -0.024 -0.046 -0.088 -0.153 -0.236 -0.322 -0.407 -0.490 -0.572 -0.655 -0.740 -0.836 -0.934 -1.033 -1.139 -1.248 -1.371 -1.522 -1.744 -2.069 -2.558 -2.844 -2.748 -2.548 -2.451 -2.464 -2.286 -2.369 -2.354 -2.180 -2.121 -2.293 -2.285 -1.478 -0.629 -0.178 -0.052 -0.015 -0.004 -0.002 -0.001 -0.000 -0.000 -0.000 -0.000 0.000 0.000 0.000 0.000 0.000 0.000 0.000 0.000 0.000 0.000 0.000 0.000 0.000 0.000 0.000 0.000 0.000 0.000
-0.000 -0.001 -0.001 -0.001 -0.002 -0.002 -0.004 -0.006 -0.011 -0.021 -0.040 -0.075 -0.133 -0.213 -0.308 -0.406 -0.496 -0.584 -0.674 -0.775 -0.881 -0.995 -1.126 -1.257 -1.385 -1.525 -1.686 -1.875 -2.135 -2.500 -2.907 -3.194 -3.244 -3.114 -3.072 -2.933 -2.901 -2.916 -2.917 -2.881 -2.678 -2.391 -2.161 -1.587 -0.837 -0.333 -0.108 -0.035 -0.010 -0.004 -0.001 -0.001 -0.000 -0.000 -0.000 -0.000 0.000 0.000 0.000 0.000 0.000 0.000 0.000 0.000 0.000 0.000 0.000 0.000 0.000 0.000 0.000 0.000 0.000 0.000
-0.001 -0.001 -0.002 -0.002 -0.003 -0.005 -0.009 -0.017 -0.034 -0.065 -0.117 -0.192 -0.291 -0.395 -0.497 -0.597 -0.697 -0.802 -0.912 -1.048 -1.209 -1.374 -1.563 -1.770 -1.974 -2.198 -2.475 -2.805 -3.172 -3.551 -3.898 -4.015 -3.899 -3.752 -3.755 -3.766 -3.745 -3.762 -3.682 -3.342 -2.818 -2.121 -1.492 -0.865 -0.397 -0.157 -0.060 -0.022 -0.007 -0.003 -0.001 -0.000 -0.000 -0.000 -0.000 -0.000 0.000 0.000 0.000 0.000 0.000 0.000 0.000 0.000 0.000 0.000 0.000 0.000 0.000 0.000 0.000 0.000 0.000 0.000
-0.001 -0.002 -0.003 -0.005 -0.008 -0.014 -0.026 -0.052 -0.099 -0.167 -0.257 -0.362 -0.475 -0.592 -0.701 -0.819 -0.951 -1.097 -1.270 -1.477 -1.738 -2.020 -2.306 -2.610 -2.928 -3.238 -3.591 -3.949 -4.224 -4.384 -4.464 -4.495 -4.390 -4.207 -4.127 -4.023 -3.828 -3.497 -3.056 -2.506 -1.859 -1.232 -0.725 -0.373 -0.167 -0.071 -0.031 -0.012 -0.005 -0.002 -0.001 -0.000 -0.000 -0.000 -0.000 -0.000 0.000 0.000 0.000 0.000 0.000 0.000 0.000 0.000 0.000 0.000 0.000 0.000 0.000 0.000 0.000 0.000 0.000 0.000
-0.003 -0.004 -0.007 -0.011 -0.021 -0.042 -0.079 -0.139 -0.222 -0.323 -0.429 -0.545 -0.666 -0.800 -0.944 -1.106 -1.310 -1.542 -1.824 -2.178 -2.574 -2.991 -3.374 -3.690 -3.931 -4.114 -4.285 -4.466 -4.576 -4.539 -4.401 -4.304 -4.135 -3.839 -3.575 -3.219 -2.670 -2.086 -1.642 -1.254 -0.882 -0.547 -0.302 -0.154 -0.073 -0.034 -0.016 -0.007 -0.003 -0.001 -0.001 -0.000 -0.000 -0.000 -0.000 0.000 0.000 0.000 0.000 0.000 0.000 0.000 0.000 0.000 0.000 0.000 0.000 0.000 0.000 0.000 0.000 0.000 0.000 0.000
-0.006 -0.010 -0.017 -0.033 -0.063 -0.115 -0.192 -0.287 -0.391 -0.505 -0.622 -0.748 -0.895 -1.065 -1.265 -1.515 -1.834 -2.216 -2.629 -3.103 -3.578 -3.950 -4.177 -4.300 -4.325 -4.298 -4.298 -4.323 -4.255 -4.047 -3.697 -3.341 -2.995 -2.587 -2.182 -1.786 -1.400 -1.072 -0.817 -0.600 -0.408 -0.251 -0.142 -0.076 -0.039 -0.019 -0.009 -0.004 -0.002 -0.001 -0.001 -0.000 -0.000 -0.000 -0.000 0.000 0.000 0.000 0.000 0.000 0.000 0.000 0.000 0.000 0.000 0.000 0.000 0.000 0.000 0.000 0.000 0.000 0.000 0.000
-0.015 -0.027 -0.052 -0.095 -0.162 -0.249 -0.353 -0.464 -0.582 -0.713 -0.860 -1.020 -1.217 -1.466 -1.752 -2.110 -2.554 -3.058 -3.526 -3.929 -4.189 -4.295 -4.238 -4.118 -3.969 -3.799 -3.673 -3.530 -3.307 -2.980 -2.583 -2.172 -1.801 -1.496 -1.243 -1.027 -0.828 -0.643 -0.487 -0.355 -0.244 -0.153 -0.088 -0.047 -0.023 -0.011 -0.006 -0.003 -0.001 -0.001 -0.000 -0.000 -0.000 -0.000 -0.000 0.000 0.000 0.000 0.000 0.000 0.000 0.000 0.000 0.000 0.000 0.000 0.000 0.000 0.000 0.000 0.000 0.000 0.000 0.000
-0.043 -0.080 -0.139 -0.220 -0.321 -0.431 -0.542 -0.665 -0.805 -0.970 -1.169 -1.405 -1.678 -2.024 -2.421 -2.859 -3.337 -3.797 -4.113 -4.230 -4.173 -3.971 -3.661 -3.359 -3.100 -2.874 -2.703 -2.540 -2.318 -2.044 -1.752 -1.468 -1.214 -1.010 -0.850 -0.712 -0.578 -0.454 -0.346 -0.252 -0.170 -0.104 -0.057 -0.028 -0.013 -0.007 -0.004 -0.002 -0.001 -0.001 -0.000 -0.000 -0.000 -0.000 -0.000 0.000 0.000 0.000 0.000 0.000 0.000 0.000 0.000 0.000 0.000 0.000 0.000 0.000 0.000 0.000 0.000 0.000 0.000 0.000
-0.115 -0.189 -0.285 -0.393 -0.508 -0.633 -0.764 -0.914 -1.095 -1.311 -1.576 -1.884 -2.237 -2.637 -3.074 -3.502 -3.880 -4.104 -4.110 -3.888 -3.538 -3.137 -2.764 -2.469 -2.261 -2.110 -1.994 -1.871 -1.697 -1.478 -1.259 -1.065 -0.898 -0.761 -0.641 -0.536 -0.434 -0.340 -0.258 -0.186 -0.120 -0.067 -0.033 -0.016 -0.008 -0.004 -0.002 -0.001 -0.001 -0.000 -0.000 -0.000 -0.000 -0.000 0.000 0.000 0.000 0.000 0.000 0.000 0.000 0.000 0.000 0.000 0.000 0.000 0.000 0.000 0.000 0.000 0.000 0.000 0.000 0.000
-0.250 -0.351 -0.462 -0.583 -0.712 -0.853 -1.020 -1.211 -1.444 -1.716 -2.041 -2.392 -2.769 -3.148 -3.524 -3.837 -3.973 -3.863 -3.536 -3.086 -2.612 -2.244 -1.992 -1.846 -1.764 -1.686 -1.594 -1.471 -1.308 -1.125 -0.961 -0.822 -0.702 -0.602 -0.510 -0.422 -0.339 -0.261 -0.193 -0.133 -0.080 -0.041 -0.020 -0.010 -0.005 -0.003 -0.002 -0.001 -0.001 -0.000 -0.000 -0.000 -0.000 -0.000 0.000 0.000 0.000 0.000 0.000 0.000 0.000 0.000 0.000 0.000 0.000 0.000 0.000 0.000 0.000 0.000 0.000 0.000 0.000 0.000
-0.431 -0.543 -0.662 -0.794 -0.942 -1.111 -1.309 -1.538 -1.821 -2.131 -2.473 -2.819 -3.168 -3.486 -3.705 -3.803 -3.643 -3.228 -2.728 -2.254 -1.897 -1.686 -1.575 -1.522 -1.495 -1.436 -1.328 -1.191 -1.040 -0.890 -0.762 -0.659 -0.573 -0.492 -0.416 -0.341 -0.270 -0.203 -0.144 -0.092 -0.051 -0.025 -0.013 -0.007 -0.004 -0.002 -0.001 -0.001 -0.000 -0.000 -0.000 -0.000 -0.000 -0.000 0.000 0.000 0.000 0.000 0.000 0.000 0.000 0.000 0.000 0.000 0.000 0.000 0.000 0.000 0.000 0.000 0.000 0.000 0.000 0.000
-0.613 -0.738 -0.872 -1.023 -1.195 -1.394 -1.628 -1.892 -2.193 -2.514 -2.829 -3.131 -3.405 -3.605 -3.592 -3.391 -3.044 -2.539 -2.071 -1.735 -1.527 -1.418 -1.365 -1.342 -1.310 -1.236 -1.113 -0.971 -0.834 -0.720 -0.624 -0.542 -0.474 -0.410 -0.342 -0.276 -0.214 -0.157 -0.106 -0.063 -0.033 -0.017 -0.008 -0.005 -0.002 -0.001 -0.001 -0.000 -0.000 -0.000 -0.000 -0.000 -0.000 0.000 0.000 0.000 0.000 0.000 0.000 0.000 0.000 0.000 0.000 0.000 0.000 0.000 0.000 0.000 0.000 0.000 0.000 0.000 0.000 0.000
-0.790 -0.926 -1.078 -1.252 -1.454 -1.686 -1.950 -2.246 -2.529 -2.824 -3.093 -3.329 -3.472 -3.458 -3.233 -2.848 -2.409 -1.994 -1.678 -1.473 -1.353 -1.289 -1.253 -1.217 -1.156 -1.057 -0.926 -0.790 -0.674 -0.585 -0.517 -0.455 -0.398 -0.341 -0.282 -0.223 -0.169 -0.121 -0.077 -0.043 -0.022 -0.011 -0.006 -0.003 -0.002 -0.001 -0.001 -0.000 -0.000 -0.000 -0.000 -0.000 -0.000 0.000 0.000 0.000 0.000 0.000 0.000 0.000 0.000 0.000 0.000 0.000 0.000 0.000 0.000 0.000 0.000 0.000 0.000 0.000 0.000 0.000
-0.990 -1.133 -1.300 -1.496 -1.723 -1.981 -2.256 -2.535 -2.797 -3.045 -3.234 -3.365 -3.355 -3.137 -2.778 -2.342 -1.917 -1.608 -1.423 -1.324 -1.262 -1.215 -1.174 -1.111 -1.014 -0.891 -0.762 -0.644 -0.553 -0.485 -0.431 -0.385 -0.338 -0.286 -0.232 -0.180 -0.133 -0.091 -0.055 -0.029 -0.015 -0.008 -0.004 -0.002 -0.001 -0.001 -0.000 -0.000 -0.000 -0.000 -0.000 -0.000 0.000 0.000 0.000 0.000 0.000 0.000 0.000 0.000 0.000 0.000 0.000 0.000 0.000 0.000 0.000 0.000 0.000 0.000 0.000 0.000 0.000 0.000
-1.196 -1.354 -1.546 -1.756 -1.990 -2.247 -2.503 -2.747 -2.961 -3.158 -3.253 -3.216 -3.040 -2.703 -2.260 -1.830 -1.532 -1.358 -1.262 -1.216 -1.191 -1.148 -1.079 -0.987 -0.870 -0.739 -0.621 -0.529 -0.461 -0.409 -0.366 -0.325 -0.284 -0.239 -0.190 -0.144 -0.104 -0.068 -0.038 -0.019 -0.010 -0.005 -0.003 -0.002 -0.001 -0.001 -0.000 -0.000 -0.000 -0.000 -0.000 -0.000 0.000 0.000 0.000 0.000 0.000 0.000 0.000 0.000 0.000 0.000 0.000 0.000 0.000 0.000 0.000 0.000 0.000 0.000 0.000 0.000 0.000 0.000
-1.393 -1.565 -1.778 -2.002 -2.221 -2.464 -2.689 -2.893 -3.055 -3.162 -3.152 -2.954 -2.607 -2.169 -1.749 -1.427 -1.250 -1.176 -1.154 -1.140 -1.120 -1.064 -0.966 -0.847 -0.721 -0.601 -0.508 -0.438 -0.388 -0.347 -0.312 -0.276 -0.235 -0.195 -0.153 -0.114 -0.080 -0.049 -0.026 -0.013 -0.006 -0.003 -0.002 -0.001 -0.001 -0.000 -0.000 -0.000 -0.000 -0.000 -0.000 0.000 0.000 0.000 0.000 0.000 0.000 0.000 0.000 0.000 0.000 0.000 0.000 0.000 0.000 0.000 0.000 0.000 0.000 0.000 0.000 0.000 0.000 0.000
-1.584 -1.773 -1.985 -2.206 -2.411 -2.624 -2.843 -2.987 -3.074 -3.059 -2.900 -2.579 -2.150 -1.722 -1.398 -1.199 -1.104 -1.074 -1.072 -1.069 -1.040 -0.959 -0.837 -0.707 -0.586 -0.489 -0.420 -0.370 -0.331 -0.298 -0.266 -0.232 -0.195 -0.157 -0.121 -0.089 -0.060 -0.035 -0.018 -0.008 -0.004 -0.002 -0.001 -0.001 -0.000 -0.000 -0.000 -0.000 -0.000 -0.000 -0.000 0.000 0.000 0.000 0.000 0.000 0.000 0.000 0.000 0.000 0.000 0.000 0.000 0.000 0.000 0.000 0.000 0.000 0.000 0.000 0.000 0.000 0.000 0.000
-1.771 -1.973 -2.170 -2.373 -2.564 -2.743 -2.917 -3.026 -3.013 -2.844 -2.529 -2.132 -1.719 -1.393 -1.194 -1.084 -1.039 -1.033 -1.031 -1.004 -0.941 -0.836 -0.700 -0.579 -0.481 -0.410 -0.358 -0.319 -0.286 -0.258 -0.229 -0.196 -0.161 -0.128 -0.098 -0.070 -0.045 -0.025 -0.012 -0.006 -0.003 -0.002 -0.001 -0.001 -0.000 -0.000 -0.000 -0.000 -0.000 -0.000 -0.000 0.000 0.000 0.000 0.000 0.000 0.000 0.000 0.000 0.000 0.000 0.000 0.000 0.000 0.000 0.000 0.000 0.000 0.000 0.000 0.000 0.000 0.000 0.000
-1.956 -2.143 -2.339 -2.511 -2.675 -2.822 -2.939 -2.958 -2.832 -2.530 -2.110 -1.706 -1.388 -1.182 -1.078 -1.030 -1.011 -1.011 -0.987 -0.928 -0.828 -0.698 -0.571 -0.475 -0.405 -0.353 -0.312 -0.279 -0.250 -0.224 -0.197 -0.166 -0.134 -0.106 -0.080 -0.055 -0.033 -0.018 -0.009 -0.004 -0.002 -0.001 -0.001 -0.000 -0.000 -0.000 -0.000 -0.000 -0.000 -0.000 -0.000 0.000 0.000 0.000 0.000 0.000 0.000 0.000 0.000 0.000 0.000 0.000 0.000 0.000 0.000 0.000 0.000 0.000 0.000 0.000 0.000 0.000 0.000 0.000
-2.127 -2.291 -2.468 -2.617 -2.744 -2.835 -2.874 -2.794 -2.539 -2.136 -1.713 -1.390 -1.182 -1.072 -1.017 -1.007 -0.997 -0.971 -0.914 -0.818 -0.693 -0.566 -0.467 -0.398 -0.349 -0.308 -0.274 -0.245 -0.218 -0.193 -0.168 -0.140 -0.113 -0.088 -0.064 -0.042 -0.024 -0.013 -0.006 -0.003 -0.002 -0.001 -0.001 -0.000 -0.000 -0.000 -0.000 -0.000 -0.000 -0.000 -0.000 0.000 0.000 0.000 0.000 0.000 0.000 0.000 0.000 0.000 0.000 0.000 0.000 0.000 0.000 0.000 0.000 0.000 0.000 0.000 0.000 0.000 0.000 0.000
-2.281 -2.427 -2.561 -2.672 -2.748 -2.782 -2.718 -2.531 -2.189 -1.755 -1.402 -1.186 -1.071 -1.018 -0.995 -0.986 -0.965 -0.897 -0.801 -0.684 -0.560 -0.458 -0.390 -0.342 -0.305 -0.273 -0.243 -0.216 -0.190 -0.167 -0.143 -0.119 -0.096 -0.073 -0.050 -0.030 -0.017 -0.009 -0.004 -0.002 -0.001 -0.001 -0.000 -0.000 -0.000 -0.000 -0.000 -0.000 -0.000 -0.000 -0.000 0.000 0.000 0.000 0.000 0.000 0.000 0.000 0.000 0.000 0.000 0.000 0.000 0.000 0.000 0.000 0.000 0.000 0.000 0.000 0.000 0.000 0.000 0.000
-2.409 -2.525 -2.623 -2.682 -2.706 -2.672 -2.525 -2.216 -1.806 -1.445 -1.204 -1.071 -1.009 -0.990 -0.980 -0.956 -0.896 -0.791 -0.668 -0.552 -0.453 -0.381 -0.332 -0.298 -0.270 -0.243 -0.216 -0.189 -0.165 -0.144 -0.122 -0.102 -0.080 -0.057 -0.036 -0.020 -0.011 -0.006 -0.003 -0.001 -0.001 -0.000 -0.000 -0.000 -0.000 -0.000 -0.000 -0.000 -0.000 -0.000 -0.000 0.000 0.000 0.000 0.000 0.000 0.000 0.000 0.000 0.000 0.000 0.000 0.000 0.000 0.000 0.000 0.000 0.000 0.000 0.000 0.000 0.000 0.000 0.000
-2.505 -2.586 -2.653 -2.679 -2.646 -2.510 -2.248 -1.857 -1.469 -1.214 -1.080 -1.004 -0.970 -0.958 -0.933 -0.879 -0.792 -0.669 -0.548 -0.449 -0.376 -0.325 -0.288 -0.259 -0.237 -0.214 -0.190 -0.165 -0.143 -0.123 -0.105 -0.085 -0.064 -0.042 -0.024 -0.013 -0.007 -0.004 -0.002 -0.001 -0.001 -0.000 -0.000 -0.000 -0.000 -0.000 -0.000 -0.000 -0.000 -0.000 -0.000 0.000 0.000 0.000 0.000 0.000 0.000 0.000 0.000 0.000 0.000 0.000 0.000 0.000 0.000 0.000 0.000 0.000 0.000 0.000 0.000 0.000 0.000 0.000
