AvaFrame/avaframe/data/avaSalk/Avaflow_Input_Output/slk_results/slk_ascii/slk_treach.asc
ncols 296
nrows 144
xllcenter 761600.00
yllcenter 8523000.00
cellsize 12.50
NODATA_value -9999.000
[rows 81 to 107 of 144, columns 186 to 247 of 296]
23.526 23.188 22.851 22.683 22.344 22.174 22.004 21.833 21.495 21.327 21.161 20.995 20.831 20.666 20.666 20.501 20.337 20.173 20.010 20.010 19.845 19.679 19.679 19.512 19.512 19.345 19.345 19.345 19.178 19.178 19.011 19.011 19.011 18.844 18.844 18.844 18.844 18.678 18.678 18.678 18.678 18.678 18.844 18.844 19.011 19.178 19.512 19.679 20.010 20.173 20.501 20.666 20.831 21.161 21.327 21.664 22.004 22.344 22.851 23.357 24.039 24.728
23.526 23.188 23.019 22.683 22.514 22.344 22.174 22.004 21.833 21.495 21.495 21.327 21.161 20.995 20.831 20.666 20.501 20.501 20.337 20.173 20.173 20.010 20.010 19.845 19.845 19.679 19.679 19.679 19.512 19.512 19.345 19.345 19.345 19.345 19.178 19.178 19.178 19.178 19.178 19.178 19.178 19.178 19.345 19.512 19.679 19.845 20.010 20.337 20.666 20.831 21.161 21.327 21.495 21.833 22.174 22.344 22.851 23.188 23.697 24.384 25.248 26.137
23.526 23.357 23.019 22.851 22.683 22.514 22.344 22.174 22.004 21.833 21.664 21.495 21.327 21.161 21.161 20.995 20.831 20.666 20.666 20.501 20.501 20.337 20.337 20.173 20.173 20.173 20.010 20.010 19.845 19.845 19.845 19.679 19.679 19.679 19.679 19.512 19.512 19.512 19.512 19.512 19.679 19.679 19.845 20.010 20.173 20.501 20.666 20.995 21.327 21.495 21.833 22.004 22.344 22.514 22.851 23.188 23.697 24.212 24.728 25.599 26.498 27.594
23.697 23.357 23.188 23.019 22.851 22.683 22.514 22.344 22.174 22.004 21.833 21.664 21.664 21.495 21.327 21.161 21.161 20.995 20.995 20.831 20.831 20.666 20.666 20.501 20.501 20.501 20.337 20.337 20.337 20.173 20.173 20.173 20.010 20.010 20.010 20.010 20.010 20.010 20.010 20.010 20.173 20.173 20.337 20.666 20.831 21.161 21.327 21.664 22.004 22.174 22.514 22.851 23.019 23.357 23.697 24.212 24.556 25.074 25.957 26.861 27.965 29.663
23.868 23.526 23.357 23.188 23.019 22.851 22.683 22.514 22.344 22.344 22.174 22.004 21.833 21.664 21.664 21.495 21.495 21.327 21.327 21.161 21.161 20.995 20.995 20.831 20.831 20.831 20.666 20.666 20.666 20.501 20.501 20.501 20.501 20.501 20.337 20.337 20.337 20.337 20.337 20.501 20.666 20.831 20.995 21.161 21.495 21.664 22.004 22.344 22.683 22.851 23.188 23.526 23.868 24.212 24.556 25.074 25.599 26.317 27.044 28.338 30.047 32.397
23.868 23.697 23.526 23.357 23.188 23.019 23.019 22.851 22.683 22.514 22.344 22.344 22.174 22.004 22.004 21.833 21.664 21.664 21.664 21.495 21.495 21.327 21.327 21.327 21.161 21.161 20.995 20.995 20.995 20.995 20.831 20.831 20.831 20.831 20.831 20.831 20.831 20.831 20.831 20.995 21.161 21.327 21.495 21.833 22.174 22.344 22.683 23.019 23.357 23.697 24.039 24.384 24.728 25.074 25.599 25.957 26.679 27.410 28.525 30.047 32.397 -9999.000
24.212 24.039 23.868 23.697 23.526 23.357 23.188 23.019 22.851 22.851 22.683 22.514 22.514 22.344 22.174 22.174 22.004 22.004 21.833 21.833 21.833 21.664 21.664 21.664 21.495 21.495 21.495 21.327 21.327 21.327 21.327 21.327 21.161 21.161 21.161 21.161 21.161 21.327 21.327 21.495 21.664 21.833 22.174 22.514 22.683 23.019 23.357 23.697 24.039 24.384 24.728 25.248 25.599 26.137 26.498 27.044 27.779 28.713 30.047 31.997 35.523 -9999.000
24.384 24.212 24.039 23.868 23.697 23.526 23.526 23.357 23.188 23.019 23.019 22.851 22.683 22.683 22.514 22.514 22.344 22.344 22.344 22.174 22.174 22.004 22.004 22.004 21.833 21.833 21.833 21.664 21.664 21.664 21.664 21.664 21.664 21.664 21.664 21.664 21.664 21.664 21.833 22.004 22.174 22.514 22.851 23.019 23.357 23.697 24.039 24.384 24.728 25.248 25.599 26.137 26.498 27.044 27.594 28.338 29.091 30.239 31.798 34.025 38.487 -9999.000
24.556 24.384 24.212 24.212 24.039 23.868 23.697 23.526 23.526 23.357 23.188 23.188 23.019 23.019 22.851 22.851 22.683 22.683 22.514 22.514 22.514 22.344 22.344 22.344 22.174 22.174 22.174 22.174 22.004 22.004 22.004 22.004 22.004 22.004 22.004 22.004 22.174 22.174 22.344 22.514 22.851 23.019 23.357 23.697 24.039 24.384 24.728 25.074 25.599 25.957 26.498 27.044 27.410 28.151 28.713 29.472 30.432 31.600 33.614 36.188 -9999.000 -9999.000
24.901 24.728 24.556 24.384 24.212 24.212 24.039 23.868 23.697 23.697 23.526 23.357 23.357 23.188 23.188 23.188 23.019 23.019 22.851 22.851 22.851 22.683 22.683 22.683 22.514 22.514 22.514 22.514 22.514 22.514 22.514 22.514 22.514 22.514 22.514 22.514 22.514 22.683 22.851 23.019 23.357 23.697 24.039 24.384 24.556 25.074 25.423 25.957 26.317 26.861 27.227 27.779 28.525 29.091 29.855 30.625 31.798 33.206 35.523 38.487 -9999.000 -9999.000
25.074 24.901 24.728 24.728 24.556 24.384 24.212 24.212 24.039 24.039 23.868 23.697 23.697 23.526 23.526 23.526 23.357 23.357 23.188 23.188 23.188 23.019 23.019 23.019 22.851 22.851 22.851 22.851 22.851 22.851 22.851 22.851 22.851 22.851 22.851 23.019 23.019 23.188 23.357 23.526 23.868 24.212 24.556 24.901 25.248 25.778 26.137 26.679 27.227 27.594 28.151 28.713 29.472 30.047 30.818 31.798 33.206 34.869 37.556 41.339 -9999.000 -9999.000
25.423 25.248 25.074 24.901 24.901 24.728 24.556 24.556 24.384 24.212 24.212 24.039 24.039 23.868 23.868 23.868 23.697 23.697 23.526 23.526 23.526 23.357 23.357 23.357 23.357 23.188 23.188 23.188 23.188 23.188 23.188 23.357 23.357 23.357 23.357 23.357 23.526 23.697 23.868 24.212 24.384 24.901 25.248 25.599 25.957 26.498 27.044 27.410 27.965 28.525 29.091 29.663 30.239 31.013 31.997 33.003 34.655 36.867 40.379 -9999.000 -9999.000 -9999.000
25.599 25.599 25.423 25.248 25.074 25.074 24.901 24.728 24.728 24.556 24.556 24.384 24.384 24.212 24.212 24.212 24.039 24.039 23.868 23.868 23.868 23.697 23.697 23.697 23.697 23.697 23.697 23.697 23.697 23.697 23.697 23.697 23.697 23.697 23.868 23.868 24.039 24.212 24.384 24.728 25.074 25.423 25.957 26.317 26.861 27.227 27.779 28.338 28.713 29.281 29.855 30.625 31.403 32.196 33.003 34.233 36.188 39.427 44.271 -9999.000 -9999.000 -9999.000
25.957 25.778 25.778 25.599 25.423 25.423 25.248 25.074 25.074 24.901 24.901 24.728 24.728 24.556 24.556 24.556 24.384 24.384 24.384 24.212 24.212 24.212 24.039 24.039 24.039 24.039 24.039 24.039 24.039 24.039 24.039 24.212 24.212 24.212 24.212 24.384 24.556 24.728 24.901 25.248 25.599 25.957 26.498 27.044 27.594 28.151 28.525 29.091 29.663 30.239 30.818 31.600 32.397 33.206 34.233 35.743 38.254 43.776 -9999.000 -9999.000 -9999.000 -9999.000
26.317 26.137 26.137 25.957 25.778 25.778 25.599 25.423 25.423 25.248 25.248 25.074 25.074 24.901 24.901 24.901 24.728 24.728 24.728 24.556 24.556 24.556 24.384 24.384 24.384 24.384 24.384 24.384 24.384 24.556 24.556 24.556 24.556 24.728 24.728 24.901 25.074 25.248 25.423 25.778 26.137 26.498 27.044 27.594 28.151 28.902 29.472 29.855 30.432 31.013 31.798 32.397 33.206 34.233 35.523 37.325 43.285 -9999.000 -9999.000 -9999.000 -9999.000 -9999.000
26.679 26.498 26.317 26.317 26.137 25.957 25.957 25.778 25.778 25.599 25.599 25.423 25.423 25.423 25.248 25.248 25.074 25.074 25.074 24.901 24.901 24.901 24.901 24.728 24.728 24.728 24.728 24.901 24.901 24.901 24.901 25.074 25.074 25.074 25.248 25.423 25.599 25.778 25.957 26.317 26.679 27.044 27.594 28.151 28.902 29.472 30.239 30.818 31.403 31.997 32.598 33.410 34.233 35.304 36.867 40.141 -9999.000 -9999.000 -9999.000 -9999.000 -9999.000 -9999.000
27.044 26.861 26.679 26.679 26.498 26.317 26.317 26.137 26.137 25.957 25.957 25.778 25.778 25.778 25.599 25.599 25.423 25.423 25.423 25.248 25.248 25.248 25.248 25.248 25.248 25.248 25.248 25.248 25.248 25.423 25.423 25.423 25.599 25.599 25.778 25.957 26.137 26.317 26.498 26.861 27.227 27.594 28.151 28.713 29.472 30.239 30.818 31.600 32.196 32.801 33.614 34.442 35.304 36.413 38.254 -9999.000 -9999.000 -9999.000 -9999.000 -9999.000 -9999.000 -9999.000
27.227 27.227 27.044 27.044 26.861 26.679 26.679 26.498 26.498 26.317 26.317 26.317 26.137 26.137 25.957 25.957 25.778 25.778 25.778 25.599 25.599 25.599 25.599 25.599 25.599 25.599 25.599 25.778 25.778 25.778 25.778 25.957 25.957 26.137 26.317 26.498 26.679 26.861 27.227 27.410 27.779 28.338 28.713 29.281 30.047 30.625 31.403 32.196 33.003 33.819 34.442 35.304 36.188 37.556 40.141 -9999.000 -9999.000 -9999.000 -9999.000 -9999.000 -9999.000 -9999.000
27.594 27.594 27.410 27.410 27.227 27.044 27.044 26.861 26.861 26.679 26.679 26.679 26.498 26.498 26.317 26.317 26.137 26.137 26.137 25.957 25.957 25.957 25.957 25.957 25.957 25.957 26.137 26.137 26.137 26.317 26.317 26.317 26.498 26.679 26.861 27.044 27.227 27.594 27.779 28.151 28.525 28.902 29.281 29.855 30.432 31.207 31.997 32.801 33.614 34.442 35.304 36.188 37.325 38.721 -9999.000 -9999.000 -9999.000 -9999.000 -9999.000 -9999.000 -9999.000 -9999.000
27.965 27.965 27.779 27.779 27.594 27.410 27.410 27.227 27.227 27.227 27.044 27.044 26.861 26.861 26.679 26.679 26.679 26.498 26.498 26.498 26.317 26.317 26.317 26.317 26.498 26.498 26.498 26.679 26.679 26.679 26.861 26.861 27.044 27.227 27.410 27.594 27.779 28.151 28.525 28.713 29.091 29.472 30.047 30.432 31.013 31.798 32.598 33.410 34.233 35.086 36.188 37.325 38.487 40.141 -9999.000 -9999.000 -9999.000 -9999.000 -9999.000 -9999.000 -9999.000 -9999.000
28.338 28.338 28.151 28.151 27.965 27.965 27.779 27.779 27.594 27.594 27.410 27.410 27.227 27.227 27.044 27.044 27.044 26.861 26.861 26.861 26.861 26.861 26.861 26.861 26.861 26.861 27.044 27.044 27.044 27.227 27.227 27.410 27.594 27.779 27.965 28.151 28.525 28.713 29.091 29.472 29.855 30.239 30.625 31.013 31.600 32.397 33.003 33.819 34.655 35.743 36.867 38.254 39.665 41.822 -9999.000 -9999.000 -9999.000 -9999.000 -9999.000 -9999.000 -9999.000 -9999.000
28.902 28.713 28.525 28.525 28.338 28.338 28.151 28.151 27.965 27.965 27.779 27.779 27.594 27.594 27.410 27.410 27.410 27.227 27.227 27.227 27.227 27.227 27.227 27.227 27.410 27.410 27.410 27.594 27.594 27.594 27.779 27.965 28.151 28.338 28.525 28.713 29.091 29.472 29.855 30.047 30.432 30.818 31.207 31.798 32.196 32.801 33.614 34.233 35.086 36.188 37.325 38.956 41.099 44.271 -9999.000 -9999.000 -9999.000 -9999.000 -9999.000 -9999.000 -9999.000 -9999.000
29.281 29.091 29.091 28.902 28.713 28.713 28.525 28.525 28.338 28.338 28.338 28.151 28.151 27.965 27.965 27.779 27.779 27.779 27.594 27.594 27.594 27.594 27.779 27.779 27.779 27.965 27.965 27.965 28.151 28.151 28.338 28.338 28.525 28.713 29.091 29.281 29.663 30.047 30.432 30.818 31.207 31.600 31.997 32.397 33.003 33.410 34.233 34.869 35.743 36.639 37.788 39.427 43.285 -9999.000 -9999.000 -9999.000 -9999.000 -9999.000 -9999.000 -9999.000 -9999.000 -9999.000
29.663 29.663 29.472 29.281 29.281 29.091 29.091 28.902 28.902 28.713 28.713 28.525 28.525 28.338 28.338 28.151 28.151 28.151 28.151 28.151 28.151 28.151 28.151 28.151 28.338 28.338 28.338 28.525 28.525 28.713 28.713 28.902 29.091 29.281 29.663 29.855 30.239 30.818 31.207 31.600 31.997 32.196 32.598 33.003 33.614 34.025 34.655 35.523 36.188 37.096 38.021 39.665 56.382 68.778 265.667 -9999.000 -9999.000 -9999.000 -9999.000 -9999.000 -9999.000 -9999.000
30.239 30.047 30.047 29.855 29.855 29.663 29.472 29.472 29.281 29.281 29.091 29.091 28.902 28.902 28.713 28.713 28.525 28.525 28.525 28.525 28.525 28.525 28.713 28.713 28.713 28.902 28.902 29.091 29.091 29.281 29.281 29.472 29.663 29.855 30.239 30.432 31.013 31.403 31.798 32.196 32.598 33.003 33.410 33.819 34.233 34.869 35.304 35.965 36.639 37.556 38.487 39.903 50.961 56.656 67.330 135.932 -9999.000 -9999.000 -9999.000 -9999.000 -9999.000 -9999.000
30.818 30.625 30.625 30.432 30.239 30.239 30.047 30.047 29.855 29.855 29.663 29.472 29.472 29.281 29.281 29.091 29.091 29.091 29.091 29.091 29.091 29.091 29.091 29.281 29.281 29.281 29.472 29.472 29.663 29.663 29.855 30.047 30.239 30.432 30.625 31.013 31.600 31.997 32.598 33.003 33.410 33.819 34.233 34.442 35.086 35.523 35.965 36.639 37.325 38.021 38.956 40.141 46.532 51.494 58.309 70.532 120.390 -9999.000 -9999.000 -9999.000 -9999.000 -9999.000
31.600 31.403 31.207 31.013 31.013 30.818 30.818 30.818 30.625 30.432 30.239 30.047 29.855 29.855 29.663 29.663 29.472 29.472 29.472 29.472 29.472 29.472 29.663 29.663 29.663 29.855 29.855 30.047 30.047 30.239 30.432 30.432 30.625 31.013 31.207 31.600 32.196 32.801 33.206 33.819 34.233 34.442 34.869 35.304 35.743 36.188 36.639 37.325 37.788 38.721 39.427 40.619 43.530 48.852 55.563 65.035 82.941 138.144 -9999.000 -9999.000 -9999.000 -9999.000
