AvaFrame/avaframe/data/avaSalk/Avaflow_Input_Output/slk_results/slk_ascii/slk_hflow0012.asc
ncols 296
nrows 144
xllcenter 761600.00
yllcenter 8523000.00
cellsize 12.50
NODATA_value -9999.000
[rows 102 to 135 of 144, columns 154 to 230 of 296]
1.531 1.670 1.823 2.117 2.478 2.740 2.922 3.097 3.337 3.652 3.899 3.962 3.930 3.866 3.818 3.813 3.783 3.685 3.530 3.367 3.256 3.145 3.028 2.948 2.886 2.865 2.870 2.915 3.016 3.301 3.787 4.416 5.032 5.435 5.656 5.769 5.740 5.640 5.327 4.711 3.644 2.634 2.337 2.386 2.486 2.624 2.836 3.216 3.892 4.932 6.251 7.506 8.490 9.259 9.929 10.371 10.813 11.054 11.169 11.245 11.126 11.018 10.718 10.280 9.676 8.869 7.532 5.651 3.724 2.176 1.058 0.436 0.208 0.167 0.178 0.199 0.235
0.374 0.412 0.460 0.572 0.773 0.949 1.102 1.272 1.475 1.638 1.699 1.708 1.728 1.744 1.747 1.741 1.669 1.523 1.362 1.229 1.133 1.073 1.045 1.023 0.994 0.976 0.983 1.054 1.224 1.547 2.007 2.453 2.740 2.925 3.109 3.295 3.361 3.310 2.804 1.728 0.939 0.759 0.888 1.123 1.393 1.747 2.237 2.921 3.840 5.038 6.473 7.912 9.079 10.130 10.947 11.551 12.075 12.305 12.425 12.536 12.277 12.124 11.829 11.394 10.725 9.916 8.463 6.498 4.648 3.116 1.878 1.022 0.545 0.354 0.318 0.348 0.537
0.097 0.101 0.107 0.130 0.183 0.236 0.284 0.347 0.417 0.453 0.460 0.462 0.477 0.509 0.525 0.519 0.476 0.403 0.342 0.298 0.269 0.259 0.258 0.256 0.248 0.239 0.236 0.255 0.333 0.487 0.696 0.872 0.983 1.076 1.188 1.302 1.350 1.292 0.889 0.328 0.157 0.163 0.233 0.371 0.550 0.806 1.333 2.263 3.510 4.967 6.459 7.961 9.251 10.500 11.522 12.356 12.958 13.216 13.283 13.339 13.142 12.952 12.641 12.149 11.474 10.670 9.400 7.529 5.723 4.261 3.035 2.069 1.410 1.076 0.993 1.075 1.491
0.035 0.036 0.036 0.041 0.055 0.069 0.080 0.094 0.103 0.104 0.103 0.103 0.108 0.122 0.129 0.127 0.114 0.097 0.086 0.078 0.073 0.072 0.071 0.071 0.069 0.067 0.067 0.071 0.087 0.120 0.163 0.204 0.241 0.274 0.303 0.317 0.320 0.295 0.161 0.061 0.045 0.044 0.054 0.087 0.145 0.248 0.514 1.242 2.614 4.412 6.079 7.615 9.053 10.416 11.598 12.538 13.210 13.518 13.685 13.793 13.574 13.393 13.095 12.630 12.114 11.460 10.489 8.937 7.165 5.675 4.474 3.492 2.771 2.414 2.366 2.542 3.010
0.014 0.015 0.016 0.017 0.021 0.027 0.032 0.035 0.036 0.036 0.035 0.035 0.037 0.042 0.044 0.042 0.038 0.033 0.029 0.027 0.027 0.026 0.026 0.026 0.025 0.025 0.026 0.028 0.034 0.042 0.052 0.065 0.074 0.078 0.079 0.078 0.077 0.070 0.046 0.027 0.020 0.018 0.020 0.025 0.035 0.056 0.125 0.410 1.318 3.044 4.993 6.725 8.315 9.901 11.236 12.366 13.188 13.565 13.790 13.895 13.761 13.603 13.255 12.857 12.383 11.903 11.352 10.379 8.934 7.416 6.191 5.191 4.442 4.088 4.029 4.107 4.271
0.007 0.007 0.008 0.008 0.009 0.012 0.015 0.015 0.015 0.015 0.015 0.015 0.016 0.017 0.018 0.017 0.015 0.013 0.012 0.012 0.011 0.011 0.011 0.011 0.011 0.011 0.012 0.014 0.016 0.019 0.023 0.028 0.029 0.029 0.029 0.032 0.032 0.031 0.026 0.019 0.014 0.011 0.010 0.011 0.013 0.018 0.028 0.085 0.412 1.408 3.160 5.172 7.071 8.943 10.457 11.784 12.760 13.264 13.511 13.757 13.672 13.489 13.185 12.783 12.547 12.244 11.925 11.355 10.282 8.910 7.755 6.800 6.075 5.618 5.341 5.161 4.970
0.003 0.004 0.004 0.004 0.004 0.006 0.007 0.007 0.007 0.007 0.007 0.007 0.008 0.008 0.008 0.007 0.007 0.006 0.006 0.006 0.006 0.006 0.006 0.006 0.006 0.006 0.007 0.008 0.009 0.011 0.013 0.015 0.015 0.016 0.018 0.020 0.021 0.021 0.019 0.016 0.011 0.008 0.007 0.006 0.007 0.008 0.011 0.020 0.080 0.427 1.406 3.110 5.216 7.321 9.118 10.661 11.697 12.344 12.721 13.009 13.117 13.057 12.947 12.697 12.554 12.322 12.170 11.865 11.034 9.792 8.634 7.781 7.126 6.631 6.179 5.752 5.307
0.002 0.002 0.002 0.002 0.002 0.003 0.004 0.004 0.004 0.004 0.004 0.004 0.004 0.004 0.004 0.004 0.003 0.003 0.003 0.003 0.003 0.003 0.004 0.004 0.004 0.005 0.006 0.006 0.007 0.009 0.010 0.011 0.012 0.013 0.014 0.015 0.015 0.015 0.014 0.013 0.010 0.007 0.005 0.004 0.004 0.005 0.006 0.008 0.017 0.072 0.376 1.272 2.926 5.077 7.193 8.892 10.134 10.932 11.475 11.792 12.119 12.253 12.297 12.325 12.366 12.277 12.109 11.791 11.098 9.999 8.780 7.980 7.412 6.918 6.417 5.888 5.377
0.001 0.001 0.001 0.001 0.001 0.001 0.002 0.002 0.002 0.002 0.002 0.002 0.002 0.002 0.002 0.002 0.002 0.002 0.002 0.002 0.002 0.002 0.003 0.003 0.003 0.004 0.005 0.006 0.007 0.008 0.009 0.010 0.011 0.012 0.012 0.013 0.013 0.012 0.012 0.010 0.009 0.007 0.005 0.004 0.003 0.003 0.004 0.005 0.007 0.016 0.050 0.288 1.077 2.608 4.640 6.422 7.864 8.987 9.861 10.396 10.795 11.058 11.267 11.497 11.710 11.862 11.763 11.456 10.831 9.833 8.668 7.866 7.263 6.733 6.226 5.695 5.138
0.000 0.000 0.000 0.000 0.001 0.001 0.001 0.001 0.001 0.001 0.001 0.001 0.001 0.001 0.001 0.001 0.001 0.001 0.001 0.001 0.001 0.002 0.002 0.002 0.003 0.003 0.004 0.005 0.006 0.007 0.008 0.010 0.010 0.011 0.012 0.012 0.012 0.011 0.010 0.009 0.008 0.006 0.005 0.003 0.003 0.002 0.002 0.003 0.004 0.007 0.013 0.032 0.226 0.928 2.257 3.788 5.267 6.683 7.943 8.864 9.437 9.759 10.028 10.308 10.661 10.920 10.937 10.714 10.134 9.290 8.287 7.490 6.847 6.278 5.752 5.218 4.613
0.000 0.000 0.000 0.000 0.000 0.000 0.000 0.000 0.000 0.000 0.000 0.000 0.000 0.000 0.000 0.000 0.000 0.000 0.000 0.001 0.001 0.001 0.001 0.001 0.002 0.002 0.003 0.004 0.005 0.006 0.007 0.009 0.010 0.011 0.012 0.012 0.012 0.011 0.011 0.010 0.008 0.006 0.005 0.003 0.003 0.002 0.002 0.002 0.002 0.003 0.006 0.011 0.026 0.196 0.787 1.824 3.056 4.344 5.707 6.977 7.842 8.359 8.719 8.997 9.312 9.534 9.648 9.546 9.160 8.490 7.615 6.844 6.181 5.576 5.004 4.434 3.818
0.000 0.000 0.000 0.000 0.000 0.000 0.000 0.000 0.000 0.000 0.000 0.000 0.000 0.000 0.000 0.000 0.000 0.000 0.000 0.000 0.000 0.000 0.001 0.001 0.001 0.001 0.002 0.003 0.004 0.005 0.006 0.008 0.010 0.011 0.012 0.013 0.014 0.014 0.014 0.012 0.009 0.006 0.005 0.003 0.003 0.002 0.002 0.002 0.002 0.002 0.003 0.005 0.009 0.027 0.174 0.640 1.446 2.462 3.631 4.890 5.958 6.776 7.338 7.699 7.931 8.024 8.043 8.024 7.835 7.371 6.686 5.984 5.306 4.678 4.091 3.519 2.954
0.000 0.000 0.000 0.000 0.000 0.000 0.000 0.000 0.000 0.000 0.000 0.000 0.000 0.000 0.000 0.000 0.000 0.000 0.000 0.000 0.000 0.000 0.000 0.000 0.000 0.001 0.001 0.002 0.002 0.003 0.005 0.007 0.009 0.011 0.013 0.014 0.015 0.015 0.015 0.014 0.011 0.007 0.005 0.004 0.003 0.002 0.001 0.001 0.001 0.001 0.002 0.002 0.004 0.009 0.027 0.146 0.499 1.134 1.994 3.027 4.100 5.064 5.798 6.342 6.613 6.670 6.599 6.418 6.201 5.924 5.495 4.981 4.389 3.831 3.312 2.786 2.270
0.000 0.000 0.000 0.000 0.000 0.000 0.000 0.000 0.000 0.000 0.000 0.000 0.000 0.000 0.000 0.000 0.000 0.000 0.000 0.000 0.000 0.000 0.000 0.000 0.000 0.000 0.000 0.001 0.001 0.002 0.003 0.005 0.007 0.010 0.012 0.013 0.014 0.015 0.015 0.014 0.011 0.008 0.005 0.004 0.002 0.002 0.001 0.001 0.001 0.001 0.001 0.001 0.002 0.004 0.009 0.026 0.114 0.370 0.852 1.569 2.486 3.458 4.305 4.996 5.384 5.472 5.395 5.162 4.812 4.490 4.214 3.937 3.554 3.136 2.695 2.223 1.738
0.000 0.000 0.000 0.000 0.000 0.000 0.000 0.000 0.000 0.000 0.000 0.000 0.000 0.000 0.000 0.000 0.000 0.000 0.000 0.000 0.000 0.000 0.000 0.000 0.000 0.000 0.000 0.000 0.001 0.001 0.002 0.003 0.005 0.008 0.010 0.011 0.012 0.012 0.012 0.011 0.010 0.007 0.005 0.003 0.002 0.001 0.001 0.000 0.000 0.000 0.001 0.001 0.001 0.002 0.004 0.009 0.022 0.079 0.246 0.607 1.223 2.045 2.930 3.715 4.204 4.376 4.328 4.138 3.787 3.425 3.174 2.999 2.796 2.543 2.196 1.784 1.329
0.000 0.000 0.000 0.000 0.000 0.000 0.000 0.000 0.000 0.000 0.000 0.000 0.000 0.000 0.000 0.000 0.000 0.000 0.000 0.000 0.000 0.000 0.000 0.000 0.000 0.000 0.000 0.000 0.000 0.000 0.001 0.002 0.003 0.005 0.006 0.007 0.007 0.007 0.007 0.007 0.006 0.006 0.004 0.003 0.002 0.001 0.000 0.000 0.000 0.000 0.000 0.000 0.001 0.001 0.002 0.004 0.008 0.017 0.049 0.157 0.438 0.953 1.712 2.554 3.097 3.314 3.317 3.205 2.974 2.675 2.420 2.254 2.142 2.006 1.769 1.444 1.033
0.000 0.000 0.000 0.000 0.000 0.000 0.000 0.000 0.000 0.000 0.000 0.000 0.000 0.000 0.000 0.000 0.000 0.000 0.000 0.000 0.000 0.000 0.000 0.000 0.000 0.000 0.000 0.000 0.000 0.000 0.000 0.001 0.002 0.002 0.003 0.004 0.004 0.004 0.004 0.004 0.004 0.003 0.003 0.002 0.001 0.000 0.000 0.000 0.000 0.000 0.000 0.000 0.000 0.001 0.001 0.002 0.003 0.006 0.013 0.033 0.106 0.312 0.771 1.519 2.115 2.350 2.392 2.360 2.261 2.096 1.895 1.733 1.631 1.528 1.375 1.147 0.825
0.000 0.000 0.000 0.000 0.000 0.000 0.000 0.000 0.000 0.000 0.000 0.000 0.000 0.000 0.000 0.000 0.000 0.000 0.000 0.000 0.000 0.000 0.000 0.000 0.000 0.000 0.000 0.000 0.000 0.000 0.000 0.000 0.001 0.001 0.001 0.002 0.002 0.002 0.002 0.002 0.002 0.002 0.001 0.001 0.000 0.000 0.000 0.000 0.000 0.000 0.000 0.000 0.000 0.000 0.001 0.001 0.002 0.003 0.005 0.010 0.024 0.070 0.245 0.705 1.277 1.546 1.623 1.650 1.640 1.591 1.490 1.368 1.259 1.148 1.023 0.860 0.643
0.000 0.000 0.000 0.000 0.000 0.000 0.000 0.000 0.000 0.000 0.000 0.000 0.000 0.000 0.000 0.000 0.000 0.000 0.000 0.000 0.000 0.000 0.000 0.000 0.000 0.000 0.000 0.000 0.000 0.000 0.000 0.000 0.000 0.000 0.000 0.001 0.001 0.001 0.001 0.001 0.001 0.000 0.000 0.000 0.000 0.000 0.000 0.000 0.000 0.000 0.000 0.000 0.000 0.000 0.000 0.000 0.001 0.001 0.002 0.004 0.008 0.018 0.058 0.243 0.634 0.920 1.046 1.116 1.154 1.165 1.142 1.075 0.977 0.864 0.744 0.612 0.460
0.000 0.000 0.000 0.000 0.000 0.000 0.000 0.000 0.000 0.000 0.000 0.000 0.000 0.000 0.000 0.000 0.000 0.000 0.000 0.000 0.000 0.000 0.000 0.000 0.000 0.000 0.000 0.000 0.000 0.000 0.000 0.000 0.000 0.000 0.000 0.000 0.000 0.000 0.000 0.000 0.000 0.000 0.000 0.000 0.000 0.000 0.000 0.000 0.000 0.000 0.000 0.000 0.000 0.000 0.000 0.000 0.000 0.001 0.001 0.002 0.004 0.007 0.017 0.067 0.237 0.461 0.626 0.733 0.801 0.836 0.843 0.817 0.744 0.645 0.537 0.425 0.311
0.000 0.000 0.000 0.000 0.000 0.000 0.000 0.000 0.000 0.000 0.000 0.000 0.000 0.000 0.000 0.000 0.000 0.000 0.000 0.000 0.000 0.000 0.000 0.000 0.000 0.000 0.000 0.000 0.000 0.000 0.000 0.000 0.000 0.000 0.000 0.000 0.000 0.000 0.000 0.000 0.000 0.000 0.000 0.000 0.000 0.000 0.000 0.000 0.000 0.000 0.000 0.000 0.000 0.000 0.000 0.000 0.000 0.000 0.000 0.001 0.002 0.003 0.007 0.019 0.068 0.180 0.321 0.452 0.541 0.589 0.605 0.597 0.549 0.474 0.386 0.295 0.209
0.000 0.000 0.000 0.000 0.000 0.000 0.000 0.000 0.000 0.000 0.000 0.000 0.000 0.000 0.000 0.000 0.000 0.000 0.000 0.000 0.000 0.000 0.000 0.000 0.000 0.000 0.000 0.000 0.000 0.000 0.000 0.000 0.000 0.000 0.000 0.000 0.000 0.000 0.000 0.000 0.000 0.000 0.000 0.000 0.000 0.000 0.000 0.000 0.000 0.000 0.000 0.000 0.000 0.000 0.000 0.000 0.000 0.000 0.000 0.000 0.001 0.002 0.003 0.007 0.020 0.056 0.130 0.241 0.343 0.401 0.424 0.422 0.394 0.343 0.276 0.204 0.141
0.000 0.000 0.000 0.000 0.000 0.000 0.000 0.000 0.000 0.000 0.000 0.000 0.000 0.000 0.000 0.000 0.000 0.000 0.000 0.000 0.000 0.000 0.000 0.000 0.000 0.000 0.000 0.000 0.000 0.000 0.000 0.000 0.000 0.000 0.000 0.000 0.000 0.000 0.000 0.000 0.000 0.000 0.000 0.000 0.000 0.000 0.000 0.000 0.000 0.000 0.000 0.000 0.000 0.000 0.000 0.000 0.000 0.000 0.000 0.000 0.000 0.001 0.002 0.003 0.008 0.018 0.045 0.106 0.198 0.263 0.288 0.290 0.275 0.242 0.195 0.140 0.095
0.000 0.000 0.000 0.000 0.000 0.000 0.000 0.000 0.000 0.000 0.000 0.000 0.000 0.000 0.000 0.000 0.000 0.000 0.000 0.000 0.000 0.000 0.000 0.000 0.000 0.000 0.000 0.000 0.000 0.000 0.000 0.000 0.000 0.000 0.000 0.000 0.000 0.000 0.000 0.000 0.000 0.000 0.000 0.000 0.000 0.000 0.000 0.000 0.000 0.000 0.000 0.000 0.000 0.000 0.000 0.000 0.000 0.000 0.000 0.000 0.000 0.000 0.001 0.002 0.004 0.008 0.017 0.044 0.106 0.164 0.188 0.192 0.186 0.167 0.135 0.094 0.063
0.000 0.000 0.000 0.000 0.000 0.000 0.000 0.000 0.000 0.000 0.000 0.000 0.000 0.000 0.000 0.000 0.000 0.000 0.000 0.000 0.000 0.000 0.000 0.000 0.000 0.000 0.000 0.000 0.000 0.000 0.000 0.000 0.000 0.000 0.000 0.000 0.000 0.000 0.000 0.000 0.000 0.000 0.000 0.000 0.000 0.000 0.000 0.000 0.000 0.000 0.000 0.000 0.000 0.000 0.000 0.000 0.000 0.000 0.000 0.000 0.000 0.000 0.000 0.001 0.002 0.004 0.008 0.021 0.056 0.099 0.119 0.124 0.122 0.112 0.091 0.063 0.043
0.000 0.000 0.000 0.000 0.000 0.000 0.000 0.000 0.000 0.000 0.000 0.000 0.000 0.000 0.000 0.000 0.000 0.000 0.000 0.000 0.000 0.000 0.000 0.000 0.000 0.000 0.000 0.000 0.000 0.000 0.000 0.000 0.000 0.000 0.000 0.000 0.000 0.000 0.000 0.000 0.000 0.000 0.000 0.000 0.000 0.000 0.000 0.000 0.000 0.000 0.000 0.000 0.000 0.000 0.000 0.000 0.000 0.000 0.000 0.000 0.000 0.000 0.000 0.000 0.001 0.002 0.005 0.011 0.030 0.058 0.073 0.078 0.078 0.072 0.059 0.042 0.028
0.000 0.000 0.000 0.000 0.000 0.000 0.000 0.000 0.000 0.000 0.000 0.000 0.000 0.000 0.000 0.000 0.000 0.000 0.000 0.000 0.000 0.000 0.000 0.000 0.000 0.000 0.000 0.000 0.000 0.000 0.000 0.000 0.000 0.000 0.000 0.000 0.000 0.000 0.000 0.000 0.000 0.000 0.000 0.000 0.000 0.000 0.000 0.000 0.000 0.000 0.000 0.000 0.000 0.000 0.000 0.000 0.000 0.000 0.000 0.000 0.000 0.000 0.000 0.000 0.000 0.001 0.003 0.006 0.016 0.032 0.043 0.048 0.048 0.045 0.038 0.027 0.018
0.000 0.000 0.000 0.000 0.000 0.000 0.000 0.000 0.000 0.000 0.000 0.000 0.000 0.000 0.000 0.000 0.000 0.000 0.000 0.000 0.000 0.000 0.000 0.000 0.000 0.000 0.000 0.000 0.000 0.000 0.000 0.000 0.000 0.000 0.000 0.000 0.000 0.000 0.000 0.000 0.000 0.000 0.000 0.000 0.000 0.000 0.000 0.000 0.000 0.000 0.000 0.000 0.000 0.000 0.000 0.000 0.000 0.000 0.000 0.000 0.000 0.000 0.000 0.000 0.000 0.001 0.002 0.003 0.008 0.018 0.026 0.029 0.029 0.027 0.023 0.017 0.011
0.000 0.000 0.000 0.000 0.000 0.000 0.000 0.000 0.000 0.000 0.000 0.000 0.000 0.000 0.000 0.000 0.000 0.000 0.000 0.000 0.000 0.000 0.000 0.000 0.000 0.000 0.000 0.000 0.000 0.000 0.000 0.000 0.000 0.000 0.000 0.000 0.000 0.000 0.000 0.000 0.000 0.000 0.000 0.000 0.000 0.000 0.000 0.000 0.000 0.000 0.000 0.000 0.000 0.000 0.000 0.000 0.000 0.000 0.000 0.000 0.000 0.000 0.000 0.000 0.000 0.000 0.001 0.002 0.004 0.010 0.015 0.017 0.017 0.016 0.014 0.010 0.007
0.000 0.000 0.000 0.000 0.000 0.000 0.000 0.000 0.000 0.000 0.000 0.000 0.000 0.000 0.000 0.000 0.000 0.000 0.000 0.000 0.000 0.000 0.000 0.000 0.000 0.000 0.000 0.000 0.000 0.000 0.000 0.000 0.000 0.000 0.000 0.000 0.000 0.000 0.000 0.000 0.000 0.000 0.000 0.000 0.000 0.000 0.000 0.000 0.000 0.000 0.000 0.000 0.000 0.000 0.000 0.000 0.000 0.000 0.000 0.000 0.000 0.000 0.000 0.000 0.000 0.000 0.000 0.001 0.002 0.005 0.008 0.009 0.009 0.009 0.008 0.006 0.004
0.000 0.000 0.000 0.000 0.000 0.000 0.000 0.000 0.000 0.000 0.000 0.000 0.000 0.000 0.000 0.000 0.000 0.000 0.000 0.000 0.000 0.000 0.000 0.000 0.000 0.000 0.000 0.000 0.000 0.000 0.000 0.000 0.000 0.000 0.000 0.000 0.000 0.000 0.000 0.000 0.000 0.000 0.000 0.000 0.000 0.000 0.000 0.000 0.000 0.000 0.000 0.000 0.000 0.000 0.000 0.000 0.000 0.000 0.000 0.000 0.000 0.000 0.000 0.000 0.000 0.000 0.000 0.000 0.001 0.002 0.004 0.005 0.005 0.005 0.004 0.003 0.002
0.000 0.000 0.000 0.000 0.000 0.000 0.000 0.000 0.000 0.000 0.000 0.000 0.000 0.000 0.000 0.000 0.000 0.000 0.000 0.000 0.000 0.000 0.000 0.000 0.000 0.000 0.000 0.000 0.000 0.000 0.000 0.000 0.000 0.000 0.000 0.000 0.000 0.000 0.000 0.000 0.000 0.000 0.000 0.000 0.000 0.000 0.000 0.000 0.000 0.000 0.000 0.000 0.000 0.000 0.000 0.000 0.000 0.000 0.000 0.000 0.000 0.000 0.000 0.000 0.000 0.000 0.000 0.000 0.000 0.001 0.002 0.002 0.002 0.002 0.002 0.001 0.001
0.000 0.000 0.000 0.000 0.000 0.000 0.000 0.000 0.000 0.000 0.000 0.000 0.000 0.000 0.000 0.000 0.000 0.000 0.000 0.000 0.000 0.000 0.000 0.000 0.000 0.000 0.000 0.000 0.000 0.000 0.000 0.000 0.000 0.000 0.000 0.000 0.000 0.000 0.000 0.000 0.000 0.000 0.000 0.000 0.000 0.000 0.000 0.000 0.000 0.000 0.000 0.000 0.000 0.000 0.000 0.000 0.000 0.000 0.000 0.000 0.000 0.000 0.000 0.000 0.000 0.000 0.000 0.000 0.000 0.000 0.000 0.001 0.001 0.001 0.001 0.000 0.000
0.000 0.000 0.000 0.000 0.000 0.000 0.000 0.000 0.000 0.000 0.000 0.000 0.000 0.000 0.000 0.000 0.000 0.000 0.000 0.000 0.000 0.000 0.000 0.000 0.000 0.000 0.000 0.000 0.000 0.000 0.000 0.000 0.000 0.000 0.000 0.000 0.000 0.000 0.000 0.000 0.000 0.000 0.000 0.000 0.000 0.000 0.000 0.000 0.000 0.000 0.000 0.000 0.000 0.000 0.000 0.000 0.000 0.000 0.000 0.000 0.000 0.000 0.000 0.000 0.000 0.000 0.000 0.000 0.000 0.000 0.000 0.000 0.000 0.000 0.000 0.000 0.000
