AvaFrame/avaframe/data/avaSalk/Avaflow_Input_Output/slk_results/slk_ascii/slk_hflow0019.asc
ncols 296
nrows 144
xllcenter 761600.00
yllcenter 8523000.00
cellsize 12.50
NODATA_value -9999.000
[rows 102 to 135 of 144, columns 154 to 230 of 296]
1.504 1.588 1.681 1.900 2.206 2.458 2.615 2.769 2.977 3.295 3.544 3.615 3.596 3.527 3.454 3.458 3.390 3.251 3.083 2.871 2.705 2.540 2.349 2.163 2.041 1.963 1.941 1.929 1.983 2.169 2.507 2.935 3.452 3.861 4.073 4.193 4.181 4.020 3.730 3.170 2.211 1.444 1.318 1.520 1.843 2.188 2.567 3.025 3.694 4.691 6.064 7.645 8.841 9.743 10.589 11.203 11.763 12.152 12.236 12.316 12.349 12.095 11.852 11.611 10.879 9.933 8.410 6.244 4.314 2.819 1.659 0.847 0.396 0.221 0.188 0.199 0.249
0.341 0.364 0.383 0.455 0.613 0.787 0.931 1.087 1.255 1.389 1.447 1.472 1.504 1.513 1.503 1.490 1.407 1.242 1.066 0.920 0.810 0.729 0.664 0.604 0.540 0.498 0.492 0.523 0.615 0.819 1.121 1.414 1.606 1.718 1.837 2.023 2.144 2.121 1.748 0.982 0.407 0.305 0.413 0.651 0.989 1.452 2.038 2.767 3.666 4.810 6.274 7.925 9.513 10.772 11.885 12.593 13.142 13.453 13.601 13.677 13.700 13.585 13.126 12.789 12.161 11.348 9.728 7.469 5.519 3.989 2.742 1.807 1.160 0.786 0.653 0.657 0.824
0.083 0.083 0.083 0.093 0.130 0.176 0.218 0.274 0.327 0.353 0.358 0.361 0.373 0.391 0.401 0.397 0.364 0.298 0.233 0.190 0.165 0.152 0.144 0.134 0.116 0.105 0.101 0.107 0.140 0.213 0.316 0.393 0.424 0.439 0.478 0.577 0.659 0.661 0.471 0.145 0.057 0.061 0.096 0.187 0.350 0.628 1.187 2.135 3.367 4.750 6.288 8.020 9.632 11.128 12.582 13.575 14.355 14.716 14.727 14.622 14.568 14.275 13.828 13.658 12.991 12.399 10.969 8.919 6.896 5.327 4.062 3.078 2.354 1.895 1.718 1.737 1.989
0.028 0.028 0.028 0.030 0.040 0.050 0.060 0.071 0.077 0.079 0.078 0.077 0.079 0.085 0.089 0.088 0.082 0.069 0.056 0.048 0.044 0.042 0.040 0.037 0.034 0.032 0.032 0.034 0.042 0.057 0.070 0.077 0.082 0.088 0.093 0.106 0.116 0.115 0.078 0.032 0.021 0.019 0.023 0.038 0.078 0.170 0.427 1.153 2.521 4.263 6.011 7.788 9.506 11.183 12.788 13.892 14.608 15.200 15.484 15.427 15.280 14.926 14.479 14.390 13.747 13.183 12.263 10.723 8.643 6.939 5.643 4.587 3.800 3.353 3.211 3.256 3.449
0.011 0.012 0.012 0.012 0.015 0.019 0.023 0.025 0.026 0.025 0.025 0.024 0.026 0.028 0.029 0.028 0.025 0.022 0.018 0.017 0.016 0.015 0.014 0.013 0.013 0.013 0.013 0.014 0.017 0.022 0.024 0.027 0.028 0.029 0.029 0.031 0.032 0.031 0.025 0.015 0.011 0.009 0.010 0.012 0.018 0.032 0.088 0.354 1.277 3.037 5.098 7.027 8.980 10.876 12.468 13.844 14.739 15.371 15.458 15.466 15.517 15.256 14.761 14.427 14.140 13.763 13.190 12.141 10.574 8.892 7.532 6.445 5.593 5.106 4.920 4.849 4.771
0.005 0.005 0.006 0.006 0.007 0.009 0.010 0.011 0.010 0.010 0.010 0.010 0.010 0.011 0.011 0.011 0.009 0.008 0.007 0.007 0.007 0.006 0.006 0.006 0.006 0.006 0.006 0.007 0.008 0.010 0.011 0.012 0.013 0.012 0.013 0.015 0.016 0.016 0.015 0.012 0.008 0.006 0.005 0.006 0.007 0.010 0.017 0.060 0.391 1.488 3.418 5.599 7.763 9.936 11.733 13.237 14.230 14.974 15.240 15.306 15.379 15.135 14.842 14.487 14.210 13.968 13.813 13.201 11.940 10.408 9.173 8.134 7.283 6.739 6.379 6.089 5.767
0.002 0.003 0.003 0.003 0.003 0.004 0.005 0.005 0.005 0.005 0.004 0.005 0.005 0.005 0.005 0.005 0.004 0.004 0.003 0.003 0.003 0.003 0.003 0.003 0.003 0.004 0.004 0.004 0.005 0.006 0.007 0.007 0.008 0.008 0.010 0.011 0.012 0.012 0.011 0.010 0.007 0.005 0.004 0.004 0.004 0.005 0.007 0.012 0.068 0.466 1.631 3.579 5.918 8.332 10.364 12.052 13.245 14.083 14.395 14.627 14.844 14.782 14.599 14.422 14.252 14.059 14.005 13.722 12.833 11.554 10.284 9.220 8.391 7.802 7.318 6.844 6.329
0.001 0.001 0.001 0.001 0.001 0.002 0.002 0.002 0.002 0.002 0.002 0.002 0.002 0.002 0.002 0.002 0.002 0.002 0.002 0.002 0.002 0.002 0.002 0.002 0.002 0.003 0.003 0.004 0.004 0.005 0.006 0.007 0.007 0.008 0.009 0.009 0.009 0.009 0.009 0.008 0.006 0.004 0.003 0.003 0.003 0.003 0.004 0.005 0.012 0.071 0.444 1.547 3.508 6.015 8.357 10.219 11.622 12.482 12.967 13.329 13.629 13.827 13.974 13.966 14.077 14.058 14.027 13.706 12.969 11.850 10.519 9.562 8.808 8.174 7.604 7.044 6.446
0.000 0.000 0.001 0.001 0.001 0.001 0.001 0.001 0.001 0.001 0.001 0.001 0.001 0.001 0.001 0.001 0.001 0.001 0.001 0.001 0.001 0.001 0.002 0.002 0.002 0.002 0.003 0.004 0.004 0.005 0.006 0.007 0.007 0.008 0.008 0.008 0.008 0.008 0.007 0.007 0.005 0.004 0.003 0.002 0.002 0.002 0.002 0.003 0.005 0.012 0.054 0.375 1.430 3.362 5.657 7.619 9.221 10.310 11.196 11.717 12.176 12.491 12.776 13.023 13.464 13.609 13.619 13.305 12.682 11.810 10.507 9.521 8.777 8.124 7.495 6.900 6.275
0.000 0.000 0.000 0.000 0.000 0.000 0.000 0.000 0.000 0.000 0.000 0.000 0.000 0.000 0.000 0.000 0.000 0.000 0.000 0.000 0.001 0.001 0.001 0.001 0.002 0.002 0.003 0.003 0.004 0.005 0.006 0.007 0.007 0.008 0.008 0.008 0.008 0.008 0.007 0.006 0.005 0.004 0.003 0.002 0.002 0.002 0.002 0.002 0.003 0.005 0.011 0.040 0.338 1.322 2.950 4.681 6.296 7.751 9.112 10.059 10.783 11.177 11.433 11.801 12.342 12.632 12.692 12.646 12.092 11.287 10.212 9.288 8.508 7.831 7.145 6.490 5.791
0.000 0.000 0.000 0.000 0.000 0.000 0.000 0.000 0.000 0.000 0.000 0.000 0.000 0.000 0.000 0.000 0.000 0.000 0.000 0.000 0.000 0.000 0.001 0.001 0.001 0.002 0.002 0.003 0.004 0.005 0.006 0.007 0.008 0.008 0.008 0.008 0.008 0.008 0.008 0.007 0.005 0.004 0.003 0.002 0.002 0.001 0.001 0.001 0.002 0.002 0.004 0.010 0.038 0.314 1.137 2.417 3.800 5.228 6.733 8.065 9.089 9.700 10.131 10.505 10.878 11.267 11.391 11.438 11.134 10.509 9.590 8.716 7.929 7.209 6.485 5.803 5.067
0.000 0.000 0.000 0.000 0.000 0.000 0.000 0.000 0.000 0.000 0.000 0.000 0.000 0.000 0.000 0.000 0.000 0.000 0.000 0.000 0.000 0.000 0.000 0.001 0.001 0.001 0.002 0.002 0.003 0.004 0.006 0.007 0.008 0.009 0.010 0.011 0.011 0.011 0.011 0.010 0.007 0.005 0.003 0.002 0.002 0.001 0.001 0.001 0.001 0.001 0.002 0.004 0.009 0.038 0.271 0.929 1.937 3.135 4.484 5.883 7.090 8.056 8.712 9.256 9.576 9.800 9.942 10.009 9.836 9.346 8.610 7.791 7.031 6.309 5.604 4.892 4.158
0.000 0.000 0.000 0.000 0.000 0.000 0.000 0.000 0.000 0.000 0.000 0.000 0.000 0.000 0.000 0.000 0.000 0.000 0.000 0.000 0.000 0.000 0.000 0.000 0.000 0.001 0.001 0.002 0.003 0.004 0.005 0.007 0.008 0.010 0.011 0.012 0.013 0.013 0.013 0.012 0.009 0.006 0.004 0.003 0.002 0.001 0.001 0.001 0.001 0.001 0.001 0.002 0.004 0.009 0.034 0.216 0.727 1.566 2.625 3.847 5.068 6.258 7.202 7.956 8.313 8.408 8.406 8.303 8.104 7.774 7.248 6.597 5.907 5.265 4.660 4.027 3.365
0.000 0.000 0.000 0.000 0.000 0.000 0.000 0.000 0.000 0.000 0.000 0.000 0.000 0.000 0.000 0.000 0.000 0.000 0.000 0.000 0.000 0.000 0.000 0.000 0.000 0.000 0.000 0.001 0.002 0.003 0.004 0.006 0.008 0.009 0.011 0.012 0.013 0.013 0.013 0.012 0.010 0.007 0.004 0.003 0.002 0.001 0.001 0.001 0.001 0.001 0.001 0.001 0.002 0.004 0.008 0.027 0.164 0.568 1.246 2.155 3.264 4.447 5.517 6.446 6.961 7.071 7.035 6.857 6.535 6.104 5.671 5.291 4.843 4.396 3.901 3.342 2.724
0.000 0.000 0.000 0.000 0.000 0.000 0.000 0.000 0.000 0.000 0.000 0.000 0.000 0.000 0.000 0.000 0.000 0.000 0.000 0.000 0.000 0.000 0.000 0.000 0.000 0.000 0.000 0.000 0.001 0.002 0.003 0.005 0.007 0.008 0.010 0.011 0.011 0.012 0.011 0.010 0.009 0.006 0.004 0.003 0.002 0.001 0.001 0.000 0.000 0.000 0.000 0.001 0.001 0.002 0.003 0.007 0.021 0.120 0.402 0.945 1.772 2.805 3.904 4.851 5.514 5.769 5.776 5.596 5.267 4.799 4.390 4.168 3.938 3.677 3.307 2.814 2.229
0.000 0.000 0.000 0.000 0.000 0.000 0.000 0.000 0.000 0.000 0.000 0.000 0.000 0.000 0.000 0.000 0.000 0.000 0.000 0.000 0.000 0.000 0.000 0.000 0.000 0.000 0.000 0.000 0.000 0.001 0.002 0.003 0.005 0.006 0.007 0.008 0.008 0.008 0.008 0.007 0.007 0.005 0.004 0.003 0.002 0.001 0.000 0.000 0.000 0.000 0.000 0.000 0.001 0.001 0.002 0.003 0.007 0.017 0.075 0.271 0.723 1.457 2.439 3.401 4.085 4.436 4.546 4.434 4.198 3.839 3.487 3.275 3.163 3.041 2.808 2.414 1.869
0.000 0.000 0.000 0.000 0.000 0.000 0.000 0.000 0.000 0.000 0.000 0.000 0.000 0.000 0.000 0.000 0.000 0.000 0.000 0.000 0.000 0.000 0.000 0.000 0.000 0.000 0.000 0.000 0.000 0.000 0.001 0.002 0.003 0.004 0.004 0.004 0.004 0.004 0.004 0.004 0.004 0.004 0.003 0.002 0.001 0.000 0.000 0.000 0.000 0.000 0.000 0.000 0.000 0.001 0.001 0.001 0.003 0.006 0.013 0.047 0.185 0.548 1.236 2.155 2.846 3.222 3.380 3.365 3.281 3.106 2.866 2.658 2.554 2.465 2.325 2.045 1.610
0.000 0.000 0.000 0.000 0.000 0.000 0.000 0.000 0.000 0.000 0.000 0.000 0.000 0.000 0.000 0.000 0.000 0.000 0.000 0.000 0.000 0.000 0.000 0.000 0.000 0.000 0.000 0.000 0.000 0.000 0.000 0.001 0.001 0.002 0.002 0.002 0.002 0.002 0.002 0.002 0.002 0.002 0.001 0.001 0.000 0.000 0.000 0.000 0.000 0.000 0.000 0.000 0.000 0.000 0.000 0.001 0.001 0.002 0.005 0.011 0.030 0.125 0.438 1.112 1.808 2.174 2.366 2.463 2.493 2.461 2.357 2.212 2.090 1.968 1.832 1.648 1.371
0.000 0.000 0.000 0.000 0.000 0.000 0.000 0.000 0.000 0.000 0.000 0.000 0.000 0.000 0.000 0.000 0.000 0.000 0.000 0.000 0.000 0.000 0.000 0.000 0.000 0.000 0.000 0.000 0.000 0.000 0.000 0.000 0.000 0.001 0.001 0.001 0.001 0.001 0.001 0.001 0.001 0.001 0.000 0.000 0.000 0.000 0.000 0.000 0.000 0.000 0.000 0.000 0.000 0.000 0.000 0.000 0.001 0.001 0.002 0.004 0.008 0.020 0.097 0.414 0.959 1.336 1.559 1.731 1.847 1.900 1.895 1.829 1.709 1.566 1.415 1.250 1.057
0.000 0.000 0.000 0.000 0.000 0.000 0.000 0.000 0.000 0.000 0.000 0.000 0.000 0.000 0.000 0.000 0.000 0.000 0.000 0.000 0.000 0.000 0.000 0.000 0.000 0.000 0.000 0.000 0.000 0.000 0.000 0.000 0.000 0.000 0.000 0.000 0.000 0.000 0.000 0.000 0.000 0.000 0.000 0.000 0.000 0.000 0.000 0.000 0.000 0.000 0.000 0.000 0.000 0.000 0.000 0.000 0.000 0.000 0.001 0.002 0.003 0.007 0.018 0.106 0.379 0.702 0.955 1.171 1.338 1.445 1.485 1.462 1.367 1.234 1.088 0.938 0.778
0.000 0.000 0.000 0.000 0.000 0.000 0.000 0.000 0.000 0.000 0.000 0.000 0.000 0.000 0.000 0.000 0.000 0.000 0.000 0.000 0.000 0.000 0.000 0.000 0.000 0.000 0.000 0.000 0.000 0.000 0.000 0.000 0.000 0.000 0.000 0.000 0.000 0.000 0.000 0.000 0.000 0.000 0.000 0.000 0.000 0.000 0.000 0.000 0.000 0.000 0.000 0.000 0.000 0.000 0.000 0.000 0.000 0.000 0.000 0.001 0.001 0.003 0.007 0.024 0.108 0.288 0.513 0.747 0.940 1.074 1.133 1.125 1.059 0.956 0.836 0.707 0.568
0.000 0.000 0.000 0.000 0.000 0.000 0.000 0.000 0.000 0.000 0.000 0.000 0.000 0.000 0.000 0.000 0.000 0.000 0.000 0.000 0.000 0.000 0.000 0.000 0.000 0.000 0.000 0.000 0.000 0.000 0.000 0.000 0.000 0.000 0.000 0.000 0.000 0.000 0.000 0.000 0.000 0.000 0.000 0.000 0.000 0.000 0.000 0.000 0.000 0.000 0.000 0.000 0.000 0.000 0.000 0.000 0.000 0.000 0.000 0.000 0.001 0.001 0.003 0.008 0.028 0.090 0.220 0.417 0.627 0.772 0.840 0.841 0.801 0.730 0.638 0.531 0.407
0.000 0.000 0.000 0.000 0.000 0.000 0.000 0.000 0.000 0.000 0.000 0.000 0.000 0.000 0.000 0.000 0.000 0.000 0.000 0.000 0.000 0.000 0.000 0.000 0.000 0.000 0.000 0.000 0.000 0.000 0.000 0.000 0.000 0.000 0.000 0.000 0.000 0.000 0.000 0.000 0.000 0.000 0.000 0.000 0.000 0.000 0.000 0.000 0.000 0.000 0.000 0.000 0.000 0.000 0.000 0.000 0.000 0.000 0.000 0.000 0.000 0.001 0.001 0.003 0.009 0.026 0.075 0.193 0.383 0.533 0.604 0.617 0.595 0.548 0.481 0.391 0.288
0.000 0.000 0.000 0.000 0.000 0.000 0.000 0.000 0.000 0.000 0.000 0.000 0.000 0.000 0.000 0.000 0.000 0.000 0.000 0.000 0.000 0.000 0.000 0.000 0.000 0.000 0.000 0.000 0.000 0.000 0.000 0.000 0.000 0.000 0.000 0.000 0.000 0.000 0.000 0.000 0.000 0.000 0.000 0.000 0.000 0.000 0.000 0.000 0.000 0.000 0.000 0.000 0.000 0.000 0.000 0.000 0.000 0.000 0.000 0.000 0.000 0.000 0.001 0.002 0.004 0.009 0.026 0.082 0.217 0.354 0.421 0.440 0.433 0.403 0.355 0.282 0.204
0.000 0.000 0.000 0.000 0.000 0.000 0.000 0.000 0.000 0.000 0.000 0.000 0.000 0.000 0.000 0.000 0.000 0.000 0.000 0.000 0.000 0.000 0.000 0.000 0.000 0.000 0.000 0.000 0.000 0.000 0.000 0.000 0.000 0.000 0.000 0.000 0.000 0.000 0.000 0.000 0.000 0.000 0.000 0.000 0.000 0.000 0.000 0.000 0.000 0.000 0.000 0.000 0.000 0.000 0.000 0.000 0.000 0.000 0.000 0.000 0.000 0.000 0.000 0.001 0.002 0.005 0.012 0.038 0.119 0.227 0.285 0.306 0.307 0.289 0.255 0.202 0.146
0.000 0.000 0.000 0.000 0.000 0.000 0.000 0.000 0.000 0.000 0.000 0.000 0.000 0.000 0.000 0.000 0.000 0.000 0.000 0.000 0.000 0.000 0.000 0.000 0.000 0.000 0.000 0.000 0.000 0.000 0.000 0.000 0.000 0.000 0.000 0.000 0.000 0.000 0.000 0.000 0.000 0.000 0.000 0.000 0.000 0.000 0.000 0.000 0.000 0.000 0.000 0.000 0.000 0.000 0.000 0.000 0.000 0.000 0.000 0.000 0.000 0.000 0.000 0.000 0.001 0.003 0.007 0.019 0.064 0.140 0.189 0.209 0.212 0.202 0.179 0.144 0.104
0.000 0.000 0.000 0.000 0.000 0.000 0.000 0.000 0.000 0.000 0.000 0.000 0.000 0.000 0.000 0.000 0.000 0.000 0.000 0.000 0.000 0.000 0.000 0.000 0.000 0.000 0.000 0.000 0.000 0.000 0.000 0.000 0.000 0.000 0.000 0.000 0.000 0.000 0.000 0.000 0.000 0.000 0.000 0.000 0.000 0.000 0.000 0.000 0.000 0.000 0.000 0.000 0.000 0.000 0.000 0.000 0.000 0.000 0.000 0.000 0.000 0.000 0.000 0.000 0.001 0.002 0.004 0.011 0.034 0.084 0.123 0.141 0.144 0.138 0.124 0.101 0.074
0.000 0.000 0.000 0.000 0.000 0.000 0.000 0.000 0.000 0.000 0.000 0.000 0.000 0.000 0.000 0.000 0.000 0.000 0.000 0.000 0.000 0.000 0.000 0.000 0.000 0.000 0.000 0.000 0.000 0.000 0.000 0.000 0.000 0.000 0.000 0.000 0.000 0.000 0.000 0.000 0.000 0.000 0.000 0.000 0.000 0.000 0.000 0.000 0.000 0.000 0.000 0.000 0.000 0.000 0.000 0.000 0.000 0.000 0.000 0.000 0.000 0.000 0.000 0.000 0.000 0.001 0.002 0.006 0.018 0.049 0.080 0.093 0.095 0.092 0.084 0.069 0.051
0.000 0.000 0.000 0.000 0.000 0.000 0.000 0.000 0.000 0.000 0.000 0.000 0.000 0.000 0.000 0.000 0.000 0.000 0.000 0.000 0.000 0.000 0.000 0.000 0.000 0.000 0.000 0.000 0.000 0.000 0.000 0.000 0.000 0.000 0.000 0.000 0.000 0.000 0.000 0.000 0.000 0.000 0.000 0.000 0.000 0.000 0.000 0.000 0.000 0.000 0.000 0.000 0.000 0.000 0.000 0.000 0.000 0.000 0.000 0.000 0.000 0.000 0.000 0.000 0.000 0.001 0.001 0.004 0.010 0.028 0.052 0.061 0.062 0.061 0.056 0.047 0.035
0.000 0.000 0.000 0.000 0.000 0.000 0.000 0.000 0.000 0.000 0.000 0.000 0.000 0.000 0.000 0.000 0.000 0.000 0.000 0.000 0.000 0.000 0.000 0.000 0.000 0.000 0.000 0.000 0.000 0.000 0.000 0.000 0.000 0.000 0.000 0.000 0.000 0.000 0.000 0.000 0.000 0.000 0.000 0.000 0.000 0.000 0.000 0.000 0.000 0.000 0.000 0.000 0.000 0.000 0.000 0.000 0.000 0.000 0.000 0.000 0.000 0.000 0.000 0.000 0.000 0.000 0.001 0.002 0.005 0.014 0.030 0.039 0.041 0.040 0.037 0.032 0.024
0.000 0.000 0.000 0.000 0.000 0.000 0.000 0.000 0.000 0.000 0.000 0.000 0.000 0.000 0.000 0.000 0.000 0.000 0.000 0.000 0.000 0.000 0.000 0.000 0.000 0.000 0.000 0.000 0.000 0.000 0.000 0.000 0.000 0.000 0.000 0.000 0.000 0.000 0.000 0.000 0.000 0.000 0.000 0.000 0.000 0.000 0.000 0.000 0.000 0.000 0.000 0.000 0.000 0.000 0.000 0.000 0.000 0.000 0.000 0.000 0.000 0.000 0.000 0.000 0.000 0.000 0.000 0.001 0.003 0.007 0.015 0.024 0.026 0.026 0.025 0.022 0.017
0.000 0.000 0.000 0.000 0.000 0.000 0.000 0.000 0.000 0.000 0.000 0.000 0.000 0.000 0.000 0.000 0.000 0.000 0.000 0.000 0.000 0.000 0.000 0.000 0.000 0.000 0.000 0.000 0.000 0.000 0.000 0.000 0.000 0.000 0.000 0.000 0.000 0.000 0.000 0.000 0.000 0.000 0.000 0.000 0.000 0.000 0.000 0.000 0.000 0.000 0.000 0.000 0.000 0.000 0.000 0.000 0.000 0.000 0.000 0.000 0.000 0.000 0.000 0.000 0.000 0.000 0.000 0.001 0.001 0.003 0.007 0.013 0.016 0.016 0.016 0.014 0.012
0.000 0.000 0.000 0.000 0.000 0.000 0.000 0.000 0.000 0.000 0.000 0.000 0.000 0.000 0.000 0.000 0.000 0.000 0.000 0.000 0.000 0.000 0.000 0.000 0.000 0.000 0.000 0.000 0.000 0.000 0.000 0.000 0.000 0.000 0.000 0.000 0.000 0.000 0.000 0.000 0.000 0.000 0.000 0.000 0.000 0.000 0.000 0.000 0.000 0.000 0.000 0.000 0.000 0.000 0.000 0.000 0.000 0.000 0.000 0.000 0.000 0.000 0.000 0.000 0.000 0.000 0.000 0.000 0.001 0.002 0.004 0.007 0.009 0.010 0.010 0.009 0.008
0.000 0.000 0.000 0.000 0.000 0.000 0.000 0.000 0.000 0.000 0.000 0.000 0.000 0.000 0.000 0.000 0.000 0.000 0.000 0.000 0.000 0.000 0.000 0.000 0.000 0.000 0.000 0.000 0.000 0.000 0.000 0.000 0.000 0.000 0.000 0.000 0.000 0.000 0.000 0.000 0.000 0.000 0.000 0.000 0.000 0.000 0.000 0.000 0.000 0.000 0.000 0.000 0.000 0.000 0.000 0.000 0.000 0.000 0.000 0.000 0.000 0.000 0.000 0.000 0.000 0.000 0.000 0.000 0.000 0.001 0.002 0.003 0.005 0.005 0.005 0.005 0.004
