AvaFrame/avaframe/data/avaSalk/Avaflow_Input_Output/slk_results/slk_ascii/slk_basechange10008.asc
ncols 296
nrows 144
xllcenter 761600.00
yllcenter 8523000.00
cellsize 12.50
NODATA_value -9999.000
[rows 66 to 98 of 144, columns 148 to 221 of 296]
0.000 0.000 0.000 0.000 0.000 0.000 0.000 0.000 0.000 0.000 0.000 0.000 0.000 0.000 0.000 0.000 0.000 0.000 0.000 0.000 0.000 0.000 0.000 0.000 0.000 -0.000 -0.000 -0.000 -0.000 -0.000 -0.000 -0.000 -0.000 -0.000 -0.000 -0.000 -0.000 -0.000 -0.000 -0.000 -0.001 -0.001 -0.001 -0.002 -0.003 -0.005 -0.008 -0.015 -0.028 -0.051 -0.088 -0.143 -0.224 -0.328 -0.436 -0.534 -0.612 -0.668 -0.709 -0.743 -0.779 -0.810 -0.853 -0.915 -1.001 -1.111 -1.267 -1.466 -1.657 -1.834 -1.985 -2.085 -2.113 -2.090
0.000 0.000 0.000 0.000 0.000 0.000 0.000 0.000 0.000 0.000 0.000 0.000 0.000 0.000 0.000 0.000 0.000 0.000 0.000 0.000 0.000 0.000 0.000 0.000 -0.000 -0.000 -0.000 -0.000 -0.000 -0.000 -0.000 -0.000 -0.000 -0.000 -0.000 -0.000 -0.000 -0.000 -0.000 -0.001 -0.001 -0.002 -0.002 -0.004 -0.007 -0.012 -0.021 -0.040 -0.071 -0.120 -0.185 -0.267 -0.362 -0.460 -0.546 -0.618 -0.676 -0.714 -0.736 -0.762 -0.797 -0.838 -0.898 -0.980 -1.091 -1.241 -1.431 -1.646 -1.848 -1.996 -2.083 -2.106 -2.079 -2.029
0.000 0.000 0.000 0.000 0.000 0.000 0.000 0.000 0.000 0.000 0.000 0.000 0.000 0.000 0.000 0.000 0.000 0.000 0.000 0.000 0.000 0.000 0.000 0.000 -0.000 -0.000 -0.000 -0.000 -0.000 -0.000 -0.000 -0.000 -0.000 -0.000 -0.000 -0.000 -0.000 -0.001 -0.001 -0.001 -0.002 -0.003 -0.005 -0.008 -0.015 -0.028 -0.051 -0.089 -0.144 -0.214 -0.297 -0.388 -0.475 -0.551 -0.612 -0.657 -0.694 -0.723 -0.747 -0.781 -0.827 -0.889 -0.967 -1.082 -1.220 -1.404 -1.613 -1.801 -1.960 -2.076 -2.114 -2.080 -2.011 -1.953
0.000 0.000 0.000 0.000 0.000 0.000 0.000 0.000 0.000 0.000 0.000 0.000 0.000 0.000 0.000 0.000 0.000 0.000 0.000 0.000 0.000 0.000 -0.000 -0.000 -0.000 -0.000 -0.000 -0.000 -0.000 -0.000 -0.000 -0.000 -0.000 -0.000 -0.000 -0.000 -0.001 -0.001 -0.001 -0.002 -0.004 -0.006 -0.010 -0.018 -0.034 -0.060 -0.101 -0.158 -0.229 -0.310 -0.394 -0.475 -0.544 -0.597 -0.639 -0.670 -0.698 -0.726 -0.766 -0.815 -0.881 -0.963 -1.067 -1.213 -1.392 -1.584 -1.775 -1.935 -2.046 -2.088 -2.071 -2.022 -1.952 -1.866
0.000 0.000 0.000 0.000 0.000 0.000 0.000 0.000 0.000 0.000 0.000 0.000 0.000 0.000 0.000 0.000 0.000 0.000 0.000 0.000 0.000 -0.000 -0.000 -0.000 -0.000 -0.000 -0.000 -0.000 -0.000 -0.000 -0.000 -0.000 -0.000 -0.000 -0.000 -0.001 -0.001 -0.002 -0.003 -0.004 -0.007 -0.012 -0.022 -0.040 -0.069 -0.111 -0.168 -0.239 -0.318 -0.398 -0.470 -0.531 -0.579 -0.615 -0.646 -0.677 -0.714 -0.759 -0.814 -0.880 -0.958 -1.061 -1.190 -1.360 -1.567 -1.766 -1.938 -2.046 -2.098 -2.079 -2.005 -1.944 -1.884 -1.789
0.000 0.000 0.000 0.000 0.000 0.000 0.000 0.000 0.000 0.000 0.000 0.000 0.000 0.000 0.000 0.000 0.000 0.000 -0.000 0.000 -0.000 -0.000 -0.000 -0.000 -0.000 -0.000 -0.000 -0.000 -0.000 -0.000 -0.000 -0.000 -0.000 -0.001 -0.001 -0.001 -0.002 -0.003 -0.005 -0.008 -0.013 -0.025 -0.044 -0.076 -0.120 -0.179 -0.251 -0.329 -0.403 -0.470 -0.525 -0.569 -0.608 -0.642 -0.677 -0.714 -0.756 -0.809 -0.885 -0.970 -1.064 -1.178 -1.330 -1.523 -1.732 -1.940 -2.097 -2.142 -2.102 -2.042 -1.946 -1.860 -1.790 -1.689
0.000 0.000 0.000 0.000 0.000 0.000 0.000 0.000 0.000 0.000 0.000 0.000 -0.000 -0.000 0.000 -0.000 -0.000 -0.000 -0.000 -0.000 -0.000 -0.000 -0.000 -0.000 -0.000 -0.000 -0.000 -0.000 -0.000 -0.000 -0.000 -0.000 -0.001 -0.001 -0.001 -0.002 -0.003 -0.005 -0.009 -0.015 -0.027 -0.049 -0.082 -0.129 -0.188 -0.257 -0.333 -0.409 -0.475 -0.525 -0.567 -0.607 -0.644 -0.679 -0.719 -0.766 -0.815 -0.876 -0.978 -1.084 -1.188 -1.315 -1.487 -1.710 -1.925 -2.083 -2.192 -2.169 -2.054 -1.956 -1.864 -1.750 -1.649 -1.523
-0.000 0.000 0.000 0.000 -0.000 -0.000 0.000 0.000 -0.000 -0.000 -0.000 -0.000 -0.000 -0.000 -0.000 -0.000 -0.000 -0.000 -0.000 -0.000 -0.000 -0.000 -0.000 -0.000 -0.000 -0.000 -0.000 -0.000 -0.000 -0.000 -0.001 -0.001 -0.001 -0.002 -0.002 -0.004 -0.006 -0.010 -0.017 -0.030 -0.053 -0.089 -0.137 -0.197 -0.267 -0.338 -0.407 -0.470 -0.527 -0.574 -0.612 -0.652 -0.690 -0.729 -0.775 -0.831 -0.894 -0.974 -1.093 -1.213 -1.336 -1.489 -1.707 -1.955 -2.142 -2.210 -2.209 -2.118 -1.959 -1.838 -1.727 -1.609 -1.477 -1.318
-0.000 -0.000 -0.000 -0.000 -0.000 -0.000 -0.000 -0.000 -0.000 -0.000 -0.000 -0.000 -0.000 -0.000 -0.000 -0.000 -0.000 -0.000 -0.000 -0.000 -0.000 -0.000 -0.000 -0.000 -0.000 -0.000 -0.000 -0.000 -0.000 -0.001 -0.001 -0.001 -0.002 -0.003 -0.004 -0.007 -0.011 -0.019 -0.033 -0.057 -0.095 -0.145 -0.206 -0.274 -0.344 -0.413 -0.474 -0.525 -0.574 -0.621 -0.664 -0.706 -0.750 -0.794 -0.851 -0.917 -0.992 -1.091 -1.221 -1.367 -1.527 -1.743 -2.019 -2.223 -2.287 -2.225 -2.123 -1.996 -1.847 -1.715 -1.583 -1.443 -1.291 -1.123
-0.000 -0.000 -0.000 -0.000 -0.000 -0.000 -0.000 -0.000 -0.000 -0.000 -0.000 -0.000 -0.000 -0.000 -0.000 -0.000 -0.000 -0.000 -0.000 -0.000 -0.000 -0.000 -0.000 -0.000 -0.000 -0.000 -0.000 -0.001 -0.001 -0.001 -0.002 -0.002 -0.003 -0.005 -0.007 -0.012 -0.020 -0.036 -0.061 -0.100 -0.152 -0.214 -0.280 -0.349 -0.417 -0.477 -0.533 -0.582 -0.630 -0.679 -0.724 -0.770 -0.822 -0.877 -0.940 -1.013 -1.105 -1.228 -1.379 -1.581 -1.832 -2.104 -2.301 -2.349 -2.271 -2.111 -1.943 -1.788 -1.686 -1.567 -1.412 -1.265 -1.099 -0.953
-0.000 -0.000 -0.000 -0.000 -0.000 -0.000 -0.000 -0.000 -0.000 -0.000 -0.000 -0.000 -0.000 -0.000 -0.000 -0.000 -0.000 -0.000 -0.000 -0.000 -0.000 -0.000 -0.000 -0.000 -0.000 -0.001 -0.001 -0.001 -0.002 -0.002 -0.003 -0.004 -0.005 -0.008 -0.013 -0.022 -0.038 -0.065 -0.105 -0.158 -0.220 -0.287 -0.356 -0.421 -0.484 -0.542 -0.594 -0.648 -0.701 -0.753 -0.804 -0.851 -0.906 -0.963 -1.031 -1.118 -1.244 -1.408 -1.619 -1.879 -2.161 -2.377 -2.392 -2.262 -2.079 -1.866 -1.694 -1.579 -1.488 -1.385 -1.217 -1.065 -0.932 -0.823
-0.000 -0.000 -0.000 -0.000 -0.000 -0.000 -0.000 -0.000 -0.000 -0.000 -0.000 -0.000 -0.000 -0.000 -0.000 -0.000 -0.000 -0.000 -0.000 -0.000 -0.000 -0.000 -0.000 -0.000 -0.001 -0.001 -0.002 -0.003 -0.003 -0.004 -0.005 -0.007 -0.009 -0.015 -0.024 -0.041 -0.069 -0.110 -0.163 -0.226 -0.294 -0.363 -0.430 -0.493 -0.553 -0.614 -0.673 -0.732 -0.785 -0.833 -0.880 -0.936 -0.996 -1.057 -1.132 -1.253 -1.426 -1.655 -1.920 -2.152 -2.294 -2.358 -2.239 -1.988 -1.754 -1.571 -1.463 -1.407 -1.337 -1.205 -1.039 -0.900 -0.801 -0.739
-0.000 -0.000 -0.000 -0.000 -0.000 -0.000 -0.000 -0.000 -0.000 -0.000 -0.000 -0.001 -0.001 -0.001 -0.001 -0.001 -0.001 -0.001 -0.001 -0.001 -0.001 -0.001 -0.001 -0.001 -0.002 -0.003 -0.004 -0.005 -0.006 -0.007 -0.009 -0.011 -0.017 -0.026 -0.044 -0.072 -0.114 -0.169 -0.234 -0.303 -0.372 -0.439 -0.503 -0.565 -0.630 -0.700 -0.765 -0.827 -0.874 -0.909 -0.951 -1.013 -1.080 -1.160 -1.268 -1.436 -1.665 -1.920 -2.138 -2.249 -2.251 -2.165 -1.961 -1.694 -1.505 -1.397 -1.325 -1.273 -1.178 -1.031 -0.886 -0.783 -0.722 -0.688
-0.001 -0.001 -0.001 -0.001 -0.001 -0.001 -0.001 -0.001 -0.001 -0.001 -0.002 -0.002 -0.001 -0.001 -0.001 -0.001 -0.001 -0.001 -0.001 -0.001 -0.001 -0.001 -0.001 -0.002 -0.003 -0.006 -0.008 -0.009 -0.010 -0.012 -0.014 -0.020 -0.030 -0.048 -0.076 -0.119 -0.175 -0.241 -0.313 -0.386 -0.453 -0.517 -0.584 -0.653 -0.726 -0.801 -0.862 -0.902 -0.939 -0.972 -1.015 -1.083 -1.179 -1.281 -1.443 -1.676 -1.917 -2.116 -2.206 -2.195 -2.090 -1.895 -1.661 -1.477 -1.357 -1.276 -1.209 -1.132 -1.022 -0.877 -0.760 -0.692 -0.657 -0.644
-0.006 -0.005 -0.004 -0.003 -0.003 -0.003 -0.003 -0.004 -0.004 -0.005 -0.006 -0.005 -0.003 -0.002 -0.002 -0.002 -0.002 -0.001 -0.001 -0.001 -0.001 -0.002 -0.003 -0.004 -0.006 -0.010 -0.013 -0.014 -0.016 -0.018 -0.023 -0.033 -0.052 -0.081 -0.125 -0.181 -0.249 -0.323 -0.398 -0.469 -0.536 -0.608 -0.687 -0.765 -0.839 -0.900 -0.942 -0.965 -0.989 -1.026 -1.081 -1.162 -1.289 -1.460 -1.669 -1.910 -2.090 -2.172 -2.161 -2.042 -1.836 -1.623 -1.459 -1.339 -1.256 -1.182 -1.099 -1.002 -0.883 -0.764 -0.678 -0.628 -0.603 -0.598
-0.017 -0.016 -0.015 -0.014 -0.013 -0.013 -0.012 -0.011 -0.011 -0.011 -0.010 -0.009 -0.007 -0.005 -0.003 -0.002 -0.001 -0.001 -0.001 -0.001 -0.002 -0.004 -0.006 -0.008 -0.011 -0.015 -0.019 -0.021 -0.023 -0.027 -0.037 -0.056 -0.085 -0.129 -0.188 -0.257 -0.333 -0.411 -0.487 -0.562 -0.635 -0.716 -0.807 -0.879 -0.930 -0.968 -0.989 -1.008 -1.039 -1.087 -1.163 -1.280 -1.449 -1.668 -1.891 -2.052 -2.128 -2.113 -1.998 -1.809 -1.601 -1.435 -1.323 -1.239 -1.164 -1.085 -0.991 -0.886 -0.777 -0.681 -0.616 -0.575 -0.553 -0.555
-0.018 -0.018 -0.019 -0.021 -0.020 -0.019 -0.017 -0.015 -0.012 -0.010 -0.009 -0.009 -0.008 -0.007 -0.005 -0.003 -0.002 -0.003 -0.004 -0.004 -0.004 -0.007 -0.011 -0.014 -0.017 -0.021 -0.025 -0.028 -0.033 -0.043 -0.062 -0.093 -0.136 -0.193 -0.265 -0.343 -0.427 -0.511 -0.592 -0.675 -0.759 -0.833 -0.904 -0.956 -0.983 -1.002 -1.019 -1.051 -1.095 -1.171 -1.275 -1.436 -1.648 -1.848 -1.993 -2.072 -2.058 -1.968 -1.798 -1.603 -1.438 -1.312 -1.222 -1.146 -1.072 -0.983 -0.887 -0.784 -0.692 -0.614 -0.557 -0.520 -0.500 -0.512
-0.010 -0.008 -0.010 -0.014 -0.016 -0.013 -0.011 -0.009 -0.007 -0.005 -0.003 -0.005 -0.007 -0.007 -0.007 -0.007 -0.006 -0.006 -0.008 -0.009 -0.010 -0.013 -0.018 -0.022 -0.025 -0.029 -0.033 -0.040 -0.052 -0.071 -0.101 -0.146 -0.204 -0.274 -0.357 -0.444 -0.535 -0.629 -0.721 -0.810 -0.894 -0.954 -0.983 -1.004 -1.020 -1.032 -1.056 -1.104 -1.179 -1.280 -1.447 -1.641 -1.825 -1.954 -2.013 -1.990 -1.916 -1.774 -1.605 -1.444 -1.314 -1.217 -1.135 -1.055 -0.974 -0.884 -0.789 -0.698 -0.614 -0.549 -0.497 -0.461 -0.447 -0.471
-0.020 -0.015 -0.011 -0.011 -0.012 -0.012 -0.010 -0.009 -0.008 -0.007 -0.006 -0.005 -0.006 -0.008 -0.012 -0.013 -0.012 -0.012 -0.014 -0.017 -0.021 -0.024 -0.031 -0.035 -0.037 -0.041 -0.049 -0.062 -0.083 -0.114 -0.158 -0.217 -0.290 -0.373 -0.469 -0.573 -0.677 -0.775 -0.865 -0.942 -0.997 -1.028 -1.038 -1.040 -1.049 -1.075 -1.117 -1.187 -1.309 -1.443 -1.632 -1.817 -1.956 -1.972 -1.933 -1.849 -1.735 -1.597 -1.452 -1.319 -1.204 -1.117 -1.043 -0.968 -0.881 -0.791 -0.702 -0.618 -0.542 -0.480 -0.434 -0.405 -0.400 -0.438
-0.061 -0.054 -0.041 -0.033 -0.033 -0.033 -0.032 -0.029 -0.027 -0.026 -0.024 -0.021 -0.019 -0.018 -0.018 -0.019 -0.019 -0.021 -0.026 -0.031 -0.037 -0.041 -0.049 -0.054 -0.057 -0.063 -0.077 -0.099 -0.131 -0.177 -0.238 -0.311 -0.400 -0.506 -0.617 -0.739 -0.855 -0.946 -1.001 -1.038 -1.061 -1.068 -1.070 -1.077 -1.093 -1.139 -1.209 -1.317 -1.473 -1.656 -1.799 -1.887 -1.933 -1.918 -1.797 -1.679 -1.577 -1.457 -1.333 -1.210 -1.101 -1.014 -0.944 -0.873 -0.792 -0.703 -0.620 -0.540 -0.469 -0.414 -0.377 -0.359 -0.368 -0.420
-0.109 -0.109 -0.106 -0.083 -0.071 -0.071 -0.072 -0.070 -0.068 -0.065 -0.063 -0.059 -0.056 -0.052 -0.048 -0.045 -0.044 -0.049 -0.057 -0.064 -0.067 -0.069 -0.076 -0.082 -0.089 -0.099 -0.119 -0.153 -0.199 -0.260 -0.343 -0.437 -0.544 -0.672 -0.800 -0.915 -1.011 -1.076 -1.096 -1.100 -1.102 -1.099 -1.107 -1.135 -1.171 -1.243 -1.346 -1.463 -1.621 -1.780 -1.862 -1.898 -1.828 -1.755 -1.653 -1.526 -1.443 -1.347 -1.224 -1.098 -0.989 -0.908 -0.844 -0.781 -0.700 -0.613 -0.530 -0.457 -0.397 -0.357 -0.334 -0.330 -0.354 -0.418
-0.164 -0.166 -0.169 -0.173 -0.147 -0.129 -0.130 -0.129 -0.128 -0.127 -0.125 -0.120 -0.117 -0.114 -0.110 -0.106 -0.104 -0.107 -0.113 -0.117 -0.114 -0.114 -0.119 -0.125 -0.134 -0.150 -0.177 -0.228 -0.293 -0.372 -0.475 -0.595 -0.726 -0.856 -0.971 -1.051 -1.102 -1.137 -1.138 -1.142 -1.145 -1.147 -1.162 -1.211 -1.271 -1.356 -1.491 -1.605 -1.709 -1.792 -1.803 -1.795 -1.712 -1.571 -1.488 -1.411 -1.333 -1.238 -1.111 -0.979 -0.876 -0.803 -0.750 -0.692 -0.616 -0.529 -0.448 -0.382 -0.336 -0.313 -0.307 -0.318 -0.356 -0.431
-0.224 -0.231 -0.237 -0.240 -0.247 -0.221 -0.203 -0.203 -0.203 -0.208 -0.207 -0.202 -0.197 -0.193 -0.191 -0.188 -0.183 -0.179 -0.179 -0.177 -0.175 -0.176 -0.180 -0.185 -0.197 -0.220 -0.261 -0.329 -0.419 -0.522 -0.639 -0.769 -0.902 -1.023 -1.108 -1.149 -1.164 -1.167 -1.160 -1.170 -1.197 -1.225 -1.252 -1.302 -1.383 -1.473 -1.605 -1.704 -1.752 -1.761 -1.711 -1.656 -1.601 -1.455 -1.366 -1.321 -1.245 -1.118 -0.980 -0.858 -0.773 -0.716 -0.671 -0.617 -0.541 -0.456 -0.381 -0.326 -0.293 -0.281 -0.289 -0.318 -0.375 -0.453
-0.285 -0.298 -0.312 -0.316 -0.327 -0.328 -0.299 -0.292 -0.293 -0.302 -0.303 -0.298 -0.292 -0.285 -0.280 -0.274 -0.267 -0.258 -0.252 -0.250 -0.248 -0.248 -0.253 -0.264 -0.287 -0.323 -0.381 -0.467 -0.572 -0.693 -0.825 -0.952 -1.051 -1.137 -1.196 -1.203 -1.196 -1.190 -1.192 -1.214 -1.245 -1.282 -1.332 -1.386 -1.468 -1.558 -1.659 -1.718 -1.720 -1.684 -1.606 -1.513 -1.447 -1.384 -1.293 -1.225 -1.136 -0.977 -0.832 -0.737 -0.680 -0.643 -0.607 -0.554 -0.478 -0.395 -0.328 -0.286 -0.266 -0.263 -0.279 -0.323 -0.395 -0.475
-0.337 -0.354 -0.375 -0.391 -0.406 -0.421 -0.414 -0.395 -0.395 -0.401 -0.400 -0.393 -0.385 -0.374 -0.365 -0.360 -0.355 -0.339 -0.330 -0.330 -0.324 -0.323 -0.337 -0.363 -0.406 -0.460 -0.541 -0.650 -0.766 -0.883 -1.001 -1.107 -1.177 -1.215 -1.234 -1.226 -1.202 -1.197 -1.219 -1.258 -1.287 -1.322 -1.380 -1.461 -1.540 -1.595 -1.639 -1.650 -1.626 -1.568 -1.472 -1.377 -1.305 -1.265 -1.228 -1.116 -0.982 -0.832 -0.704 -0.636 -0.601 -0.581 -0.556 -0.505 -0.427 -0.348 -0.290 -0.258 -0.247 -0.253 -0.278 -0.334 -0.413 -0.490
-0.384 -0.409 -0.437 -0.462 -0.485 -0.512 -0.516 -0.497 -0.495 -0.494 -0.486 -0.479 -0.472 -0.459 -0.450 -0.455 -0.448 -0.431 -0.417 -0.412 -0.407 -0.414 -0.446 -0.495 -0.561 -0.637 -0.738 -0.857 -0.982 -1.095 -1.179 -1.231 -1.269 -1.270 -1.249 -1.233 -1.215 -1.206 -1.230 -1.272 -1.312 -1.372 -1.432 -1.517 -1.579 -1.612 -1.598 -1.556 -1.499 -1.439 -1.339 -1.242 -1.192 -1.150 -1.105 -0.994 -0.821 -0.691 -0.606 -0.562 -0.543 -0.533 -0.511 -0.463 -0.388 -0.313 -0.263 -0.240 -0.237 -0.253 -0.287 -0.345 -0.419 -0.492
-0.429 -0.457 -0.490 -0.514 -0.547 -0.591 -0.588 -0.576 -0.580 -0.582 -0.575 -0.565 -0.556 -0.554 -0.556 -0.560 -0.550 -0.533 -0.519 -0.515 -0.520 -0.545 -0.601 -0.674 -0.767 -0.866 -0.978 -1.084 -1.186 -1.281 -1.343 -1.354 -1.350 -1.324 -1.271 -1.234 -1.226 -1.221 -1.236 -1.271 -1.319 -1.411 -1.481 -1.536 -1.557 -1.558 -1.521 -1.433 -1.357 -1.286 -1.229 -1.142 -1.087 -1.041 -0.959 -0.833 -0.687 -0.584 -0.529 -0.505 -0.500 -0.498 -0.476 -0.427 -0.355 -0.288 -0.248 -0.231 -0.233 -0.259 -0.305 -0.356 -0.410 -0.474
-0.451 -0.485 -0.517 -0.551 -0.613 -0.634 -0.628 -0.631 -0.644 -0.657 -0.661 -0.658 -0.657 -0.668 -0.678 -0.676 -0.660 -0.647 -0.642 -0.664 -0.700 -0.745 -0.825 -0.919 -1.027 -1.140 -1.239 -1.323 -1.382 -1.429 -1.470 -1.463 -1.437 -1.401 -1.335 -1.271 -1.243 -1.225 -1.249 -1.276 -1.314 -1.383 -1.441 -1.471 -1.480 -1.466 -1.401 -1.307 -1.225 -1.143 -1.085 -1.036 -0.979 -0.905 -0.809 -0.690 -0.580 -0.509 -0.474 -0.463 -0.465 -0.465 -0.446 -0.399 -0.332 -0.272 -0.240 -0.231 -0.239 -0.271 -0.324 -0.372 -0.403 -0.444
-0.454 -0.492 -0.538 -0.598 -0.645 -0.657 -0.658 -0.670 -0.698 -0.724 -0.745 -0.755 -0.770 -0.784 -0.787 -0.797 -0.802 -0.799 -0.813 -0.874 -0.956 -1.026 -1.124 -1.213 -1.300 -1.396 -1.455 -1.526 -1.568 -1.577 -1.572 -1.544 -1.511 -1.482 -1.418 -1.354 -1.310 -1.271 -1.289 -1.309 -1.323 -1.361 -1.366 -1.357 -1.338 -1.322 -1.284 -1.192 -1.110 -1.046 -0.948 -0.892 -0.847 -0.773 -0.679 -0.586 -0.505 -0.456 -0.437 -0.433 -0.436 -0.436 -0.417 -0.375 -0.317 -0.266 -0.241 -0.241 -0.259 -0.292 -0.339 -0.379 -0.401 -0.414
-0.442 -0.493 -0.552 -0.603 -0.625 -0.644 -0.668 -0.702 -0.739 -0.772 -0.800 -0.825 -0.854 -0.882 -0.909 -0.931 -0.972 -1.013 -1.059 -1.139 -1.229 -1.312 -1.415 -1.468 -1.543 -1.594 -1.608 -1.649 -1.665 -1.677 -1.653 -1.586 -1.540 -1.520 -1.487 -1.455 -1.424 -1.387 -1.397 -1.392 -1.374 -1.398 -1.396 -1.303 -1.232 -1.178 -1.150 -1.095 -0.996 -0.925 -0.845 -0.769 -0.721 -0.661 -0.584 -0.514 -0.458 -0.425 -0.412 -0.409 -0.412 -0.409 -0.390 -0.353 -0.308 -0.271 -0.254 -0.259 -0.284 -0.320 -0.357 -0.382 -0.393 -0.394
-0.414 -0.467 -0.515 -0.551 -0.576 -0.611 -0.661 -0.712 -0.749 -0.788 -0.825 -0.867 -0.912 -0.964 -1.016 -1.066 -1.130 -1.217 -1.289 -1.377 -1.438 -1.515 -1.592 -1.619 -1.684 -1.706 -1.698 -1.710 -1.686 -1.678 -1.652 -1.577 -1.524 -1.500 -1.499 -1.502 -1.485 -1.444 -1.440 -1.427 -1.405 -1.405 -1.434 -1.381 -1.261 -1.137 -1.031 -0.966 -0.886 -0.804 -0.735 -0.669 -0.615 -0.567 -0.514 -0.464 -0.428 -0.408 -0.399 -0.394 -0.393 -0.387 -0.368 -0.339 -0.306 -0.282 -0.278 -0.291 -0.319 -0.356 -0.383 -0.390 -0.384 -0.378
-0.336 -0.381 -0.430 -0.472 -0.520 -0.578 -0.640 -0.695 -0.739 -0.786 -0.830 -0.880 -0.937 -0.993 -1.038 -1.092 -1.166 -1.268 -1.350 -1.442 -1.487 -1.552 -1.603 -1.621 -1.666 -1.686 -1.678 -1.674 -1.630 -1.590 -1.545 -1.487 -1.448 -1.427 -1.417 -1.435 -1.424 -1.381 -1.345 -1.309 -1.290 -1.278 -1.288 -1.284 -1.238 -1.164 -1.016 -0.861 -0.762 -0.694 -0.642 -0.592 -0.539 -0.495 -0.459 -0.429 -0.408 -0.398 -0.396 -0.395 -0.394 -0.387 -0.370 -0.347 -0.324 -0.312 -0.316 -0.334 -0.359 -0.389 -0.415 -0.418 -0.393 -0.364
-0.239 -0.288 -0.343 -0.404 -0.466 -0.529 -0.594 -0.656 -0.709 -0.762 -0.811 -0.859 -0.913 -0.959 -1.003 -1.035 -1.096 -1.190 -1.285 -1.368 -1.413 -1.462 -1.494 -1.497 -1.510 -1.507 -1.500 -1.490 -1.434 -1.392 -1.350 -1.308 -1.281 -1.254 -1.238 -1.236 -1.220 -1.180 -1.137 -1.107 -1.076 -1.041 -1.008 -0.984 -0.966 -0.972 -0.941 -0.794 -0.651 -0.573 -0.554 -0.536 -0.498 -0.456 -0.428 -0.412 -0.405 -0.404 -0.404 -0.402 -0.400 -0.396 -0.387 -0.372 -0.358 -0.350 -0.351 -0.365 -0.386 -0.404 -0.424 -0.440 -0.421 -0.364
