AvaFrame/avaframe/data/avaSalk/Avaflow_Input_Output/slk_results/slk_ascii/slk_hflow0029.asc
ncols 296
nrows 144
xllcenter 761600.00
yllcenter 8523000.00
cellsize 12.50
NODATA_value -9999.000
[rows 68 to 101 of 144, columns 154 to 230 of 296]
0.000 0.000 0.000 0.000 0.000 0.000 0.000 0.000 0.000 0.000 0.000 0.000 0.000 0.000 0.000 0.001 0.000 0.000 0.000 0.000 0.000 0.000 0.000 0.000 0.000 0.000 0.000 0.000 0.000 0.000 0.000 0.000 0.000 0.000 0.000 0.000 0.000 0.000 0.000 0.000 0.000 0.000 0.000 0.000 0.000 0.001 0.001 0.001 0.002 0.002 0.003 0.003 0.004 0.004 0.005 0.006 0.008 0.010 0.012 0.016 0.021 0.030 0.045 0.065 0.091 0.125 0.167 0.223 0.296 0.362 0.403 0.419 0.413 0.369 0.279 0.190 0.139
0.000 0.000 0.000 0.000 0.000 0.000 0.000 0.000 0.000 0.000 0.000 0.000 0.000 0.001 0.001 0.001 0.000 0.000 0.000 0.000 0.000 0.000 0.000 0.000 0.000 0.000 0.000 0.000 0.000 0.000 0.000 0.000 0.000 0.000 0.000 0.000 0.000 0.000 0.000 0.000 0.000 0.000 0.000 0.000 0.001 0.001 0.001 0.002 0.002 0.003 0.004 0.004 0.005 0.006 0.007 0.008 0.010 0.012 0.016 0.021 0.030 0.043 0.065 0.094 0.131 0.176 0.231 0.300 0.365 0.403 0.417 0.401 0.347 0.258 0.176 0.134 0.112
0.000 0.000 0.000 0.000 0.000 0.000 0.000 0.000 0.000 0.000 0.000 0.001 0.001 0.001 0.001 0.001 0.001 0.001 0.001 0.001 0.001 0.001 0.001 0.001 0.001 0.000 0.000 0.000 0.000 0.000 0.000 0.000 0.000 0.000 0.000 0.000 0.000 0.000 0.000 0.000 0.000 0.000 0.001 0.001 0.001 0.002 0.002 0.003 0.003 0.004 0.004 0.005 0.006 0.007 0.008 0.010 0.013 0.017 0.022 0.031 0.044 0.063 0.092 0.132 0.182 0.244 0.308 0.365 0.399 0.413 0.398 0.342 0.255 0.177 0.132 0.110 0.097
0.000 0.000 0.001 0.001 0.001 0.000 0.000 0.000 0.000 0.000 0.000 0.001 0.001 0.001 0.001 0.001 0.001 0.002 0.002 0.002 0.003 0.003 0.003 0.003 0.002 0.001 0.001 0.000 0.000 0.000 0.000 0.000 0.000 0.000 0.000 0.000 0.000 0.000 0.000 0.000 0.001 0.001 0.001 0.002 0.002 0.002 0.003 0.003 0.004 0.005 0.005 0.006 0.008 0.009 0.011 0.013 0.017 0.022 0.031 0.047 0.069 0.095 0.132 0.185 0.251 0.321 0.374 0.401 0.407 0.395 0.345 0.260 0.185 0.139 0.111 0.095 0.082
0.000 0.001 0.000 0.000 0.000 0.000 0.000 0.000 0.000 0.000 0.000 0.001 0.001 0.001 0.001 0.002 0.003 0.004 0.005 0.006 0.008 0.009 0.009 0.008 0.004 0.002 0.001 0.001 0.001 0.000 0.000 0.000 0.000 0.000 0.000 0.000 0.001 0.001 0.001 0.001 0.001 0.002 0.002 0.002 0.003 0.003 0.004 0.005 0.005 0.006 0.007 0.008 0.010 0.013 0.015 0.018 0.024 0.033 0.048 0.077 0.109 0.141 0.189 0.260 0.327 0.374 0.398 0.406 0.394 0.350 0.272 0.194 0.145 0.115 0.096 0.081 0.069
0.000 0.000 0.000 0.000 0.000 0.000 0.001 0.001 0.001 0.001 0.001 0.001 0.001 0.002 0.002 0.004 0.007 0.011 0.014 0.016 0.022 0.027 0.027 0.021 0.009 0.004 0.002 0.002 0.001 0.001 0.001 0.001 0.001 0.001 0.001 0.001 0.001 0.001 0.001 0.002 0.002 0.002 0.003 0.003 0.004 0.004 0.005 0.006 0.007 0.008 0.010 0.012 0.015 0.019 0.023 0.030 0.042 0.064 0.104 0.158 0.191 0.209 0.256 0.322 0.364 0.384 0.390 0.384 0.346 0.272 0.198 0.151 0.121 0.099 0.083 0.069 0.057
0.000 0.000 0.000 0.000 0.001 0.001 0.002 0.002 0.002 0.002 0.002 0.002 0.002 0.003 0.005 0.010 0.020 0.036 0.047 0.058 0.070 0.079 0.077 0.056 0.023 0.008 0.004 0.003 0.003 0.002 0.002 0.002 0.001 0.001 0.002 0.002 0.002 0.002 0.002 0.002 0.003 0.003 0.004 0.005 0.005 0.006 0.007 0.008 0.009 0.011 0.013 0.017 0.023 0.031 0.040 0.058 0.097 0.167 0.242 0.290 0.302 0.309 0.332 0.357 0.370 0.372 0.363 0.332 0.266 0.195 0.152 0.125 0.104 0.087 0.072 0.060 0.048
0.000 0.000 0.001 0.001 0.001 0.003 0.005 0.005 0.005 0.005 0.005 0.005 0.005 0.008 0.014 0.035 0.084 0.146 0.183 0.202 0.213 0.212 0.190 0.133 0.055 0.018 0.010 0.007 0.006 0.005 0.005 0.004 0.003 0.003 0.003 0.003 0.003 0.003 0.003 0.003 0.004 0.004 0.005 0.007 0.008 0.008 0.009 0.010 0.012 0.014 0.018 0.025 0.036 0.052 0.076 0.124 0.198 0.265 0.301 0.318 0.327 0.347 0.370 0.374 0.367 0.354 0.319 0.262 0.200 0.155 0.127 0.106 0.090 0.075 0.062 0.050 0.040
0.001 0.001 0.001 0.002 0.003 0.007 0.015 0.018 0.017 0.014 0.013 0.013 0.014 0.022 0.052 0.134 0.287 0.417 0.475 0.490 0.492 0.479 0.421 0.293 0.130 0.045 0.023 0.019 0.016 0.015 0.013 0.010 0.008 0.006 0.005 0.004 0.004 0.004 0.004 0.004 0.005 0.006 0.008 0.010 0.011 0.012 0.012 0.013 0.016 0.019 0.026 0.037 0.057 0.091 0.146 0.205 0.247 0.265 0.274 0.279 0.296 0.333 0.367 0.369 0.349 0.315 0.257 0.202 0.166 0.138 0.115 0.093 0.076 0.062 0.050 0.040 0.033
0.003 0.003 0.004 0.005 0.010 0.027 0.064 0.082 0.079 0.059 0.046 0.045 0.054 0.095 0.199 0.389 0.639 0.814 0.884 0.906 0.916 0.903 0.825 0.625 0.332 0.133 0.066 0.057 0.055 0.052 0.046 0.036 0.026 0.019 0.012 0.008 0.006 0.005 0.005 0.006 0.006 0.008 0.011 0.014 0.015 0.016 0.016 0.017 0.021 0.027 0.038 0.058 0.094 0.151 0.207 0.235 0.236 0.221 0.214 0.225 0.261 0.314 0.351 0.347 0.303 0.244 0.194 0.166 0.149 0.134 0.114 0.089 0.065 0.050 0.039 0.032 0.027
0.008 0.009 0.011 0.017 0.045 0.143 0.285 0.348 0.335 0.268 0.227 0.228 0.278 0.391 0.576 0.823 1.085 1.268 1.370 1.418 1.435 1.439 1.391 1.193 0.766 0.366 0.202 0.177 0.181 0.192 0.190 0.171 0.138 0.099 0.058 0.027 0.014 0.009 0.008 0.007 0.008 0.010 0.013 0.016 0.018 0.020 0.022 0.024 0.029 0.040 0.060 0.094 0.147 0.198 0.223 0.228 0.218 0.207 0.210 0.232 0.265 0.313 0.332 0.308 0.248 0.194 0.161 0.146 0.140 0.133 0.118 0.094 0.063 0.043 0.033 0.028 0.025
0.024 0.031 0.043 0.087 0.224 0.486 0.709 0.797 0.784 0.721 0.704 0.750 0.843 0.982 1.185 1.402 1.602 1.774 1.937 2.027 2.032 2.019 1.966 1.761 1.211 0.706 0.489 0.447 0.459 0.520 0.572 0.582 0.552 0.481 0.357 0.199 0.082 0.030 0.014 0.011 0.011 0.013 0.015 0.018 0.021 0.025 0.029 0.034 0.044 0.063 0.095 0.144 0.190 0.214 0.222 0.220 0.213 0.211 0.223 0.247 0.268 0.297 0.303 0.274 0.217 0.172 0.145 0.133 0.132 0.132 0.125 0.106 0.070 0.043 0.031 0.026 0.023
0.111 0.166 0.281 0.495 0.815 1.117 1.290 1.358 1.371 1.389 1.461 1.574 1.660 1.755 1.887 2.011 2.145 2.304 2.502 2.625 2.627 2.575 2.454 2.106 1.424 1.011 0.894 0.886 0.956 1.104 1.252 1.345 1.364 1.319 1.136 0.806 0.439 0.191 0.063 0.020 0.015 0.016 0.018 0.020 0.025 0.031 0.040 0.050 0.068 0.099 0.144 0.187 0.211 0.219 0.220 0.218 0.217 0.226 0.245 0.259 0.262 0.270 0.268 0.242 0.193 0.152 0.126 0.116 0.118 0.127 0.130 0.121 0.088 0.049 0.033 0.027 0.024
0.644 0.818 1.127 1.579 1.951 2.115 2.153 2.159 2.241 2.339 2.444 2.511 2.502 2.516 2.562 2.641 2.735 2.849 3.009 3.102 3.115 3.038 2.812 2.233 1.561 1.315 1.329 1.451 1.664 1.942 2.194 2.383 2.468 2.456 2.279 1.849 1.263 0.703 0.309 0.095 0.026 0.021 0.022 0.025 0.031 0.041 0.055 0.074 0.104 0.145 0.185 0.209 0.219 0.222 0.221 0.222 0.232 0.248 0.259 0.263 0.256 0.245 0.231 0.208 0.167 0.126 0.101 0.092 0.094 0.111 0.130 0.133 0.112 0.066 0.040 0.030 0.026
2.044 2.252 2.662 3.214 3.490 3.454 3.315 3.283 3.367 3.416 3.419 3.394 3.317 3.262 3.252 3.316 3.379 3.407 3.480 3.501 3.453 3.364 2.992 2.239 1.772 1.698 1.825 2.135 2.564 3.009 3.355 3.616 3.744 3.743 3.621 3.171 2.439 1.591 0.902 0.393 0.118 0.039 0.030 0.033 0.042 0.057 0.079 0.108 0.147 0.185 0.208 0.219 0.224 0.225 0.227 0.235 0.250 0.260 0.263 0.258 0.245 0.224 0.199 0.170 0.130 0.093 0.071 0.064 0.067 0.087 0.124 0.139 0.132 0.090 0.053 0.039 0.031
3.909 4.053 4.353 4.743 4.898 4.845 4.773 4.710 4.732 4.595 4.375 4.257 4.159 4.055 4.021 4.058 4.079 4.020 3.928 3.799 3.641 3.508 2.977 2.303 2.107 2.189 2.444 2.924 3.533 4.049 4.413 4.670 4.817 4.883 4.843 4.480 3.700 2.720 1.829 1.059 0.487 0.194 0.083 0.050 0.060 0.081 0.113 0.148 0.182 0.205 0.218 0.225 0.230 0.234 0.241 0.252 0.260 0.261 0.258 0.246 0.225 0.198 0.163 0.126 0.090 0.061 0.045 0.041 0.045 0.062 0.109 0.141 0.143 0.116 0.074 0.053 0.039
5.296 5.415 5.634 5.903 5.988 5.991 6.084 6.028 6.007 5.727 5.373 5.169 5.074 4.955 4.952 4.934 4.864 4.618 4.239 3.952 3.753 3.516 2.943 2.542 2.549 2.777 3.173 3.726 4.375 4.894 5.271 5.483 5.628 5.673 5.672 5.432 4.801 3.928 2.993 2.086 1.267 0.709 0.390 0.195 0.106 0.114 0.151 0.182 0.202 0.216 0.225 0.233 0.240 0.247 0.255 0.259 0.260 0.256 0.245 0.225 0.196 0.161 0.123 0.090 0.062 0.041 0.029 0.026 0.032 0.050 0.101 0.141 0.147 0.131 0.094 0.065 0.045
6.329 6.427 6.553 6.727 6.889 7.002 7.157 7.158 7.112 6.852 6.515 6.239 6.162 6.135 6.126 5.946 5.606 5.045 4.416 4.045 3.805 3.477 3.072 2.969 3.120 3.466 3.955 4.509 5.081 5.585 5.973 6.137 6.250 6.205 6.241 6.027 5.625 4.961 4.181 3.322 2.347 1.588 1.117 0.742 0.395 0.192 0.175 0.204 0.214 0.223 0.232 0.243 0.253 0.258 0.259 0.256 0.252 0.244 0.226 0.196 0.163 0.128 0.095 0.067 0.044 0.029 0.022 0.022 0.027 0.050 0.106 0.141 0.146 0.133 0.101 0.067 0.044
7.056 7.108 7.252 7.480 7.755 7.988 8.128 8.171 8.160 8.037 7.823 7.621 7.529 7.367 7.153 6.678 6.020 5.227 4.479 4.059 3.769 3.560 3.429 3.537 3.865 4.295 4.796 5.289 5.729 6.165 6.513 6.671 6.739 6.655 6.677 6.435 6.137 5.634 4.996 4.260 3.266 2.421 1.962 1.633 1.172 0.578 0.235 0.213 0.225 0.231 0.240 0.256 0.264 0.263 0.255 0.244 0.237 0.225 0.200 0.167 0.135 0.105 0.078 0.055 0.037 0.026 0.022 0.022 0.030 0.061 0.117 0.143 0.143 0.129 0.096 0.063 0.040
7.767 7.843 7.995 8.243 8.536 8.774 8.960 9.082 9.109 9.087 9.006 8.892 8.730 8.354 7.810 7.032 6.190 5.232 4.494 4.033 3.785 3.795 3.959 4.292 4.813 5.289 5.719 6.080 6.402 6.694 7.044 7.185 7.177 7.098 6.984 6.784 6.429 5.981 5.425 4.751 3.860 3.037 2.571 2.306 2.062 1.474 0.579 0.224 0.229 0.236 0.247 0.266 0.271 0.264 0.242 0.219 0.210 0.200 0.180 0.150 0.118 0.091 0.067 0.048 0.035 0.027 0.025 0.027 0.043 0.086 0.132 0.144 0.139 0.118 0.083 0.053 0.033
8.456 8.570 8.731 8.963 9.222 9.462 9.680 9.871 9.992 10.005 9.973 9.815 9.588 8.902 8.032 7.122 6.159 5.188 4.527 4.106 4.019 4.244 4.684 5.297 5.892 6.341 6.684 6.928 7.133 7.292 7.561 7.591 7.585 7.461 7.281 7.059 6.618 6.152 5.592 4.854 4.136 3.433 2.959 2.692 2.528 2.316 1.443 0.403 0.207 0.239 0.255 0.270 0.272 0.253 0.209 0.184 0.179 0.180 0.170 0.147 0.112 0.078 0.055 0.041 0.034 0.030 0.031 0.040 0.069 0.114 0.140 0.143 0.132 0.100 0.064 0.040 0.026
9.207 9.334 9.462 9.585 9.718 9.929 10.175 10.436 10.641 10.729 10.774 10.565 10.048 9.071 7.984 7.004 6.006 5.238 4.734 4.504 4.559 4.953 5.651 6.384 6.919 7.289 7.586 7.823 7.957 8.023 8.118 8.073 8.028 7.842 7.610 7.203 6.789 6.241 5.661 4.841 4.169 3.573 3.139 2.870 2.682 2.574 2.233 1.116 0.315 0.224 0.260 0.267 0.258 0.221 0.173 0.159 0.163 0.172 0.169 0.150 0.107 0.065 0.043 0.033 0.031 0.033 0.040 0.061 0.105 0.137 0.145 0.140 0.112 0.073 0.046 0.030 0.022
10.214 9.969 10.005 10.096 10.220 10.343 10.537 10.856 11.195 11.340 11.384 10.931 10.078 8.920 7.577 6.636 5.967 5.508 5.260 5.222 5.423 5.913 6.697 7.271 7.804 8.112 8.437 8.699 8.805 8.896 8.852 8.768 8.611 8.389 7.948 7.397 6.959 6.332 5.715 4.836 4.097 3.544 3.157 2.885 2.684 2.523 2.346 1.794 0.839 0.306 0.250 0.254 0.224 0.181 0.151 0.148 0.160 0.174 0.175 0.152 0.097 0.051 0.034 0.029 0.029 0.032 0.044 0.077 0.131 0.153 0.150 0.134 0.091 0.052 0.033 0.023 0.019
10.937 10.406 10.413 10.375 10.514 10.633 10.896 11.153 11.538 11.771 11.625 10.984 9.874 8.516 7.268 6.580 6.235 6.096 6.122 6.249 6.547 6.982 7.619 8.054 8.543 8.831 9.232 9.450 9.570 9.690 9.596 9.443 9.170 8.894 8.323 7.714 7.109 6.449 5.782 4.877 4.010 3.383 3.051 2.806 2.542 2.310 2.125 1.877 1.298 0.601 0.276 0.211 0.174 0.145 0.135 0.139 0.161 0.184 0.187 0.157 0.089 0.043 0.031 0.029 0.029 0.031 0.042 0.079 0.137 0.161 0.158 0.136 0.087 0.046 0.028 0.020 0.017
11.158 10.553 10.587 10.588 10.754 10.833 11.052 11.449 11.763 11.889 11.580 10.774 9.500 8.299 7.298 6.983 6.933 7.064 7.257 7.449 7.700 7.981 8.402 8.805 9.196 9.506 9.932 10.083 10.300 10.280 10.156 9.935 9.500 9.202 8.637 8.142 7.483 6.660 5.888 4.988 4.064 3.244 2.773 2.516 2.238 1.985 1.817 1.677 1.374 0.858 0.396 0.191 0.142 0.121 0.118 0.126 0.157 0.195 0.205 0.172 0.090 0.042 0.031 0.031 0.032 0.032 0.039 0.071 0.130 0.161 0.164 0.144 0.093 0.049 0.029 0.020 0.017
11.002 10.498 10.640 10.813 10.874 11.000 11.177 11.569 11.724 11.623 11.270 10.414 9.384 8.578 8.081 7.982 8.007 8.324 8.410 8.587 8.754 8.944 9.186 9.521 9.859 10.165 10.487 10.689 10.739 10.708 10.516 10.134 9.766 9.381 8.834 8.435 7.815 6.958 6.090 5.183 4.212 3.236 2.564 2.163 1.881 1.671 1.512 1.356 1.176 0.918 0.542 0.247 0.136 0.111 0.106 0.114 0.147 0.197 0.211 0.185 0.102 0.049 0.035 0.035 0.035 0.035 0.038 0.056 0.106 0.151 0.162 0.151 0.108 0.061 0.036 0.024 0.018
10.652 10.472 10.628 10.828 10.920 10.958 11.152 11.347 11.386 11.146 10.818 10.237 9.755 9.467 9.533 9.442 9.394 9.543 9.390 9.532 9.632 9.836 10.132 10.256 10.462 10.649 11.012 11.242 11.190 11.215 10.746 10.261 9.958 9.517 9.024 8.617 8.006 7.265 6.367 5.441 4.374 3.335 2.601 2.046 1.641 1.417 1.195 0.972 0.830 0.752 0.586 0.323 0.158 0.113 0.105 0.109 0.135 0.185 0.205 0.190 0.128 0.075 0.055 0.045 0.041 0.041 0.042 0.049 0.077 0.127 0.152 0.150 0.123 0.080 0.051 0.033 0.022
10.276 10.401 10.633 10.725 10.826 10.699 10.843 10.822 10.810 10.774 10.759 10.531 10.511 10.423 10.552 10.470 10.251 10.372 10.210 10.236 10.369 10.471 10.830 10.846 10.960 10.991 11.337 11.521 11.502 11.444 10.975 10.542 10.087 9.644 9.238 8.936 8.442 7.728 6.744 5.694 4.524 3.462 2.668 2.069 1.590 1.269 0.985 0.737 0.601 0.555 0.509 0.375 0.212 0.142 0.128 0.127 0.142 0.180 0.203 0.208 0.205 0.185 0.168 0.130 0.073 0.052 0.049 0.052 0.062 0.096 0.128 0.138 0.130 0.103 0.073 0.048 0.030
9.884 10.228 10.482 10.518 10.530 10.394 10.333 10.232 10.218 10.327 10.572 10.727 10.935 10.999 11.001 11.108 10.865 10.957 10.728 10.742 10.805 10.844 11.073 11.093 11.179 11.239 11.306 11.609 11.722 11.610 11.224 10.818 10.252 9.902 9.715 9.723 9.633 8.938 7.733 6.158 4.721 3.602 2.743 2.112 1.614 1.260 0.950 0.700 0.563 0.509 0.477 0.472 0.456 0.435 0.435 0.419 0.393 0.404 0.452 0.570 0.751 0.844 0.853 0.752 0.476 0.186 0.084 0.064 0.057 0.067 0.090 0.112 0.123 0.117 0.099 0.072 0.044
9.362 9.835 10.025 10.097 10.004 9.916 9.800 9.635 9.579 9.725 10.167 10.628 11.023 11.267 11.249 11.296 11.163 11.060 10.894 10.927 10.936 10.962 11.067 11.092 11.066 11.200 11.184 11.503 11.664 11.585 11.290 10.846 10.362 10.225 10.310 10.496 10.466 10.074 9.015 7.359 5.337 3.746 2.807 2.170 1.697 1.344 1.037 0.809 0.690 0.654 0.768 1.190 1.628 1.794 1.788 1.701 1.577 1.541 1.598 1.819 2.146 2.312 2.348 2.275 1.920 1.262 0.634 0.273 0.107 0.057 0.062 0.076 0.102 0.115 0.111 0.093 0.064
8.749 9.154 9.335 9.431 9.349 9.235 9.179 8.900 8.860 8.938 9.436 10.214 10.803 11.238 11.291 11.212 11.166 10.967 10.850 10.891 10.874 10.869 10.930 10.835 10.899 10.842 10.802 10.923 11.076 11.055 10.955 10.574 10.323 10.271 10.411 10.597 10.585 10.297 9.393 8.067 6.003 4.034 2.839 2.203 1.792 1.485 1.236 1.102 1.089 1.256 1.738 2.656 3.430 3.745 3.815 3.756 3.622 3.554 3.571 3.735 3.966 4.075 4.124 4.104 4.022 3.518 2.476 1.333 0.549 0.161 0.058 0.057 0.075 0.100 0.109 0.102 0.083
7.944 8.224 8.386 8.478 8.439 8.317 8.231 7.945 7.863 7.843 8.262 9.252 9.999 10.453 10.518 10.398 10.243 10.086 10.039 10.201 10.167 10.270 10.307 10.117 10.134 9.739 9.306 9.143 9.195 9.115 9.160 9.067 9.242 9.550 9.786 9.823 9.759 9.577 9.006 7.846 6.215 4.318 2.878 2.163 1.850 1.681 1.574 1.550 1.716 2.176 2.921 3.881 4.639 5.084 5.331 5.463 5.571 5.693 5.745 5.822 5.897 5.900 5.972 5.898 5.816 5.473 4.538 2.939 1.443 0.544 0.146 0.058 0.060 0.076 0.094 0.099 0.092
6.713 6.795 6.847 6.991 7.088 7.046 6.924 6.701 6.684 6.592 6.841 7.569 8.222 8.484 8.506 8.424 8.240 8.228 8.199 8.269 8.268 8.360 8.273 8.091 7.824 7.435 6.852 6.437 6.156 5.975 6.051 6.361 6.979 7.578 7.760 7.769 7.761 7.624 7.259 6.516 5.617 4.149 2.658 1.974 1.809 1.763 1.849 2.047 2.409 3.003 3.889 4.844 5.714 6.285 6.722 7.053 7.461 7.736 7.944 8.033 8.080 8.071 8.101 7.974 7.708 7.197 6.159 4.347 2.456 1.227 0.484 0.149 0.066 0.065 0.078 0.090 0.093
4.555 4.553 4.594 4.826 5.004 5.058 5.049 4.947 5.015 5.112 5.326 5.613 5.759 5.711 5.616 5.516 5.503 5.526 5.373 5.251 5.154 5.049 4.746 4.467 4.133 3.884 3.580 3.332 3.179 3.172 3.288 3.651 4.251 4.776 5.018 5.067 4.985 4.711 4.494 4.311 3.787 2.609 1.736 1.529 1.593 1.728 1.986 2.419 3.039 3.860 4.973 5.952 6.948 7.587 8.313 8.789 9.373 9.884 10.196 10.316 10.419 10.372 10.276 10.121 9.674 8.925 7.656 5.621 3.613 2.215 1.201 0.528 0.193 0.093 0.083 0.093 0.100
