AvaFrame/avaframe/data/avaSalk/Avaflow_Input_Output/slk_results/slk_ascii/slk_hflow0022.asc
ncols 296
nrows 144
xllcenter 761600.00
yllcenter 8523000.00
cellsize 12.50
NODATA_value -9999.000
[rows 102 to 135 of 144, columns 154 to 230 of 296]
1.681 1.738 1.803 2.011 2.306 2.499 2.614 2.710 2.877 3.135 3.400 3.502 3.512 3.452 3.356 3.320 3.232 3.081 2.879 2.648 2.458 2.263 2.037 1.863 1.739 1.679 1.653 1.632 1.674 1.829 2.147 2.552 3.052 3.431 3.616 3.732 3.725 3.548 3.252 2.699 1.836 1.142 1.044 1.261 1.611 1.980 2.386 2.913 3.619 4.643 5.991 7.493 8.725 9.782 10.511 11.198 11.616 12.109 12.306 12.491 12.429 12.395 12.089 11.743 11.163 10.426 8.900 6.686 4.626 3.079 1.890 1.019 0.489 0.254 0.192 0.193 0.228
0.377 0.393 0.406 0.479 0.646 0.801 0.927 1.056 1.186 1.287 1.347 1.392 1.438 1.454 1.437 1.409 1.311 1.132 0.942 0.785 0.661 0.570 0.505 0.454 0.408 0.387 0.381 0.395 0.461 0.630 0.903 1.176 1.350 1.441 1.534 1.698 1.813 1.788 1.462 0.790 0.295 0.211 0.302 0.521 0.853 1.320 1.929 2.677 3.604 4.786 6.295 8.003 9.482 10.783 11.798 12.677 13.305 13.668 13.746 13.894 13.784 13.775 13.466 13.273 12.667 11.828 10.223 7.960 5.929 4.316 3.013 2.039 1.337 0.891 0.702 0.679 0.794
0.084 0.083 0.081 0.093 0.134 0.174 0.210 0.258 0.297 0.318 0.324 0.329 0.345 0.363 0.371 0.363 0.326 0.257 0.192 0.148 0.121 0.109 0.101 0.093 0.084 0.080 0.077 0.079 0.099 0.154 0.242 0.313 0.339 0.348 0.371 0.445 0.517 0.522 0.370 0.105 0.040 0.043 0.068 0.140 0.289 0.563 1.121 2.058 3.293 4.703 6.321 8.111 9.822 11.366 12.826 13.780 14.550 14.793 15.064 15.152 14.931 14.898 14.442 14.194 13.717 12.950 11.585 9.516 7.393 5.699 4.348 3.331 2.563 2.034 1.790 1.767 1.939
0.027 0.027 0.026 0.029 0.039 0.048 0.056 0.065 0.069 0.070 0.069 0.069 0.071 0.077 0.081 0.079 0.072 0.059 0.046 0.038 0.034 0.031 0.029 0.027 0.025 0.025 0.024 0.025 0.031 0.043 0.057 0.064 0.069 0.073 0.075 0.077 0.084 0.084 0.060 0.025 0.015 0.015 0.017 0.027 0.060 0.145 0.388 1.091 2.442 4.193 6.028 7.883 9.709 11.469 12.980 14.205 15.129 15.448 15.663 15.679 15.636 15.356 14.832 14.680 14.436 13.906 12.929 11.364 9.148 7.333 5.994 4.902 4.039 3.505 3.297 3.286 3.431
0.010 0.010 0.010 0.011 0.015 0.018 0.021 0.022 0.022 0.022 0.021 0.021 0.022 0.025 0.026 0.025 0.022 0.018 0.015 0.013 0.012 0.011 0.010 0.010 0.010 0.010 0.010 0.011 0.013 0.017 0.020 0.022 0.024 0.023 0.023 0.023 0.023 0.023 0.019 0.012 0.008 0.007 0.007 0.009 0.014 0.025 0.073 0.319 1.216 2.974 5.083 7.153 9.117 11.083 12.683 14.135 14.951 15.684 16.052 16.043 16.074 15.835 15.417 14.999 14.664 14.469 13.850 12.813 11.048 9.300 7.908 6.813 5.945 5.368 5.100 4.998 4.938
0.004 0.004 0.005 0.005 0.006 0.008 0.009 0.009 0.009 0.009 0.008 0.008 0.009 0.010 0.010 0.009 0.008 0.007 0.006 0.005 0.005 0.005 0.005 0.004 0.004 0.005 0.005 0.006 0.007 0.008 0.009 0.010 0.010 0.010 0.010 0.011 0.012 0.012 0.012 0.009 0.006 0.005 0.004 0.005 0.006 0.008 0.013 0.049 0.364 1.482 3.460 5.725 7.996 10.168 12.083 13.795 14.719 15.497 15.814 15.779 15.905 15.650 15.315 15.130 14.891 14.676 14.367 13.825 12.527 11.028 9.793 8.634 7.754 7.166 6.793 6.434 6.102
0.002 0.002 0.002 0.002 0.003 0.003 0.004 0.004 0.004 0.004 0.004 0.004 0.004 0.004 0.004 0.004 0.003 0.003 0.003 0.003 0.002 0.002 0.002 0.002 0.003 0.003 0.003 0.004 0.004 0.005 0.006 0.006 0.006 0.007 0.008 0.009 0.009 0.009 0.009 0.008 0.006 0.004 0.003 0.003 0.003 0.004 0.005 0.010 0.059 0.459 1.661 3.667 6.094 8.526 10.691 12.550 13.719 14.557 14.932 14.958 15.288 15.259 15.067 15.006 14.828 14.995 14.741 14.613 13.533 12.066 10.803 9.738 8.974 8.309 7.793 7.270 6.730
0.001 0.001 0.001 0.001 0.001 0.001 0.002 0.002 0.002 0.002 0.002 0.002 0.002 0.002 0.002 0.002 0.001 0.001 0.001 0.001 0.001 0.001 0.001 0.002 0.002 0.002 0.003 0.003 0.004 0.004 0.005 0.005 0.006 0.006 0.007 0.007 0.007 0.007 0.007 0.006 0.005 0.004 0.003 0.002 0.002 0.002 0.003 0.004 0.010 0.066 0.452 1.606 3.683 6.287 8.693 10.682 12.083 13.048 13.523 13.776 14.064 14.374 14.455 14.558 14.568 14.910 14.528 14.440 13.659 12.581 11.176 10.117 9.346 8.728 8.170 7.546 6.881
0.000 0.000 0.000 0.000 0.001 0.001 0.001 0.001 0.001 0.001 0.001 0.001 0.001 0.001 0.001 0.001 0.001 0.001 0.001 0.001 0.001 0.001 0.001 0.001 0.002 0.002 0.002 0.003 0.004 0.004 0.005 0.006 0.006 0.006 0.007 0.007 0.007 0.007 0.006 0.005 0.005 0.003 0.002 0.002 0.002 0.002 0.002 0.002 0.004 0.010 0.053 0.396 1.544 3.550 5.887 7.935 9.627 10.900 11.669 12.284 12.633 13.098 13.352 13.524 14.004 14.625 14.411 14.163 13.514 12.454 11.106 10.085 9.275 8.632 7.992 7.394 6.687
0.000 0.000 0.000 0.000 0.000 0.000 0.000 0.000 0.000 0.000 0.000 0.000 0.000 0.000 0.000 0.000 0.000 0.000 0.000 0.000 0.000 0.001 0.001 0.001 0.001 0.002 0.002 0.003 0.004 0.004 0.005 0.006 0.006 0.007 0.007 0.007 0.007 0.006 0.006 0.005 0.004 0.003 0.003 0.002 0.001 0.001 0.001 0.002 0.002 0.004 0.010 0.044 0.393 1.471 3.165 4.937 6.723 8.243 9.537 10.580 11.278 11.720 11.999 12.308 12.845 13.408 13.526 13.355 12.831 11.997 10.905 9.867 9.027 8.357 7.620 6.988 6.243
0.000 0.000 0.000 0.000 0.000 0.000 0.000 0.000 0.000 0.000 0.000 0.000 0.000 0.000 0.000 0.000 0.000 0.000 0.000 0.000 0.000 0.000 0.001 0.001 0.001 0.002 0.002 0.003 0.003 0.004 0.005 0.006 0.007 0.007 0.007 0.007 0.007 0.007 0.007 0.006 0.004 0.003 0.003 0.002 0.001 0.001 0.001 0.001 0.001 0.002 0.004 0.009 0.049 0.370 1.264 2.621 4.148 5.586 7.177 8.631 9.695 10.353 10.749 11.111 11.558 11.921 12.249 12.269 11.945 11.315 10.332 9.357 8.497 7.761 7.006 6.307 5.520
0.000 0.000 0.000 0.000 0.000 0.000 0.000 0.000 0.000 0.000 0.000 0.000 0.000 0.000 0.000 0.000 0.000 0.000 0.000 0.000 0.000 0.000 0.000 0.000 0.001 0.001 0.002 0.002 0.003 0.004 0.005 0.006 0.007 0.008 0.009 0.009 0.010 0.010 0.010 0.009 0.006 0.004 0.003 0.002 0.002 0.001 0.001 0.001 0.001 0.001 0.002 0.003 0.009 0.049 0.324 1.064 2.172 3.434 4.863 6.370 7.647 8.632 9.375 9.849 10.362 10.569 10.686 10.792 10.617 10.174 9.410 8.508 7.672 6.904 6.152 5.394 4.591
0.000 0.000 0.000 0.000 0.000 0.000 0.000 0.000 0.000 0.000 0.000 0.000 0.000 0.000 0.000 0.000 0.000 0.000 0.000 0.000 0.000 0.000 0.000 0.000 0.000 0.001 0.001 0.002 0.002 0.003 0.005 0.006 0.007 0.009 0.010 0.011 0.012 0.012 0.012 0.011 0.008 0.005 0.004 0.002 0.002 0.001 0.001 0.001 0.001 0.001 0.001 0.002 0.003 0.009 0.042 0.257 0.847 1.789 2.935 4.247 5.559 6.779 7.862 8.575 9.095 9.162 9.115 9.032 8.863 8.590 8.058 7.335 6.577 5.854 5.165 4.455 3.728
0.000 0.000 0.000 0.000 0.000 0.000 0.000 0.000 0.000 0.000 0.000 0.000 0.000 0.000 0.000 0.000 0.000 0.000 0.000 0.000 0.000 0.000 0.000 0.000 0.000 0.000 0.000 0.001 0.002 0.003 0.004 0.005 0.007 0.009 0.010 0.011 0.012 0.012 0.012 0.011 0.009 0.006 0.004 0.003 0.002 0.001 0.001 0.001 0.001 0.001 0.001 0.001 0.002 0.003 0.008 0.031 0.199 0.684 1.458 2.464 3.663 4.912 6.120 7.057 7.662 7.794 7.722 7.530 7.200 6.763 6.353 5.935 5.435 4.912 4.348 3.706 3.041
0.000 0.000 0.000 0.000 0.000 0.000 0.000 0.000 0.000 0.000 0.000 0.000 0.000 0.000 0.000 0.000 0.000 0.000 0.000 0.000 0.000 0.000 0.000 0.000 0.000 0.000 0.000 0.000 0.001 0.002 0.003 0.005 0.006 0.008 0.009 0.010 0.011 0.011 0.011 0.010 0.008 0.006 0.004 0.003 0.002 0.001 0.000 0.000 0.000 0.000 0.000 0.001 0.001 0.002 0.003 0.007 0.023 0.148 0.497 1.133 2.057 3.156 4.359 5.413 6.123 6.437 6.383 6.194 5.863 5.384 4.961 4.709 4.461 4.124 3.682 3.128 2.510
0.000 0.000 0.000 0.000 0.000 0.000 0.000 0.000 0.000 0.000 0.000 0.000 0.000 0.000 0.000 0.000 0.000 0.000 0.000 0.000 0.000 0.000 0.000 0.000 0.000 0.000 0.000 0.000 0.000 0.001 0.002 0.003 0.005 0.006 0.007 0.008 0.008 0.007 0.007 0.007 0.006 0.005 0.004 0.002 0.001 0.001 0.000 0.000 0.000 0.000 0.000 0.000 0.001 0.001 0.001 0.003 0.006 0.017 0.094 0.343 0.879 1.702 2.745 3.806 4.568 5.002 5.082 4.986 4.737 4.384 3.990 3.740 3.596 3.424 3.149 2.717 2.163
0.000 0.000 0.000 0.000 0.000 0.000 0.000 0.000 0.000 0.000 0.000 0.000 0.000 0.000 0.000 0.000 0.000 0.000 0.000 0.000 0.000 0.000 0.000 0.000 0.000 0.000 0.000 0.000 0.000 0.000 0.001 0.002 0.003 0.004 0.004 0.004 0.004 0.004 0.004 0.004 0.004 0.003 0.003 0.002 0.001 0.000 0.000 0.000 0.000 0.000 0.000 0.000 0.000 0.000 0.001 0.001 0.003 0.005 0.014 0.059 0.241 0.671 1.420 2.415 3.187 3.647 3.827 3.859 3.769 3.584 3.333 3.080 2.909 2.795 2.645 2.371 1.945
0.000 0.000 0.000 0.000 0.000 0.000 0.000 0.000 0.000 0.000 0.000 0.000 0.000 0.000 0.000 0.000 0.000 0.000 0.000 0.000 0.000 0.000 0.000 0.000 0.000 0.000 0.000 0.000 0.000 0.000 0.000 0.001 0.001 0.002 0.002 0.002 0.002 0.002 0.002 0.002 0.002 0.002 0.001 0.001 0.000 0.000 0.000 0.000 0.000 0.000 0.000 0.000 0.000 0.000 0.000 0.001 0.001 0.002 0.005 0.011 0.038 0.157 0.522 1.268 2.044 2.483 2.729 2.869 2.924 2.892 2.781 2.598 2.401 2.260 2.119 1.945 1.692
0.000 0.000 0.000 0.000 0.000 0.000 0.000 0.000 0.000 0.000 0.000 0.000 0.000 0.000 0.000 0.000 0.000 0.000 0.000 0.000 0.000 0.000 0.000 0.000 0.000 0.000 0.000 0.000 0.000 0.000 0.000 0.000 0.000 0.001 0.001 0.001 0.001 0.001 0.001 0.001 0.001 0.001 0.000 0.000 0.000 0.000 0.000 0.000 0.000 0.000 0.000 0.000 0.000 0.000 0.000 0.000 0.000 0.001 0.002 0.004 0.009 0.021 0.113 0.475 1.099 1.545 1.821 2.044 2.203 2.282 2.268 2.163 1.989 1.823 1.665 1.501 1.331
0.000 0.000 0.000 0.000 0.000 0.000 0.000 0.000 0.000 0.000 0.000 0.000 0.000 0.000 0.000 0.000 0.000 0.000 0.000 0.000 0.000 0.000 0.000 0.000 0.000 0.000 0.000 0.000 0.000 0.000 0.000 0.000 0.000 0.000 0.000 0.000 0.000 0.000 0.000 0.000 0.000 0.000 0.000 0.000 0.000 0.000 0.000 0.000 0.000 0.000 0.000 0.000 0.000 0.000 0.000 0.000 0.000 0.000 0.001 0.002 0.003 0.007 0.017 0.116 0.434 0.814 1.121 1.394 1.621 1.767 1.808 1.744 1.614 1.462 1.308 1.151 0.988
0.000 0.000 0.000 0.000 0.000 0.000 0.000 0.000 0.000 0.000 0.000 0.000 0.000 0.000 0.000 0.000 0.000 0.000 0.000 0.000 0.000 0.000 0.000 0.000 0.000 0.000 0.000 0.000 0.000 0.000 0.000 0.000 0.000 0.000 0.000 0.000 0.000 0.000 0.000 0.000 0.000 0.000 0.000 0.000 0.000 0.000 0.000 0.000 0.000 0.000 0.000 0.000 0.000 0.000 0.000 0.000 0.000 0.000 0.000 0.001 0.001 0.003 0.007 0.024 0.121 0.333 0.599 0.892 1.155 1.333 1.397 1.363 1.275 1.156 1.024 0.884 0.735
0.000 0.000 0.000 0.000 0.000 0.000 0.000 0.000 0.000 0.000 0.000 0.000 0.000 0.000 0.000 0.000 0.000 0.000 0.000 0.000 0.000 0.000 0.000 0.000 0.000 0.000 0.000 0.000 0.000 0.000 0.000 0.000 0.000 0.000 0.000 0.000 0.000 0.000 0.000 0.000 0.000 0.000 0.000 0.000 0.000 0.000 0.000 0.000 0.000 0.000 0.000 0.000 0.000 0.000 0.000 0.000 0.000 0.000 0.000 0.000 0.001 0.001 0.003 0.008 0.030 0.104 0.258 0.502 0.781 0.970 1.048 1.040 0.988 0.903 0.798 0.678 0.546
0.000 0.000 0.000 0.000 0.000 0.000 0.000 0.000 0.000 0.000 0.000 0.000 0.000 0.000 0.000 0.000 0.000 0.000 0.000 0.000 0.000 0.000 0.000 0.000 0.000 0.000 0.000 0.000 0.000 0.000 0.000 0.000 0.000 0.000 0.000 0.000 0.000 0.000 0.000 0.000 0.000 0.000 0.000 0.000 0.000 0.000 0.000 0.000 0.000 0.000 0.000 0.000 0.000 0.000 0.000 0.000 0.000 0.000 0.000 0.000 0.000 0.001 0.001 0.003 0.009 0.029 0.089 0.237 0.484 0.676 0.762 0.777 0.749 0.689 0.608 0.510 0.399
0.000 0.000 0.000 0.000 0.000 0.000 0.000 0.000 0.000 0.000 0.000 0.000 0.000 0.000 0.000 0.000 0.000 0.000 0.000 0.000 0.000 0.000 0.000 0.000 0.000 0.000 0.000 0.000 0.000 0.000 0.000 0.000 0.000 0.000 0.000 0.000 0.000 0.000 0.000 0.000 0.000 0.000 0.000 0.000 0.000 0.000 0.000 0.000 0.000 0.000 0.000 0.000 0.000 0.000 0.000 0.000 0.000 0.000 0.000 0.000 0.000 0.000 0.001 0.002 0.004 0.010 0.030 0.103 0.278 0.452 0.538 0.562 0.553 0.513 0.449 0.368 0.283
0.000 0.000 0.000 0.000 0.000 0.000 0.000 0.000 0.000 0.000 0.000 0.000 0.000 0.000 0.000 0.000 0.000 0.000 0.000 0.000 0.000 0.000 0.000 0.000 0.000 0.000 0.000 0.000 0.000 0.000 0.000 0.000 0.000 0.000 0.000 0.000 0.000 0.000 0.000 0.000 0.000 0.000 0.000 0.000 0.000 0.000 0.000 0.000 0.000 0.000 0.000 0.000 0.000 0.000 0.000 0.000 0.000 0.000 0.000 0.000 0.000 0.000 0.000 0.001 0.002 0.005 0.013 0.047 0.155 0.293 0.369 0.397 0.399 0.374 0.323 0.261 0.200
0.000 0.000 0.000 0.000 0.000 0.000 0.000 0.000 0.000 0.000 0.000 0.000 0.000 0.000 0.000 0.000 0.000 0.000 0.000 0.000 0.000 0.000 0.000 0.000 0.000 0.000 0.000 0.000 0.000 0.000 0.000 0.000 0.000 0.000 0.000 0.000 0.000 0.000 0.000 0.000 0.000 0.000 0.000 0.000 0.000 0.000 0.000 0.000 0.000 0.000 0.000 0.000 0.000 0.000 0.000 0.000 0.000 0.000 0.000 0.000 0.000 0.000 0.000 0.000 0.001 0.003 0.007 0.023 0.083 0.183 0.248 0.277 0.281 0.268 0.236 0.191 0.144
0.000 0.000 0.000 0.000 0.000 0.000 0.000 0.000 0.000 0.000 0.000 0.000 0.000 0.000 0.000 0.000 0.000 0.000 0.000 0.000 0.000 0.000 0.000 0.000 0.000 0.000 0.000 0.000 0.000 0.000 0.000 0.000 0.000 0.000 0.000 0.000 0.000 0.000 0.000 0.000 0.000 0.000 0.000 0.000 0.000 0.000 0.000 0.000 0.000 0.000 0.000 0.000 0.000 0.000 0.000 0.000 0.000 0.000 0.000 0.000 0.000 0.000 0.000 0.000 0.001 0.002 0.004 0.012 0.043 0.110 0.164 0.190 0.195 0.187 0.168 0.139 0.104
0.000 0.000 0.000 0.000 0.000 0.000 0.000 0.000 0.000 0.000 0.000 0.000 0.000 0.000 0.000 0.000 0.000 0.000 0.000 0.000 0.000 0.000 0.000 0.000 0.000 0.000 0.000 0.000 0.000 0.000 0.000 0.000 0.000 0.000 0.000 0.000 0.000 0.000 0.000 0.000 0.000 0.000 0.000 0.000 0.000 0.000 0.000 0.000 0.000 0.000 0.000 0.000 0.000 0.000 0.000 0.000 0.000 0.000 0.000 0.000 0.000 0.000 0.000 0.000 0.000 0.001 0.003 0.007 0.022 0.065 0.109 0.129 0.131 0.127 0.116 0.098 0.074
0.000 0.000 0.000 0.000 0.000 0.000 0.000 0.000 0.000 0.000 0.000 0.000 0.000 0.000 0.000 0.000 0.000 0.000 0.000 0.000 0.000 0.000 0.000 0.000 0.000 0.000 0.000 0.000 0.000 0.000 0.000 0.000 0.000 0.000 0.000 0.000 0.000 0.000 0.000 0.000 0.000 0.000 0.000 0.000 0.000 0.000 0.000 0.000 0.000 0.000 0.000 0.000 0.000 0.000 0.000 0.000 0.000 0.000 0.000 0.000 0.000 0.000 0.000 0.000 0.000 0.001 0.001 0.004 0.012 0.037 0.071 0.086 0.088 0.086 0.080 0.068 0.052
0.000 0.000 0.000 0.000 0.000 0.000 0.000 0.000 0.000 0.000 0.000 0.000 0.000 0.000 0.000 0.000 0.000 0.000 0.000 0.000 0.000 0.000 0.000 0.000 0.000 0.000 0.000 0.000 0.000 0.000 0.000 0.000 0.000 0.000 0.000 0.000 0.000 0.000 0.000 0.000 0.000 0.000 0.000 0.000 0.000 0.000 0.000 0.000 0.000 0.000 0.000 0.000 0.000 0.000 0.000 0.000 0.000 0.000 0.000 0.000 0.000 0.000 0.000 0.000 0.000 0.000 0.001 0.002 0.006 0.018 0.041 0.056 0.059 0.058 0.055 0.048 0.038
0.000 0.000 0.000 0.000 0.000 0.000 0.000 0.000 0.000 0.000 0.000 0.000 0.000 0.000 0.000 0.000 0.000 0.000 0.000 0.000 0.000 0.000 0.000 0.000 0.000 0.000 0.000 0.000 0.000 0.000 0.000 0.000 0.000 0.000 0.000 0.000 0.000 0.000 0.000 0.000 0.000 0.000 0.000 0.000 0.000 0.000 0.000 0.000 0.000 0.000 0.000 0.000 0.000 0.000 0.000 0.000 0.000 0.000 0.000 0.000 0.000 0.000 0.000 0.000 0.000 0.000 0.000 0.001 0.003 0.008 0.020 0.034 0.039 0.039 0.038 0.035 0.029
0.000 0.000 0.000 0.000 0.000 0.000 0.000 0.000 0.000 0.000 0.000 0.000 0.000 0.000 0.000 0.000 0.000 0.000 0.000 0.000 0.000 0.000 0.000 0.000 0.000 0.000 0.000 0.000 0.000 0.000 0.000 0.000 0.000 0.000 0.000 0.000 0.000 0.000 0.000 0.000 0.000 0.000 0.000 0.000 0.000 0.000 0.000 0.000 0.000 0.000 0.000 0.000 0.000 0.000 0.000 0.000 0.000 0.000 0.000 0.000 0.000 0.000 0.000 0.000 0.000 0.000 0.000 0.001 0.002 0.004 0.009 0.019 0.025 0.026 0.025 0.024 0.021
0.000 0.000 0.000 0.000 0.000 0.000 0.000 0.000 0.000 0.000 0.000 0.000 0.000 0.000 0.000 0.000 0.000 0.000 0.000 0.000 0.000 0.000 0.000 0.000 0.000 0.000 0.000 0.000 0.000 0.000 0.000 0.000 0.000 0.000 0.000 0.000 0.000 0.000 0.000 0.000 0.000 0.000 0.000 0.000 0.000 0.000 0.000 0.000 0.000 0.000 0.000 0.000 0.000 0.000 0.000 0.000 0.000 0.000 0.000 0.000 0.000 0.000 0.000 0.000 0.000 0.000 0.000 0.000 0.001 0.002 0.004 0.009 0.014 0.016 0.016 0.016 0.014
0.000 0.000 0.000 0.000 0.000 0.000 0.000 0.000 0.000 0.000 0.000 0.000 0.000 0.000 0.000 0.000 0.000 0.000 0.000 0.000 0.000 0.000 0.000 0.000 0.000 0.000 0.000 0.000 0.000 0.000 0.000 0.000 0.000 0.000 0.000 0.000 0.000 0.000 0.000 0.000 0.000 0.000 0.000 0.000 0.000 0.000 0.000 0.000 0.000 0.000 0.000 0.000 0.000 0.000 0.000 0.000 0.000 0.000 0.000 0.000 0.000 0.000 0.000 0.000 0.000 0.000 0.000 0.000 0.000 0.001 0.002 0.005 0.008 0.010 0.010 0.010 0.009
