AvaFrame/avaframe/data/avaSalk/Avaflow_Input_Output/slk_results/slk_ascii/slk_basechange0013.asc
ncols 296
nrows 144
xllcenter 761600.00
yllcenter 8523000.00
cellsize 12.50
NODATA_value -9999.000
[rows 66 to 98 of 144, columns 148 to 221 of 296]
0.000 0.000 0.000 0.000 0.000 0.000 0.000 0.000 0.000 0.000 0.000 0.000 0.000 0.000 0.000 0.000 0.000 0.000 0.000 0.000 0.000 0.000 0.000 0.000 0.000 -0.000 -0.000 -0.000 -0.000 -0.000 -0.000 -0.000 -0.000 -0.000 -0.000 -0.000 -0.000 -0.000 -0.000 -0.001 -0.001 -0.001 -0.002 -0.002 -0.003 -0.005 -0.009 -0.015 -0.028 -0.052 -0.089 -0.144 -0.224 -0.329 -0.438 -0.535 -0.613 -0.669 -0.711 -0.746 -0.781 -0.813 -0.857 -0.920 -1.008 -1.119 -1.278 -1.483 -1.683 -1.876 -2.054 -2.196 -2.283 -2.328
0.000 0.000 0.000 0.000 0.000 0.000 0.000 0.000 0.000 0.000 0.000 0.000 0.000 0.000 0.000 0.000 0.000 0.000 0.000 0.000 0.000 0.000 0.000 0.000 -0.000 -0.000 -0.000 -0.000 -0.000 -0.000 -0.000 -0.000 -0.000 -0.000 -0.000 -0.000 -0.000 -0.000 -0.001 -0.001 -0.001 -0.002 -0.003 -0.004 -0.007 -0.012 -0.022 -0.040 -0.072 -0.121 -0.186 -0.268 -0.363 -0.461 -0.547 -0.619 -0.678 -0.716 -0.739 -0.765 -0.800 -0.842 -0.903 -0.987 -1.100 -1.253 -1.449 -1.673 -1.893 -2.068 -2.198 -2.281 -2.323 -2.334
0.000 0.000 0.000 0.000 0.000 0.000 0.000 0.000 0.000 0.000 0.000 0.000 0.000 0.000 0.000 0.000 0.000 0.000 0.000 0.000 0.000 0.000 0.000 -0.000 -0.000 -0.000 -0.000 -0.000 -0.000 -0.000 -0.000 -0.000 -0.000 -0.000 -0.000 -0.000 -0.000 -0.001 -0.001 -0.001 -0.002 -0.003 -0.005 -0.009 -0.015 -0.028 -0.052 -0.090 -0.145 -0.215 -0.298 -0.389 -0.476 -0.553 -0.614 -0.659 -0.696 -0.726 -0.750 -0.785 -0.832 -0.894 -0.974 -1.092 -1.233 -1.422 -1.641 -1.846 -2.034 -2.196 -2.296 -2.328 -2.319 -2.308
0.000 0.000 0.000 0.000 0.000 0.000 0.000 0.000 0.000 0.000 0.000 0.000 0.000 0.000 0.000 0.000 0.000 0.000 0.000 0.000 0.000 0.000 -0.000 -0.000 -0.000 -0.000 -0.000 -0.000 -0.000 -0.000 -0.000 -0.000 -0.000 -0.000 -0.000 -0.001 -0.001 -0.001 -0.002 -0.003 -0.004 -0.006 -0.011 -0.019 -0.034 -0.061 -0.101 -0.159 -0.230 -0.311 -0.395 -0.476 -0.545 -0.599 -0.641 -0.672 -0.700 -0.729 -0.770 -0.820 -0.887 -0.970 -1.077 -1.227 -1.412 -1.614 -1.822 -2.010 -2.167 -2.273 -2.327 -2.339 -2.311 -2.251
0.000 0.000 0.000 0.000 0.000 0.000 0.000 0.000 0.000 0.000 0.000 0.000 0.000 0.000 0.000 0.000 0.000 0.000 0.000 0.000 -0.000 -0.000 -0.000 -0.000 -0.000 -0.000 -0.000 -0.000 -0.000 -0.000 -0.000 -0.000 -0.000 -0.000 -0.001 -0.001 -0.001 -0.002 -0.003 -0.004 -0.007 -0.012 -0.022 -0.040 -0.069 -0.112 -0.169 -0.240 -0.319 -0.399 -0.471 -0.532 -0.581 -0.617 -0.648 -0.680 -0.718 -0.763 -0.819 -0.886 -0.966 -1.071 -1.205 -1.381 -1.598 -1.816 -2.017 -2.170 -2.287 -2.342 -2.328 -2.309 -2.273 -2.179
0.000 0.000 0.000 0.000 0.000 0.000 0.000 0.000 0.000 0.000 0.000 0.000 0.000 -0.000 -0.000 0.000 0.000 0.000 -0.000 -0.000 -0.000 -0.000 -0.000 -0.000 -0.000 -0.000 -0.000 -0.000 -0.000 -0.000 -0.000 -0.000 -0.001 -0.001 -0.001 -0.001 -0.002 -0.003 -0.005 -0.008 -0.014 -0.025 -0.045 -0.077 -0.121 -0.180 -0.252 -0.330 -0.405 -0.471 -0.527 -0.571 -0.611 -0.645 -0.680 -0.718 -0.761 -0.814 -0.892 -0.979 -1.075 -1.194 -1.352 -1.555 -1.781 -2.023 -2.230 -2.339 -2.375 -2.376 -2.316 -2.246 -2.181 -2.064
0.000 0.000 0.000 0.000 0.000 0.000 0.000 0.000 0.000 -0.000 -0.000 -0.000 -0.000 -0.000 -0.000 -0.000 -0.000 -0.000 -0.000 -0.000 -0.000 -0.000 -0.000 -0.000 -0.000 -0.000 -0.000 -0.000 -0.000 -0.000 -0.000 -0.001 -0.001 -0.001 -0.002 -0.002 -0.004 -0.006 -0.009 -0.016 -0.028 -0.050 -0.083 -0.130 -0.189 -0.258 -0.335 -0.410 -0.476 -0.526 -0.569 -0.610 -0.647 -0.682 -0.723 -0.771 -0.821 -0.884 -0.987 -1.096 -1.205 -1.338 -1.521 -1.760 -2.009 -2.225 -2.403 -2.449 -2.396 -2.332 -2.253 -2.134 -2.019 -1.856
-0.000 0.000 0.000 0.000 -0.000 -0.000 0.000 0.000 -0.000 -0.000 -0.000 -0.000 -0.000 -0.000 -0.000 -0.000 -0.000 -0.000 -0.000 -0.000 -0.000 -0.000 -0.000 -0.000 -0.000 -0.000 -0.000 -0.000 -0.000 -0.001 -0.001 -0.001 -0.001 -0.002 -0.003 -0.004 -0.006 -0.010 -0.018 -0.031 -0.054 -0.090 -0.138 -0.199 -0.268 -0.340 -0.409 -0.472 -0.529 -0.577 -0.614 -0.655 -0.694 -0.733 -0.781 -0.838 -0.902 -0.985 -1.107 -1.232 -1.362 -1.526 -1.765 -2.054 -2.303 -2.450 -2.516 -2.475 -2.339 -2.224 -2.108 -1.971 -1.803 -1.589
-0.000 -0.000 -0.000 -0.000 -0.000 -0.000 -0.000 -0.000 -0.000 -0.000 -0.000 -0.000 -0.000 -0.000 -0.000 -0.000 -0.000 -0.000 -0.000 -0.000 -0.000 -0.000 -0.000 -0.000 -0.000 -0.000 -0.000 -0.001 -0.001 -0.001 -0.001 -0.002 -0.002 -0.003 -0.005 -0.007 -0.012 -0.019 -0.034 -0.058 -0.096 -0.146 -0.207 -0.276 -0.346 -0.414 -0.476 -0.527 -0.576 -0.624 -0.668 -0.710 -0.756 -0.800 -0.858 -0.926 -1.004 -1.106 -1.243 -1.397 -1.571 -1.814 -2.150 -2.432 -2.569 -2.558 -2.488 -2.383 -2.237 -2.096 -1.940 -1.763 -1.557 -1.331
-0.000 -0.000 -0.000 -0.000 -0.000 -0.000 -0.000 -0.000 -0.000 -0.000 -0.000 -0.000 -0.000 -0.000 -0.000 -0.000 -0.000 -0.000 -0.000 -0.000 -0.000 -0.000 -0.001 -0.001 -0.001 -0.001 -0.001 -0.001 -0.001 -0.002 -0.002 -0.003 -0.004 -0.005 -0.008 -0.013 -0.021 -0.037 -0.062 -0.101 -0.153 -0.215 -0.282 -0.350 -0.419 -0.479 -0.535 -0.585 -0.634 -0.683 -0.729 -0.776 -0.829 -0.885 -0.950 -1.025 -1.121 -1.251 -1.413 -1.634 -1.922 -2.264 -2.551 -2.668 -2.624 -2.473 -2.307 -2.160 -2.063 -1.925 -1.726 -1.529 -1.304 -1.110
-0.000 -0.000 -0.000 -0.000 -0.000 -0.000 -0.000 -0.000 -0.000 -0.000 -0.000 -0.000 -0.000 -0.001 -0.000 -0.000 -0.000 -0.000 -0.000 -0.000 -0.001 -0.001 -0.001 -0.001 -0.002 -0.002 -0.003 -0.003 -0.003 -0.003 -0.004 -0.005 -0.006 -0.009 -0.014 -0.023 -0.039 -0.066 -0.106 -0.159 -0.221 -0.288 -0.358 -0.423 -0.486 -0.545 -0.597 -0.652 -0.706 -0.759 -0.811 -0.859 -0.915 -0.974 -1.044 -1.136 -1.269 -1.447 -1.684 -1.991 -2.350 -2.651 -2.718 -2.596 -2.406 -2.191 -2.026 -1.919 -1.830 -1.700 -1.472 -1.265 -1.085 -0.941
-0.000 -0.000 -0.000 -0.000 -0.000 -0.000 -0.000 -0.000 -0.000 -0.000 -0.001 -0.002 -0.002 -0.003 -0.002 -0.001 -0.001 -0.001 -0.001 -0.001 -0.002 -0.002 -0.002 -0.002 -0.002 -0.003 -0.004 -0.006 -0.006 -0.006 -0.007 -0.008 -0.011 -0.016 -0.026 -0.043 -0.070 -0.111 -0.165 -0.227 -0.296 -0.365 -0.432 -0.495 -0.556 -0.618 -0.677 -0.738 -0.792 -0.841 -0.889 -0.947 -1.008 -1.072 -1.151 -1.280 -1.467 -1.726 -2.050 -2.356 -2.567 -2.674 -2.559 -2.296 -2.054 -1.872 -1.770 -1.719 -1.641 -1.464 -1.234 -1.046 -0.915 -0.832
-0.001 -0.001 -0.001 -0.001 -0.001 -0.001 -0.001 -0.001 -0.001 -0.001 -0.003 -0.004 -0.005 -0.006 -0.006 -0.005 -0.004 -0.004 -0.004 -0.004 -0.004 -0.003 -0.002 -0.002 -0.003 -0.004 -0.006 -0.009 -0.011 -0.012 -0.012 -0.015 -0.021 -0.030 -0.048 -0.076 -0.117 -0.171 -0.236 -0.305 -0.374 -0.442 -0.506 -0.568 -0.634 -0.705 -0.771 -0.834 -0.882 -0.918 -0.962 -1.026 -1.096 -1.180 -1.297 -1.481 -1.741 -2.051 -2.346 -2.517 -2.547 -2.469 -2.266 -1.992 -1.802 -1.694 -1.614 -1.553 -1.431 -1.229 -1.031 -0.893 -0.811 -0.766
-0.003 -0.003 -0.002 -0.002 -0.002 -0.002 -0.002 -0.003 -0.003 -0.006 -0.009 -0.009 -0.006 -0.007 -0.008 -0.009 -0.009 -0.008 -0.007 -0.005 -0.004 -0.003 -0.003 -0.004 -0.005 -0.008 -0.011 -0.016 -0.019 -0.020 -0.021 -0.025 -0.035 -0.053 -0.082 -0.124 -0.181 -0.247 -0.318 -0.390 -0.457 -0.521 -0.588 -0.657 -0.731 -0.807 -0.870 -0.912 -0.949 -0.984 -1.028 -1.100 -1.202 -1.313 -1.492 -1.757 -2.053 -2.324 -2.470 -2.484 -2.385 -2.193 -1.961 -1.775 -1.650 -1.558 -1.470 -1.368 -1.223 -1.029 -0.871 -0.778 -0.730 -0.712
-0.023 -0.019 -0.016 -0.015 -0.015 -0.015 -0.015 -0.016 -0.019 -0.024 -0.026 -0.020 -0.011 -0.008 -0.009 -0.009 -0.009 -0.008 -0.006 -0.004 -0.003 -0.005 -0.006 -0.007 -0.008 -0.013 -0.021 -0.026 -0.030 -0.030 -0.031 -0.039 -0.057 -0.086 -0.130 -0.187 -0.256 -0.333 -0.410 -0.481 -0.545 -0.614 -0.692 -0.770 -0.845 -0.908 -0.952 -0.976 -1.001 -1.041 -1.098 -1.187 -1.324 -1.513 -1.754 -2.050 -2.299 -2.435 -2.452 -2.339 -2.135 -1.924 -1.759 -1.633 -1.537 -1.441 -1.328 -1.198 -1.042 -0.884 -0.766 -0.697 -0.662 -0.655
-0.055 -0.056 -0.054 -0.052 -0.051 -0.051 -0.047 -0.043 -0.041 -0.041 -0.036 -0.028 -0.019 -0.014 -0.010 -0.007 -0.005 -0.005 -0.005 -0.005 -0.004 -0.007 -0.010 -0.011 -0.013 -0.020 -0.031 -0.039 -0.042 -0.042 -0.046 -0.061 -0.089 -0.133 -0.192 -0.261 -0.338 -0.419 -0.502 -0.584 -0.657 -0.731 -0.817 -0.887 -0.939 -0.978 -1.001 -1.021 -1.055 -1.106 -1.189 -1.318 -1.506 -1.759 -2.035 -2.262 -2.391 -2.405 -2.300 -2.113 -1.904 -1.734 -1.617 -1.521 -1.425 -1.316 -1.188 -1.049 -0.904 -0.777 -0.687 -0.630 -0.600 -0.601
-0.048 -0.052 -0.060 -0.064 -0.062 -0.058 -0.054 -0.045 -0.036 -0.028 -0.024 -0.023 -0.024 -0.020 -0.015 -0.009 -0.009 -0.010 -0.012 -0.012 -0.008 -0.009 -0.015 -0.019 -0.022 -0.029 -0.039 -0.051 -0.056 -0.058 -0.070 -0.098 -0.140 -0.198 -0.270 -0.348 -0.432 -0.517 -0.604 -0.701 -0.798 -0.869 -0.928 -0.973 -0.997 -1.016 -1.034 -1.068 -1.115 -1.199 -1.315 -1.497 -1.743 -1.995 -2.203 -2.334 -2.350 -2.274 -2.108 -1.911 -1.741 -1.606 -1.504 -1.408 -1.307 -1.183 -1.052 -0.918 -0.795 -0.691 -0.613 -0.561 -0.534 -0.547
-0.020 -0.015 -0.018 -0.032 -0.036 -0.031 -0.024 -0.019 -0.014 -0.010 -0.011 -0.015 -0.020 -0.023 -0.023 -0.022 -0.021 -0.020 -0.021 -0.022 -0.020 -0.021 -0.028 -0.035 -0.036 -0.039 -0.050 -0.065 -0.075 -0.083 -0.107 -0.151 -0.209 -0.280 -0.364 -0.452 -0.544 -0.639 -0.733 -0.832 -0.938 -1.009 -1.032 -1.041 -1.047 -1.053 -1.075 -1.127 -1.208 -1.323 -1.512 -1.742 -1.976 -2.165 -2.274 -2.280 -2.222 -2.085 -1.918 -1.751 -1.611 -1.501 -1.398 -1.292 -1.178 -1.053 -0.924 -0.804 -0.694 -0.606 -0.537 -0.490 -0.470 -0.495
-0.030 -0.017 -0.012 -0.011 -0.012 -0.013 -0.012 -0.009 -0.008 -0.007 -0.007 -0.010 -0.012 -0.023 -0.034 -0.034 -0.032 -0.029 -0.030 -0.032 -0.035 -0.038 -0.048 -0.057 -0.056 -0.057 -0.068 -0.087 -0.104 -0.124 -0.163 -0.221 -0.296 -0.380 -0.476 -0.582 -0.688 -0.789 -0.880 -0.962 -1.039 -1.089 -1.103 -1.102 -1.103 -1.118 -1.150 -1.222 -1.357 -1.513 -1.740 -1.978 -2.175 -2.232 -2.223 -2.153 -2.044 -1.910 -1.764 -1.620 -1.488 -1.381 -1.282 -1.176 -1.053 -0.929 -0.809 -0.698 -0.599 -0.519 -0.460 -0.423 -0.413 -0.453
-0.084 -0.073 -0.048 -0.033 -0.033 -0.034 -0.032 -0.029 -0.027 -0.027 -0.025 -0.023 -0.020 -0.019 -0.025 -0.031 -0.032 -0.034 -0.037 -0.043 -0.049 -0.055 -0.069 -0.085 -0.085 -0.085 -0.099 -0.122 -0.146 -0.186 -0.244 -0.317 -0.406 -0.511 -0.619 -0.742 -0.860 -0.959 -1.021 -1.064 -1.105 -1.130 -1.140 -1.156 -1.178 -1.221 -1.278 -1.381 -1.554 -1.774 -1.968 -2.110 -2.201 -2.213 -2.100 -1.986 -1.886 -1.769 -1.641 -1.500 -1.365 -1.250 -1.151 -1.048 -0.931 -0.811 -0.701 -0.598 -0.509 -0.441 -0.394 -0.371 -0.377 -0.429
-0.121 -0.139 -0.144 -0.102 -0.072 -0.072 -0.072 -0.071 -0.068 -0.066 -0.065 -0.063 -0.060 -0.057 -0.052 -0.046 -0.046 -0.053 -0.063 -0.071 -0.078 -0.080 -0.098 -0.119 -0.126 -0.128 -0.139 -0.168 -0.206 -0.264 -0.347 -0.441 -0.547 -0.673 -0.802 -0.918 -1.018 -1.093 -1.123 -1.140 -1.156 -1.163 -1.178 -1.224 -1.279 -1.366 -1.474 -1.589 -1.765 -1.963 -2.089 -2.164 -2.115 -2.058 -1.961 -1.829 -1.750 -1.656 -1.522 -1.367 -1.222 -1.107 -1.011 -0.918 -0.807 -0.692 -0.589 -0.497 -0.424 -0.375 -0.346 -0.339 -0.361 -0.427
-0.171 -0.174 -0.192 -0.232 -0.172 -0.129 -0.131 -0.130 -0.129 -0.129 -0.130 -0.127 -0.125 -0.122 -0.117 -0.113 -0.110 -0.112 -0.117 -0.127 -0.126 -0.130 -0.148 -0.165 -0.173 -0.179 -0.190 -0.234 -0.296 -0.374 -0.477 -0.597 -0.728 -0.860 -0.976 -1.058 -1.114 -1.156 -1.170 -1.186 -1.203 -1.214 -1.238 -1.313 -1.404 -1.511 -1.669 -1.802 -1.929 -2.043 -2.076 -2.088 -2.014 -1.873 -1.790 -1.711 -1.636 -1.538 -1.388 -1.212 -1.067 -0.958 -0.877 -0.797 -0.698 -0.590 -0.491 -0.410 -0.355 -0.326 -0.317 -0.326 -0.364 -0.440
-0.234 -0.241 -0.245 -0.259 -0.296 -0.244 -0.204 -0.204 -0.205 -0.213 -0.216 -0.212 -0.207 -0.201 -0.198 -0.195 -0.189 -0.186 -0.190 -0.195 -0.197 -0.202 -0.216 -0.225 -0.232 -0.243 -0.269 -0.332 -0.421 -0.525 -0.642 -0.776 -0.912 -1.034 -1.120 -1.165 -1.183 -1.196 -1.196 -1.210 -1.251 -1.293 -1.341 -1.427 -1.538 -1.645 -1.808 -1.946 -2.029 -2.064 -2.023 -1.970 -1.916 -1.753 -1.659 -1.617 -1.543 -1.396 -1.219 -1.046 -0.919 -0.832 -0.770 -0.701 -0.610 -0.506 -0.414 -0.347 -0.307 -0.292 -0.298 -0.326 -0.384 -0.464
-0.303 -0.314 -0.328 -0.326 -0.343 -0.360 -0.311 -0.297 -0.297 -0.307 -0.312 -0.309 -0.301 -0.294 -0.291 -0.282 -0.275 -0.272 -0.276 -0.286 -0.285 -0.281 -0.285 -0.293 -0.311 -0.339 -0.387 -0.470 -0.575 -0.699 -0.836 -0.968 -1.071 -1.159 -1.222 -1.238 -1.231 -1.231 -1.238 -1.262 -1.304 -1.355 -1.428 -1.524 -1.635 -1.732 -1.857 -1.959 -2.003 -1.999 -1.932 -1.836 -1.763 -1.689 -1.582 -1.514 -1.416 -1.215 -1.016 -0.875 -0.787 -0.734 -0.690 -0.629 -0.539 -0.437 -0.353 -0.302 -0.276 -0.271 -0.287 -0.332 -0.406 -0.491
-0.355 -0.371 -0.389 -0.401 -0.416 -0.428 -0.430 -0.401 -0.403 -0.411 -0.412 -0.406 -0.398 -0.386 -0.373 -0.369 -0.371 -0.369 -0.372 -0.382 -0.371 -0.356 -0.358 -0.379 -0.420 -0.471 -0.550 -0.658 -0.774 -0.895 -1.021 -1.132 -1.208 -1.248 -1.273 -1.277 -1.248 -1.244 -1.278 -1.326 -1.365 -1.405 -1.473 -1.594 -1.706 -1.775 -1.831 -1.864 -1.870 -1.848 -1.776 -1.684 -1.611 -1.561 -1.514 -1.388 -1.222 -1.016 -0.834 -0.733 -0.682 -0.657 -0.631 -0.577 -0.485 -0.384 -0.310 -0.270 -0.256 -0.260 -0.285 -0.342 -0.424 -0.511
-0.397 -0.420 -0.449 -0.478 -0.503 -0.525 -0.523 -0.505 -0.502 -0.501 -0.495 -0.488 -0.481 -0.465 -0.460 -0.477 -0.488 -0.480 -0.469 -0.461 -0.450 -0.439 -0.462 -0.511 -0.575 -0.648 -0.748 -0.870 -1.000 -1.120 -1.209 -1.260 -1.308 -1.306 -1.288 -1.280 -1.256 -1.259 -1.294 -1.340 -1.398 -1.465 -1.519 -1.631 -1.725 -1.792 -1.792 -1.749 -1.698 -1.671 -1.604 -1.517 -1.477 -1.432 -1.372 -1.232 -1.006 -0.820 -0.697 -0.635 -0.610 -0.602 -0.584 -0.535 -0.446 -0.347 -0.281 -0.250 -0.245 -0.260 -0.295 -0.353 -0.431 -0.515
-0.449 -0.477 -0.507 -0.529 -0.568 -0.618 -0.595 -0.582 -0.588 -0.594 -0.586 -0.573 -0.563 -0.570 -0.588 -0.614 -0.618 -0.599 -0.577 -0.565 -0.559 -0.568 -0.622 -0.698 -0.790 -0.888 -1.000 -1.100 -1.204 -1.307 -1.372 -1.387 -1.391 -1.355 -1.306 -1.280 -1.262 -1.276 -1.300 -1.325 -1.389 -1.493 -1.561 -1.627 -1.666 -1.699 -1.701 -1.617 -1.524 -1.464 -1.448 -1.388 -1.349 -1.304 -1.196 -1.023 -0.820 -0.674 -0.596 -0.564 -0.560 -0.564 -0.550 -0.501 -0.415 -0.322 -0.265 -0.241 -0.241 -0.268 -0.314 -0.365 -0.421 -0.497
-0.466 -0.499 -0.528 -0.563 -0.650 -0.653 -0.643 -0.648 -0.651 -0.671 -0.678 -0.679 -0.687 -0.711 -0.744 -0.747 -0.732 -0.716 -0.702 -0.719 -0.750 -0.789 -0.873 -0.973 -1.075 -1.194 -1.294 -1.366 -1.419 -1.469 -1.506 -1.494 -1.480 -1.436 -1.375 -1.338 -1.281 -1.284 -1.309 -1.318 -1.364 -1.443 -1.495 -1.536 -1.556 -1.551 -1.525 -1.459 -1.380 -1.289 -1.246 -1.238 -1.213 -1.138 -1.011 -0.840 -0.679 -0.576 -0.528 -0.513 -0.519 -0.530 -0.520 -0.474 -0.395 -0.309 -0.258 -0.242 -0.249 -0.281 -0.335 -0.383 -0.415 -0.466
-0.460 -0.498 -0.553 -0.627 -0.678 -0.688 -0.696 -0.703 -0.732 -0.756 -0.788 -0.802 -0.820 -0.838 -0.849 -0.855 -0.867 -0.855 -0.872 -0.935 -1.031 -1.097 -1.206 -1.295 -1.367 -1.472 -1.530 -1.593 -1.642 -1.652 -1.624 -1.592 -1.580 -1.525 -1.473 -1.434 -1.352 -1.341 -1.359 -1.357 -1.382 -1.427 -1.423 -1.407 -1.398 -1.375 -1.352 -1.282 -1.226 -1.182 -1.081 -1.047 -1.042 -0.972 -0.850 -0.712 -0.587 -0.514 -0.485 -0.480 -0.487 -0.497 -0.489 -0.449 -0.383 -0.312 -0.266 -0.258 -0.274 -0.306 -0.352 -0.394 -0.416 -0.434
-0.462 -0.515 -0.579 -0.637 -0.667 -0.679 -0.706 -0.743 -0.785 -0.812 -0.856 -0.868 -0.899 -0.924 -0.942 -0.964 -1.012 -1.059 -1.116 -1.197 -1.298 -1.377 -1.496 -1.543 -1.607 -1.670 -1.671 -1.707 -1.735 -1.752 -1.716 -1.662 -1.623 -1.585 -1.582 -1.563 -1.498 -1.488 -1.490 -1.457 -1.454 -1.477 -1.475 -1.373 -1.294 -1.226 -1.192 -1.139 -1.055 -1.015 -0.964 -0.904 -0.888 -0.836 -0.737 -0.632 -0.540 -0.484 -0.463 -0.460 -0.466 -0.471 -0.463 -0.430 -0.381 -0.334 -0.304 -0.303 -0.326 -0.359 -0.384 -0.401 -0.413 -0.419
-0.450 -0.499 -0.544 -0.589 -0.620 -0.639 -0.690 -0.756 -0.788 -0.832 -0.879 -0.903 -0.956 -0.999 -1.042 -1.090 -1.161 -1.254 -1.329 -1.422 -1.487 -1.567 -1.652 -1.668 -1.736 -1.761 -1.742 -1.749 -1.727 -1.722 -1.699 -1.636 -1.577 -1.553 -1.577 -1.599 -1.565 -1.553 -1.530 -1.495 -1.473 -1.478 -1.509 -1.465 -1.339 -1.200 -1.073 -0.997 -0.917 -0.842 -0.813 -0.794 -0.777 -0.742 -0.673 -0.592 -0.525 -0.489 -0.477 -0.477 -0.481 -0.482 -0.471 -0.445 -0.416 -0.393 -0.382 -0.385 -0.406 -0.446 -0.470 -0.450 -0.419 -0.411
-0.373 -0.409 -0.454 -0.497 -0.545 -0.599 -0.668 -0.737 -0.771 -0.833 -0.881 -0.915 -0.986 -1.029 -1.066 -1.118 -1.193 -1.300 -1.385 -1.484 -1.527 -1.598 -1.648 -1.654 -1.709 -1.733 -1.720 -1.717 -1.676 -1.622 -1.583 -1.540 -1.505 -1.469 -1.458 -1.476 -1.469 -1.439 -1.388 -1.341 -1.333 -1.331 -1.347 -1.355 -1.313 -1.238 -1.074 -0.896 -0.785 -0.709 -0.679 -0.686 -0.689 -0.676 -0.646 -0.602 -0.565 -0.547 -0.538 -0.530 -0.529 -0.531 -0.526 -0.507 -0.484 -0.460 -0.437 -0.427 -0.440 -0.473 -0.528 -0.547 -0.497 -0.431
-0.268 -0.305 -0.352 -0.417 -0.490 -0.548 -0.624 -0.693 -0.736 -0.805 -0.857 -0.892 -0.957 -0.994 -1.034 -1.062 -1.135 -1.241 -1.350 -1.442 -1.486 -1.539 -1.572 -1.561 -1.586 -1.578 -1.552 -1.546 -1.491 -1.433 -1.399 -1.376 -1.348 -1.304 -1.299 -1.283 -1.265 -1.218 -1.167 -1.137 -1.114 -1.081 -1.035 -1.010 -1.004 -1.009 -0.990 -0.836 -0.670 -0.583 -0.570 -0.583 -0.598 -0.618 -0.631 -0.628 -0.617 -0.597 -0.566 -0.534 -0.517 -0.516 -0.521 -0.515 -0.498 -0.470 -0.441 -0.431 -0.439 -0.453 -0.494 -0.554 -0.552 -0.476
