AvaFrame/avaframe/data/avaSalk/Avaflow_Input_Output/slk_results/slk_ascii/slk_basechange0003.asc
ncols 296
nrows 144
xllcenter 761600.00
yllcenter 8523000.00
cellsize 12.50
NODATA_value -9999.000
[rows 66 to 98 of 144, columns 150 to 224 of 296]
0.000 0.000 0.000 0.000 0.000 0.000 0.000 0.000 0.000 0.000 0.000 0.000 0.000 0.000 0.000 0.000 0.000 0.000 0.000 0.000 0.000 0.000 0.000 0.000 0.000 0.000 0.000 0.000 0.000 0.000 0.000 0.000 -0.000 -0.000 -0.000 -0.000 -0.000 -0.000 -0.000 -0.000 -0.000 -0.001 -0.001 -0.003 -0.005 -0.011 -0.022 -0.044 -0.080 -0.133 -0.212 -0.314 -0.420 -0.515 -0.589 -0.641 -0.676 -0.703 -0.728 -0.746 -0.771 -0.805 -0.854 -0.910 -0.994 -1.097 -1.178 -1.235 -1.263 -1.264 -1.230 -1.185 -1.150 -1.127 -1.100
0.000 0.000 0.000 0.000 0.000 0.000 0.000 0.000 0.000 0.000 0.000 0.000 0.000 0.000 0.000 0.000 0.000 0.000 0.000 0.000 0.000 0.000 0.000 0.000 0.000 0.000 0.000 0.000 0.000 0.000 0.000 -0.000 -0.000 -0.000 -0.000 -0.000 -0.000 -0.000 -0.000 -0.000 -0.001 -0.002 -0.004 -0.008 -0.016 -0.033 -0.064 -0.110 -0.174 -0.254 -0.346 -0.442 -0.524 -0.591 -0.644 -0.675 -0.690 -0.704 -0.725 -0.747 -0.779 -0.822 -0.880 -0.959 -1.055 -1.152 -1.224 -1.254 -1.245 -1.209 -1.162 -1.124 -1.091 -1.075 -1.053
0.000 0.000 0.000 0.000 0.000 0.000 0.000 0.000 0.000 0.000 0.000 0.000 0.000 0.000 0.000 0.000 0.000 0.000 0.000 0.000 0.000 0.000 0.000 0.000 0.000 0.000 0.000 0.000 0.000 0.000 -0.000 -0.000 -0.000 -0.000 -0.000 -0.000 -0.000 -0.000 -0.000 -0.001 -0.002 -0.005 -0.010 -0.022 -0.044 -0.080 -0.133 -0.201 -0.281 -0.370 -0.454 -0.526 -0.582 -0.620 -0.649 -0.669 -0.682 -0.701 -0.727 -0.759 -0.797 -0.858 -0.928 -1.022 -1.118 -1.180 -1.212 -1.221 -1.196 -1.147 -1.101 -1.076 -1.059 -1.039 -1.013
0.000 0.000 0.000 0.000 0.000 0.000 0.000 0.000 0.000 0.000 0.000 0.000 0.000 0.000 0.000 0.000 0.000 0.000 0.000 0.000 0.000 0.000 0.000 0.000 0.000 0.000 0.000 0.000 0.000 -0.000 -0.000 -0.000 -0.000 -0.000 -0.000 -0.000 -0.000 -0.000 -0.001 -0.002 -0.006 -0.013 -0.027 -0.051 -0.090 -0.145 -0.214 -0.292 -0.373 -0.450 -0.515 -0.563 -0.597 -0.620 -0.637 -0.653 -0.678 -0.706 -0.741 -0.782 -0.830 -0.906 -0.998 -1.084 -1.151 -1.186 -1.190 -1.167 -1.125 -1.089 -1.061 -1.033 -1.024 -1.005 -0.953
0.000 0.000 0.000 0.000 0.000 0.000 0.000 0.000 0.000 0.000 0.000 0.000 0.000 0.000 0.000 0.000 0.000 0.000 0.000 0.000 0.000 0.000 0.000 0.000 0.000 0.000 0.000 0.000 0.000 -0.000 -0.000 -0.000 -0.000 -0.000 -0.000 -0.000 -0.000 -0.001 -0.003 -0.007 -0.015 -0.031 -0.058 -0.099 -0.153 -0.221 -0.297 -0.373 -0.441 -0.497 -0.539 -0.568 -0.589 -0.609 -0.633 -0.661 -0.693 -0.728 -0.765 -0.814 -0.875 -0.960 -1.060 -1.134 -1.176 -1.176 -1.156 -1.116 -1.067 -1.041 -1.032 -1.011 -0.981 -0.942 -0.855
0.000 0.000 0.000 0.000 0.000 0.000 0.000 0.000 0.000 0.000 0.000 0.000 0.000 0.000 0.000 0.000 0.000 0.000 0.000 0.000 0.000 0.000 0.000 0.000 0.000 0.000 0.000 0.000 -0.000 -0.000 -0.000 -0.000 -0.000 -0.000 -0.000 -0.000 -0.001 -0.003 -0.007 -0.017 -0.035 -0.064 -0.106 -0.162 -0.230 -0.304 -0.374 -0.436 -0.486 -0.523 -0.554 -0.578 -0.601 -0.624 -0.648 -0.677 -0.720 -0.763 -0.804 -0.855 -0.929 -1.022 -1.100 -1.161 -1.194 -1.168 -1.112 -1.069 -1.031 -1.007 -0.998 -0.978 -0.922 -0.845 -0.736
0.000 0.000 0.000 0.000 0.000 0.000 0.000 0.000 0.000 0.000 0.000 0.000 0.000 0.000 0.000 0.000 0.000 0.000 0.000 0.000 0.000 0.000 0.000 0.000 0.000 0.000 0.000 -0.000 -0.000 -0.000 -0.000 -0.000 -0.000 -0.000 -0.000 -0.001 -0.003 -0.008 -0.018 -0.037 -0.068 -0.112 -0.168 -0.233 -0.305 -0.375 -0.435 -0.479 -0.513 -0.545 -0.570 -0.593 -0.618 -0.645 -0.670 -0.698 -0.755 -0.807 -0.851 -0.906 -0.988 -1.078 -1.135 -1.159 -1.179 -1.139 -1.064 -1.020 -0.994 -0.963 -0.938 -0.902 -0.825 -0.717 -0.620
0.000 0.000 0.000 0.000 0.000 0.000 0.000 0.000 0.000 0.000 0.000 0.000 0.000 0.000 0.000 0.000 0.000 0.000 0.000 0.000 0.000 0.000 0.000 0.000 0.000 0.000 -0.000 -0.000 -0.000 -0.000 -0.000 -0.000 -0.000 -0.000 -0.001 -0.004 -0.008 -0.019 -0.040 -0.072 -0.117 -0.174 -0.239 -0.305 -0.369 -0.424 -0.473 -0.513 -0.540 -0.569 -0.593 -0.616 -0.642 -0.670 -0.699 -0.735 -0.798 -0.856 -0.908 -0.972 -1.062 -1.136 -1.172 -1.163 -1.145 -1.092 -1.014 -0.968 -0.937 -0.904 -0.863 -0.799 -0.701 -0.601 -0.535
0.000 0.000 0.000 0.000 0.000 0.000 0.000 0.000 0.000 0.000 0.000 0.000 0.000 0.000 0.000 0.000 0.000 0.000 0.000 0.000 0.000 0.000 0.000 0.000 0.000 -0.000 -0.000 -0.000 -0.000 -0.000 -0.000 -0.000 -0.000 -0.001 -0.004 -0.009 -0.020 -0.042 -0.076 -0.122 -0.178 -0.242 -0.306 -0.368 -0.422 -0.464 -0.503 -0.539 -0.569 -0.597 -0.624 -0.646 -0.674 -0.702 -0.733 -0.781 -0.846 -0.914 -0.981 -1.063 -1.147 -1.186 -1.178 -1.133 -1.078 -1.020 -0.960 -0.916 -0.875 -0.831 -0.772 -0.690 -0.598 -0.530 -0.492
0.000 0.000 0.000 0.000 0.000 0.000 0.000 0.000 0.000 0.000 0.000 0.000 0.000 0.000 0.000 0.000 0.000 0.000 0.000 0.000 0.000 0.000 0.000 0.000 0.000 -0.000 -0.000 -0.000 -0.000 -0.000 -0.000 -0.000 -0.001 -0.004 -0.009 -0.021 -0.043 -0.078 -0.125 -0.182 -0.242 -0.304 -0.365 -0.417 -0.463 -0.501 -0.536 -0.570 -0.601 -0.629 -0.658 -0.682 -0.707 -0.734 -0.775 -0.837 -0.907 -0.994 -1.088 -1.167 -1.197 -1.180 -1.131 -1.055 -0.980 -0.913 -0.881 -0.849 -0.799 -0.746 -0.667 -0.588 -0.527 -0.488 -0.467
0.000 0.000 0.000 0.000 0.000 0.000 0.000 0.000 0.000 0.000 0.000 0.000 0.000 0.000 0.000 0.000 0.000 0.000 0.000 0.000 0.000 0.000 0.000 0.000 -0.000 -0.000 -0.000 -0.000 -0.000 -0.000 -0.000 -0.001 -0.004 -0.009 -0.022 -0.044 -0.080 -0.127 -0.182 -0.243 -0.305 -0.362 -0.415 -0.463 -0.502 -0.540 -0.577 -0.611 -0.644 -0.670 -0.695 -0.715 -0.738 -0.771 -0.830 -0.908 -0.993 -1.078 -1.157 -1.216 -1.190 -1.113 -1.030 -0.937 -0.865 -0.820 -0.789 -0.764 -0.704 -0.639 -0.572 -0.511 -0.475 -0.458 -0.450
0.000 0.000 0.000 0.000 0.000 0.000 0.000 0.000 0.000 0.000 0.000 0.000 0.000 0.000 0.000 0.000 0.000 0.000 0.000 0.000 0.000 0.000 0.000 -0.000 -0.000 -0.000 -0.000 -0.000 -0.000 -0.000 -0.001 -0.004 -0.009 -0.022 -0.045 -0.080 -0.128 -0.183 -0.244 -0.305 -0.362 -0.415 -0.463 -0.510 -0.550 -0.589 -0.622 -0.651 -0.678 -0.706 -0.730 -0.748 -0.770 -0.819 -0.898 -0.988 -1.068 -1.126 -1.153 -1.170 -1.107 -0.984 -0.880 -0.801 -0.760 -0.740 -0.719 -0.680 -0.616 -0.551 -0.499 -0.463 -0.445 -0.438 -0.434
0.000 0.000 0.000 0.000 0.000 0.000 0.000 0.000 0.000 0.000 0.000 0.000 0.000 0.000 0.000 0.000 0.000 0.000 0.000 0.000 0.000 0.000 -0.000 -0.000 -0.000 -0.000 -0.000 -0.000 -0.000 -0.001 -0.004 -0.009 -0.022 -0.045 -0.080 -0.128 -0.185 -0.246 -0.306 -0.363 -0.415 -0.464 -0.512 -0.561 -0.604 -0.641 -0.667 -0.684 -0.702 -0.730 -0.754 -0.779 -0.815 -0.883 -0.968 -1.043 -1.097 -1.118 -1.107 -1.062 -0.956 -0.825 -0.746 -0.708 -0.690 -0.677 -0.649 -0.599 -0.540 -0.488 -0.455 -0.435 -0.427 -0.424 -0.418
0.000 0.000 0.000 0.000 0.000 0.000 0.000 0.000 0.000 0.000 0.000 0.000 0.000 0.000 0.000 0.000 0.000 0.000 0.000 0.000 0.000 -0.000 -0.000 -0.000 -0.000 -0.000 -0.000 -0.000 -0.001 -0.004 -0.010 -0.022 -0.045 -0.080 -0.129 -0.186 -0.249 -0.311 -0.367 -0.418 -0.469 -0.520 -0.570 -0.621 -0.657 -0.676 -0.693 -0.704 -0.718 -0.744 -0.780 -0.810 -0.866 -0.951 -1.018 -1.066 -1.080 -1.066 -1.009 -0.906 -0.786 -0.706 -0.666 -0.647 -0.638 -0.619 -0.581 -0.524 -0.472 -0.437 -0.418 -0.409 -0.406 -0.406 -0.398
0.000 0.000 0.000 0.000 0.000 0.000 0.000 0.000 0.000 0.000 0.000 0.000 0.000 0.000 0.000 0.000 0.000 0.000 0.000 0.000 0.000 -0.000 -0.000 -0.000 -0.000 -0.000 -0.000 -0.001 -0.004 -0.010 -0.023 -0.046 -0.081 -0.129 -0.188 -0.251 -0.313 -0.371 -0.424 -0.478 -0.535 -0.588 -0.637 -0.674 -0.696 -0.700 -0.704 -0.714 -0.730 -0.756 -0.801 -0.859 -0.920 -0.988 -1.030 -1.044 -1.028 -0.963 -0.855 -0.747 -0.675 -0.636 -0.619 -0.608 -0.591 -0.563 -0.517 -0.466 -0.426 -0.400 -0.386 -0.381 -0.382 -0.382 -0.372
0.000 0.000 0.000 0.000 0.000 0.000 0.000 0.000 0.000 0.000 0.000 0.000 0.000 0.000 0.000 0.000 0.000 0.000 0.000 0.000 -0.000 -0.000 -0.000 -0.000 -0.000 -0.000 -0.001 -0.004 -0.011 -0.024 -0.047 -0.082 -0.131 -0.190 -0.254 -0.316 -0.375 -0.433 -0.487 -0.544 -0.606 -0.651 -0.681 -0.701 -0.705 -0.705 -0.711 -0.722 -0.743 -0.779 -0.830 -0.891 -0.947 -0.985 -0.998 -0.980 -0.918 -0.820 -0.717 -0.645 -0.608 -0.591 -0.582 -0.571 -0.547 -0.510 -0.465 -0.421 -0.390 -0.370 -0.360 -0.358 -0.362 -0.362 -0.349
0.000 0.000 0.000 0.000 0.000 0.000 0.000 0.000 0.000 0.000 0.000 0.000 0.000 0.000 0.000 0.000 0.000 0.000 0.000 -0.000 -0.000 -0.000 -0.000 -0.000 -0.001 -0.002 -0.005 -0.012 -0.027 -0.050 -0.085 -0.132 -0.192 -0.256 -0.322 -0.384 -0.443 -0.503 -0.562 -0.609 -0.653 -0.683 -0.694 -0.698 -0.698 -0.703 -0.712 -0.732 -0.758 -0.801 -0.855 -0.898 -0.929 -0.944 -0.928 -0.877 -0.790 -0.698 -0.629 -0.587 -0.566 -0.556 -0.550 -0.532 -0.503 -0.462 -0.420 -0.384 -0.357 -0.340 -0.332 -0.335 -0.346 -0.348 -0.328
0.000 0.000 0.000 0.000 0.000 0.000 0.000 0.000 0.000 0.000 0.000 0.000 0.000 0.000 0.000 0.000 0.000 0.000 0.000 -0.000 -0.000 -0.000 -0.000 -0.001 -0.002 -0.006 -0.015 -0.030 -0.054 -0.089 -0.136 -0.194 -0.260 -0.327 -0.392 -0.457 -0.519 -0.579 -0.633 -0.670 -0.682 -0.688 -0.690 -0.687 -0.688 -0.698 -0.716 -0.738 -0.779 -0.824 -0.863 -0.881 -0.888 -0.871 -0.831 -0.757 -0.678 -0.615 -0.572 -0.548 -0.536 -0.528 -0.516 -0.493 -0.458 -0.418 -0.379 -0.348 -0.325 -0.310 -0.306 -0.316 -0.332 -0.334 -0.308
0.000 0.000 0.000 0.000 0.000 0.000 0.000 0.000 0.000 0.000 0.000 0.000 0.000 0.000 0.000 0.000 0.000 0.000 -0.000 -0.000 -0.000 -0.000 -0.001 -0.003 -0.008 -0.018 -0.034 -0.059 -0.094 -0.141 -0.200 -0.265 -0.336 -0.407 -0.474 -0.536 -0.591 -0.638 -0.670 -0.686 -0.686 -0.679 -0.674 -0.676 -0.682 -0.694 -0.724 -0.746 -0.783 -0.820 -0.848 -0.839 -0.816 -0.781 -0.725 -0.658 -0.598 -0.556 -0.526 -0.512 -0.508 -0.502 -0.482 -0.452 -0.414 -0.376 -0.341 -0.313 -0.293 -0.284 -0.284 -0.301 -0.322 -0.322 -0.292
0.000 0.000 0.000 0.000 0.000 0.000 0.000 0.000 0.000 0.000 0.000 0.000 0.000 0.000 0.000 0.000 0.000 -0.000 -0.000 -0.000 -0.000 -0.001 -0.004 -0.010 -0.022 -0.040 -0.066 -0.102 -0.149 -0.206 -0.274 -0.350 -0.422 -0.494 -0.560 -0.612 -0.641 -0.661 -0.673 -0.673 -0.668 -0.662 -0.658 -0.664 -0.673 -0.690 -0.717 -0.754 -0.777 -0.786 -0.790 -0.778 -0.731 -0.685 -0.639 -0.586 -0.542 -0.513 -0.492 -0.482 -0.478 -0.469 -0.445 -0.408 -0.371 -0.335 -0.304 -0.281 -0.266 -0.262 -0.269 -0.294 -0.317 -0.313 -0.277
0.000 0.000 0.000 0.000 0.000 0.000 0.000 0.000 0.000 0.000 0.000 0.000 0.000 0.000 0.000 0.000 0.000 -0.000 -0.000 -0.000 -0.001 -0.004 -0.012 -0.025 -0.045 -0.073 -0.109 -0.156 -0.217 -0.285 -0.357 -0.435 -0.504 -0.561 -0.609 -0.645 -0.655 -0.657 -0.655 -0.647 -0.642 -0.644 -0.645 -0.654 -0.667 -0.675 -0.699 -0.730 -0.743 -0.743 -0.711 -0.687 -0.653 -0.608 -0.570 -0.531 -0.497 -0.476 -0.460 -0.452 -0.446 -0.433 -0.401 -0.361 -0.325 -0.292 -0.267 -0.251 -0.244 -0.245 -0.261 -0.293 -0.315 -0.303 -0.262
0.000 0.000 0.000 0.000 0.000 0.000 0.000 0.000 0.000 0.000 0.000 0.000 0.000 0.000 0.000 0.000 0.000 -0.000 -0.000 -0.001 -0.004 -0.012 -0.027 -0.048 -0.075 -0.113 -0.161 -0.218 -0.288 -0.363 -0.435 -0.499 -0.550 -0.587 -0.612 -0.633 -0.635 -0.634 -0.629 -0.620 -0.614 -0.619 -0.623 -0.630 -0.651 -0.661 -0.673 -0.688 -0.682 -0.672 -0.645 -0.599 -0.578 -0.550 -0.514 -0.484 -0.459 -0.442 -0.430 -0.421 -0.412 -0.392 -0.358 -0.318 -0.283 -0.255 -0.235 -0.227 -0.228 -0.237 -0.261 -0.297 -0.311 -0.290 -0.245
0.000 0.000 0.000 0.000 0.000 0.000 0.000 0.000 0.000 0.000 0.000 0.000 0.000 0.000 0.000 0.000 -0.000 -0.000 -0.000 -0.002 -0.010 -0.025 -0.046 -0.074 -0.109 -0.157 -0.216 -0.283 -0.351 -0.419 -0.479 -0.529 -0.567 -0.589 -0.601 -0.607 -0.601 -0.596 -0.595 -0.592 -0.588 -0.590 -0.597 -0.602 -0.622 -0.637 -0.642 -0.639 -0.617 -0.598 -0.590 -0.554 -0.521 -0.500 -0.472 -0.443 -0.423 -0.412 -0.402 -0.392 -0.377 -0.352 -0.316 -0.280 -0.249 -0.226 -0.212 -0.207 -0.213 -0.234 -0.269 -0.300 -0.303 -0.273 -0.225
0.000 0.000 0.000 0.000 0.000 0.000 0.000 0.000 0.000 0.000 0.000 0.000 0.000 0.000 0.000 0.000 -0.000 -0.000 -0.001 -0.006 -0.020 -0.040 -0.067 -0.101 -0.145 -0.199 -0.263 -0.329 -0.394 -0.451 -0.492 -0.530 -0.561 -0.573 -0.576 -0.573 -0.565 -0.559 -0.554 -0.552 -0.554 -0.558 -0.565 -0.570 -0.586 -0.598 -0.594 -0.581 -0.557 -0.534 -0.523 -0.512 -0.479 -0.452 -0.431 -0.405 -0.387 -0.379 -0.372 -0.361 -0.343 -0.314 -0.280 -0.248 -0.221 -0.204 -0.195 -0.194 -0.204 -0.233 -0.273 -0.295 -0.288 -0.253 -0.205
0.000 0.000 0.000 0.000 0.000 0.000 0.000 0.000 0.000 0.000 0.000 0.000 0.000 0.000 0.000 0.000 -0.000 -0.000 -0.002 -0.012 -0.029 -0.054 -0.087 -0.127 -0.177 -0.236 -0.297 -0.354 -0.407 -0.455 -0.489 -0.515 -0.535 -0.544 -0.537 -0.530 -0.526 -0.524 -0.517 -0.512 -0.513 -0.521 -0.531 -0.535 -0.541 -0.543 -0.534 -0.520 -0.500 -0.480 -0.465 -0.455 -0.442 -0.411 -0.389 -0.372 -0.355 -0.345 -0.337 -0.327 -0.311 -0.284 -0.252 -0.224 -0.200 -0.186 -0.182 -0.186 -0.202 -0.237 -0.270 -0.281 -0.267 -0.231 -0.188
0.000 0.000 0.000 0.000 0.000 0.000 0.000 0.000 0.000 0.000 0.000 0.000 0.000 0.000 0.000 0.000 -0.000 -0.000 -0.004 -0.017 -0.038 -0.067 -0.104 -0.149 -0.200 -0.255 -0.311 -0.361 -0.403 -0.437 -0.466 -0.485 -0.497 -0.501 -0.494 -0.484 -0.481 -0.481 -0.477 -0.478 -0.476 -0.483 -0.493 -0.500 -0.497 -0.487 -0.475 -0.466 -0.451 -0.429 -0.417 -0.403 -0.393 -0.378 -0.355 -0.339 -0.325 -0.315 -0.308 -0.297 -0.280 -0.257 -0.230 -0.204 -0.184 -0.173 -0.172 -0.183 -0.206 -0.238 -0.260 -0.260 -0.243 -0.210 -0.171
0.000 0.000 0.000 0.000 0.000 0.000 0.000 0.000 0.000 0.000 0.000 0.000 0.000 0.000 0.000 0.000 -0.000 -0.000 -0.006 -0.023 -0.047 -0.079 -0.119 -0.163 -0.212 -0.258 -0.304 -0.347 -0.382 -0.407 -0.428 -0.445 -0.451 -0.448 -0.444 -0.438 -0.435 -0.434 -0.431 -0.439 -0.442 -0.448 -0.450 -0.452 -0.450 -0.434 -0.422 -0.413 -0.409 -0.389 -0.373 -0.363 -0.351 -0.339 -0.325 -0.308 -0.295 -0.287 -0.282 -0.273 -0.256 -0.233 -0.208 -0.186 -0.172 -0.164 -0.166 -0.183 -0.211 -0.236 -0.242 -0.235 -0.215 -0.187 -0.155
0.000 0.000 0.000 0.000 0.000 0.000 0.000 0.000 0.000 0.000 0.000 0.000 0.000 0.000 0.000 0.000 -0.000 -0.001 -0.008 -0.028 -0.054 -0.088 -0.127 -0.170 -0.212 -0.253 -0.288 -0.321 -0.348 -0.368 -0.383 -0.394 -0.398 -0.392 -0.389 -0.387 -0.387 -0.386 -0.387 -0.395 -0.402 -0.406 -0.408 -0.407 -0.400 -0.389 -0.378 -0.365 -0.357 -0.348 -0.336 -0.324 -0.315 -0.304 -0.293 -0.279 -0.269 -0.263 -0.258 -0.249 -0.234 -0.212 -0.190 -0.172 -0.163 -0.160 -0.165 -0.185 -0.213 -0.230 -0.225 -0.208 -0.189 -0.165 -0.138
0.000 0.000 0.000 0.000 0.000 0.000 0.000 0.000 0.000 0.000 0.000 0.000 0.000 0.000 0.000 0.000 -0.000 -0.001 -0.009 -0.030 -0.058 -0.091 -0.126 -0.164 -0.199 -0.233 -0.264 -0.288 -0.307 -0.322 -0.333 -0.339 -0.339 -0.335 -0.335 -0.334 -0.339 -0.343 -0.348 -0.356 -0.360 -0.363 -0.363 -0.362 -0.360 -0.346 -0.337 -0.330 -0.309 -0.300 -0.297 -0.291 -0.282 -0.273 -0.262 -0.252 -0.246 -0.242 -0.237 -0.228 -0.213 -0.194 -0.174 -0.161 -0.156 -0.160 -0.171 -0.189 -0.209 -0.216 -0.207 -0.185 -0.164 -0.145 -0.121
0.000 0.000 0.000 0.000 0.000 0.000 0.000 0.000 0.000 0.000 0.000 0.000 0.000 0.000 0.000 0.000 -0.000 -0.000 -0.008 -0.028 -0.055 -0.084 -0.115 -0.146 -0.174 -0.201 -0.227 -0.248 -0.262 -0.271 -0.277 -0.283 -0.284 -0.283 -0.286 -0.289 -0.295 -0.303 -0.310 -0.321 -0.329 -0.323 -0.324 -0.322 -0.320 -0.312 -0.295 -0.288 -0.277 -0.264 -0.263 -0.261 -0.254 -0.246 -0.238 -0.231 -0.226 -0.222 -0.217 -0.208 -0.194 -0.176 -0.161 -0.153 -0.153 -0.160 -0.176 -0.194 -0.204 -0.199 -0.185 -0.166 -0.144 -0.124 -0.104
0.000 0.000 0.000 0.000 0.000 0.000 0.000 0.000 0.000 0.000 0.000 0.000 0.000 0.000 0.000 0.000 -0.000 -0.000 -0.005 -0.020 -0.043 -0.068 -0.094 -0.120 -0.142 -0.163 -0.182 -0.197 -0.210 -0.216 -0.219 -0.225 -0.233 -0.239 -0.245 -0.251 -0.260 -0.272 -0.281 -0.289 -0.299 -0.298 -0.293 -0.287 -0.279 -0.271 -0.259 -0.248 -0.243 -0.240 -0.238 -0.236 -0.232 -0.224 -0.218 -0.214 -0.211 -0.206 -0.200 -0.191 -0.178 -0.163 -0.152 -0.147 -0.151 -0.162 -0.176 -0.190 -0.195 -0.185 -0.165 -0.145 -0.126 -0.105 -0.085
0.000 0.000 0.000 0.000 0.000 0.000 0.000 0.000 0.000 0.000 0.000 0.000 0.000 0.000 0.000 0.000 0.000 -0.000 -0.001 -0.009 -0.025 -0.044 -0.064 -0.085 -0.103 -0.119 -0.133 -0.145 -0.153 -0.160 -0.165 -0.173 -0.183 -0.193 -0.203 -0.213 -0.223 -0.238 -0.251 -0.262 -0.271 -0.275 -0.271 -0.263 -0.248 -0.233 -0.223 -0.217 -0.214 -0.213 -0.213 -0.211 -0.210 -0.206 -0.200 -0.198 -0.195 -0.191 -0.185 -0.176 -0.165 -0.153 -0.145 -0.143 -0.150 -0.162 -0.173 -0.181 -0.182 -0.171 -0.148 -0.125 -0.106 -0.086 -0.065
0.000 0.000 0.000 0.000 0.000 0.000 0.000 0.000 0.000 0.000 0.000 0.000 0.000 0.000 0.000 0.000 0.000 -0.000 -0.000 -0.002 -0.008 -0.018 -0.032 -0.046 -0.060 -0.073 -0.083 -0.093 -0.100 -0.108 -0.115 -0.123 -0.134 -0.145 -0.157 -0.169 -0.180 -0.194 -0.207 -0.218 -0.228 -0.235 -0.233 -0.230 -0.224 -0.207 -0.192 -0.187 -0.188 -0.188 -0.188 -0.189 -0.189 -0.189 -0.186 -0.183 -0.180 -0.176 -0.170 -0.163 -0.153 -0.145 -0.140 -0.140 -0.147 -0.158 -0.166 -0.169 -0.165 -0.152 -0.130 -0.102 -0.079 -0.060 -0.042
