AvaFrame/avaframe/data/avaSalk/Avaflow_Input_Output/slk_results/slk_ascii/slk_basechange10019.asc
ncols 296
nrows 144
xllcenter 761600.00
yllcenter 8523000.00
cellsize 12.50
NODATA_value -9999.000
[rows 66 to 98 of 144, columns 148 to 221 of 296]
0.000 0.000 0.000 0.000 0.000 0.000 0.000 0.000 0.000 0.000 0.000 0.000 0.000 0.000 0.000 0.000 0.000 0.000 0.000 0.000 0.000 0.000 0.000 0.000 0.000 -0.000 -0.000 -0.000 -0.000 -0.000 -0.000 -0.000 -0.000 -0.000 -0.000 -0.000 -0.000 -0.000 -0.000 -0.001 -0.001 -0.001 -0.002 -0.002 -0.004 -0.006 -0.009 -0.016 -0.028 -0.052 -0.090 -0.144 -0.225 -0.329 -0.438 -0.535 -0.614 -0.670 -0.712 -0.746 -0.782 -0.814 -0.859 -0.922 -1.010 -1.122 -1.282 -1.489 -1.692 -1.890 -2.077 -2.235 -2.345 -2.425
0.000 0.000 0.000 0.000 0.000 0.000 0.000 0.000 0.000 0.000 0.000 0.000 0.000 0.000 0.000 0.000 0.000 0.000 0.000 0.000 0.000 0.000 0.000 0.000 -0.000 -0.000 -0.000 -0.000 -0.000 -0.000 -0.000 -0.000 -0.000 -0.000 -0.000 -0.000 -0.000 -0.000 -0.001 -0.001 -0.001 -0.002 -0.003 -0.004 -0.007 -0.012 -0.022 -0.041 -0.073 -0.121 -0.187 -0.269 -0.363 -0.461 -0.548 -0.620 -0.679 -0.717 -0.740 -0.766 -0.802 -0.844 -0.905 -0.989 -1.103 -1.257 -1.455 -1.682 -1.908 -2.093 -2.239 -2.346 -2.423 -2.482
0.000 0.000 0.000 0.000 0.000 0.000 0.000 0.000 0.000 0.000 0.000 0.000 0.000 0.000 0.000 0.000 0.000 0.000 0.000 0.000 0.000 0.000 0.000 -0.000 -0.000 -0.000 -0.000 -0.000 -0.000 -0.000 -0.000 -0.000 -0.000 -0.000 -0.000 -0.000 -0.001 -0.001 -0.001 -0.002 -0.002 -0.004 -0.005 -0.009 -0.016 -0.029 -0.052 -0.091 -0.145 -0.216 -0.298 -0.390 -0.477 -0.553 -0.614 -0.660 -0.697 -0.727 -0.752 -0.786 -0.833 -0.896 -0.977 -1.095 -1.238 -1.429 -1.651 -1.862 -2.060 -2.239 -2.364 -2.433 -2.471 -2.513
0.000 0.000 0.000 0.000 0.000 0.000 0.000 0.000 0.000 0.000 0.000 0.000 0.000 0.000 0.000 0.000 0.000 0.000 0.000 0.000 0.000 0.000 -0.000 -0.000 -0.000 -0.000 -0.000 -0.000 -0.000 -0.000 -0.000 -0.000 -0.000 -0.000 -0.000 -0.001 -0.001 -0.001 -0.002 -0.003 -0.004 -0.006 -0.011 -0.019 -0.035 -0.061 -0.102 -0.159 -0.231 -0.311 -0.396 -0.477 -0.546 -0.600 -0.641 -0.673 -0.702 -0.730 -0.771 -0.822 -0.889 -0.973 -1.080 -1.231 -1.419 -1.624 -1.838 -2.036 -2.210 -2.343 -2.435 -2.496 -2.518 -2.501
0.000 0.000 0.000 0.000 0.000 0.000 0.000 0.000 0.000 0.000 0.000 0.000 0.000 0.000 0.000 0.000 0.000 0.000 0.000 0.000 -0.000 -0.000 -0.000 -0.000 -0.000 -0.000 -0.000 -0.000 -0.000 -0.000 -0.000 -0.000 -0.000 -0.000 -0.001 -0.001 -0.001 -0.002 -0.003 -0.005 -0.007 -0.013 -0.023 -0.041 -0.070 -0.112 -0.169 -0.240 -0.320 -0.400 -0.472 -0.533 -0.581 -0.618 -0.649 -0.681 -0.719 -0.765 -0.821 -0.888 -0.969 -1.075 -1.209 -1.388 -1.608 -1.833 -2.044 -2.214 -2.358 -2.454 -2.490 -2.522 -2.528 -2.456
0.000 0.000 0.000 0.000 0.000 0.000 0.000 0.000 0.000 0.000 0.000 0.000 0.000 -0.000 -0.000 0.000 0.000 0.000 -0.000 -0.000 -0.000 -0.000 -0.000 -0.000 -0.000 -0.000 -0.000 -0.000 -0.000 -0.000 -0.000 -0.000 -0.001 -0.001 -0.001 -0.002 -0.002 -0.003 -0.005 -0.008 -0.014 -0.026 -0.046 -0.077 -0.122 -0.180 -0.252 -0.330 -0.405 -0.471 -0.527 -0.572 -0.611 -0.646 -0.682 -0.720 -0.762 -0.816 -0.895 -0.982 -1.079 -1.199 -1.359 -1.565 -1.797 -2.052 -2.279 -2.414 -2.491 -2.547 -2.537 -2.502 -2.458 -2.340
0.000 0.000 0.000 0.000 0.000 0.000 0.000 0.000 0.000 -0.000 -0.000 -0.000 -0.000 -0.000 -0.000 -0.000 -0.000 -0.000 -0.000 -0.000 -0.000 -0.000 -0.000 -0.000 -0.000 -0.000 -0.000 -0.000 -0.000 -0.000 -0.001 -0.001 -0.001 -0.001 -0.002 -0.003 -0.004 -0.006 -0.010 -0.016 -0.028 -0.050 -0.083 -0.130 -0.190 -0.259 -0.335 -0.411 -0.477 -0.527 -0.570 -0.611 -0.648 -0.683 -0.725 -0.773 -0.823 -0.886 -0.991 -1.101 -1.211 -1.346 -1.532 -1.778 -2.039 -2.278 -2.487 -2.571 -2.572 -2.559 -2.513 -2.406 -2.289 -2.106
-0.000 0.000 0.000 0.000 -0.000 -0.000 0.000 0.000 -0.000 -0.000 -0.000 -0.000 -0.000 -0.000 -0.000 -0.000 -0.000 -0.000 -0.000 -0.000 -0.000 -0.000 -0.000 -0.000 -0.000 -0.000 -0.000 -0.000 -0.001 -0.001 -0.001 -0.001 -0.002 -0.002 -0.003 -0.004 -0.007 -0.011 -0.018 -0.031 -0.054 -0.090 -0.139 -0.199 -0.269 -0.340 -0.410 -0.472 -0.529 -0.578 -0.615 -0.656 -0.695 -0.735 -0.783 -0.840 -0.905 -0.988 -1.112 -1.239 -1.371 -1.540 -1.788 -2.094 -2.370 -2.554 -2.660 -2.661 -2.568 -2.480 -2.374 -2.234 -2.046 -1.793
-0.000 -0.000 -0.000 -0.000 -0.000 -0.000 -0.000 -0.000 -0.000 -0.000 -0.000 -0.000 -0.000 -0.000 -0.000 -0.000 -0.000 -0.000 -0.000 -0.000 -0.000 -0.000 -0.001 -0.001 -0.001 -0.001 -0.001 -0.001 -0.001 -0.001 -0.002 -0.002 -0.003 -0.003 -0.005 -0.008 -0.012 -0.020 -0.034 -0.059 -0.097 -0.147 -0.207 -0.276 -0.346 -0.415 -0.477 -0.528 -0.577 -0.625 -0.669 -0.712 -0.757 -0.803 -0.861 -0.929 -1.008 -1.112 -1.251 -1.409 -1.588 -1.845 -2.210 -2.533 -2.712 -2.732 -2.694 -2.621 -2.498 -2.361 -2.198 -1.998 -1.755 -1.484
-0.000 -0.000 -0.000 -0.000 -0.000 -0.000 -0.000 -0.000 -0.000 -0.000 -0.000 -0.000 -0.000 -0.000 -0.000 -0.000 -0.000 -0.000 -0.000 -0.000 -0.001 -0.001 -0.002 -0.003 -0.003 -0.003 -0.003 -0.003 -0.002 -0.002 -0.003 -0.003 -0.004 -0.006 -0.008 -0.013 -0.022 -0.037 -0.063 -0.102 -0.154 -0.216 -0.282 -0.351 -0.419 -0.480 -0.536 -0.586 -0.635 -0.685 -0.731 -0.778 -0.832 -0.888 -0.953 -1.030 -1.127 -1.260 -1.427 -1.657 -1.963 -2.344 -2.679 -2.834 -2.812 -2.675 -2.528 -2.403 -2.323 -2.181 -1.956 -1.723 -1.454 -1.220
-0.000 -0.000 -0.000 -0.000 -0.000 -0.000 -0.000 -0.000 -0.000 -0.000 -0.000 -0.001 -0.001 -0.001 -0.001 -0.001 -0.001 -0.001 -0.001 -0.001 -0.002 -0.003 -0.004 -0.005 -0.005 -0.006 -0.007 -0.007 -0.006 -0.005 -0.005 -0.006 -0.007 -0.010 -0.015 -0.024 -0.040 -0.067 -0.107 -0.160 -0.222 -0.289 -0.359 -0.424 -0.487 -0.546 -0.598 -0.653 -0.708 -0.761 -0.814 -0.862 -0.919 -0.978 -1.049 -1.142 -1.279 -1.462 -1.712 -2.045 -2.446 -2.792 -2.886 -2.770 -2.581 -2.375 -2.232 -2.148 -2.070 -1.928 -1.659 -1.410 -1.192 -1.020
-0.000 -0.000 -0.000 -0.000 -0.000 -0.000 -0.000 -0.000 -0.000 -0.001 -0.002 -0.005 -0.008 -0.009 -0.008 -0.005 -0.003 -0.003 -0.003 -0.005 -0.006 -0.006 -0.005 -0.004 -0.005 -0.006 -0.008 -0.013 -0.014 -0.012 -0.010 -0.011 -0.014 -0.020 -0.029 -0.046 -0.073 -0.114 -0.166 -0.229 -0.297 -0.366 -0.433 -0.496 -0.557 -0.619 -0.679 -0.740 -0.795 -0.844 -0.893 -0.951 -1.013 -1.077 -1.158 -1.290 -1.484 -1.757 -2.109 -2.458 -2.708 -2.837 -2.725 -2.459 -2.219 -2.052 -1.970 -1.938 -1.858 -1.649 -1.374 -1.148 -0.989 -0.891
-0.001 -0.001 -0.001 -0.001 -0.001 -0.001 -0.001 -0.001 -0.001 -0.002 -0.007 -0.012 -0.014 -0.016 -0.017 -0.015 -0.013 -0.013 -0.013 -0.012 -0.010 -0.008 -0.005 -0.005 -0.007 -0.007 -0.009 -0.017 -0.025 -0.026 -0.023 -0.024 -0.029 -0.039 -0.057 -0.085 -0.127 -0.180 -0.244 -0.311 -0.378 -0.444 -0.507 -0.570 -0.635 -0.706 -0.773 -0.837 -0.886 -0.922 -0.966 -1.032 -1.103 -1.188 -1.309 -1.499 -1.773 -2.110 -2.445 -2.654 -2.700 -2.628 -2.427 -2.157 -1.979 -1.885 -1.812 -1.752 -1.612 -1.369 -1.132 -0.965 -0.868 -0.815
-0.005 -0.005 -0.004 -0.004 -0.004 -0.005 -0.005 -0.006 -0.008 -0.015 -0.023 -0.021 -0.012 -0.013 -0.018 -0.021 -0.022 -0.022 -0.019 -0.013 -0.009 -0.006 -0.007 -0.008 -0.009 -0.012 -0.017 -0.026 -0.040 -0.045 -0.040 -0.040 -0.049 -0.066 -0.094 -0.137 -0.195 -0.264 -0.338 -0.411 -0.473 -0.530 -0.592 -0.660 -0.733 -0.810 -0.873 -0.915 -0.954 -0.989 -1.033 -1.107 -1.211 -1.326 -1.512 -1.791 -2.114 -2.424 -2.604 -2.635 -2.543 -2.353 -2.127 -1.952 -1.837 -1.748 -1.652 -1.536 -1.366 -1.135 -0.945 -0.833 -0.774 -0.753
-0.043 -0.037 -0.033 -0.032 -0.033 -0.033 -0.033 -0.036 -0.044 -0.055 -0.057 -0.038 -0.016 -0.014 -0.016 -0.018 -0.018 -0.017 -0.014 -0.010 -0.009 -0.009 -0.010 -0.011 -0.012 -0.021 -0.036 -0.047 -0.060 -0.064 -0.054 -0.054 -0.070 -0.100 -0.142 -0.198 -0.268 -0.348 -0.433 -0.513 -0.578 -0.641 -0.710 -0.780 -0.851 -0.912 -0.956 -0.981 -1.006 -1.047 -1.106 -1.197 -1.339 -1.536 -1.791 -2.114 -2.398 -2.567 -2.603 -2.497 -2.297 -2.093 -1.937 -1.818 -1.724 -1.620 -1.489 -1.336 -1.155 -0.968 -0.825 -0.740 -0.697 -0.689
-0.103 -0.106 -0.105 -0.103 -0.103 -0.103 -0.098 -0.087 -0.083 -0.081 -0.070 -0.048 -0.030 -0.022 -0.018 -0.014 -0.013 -0.013 -0.015 -0.014 -0.013 -0.016 -0.017 -0.017 -0.022 -0.034 -0.053 -0.073 -0.084 -0.081 -0.070 -0.075 -0.100 -0.145 -0.205 -0.275 -0.352 -0.433 -0.521 -0.620 -0.703 -0.775 -0.854 -0.916 -0.958 -0.988 -1.007 -1.027 -1.061 -1.114 -1.199 -1.334 -1.531 -1.799 -2.101 -2.362 -2.521 -2.555 -2.460 -2.278 -2.074 -1.912 -1.802 -1.706 -1.603 -1.478 -1.327 -1.164 -0.994 -0.843 -0.733 -0.663 -0.626 -0.626
-0.084 -0.095 -0.109 -0.118 -0.114 -0.110 -0.105 -0.088 -0.065 -0.049 -0.039 -0.036 -0.038 -0.034 -0.029 -0.024 -0.024 -0.026 -0.030 -0.027 -0.019 -0.022 -0.030 -0.034 -0.039 -0.045 -0.061 -0.091 -0.104 -0.095 -0.091 -0.111 -0.152 -0.211 -0.288 -0.370 -0.457 -0.546 -0.635 -0.744 -0.862 -0.934 -0.985 -1.026 -1.044 -1.049 -1.052 -1.078 -1.124 -1.210 -1.332 -1.523 -1.785 -2.062 -2.303 -2.464 -2.500 -2.435 -2.277 -2.085 -1.921 -1.790 -1.687 -1.585 -1.470 -1.325 -1.170 -1.012 -0.868 -0.744 -0.648 -0.585 -0.552 -0.564
-0.038 -0.030 -0.032 -0.057 -0.070 -0.062 -0.054 -0.048 -0.028 -0.013 -0.016 -0.027 -0.040 -0.045 -0.049 -0.050 -0.048 -0.043 -0.045 -0.044 -0.040 -0.040 -0.046 -0.055 -0.055 -0.056 -0.072 -0.106 -0.121 -0.112 -0.120 -0.163 -0.222 -0.297 -0.386 -0.479 -0.578 -0.679 -0.777 -0.885 -1.016 -1.100 -1.114 -1.116 -1.122 -1.126 -1.130 -1.160 -1.229 -1.342 -1.539 -1.786 -2.045 -2.265 -2.402 -2.428 -2.384 -2.257 -2.096 -1.934 -1.796 -1.684 -1.575 -1.455 -1.322 -1.174 -1.020 -0.876 -0.746 -0.642 -0.561 -0.505 -0.479 -0.505
-0.051 -0.029 -0.015 -0.012 -0.015 -0.020 -0.017 -0.011 -0.009 -0.008 -0.013 -0.025 -0.027 -0.048 -0.071 -0.068 -0.066 -0.059 -0.057 -0.055 -0.058 -0.062 -0.073 -0.081 -0.078 -0.076 -0.092 -0.127 -0.144 -0.146 -0.173 -0.233 -0.311 -0.398 -0.501 -0.612 -0.725 -0.831 -0.926 -1.016 -1.114 -1.186 -1.200 -1.193 -1.196 -1.220 -1.249 -1.303 -1.421 -1.564 -1.789 -2.050 -2.278 -2.359 -2.369 -2.313 -2.216 -2.090 -1.950 -1.807 -1.671 -1.557 -1.447 -1.322 -1.176 -1.026 -0.883 -0.750 -0.635 -0.541 -0.475 -0.432 -0.419 -0.459
-0.110 -0.093 -0.051 -0.033 -0.033 -0.034 -0.032 -0.029 -0.027 -0.027 -0.025 -0.024 -0.022 -0.024 -0.037 -0.047 -0.051 -0.052 -0.054 -0.060 -0.068 -0.074 -0.094 -0.117 -0.113 -0.111 -0.126 -0.156 -0.174 -0.203 -0.257 -0.331 -0.423 -0.530 -0.640 -0.767 -0.893 -1.000 -1.068 -1.116 -1.172 -1.215 -1.233 -1.253 -1.282 -1.341 -1.407 -1.500 -1.667 -1.894 -2.083 -2.218 -2.329 -2.363 -2.260 -2.156 -2.065 -1.955 -1.830 -1.685 -1.541 -1.412 -1.296 -1.172 -1.030 -0.885 -0.755 -0.635 -0.534 -0.456 -0.403 -0.376 -0.381 -0.434
-0.131 -0.169 -0.176 -0.115 -0.072 -0.072 -0.072 -0.071 -0.068 -0.067 -0.068 -0.067 -0.067 -0.065 -0.057 -0.050 -0.050 -0.060 -0.072 -0.083 -0.095 -0.097 -0.124 -0.159 -0.166 -0.163 -0.165 -0.190 -0.222 -0.277 -0.362 -0.458 -0.565 -0.691 -0.818 -0.938 -1.046 -1.130 -1.165 -1.187 -1.217 -1.228 -1.251 -1.307 -1.385 -1.495 -1.617 -1.724 -1.896 -2.117 -2.283 -2.352 -2.265 -2.219 -2.132 -2.004 -1.932 -1.846 -1.711 -1.544 -1.380 -1.245 -1.129 -1.015 -0.880 -0.746 -0.627 -0.523 -0.441 -0.385 -0.353 -0.343 -0.364 -0.430
-0.175 -0.180 -0.217 -0.294 -0.199 -0.129 -0.131 -0.131 -0.129 -0.130 -0.136 -0.136 -0.135 -0.133 -0.128 -0.123 -0.121 -0.122 -0.124 -0.140 -0.143 -0.153 -0.186 -0.209 -0.216 -0.214 -0.209 -0.248 -0.309 -0.386 -0.492 -0.614 -0.748 -0.878 -0.996 -1.079 -1.140 -1.189 -1.210 -1.230 -1.259 -1.264 -1.297 -1.375 -1.494 -1.625 -1.806 -1.937 -2.057 -2.182 -2.266 -2.345 -2.238 -2.030 -1.964 -1.889 -1.820 -1.727 -1.569 -1.370 -1.197 -1.066 -0.966 -0.870 -0.754 -0.630 -0.518 -0.428 -0.366 -0.334 -0.322 -0.330 -0.368 -0.444
-0.254 -0.253 -0.250 -0.279 -0.351 -0.270 -0.206 -0.206 -0.207 -0.222 -0.229 -0.227 -0.222 -0.215 -0.210 -0.207 -0.200 -0.196 -0.207 -0.219 -0.228 -0.238 -0.260 -0.269 -0.271 -0.272 -0.282 -0.346 -0.439 -0.546 -0.662 -0.801 -0.942 -1.068 -1.155 -1.198 -1.218 -1.236 -1.233 -1.251 -1.296 -1.333 -1.394 -1.483 -1.605 -1.723 -1.897 -2.051 -2.134 -2.173 -2.154 -2.186 -2.222 -1.977 -1.818 -1.797 -1.729 -1.576 -1.379 -1.175 -1.018 -0.911 -0.837 -0.760 -0.658 -0.540 -0.436 -0.360 -0.315 -0.298 -0.303 -0.331 -0.389 -0.472
-0.324 -0.332 -0.346 -0.336 -0.357 -0.393 -0.324 -0.306 -0.306 -0.317 -0.327 -0.329 -0.318 -0.308 -0.306 -0.294 -0.291 -0.296 -0.312 -0.332 -0.335 -0.323 -0.324 -0.328 -0.342 -0.365 -0.405 -0.485 -0.595 -0.732 -0.876 -1.013 -1.120 -1.218 -1.273 -1.293 -1.295 -1.288 -1.294 -1.319 -1.355 -1.396 -1.482 -1.577 -1.680 -1.784 -1.904 -2.017 -2.068 -2.069 -2.010 -1.950 -2.007 -1.999 -1.787 -1.684 -1.595 -1.373 -1.141 -0.968 -0.857 -0.794 -0.746 -0.682 -0.584 -0.467 -0.371 -0.312 -0.282 -0.276 -0.292 -0.337 -0.412 -0.501
-0.372 -0.388 -0.405 -0.412 -0.426 -0.437 -0.453 -0.410 -0.414 -0.424 -0.429 -0.422 -0.414 -0.404 -0.385 -0.387 -0.398 -0.415 -0.434 -0.446 -0.429 -0.397 -0.385 -0.405 -0.445 -0.495 -0.576 -0.684 -0.810 -0.938 -1.080 -1.190 -1.276 -1.325 -1.336 -1.361 -1.336 -1.313 -1.355 -1.411 -1.432 -1.459 -1.535 -1.643 -1.752 -1.819 -1.872 -1.900 -1.910 -1.891 -1.828 -1.742 -1.730 -1.816 -1.784 -1.568 -1.374 -1.140 -0.922 -0.797 -0.734 -0.707 -0.683 -0.629 -0.530 -0.412 -0.325 -0.278 -0.261 -0.265 -0.289 -0.348 -0.432 -0.526
-0.424 -0.444 -0.464 -0.487 -0.511 -0.545 -0.535 -0.516 -0.511 -0.514 -0.509 -0.503 -0.496 -0.478 -0.478 -0.511 -0.547 -0.554 -0.545 -0.526 -0.508 -0.475 -0.489 -0.540 -0.600 -0.676 -0.779 -0.909 -1.044 -1.169 -1.277 -1.317 -1.380 -1.376 -1.347 -1.361 -1.329 -1.321 -1.372 -1.421 -1.470 -1.542 -1.590 -1.687 -1.787 -1.848 -1.840 -1.789 -1.730 -1.704 -1.640 -1.562 -1.552 -1.612 -1.630 -1.441 -1.123 -0.904 -0.756 -0.682 -0.654 -0.649 -0.637 -0.590 -0.492 -0.374 -0.295 -0.257 -0.250 -0.265 -0.299 -0.357 -0.438 -0.532
-0.469 -0.496 -0.519 -0.535 -0.578 -0.639 -0.609 -0.595 -0.599 -0.613 -0.604 -0.586 -0.574 -0.594 -0.633 -0.688 -0.716 -0.690 -0.659 -0.632 -0.604 -0.607 -0.659 -0.735 -0.832 -0.934 -1.048 -1.150 -1.250 -1.354 -1.429 -1.437 -1.453 -1.403 -1.350 -1.344 -1.313 -1.325 -1.366 -1.382 -1.443 -1.565 -1.637 -1.687 -1.735 -1.762 -1.767 -1.674 -1.560 -1.491 -1.477 -1.423 -1.414 -1.455 -1.420 -1.236 -0.937 -0.732 -0.638 -0.600 -0.597 -0.609 -0.605 -0.560 -0.466 -0.350 -0.278 -0.247 -0.246 -0.273 -0.320 -0.371 -0.428 -0.514
-0.476 -0.510 -0.536 -0.574 -0.680 -0.678 -0.663 -0.670 -0.663 -0.694 -0.705 -0.709 -0.728 -0.773 -0.822 -0.848 -0.829 -0.802 -0.792 -0.791 -0.813 -0.865 -0.940 -1.041 -1.161 -1.273 -1.368 -1.446 -1.482 -1.527 -1.559 -1.531 -1.532 -1.476 -1.414 -1.400 -1.330 -1.323 -1.368 -1.359 -1.401 -1.490 -1.555 -1.585 -1.622 -1.609 -1.597 -1.522 -1.432 -1.317 -1.260 -1.261 -1.269 -1.268 -1.209 -1.043 -0.815 -0.632 -0.563 -0.545 -0.552 -0.572 -0.574 -0.534 -0.449 -0.342 -0.272 -0.251 -0.256 -0.288 -0.342 -0.391 -0.423 -0.479
-0.485 -0.526 -0.586 -0.662 -0.715 -0.729 -0.738 -0.734 -0.766 -0.803 -0.842 -0.849 -0.885 -0.901 -0.918 -0.938 -0.943 -0.923 -0.957 -1.004 -1.122 -1.202 -1.304 -1.388 -1.475 -1.565 -1.619 -1.694 -1.729 -1.742 -1.693 -1.652 -1.653 -1.579 -1.529 -1.510 -1.407 -1.394 -1.426 -1.418 -1.430 -1.492 -1.496 -1.453 -1.454 -1.430 -1.411 -1.336 -1.281 -1.223 -1.098 -1.060 -1.088 -1.079 -1.022 -0.907 -0.749 -0.597 -0.524 -0.513 -0.522 -0.538 -0.543 -0.511 -0.442 -0.356 -0.292 -0.275 -0.288 -0.317 -0.361 -0.403 -0.427 -0.447
-0.494 -0.552 -0.622 -0.687 -0.719 -0.724 -0.741 -0.779 -0.829 -0.862 -0.918 -0.909 -0.952 -0.962 -0.978 -1.007 -1.054 -1.116 -1.190 -1.262 -1.372 -1.468 -1.586 -1.625 -1.708 -1.748 -1.744 -1.787 -1.808 -1.838 -1.792 -1.752 -1.719 -1.671 -1.684 -1.675 -1.593 -1.584 -1.592 -1.542 -1.533 -1.568 -1.576 -1.447 -1.354 -1.279 -1.232 -1.174 -1.098 -1.046 -0.991 -0.918 -0.927 -0.932 -0.896 -0.823 -0.724 -0.616 -0.538 -0.517 -0.521 -0.531 -0.531 -0.506 -0.461 -0.413 -0.375 -0.368 -0.386 -0.408 -0.412 -0.416 -0.426 -0.434
-0.509 -0.552 -0.599 -0.647 -0.673 -0.672 -0.714 -0.792 -0.828 -0.888 -0.935 -0.942 -1.007 -1.029 -1.066 -1.109 -1.199 -1.287 -1.363 -1.468 -1.538 -1.626 -1.711 -1.722 -1.805 -1.815 -1.790 -1.797 -1.772 -1.769 -1.754 -1.706 -1.640 -1.627 -1.666 -1.706 -1.665 -1.659 -1.636 -1.575 -1.545 -1.561 -1.598 -1.555 -1.418 -1.268 -1.112 -1.023 -0.946 -0.861 -0.827 -0.811 -0.818 -0.837 -0.832 -0.799 -0.760 -0.722 -0.676 -0.633 -0.615 -0.612 -0.603 -0.583 -0.559 -0.535 -0.507 -0.491 -0.503 -0.548 -0.572 -0.520 -0.453 -0.433
-0.434 -0.462 -0.500 -0.542 -0.579 -0.616 -0.691 -0.766 -0.803 -0.884 -0.933 -0.956 -1.038 -1.065 -1.092 -1.137 -1.214 -1.329 -1.420 -1.523 -1.568 -1.646 -1.694 -1.691 -1.755 -1.785 -1.763 -1.766 -1.726 -1.654 -1.626 -1.592 -1.559 -1.515 -1.499 -1.519 -1.516 -1.494 -1.431 -1.368 -1.370 -1.386 -1.409 -1.421 -1.391 -1.320 -1.132 -0.933 -0.804 -0.722 -0.683 -0.699 -0.724 -0.760 -0.801 -0.822 -0.829 -0.830 -0.804 -0.745 -0.699 -0.684 -0.677 -0.659 -0.630 -0.590 -0.538 -0.505 -0.507 -0.549 -0.643 -0.686 -0.610 -0.497
-0.318 -0.349 -0.385 -0.439 -0.514 -0.573 -0.654 -0.723 -0.777 -0.856 -0.903 -0.933 -1.006 -1.038 -1.071 -1.089 -1.169 -1.298 -1.411 -1.517 -1.556 -1.611 -1.648 -1.619 -1.655 -1.648 -1.607 -1.602 -1.552 -1.471 -1.449 -1.444 -1.414 -1.350 -1.354 -1.334 -1.322 -1.268 -1.197 -1.165 -1.158 -1.128 -1.061 -1.033 -1.048 -1.047 -1.039 -0.885 -0.691 -0.589 -0.571 -0.589 -0.619 -0.670 -0.752 -0.813 -0.833 -0.826 -0.786 -0.721 -0.664 -0.637 -0.633 -0.625 -0.602 -0.557 -0.510 -0.488 -0.487 -0.495 -0.555 -0.661 -0.671 -0.570
