AvaFrame/avaframe/data/avaSalk/Avaflow_Input_Output/slk_results/slk_ascii/slk_basechange0021.asc
ncols 296
nrows 144
xllcenter 761600.00
yllcenter 8523000.00
cellsize 12.50
NODATA_value -9999.000
[rows 66 to 98 of 144, columns 148 to 221 of 296]
0.000 0.000 0.000 0.000 0.000 0.000 0.000 0.000 0.000 0.000 0.000 0.000 0.000 0.000 0.000 0.000 0.000 0.000 0.000 0.000 0.000 0.000 0.000 0.000 0.000 -0.000 -0.000 -0.000 -0.000 -0.000 -0.000 -0.000 -0.000 -0.000 -0.000 -0.000 -0.000 -0.000 -0.000 -0.001 -0.001 -0.001 -0.002 -0.002 -0.004 -0.006 -0.009 -0.016 -0.029 -0.052 -0.090 -0.145 -0.225 -0.330 -0.438 -0.535 -0.614 -0.670 -0.712 -0.747 -0.782 -0.815 -0.859 -0.922 -1.010 -1.122 -1.283 -1.490 -1.694 -1.893 -2.082 -2.242 -2.356 -2.443
0.000 0.000 0.000 0.000 0.000 0.000 0.000 0.000 0.000 0.000 0.000 0.000 0.000 0.000 0.000 0.000 0.000 0.000 0.000 0.000 0.000 0.000 0.000 0.000 -0.000 -0.000 -0.000 -0.000 -0.000 -0.000 -0.000 -0.000 -0.000 -0.000 -0.000 -0.000 -0.000 -0.000 -0.001 -0.001 -0.001 -0.002 -0.003 -0.004 -0.007 -0.012 -0.022 -0.041 -0.073 -0.121 -0.187 -0.269 -0.363 -0.461 -0.548 -0.620 -0.679 -0.717 -0.740 -0.766 -0.802 -0.844 -0.905 -0.989 -1.104 -1.258 -1.456 -1.684 -1.911 -2.098 -2.247 -2.359 -2.442 -2.511
0.000 0.000 0.000 0.000 0.000 0.000 0.000 0.000 0.000 0.000 0.000 0.000 0.000 0.000 0.000 0.000 0.000 0.000 0.000 0.000 0.000 0.000 0.000 -0.000 -0.000 -0.000 -0.000 -0.000 -0.000 -0.000 -0.000 -0.000 -0.000 -0.000 -0.000 -0.000 -0.001 -0.001 -0.001 -0.002 -0.002 -0.004 -0.005 -0.009 -0.016 -0.029 -0.052 -0.091 -0.145 -0.216 -0.298 -0.390 -0.477 -0.553 -0.614 -0.660 -0.697 -0.727 -0.752 -0.786 -0.834 -0.896 -0.977 -1.096 -1.239 -1.430 -1.653 -1.864 -2.065 -2.247 -2.377 -2.453 -2.501 -2.556
0.000 0.000 0.000 0.000 0.000 0.000 0.000 0.000 0.000 0.000 0.000 0.000 0.000 0.000 0.000 0.000 0.000 0.000 0.000 0.000 0.000 0.000 -0.000 -0.000 -0.000 -0.000 -0.000 -0.000 -0.000 -0.000 -0.000 -0.000 -0.000 -0.000 -0.000 -0.001 -0.001 -0.001 -0.002 -0.003 -0.004 -0.007 -0.011 -0.019 -0.035 -0.061 -0.102 -0.159 -0.231 -0.312 -0.396 -0.477 -0.546 -0.600 -0.641 -0.673 -0.702 -0.731 -0.772 -0.822 -0.889 -0.973 -1.081 -1.232 -1.420 -1.626 -1.840 -2.041 -2.218 -2.357 -2.456 -2.527 -2.562 -2.559
0.000 0.000 0.000 0.000 0.000 0.000 0.000 0.000 0.000 0.000 0.000 0.000 0.000 0.000 0.000 0.000 0.000 0.000 0.000 0.000 -0.000 -0.000 -0.000 -0.000 -0.000 -0.000 -0.000 -0.000 -0.000 -0.000 -0.000 -0.000 -0.000 -0.000 -0.001 -0.001 -0.001 -0.002 -0.003 -0.005 -0.008 -0.013 -0.023 -0.041 -0.070 -0.113 -0.169 -0.240 -0.320 -0.400 -0.472 -0.533 -0.582 -0.618 -0.649 -0.681 -0.719 -0.765 -0.821 -0.889 -0.969 -1.076 -1.210 -1.389 -1.610 -1.836 -2.049 -2.223 -2.372 -2.475 -2.523 -2.568 -2.586 -2.523
0.000 0.000 0.000 0.000 0.000 0.000 0.000 0.000 0.000 0.000 0.000 0.000 0.000 -0.000 -0.000 0.000 0.000 0.000 -0.000 -0.000 -0.000 -0.000 -0.000 -0.000 -0.000 -0.000 -0.000 -0.000 -0.000 -0.000 -0.000 -0.000 -0.001 -0.001 -0.001 -0.002 -0.002 -0.003 -0.005 -0.009 -0.014 -0.026 -0.046 -0.077 -0.122 -0.180 -0.252 -0.330 -0.405 -0.472 -0.527 -0.572 -0.612 -0.646 -0.682 -0.720 -0.763 -0.817 -0.895 -0.982 -1.080 -1.200 -1.360 -1.567 -1.800 -2.057 -2.288 -2.429 -2.514 -2.581 -2.585 -2.562 -2.524 -2.408
0.000 0.000 0.000 0.000 0.000 0.000 0.000 0.000 0.000 -0.000 -0.000 -0.000 -0.000 -0.000 -0.000 -0.000 -0.000 -0.000 -0.000 -0.000 -0.000 -0.000 -0.000 -0.000 -0.000 -0.000 -0.000 -0.000 -0.000 -0.001 -0.001 -0.001 -0.001 -0.001 -0.002 -0.003 -0.004 -0.006 -0.010 -0.016 -0.028 -0.050 -0.084 -0.130 -0.190 -0.259 -0.335 -0.411 -0.477 -0.527 -0.570 -0.611 -0.648 -0.684 -0.725 -0.773 -0.823 -0.887 -0.992 -1.102 -1.212 -1.347 -1.534 -1.781 -2.044 -2.288 -2.503 -2.595 -2.609 -2.609 -2.574 -2.471 -2.355 -2.168
-0.000 0.000 0.000 0.000 -0.000 -0.000 0.000 0.000 -0.000 -0.000 -0.000 -0.000 -0.000 -0.000 -0.000 -0.000 -0.000 -0.000 -0.000 -0.000 -0.000 -0.000 -0.000 -0.000 -0.000 -0.000 -0.000 -0.001 -0.001 -0.001 -0.001 -0.001 -0.002 -0.002 -0.003 -0.004 -0.007 -0.011 -0.018 -0.031 -0.054 -0.090 -0.139 -0.199 -0.269 -0.340 -0.410 -0.472 -0.530 -0.578 -0.616 -0.657 -0.695 -0.735 -0.783 -0.840 -0.906 -0.989 -1.113 -1.241 -1.373 -1.542 -1.792 -2.102 -2.383 -2.575 -2.689 -2.699 -2.618 -2.539 -2.439 -2.298 -2.106 -1.843
-0.000 -0.000 -0.000 -0.000 -0.000 -0.000 -0.000 -0.000 -0.000 -0.000 -0.000 -0.000 -0.000 -0.000 -0.000 -0.000 -0.000 -0.000 -0.000 -0.000 -0.000 -0.000 -0.001 -0.001 -0.001 -0.001 -0.001 -0.001 -0.001 -0.001 -0.002 -0.002 -0.003 -0.004 -0.005 -0.008 -0.012 -0.020 -0.034 -0.059 -0.097 -0.147 -0.207 -0.277 -0.347 -0.415 -0.477 -0.528 -0.577 -0.625 -0.669 -0.712 -0.758 -0.803 -0.862 -0.930 -1.008 -1.113 -1.252 -1.411 -1.592 -1.851 -2.224 -2.555 -2.743 -2.770 -2.738 -2.674 -2.559 -2.425 -2.261 -2.056 -1.803 -1.521
-0.000 -0.000 -0.000 -0.000 -0.000 -0.000 -0.000 -0.000 -0.000 -0.000 -0.000 -0.000 -0.000 -0.000 -0.000 -0.000 -0.000 -0.000 -0.000 -0.000 -0.001 -0.001 -0.003 -0.004 -0.004 -0.005 -0.004 -0.004 -0.003 -0.003 -0.003 -0.003 -0.004 -0.006 -0.009 -0.013 -0.022 -0.037 -0.063 -0.102 -0.154 -0.216 -0.282 -0.351 -0.419 -0.480 -0.536 -0.586 -0.636 -0.685 -0.731 -0.779 -0.832 -0.889 -0.954 -1.031 -1.129 -1.262 -1.430 -1.662 -1.973 -2.362 -2.708 -2.871 -2.853 -2.719 -2.577 -2.459 -2.385 -2.243 -2.012 -1.770 -1.490 -1.247
-0.000 -0.000 -0.000 -0.000 -0.000 -0.000 -0.000 -0.000 -0.000 -0.000 -0.001 -0.001 -0.002 -0.002 -0.002 -0.001 -0.001 -0.001 -0.001 -0.001 -0.003 -0.004 -0.005 -0.006 -0.007 -0.008 -0.009 -0.010 -0.009 -0.006 -0.005 -0.006 -0.008 -0.011 -0.016 -0.024 -0.040 -0.067 -0.107 -0.160 -0.222 -0.289 -0.359 -0.424 -0.487 -0.546 -0.599 -0.654 -0.709 -0.762 -0.814 -0.863 -0.919 -0.978 -1.049 -1.144 -1.280 -1.465 -1.718 -2.057 -2.467 -2.823 -2.923 -2.806 -2.618 -2.415 -2.277 -2.202 -2.128 -1.984 -1.704 -1.445 -1.217 -1.039
-0.000 -0.000 -0.000 -0.000 -0.000 -0.000 -0.000 -0.000 -0.000 -0.001 -0.002 -0.007 -0.011 -0.012 -0.010 -0.006 -0.004 -0.004 -0.004 -0.006 -0.008 -0.008 -0.006 -0.006 -0.007 -0.008 -0.010 -0.016 -0.019 -0.016 -0.012 -0.013 -0.016 -0.021 -0.031 -0.048 -0.075 -0.115 -0.167 -0.229 -0.297 -0.366 -0.433 -0.496 -0.557 -0.619 -0.679 -0.740 -0.795 -0.845 -0.894 -0.952 -1.013 -1.078 -1.159 -1.292 -1.488 -1.763 -2.121 -2.481 -2.739 -2.872 -2.760 -2.492 -2.254 -2.091 -2.016 -1.989 -1.911 -1.694 -1.407 -1.172 -1.007 -0.905
-0.001 -0.001 -0.001 -0.001 -0.001 -0.001 -0.001 -0.001 -0.002 -0.003 -0.009 -0.016 -0.018 -0.020 -0.021 -0.019 -0.017 -0.016 -0.016 -0.016 -0.013 -0.010 -0.007 -0.007 -0.009 -0.009 -0.010 -0.020 -0.032 -0.034 -0.030 -0.029 -0.034 -0.043 -0.061 -0.090 -0.131 -0.184 -0.248 -0.315 -0.380 -0.445 -0.508 -0.570 -0.636 -0.707 -0.774 -0.838 -0.887 -0.923 -0.967 -1.033 -1.104 -1.190 -1.311 -1.503 -1.780 -2.123 -2.467 -2.684 -2.734 -2.663 -2.462 -2.192 -2.017 -1.928 -1.858 -1.799 -1.655 -1.403 -1.156 -0.982 -0.880 -0.826
-0.006 -0.005 -0.005 -0.005 -0.005 -0.005 -0.006 -0.007 -0.010 -0.019 -0.029 -0.026 -0.014 -0.016 -0.021 -0.025 -0.027 -0.027 -0.023 -0.016 -0.011 -0.007 -0.009 -0.010 -0.010 -0.014 -0.021 -0.031 -0.049 -0.057 -0.051 -0.049 -0.057 -0.073 -0.101 -0.143 -0.201 -0.270 -0.347 -0.421 -0.482 -0.536 -0.595 -0.661 -0.733 -0.810 -0.873 -0.916 -0.955 -0.990 -1.034 -1.109 -1.213 -1.329 -1.516 -1.799 -2.127 -2.445 -2.633 -2.668 -2.577 -2.387 -2.162 -1.990 -1.879 -1.792 -1.695 -1.576 -1.401 -1.161 -0.963 -0.845 -0.784 -0.762
-0.049 -0.043 -0.038 -0.037 -0.039 -0.040 -0.040 -0.044 -0.054 -0.067 -0.068 -0.044 -0.018 -0.016 -0.019 -0.021 -0.021 -0.020 -0.017 -0.012 -0.011 -0.011 -0.012 -0.013 -0.013 -0.026 -0.044 -0.055 -0.073 -0.080 -0.067 -0.063 -0.078 -0.107 -0.149 -0.204 -0.273 -0.353 -0.440 -0.525 -0.591 -0.653 -0.719 -0.786 -0.854 -0.913 -0.957 -0.982 -1.007 -1.048 -1.107 -1.199 -1.342 -1.540 -1.799 -2.127 -2.420 -2.596 -2.635 -2.531 -2.331 -2.129 -1.975 -1.860 -1.767 -1.662 -1.527 -1.369 -1.182 -0.988 -0.839 -0.750 -0.705 -0.697
-0.119 -0.123 -0.122 -0.120 -0.121 -0.121 -0.115 -0.102 -0.097 -0.095 -0.082 -0.055 -0.033 -0.026 -0.022 -0.017 -0.017 -0.018 -0.019 -0.018 -0.017 -0.020 -0.020 -0.020 -0.026 -0.041 -0.062 -0.086 -0.103 -0.100 -0.083 -0.082 -0.107 -0.151 -0.212 -0.283 -0.360 -0.441 -0.529 -0.630 -0.716 -0.787 -0.866 -0.928 -0.968 -0.993 -1.009 -1.028 -1.063 -1.116 -1.202 -1.337 -1.536 -1.807 -2.114 -2.383 -2.550 -2.587 -2.494 -2.314 -2.111 -1.951 -1.843 -1.749 -1.645 -1.517 -1.361 -1.192 -1.017 -0.859 -0.744 -0.671 -0.631 -0.632
-0.097 -0.109 -0.126 -0.136 -0.131 -0.127 -0.122 -0.102 -0.074 -0.055 -0.045 -0.041 -0.043 -0.039 -0.035 -0.029 -0.031 -0.033 -0.037 -0.034 -0.024 -0.027 -0.037 -0.042 -0.046 -0.052 -0.070 -0.107 -0.125 -0.113 -0.102 -0.119 -0.158 -0.219 -0.297 -0.381 -0.470 -0.561 -0.651 -0.762 -0.883 -0.952 -1.000 -1.042 -1.062 -1.065 -1.061 -1.081 -1.126 -1.212 -1.335 -1.528 -1.794 -2.076 -2.324 -2.492 -2.532 -2.470 -2.313 -2.123 -1.960 -1.831 -1.729 -1.626 -1.509 -1.359 -1.199 -1.035 -0.886 -0.756 -0.656 -0.590 -0.555 -0.568
-0.045 -0.037 -0.039 -0.067 -0.083 -0.073 -0.065 -0.059 -0.033 -0.014 -0.018 -0.030 -0.047 -0.055 -0.059 -0.060 -0.059 -0.053 -0.055 -0.053 -0.048 -0.048 -0.054 -0.063 -0.063 -0.064 -0.080 -0.122 -0.141 -0.125 -0.127 -0.169 -0.229 -0.306 -0.397 -0.492 -0.593 -0.696 -0.795 -0.907 -1.046 -1.131 -1.141 -1.139 -1.144 -1.150 -1.152 -1.176 -1.239 -1.347 -1.545 -1.796 -2.060 -2.286 -2.429 -2.459 -2.418 -2.293 -2.135 -1.974 -1.838 -1.726 -1.616 -1.494 -1.357 -1.203 -1.043 -0.894 -0.759 -0.650 -0.566 -0.508 -0.481 -0.507
-0.059 -0.037 -0.020 -0.014 -0.019 -0.027 -0.024 -0.014 -0.009 -0.009 -0.017 -0.031 -0.034 -0.059 -0.085 -0.080 -0.079 -0.070 -0.067 -0.063 -0.068 -0.071 -0.083 -0.091 -0.086 -0.083 -0.101 -0.141 -0.159 -0.155 -0.178 -0.239 -0.317 -0.407 -0.513 -0.626 -0.741 -0.849 -0.944 -1.038 -1.142 -1.220 -1.233 -1.221 -1.221 -1.246 -1.277 -1.330 -1.445 -1.584 -1.803 -2.064 -2.300 -2.387 -2.400 -2.348 -2.253 -2.129 -1.991 -1.849 -1.713 -1.598 -1.485 -1.357 -1.205 -1.050 -0.901 -0.763 -0.643 -0.547 -0.478 -0.433 -0.420 -0.460
-0.118 -0.102 -0.056 -0.036 -0.035 -0.034 -0.033 -0.029 -0.027 -0.027 -0.026 -0.025 -0.022 -0.026 -0.041 -0.053 -0.058 -0.057 -0.059 -0.066 -0.074 -0.081 -0.103 -0.128 -0.123 -0.120 -0.136 -0.168 -0.184 -0.210 -0.263 -0.339 -0.432 -0.540 -0.651 -0.780 -0.906 -1.016 -1.084 -1.136 -1.195 -1.242 -1.261 -1.281 -1.310 -1.370 -1.436 -1.528 -1.694 -1.928 -2.121 -2.246 -2.354 -2.394 -2.295 -2.192 -2.104 -1.996 -1.873 -1.727 -1.581 -1.450 -1.331 -1.202 -1.055 -0.904 -0.768 -0.644 -0.539 -0.459 -0.405 -0.377 -0.381 -0.434
-0.133 -0.180 -0.187 -0.120 -0.073 -0.072 -0.072 -0.071 -0.068 -0.067 -0.069 -0.070 -0.069 -0.068 -0.060 -0.052 -0.052 -0.063 -0.077 -0.088 -0.100 -0.104 -0.134 -0.173 -0.180 -0.175 -0.174 -0.199 -0.228 -0.284 -0.369 -0.465 -0.575 -0.700 -0.828 -0.949 -1.058 -1.143 -1.178 -1.202 -1.234 -1.245 -1.271 -1.328 -1.411 -1.526 -1.650 -1.751 -1.922 -2.147 -2.328 -2.406 -2.303 -2.252 -2.168 -2.043 -1.972 -1.889 -1.754 -1.585 -1.417 -1.277 -1.157 -1.038 -0.899 -0.759 -0.636 -0.529 -0.445 -0.388 -0.354 -0.344 -0.365 -0.431
-0.176 -0.182 -0.223 -0.312 -0.207 -0.130 -0.131 -0.131 -0.129 -0.131 -0.139 -0.141 -0.140 -0.138 -0.132 -0.127 -0.126 -0.126 -0.127 -0.146 -0.149 -0.161 -0.200 -0.225 -0.232 -0.227 -0.216 -0.253 -0.315 -0.394 -0.500 -0.622 -0.758 -0.888 -1.006 -1.088 -1.152 -1.199 -1.222 -1.242 -1.273 -1.277 -1.312 -1.390 -1.514 -1.650 -1.836 -1.964 -2.083 -2.207 -2.299 -2.403 -2.299 -2.067 -2.002 -1.929 -1.860 -1.770 -1.610 -1.406 -1.228 -1.091 -0.987 -0.888 -0.768 -0.640 -0.525 -0.433 -0.369 -0.335 -0.323 -0.330 -0.369 -0.446
-0.262 -0.257 -0.252 -0.285 -0.365 -0.276 -0.206 -0.208 -0.209 -0.226 -0.234 -0.234 -0.228 -0.220 -0.215 -0.213 -0.205 -0.200 -0.214 -0.230 -0.239 -0.252 -0.278 -0.287 -0.287 -0.285 -0.288 -0.353 -0.447 -0.556 -0.673 -0.812 -0.955 -1.080 -1.168 -1.212 -1.229 -1.248 -1.245 -1.263 -1.308 -1.345 -1.408 -1.497 -1.620 -1.740 -1.917 -2.075 -2.157 -2.195 -2.177 -2.227 -2.295 -2.037 -1.852 -1.837 -1.770 -1.617 -1.415 -1.205 -1.042 -0.929 -0.853 -0.775 -0.670 -0.548 -0.441 -0.363 -0.317 -0.299 -0.304 -0.332 -0.390 -0.473
-0.334 -0.340 -0.353 -0.341 -0.360 -0.401 -0.329 -0.310 -0.310 -0.322 -0.333 -0.336 -0.324 -0.315 -0.313 -0.300 -0.297 -0.305 -0.325 -0.351 -0.355 -0.342 -0.341 -0.343 -0.355 -0.375 -0.413 -0.493 -0.606 -0.747 -0.893 -1.030 -1.141 -1.237 -1.292 -1.315 -1.314 -1.307 -1.315 -1.336 -1.368 -1.410 -1.497 -1.590 -1.691 -1.799 -1.917 -2.033 -2.084 -2.086 -2.029 -1.970 -2.058 -2.078 -1.840 -1.721 -1.635 -1.408 -1.170 -0.990 -0.874 -0.807 -0.759 -0.696 -0.596 -0.474 -0.375 -0.315 -0.284 -0.277 -0.293 -0.338 -0.414 -0.504
-0.377 -0.394 -0.412 -0.418 -0.432 -0.441 -0.461 -0.415 -0.418 -0.429 -0.436 -0.428 -0.421 -0.410 -0.390 -0.393 -0.409 -0.434 -0.457 -0.473 -0.452 -0.415 -0.398 -0.416 -0.456 -0.505 -0.587 -0.695 -0.825 -0.957 -1.102 -1.211 -1.303 -1.349 -1.361 -1.392 -1.360 -1.339 -1.385 -1.435 -1.453 -1.479 -1.553 -1.659 -1.766 -1.832 -1.884 -1.910 -1.921 -1.902 -1.842 -1.754 -1.751 -1.873 -1.854 -1.612 -1.407 -1.168 -0.942 -0.812 -0.746 -0.719 -0.696 -0.642 -0.542 -0.419 -0.329 -0.280 -0.262 -0.266 -0.290 -0.349 -0.434 -0.530
-0.435 -0.454 -0.471 -0.490 -0.513 -0.552 -0.541 -0.521 -0.516 -0.518 -0.516 -0.509 -0.501 -0.482 -0.486 -0.525 -0.569 -0.582 -0.575 -0.552 -0.531 -0.490 -0.499 -0.549 -0.610 -0.687 -0.791 -0.924 -1.062 -1.188 -1.299 -1.338 -1.405 -1.399 -1.372 -1.390 -1.350 -1.348 -1.402 -1.441 -1.497 -1.568 -1.612 -1.708 -1.806 -1.865 -1.855 -1.801 -1.739 -1.713 -1.649 -1.573 -1.564 -1.648 -1.691 -1.496 -1.150 -0.923 -0.770 -0.692 -0.663 -0.660 -0.650 -0.604 -0.505 -0.381 -0.298 -0.258 -0.251 -0.266 -0.301 -0.359 -0.440 -0.537
-0.477 -0.504 -0.525 -0.538 -0.582 -0.647 -0.616 -0.602 -0.604 -0.618 -0.609 -0.591 -0.579 -0.604 -0.649 -0.715 -0.752 -0.725 -0.689 -0.657 -0.623 -0.621 -0.673 -0.747 -0.846 -0.950 -1.064 -1.169 -1.267 -1.371 -1.446 -1.455 -1.474 -1.418 -1.368 -1.364 -1.327 -1.346 -1.387 -1.397 -1.465 -1.586 -1.659 -1.707 -1.756 -1.781 -1.788 -1.692 -1.571 -1.499 -1.485 -1.432 -1.425 -1.484 -1.473 -1.292 -0.970 -0.746 -0.648 -0.608 -0.605 -0.619 -0.619 -0.576 -0.479 -0.358 -0.281 -0.249 -0.247 -0.274 -0.321 -0.372 -0.430 -0.518
-0.479 -0.513 -0.539 -0.577 -0.689 -0.687 -0.671 -0.682 -0.672 -0.701 -0.717 -0.722 -0.744 -0.797 -0.854 -0.881 -0.863 -0.833 -0.817 -0.816 -0.835 -0.888 -0.963 -1.063 -1.190 -1.301 -1.393 -1.473 -1.504 -1.545 -1.576 -1.545 -1.548 -1.489 -1.429 -1.418 -1.345 -1.337 -1.385 -1.373 -1.413 -1.503 -1.569 -1.601 -1.640 -1.626 -1.619 -1.541 -1.448 -1.325 -1.263 -1.266 -1.279 -1.293 -1.256 -1.097 -0.856 -0.648 -0.571 -0.552 -0.560 -0.581 -0.588 -0.550 -0.464 -0.351 -0.276 -0.253 -0.257 -0.290 -0.344 -0.392 -0.425 -0.482
-0.494 -0.535 -0.598 -0.676 -0.728 -0.745 -0.754 -0.751 -0.783 -0.817 -0.864 -0.873 -0.907 -0.927 -0.946 -0.962 -0.972 -0.945 -0.978 -1.031 -1.153 -1.235 -1.337 -1.420 -1.509 -1.595 -1.648 -1.727 -1.758 -1.767 -1.718 -1.669 -1.672 -1.600 -1.546 -1.530 -1.429 -1.410 -1.444 -1.438 -1.442 -1.511 -1.517 -1.467 -1.467 -1.446 -1.429 -1.352 -1.297 -1.236 -1.103 -1.061 -1.096 -1.098 -1.060 -0.957 -0.796 -0.624 -0.535 -0.521 -0.530 -0.548 -0.557 -0.527 -0.459 -0.370 -0.299 -0.280 -0.292 -0.320 -0.363 -0.405 -0.429 -0.450
-0.504 -0.564 -0.635 -0.701 -0.737 -0.740 -0.754 -0.801 -0.849 -0.880 -0.944 -0.929 -0.968 -0.981 -0.989 -1.022 -1.070 -1.133 -1.210 -1.284 -1.395 -1.494 -1.615 -1.653 -1.738 -1.771 -1.767 -1.812 -1.829 -1.864 -1.820 -1.775 -1.749 -1.703 -1.715 -1.709 -1.628 -1.614 -1.621 -1.571 -1.556 -1.595 -1.609 -1.470 -1.371 -1.295 -1.244 -1.185 -1.111 -1.056 -0.999 -0.920 -0.933 -0.950 -0.931 -0.871 -0.777 -0.661 -0.566 -0.536 -0.539 -0.549 -0.551 -0.529 -0.487 -0.439 -0.400 -0.390 -0.406 -0.424 -0.420 -0.420 -0.430 -0.438
-0.525 -0.567 -0.613 -0.664 -0.692 -0.681 -0.724 -0.812 -0.842 -0.909 -0.958 -0.955 -1.023 -1.040 -1.072 -1.115 -1.213 -1.297 -1.372 -1.483 -1.553 -1.644 -1.730 -1.742 -1.826 -1.833 -1.807 -1.812 -1.786 -1.783 -1.772 -1.725 -1.663 -1.654 -1.693 -1.741 -1.703 -1.691 -1.666 -1.602 -1.567 -1.589 -1.627 -1.585 -1.443 -1.288 -1.123 -1.030 -0.954 -0.867 -0.832 -0.814 -0.826 -0.856 -0.868 -0.852 -0.829 -0.797 -0.744 -0.687 -0.659 -0.653 -0.644 -0.625 -0.603 -0.578 -0.545 -0.523 -0.533 -0.581 -0.605 -0.542 -0.463 -0.439
-0.452 -0.476 -0.512 -0.555 -0.589 -0.622 -0.702 -0.783 -0.813 -0.904 -0.954 -0.970 -1.056 -1.076 -1.100 -1.143 -1.221 -1.341 -1.432 -1.537 -1.581 -1.661 -1.708 -1.705 -1.768 -1.799 -1.777 -1.782 -1.741 -1.665 -1.640 -1.607 -1.574 -1.530 -1.511 -1.534 -1.533 -1.510 -1.445 -1.380 -1.381 -1.403 -1.429 -1.442 -1.415 -1.345 -1.151 -0.944 -0.809 -0.727 -0.685 -0.700 -0.730 -0.777 -0.836 -0.877 -0.898 -0.906 -0.877 -0.806 -0.748 -0.728 -0.719 -0.700 -0.669 -0.624 -0.565 -0.526 -0.525 -0.570 -0.678 -0.729 -0.645 -0.517
-0.332 -0.359 -0.392 -0.445 -0.523 -0.579 -0.665 -0.737 -0.786 -0.873 -0.920 -0.947 -1.023 -1.054 -1.085 -1.099 -1.180 -1.313 -1.429 -1.540 -1.578 -1.632 -1.670 -1.636 -1.672 -1.668 -1.623 -1.619 -1.569 -1.483 -1.465 -1.463 -1.431 -1.361 -1.370 -1.352 -1.341 -1.285 -1.205 -1.172 -1.169 -1.142 -1.070 -1.039 -1.063 -1.058 -1.056 -0.901 -0.698 -0.591 -0.571 -0.590 -0.624 -0.680 -0.775 -0.853 -0.881 -0.878 -0.839 -0.769 -0.703 -0.671 -0.664 -0.655 -0.629 -0.580 -0.530 -0.505 -0.501 -0.508 -0.573 -0.693 -0.706 -0.595
