AvaFrame/avaframe/data/avaSalk/Avaflow_Input_Output/slk_results/slk_ascii/slk_basechange0007.asc
ncols 296
nrows 144
xllcenter 761600.00
yllcenter 8523000.00
cellsize 12.50
NODATA_value -9999.000
[rows 66 to 98 of 144, columns 148 to 221 of 296]
0.000 0.000 0.000 0.000 0.000 0.000 0.000 0.000 0.000 0.000 0.000 0.000 0.000 0.000 0.000 0.000 0.000 0.000 0.000 0.000 0.000 0.000 0.000 0.000 0.000 -0.000 -0.000 -0.000 -0.000 -0.000 -0.000 -0.000 -0.000 -0.000 -0.000 -0.000 -0.000 -0.000 -0.000 -0.000 -0.001 -0.001 -0.001 -0.002 -0.003 -0.005 -0.008 -0.015 -0.027 -0.050 -0.088 -0.143 -0.223 -0.328 -0.436 -0.533 -0.611 -0.667 -0.708 -0.742 -0.777 -0.808 -0.851 -0.913 -0.998 -1.107 -1.261 -1.458 -1.644 -1.813 -1.950 -2.030 -2.035 -1.994
0.000 0.000 0.000 0.000 0.000 0.000 0.000 0.000 0.000 0.000 0.000 0.000 0.000 0.000 0.000 0.000 0.000 0.000 0.000 0.000 0.000 0.000 0.000 0.000 0.000 -0.000 -0.000 -0.000 -0.000 -0.000 -0.000 -0.000 -0.000 -0.000 -0.000 -0.000 -0.000 -0.000 -0.000 -0.001 -0.001 -0.002 -0.002 -0.004 -0.006 -0.011 -0.021 -0.039 -0.071 -0.119 -0.185 -0.267 -0.361 -0.459 -0.545 -0.617 -0.675 -0.713 -0.735 -0.760 -0.795 -0.836 -0.895 -0.977 -1.087 -1.235 -1.422 -1.632 -1.826 -1.959 -2.026 -2.026 -1.982 -1.921
0.000 0.000 0.000 0.000 0.000 0.000 0.000 0.000 0.000 0.000 0.000 0.000 0.000 0.000 0.000 0.000 0.000 0.000 0.000 0.000 0.000 0.000 0.000 0.000 -0.000 -0.000 -0.000 -0.000 -0.000 -0.000 -0.000 -0.000 -0.000 -0.000 -0.000 -0.000 -0.000 -0.000 -0.001 -0.001 -0.002 -0.003 -0.005 -0.008 -0.015 -0.027 -0.051 -0.089 -0.144 -0.214 -0.296 -0.388 -0.475 -0.551 -0.611 -0.656 -0.693 -0.722 -0.746 -0.779 -0.825 -0.886 -0.964 -1.078 -1.214 -1.394 -1.598 -1.777 -1.922 -2.016 -2.032 -1.981 -1.903 -1.840
0.000 0.000 0.000 0.000 0.000 0.000 0.000 0.000 0.000 0.000 0.000 0.000 0.000 0.000 0.000 0.000 0.000 0.000 0.000 0.000 0.000 0.000 0.000 -0.000 -0.000 -0.000 -0.000 -0.000 -0.000 -0.000 -0.000 -0.000 -0.000 -0.000 -0.000 -0.000 -0.001 -0.001 -0.001 -0.002 -0.003 -0.006 -0.010 -0.018 -0.033 -0.059 -0.100 -0.157 -0.229 -0.309 -0.394 -0.474 -0.543 -0.597 -0.638 -0.669 -0.696 -0.724 -0.764 -0.813 -0.878 -0.959 -1.061 -1.205 -1.382 -1.569 -1.751 -1.896 -1.986 -2.005 -1.970 -1.912 -1.838 -1.753
0.000 0.000 0.000 0.000 0.000 0.000 0.000 0.000 0.000 0.000 0.000 0.000 0.000 0.000 0.000 0.000 0.000 0.000 0.000 0.000 0.000 0.000 -0.000 -0.000 -0.000 -0.000 -0.000 -0.000 -0.000 -0.000 -0.000 -0.000 -0.000 -0.000 -0.000 -0.001 -0.001 -0.002 -0.002 -0.004 -0.007 -0.012 -0.021 -0.039 -0.068 -0.111 -0.167 -0.238 -0.318 -0.397 -0.469 -0.530 -0.578 -0.614 -0.644 -0.675 -0.712 -0.757 -0.811 -0.877 -0.954 -1.055 -1.182 -1.349 -1.550 -1.741 -1.897 -1.985 -2.014 -1.977 -1.895 -1.829 -1.769 -1.679
0.000 0.000 0.000 0.000 0.000 0.000 0.000 0.000 0.000 0.000 0.000 0.000 0.000 0.000 0.000 0.000 0.000 0.000 0.000 0.000 0.000 -0.000 -0.000 -0.000 -0.000 -0.000 -0.000 -0.000 -0.000 -0.000 -0.000 -0.000 -0.000 -0.000 -0.001 -0.001 -0.002 -0.003 -0.004 -0.008 -0.013 -0.024 -0.044 -0.076 -0.120 -0.178 -0.250 -0.328 -0.403 -0.469 -0.524 -0.568 -0.607 -0.641 -0.676 -0.712 -0.754 -0.806 -0.882 -0.965 -1.058 -1.171 -1.319 -1.507 -1.707 -1.898 -2.034 -2.056 -1.997 -1.927 -1.830 -1.747 -1.679 -1.587
0.000 0.000 0.000 0.000 0.000 0.000 0.000 0.000 0.000 0.000 0.000 0.000 0.000 0.000 0.000 0.000 -0.000 -0.000 0.000 -0.000 -0.000 -0.000 -0.000 -0.000 -0.000 -0.000 -0.000 -0.000 -0.000 -0.000 -0.000 -0.000 -0.001 -0.001 -0.001 -0.002 -0.003 -0.005 -0.009 -0.015 -0.027 -0.048 -0.082 -0.128 -0.188 -0.256 -0.333 -0.408 -0.474 -0.524 -0.566 -0.606 -0.642 -0.677 -0.717 -0.763 -0.812 -0.872 -0.973 -1.077 -1.180 -1.304 -1.471 -1.684 -1.883 -2.016 -2.101 -2.062 -1.938 -1.839 -1.749 -1.642 -1.548 -1.435
-0.000 0.000 0.000 0.000 -0.000 -0.000 0.000 0.000 0.000 0.000 -0.000 -0.000 -0.000 -0.000 -0.000 -0.000 -0.000 -0.000 -0.000 -0.000 -0.000 -0.000 -0.000 -0.000 -0.000 -0.000 -0.000 -0.000 -0.000 -0.000 -0.000 -0.001 -0.001 -0.001 -0.002 -0.004 -0.006 -0.010 -0.017 -0.030 -0.053 -0.088 -0.137 -0.197 -0.266 -0.338 -0.407 -0.469 -0.526 -0.573 -0.610 -0.650 -0.688 -0.726 -0.772 -0.828 -0.890 -0.969 -1.086 -1.204 -1.324 -1.470 -1.678 -1.908 -2.069 -2.111 -2.096 -1.999 -1.841 -1.723 -1.619 -1.510 -1.390 -1.247
-0.000 -0.000 -0.000 -0.000 -0.000 -0.000 -0.000 -0.000 -0.000 -0.000 -0.000 -0.000 -0.000 -0.000 -0.000 -0.000 -0.000 -0.000 -0.000 -0.000 -0.000 -0.000 -0.000 -0.000 -0.000 -0.000 -0.000 -0.000 -0.000 -0.001 -0.001 -0.001 -0.002 -0.003 -0.004 -0.006 -0.011 -0.018 -0.032 -0.057 -0.095 -0.145 -0.205 -0.274 -0.344 -0.412 -0.473 -0.524 -0.572 -0.620 -0.662 -0.704 -0.748 -0.791 -0.848 -0.913 -0.987 -1.084 -1.211 -1.353 -1.507 -1.711 -1.963 -2.137 -2.179 -2.108 -2.003 -1.876 -1.731 -1.606 -1.484 -1.358 -1.220 -1.068
-0.000 -0.000 -0.000 -0.000 -0.000 -0.000 -0.000 -0.000 -0.000 -0.000 -0.000 -0.000 -0.000 -0.000 -0.000 -0.000 -0.000 -0.000 -0.000 -0.000 -0.000 -0.000 -0.000 -0.000 -0.000 -0.000 -0.000 -0.000 -0.001 -0.001 -0.001 -0.002 -0.003 -0.005 -0.007 -0.012 -0.020 -0.035 -0.061 -0.100 -0.151 -0.213 -0.279 -0.348 -0.416 -0.476 -0.532 -0.581 -0.629 -0.677 -0.722 -0.767 -0.819 -0.873 -0.935 -1.007 -1.097 -1.217 -1.363 -1.556 -1.792 -2.038 -2.205 -2.232 -2.149 -1.992 -1.827 -1.675 -1.577 -1.467 -1.327 -1.195 -1.044 -0.910
-0.000 -0.000 -0.000 -0.000 -0.000 -0.000 -0.000 -0.000 -0.000 -0.000 -0.000 -0.000 -0.000 -0.000 -0.000 -0.000 -0.000 -0.000 -0.000 -0.000 -0.000 -0.000 -0.000 -0.000 -0.000 -0.000 -0.001 -0.001 -0.001 -0.002 -0.002 -0.003 -0.005 -0.008 -0.013 -0.022 -0.038 -0.065 -0.105 -0.157 -0.219 -0.286 -0.355 -0.420 -0.483 -0.541 -0.593 -0.646 -0.699 -0.750 -0.801 -0.848 -0.902 -0.958 -1.024 -1.110 -1.232 -1.390 -1.590 -1.831 -2.085 -2.273 -2.273 -2.144 -1.967 -1.759 -1.591 -1.478 -1.392 -1.300 -1.149 -1.011 -0.890 -0.789
-0.000 -0.000 -0.000 -0.000 -0.000 -0.000 -0.000 -0.000 -0.000 -0.000 -0.000 -0.000 -0.000 -0.000 -0.000 -0.000 -0.000 -0.000 -0.000 -0.000 -0.000 -0.000 -0.000 -0.000 -0.001 -0.001 -0.002 -0.002 -0.003 -0.003 -0.004 -0.006 -0.009 -0.014 -0.024 -0.040 -0.068 -0.109 -0.162 -0.225 -0.293 -0.362 -0.429 -0.491 -0.551 -0.613 -0.671 -0.730 -0.782 -0.829 -0.876 -0.931 -0.990 -1.051 -1.123 -1.240 -1.406 -1.623 -1.866 -2.071 -2.190 -2.243 -2.124 -1.880 -1.654 -1.477 -1.373 -1.317 -1.253 -1.136 -0.986 -0.860 -0.769 -0.710
-0.000 -0.000 -0.000 -0.000 -0.000 -0.000 -0.000 -0.000 -0.000 -0.000 -0.000 -0.000 -0.000 -0.000 -0.000 -0.000 -0.000 -0.000 -0.000 -0.000 -0.000 -0.000 -0.001 -0.001 -0.002 -0.002 -0.003 -0.004 -0.005 -0.006 -0.008 -0.011 -0.016 -0.026 -0.043 -0.072 -0.113 -0.168 -0.233 -0.302 -0.371 -0.438 -0.502 -0.564 -0.628 -0.698 -0.763 -0.823 -0.870 -0.904 -0.946 -1.007 -1.073 -1.150 -1.254 -1.414 -1.631 -1.864 -2.055 -2.148 -2.142 -2.055 -1.854 -1.594 -1.412 -1.309 -1.243 -1.194 -1.109 -0.977 -0.846 -0.751 -0.695 -0.663
-0.001 -0.000 -0.000 -0.000 -0.000 -0.000 -0.000 -0.000 -0.000 -0.000 -0.001 -0.001 -0.001 -0.001 -0.000 -0.000 -0.000 -0.000 -0.000 -0.000 -0.001 -0.001 -0.001 -0.002 -0.003 -0.005 -0.007 -0.008 -0.009 -0.011 -0.014 -0.019 -0.029 -0.047 -0.075 -0.118 -0.174 -0.240 -0.312 -0.385 -0.452 -0.516 -0.582 -0.651 -0.723 -0.798 -0.859 -0.898 -0.934 -0.967 -1.008 -1.075 -1.168 -1.266 -1.420 -1.639 -1.859 -2.033 -2.105 -2.089 -1.985 -1.791 -1.561 -1.383 -1.270 -1.195 -1.135 -1.067 -0.966 -0.835 -0.729 -0.666 -0.634 -0.623
-0.004 -0.003 -0.002 -0.002 -0.002 -0.002 -0.002 -0.002 -0.002 -0.003 -0.003 -0.003 -0.002 -0.001 -0.001 -0.001 -0.001 -0.001 -0.001 -0.001 -0.001 -0.002 -0.003 -0.004 -0.006 -0.009 -0.011 -0.013 -0.014 -0.017 -0.022 -0.032 -0.051 -0.081 -0.124 -0.180 -0.248 -0.322 -0.396 -0.468 -0.535 -0.606 -0.685 -0.762 -0.836 -0.896 -0.937 -0.960 -0.983 -1.019 -1.072 -1.151 -1.273 -1.436 -1.630 -1.850 -2.006 -2.071 -2.054 -1.935 -1.733 -1.524 -1.365 -1.252 -1.175 -1.109 -1.036 -0.948 -0.839 -0.731 -0.652 -0.607 -0.584 -0.579
-0.010 -0.010 -0.009 -0.008 -0.008 -0.008 -0.007 -0.007 -0.007 -0.007 -0.006 -0.005 -0.004 -0.003 -0.002 -0.001 -0.001 -0.001 -0.001 -0.001 -0.002 -0.004 -0.006 -0.008 -0.010 -0.014 -0.017 -0.018 -0.020 -0.026 -0.036 -0.055 -0.085 -0.129 -0.187 -0.256 -0.332 -0.409 -0.485 -0.560 -0.633 -0.714 -0.805 -0.875 -0.926 -0.963 -0.983 -1.001 -1.032 -1.078 -1.151 -1.263 -1.423 -1.628 -1.829 -1.968 -2.027 -2.006 -1.891 -1.704 -1.501 -1.340 -1.235 -1.158 -1.091 -1.021 -0.936 -0.841 -0.741 -0.654 -0.595 -0.558 -0.538 -0.539
-0.012 -0.012 -0.013 -0.013 -0.013 -0.012 -0.011 -0.010 -0.008 -0.007 -0.006 -0.005 -0.005 -0.004 -0.003 -0.002 -0.001 -0.002 -0.002 -0.003 -0.004 -0.006 -0.010 -0.013 -0.017 -0.020 -0.022 -0.025 -0.031 -0.042 -0.062 -0.092 -0.135 -0.193 -0.265 -0.343 -0.425 -0.509 -0.589 -0.672 -0.756 -0.831 -0.900 -0.952 -0.978 -0.996 -1.012 -1.042 -1.085 -1.158 -1.257 -1.409 -1.605 -1.785 -1.909 -1.972 -1.951 -1.860 -1.692 -1.501 -1.342 -1.223 -1.140 -1.072 -1.007 -0.927 -0.840 -0.747 -0.662 -0.592 -0.540 -0.506 -0.488 -0.499
-0.009 -0.007 -0.008 -0.011 -0.012 -0.011 -0.009 -0.007 -0.005 -0.004 -0.003 -0.003 -0.005 -0.005 -0.005 -0.005 -0.004 -0.005 -0.006 -0.008 -0.009 -0.012 -0.017 -0.021 -0.024 -0.026 -0.031 -0.037 -0.049 -0.069 -0.100 -0.145 -0.203 -0.273 -0.356 -0.443 -0.535 -0.628 -0.718 -0.806 -0.889 -0.949 -0.978 -0.998 -1.013 -1.025 -1.046 -1.093 -1.164 -1.261 -1.417 -1.597 -1.761 -1.870 -1.914 -1.884 -1.809 -1.668 -1.502 -1.346 -1.224 -1.135 -1.060 -0.990 -0.918 -0.838 -0.751 -0.668 -0.591 -0.531 -0.483 -0.451 -0.438 -0.461
-0.019 -0.015 -0.011 -0.011 -0.012 -0.011 -0.010 -0.008 -0.007 -0.007 -0.006 -0.005 -0.005 -0.006 -0.008 -0.009 -0.009 -0.010 -0.012 -0.015 -0.019 -0.023 -0.028 -0.032 -0.034 -0.038 -0.046 -0.059 -0.081 -0.113 -0.157 -0.216 -0.289 -0.373 -0.469 -0.573 -0.676 -0.774 -0.862 -0.936 -0.990 -1.021 -1.032 -1.032 -1.040 -1.065 -1.105 -1.171 -1.287 -1.411 -1.585 -1.749 -1.868 -1.872 -1.827 -1.743 -1.629 -1.493 -1.352 -1.227 -1.121 -1.042 -0.977 -0.911 -0.834 -0.753 -0.672 -0.594 -0.525 -0.467 -0.424 -0.398 -0.394 -0.431
-0.056 -0.050 -0.038 -0.032 -0.033 -0.033 -0.031 -0.029 -0.027 -0.026 -0.024 -0.021 -0.019 -0.018 -0.017 -0.017 -0.017 -0.020 -0.025 -0.030 -0.035 -0.039 -0.044 -0.048 -0.051 -0.059 -0.074 -0.096 -0.129 -0.176 -0.237 -0.310 -0.399 -0.505 -0.617 -0.739 -0.854 -0.944 -0.998 -1.030 -1.050 -1.058 -1.060 -1.067 -1.081 -1.125 -1.190 -1.292 -1.436 -1.603 -1.728 -1.798 -1.832 -1.810 -1.690 -1.575 -1.474 -1.357 -1.238 -1.124 -1.026 -0.949 -0.887 -0.825 -0.753 -0.672 -0.596 -0.522 -0.456 -0.405 -0.370 -0.354 -0.364 -0.415
-0.106 -0.104 -0.098 -0.080 -0.070 -0.070 -0.070 -0.069 -0.067 -0.064 -0.061 -0.058 -0.054 -0.051 -0.048 -0.044 -0.044 -0.049 -0.057 -0.064 -0.066 -0.067 -0.070 -0.074 -0.081 -0.094 -0.116 -0.151 -0.198 -0.260 -0.343 -0.437 -0.544 -0.672 -0.800 -0.915 -1.010 -1.075 -1.091 -1.090 -1.087 -1.084 -1.093 -1.120 -1.153 -1.221 -1.317 -1.422 -1.564 -1.704 -1.771 -1.796 -1.724 -1.650 -1.548 -1.426 -1.345 -1.251 -1.135 -1.021 -0.924 -0.852 -0.797 -0.742 -0.669 -0.589 -0.512 -0.444 -0.387 -0.350 -0.330 -0.326 -0.351 -0.414
-0.161 -0.163 -0.165 -0.162 -0.143 -0.128 -0.129 -0.128 -0.127 -0.126 -0.124 -0.119 -0.115 -0.112 -0.109 -0.105 -0.103 -0.106 -0.112 -0.115 -0.113 -0.110 -0.111 -0.115 -0.125 -0.145 -0.175 -0.226 -0.293 -0.372 -0.475 -0.595 -0.726 -0.856 -0.970 -1.050 -1.100 -1.135 -1.133 -1.129 -1.126 -1.125 -1.141 -1.190 -1.245 -1.323 -1.446 -1.546 -1.633 -1.702 -1.704 -1.690 -1.607 -1.469 -1.389 -1.315 -1.239 -1.147 -1.031 -0.913 -0.823 -0.759 -0.713 -0.662 -0.592 -0.511 -0.435 -0.372 -0.329 -0.308 -0.303 -0.315 -0.353 -0.427
-0.222 -0.229 -0.235 -0.237 -0.238 -0.217 -0.203 -0.202 -0.202 -0.206 -0.205 -0.200 -0.195 -0.192 -0.190 -0.186 -0.182 -0.179 -0.177 -0.174 -0.171 -0.170 -0.170 -0.175 -0.189 -0.216 -0.259 -0.328 -0.418 -0.522 -0.638 -0.769 -0.901 -1.022 -1.107 -1.147 -1.161 -1.164 -1.154 -1.157 -1.172 -1.193 -1.219 -1.269 -1.344 -1.423 -1.541 -1.625 -1.661 -1.662 -1.609 -1.551 -1.496 -1.357 -1.273 -1.228 -1.155 -1.036 -0.912 -0.805 -0.732 -0.682 -0.642 -0.592 -0.521 -0.441 -0.371 -0.319 -0.288 -0.278 -0.285 -0.314 -0.371 -0.448
-0.281 -0.295 -0.308 -0.313 -0.324 -0.322 -0.297 -0.291 -0.292 -0.300 -0.301 -0.296 -0.289 -0.283 -0.278 -0.273 -0.266 -0.256 -0.247 -0.243 -0.239 -0.239 -0.243 -0.255 -0.280 -0.319 -0.379 -0.466 -0.572 -0.692 -0.823 -0.950 -1.049 -1.134 -1.193 -1.199 -1.191 -1.184 -1.183 -1.196 -1.212 -1.238 -1.282 -1.336 -1.414 -1.489 -1.576 -1.623 -1.619 -1.580 -1.503 -1.412 -1.348 -1.287 -1.202 -1.136 -1.052 -0.908 -0.780 -0.698 -0.649 -0.616 -0.583 -0.533 -0.460 -0.382 -0.320 -0.281 -0.262 -0.260 -0.276 -0.319 -0.391 -0.469
-0.333 -0.351 -0.372 -0.389 -0.404 -0.419 -0.412 -0.394 -0.393 -0.398 -0.397 -0.391 -0.383 -0.372 -0.364 -0.359 -0.352 -0.334 -0.322 -0.319 -0.313 -0.314 -0.331 -0.358 -0.402 -0.457 -0.539 -0.647 -0.764 -0.881 -0.998 -1.104 -1.173 -1.211 -1.229 -1.220 -1.196 -1.190 -1.210 -1.235 -1.247 -1.265 -1.311 -1.388 -1.466 -1.512 -1.545 -1.550 -1.523 -1.465 -1.372 -1.281 -1.213 -1.175 -1.139 -1.034 -0.912 -0.779 -0.666 -0.607 -0.576 -0.558 -0.533 -0.485 -0.411 -0.337 -0.283 -0.254 -0.244 -0.250 -0.275 -0.330 -0.408 -0.482
-0.382 -0.407 -0.434 -0.457 -0.480 -0.509 -0.514 -0.495 -0.493 -0.492 -0.485 -0.477 -0.470 -0.457 -0.449 -0.451 -0.441 -0.422 -0.408 -0.402 -0.397 -0.409 -0.442 -0.492 -0.557 -0.635 -0.736 -0.855 -0.980 -1.092 -1.173 -1.225 -1.262 -1.263 -1.244 -1.228 -1.209 -1.198 -1.216 -1.248 -1.274 -1.311 -1.345 -1.419 -1.479 -1.515 -1.500 -1.456 -1.399 -1.340 -1.245 -1.155 -1.108 -1.067 -1.025 -0.922 -0.768 -0.653 -0.578 -0.540 -0.523 -0.512 -0.490 -0.443 -0.372 -0.304 -0.258 -0.236 -0.234 -0.250 -0.285 -0.341 -0.415 -0.483
-0.424 -0.452 -0.486 -0.511 -0.543 -0.586 -0.586 -0.574 -0.578 -0.579 -0.572 -0.563 -0.554 -0.551 -0.552 -0.551 -0.540 -0.521 -0.509 -0.506 -0.513 -0.540 -0.596 -0.669 -0.762 -0.861 -0.974 -1.081 -1.183 -1.276 -1.337 -1.346 -1.342 -1.317 -1.264 -1.226 -1.213 -1.209 -1.221 -1.251 -1.292 -1.365 -1.399 -1.427 -1.440 -1.444 -1.419 -1.338 -1.264 -1.196 -1.142 -1.063 -1.011 -0.967 -0.891 -0.777 -0.648 -0.557 -0.508 -0.487 -0.482 -0.478 -0.455 -0.407 -0.339 -0.279 -0.243 -0.227 -0.230 -0.256 -0.302 -0.353 -0.406 -0.465
-0.448 -0.481 -0.514 -0.549 -0.606 -0.631 -0.626 -0.628 -0.642 -0.655 -0.659 -0.655 -0.653 -0.662 -0.668 -0.664 -0.649 -0.636 -0.633 -0.654 -0.690 -0.737 -0.814 -0.908 -1.017 -1.128 -1.228 -1.314 -1.374 -1.425 -1.463 -1.456 -1.432 -1.391 -1.324 -1.259 -1.224 -1.213 -1.233 -1.259 -1.298 -1.359 -1.394 -1.394 -1.376 -1.347 -1.288 -1.212 -1.141 -1.064 -1.010 -0.965 -0.911 -0.843 -0.755 -0.648 -0.551 -0.488 -0.458 -0.447 -0.448 -0.446 -0.425 -0.379 -0.316 -0.262 -0.235 -0.228 -0.236 -0.268 -0.320 -0.368 -0.399 -0.436
-0.452 -0.489 -0.535 -0.591 -0.639 -0.651 -0.651 -0.665 -0.693 -0.719 -0.739 -0.747 -0.762 -0.775 -0.777 -0.788 -0.792 -0.790 -0.804 -0.863 -0.943 -1.012 -1.106 -1.197 -1.285 -1.379 -1.441 -1.511 -1.552 -1.565 -1.557 -1.533 -1.499 -1.466 -1.406 -1.339 -1.292 -1.260 -1.273 -1.292 -1.310 -1.344 -1.345 -1.325 -1.283 -1.232 -1.173 -1.089 -1.027 -0.974 -0.884 -0.832 -0.790 -0.722 -0.636 -0.552 -0.481 -0.439 -0.422 -0.418 -0.420 -0.417 -0.397 -0.355 -0.300 -0.255 -0.235 -0.237 -0.255 -0.287 -0.334 -0.374 -0.395 -0.405
-0.440 -0.490 -0.548 -0.597 -0.618 -0.638 -0.661 -0.695 -0.731 -0.765 -0.791 -0.816 -0.848 -0.875 -0.903 -0.925 -0.965 -1.003 -1.049 -1.126 -1.216 -1.298 -1.397 -1.454 -1.527 -1.578 -1.597 -1.634 -1.652 -1.664 -1.635 -1.572 -1.524 -1.502 -1.470 -1.432 -1.401 -1.370 -1.374 -1.373 -1.358 -1.377 -1.376 -1.282 -1.205 -1.132 -1.072 -1.001 -0.909 -0.853 -0.788 -0.720 -0.676 -0.620 -0.549 -0.486 -0.437 -0.409 -0.397 -0.394 -0.396 -0.391 -0.370 -0.334 -0.290 -0.258 -0.245 -0.252 -0.277 -0.313 -0.351 -0.376 -0.386 -0.384
-0.410 -0.462 -0.510 -0.544 -0.569 -0.605 -0.656 -0.704 -0.742 -0.781 -0.815 -0.860 -0.905 -0.957 -1.011 -1.062 -1.123 -1.208 -1.279 -1.366 -1.430 -1.503 -1.579 -1.611 -1.672 -1.695 -1.690 -1.699 -1.678 -1.669 -1.639 -1.568 -1.512 -1.487 -1.482 -1.479 -1.462 -1.424 -1.414 -1.409 -1.389 -1.386 -1.414 -1.359 -1.236 -1.108 -0.991 -0.910 -0.819 -0.737 -0.678 -0.624 -0.578 -0.535 -0.486 -0.440 -0.408 -0.391 -0.383 -0.378 -0.376 -0.368 -0.347 -0.317 -0.286 -0.264 -0.262 -0.276 -0.303 -0.339 -0.368 -0.378 -0.375 -0.367
-0.332 -0.378 -0.426 -0.467 -0.515 -0.573 -0.634 -0.688 -0.733 -0.778 -0.820 -0.873 -0.929 -0.986 -1.033 -1.086 -1.159 -1.260 -1.342 -1.433 -1.478 -1.542 -1.593 -1.616 -1.656 -1.677 -1.670 -1.663 -1.623 -1.582 -1.536 -1.478 -1.438 -1.417 -1.409 -1.423 -1.411 -1.370 -1.330 -1.299 -1.279 -1.262 -1.271 -1.265 -1.215 -1.141 -0.993 -0.837 -0.735 -0.656 -0.595 -0.546 -0.503 -0.465 -0.433 -0.405 -0.386 -0.377 -0.372 -0.369 -0.365 -0.356 -0.337 -0.313 -0.291 -0.280 -0.288 -0.310 -0.338 -0.367 -0.390 -0.391 -0.372 -0.349
-0.236 -0.286 -0.342 -0.401 -0.463 -0.526 -0.589 -0.649 -0.703 -0.754 -0.802 -0.853 -0.905 -0.952 -0.997 -1.028 -1.087 -1.178 -1.269 -1.351 -1.397 -1.444 -1.476 -1.484 -1.494 -1.493 -1.489 -1.478 -1.425 -1.383 -1.339 -1.300 -1.268 -1.244 -1.229 -1.226 -1.211 -1.172 -1.129 -1.100 -1.070 -1.031 -0.999 -0.977 -0.957 -0.962 -0.927 -0.783 -0.644 -0.566 -0.534 -0.501 -0.460 -0.423 -0.398 -0.383 -0.374 -0.371 -0.371 -0.370 -0.366 -0.359 -0.346 -0.330 -0.317 -0.312 -0.321 -0.344 -0.369 -0.389 -0.405 -0.411 -0.387 -0.335
