AvaFrame/avaframe/data/avaSalk/Avaflow_Input_Output/slk_results/slk_ascii/slk_vhmax.asc
ncols 296
nrows 144
xllcenter 761600.00
yllcenter 8523000.00
cellsize 12.50
NODATA_value -9999.000
[rows 58 to 86 of 144, columns 134 to 200 of 296]
-9999.000 -9999.000 -9999.000 -9999.000 -9999.000 -9999.000 -9999.000 -9999.000 -9999.000 -9999.000 -9999.000 -9999.000 -9999.000 -9999.000 -9999.000 -9999.000 -9999.000 -9999.000 -9999.000 -9999.000 -9999.000 -9999.000 -9999.000 -9999.000 -9999.000 -9999.000 -9999.000 -9999.000 -9999.000 -9999.000 -9999.000 -9999.000 -9999.000 -9999.000 -9999.000 -9999.000 -9999.000 -9999.000 -nan 0.369 0.469 0.543 0.728 0.797 0.980 0.957 0.949 0.932 0.922 0.936 0.955 0.983 0.790 0.724 0.841 1.058 1.132 1.232 1.061 1.369 1.582 1.818 2.057 2.317 2.616 2.998 3.526
-9999.000 -9999.000 -9999.000 -9999.000 -9999.000 -9999.000 -9999.000 -9999.000 -9999.000 -9999.000 -9999.000 -9999.000 -9999.000 -9999.000 -9999.000 -9999.000 -9999.000 -9999.000 -9999.000 -9999.000 -9999.000 -9999.000 -9999.000 -9999.000 -9999.000 -9999.000 -9999.000 -9999.000 -9999.000 -9999.000 -9999.000 -9999.000 -9999.000 -9999.000 -9999.000 -9999.000 -9999.000 -9999.000 -nan 0.271 0.556 0.451 0.193 0.484 0.598 1.191 1.125 1.058 1.029 1.020 1.031 1.039 1.016 0.806 0.845 0.966 1.169 1.265 1.407 1.297 1.596 2.310 2.640 2.989 3.399 3.943 4.705
-9999.000 -9999.000 -9999.000 -9999.000 -9999.000 -9999.000 -9999.000 -9999.000 -9999.000 -9999.000 -9999.000 -9999.000 -9999.000 -9999.000 -9999.000 -9999.000 -9999.000 -9999.000 -9999.000 -9999.000 -9999.000 -9999.000 -9999.000 -9999.000 -9999.000 -9999.000 -9999.000 -9999.000 -9999.000 -9999.000 -9999.000 -9999.000 -9999.000 -9999.000 -9999.000 -9999.000 -9999.000 -9999.000 -nan 0.270 0.502 0.505 0.346 0.411 0.617 1.019 1.375 1.205 1.191 1.161 1.143 1.128 1.113 1.153 1.205 1.276 1.378 1.527 1.731 1.833 2.173 2.857 3.381 3.889 4.496 5.319 6.468
-9999.000 -9999.000 -9999.000 -9999.000 -9999.000 -9999.000 -9999.000 -9999.000 -9999.000 -9999.000 -9999.000 -9999.000 -9999.000 -9999.000 -9999.000 -9999.000 -9999.000 -9999.000 -9999.000 -9999.000 -9999.000 -9999.000 -9999.000 -9999.000 -9999.000 -9999.000 -9999.000 -9999.000 -9999.000 -9999.000 -9999.000 -9999.000 -9999.000 -9999.000 -9999.000 -9999.000 -9999.000 -9999.000 -nan 0.295 0.325 0.472 0.470 0.602 0.624 0.800 1.071 1.173 1.236 1.116 1.214 1.271 1.278 1.347 1.430 1.546 1.714 1.934 2.221 2.595 3.067 3.475 4.022 5.093 6.087 7.403 9.182
-9999.000 -9999.000 -9999.000 -9999.000 -9999.000 -9999.000 -9999.000 -9999.000 -9999.000 -9999.000 -9999.000 -9999.000 -9999.000 -9999.000 -9999.000 -9999.000 -9999.000 -9999.000 -9999.000 -9999.000 -9999.000 -9999.000 -9999.000 -9999.000 -9999.000 -9999.000 -9999.000 -9999.000 -9999.000 -9999.000 -9999.000 -9999.000 -9999.000 -9999.000 -9999.000 -9999.000 -9999.000 -9999.000 -nan 0.531 0.403 0.514 0.664 0.630 0.581 0.893 0.996 1.039 1.102 1.176 1.347 1.501 1.515 1.606 1.736 1.927 2.181 2.494 2.875 3.343 3.926 4.671 5.638 6.892 8.515 10.623 13.455
-9999.000 -9999.000 -9999.000 -9999.000 -9999.000 -9999.000 -9999.000 -9999.000 -9999.000 -9999.000 -9999.000 -9999.000 -9999.000 -9999.000 -9999.000 -9999.000 -9999.000 -9999.000 -9999.000 -9999.000 -9999.000 -9999.000 -9999.000 -9999.000 -9999.000 -9999.000 -9999.000 -9999.000 -9999.000 -9999.000 -9999.000 -9999.000 -9999.000 -9999.000 -9999.000 -9999.000 -9999.000 -nan -nan 0.615 0.548 0.711 0.783 0.718 0.883 0.925 0.978 1.034 1.175 1.121 1.023 1.735 1.834 1.947 2.140 2.423 2.781 3.215 3.748 4.412 5.262 6.379 7.856 9.811 12.450 15.947 20.495
-9999.000 -9999.000 -9999.000 -9999.000 -9999.000 -9999.000 -9999.000 -9999.000 -9999.000 -9999.000 -9999.000 -9999.000 -9999.000 -9999.000 -9999.000 -9999.000 -9999.000 -9999.000 -9999.000 -9999.000 -9999.000 -9999.000 -9999.000 -9999.000 -9999.000 -9999.000 -9999.000 -9999.000 -9999.000 -9999.000 -9999.000 -9999.000 -9999.000 -9999.000 -9999.000 -9999.000 -9999.000 -nan 0.682 0.673 0.664 0.801 0.787 0.966 0.829 0.837 0.762 0.750 0.931 0.700 0.540 1.101 2.156 2.397 2.663 3.052 3.555 4.197 5.014 6.048 7.389 9.164 11.517 14.798 19.348 23.803 29.905
-9999.000 -9999.000 -9999.000 -9999.000 -9999.000 -9999.000 -9999.000 -9999.000 -9999.000 -9999.000 -9999.000 -9999.000 -9999.000 -9999.000 -9999.000 -9999.000 -9999.000 -9999.000 -9999.000 -9999.000 -9999.000 -9999.000 -9999.000 -9999.000 -9999.000 -9999.000 -9999.000 -9999.000 -9999.000 -9999.000 -9999.000 -9999.000 -9999.000 -9999.000 -9999.000 -9999.000 -nan -nan 0.710 0.669 0.689 0.738 1.037 1.121 0.972 0.835 0.842 0.546 0.750 0.615 0.697 1.302 2.203 2.807 3.328 3.886 4.633 5.628 6.928 8.609 10.807 13.743 17.843 23.110 27.374 31.462 36.878
-9999.000 -9999.000 -9999.000 -9999.000 -9999.000 -9999.000 -9999.000 -9999.000 -9999.000 -9999.000 -9999.000 -9999.000 -9999.000 -9999.000 -9999.000 -9999.000 -9999.000 -9999.000 -9999.000 -9999.000 -9999.000 -9999.000 -9999.000 -9999.000 -9999.000 -9999.000 -9999.000 -9999.000 -9999.000 -9999.000 -9999.000 -9999.000 -9999.000 -9999.000 -9999.000 -nan -nan 0.687 0.727 0.795 0.712 0.787 1.062 1.151 1.132 1.153 0.935 1.179 1.574 1.731 1.739 2.118 2.694 3.404 4.216 5.068 6.221 7.790 9.893 12.719 16.550 21.583 26.495 31.462 36.257 39.698 43.908
-9999.000 -9999.000 -9999.000 -9999.000 -9999.000 -9999.000 -9999.000 -9999.000 -9999.000 -9999.000 -9999.000 -9999.000 -9999.000 -9999.000 -9999.000 -9999.000 -9999.000 -9999.000 -9999.000 -9999.000 -9999.000 -9999.000 -9999.000 -9999.000 -9999.000 -9999.000 -9999.000 -9999.000 -9999.000 -9999.000 -9999.000 -9999.000 -9999.000 -9999.000 -nan -nan 0.720 0.703 0.730 0.726 0.769 0.835 0.965 1.243 1.236 1.278 1.407 1.630 1.916 2.248 2.648 3.138 3.735 4.495 5.487 6.806 8.613 11.104 14.572 19.396 24.192 29.405 34.761 39.729 44.442 48.040 49.961
-9999.000 -9999.000 -9999.000 -9999.000 -9999.000 -9999.000 -9999.000 -9999.000 -9999.000 -9999.000 -9999.000 -9999.000 -9999.000 -9999.000 -9999.000 -9999.000 -9999.000 -9999.000 -9999.000 -9999.000 -9999.000 -9999.000 -9999.000 -9999.000 -9999.000 -9999.000 -9999.000 -9999.000 -9999.000 -9999.000 -9999.000 -9999.000 -nan -nan -nan 0.885 0.788 0.706 0.821 0.762 0.847 0.901 1.000 1.423 1.462 1.549 1.709 1.978 2.338 2.770 3.286 3.931 4.755 5.856 7.346 9.383 12.213 16.190 21.349 26.345 31.652 37.061 42.059 46.399 49.963 52.818 53.383
-9999.000 -9999.000 -9999.000 -9999.000 -9999.000 -9999.000 -9999.000 -9999.000 -9999.000 -9999.000 -9999.000 -9999.000 -9999.000 -9999.000 -9999.000 -9999.000 -9999.000 -9999.000 -9999.000 -9999.000 -9999.000 -9999.000 -9999.000 -9999.000 -9999.000 -nan -nan -nan -nan -nan -nan -nan -nan 0.885 0.891 0.894 1.005 0.799 0.723 0.774 0.899 0.998 1.118 1.409 1.779 1.923 2.126 2.457 2.913 3.472 4.154 5.031 6.211 7.822 10.051 13.158 17.575 22.886 28.058 33.294 38.508 43.745 47.993 51.132 53.396 54.898 55.138
-nan -nan -nan -nan -nan -nan -nan -nan -9999.000 -9999.000 -9999.000 -9999.000 -9999.000 -9999.000 -9999.000 -9999.000 -9999.000 -9999.000 -9999.000 -9999.000 -9999.000 -nan -nan -nan -nan -nan 0.400 0.332 0.301 0.324 -nan 0.832 0.859 0.881 0.895 0.956 1.068 0.841 0.852 0.877 0.971 1.108 1.285 1.600 2.163 2.387 2.666 3.086 3.664 4.388 5.314 6.555 8.258 10.619 13.915 18.617 24.257 29.399 34.279 39.612 44.897 49.272 52.321 54.098 55.027 55.628 55.650
0.507 0.355 0.374 0.379 0.341 0.373 0.378 -nan -nan -nan -nan -nan -nan -nan -nan -nan -nan -nan -nan -nan -nan -nan 0.668 0.662 0.629 0.628 0.647 0.671 0.647 0.723 0.791 0.789 0.827 0.868 1.039 1.233 1.118 1.344 1.335 1.374 1.561 1.638 1.711 2.014 2.597 2.915 3.321 3.879 4.622 5.586 6.884 8.662 11.116 14.520 19.335 25.290 30.603 35.825 40.670 44.694 48.533 52.289 54.662 55.569 56.108 55.808 57.063
0.894 0.886 0.871 0.891 0.888 0.896 0.891 0.880 0.860 0.859 0.828 0.764 0.663 0.529 0.374 0.334 -nan 0.555 0.485 0.379 0.378 0.598 0.706 0.691 0.755 0.732 0.668 0.684 0.685 0.678 0.715 0.838 0.999 0.873 1.200 1.431 1.684 2.003 2.100 2.208 2.587 2.701 2.499 2.465 3.102 3.531 4.103 4.864 5.864 7.194 9.024 11.573 15.084 19.965 26.119 31.573 36.683 42.054 46.618 48.637 50.341 52.303 54.979 56.086 55.649 56.426 58.411
0.966 0.949 0.895 0.951 0.933 0.949 0.958 0.942 0.917 0.897 0.884 0.856 0.811 0.743 0.704 0.656 0.649 0.685 0.766 0.796 0.731 0.641 0.660 0.848 0.810 0.833 0.835 0.836 0.844 0.817 0.854 0.920 0.976 1.157 1.534 2.015 2.661 3.229 3.597 3.952 3.039 2.140 1.959 2.415 3.742 4.311 5.088 6.129 7.513 9.387 11.983 15.603 20.687 26.748 32.091 37.308 42.854 47.276 50.128 51.639 51.974 52.345 51.964 54.130 55.797 58.208 58.022
1.165 1.158 1.138 1.107 1.091 1.115 1.123 1.114 1.090 1.061 1.023 1.005 0.880 0.929 0.806 0.692 0.675 0.678 0.789 0.804 0.783 0.826 0.692 0.816 0.973 1.131 1.200 1.214 1.203 1.222 1.520 1.604 1.443 1.723 2.418 3.554 5.143 4.784 4.157 3.307 2.323 1.525 1.397 2.075 4.567 5.336 6.386 7.802 9.722 12.388 16.101 21.313 27.342 31.841 37.565 43.617 47.378 50.036 52.061 52.496 52.603 50.709 51.164 53.142 55.597 57.193 59.334
1.512 1.518 1.466 1.404 1.389 1.399 1.408 1.422 1.422 1.395 1.333 1.282 1.215 1.163 0.976 0.812 0.820 0.849 0.899 0.920 0.953 0.893 0.884 1.094 1.385 1.776 2.047 2.220 2.191 2.167 2.546 2.594 2.244 2.845 4.545 4.077 3.011 2.193 3.214 2.597 2.053 1.214 1.385 2.079 3.952 6.680 8.095 10.037 12.725 16.515 21.797 27.961 33.223 37.754 43.105 47.615 50.301 51.694 52.453 52.742 51.335 50.465 50.919 52.506 54.381 57.253 58.993
2.269 2.270 2.077 1.894 1.836 1.836 1.853 1.714 1.887 1.951 1.861 1.744 1.640 1.553 1.386 1.076 1.088 1.143 1.232 1.274 1.308 1.225 1.237 1.851 2.579 3.178 3.897 4.486 4.755 4.593 4.052 3.796 3.949 5.648 3.879 1.916 2.373 1.426 1.747 1.597 1.457 1.107 1.542 2.295 4.382 8.371 10.356 13.088 16.907 22.230 28.181 34.353 39.227 44.469 47.204 49.501 51.956 52.375 52.580 52.578 51.416 51.262 51.147 51.764 53.324 56.010 58.186
3.431 3.363 3.288 2.730 2.539 2.514 2.418 2.316 2.601 2.871 2.759 2.557 2.404 2.268 2.101 1.659 1.549 1.613 1.743 1.860 1.874 1.759 1.849 3.149 4.685 5.819 5.481 5.457 5.534 6.013 5.709 5.994 5.403 3.808 2.049 1.989 0.730 0.472 0.498 0.465 0.472 0.840 1.520 2.108 4.163 10.673 13.479 17.426 22.712 28.265 34.259 40.274 45.024 48.230 49.931 50.867 51.359 52.267 52.044 52.815 52.628 52.261 51.636 51.390 51.653 53.688 56.013
5.697 5.432 5.169 4.397 3.726 3.662 3.332 3.391 3.830 4.315 4.382 4.111 3.537 3.204 3.060 2.767 2.500 2.460 2.587 2.732 2.848 2.952 3.386 5.381 4.599 2.782 3.853 3.195 3.434 2.547 2.960 2.800 2.184 3.144 1.881 0.907 0.547 0.546 0.555 0.638 0.620 0.722 1.125 1.904 3.289 14.028 18.058 22.932 28.376 34.278 40.087 44.941 47.786 49.668 51.164 50.460 51.136 52.182 52.611 53.459 53.510 52.837 52.246 51.562 50.951 51.985 53.590
5.675 6.029 6.793 8.296 6.286 5.277 4.996 5.342 5.959 6.338 6.486 6.380 5.862 5.200 4.878 4.615 4.374 4.385 4.569 4.770 5.296 6.331 6.978 5.023 2.812 2.704 1.109 0.718 0.986 1.445 1.642 1.741 1.397 0.975 0.599 0.643 0.598 0.606 0.598 0.879 0.866 0.869 1.075 1.948 14.429 18.436 23.246 28.661 34.099 39.835 44.269 46.872 48.495 49.669 50.305 51.088 52.351 52.618 52.535 53.493 54.079 53.441 52.701 51.671 50.683 50.618 52.201
3.519 2.460 3.050 5.377 8.456 7.728 6.184 5.635 5.373 5.573 5.810 6.069 6.474 7.071 7.518 7.719 7.429 7.253 7.593 7.141 6.095 4.640 3.399 3.088 2.757 1.853 0.611 0.630 0.604 0.697 1.044 0.931 0.528 0.602 0.735 0.619 0.621 0.686 0.635 0.867 0.916 1.016 1.484 15.120 18.969 23.447 28.680 34.176 39.737 42.752 46.036 46.298 47.633 49.667 50.626 51.526 52.285 52.179 52.287 52.754 53.469 53.658 52.871 51.651 51.537 50.967 51.579
1.522 1.446 1.579 2.047 3.850 5.504 5.361 4.445 3.579 2.907 4.029 3.772 3.736 2.719 3.168 3.498 3.750 3.655 3.539 3.485 2.870 3.507 2.692 2.277 1.683 0.999 0.558 0.538 0.426 0.486 0.517 0.508 0.593 0.505 0.586 0.721 0.671 0.714 7.993 9.578 10.677 12.835 15.816 19.753 24.232 29.147 33.839 37.432 42.100 44.276 45.297 46.597 48.432 50.736 51.874 51.632 51.643 51.648 51.478 51.737 52.390 53.322 53.495 52.499 51.726 51.754 52.770
0.616 0.572 0.390 0.695 1.732 2.871 3.700 3.530 1.845 3.823 3.899 3.561 3.115 2.068 1.611 1.889 2.136 2.389 2.279 2.154 2.006 1.665 1.607 1.437 0.465 0.538 0.638 0.589 0.646 0.631 0.642 0.637 0.663 0.584 0.515 0.527 7.623 9.043 10.356 11.345 13.836 16.823 20.663 24.976 29.777 34.159 36.651 41.006 43.194 44.196 45.555 47.158 48.569 50.296 52.245 52.190 51.598 51.370 51.033 51.027 51.524 52.222 51.886 51.984 52.868 52.387 52.906
2.542 3.380 4.198 4.554 4.472 4.458 4.862 4.805 4.917 5.177 5.028 4.923 4.912 4.912 4.526 4.469 4.094 4.088 3.784 3.707 3.097 0.689 0.526 2.069 0.418 0.557 0.627 0.709 0.877 0.802 0.791 0.757 0.612 0.685 0.689 8.325 10.149 11.545 12.290 15.227 18.211 21.959 26.541 30.161 33.092 36.710 39.696 41.722 43.635 44.882 45.948 46.892 47.769 48.900 50.565 51.961 51.607 51.050 50.674 50.746 50.756 50.549 51.021 50.376 51.063 51.537 51.871
3.663 5.022 5.763 6.032 6.367 6.657 6.366 6.142 6.404 6.284 6.858 6.443 6.574 6.502 7.073 6.831 5.953 6.010 5.998 5.460 4.988 4.381 4.108 3.838 3.859 3.359 3.261 3.482 0.792 0.734 0.834 0.686 0.692 0.656 9.274 10.855 12.481 15.081 17.491 20.625 24.320 28.366 31.569 34.019 37.055 39.366 41.331 42.611 43.265 44.491 45.998 47.126 47.461 47.944 48.816 49.903 51.685 51.042 50.440 49.991 49.814 48.639 49.095 48.772 48.816 49.611 50.617
4.947 6.184 7.632 8.107 8.486 8.722 8.459 8.676 8.515 8.830 8.421 8.069 8.972 8.952 8.923 8.325 8.606 8.164 8.001 7.796 7.429 6.647 6.029 6.052 5.791 5.533 5.284 5.028 5.256 4.902 4.412 4.514 5.003 5.817 14.371 15.978 18.086 20.803 23.840 26.304 29.682 33.043 35.036 37.450 39.724 41.403 42.186 42.937 43.174 43.538 44.999 46.401 46.943 47.304 47.878 48.574 49.365 50.031 49.734 49.429 49.163 47.728 46.712 47.237 48.302 48.493 48.460
6.348 7.389 8.862 9.477 10.576 10.946 11.202 10.829 10.549 10.464 10.657 10.377 10.754 11.259 11.324 11.045 11.150 11.202 9.948 9.802 9.708 9.546 9.066 9.061 8.635 8.480 8.083 7.724 7.116 6.668 6.458 6.965 8.179 9.775 20.056 22.087 24.612 27.044 29.285 31.211 33.095 36.054 37.659 39.024 41.058 41.948 42.415 43.366 43.833 43.616 43.839 45.216 46.170 46.761 47.281 47.795 47.994 47.671 47.563 47.637 48.465 47.029 45.767 46.124 46.395 47.935 47.665
