AvaFrame/avaframe/data/avaSalk/Avaflow_Input_Output/slk_results/slk_ascii/slk_hflow10028.asc
ncols 296
nrows 144
xllcenter 761600.00
yllcenter 8523000.00
cellsize 12.50
NODATA_value -9999.000
[rows 68 to 101 of 144, columns 154 to 230 of 296]
0.000 0.000 0.000 0.000 0.000 0.000 0.000 0.000 0.000 0.000 0.000 0.000 0.000 0.000 0.000 0.001 0.000 0.000 0.000 0.000 0.000 0.000 0.000 0.000 0.000 0.000 0.000 0.000 0.000 0.000 0.000 0.000 0.000 0.000 0.000 0.000 0.000 0.000 0.000 0.000 0.000 0.000 0.000 0.001 0.001 0.001 0.001 0.002 0.002 0.003 0.003 0.004 0.004 0.005 0.006 0.007 0.008 0.010 0.013 0.016 0.022 0.031 0.046 0.067 0.094 0.129 0.170 0.223 0.290 0.353 0.393 0.410 0.405 0.366 0.280 0.193 0.141
0.000 0.000 0.000 0.000 0.000 0.000 0.000 0.000 0.000 0.000 0.000 0.000 0.000 0.001 0.000 0.000 0.000 0.000 0.000 0.000 0.000 0.000 0.000 0.000 0.000 0.000 0.000 0.000 0.000 0.000 0.000 0.000 0.000 0.000 0.000 0.000 0.000 0.000 0.000 0.000 0.000 0.001 0.001 0.001 0.001 0.002 0.002 0.002 0.003 0.003 0.004 0.005 0.005 0.006 0.007 0.008 0.010 0.013 0.017 0.022 0.030 0.045 0.067 0.098 0.135 0.180 0.232 0.297 0.360 0.399 0.414 0.400 0.351 0.264 0.180 0.137 0.115
0.000 0.000 0.000 0.000 0.000 0.000 0.000 0.000 0.000 0.000 0.000 0.001 0.001 0.001 0.001 0.000 0.000 0.000 0.001 0.001 0.001 0.001 0.001 0.001 0.001 0.000 0.000 0.000 0.000 0.000 0.000 0.000 0.000 0.000 0.000 0.000 0.000 0.000 0.001 0.001 0.001 0.001 0.001 0.001 0.002 0.002 0.002 0.003 0.003 0.004 0.005 0.005 0.006 0.007 0.009 0.011 0.013 0.017 0.023 0.031 0.044 0.065 0.096 0.136 0.186 0.245 0.309 0.365 0.402 0.416 0.403 0.351 0.264 0.181 0.135 0.112 0.100
0.000 0.000 0.001 0.001 0.001 0.000 0.000 0.000 0.000 0.000 0.000 0.001 0.001 0.001 0.001 0.001 0.001 0.001 0.002 0.002 0.002 0.003 0.003 0.002 0.001 0.001 0.001 0.000 0.000 0.000 0.000 0.000 0.000 0.000 0.000 0.001 0.001 0.001 0.001 0.001 0.001 0.002 0.002 0.002 0.002 0.003 0.003 0.004 0.004 0.005 0.006 0.007 0.008 0.010 0.011 0.014 0.017 0.023 0.031 0.047 0.070 0.098 0.137 0.189 0.253 0.321 0.377 0.406 0.415 0.404 0.356 0.270 0.190 0.142 0.114 0.097 0.086
0.000 0.001 0.000 0.000 0.000 0.000 0.000 0.000 0.000 0.000 0.000 0.001 0.001 0.001 0.001 0.001 0.002 0.003 0.004 0.005 0.006 0.008 0.008 0.006 0.003 0.002 0.001 0.001 0.001 0.000 0.000 0.000 0.000 0.001 0.001 0.001 0.001 0.001 0.002 0.002 0.002 0.002 0.002 0.003 0.003 0.004 0.004 0.005 0.006 0.007 0.008 0.009 0.011 0.013 0.015 0.018 0.024 0.032 0.047 0.077 0.113 0.147 0.196 0.265 0.333 0.382 0.409 0.416 0.406 0.363 0.283 0.200 0.149 0.118 0.098 0.084 0.072
0.000 0.000 0.000 0.000 0.000 0.000 0.000 0.001 0.001 0.001 0.001 0.001 0.001 0.001 0.002 0.003 0.005 0.008 0.011 0.013 0.018 0.022 0.023 0.018 0.008 0.003 0.002 0.001 0.001 0.001 0.001 0.001 0.001 0.001 0.002 0.002 0.002 0.002 0.002 0.002 0.003 0.003 0.003 0.004 0.004 0.005 0.006 0.007 0.008 0.009 0.010 0.012 0.016 0.019 0.023 0.029 0.040 0.060 0.096 0.151 0.191 0.216 0.267 0.334 0.379 0.399 0.406 0.401 0.364 0.286 0.206 0.156 0.124 0.102 0.086 0.072 0.060
0.000 0.000 0.000 0.000 0.001 0.001 0.001 0.001 0.002 0.002 0.002 0.002 0.002 0.003 0.004 0.007 0.015 0.027 0.037 0.047 0.059 0.067 0.067 0.049 0.020 0.007 0.004 0.003 0.003 0.002 0.002 0.002 0.002 0.002 0.002 0.002 0.003 0.003 0.003 0.003 0.003 0.004 0.004 0.005 0.006 0.007 0.008 0.009 0.010 0.012 0.014 0.017 0.023 0.031 0.039 0.056 0.091 0.159 0.238 0.296 0.312 0.320 0.346 0.373 0.387 0.390 0.382 0.350 0.279 0.203 0.156 0.128 0.106 0.089 0.075 0.062 0.050
0.000 0.000 0.000 0.001 0.001 0.002 0.004 0.004 0.004 0.004 0.004 0.004 0.004 0.006 0.010 0.024 0.060 0.117 0.155 0.176 0.188 0.189 0.171 0.117 0.046 0.015 0.008 0.006 0.006 0.005 0.004 0.004 0.003 0.003 0.003 0.003 0.003 0.003 0.003 0.004 0.004 0.005 0.006 0.007 0.008 0.009 0.010 0.011 0.013 0.015 0.019 0.025 0.036 0.052 0.075 0.124 0.206 0.283 0.322 0.339 0.346 0.364 0.387 0.391 0.383 0.370 0.334 0.273 0.206 0.159 0.131 0.110 0.093 0.078 0.064 0.052 0.042
0.001 0.001 0.001 0.002 0.003 0.006 0.012 0.014 0.013 0.010 0.010 0.010 0.011 0.016 0.037 0.099 0.224 0.358 0.426 0.451 0.456 0.446 0.391 0.267 0.110 0.036 0.020 0.016 0.014 0.012 0.011 0.009 0.007 0.005 0.005 0.004 0.004 0.004 0.004 0.005 0.005 0.006 0.008 0.010 0.011 0.012 0.013 0.014 0.016 0.020 0.027 0.038 0.058 0.091 0.150 0.221 0.273 0.292 0.299 0.301 0.315 0.351 0.384 0.387 0.365 0.330 0.268 0.209 0.170 0.142 0.119 0.097 0.080 0.066 0.053 0.042 0.035
0.002 0.003 0.003 0.004 0.007 0.019 0.049 0.062 0.059 0.039 0.031 0.032 0.038 0.069 0.152 0.309 0.535 0.723 0.815 0.850 0.869 0.861 0.789 0.587 0.291 0.107 0.055 0.049 0.047 0.043 0.038 0.030 0.022 0.015 0.010 0.007 0.006 0.005 0.005 0.006 0.007 0.009 0.012 0.015 0.016 0.017 0.017 0.018 0.022 0.028 0.039 0.059 0.095 0.157 0.226 0.263 0.264 0.244 0.231 0.241 0.276 0.329 0.368 0.365 0.320 0.258 0.202 0.171 0.154 0.138 0.119 0.093 0.069 0.053 0.042 0.034 0.029
0.006 0.007 0.009 0.012 0.032 0.111 0.243 0.302 0.288 0.214 0.172 0.173 0.220 0.323 0.483 0.698 0.951 1.152 1.278 1.345 1.379 1.391 1.353 1.151 0.711 0.320 0.176 0.158 0.161 0.172 0.171 0.154 0.123 0.085 0.047 0.021 0.012 0.008 0.007 0.008 0.009 0.011 0.014 0.017 0.019 0.021 0.023 0.025 0.030 0.041 0.061 0.096 0.154 0.214 0.246 0.252 0.238 0.223 0.225 0.248 0.282 0.331 0.355 0.329 0.264 0.203 0.166 0.150 0.145 0.138 0.123 0.097 0.065 0.045 0.035 0.029 0.026
0.019 0.024 0.034 0.066 0.179 0.428 0.657 0.744 0.724 0.642 0.614 0.653 0.748 0.885 1.058 1.249 1.447 1.642 1.837 1.950 1.969 1.950 1.903 1.710 1.165 0.655 0.448 0.414 0.431 0.499 0.554 0.562 0.530 0.456 0.332 0.178 0.071 0.026 0.012 0.011 0.011 0.013 0.016 0.019 0.022 0.026 0.030 0.035 0.045 0.065 0.098 0.152 0.205 0.234 0.242 0.238 0.229 0.228 0.244 0.269 0.288 0.320 0.328 0.293 0.229 0.179 0.150 0.138 0.137 0.138 0.131 0.109 0.072 0.044 0.032 0.027 0.024
0.087 0.136 0.238 0.430 0.735 1.050 1.233 1.299 1.308 1.316 1.383 1.471 1.558 1.643 1.740 1.850 1.985 2.169 2.398 2.538 2.548 2.488 2.374 2.051 1.365 0.947 0.838 0.843 0.928 1.092 1.250 1.341 1.356 1.308 1.123 0.781 0.418 0.178 0.056 0.018 0.015 0.016 0.019 0.021 0.025 0.032 0.041 0.052 0.070 0.102 0.152 0.201 0.228 0.236 0.237 0.234 0.234 0.246 0.268 0.281 0.282 0.293 0.291 0.257 0.200 0.158 0.132 0.121 0.123 0.132 0.136 0.126 0.090 0.050 0.033 0.027 0.025
0.575 0.746 1.060 1.507 1.876 2.041 2.067 2.100 2.178 2.248 2.327 2.375 2.395 2.393 2.420 2.484 2.583 2.713 2.890 3.002 3.025 2.949 2.735 2.176 1.477 1.225 1.251 1.401 1.646 1.938 2.202 2.396 2.478 2.468 2.292 1.838 1.245 0.692 0.297 0.086 0.024 0.021 0.022 0.026 0.032 0.042 0.057 0.076 0.107 0.153 0.198 0.224 0.235 0.237 0.237 0.238 0.250 0.268 0.279 0.281 0.273 0.260 0.243 0.216 0.172 0.131 0.105 0.095 0.098 0.116 0.137 0.139 0.116 0.066 0.039 0.031 0.027
1.960 2.164 2.599 3.163 3.449 3.409 3.236 3.182 3.263 3.269 3.261 3.241 3.203 3.132 3.117 3.164 3.238 3.267 3.357 3.396 3.360 3.270 2.928 2.162 1.659 1.576 1.723 2.070 2.550 2.993 3.363 3.623 3.767 3.774 3.645 3.152 2.428 1.601 0.906 0.386 0.111 0.036 0.029 0.033 0.043 0.059 0.080 0.111 0.154 0.195 0.220 0.233 0.238 0.239 0.241 0.251 0.266 0.277 0.279 0.272 0.256 0.231 0.203 0.173 0.134 0.098 0.075 0.067 0.070 0.091 0.129 0.146 0.138 0.092 0.052 0.039 0.032
3.895 4.064 4.366 4.705 4.829 4.760 4.675 4.638 4.603 4.382 4.191 4.102 4.022 3.932 3.877 3.911 3.940 3.883 3.807 3.679 3.542 3.415 2.922 2.195 1.968 2.048 2.339 2.854 3.502 4.024 4.422 4.684 4.846 4.915 4.871 4.504 3.723 2.738 1.858 1.083 0.492 0.189 0.078 0.048 0.060 0.083 0.116 0.153 0.191 0.215 0.229 0.237 0.242 0.246 0.253 0.265 0.273 0.274 0.268 0.254 0.231 0.202 0.169 0.133 0.097 0.067 0.049 0.044 0.048 0.065 0.111 0.148 0.151 0.119 0.073 0.052 0.040
5.268 5.383 5.581 5.783 5.862 5.880 5.924 5.960 5.851 5.540 5.188 5.022 4.919 4.867 4.797 4.784 4.724 4.522 4.124 3.837 3.650 3.436 2.866 2.410 2.404 2.641 3.077 3.667 4.322 4.882 5.272 5.536 5.653 5.733 5.739 5.543 4.881 4.011 3.091 2.173 1.321 0.733 0.397 0.193 0.101 0.117 0.156 0.188 0.210 0.225 0.235 0.243 0.250 0.258 0.266 0.270 0.270 0.264 0.250 0.228 0.201 0.169 0.133 0.098 0.068 0.045 0.031 0.028 0.032 0.049 0.100 0.148 0.155 0.137 0.096 0.067 0.047
6.222 6.308 6.458 6.625 6.743 6.870 6.987 7.056 7.008 6.697 6.331 6.123 6.023 5.997 5.957 5.802 5.474 4.970 4.294 3.935 3.700 3.395 2.969 2.834 2.988 3.351 3.871 4.455 5.018 5.568 5.965 6.227 6.270 6.342 6.336 6.168 5.732 5.100 4.308 3.447 2.459 1.666 1.174 0.778 0.406 0.191 0.182 0.210 0.222 0.231 0.240 0.252 0.264 0.269 0.269 0.265 0.260 0.250 0.231 0.203 0.172 0.137 0.103 0.072 0.048 0.031 0.023 0.021 0.026 0.046 0.104 0.148 0.155 0.142 0.106 0.071 0.047
6.939 7.071 7.206 7.375 7.601 7.798 7.947 8.028 8.047 7.885 7.661 7.467 7.375 7.223 7.010 6.538 5.959 5.158 4.365 3.948 3.665 3.453 3.301 3.415 3.746 4.207 4.726 5.233 5.668 6.116 6.561 6.801 6.798 6.848 6.778 6.558 6.260 5.797 5.162 4.410 3.407 2.530 2.050 1.729 1.253 0.607 0.242 0.220 0.232 0.237 0.247 0.264 0.274 0.274 0.265 0.253 0.245 0.233 0.210 0.178 0.146 0.114 0.084 0.059 0.039 0.026 0.022 0.021 0.028 0.056 0.117 0.150 0.152 0.137 0.103 0.067 0.042
7.585 7.723 7.916 8.135 8.390 8.645 8.843 8.948 8.988 8.959 8.845 8.709 8.570 8.176 7.703 6.881 6.126 5.151 4.383 3.919 3.665 3.656 3.814 4.173 4.696 5.214 5.658 6.040 6.345 6.666 7.097 7.270 7.235 7.247 7.114 6.877 6.562 6.160 5.595 4.916 4.025 3.167 2.675 2.431 2.191 1.582 0.610 0.229 0.238 0.243 0.254 0.276 0.282 0.275 0.252 0.229 0.220 0.212 0.190 0.158 0.125 0.096 0.071 0.051 0.036 0.027 0.024 0.026 0.039 0.082 0.135 0.152 0.149 0.126 0.088 0.056 0.035
8.247 8.401 8.653 8.911 9.143 9.348 9.552 9.727 9.804 9.849 9.860 9.705 9.478 8.784 7.956 6.976 6.076 5.098 4.417 3.978 3.875 4.089 4.536 5.197 5.841 6.301 6.663 6.929 7.124 7.294 7.561 7.704 7.623 7.554 7.421 7.161 6.762 6.326 5.747 5.048 4.287 3.578 3.102 2.846 2.680 2.484 1.546 0.398 0.211 0.249 0.265 0.283 0.286 0.266 0.222 0.195 0.190 0.189 0.178 0.152 0.116 0.081 0.057 0.043 0.034 0.030 0.030 0.037 0.065 0.115 0.148 0.153 0.142 0.106 0.067 0.042 0.027
9.026 9.153 9.398 9.572 9.731 9.902 10.090 10.300 10.463 10.495 10.540 10.431 9.983 9.027 7.894 6.875 5.938 5.151 4.643 4.379 4.415 4.808 5.526 6.369 6.954 7.277 7.606 7.856 8.012 8.060 8.126 8.151 8.043 7.906 7.714 7.351 6.927 6.413 5.806 5.048 4.324 3.731 3.316 3.047 2.861 2.759 2.418 1.176 0.308 0.235 0.274 0.283 0.275 0.236 0.184 0.167 0.170 0.178 0.176 0.154 0.110 0.067 0.044 0.034 0.031 0.033 0.039 0.059 0.104 0.143 0.154 0.150 0.120 0.077 0.048 0.031 0.022
10.043 9.884 9.970 10.046 10.149 10.284 10.416 10.681 10.926 11.146 11.161 10.807 10.055 8.907 7.558 6.484 5.799 5.352 5.148 5.128 5.307 5.822 6.610 7.360 7.835 8.147 8.444 8.709 8.893 8.946 8.937 8.774 8.671 8.443 8.050 7.525 7.067 6.500 5.857 5.015 4.255 3.705 3.342 3.073 2.865 2.706 2.531 1.934 0.868 0.306 0.268 0.272 0.240 0.193 0.159 0.154 0.165 0.180 0.180 0.156 0.099 0.052 0.034 0.029 0.029 0.032 0.044 0.078 0.136 0.161 0.159 0.141 0.093 0.054 0.034 0.024 0.019
10.880 10.273 10.291 10.308 10.419 10.571 10.715 11.013 11.410 11.653 11.490 10.837 9.837 8.464 7.209 6.417 6.128 5.983 6.051 6.224 6.486 6.964 7.570 8.167 8.538 8.867 9.202 9.512 9.658 9.796 9.781 9.467 9.288 8.983 8.460 7.849 7.245 6.603 5.922 5.045 4.161 3.528 3.217 2.974 2.708 2.464 2.277 2.016 1.380 0.613 0.283 0.229 0.189 0.154 0.141 0.143 0.164 0.189 0.192 0.161 0.089 0.043 0.031 0.029 0.029 0.031 0.043 0.082 0.146 0.171 0.166 0.140 0.087 0.046 0.028 0.020 0.018
10.982 10.374 10.446 10.397 10.518 10.697 10.935 11.267 11.653 11.779 11.477 10.554 9.455 8.165 7.230 6.824 6.844 6.971 7.270 7.528 7.695 7.988 8.373 8.859 9.183 9.495 9.916 10.260 10.344 10.487 10.413 9.981 9.661 9.287 8.791 8.284 7.586 6.807 6.040 5.177 4.220 3.379 2.907 2.662 2.386 2.098 1.915 1.784 1.475 0.907 0.402 0.196 0.149 0.128 0.124 0.131 0.160 0.200 0.211 0.176 0.089 0.041 0.031 0.031 0.032 0.032 0.040 0.075 0.140 0.171 0.172 0.148 0.092 0.049 0.029 0.020 0.017
10.850 10.426 10.511 10.537 10.704 10.836 10.934 11.279 11.621 11.532 11.120 10.281 9.322 8.398 8.007 7.941 7.993 8.206 8.524 8.657 8.745 8.944 9.131 9.503 9.811 10.082 10.555 10.890 10.979 10.982 10.693 10.225 9.907 9.429 9.004 8.543 7.943 7.132 6.277 5.404 4.395 3.398 2.718 2.288 1.982 1.757 1.580 1.441 1.264 0.990 0.574 0.252 0.139 0.115 0.110 0.117 0.150 0.203 0.219 0.190 0.101 0.047 0.034 0.035 0.037 0.036 0.039 0.060 0.115 0.161 0.170 0.156 0.107 0.059 0.036 0.024 0.018
10.468 10.408 10.525 10.587 10.687 10.837 10.917 11.126 11.176 11.062 10.674 10.126 9.612 9.344 9.383 9.415 9.424 9.403 9.536 9.549 9.638 9.870 9.996 10.174 10.419 10.657 11.097 11.316 11.403 11.339 10.940 10.316 10.066 9.529 9.191 8.710 8.161 7.407 6.587 5.685 4.570 3.483 2.718 2.146 1.711 1.483 1.267 1.039 0.895 0.819 0.640 0.342 0.161 0.115 0.107 0.111 0.137 0.191 0.214 0.198 0.127 0.071 0.053 0.044 0.041 0.042 0.044 0.051 0.083 0.135 0.159 0.156 0.125 0.079 0.050 0.033 0.022
10.218 10.265 10.459 10.505 10.433 10.527 10.610 10.666 10.558 10.657 10.611 10.415 10.359 10.263 10.414 10.428 10.405 10.285 10.352 10.288 10.399 10.552 10.796 10.862 10.933 11.034 11.436 11.641 11.688 11.567 11.093 10.434 10.217 9.600 9.380 8.953 8.595 7.867 6.920 5.935 4.692 3.602 2.782 2.159 1.636 1.324 1.043 0.779 0.638 0.596 0.553 0.401 0.217 0.142 0.129 0.130 0.144 0.183 0.207 0.211 0.206 0.184 0.169 0.128 0.069 0.051 0.050 0.053 0.065 0.102 0.135 0.145 0.135 0.104 0.073 0.048 0.031
9.875 10.092 10.298 10.317 10.235 10.205 10.148 10.169 10.160 10.304 10.507 10.652 10.825 10.938 11.044 11.025 11.024 10.902 10.853 10.804 10.879 10.949 11.134 11.159 11.105 11.263 11.454 11.737 11.853 11.666 11.219 10.770 10.399 9.974 10.010 9.892 9.769 9.103 7.837 6.384 4.852 3.735 2.857 2.213 1.686 1.325 1.006 0.736 0.591 0.539 0.508 0.503 0.486 0.470 0.473 0.454 0.418 0.423 0.466 0.595 0.795 0.896 0.903 0.790 0.487 0.180 0.080 0.063 0.059 0.072 0.097 0.119 0.128 0.121 0.100 0.072 0.045
9.381 9.671 9.797 9.792 9.673 9.550 9.541 9.588 9.621 9.800 10.134 10.614 11.040 11.368 11.350 11.402 11.256 11.103 11.113 11.119 11.061 11.125 11.095 11.192 11.148 11.338 11.313 11.592 11.719 11.619 11.297 11.005 10.624 10.453 10.488 10.574 10.654 10.273 9.219 7.524 5.408 3.866 2.903 2.260 1.775 1.411 1.095 0.856 0.730 0.694 0.817 1.289 1.799 1.991 1.983 1.866 1.714 1.656 1.713 1.954 2.301 2.467 2.507 2.433 2.034 1.295 0.630 0.267 0.103 0.057 0.065 0.082 0.108 0.121 0.116 0.096 0.066
8.786 9.112 9.215 9.220 9.157 9.009 8.879 8.861 8.962 9.210 9.619 10.375 10.947 11.315 11.345 11.380 11.212 11.040 10.983 11.032 11.041 11.099 10.923 10.920 10.929 10.926 10.824 10.958 11.074 11.203 11.038 10.851 10.551 10.475 10.584 10.817 10.857 10.458 9.704 8.341 6.315 4.262 2.920 2.281 1.880 1.574 1.320 1.173 1.162 1.368 1.905 2.881 3.708 4.036 4.100 4.017 3.884 3.797 3.802 3.941 4.153 4.263 4.306 4.267 4.197 3.694 2.605 1.381 0.549 0.152 0.055 0.057 0.079 0.107 0.115 0.107 0.087
7.978 8.257 8.318 8.275 8.207 8.115 7.968 7.886 7.879 7.997 8.458 9.319 10.094 10.530 10.475 10.415 10.206 10.064 10.082 10.157 10.260 10.438 10.358 10.179 10.194 9.988 9.563 9.360 9.342 9.388 9.361 9.401 9.554 9.793 10.006 10.052 9.974 9.780 9.263 8.185 6.528 4.499 2.921 2.230 1.937 1.761 1.656 1.637 1.809 2.316 3.090 4.095 4.880 5.326 5.580 5.718 5.814 5.899 5.985 6.009 6.095 6.107 6.156 6.078 5.998 5.658 4.757 3.065 1.474 0.524 0.129 0.052 0.058 0.081 0.102 0.106 0.098
6.815 6.944 6.998 7.025 7.013 6.908 6.691 6.579 6.556 6.653 7.081 7.806 8.288 8.514 8.547 8.491 8.327 8.241 8.291 8.265 8.303 8.385 8.299 8.125 8.067 7.655 7.092 6.647 6.298 6.067 6.120 6.442 7.169 7.750 7.909 7.897 7.881 7.774 7.397 6.725 5.769 4.291 2.738 2.036 1.883 1.848 1.932 2.114 2.460 3.098 3.963 5.027 5.880 6.457 6.929 7.266 7.656 7.923 8.152 8.247 8.273 8.214 8.246 8.047 7.855 7.327 6.237 4.372 2.448 1.184 0.439 0.123 0.058 0.064 0.081 0.096 0.099
4.728 4.718 4.814 5.013 5.098 5.023 4.828 4.740 4.779 4.966 5.332 5.653 5.789 5.810 5.675 5.543 5.480 5.462 5.382 5.207 5.160 5.054 4.792 4.459 4.240 3.994 3.731 3.479 3.291 3.234 3.354 3.665 4.363 4.936 5.182 5.220 5.100 4.808 4.555 4.390 3.912 2.759 1.806 1.571 1.657 1.808 2.055 2.471 3.060 3.914 4.953 6.074 7.004 7.716 8.376 8.915 9.480 9.898 10.162 10.378 10.512 10.501 10.494 10.211 9.864 9.008 7.675 5.684 3.630 2.176 1.148 0.476 0.162 0.081 0.081 0.093 0.102
