AvaFrame/avaframe/data/avaSalk/Avaflow_Input_Output/slk_results/slk_ascii/slk_basechange0009.asc
ncols 296
nrows 144
xllcenter 761600.00
yllcenter 8523000.00
cellsize 12.50
NODATA_value -9999.000
[rows 33 to 65 of 144, columns 222 to 295 of 296]
0.000 0.000 0.000 0.000 -0.000 -0.000 -0.000 -0.000 -0.000 -0.000 -0.000 -0.000 -0.000 -0.000 -0.000 -0.000 -0.000 -0.000 -0.000 -0.000 -0.000 -0.001 -0.001 -0.001 -0.002 -0.004 -0.007 -0.014 -0.026 -0.045 -0.071 -0.104 -0.146 -0.196 -0.267 -0.343 -0.426 -0.519 -0.599 -0.671 -0.727 -0.749 -0.724 -0.663 -0.572 -0.410 -0.204 -0.072 -0.021 -0.004 -0.001 -0.000 -0.000 -0.000 -0.000 0.000 0.000 0.000 0.000 0.000 0.000 0.000 0.000 0.000 0.000 0.000 0.000 0.000 0.000 0.000 0.000 0.000 0.000 0.000
0.000 0.000 0.000 -0.000 -0.000 -0.000 -0.000 -0.000 -0.000 -0.000 -0.000 -0.000 -0.000 -0.000 -0.000 -0.000 -0.000 -0.000 -0.000 -0.001 -0.001 -0.001 -0.002 -0.004 -0.007 -0.014 -0.026 -0.046 -0.074 -0.109 -0.150 -0.195 -0.249 -0.312 -0.409 -0.533 -0.669 -0.816 -0.932 -1.007 -1.046 -1.028 -0.955 -0.836 -0.679 -0.461 -0.226 -0.072 -0.020 -0.004 -0.001 -0.000 -0.000 -0.000 -0.000 0.000 0.000 0.000 0.000 0.000 0.000 0.000 0.000 0.000 0.000 0.000 0.000 0.000 0.000 0.000 0.000 0.000 0.000 0.000
0.000 -0.000 -0.000 -0.000 -0.000 -0.000 -0.000 -0.000 -0.000 -0.000 -0.000 -0.000 -0.000 -0.000 -0.000 -0.000 -0.000 -0.001 -0.001 -0.001 -0.002 -0.003 -0.006 -0.012 -0.024 -0.044 -0.073 -0.111 -0.155 -0.203 -0.254 -0.311 -0.376 -0.465 -0.610 -0.815 -1.052 -1.309 -1.504 -1.596 -1.630 -1.570 -1.402 -1.135 -0.840 -0.532 -0.241 -0.079 -0.021 -0.005 -0.001 -0.000 -0.000 -0.000 -0.000 -0.000 0.000 0.000 0.000 0.000 0.000 0.000 0.000 0.000 0.000 0.000 0.000 0.000 0.000 0.000 0.000 0.000 0.000 0.000
-0.000 -0.000 -0.000 -0.000 -0.000 -0.000 -0.000 -0.000 -0.000 -0.000 -0.000 -0.000 -0.000 -0.000 -0.000 -0.000 -0.001 -0.001 -0.002 -0.003 -0.005 -0.010 -0.020 -0.040 -0.069 -0.108 -0.154 -0.204 -0.257 -0.313 -0.373 -0.444 -0.529 -0.683 -0.941 -1.246 -1.563 -1.891 -2.144 -2.291 -2.348 -2.325 -2.150 -1.747 -1.208 -0.671 -0.274 -0.086 -0.023 -0.005 -0.001 -0.000 -0.000 -0.000 -0.000 -0.000 0.000 0.000 0.000 0.000 0.000 0.000 0.000 0.000 0.000 0.000 0.000 0.000 0.000 0.000 0.000 0.000 0.000 0.000
-0.000 -0.000 -0.000 -0.000 -0.000 -0.000 -0.000 -0.000 -0.000 -0.000 -0.000 -0.000 -0.000 -0.000 -0.001 -0.001 -0.001 -0.002 -0.004 -0.009 -0.017 -0.034 -0.061 -0.101 -0.148 -0.198 -0.252 -0.309 -0.368 -0.429 -0.494 -0.583 -0.702 -0.948 -1.350 -1.756 -2.042 -2.207 -2.318 -2.465 -2.529 -2.562 -2.441 -2.242 -1.795 -0.980 -0.346 -0.093 -0.023 -0.005 -0.001 -0.000 -0.000 -0.000 -0.000 -0.000 0.000 0.000 0.000 0.000 0.000 0.000 0.000 0.000 0.000 0.000 0.000 0.000 0.000 0.000 0.000 0.000 0.000 0.000
-0.000 -0.000 -0.000 -0.000 -0.000 -0.000 -0.000 -0.000 -0.000 -0.000 -0.000 -0.000 -0.001 -0.001 -0.001 -0.002 -0.003 -0.006 -0.013 -0.027 -0.052 -0.090 -0.137 -0.189 -0.244 -0.300 -0.358 -0.419 -0.482 -0.551 -0.621 -0.732 -0.923 -1.275 -1.698 -2.059 -2.360 -2.395 -2.253 -2.208 -2.246 -2.350 -2.172 -2.089 -2.164 -1.418 -0.459 -0.104 -0.024 -0.006 -0.001 -0.000 -0.000 -0.000 -0.000 -0.000 0.000 0.000 0.000 0.000 0.000 0.000 0.000 0.000 0.000 0.000 0.000 0.000 0.000 0.000 0.000 0.000 0.000 0.000
-0.000 -0.000 -0.000 -0.000 -0.000 -0.000 -0.000 -0.000 -0.000 -0.000 -0.001 -0.001 -0.001 -0.002 -0.003 -0.005 -0.009 -0.019 -0.040 -0.074 -0.121 -0.174 -0.231 -0.290 -0.350 -0.412 -0.476 -0.542 -0.611 -0.685 -0.771 -0.912 -1.212 -1.629 -1.978 -2.216 -2.509 -2.538 -2.368 -1.992 -1.699 -1.789 -1.759 -1.798 -2.163 -1.661 -0.511 -0.108 -0.025 -0.005 -0.001 -0.000 -0.000 -0.000 -0.000 -0.000 0.000 0.000 0.000 0.000 0.000 0.000 0.000 0.000 0.000 0.000 0.000 0.000 0.000 0.000 0.000 0.000 0.000 0.000
-0.000 -0.000 -0.000 -0.000 -0.000 -0.000 -0.000 -0.000 -0.001 -0.001 -0.001 -0.002 -0.002 -0.004 -0.007 -0.013 -0.028 -0.056 -0.100 -0.155 -0.215 -0.276 -0.338 -0.404 -0.471 -0.540 -0.610 -0.683 -0.762 -0.847 -0.955 -1.142 -1.512 -1.859 -2.038 -2.204 -2.447 -2.337 -2.329 -2.011 -1.662 -1.642 -1.455 -1.812 -2.178 -1.694 -0.507 -0.101 -0.025 -0.005 -0.002 -0.000 -0.000 -0.000 -0.000 -0.000 0.000 0.000 0.000 0.000 0.000 0.000 0.000 0.000 0.000 0.000 0.000 0.000 0.000 0.000 0.000 0.000 0.000 0.000
-0.000 -0.000 -0.000 -0.000 -0.000 -0.000 -0.000 -0.001 -0.001 -0.001 -0.002 -0.003 -0.005 -0.010 -0.020 -0.041 -0.078 -0.132 -0.195 -0.261 -0.325 -0.396 -0.465 -0.538 -0.613 -0.690 -0.768 -0.848 -0.939 -1.040 -1.191 -1.430 -1.769 -2.000 -2.031 -2.060 -2.193 -2.037 -2.151 -1.930 -1.613 -1.661 -1.514 -1.969 -2.202 -1.463 -0.428 -0.090 -0.022 -0.005 -0.002 -0.001 -0.000 -0.000 -0.000 -0.000 0.000 0.000 0.000 0.000 0.000 0.000 0.000 0.000 0.000 0.000 0.000 0.000 0.000 0.000 0.000 0.000 0.000 0.000
-0.000 -0.000 -0.000 -0.000 -0.000 -0.001 -0.001 -0.001 -0.002 -0.003 -0.005 -0.008 -0.015 -0.029 -0.060 -0.110 -0.178 -0.252 -0.327 -0.400 -0.471 -0.544 -0.624 -0.706 -0.791 -0.879 -0.968 -1.059 -1.166 -1.295 -1.493 -1.786 -2.052 -2.171 -2.109 -2.075 -2.094 -2.008 -2.258 -2.127 -1.804 -1.776 -1.606 -1.961 -1.874 -1.020 -0.293 -0.072 -0.019 -0.005 -0.002 -0.001 -0.000 -0.000 -0.000 -0.000 0.000 0.000 0.000 0.000 0.000 0.000 0.000 0.000 0.000 0.000 0.000 0.000 0.000 0.000 0.000 0.000 0.000 0.000
-0.000 -0.000 -0.000 -0.001 -0.001 -0.001 -0.002 -0.003 -0.004 -0.007 -0.012 -0.024 -0.046 -0.088 -0.153 -0.236 -0.322 -0.406 -0.489 -0.571 -0.654 -0.739 -0.834 -0.931 -1.029 -1.132 -1.237 -1.353 -1.489 -1.681 -1.907 -2.188 -2.383 -2.436 -2.337 -2.244 -2.170 -2.061 -2.173 -2.056 -1.837 -1.786 -1.724 -1.798 -1.376 -0.620 -0.175 -0.051 -0.014 -0.004 -0.001 -0.001 -0.000 -0.000 -0.000 -0.000 0.000 0.000 0.000 0.000 0.000 0.000 0.000 0.000 0.000 0.000 0.000 0.000 0.000 0.000 0.000 0.000 0.000 0.000
-0.000 -0.001 -0.001 -0.001 -0.002 -0.002 -0.004 -0.006 -0.011 -0.021 -0.040 -0.075 -0.133 -0.213 -0.308 -0.405 -0.496 -0.583 -0.672 -0.773 -0.878 -0.991 -1.121 -1.249 -1.372 -1.503 -1.646 -1.802 -2.004 -2.272 -2.535 -2.718 -2.846 -2.863 -2.815 -2.677 -2.462 -2.276 -2.330 -2.263 -2.018 -1.858 -1.715 -1.428 -0.820 -0.330 -0.107 -0.034 -0.010 -0.003 -0.001 -0.001 -0.000 -0.000 -0.000 -0.000 0.000 0.000 0.000 0.000 0.000 0.000 0.000 0.000 0.000 0.000 0.000 0.000 0.000 0.000 0.000 0.000 0.000 0.000
-0.001 -0.001 -0.001 -0.002 -0.003 -0.005 -0.009 -0.017 -0.034 -0.065 -0.116 -0.192 -0.291 -0.395 -0.496 -0.596 -0.696 -0.800 -0.909 -1.044 -1.202 -1.362 -1.544 -1.736 -1.916 -2.097 -2.301 -2.520 -2.761 -3.014 -3.263 -3.407 -3.428 -3.356 -3.295 -3.224 -3.043 -2.790 -2.639 -2.368 -2.093 -1.715 -1.355 -0.847 -0.394 -0.155 -0.059 -0.021 -0.007 -0.003 -0.001 -0.000 -0.000 -0.000 -0.000 -0.000 0.000 0.000 0.000 0.000 0.000 0.000 0.000 0.000 0.000 0.000 0.000 0.000 0.000 0.000 0.000 0.000 0.000 0.000
-0.001 -0.002 -0.003 -0.005 -0.008 -0.014 -0.026 -0.052 -0.098 -0.167 -0.257 -0.361 -0.474 -0.591 -0.700 -0.817 -0.948 -1.092 -1.262 -1.464 -1.713 -1.968 -2.207 -2.439 -2.655 -2.836 -3.036 -3.256 -3.437 -3.559 -3.655 -3.725 -3.689 -3.538 -3.424 -3.288 -3.032 -2.730 -2.414 -2.070 -1.656 -1.176 -0.713 -0.370 -0.166 -0.070 -0.030 -0.012 -0.005 -0.002 -0.001 -0.000 -0.000 -0.000 -0.000 -0.000 0.000 0.000 0.000 0.000 0.000 0.000 0.000 0.000 0.000 0.000 0.000 0.000 0.000 0.000 0.000 0.000 0.000 0.000
-0.003 -0.004 -0.006 -0.011 -0.021 -0.041 -0.079 -0.138 -0.222 -0.322 -0.429 -0.544 -0.664 -0.798 -0.941 -1.101 -1.303 -1.529 -1.798 -2.119 -2.443 -2.733 -2.949 -3.093 -3.188 -3.270 -3.387 -3.542 -3.662 -3.682 -3.630 -3.579 -3.449 -3.209 -2.995 -2.728 -2.351 -1.923 -1.560 -1.215 -0.867 -0.541 -0.300 -0.153 -0.073 -0.034 -0.016 -0.007 -0.003 -0.001 -0.001 -0.000 -0.000 -0.000 -0.000 0.000 0.000 0.000 0.000 0.000 0.000 0.000 0.000 0.000 0.000 0.000 0.000 0.000 0.000 0.000 0.000 0.000 0.000 0.000
-0.006 -0.009 -0.017 -0.033 -0.063 -0.115 -0.192 -0.287 -0.390 -0.504 -0.621 -0.747 -0.892 -1.062 -1.259 -1.504 -1.812 -2.168 -2.513 -2.843 -3.103 -3.256 -3.320 -3.345 -3.345 -3.345 -3.390 -3.472 -3.500 -3.424 -3.214 -2.955 -2.678 -2.344 -2.023 -1.709 -1.370 -1.057 -0.808 -0.595 -0.406 -0.250 -0.141 -0.075 -0.039 -0.019 -0.009 -0.004 -0.002 -0.001 -0.001 -0.000 -0.000 -0.000 -0.000 0.000 0.000 0.000 0.000 0.000 0.000 0.000 0.000 0.000 0.000 0.000 0.000 0.000 0.000 0.000 0.000 0.000 0.000 0.000
-0.014 -0.027 -0.052 -0.095 -0.161 -0.249 -0.352 -0.464 -0.581 -0.712 -0.858 -1.017 -1.212 -1.457 -1.736 -2.077 -2.477 -2.868 -3.129 -3.279 -3.349 -3.358 -3.312 -3.267 -3.215 -3.140 -3.095 -3.046 -2.939 -2.733 -2.438 -2.091 -1.751 -1.464 -1.224 -1.016 -0.822 -0.639 -0.484 -0.353 -0.243 -0.152 -0.087 -0.046 -0.023 -0.011 -0.005 -0.003 -0.001 -0.001 -0.000 -0.000 -0.000 -0.000 -0.000 0.000 0.000 0.000 0.000 0.000 0.000 0.000 0.000 0.000 0.000 0.000 0.000 0.000 0.000 0.000 0.000 0.000 0.000 0.000
-0.042 -0.079 -0.138 -0.219 -0.320 -0.430 -0.541 -0.664 -0.803 -0.967 -1.165 -1.399 -1.667 -2.002 -2.375 -2.752 -3.083 -3.297 -3.361 -3.336 -3.266 -3.152 -2.991 -2.836 -2.697 -2.559 -2.453 -2.343 -2.173 -1.949 -1.697 -1.440 -1.200 -1.002 -0.845 -0.707 -0.574 -0.451 -0.343 -0.250 -0.169 -0.103 -0.056 -0.028 -0.013 -0.007 -0.003 -0.002 -0.001 -0.001 -0.000 -0.000 -0.000 -0.000 -0.000 0.000 0.000 0.000 0.000 0.000 0.000 0.000 0.000 0.000 0.000 0.000 0.000 0.000 0.000 0.000 0.000 0.000 0.000 0.000
-0.115 -0.188 -0.284 -0.392 -0.507 -0.632 -0.763 -0.912 -1.091 -1.306 -1.568 -1.870 -2.209 -2.577 -2.936 -3.200 -3.334 -3.331 -3.238 -3.068 -2.853 -2.612 -2.384 -2.199 -2.062 -1.955 -1.870 -1.773 -1.626 -1.431 -1.232 -1.049 -0.888 -0.754 -0.636 -0.532 -0.431 -0.337 -0.257 -0.185 -0.119 -0.067 -0.033 -0.016 -0.008 -0.004 -0.002 -0.001 -0.001 -0.000 -0.000 -0.000 -0.000 -0.000 0.000 0.000 0.000 0.000 0.000 0.000 0.000 0.000 0.000 0.000 0.000 0.000 0.000 0.000 0.000 0.000 0.000 0.000 0.000 0.000
-0.249 -0.351 -0.461 -0.582 -0.710 -0.851 -1.017 -1.207 -1.438 -1.705 -2.023 -2.356 -2.693 -2.981 -3.185 -3.272 -3.212 -3.034 -2.778 -2.486 -2.190 -1.958 -1.790 -1.693 -1.638 -1.582 -1.510 -1.407 -1.265 -1.098 -0.944 -0.811 -0.694 -0.597 -0.506 -0.419 -0.337 -0.259 -0.192 -0.132 -0.079 -0.040 -0.020 -0.010 -0.005 -0.003 -0.002 -0.001 -0.001 -0.000 -0.000 -0.000 -0.000 -0.000 0.000 0.000 0.000 0.000 0.000 0.000 0.000 0.000 0.000 0.000 0.000 0.000 0.000 0.000 0.000 0.000 0.000 0.000 0.000 0.000
-0.430 -0.542 -0.661 -0.792 -0.940 -1.108 -1.304 -1.531 -1.809 -2.109 -2.430 -2.729 -2.976 -3.121 -3.129 -3.052 -2.838 -2.494 -2.151 -1.852 -1.636 -1.508 -1.441 -1.409 -1.396 -1.355 -1.267 -1.148 -1.011 -0.873 -0.750 -0.651 -0.568 -0.488 -0.412 -0.339 -0.268 -0.201 -0.142 -0.091 -0.051 -0.025 -0.012 -0.006 -0.003 -0.002 -0.001 -0.001 -0.000 -0.000 -0.000 -0.000 -0.000 -0.000 0.000 0.000 0.000 0.000 0.000 0.000 0.000 0.000 0.000 0.000 0.000 0.000 0.000 0.000 0.000 0.000 0.000 0.000 0.000 0.000
-0.611 -0.737 -0.870 -1.020 -1.191 -1.388 -1.619 -1.877 -2.167 -2.464 -2.728 -2.923 -3.024 -3.020 -2.860 -2.608 -2.315 -1.963 -1.665 -1.465 -1.343 -1.281 -1.254 -1.248 -1.233 -1.176 -1.071 -0.943 -0.815 -0.707 -0.616 -0.536 -0.469 -0.406 -0.340 -0.274 -0.213 -0.156 -0.105 -0.062 -0.033 -0.016 -0.008 -0.004 -0.002 -0.001 -0.001 -0.000 -0.000 -0.000 -0.000 -0.000 -0.000 0.000 0.000 0.000 0.000 0.000 0.000 0.000 0.000 0.000 0.000 0.000 0.000 0.000 0.000 0.000 0.000 0.000 0.000 0.000 0.000 0.000
-0.789 -0.924 -1.075 -1.247 -1.447 -1.675 -1.932 -2.216 -2.473 -2.714 -2.875 -2.939 -2.889 -2.732 -2.459 -2.126 -1.818 -1.567 -1.392 -1.279 -1.210 -1.176 -1.161 -1.142 -1.098 -1.015 -0.898 -0.771 -0.661 -0.576 -0.510 -0.451 -0.394 -0.338 -0.280 -0.221 -0.168 -0.120 -0.076 -0.042 -0.022 -0.011 -0.006 -0.003 -0.002 -0.001 -0.001 -0.000 -0.000 -0.000 -0.000 -0.000 -0.000 0.000 0.000 0.000 0.000 0.000 0.000 0.000 0.000 0.000 0.000 0.000 0.000 0.000 0.000 0.000 0.000 0.000 0.000 0.000 0.000 0.000
-0.988 -1.129 -1.295 -1.488 -1.711 -1.961 -2.221 -2.472 -2.677 -2.818 -2.846 -2.783 -2.625 -2.363 -2.044 -1.735 -1.482 -1.312 -1.216 -1.171 -1.143 -1.120 -1.097 -1.052 -0.972 -0.862 -0.742 -0.631 -0.544 -0.478 -0.426 -0.381 -0.334 -0.284 -0.230 -0.178 -0.132 -0.090 -0.054 -0.029 -0.014 -0.007 -0.004 -0.002 -0.001 -0.001 -0.000 -0.000 -0.000 -0.000 -0.000 -0.000 0.000 0.000 0.000 0.000 0.000 0.000 0.000 0.000 0.000 0.000 0.000 0.000 0.000 0.000 0.000 0.000 0.000 0.000 0.000 0.000 0.000 0.000
-1.192 -1.348 -1.537 -1.741 -1.967 -2.207 -2.433 -2.617 -2.724 -2.761 -2.675 -2.489 -2.255 -1.963 -1.658 -1.411 -1.248 -1.156 -1.107 -1.091 -1.091 -1.069 -1.019 -0.943 -0.840 -0.720 -0.608 -0.520 -0.454 -0.404 -0.362 -0.322 -0.281 -0.237 -0.189 -0.143 -0.102 -0.067 -0.037 -0.019 -0.009 -0.005 -0.003 -0.001 -0.001 -0.001 -0.000 -0.000 -0.000 -0.000 -0.000 -0.000 0.000 0.000 0.000 0.000 0.000 0.000 0.000 0.000 0.000 0.000 0.000 0.000 0.000 0.000 0.000 0.000 0.000 0.000 0.000 0.000 0.000 0.000
-1.386 -1.555 -1.762 -1.976 -2.177 -2.387 -2.550 -2.646 -2.650 -2.579 -2.427 -2.179 -1.887 -1.586 -1.337 -1.165 -1.072 -1.035 -1.033 -1.037 -1.036 -1.000 -0.920 -0.816 -0.700 -0.587 -0.499 -0.432 -0.383 -0.344 -0.309 -0.273 -0.233 -0.193 -0.152 -0.113 -0.079 -0.048 -0.025 -0.012 -0.006 -0.003 -0.002 -0.001 -0.001 -0.000 -0.000 -0.000 -0.000 -0.000 -0.000 0.000 0.000 0.000 0.000 0.000 0.000 0.000 0.000 0.000 0.000 0.000 0.000 0.000 0.000 0.000 0.000 0.000 0.000 0.000 0.000 0.000 0.000 0.000
-1.572 -1.755 -1.956 -2.158 -2.329 -2.476 -2.585 -2.578 -2.492 -2.341 -2.134 -1.862 -1.566 -1.306 -1.127 -1.022 -0.974 -0.965 -0.976 -0.985 -0.971 -0.909 -0.804 -0.686 -0.572 -0.479 -0.413 -0.365 -0.327 -0.295 -0.264 -0.231 -0.193 -0.156 -0.120 -0.088 -0.059 -0.034 -0.017 -0.008 -0.004 -0.002 -0.001 -0.001 -0.000 -0.000 -0.000 -0.000 -0.000 -0.000 -0.000 0.000 0.000 0.000 0.000 0.000 0.000 0.000 0.000 0.000 0.000 0.000 0.000 0.000 0.000 0.000 0.000 0.000 0.000 0.000 0.000 0.000 0.000 0.000
-1.751 -1.941 -2.119 -2.285 -2.411 -2.479 -2.499 -2.439 -2.295 -2.084 -1.818 -1.542 -1.290 -1.109 -1.007 -0.949 -0.929 -0.938 -0.947 -0.934 -0.887 -0.799 -0.676 -0.564 -0.471 -0.403 -0.354 -0.315 -0.284 -0.256 -0.227 -0.195 -0.160 -0.127 -0.097 -0.069 -0.044 -0.024 -0.012 -0.006 -0.003 -0.001 -0.001 -0.000 -0.000 -0.000 -0.000 -0.000 -0.000 -0.000 -0.000 0.000 0.000 0.000 0.000 0.000 0.000 0.000 0.000 0.000 0.000 0.000 0.000 0.000 0.000 0.000 0.000 0.000 0.000 0.000 0.000 0.000 0.000 0.000
-1.922 -2.087 -2.244 -2.351 -2.408 -2.402 -2.356 -2.249 -2.070 -1.815 -1.523 -1.272 -1.093 -0.986 -0.936 -0.917 -0.915 -0.926 -0.915 -0.872 -0.788 -0.672 -0.555 -0.464 -0.397 -0.347 -0.308 -0.276 -0.248 -0.222 -0.195 -0.165 -0.133 -0.105 -0.078 -0.054 -0.033 -0.017 -0.008 -0.004 -0.002 -0.001 -0.001 -0.000 -0.000 -0.000 -0.000 -0.000 -0.000 -0.000 -0.000 0.000 0.000 0.000 0.000 0.000 0.000 0.000 0.000 0.000 0.000 0.000 0.000 0.000 0.000 0.000 0.000 0.000 0.000 0.000 0.000 0.000 0.000 0.000
-2.065 -2.191 -2.299 -2.344 -2.330 -2.266 -2.183 -2.044 -1.818 -1.540 -1.275 -1.088 -0.977 -0.923 -0.898 -0.906 -0.911 -0.899 -0.858 -0.778 -0.666 -0.549 -0.455 -0.390 -0.343 -0.304 -0.271 -0.242 -0.216 -0.192 -0.166 -0.139 -0.112 -0.087 -0.063 -0.041 -0.024 -0.012 -0.006 -0.003 -0.001 -0.001 -0.000 -0.000 -0.000 -0.000 -0.000 -0.000 -0.000 -0.000 -0.000 0.000 0.000 0.000 0.000 0.000 0.000 0.000 0.000 0.000 0.000 0.000 0.000 0.000 0.000 0.000 0.000 0.000 0.000 0.000 0.000 0.000 0.000 0.000
-2.172 -2.251 -2.282 -2.262 -2.197 -2.111 -1.991 -1.814 -1.569 -1.302 -1.094 -0.973 -0.914 -0.894 -0.891 -0.898 -0.892 -0.841 -0.761 -0.657 -0.543 -0.446 -0.381 -0.336 -0.301 -0.269 -0.240 -0.213 -0.188 -0.165 -0.142 -0.118 -0.095 -0.072 -0.049 -0.029 -0.016 -0.008 -0.004 -0.002 -0.001 -0.001 -0.000 -0.000 -0.000 -0.000 -0.000 -0.000 -0.000 -0.000 -0.000 0.000 0.000 0.000 0.000 0.000 0.000 0.000 0.000 0.000 0.000 0.000 0.000 0.000 0.000 0.000 0.000 0.000 0.000 0.000 0.000 0.000 0.000 0.000
-2.224 -2.238 -2.210 -2.140 -2.055 -1.952 -1.807 -1.584 -1.325 -1.117 -0.980 -0.908 -0.880 -0.882 -0.889 -0.881 -0.839 -0.750 -0.640 -0.534 -0.441 -0.372 -0.325 -0.293 -0.266 -0.240 -0.213 -0.187 -0.164 -0.142 -0.121 -0.100 -0.079 -0.056 -0.035 -0.020 -0.010 -0.005 -0.003 -0.001 -0.001 -0.000 -0.000 -0.000 -0.000 -0.000 -0.000 -0.000 -0.000 -0.000 -0.000 0.000 0.000 0.000 0.000 0.000 0.000 0.000 0.000 0.000 0.000 0.000 0.000 0.000 0.000 0.000 0.000 0.000 0.000 0.000 0.000 0.000 0.000 0.000
-2.209 -2.168 -2.108 -2.030 -1.928 -1.794 -1.605 -1.357 -1.124 -0.981 -0.908 -0.869 -0.859 -0.865 -0.857 -0.820 -0.750 -0.640 -0.529 -0.436 -0.367 -0.318 -0.283 -0.255 -0.233 -0.211 -0.188 -0.163 -0.141 -0.122 -0.103 -0.084 -0.063 -0.041 -0.023 -0.012 -0.006 -0.003 -0.002 -0.001 -0.001 -0.000 -0.000 -0.000 -0.000 -0.000 -0.000 -0.000 -0.000 -0.000 -0.000 0.000 0.000 0.000 0.000 0.000 0.000 0.000 0.000 0.000 0.000 0.000 0.000 0.000 0.000 0.000 0.000 0.000 0.000 0.000 0.000 0.000 0.000 0.000
