AvaFrame/avaframe/data/avaSalk/Avaflow_Input_Output/slk_results/slk_ascii/slk_elev_mod.asc
ncols 296
nrows 144
xllcenter 761600.00
yllcenter 8523000.00
cellsize 12.50
NODATA_value -9999.000
[rows 68 to 101 of 144, columns 152 to 227 of 296]
0.000 0.000 0.000 0.000 0.000 0.000 0.000 0.000 0.000 0.000 0.000 0.000 0.000 0.000 0.000 0.000 0.000 0.000 0.000 0.000 0.000 0.000 0.000 0.000 0.000 0.000 0.000 0.000 0.000 0.000 0.000 0.000 0.000 0.000 0.000 0.000 0.000 0.000 0.000 0.000 0.000 0.000 0.000 0.000 0.000 0.000 0.000 -0.000 -0.000 -0.000 -0.000 -0.000 -0.000 -0.000 -0.000 -0.000 -0.000 0.000 0.001 0.002 0.003 0.007 0.016 0.026 0.028 0.028 0.017 -0.004 -0.012 0.010 0.043 0.000 0.000 0.000 0.000 -0.158
0.000 0.000 0.000 0.000 0.000 0.000 0.000 0.000 0.000 0.000 0.000 0.000 0.000 0.000 0.001 0.001 0.001 0.000 0.000 0.000 0.000 0.000 0.000 0.000 0.000 0.000 -0.000 0.000 0.000 0.000 0.000 0.000 0.000 0.000 0.000 0.000 0.000 0.000 0.000 0.000 0.000 0.000 0.000 0.000 0.000 0.000 -0.000 0.000 0.000 0.000 -0.000 -0.001 -0.001 -0.000 0.000 -0.000 -0.001 0.001 0.002 0.003 0.005 0.011 0.023 0.034 0.035 0.032 0.015 -0.008 -0.008 0.046 0.000 0.000 0.000 0.000 0.000 0.000
0.000 0.000 0.000 0.000 0.000 0.000 0.000 0.000 0.000 0.000 0.000 0.000 0.001 0.001 0.001 0.001 0.001 0.001 0.001 0.001 0.001 0.001 0.002 0.001 0.001 0.000 -0.000 0.000 0.000 0.000 0.000 0.000 0.000 0.000 0.000 0.000 0.000 0.000 0.000 0.000 0.000 0.000 0.000 0.000 0.000 0.000 0.000 0.000 0.000 0.000 0.000 0.000 0.000 0.000 0.000 0.000 -0.000 0.001 0.002 0.006 0.014 0.027 0.039 0.042 0.047 0.037 0.005 -0.026 -0.004 0.000 0.000 0.000 0.000 0.000 0.000 0.000
0.000 0.000 0.000 0.000 0.001 0.000 0.000 0.000 0.000 0.000 0.000 0.000 0.001 0.001 0.001 0.002 0.003 0.004 0.003 0.002 0.003 0.005 0.006 0.005 0.003 0.001 0.000 0.000 0.000 0.000 0.000 0.000 0.000 0.000 0.000 0.000 0.000 0.000 0.000 0.000 0.000 0.000 0.000 0.000 0.000 0.000 0.000 0.000 0.000 0.000 0.000 0.000 0.000 0.000 0.000 0.000 -0.001 0.000 0.004 0.021 0.055 0.065 0.045 0.033 0.024 0.004 -0.064 -0.075 0.000 0.000 0.000 0.000 0.000 0.000 0.000 0.000
0.000 0.000 0.000 0.000 0.000 0.000 0.000 0.000 0.000 0.000 0.000 0.000 0.001 0.001 0.002 0.003 0.005 0.008 0.008 0.007 0.011 0.020 0.026 0.019 0.010 0.000 0.000 -0.000 -0.000 0.000 0.000 0.000 0.000 0.000 0.000 0.000 0.000 0.000 0.000 0.000 0.000 -0.000 0.000 0.000 0.000 0.000 0.000 0.000 0.000 0.000 0.000 -0.000 -0.000 0.002 0.001 -0.002 -0.002 0.001 0.009 0.057 0.135 0.096 -0.000 -0.042 -0.067 -0.113 -0.226 -0.158 0.000 0.000 0.000 0.000 0.000 0.000 0.000 0.000
0.000 0.000 0.000 0.000 0.000 0.000 0.001 0.001 0.001 0.001 0.001 0.001 0.001 0.002 0.003 0.005 0.011 0.021 0.030 0.036 0.055 0.076 0.080 0.049 0.022 0.002 0.000 -0.000 -0.000 -0.000 -0.000 -0.000 0.000 0.000 0.000 0.000 0.000 0.000 0.000 0.000 0.000 0.000 0.000 0.000 0.000 0.000 0.000 0.000 0.000 -0.001 -0.002 -0.004 -0.002 0.002 -0.001 -0.005 -0.002 0.004 0.035 0.031 0.021 -0.130 -0.182 -0.097 -0.133 -0.154 -0.114 -0.058 0.000 0.000 0.000 0.000 0.000 0.000 0.000 0.000
0.000 0.000 0.000 0.000 0.000 0.001 0.002 0.004 0.004 0.004 0.004 0.003 0.003 0.003 0.006 0.015 0.038 0.099 0.184 0.220 0.251 0.242 0.157 0.068 0.026 -0.004 -0.001 -0.001 -0.001 -0.001 -0.000 -0.000 -0.000 -0.000 -0.000 0.000 0.000 0.000 0.000 0.000 0.000 0.000 0.000 0.001 0.001 0.000 0.000 0.000 0.000 -0.003 -0.006 -0.008 -0.004 -0.001 -0.005 -0.006 0.001 0.040 -0.268 -0.883 -1.406 -1.474 -0.961 -0.373 -0.086 0.000 0.000 0.000 0.000 0.000 0.000 0.000 0.000 0.000 0.000 0.000
0.000 0.000 0.000 0.000 0.001 0.003 0.007 0.014 0.014 0.013 0.011 0.008 0.005 0.007 0.019 0.065 0.210 0.459 0.575 0.481 0.387 0.306 0.179 0.068 -0.002 -0.051 -0.025 -0.003 -0.002 -0.002 -0.002 -0.001 -0.001 -0.001 0.000 0.001 0.000 0.000 0.000 0.000 0.000 -0.000 0.000 0.001 0.002 0.001 0.000 -0.000 -0.002 -0.006 -0.011 -0.011 -0.009 -0.006 -0.010 -0.009 0.038 -0.234 -0.927 -1.643 -2.075 -2.061 -1.238 -0.485 -0.065 0.000 0.000 0.000 0.027 0.000 0.000 0.000 0.000 0.000 0.000 0.000
0.001 0.001 0.001 0.002 0.005 0.013 0.033 0.071 0.068 0.045 0.023 0.019 0.016 0.030 0.103 0.344 0.601 0.737 0.565 0.276 0.123 0.129 0.121 0.014 -0.108 -0.167 -0.099 -0.029 -0.017 -0.009 -0.004 -0.004 -0.003 -0.001 0.001 0.001 0.001 0.000 0.000 0.000 0.000 -0.000 0.000 0.001 0.000 -0.001 -0.002 -0.003 -0.005 -0.010 -0.015 -0.015 -0.012 -0.007 -0.011 0.010 -0.037 -0.221 -0.648 -1.225 -1.560 -1.528 -0.808 -0.201 0.000 0.000 0.000 0.123 0.286 0.333 0.254 0.116 0.001 0.000 0.000 0.000
0.003 0.003 0.004 0.008 0.020 0.066 0.228 0.503 0.470 0.261 0.082 0.080 0.149 0.311 0.631 0.920 0.754 0.284 -0.099 -0.291 -0.358 -0.284 -0.209 -0.304 -0.449 -0.485 -0.459 -0.253 -0.150 -0.101 -0.063 -0.038 -0.000 0.025 0.010 0.003 0.002 0.001 0.000 0.000 0.000 -0.000 0.000 -0.000 -0.007 -0.011 -0.011 -0.008 -0.010 -0.015 -0.014 -0.014 -0.005 0.005 0.024 0.005 -0.062 -0.082 -0.278 -0.505 -0.599 -0.437 0.273 0.498 0.207 0.085 0.199 0.369 0.579 0.660 0.552 0.331 0.092 0.000 0.000 0.000
0.011 0.012 0.017 0.032 0.100 0.390 0.920 1.182 0.797 0.249 0.038 0.354 0.731 1.000 1.103 0.886 0.510 -0.084 -0.583 -0.649 -0.726 -0.738 -0.864 -1.004 -1.026 -1.335 -1.605 -1.249 -0.818 -0.611 -0.435 -0.248 -0.002 0.206 0.208 0.124 0.019 0.003 0.001 0.000 0.000 -0.000 -0.000 -0.002 -0.013 -0.022 -0.023 -0.020 -0.018 -0.015 -0.011 -0.008 0.007 0.022 0.046 0.000 -0.018 -0.019 -0.048 -0.077 -0.012 0.229 0.778 0.870 0.613 0.456 0.443 0.571 0.766 0.876 0.818 0.609 0.273 0.028 0.000 0.000
0.057 0.077 0.130 0.273 0.732 1.378 1.519 0.870 0.440 -0.069 0.005 0.421 0.765 0.641 0.640 0.179 -0.438 -0.775 -1.092 -1.131 -1.277 -1.412 -1.535 -1.520 -1.598 -2.248 -2.495 -2.053 -1.561 -1.152 -0.764 -0.461 -0.125 0.371 0.576 0.409 0.122 0.003 0.007 0.000 0.000 0.000 -0.001 -0.003 -0.011 -0.019 -0.025 -0.024 -0.022 -0.019 -0.015 -0.007 0.016 0.033 0.000 0.000 0.000 -0.022 -0.039 0.000 0.000 0.213 0.826 1.052 0.906 0.690 0.584 0.634 0.810 1.005 1.062 0.935 0.567 0.157 0.000 0.000
0.487 0.656 1.005 1.538 2.141 2.196 1.344 0.559 0.420 0.501 0.692 0.387 -0.206 -0.597 -0.543 -0.940 -1.318 -1.440 -1.450 -1.639 -1.826 -2.410 -2.598 -2.332 -2.850 -3.337 -2.835 -2.270 -1.965 -1.648 -1.346 -1.123 -0.824 -0.217 0.267 0.057 -0.216 -0.274 -0.098 -0.004 -0.001 -0.000 -0.002 -0.005 -0.007 -0.009 -0.017 -0.026 -0.030 -0.028 -0.022 0.001 0.029 0.000 0.000 0.000 0.000 -0.015 0.000 0.000 0.000 0.000 0.422 0.770 0.772 0.568 0.460 0.510 0.711 1.030 1.280 1.295 0.995 0.423 0.095 0.015
2.165 2.177 2.139 1.967 2.062 1.567 0.465 0.275 0.369 0.683 0.973 0.273 -0.950 -1.368 -1.416 -1.787 -1.634 -1.810 -1.698 -1.961 -2.216 -2.622 -2.906 -3.377 -4.285 -3.954 -2.457 -1.720 -1.734 -1.776 -1.855 -1.776 -1.585 -1.398 -1.158 -0.846 -0.918 -0.791 -0.613 -0.400 -0.172 -0.017 -0.006 -0.009 -0.008 -0.006 -0.010 -0.023 -0.035 -0.034 -0.019 0.010 0.000 0.000 0.000 0.000 0.001 0.000 0.000 0.000 0.000 0.000 0.000 0.245 0.356 0.270 0.220 0.306 0.513 0.874 1.334 1.570 1.438 0.871 0.328 0.133
2.301 2.392 2.255 1.852 0.903 0.955 -0.441 -1.021 -0.467 -0.360 -0.170 -0.519 -1.415 -1.622 -1.796 -1.797 -1.759 -1.631 -1.753 -2.087 -2.156 -2.085 -2.641 -3.912 -4.805 -3.703 -2.205 -1.582 -1.643 -2.062 -2.313 -2.251 -2.680 -2.431 -2.318 -1.701 -2.259 -1.987 -1.853 -1.556 -1.101 -0.448 -0.036 -0.011 -0.006 -0.004 -0.008 -0.020 -0.036 -0.036 -0.022 0.000 0.000 0.000 0.000 0.000 0.000 0.000 0.000 0.000 0.000 0.000 0.000 0.000 0.000 0.000 0.023 0.139 0.331 0.626 1.100 1.590 1.646 1.270 0.656 0.315
1.987 2.178 2.464 1.956 0.493 0.000 -1.644 -1.515 0.524 -1.863 -2.211 -2.415 -2.152 -2.529 -2.391 -2.255 -2.098 -1.291 -1.612 -2.042 -1.922 -1.910 -2.380 -4.167 -4.080 -2.192 -1.731 -1.750 -1.908 -2.518 -2.353 -2.721 -2.961 -3.036 -3.225 -4.276 -5.199 -4.247 -3.406 -2.804 -2.544 -1.888 -0.769 -0.125 -0.007 -0.005 -0.006 -0.019 -0.042 -0.049 -0.028 0.000 0.023 0.033 0.020 0.000 0.000 0.000 0.000 0.000 0.000 0.000 0.000 0.000 0.000 0.000 0.000 0.067 0.206 0.391 0.736 1.372 1.625 1.408 0.902 0.485
1.292 1.999 2.024 1.888 0.652 -0.676 -1.707 -1.854 -1.482 -3.217 -3.389 -3.238 -2.983 -3.334 -1.997 -2.755 -3.149 -1.648 -2.273 -1.863 -1.912 -1.893 -2.716 -3.808 -2.797 -1.349 -1.362 -1.541 -2.158 -2.174 -2.458 -3.183 -2.840 -2.825 -4.078 -4.701 -5.943 -5.436 -4.570 -3.437 -3.343 -3.253 -2.444 -1.299 -0.457 -0.009 -0.021 -0.037 -0.058 -0.029 -0.007 0.035 0.069 0.059 0.012 0.000 0.000 0.000 0.000 0.000 0.000 0.000 0.000 0.000 0.000 0.000 0.000 0.042 0.131 0.273 0.552 1.147 1.418 1.299 0.966 0.574
0.000 0.110 0.758 0.480 0.000 0.000 -0.219 0.000 -1.404 -1.105 -1.962 -2.364 -2.795 -1.762 -1.917 -2.505 -3.334 -1.705 -2.584 -1.808 -2.404 -2.273 -3.120 -3.132 -1.963 -1.476 -1.585 -1.692 -2.198 -1.867 -2.338 -3.120 -3.098 -2.158 -3.914 -3.641 -4.445 -4.568 -4.386 -3.774 -3.597 -3.794 -3.432 -2.488 -1.775 -0.915 -0.245 -0.073 -0.061 -0.005 -0.003 0.044 0.107 0.067 0.000 0.000 0.000 0.000 0.017 0.000 0.000 0.000 0.000 0.000 0.000 0.000 0.002 0.039 0.099 0.220 0.476 0.972 1.096 1.007 0.794 0.493
0.000 0.462 1.069 1.001 0.000 0.000 0.000 0.000 -0.884 0.000 0.000 -1.173 -0.355 -1.405 0.000 -1.146 -3.384 -1.384 -2.768 -3.544 -3.275 -3.084 -2.914 -2.183 -1.848 -1.735 -1.630 -2.022 -2.029 -1.985 -1.412 -1.473 -1.259 -2.409 -3.515 -2.608 -2.807 -3.230 -3.018 -3.515 -3.703 -4.064 -3.619 -2.647 -2.175 -2.148 -1.210 -0.159 -0.070 -0.012 -0.004 0.108 0.216 0.128 0.000 0.000 0.000 0.164 0.257 0.239 0.201 0.160 0.124 0.091 0.055 0.033 0.036 0.056 0.100 0.186 0.418 0.749 0.721 0.597 0.429 0.266
0.000 -0.533 -0.426 -0.109 -1.153 -1.665 -1.448 0.409 1.341 -0.436 -1.496 -0.639 -0.046 -0.999 -0.470 -1.218 -0.992 -2.251 -4.177 -3.734 -3.920 -2.985 -2.102 -1.894 -1.830 -1.946 -1.605 -1.721 -2.120 -1.819 -1.246 -0.581 -0.972 -0.868 -1.284 -2.479 -0.564 -1.052 -2.183 -2.334 -2.897 -3.766 -3.678 -2.534 -1.617 -1.944 -1.994 -1.165 0.000 -0.032 0.019 0.217 0.318 0.181 0.000 0.000 0.099 0.474 0.646 0.599 0.426 0.265 0.184 0.151 0.124 0.096 0.082 0.090 0.108 0.178 0.395 0.500 0.411 0.267 0.135 0.077
-0.884 -0.911 0.000 0.000 0.000 1.808 0.000 -0.300 -0.206 -0.080 0.272 -0.611 -1.273 0.000 -0.268 -2.136 -1.518 -3.813 -5.018 -3.893 -4.322 -2.712 -2.123 -2.386 -2.212 -2.093 -2.249 -2.651 -1.763 -2.180 -2.958 -1.086 -1.693 -2.544 0.141 -1.156 -1.206 -2.011 -1.952 -1.356 -2.070 -1.744 -3.007 -2.312 -1.767 -1.262 -1.533 -1.756 -0.552 -0.007 0.098 0.288 0.364 0.227 0.000 0.000 0.340 0.743 0.928 0.859 0.577 0.274 0.135 0.121 0.134 0.139 0.141 0.144 0.170 0.277 0.418 0.370 0.233 0.062 0.000 0.000
-0.379 -1.586 0.154 1.177 0.104 0.118 0.810 -0.118 -3.387 -2.964 -0.099 0.703 -0.570 -0.478 -2.752 -3.835 -4.425 -4.622 -4.822 -4.001 -4.297 -2.765 -2.370 -2.777 -3.093 -2.475 -3.524 -4.628 -1.554 -3.240 -5.121 -1.789 -3.823 -4.065 -2.785 -0.058 -0.395 -3.658 -1.330 -1.394 -1.535 -1.320 -2.037 -2.079 -1.539 -0.914 -0.782 -1.281 -0.411 0.229 0.180 0.353 0.352 0.319 0.236 0.330 0.664 0.969 1.121 1.001 0.612 0.211 0.062 0.069 0.103 0.137 0.176 0.219 0.336 0.561 0.534 0.383 0.155 0.000 0.000 0.000
-0.174 -2.645 0.663 -0.299 -0.164 -0.984 -1.927 -1.492 -0.598 -1.751 0.000 -0.040 1.067 -3.701 -5.890 -5.994 -6.750 -4.288 -4.278 -2.845 -3.470 -3.519 -2.370 -3.200 -3.385 -2.825 -4.427 -6.217 -2.485 -3.884 -6.115 -4.692 -3.825 -5.581 -4.943 -3.907 -1.663 -2.071 -1.583 -1.926 -1.012 -1.569 -1.235 -1.494 -1.193 -0.657 -0.223 -0.190 0.482 1.352 0.749 0.346 0.330 0.434 0.553 0.722 1.003 1.266 1.366 1.108 0.574 0.119 0.014 0.040 0.072 0.108 0.162 0.263 0.506 0.874 0.782 0.564 0.255 0.000 0.000 0.000
-1.040 -1.762 -5.154 -2.414 -0.718 -1.186 2.871 1.161 0.000 -3.480 -0.257 -3.170 -6.261 -6.305 -5.898 -7.219 -4.859 -3.264 -2.851 -2.088 -2.598 -3.714 -2.001 -3.106 -4.836 -2.947 -4.202 -6.383 -2.535 -4.445 -5.500 -5.270 -2.717 -6.084 -3.926 -4.008 -4.788 -3.067 -3.248 -2.501 -2.245 -1.889 -1.436 -0.941 -0.826 -0.640 0.130 0.713 1.351 2.677 2.382 0.729 0.440 0.486 0.650 0.883 1.218 1.573 1.750 1.353 0.605 0.072 0.000 0.040 0.058 0.064 0.106 0.240 0.578 1.104 1.159 0.923 0.508 0.113 0.000 0.000
-2.820 -4.336 -3.270 0.000 -1.507 -3.930 0.000 -2.598 0.000 -4.185 -4.949 -6.932 -7.010 -8.070 -5.851 -5.323 -1.719 -2.802 -2.707 -2.177 -2.142 -4.983 -1.666 -3.094 -5.326 -2.165 -4.088 -4.711 -2.427 -3.620 -4.350 -2.700 -1.427 -4.943 -3.768 -1.624 -5.598 -2.389 -4.481 -2.476 -2.685 -2.842 -2.667 -1.203 -0.730 -0.761 0.440 1.132 1.422 3.504 4.168 2.511 0.727 0.590 0.674 0.876 1.235 1.741 2.139 1.825 0.864 0.144 0.011 0.048 0.056 0.027 0.025 0.147 0.502 1.144 1.451 1.335 0.890 0.347 0.088 0.020
1.297 0.000 -2.495 1.727 0.059 -0.178 0.000 -3.708 -3.790 -5.100 -3.796 -9.501 -5.309 -7.249 -6.340 -5.520 -3.271 -5.043 -4.121 -2.708 -5.000 -5.454 -3.119 -3.623 -5.161 -0.466 -2.482 -5.376 -2.620 0.000 -4.386 -1.672 -0.737 -3.112 -2.456 -1.960 -2.002 -1.439 -3.909 -1.997 -2.233 -2.951 -3.125 -1.809 -0.558 -0.089 0.650 1.075 1.252 3.107 4.948 4.291 1.731 0.824 0.750 0.863 1.138 1.704 2.301 2.220 1.377 0.446 0.109 0.066 0.055 0.020 0.000 0.036 0.300 0.907 1.470 1.563 1.282 0.713 0.299 0.115
-5.808 -4.136 -2.802 -2.138 -4.769 -2.105 -2.590 -4.796 -7.927 -6.199 -2.926 -8.314 -3.856 -4.504 -6.413 -6.196 -4.763 -8.102 -6.102 -3.622 -7.552 -6.416 -4.071 -6.460 -5.631 -0.982 -3.590 -9.453 -1.804 1.768 -3.682 1.532 0.053 -1.314 -2.249 -1.898 -2.023 -1.904 -2.235 -2.056 -1.662 -2.593 -2.667 -1.927 -0.898 0.304 0.427 0.575 0.949 2.574 4.684 4.999 3.373 1.395 0.981 0.958 1.099 1.545 2.289 2.511 2.193 1.193 0.497 0.230 0.117 0.051 0.016 0.000 0.082 0.506 1.178 1.515 1.465 1.100 0.636 0.306
-4.855 -6.226 -2.491 -2.456 -4.668 -2.952 -4.692 -3.387 -5.172 -2.018 -4.220 -6.874 -5.425 -1.332 -6.303 -5.586 -4.665 -7.437 -6.650 -4.766 -5.239 -6.929 -1.699 -4.192 -4.338 -1.866 -2.848 -9.620 -6.607 -2.975 -5.829 -4.146 -2.699 -5.103 -5.345 -3.121 -5.357 -1.342 -0.844 -2.350 -1.716 -1.598 -1.800 -1.541 -1.248 -0.483 0.328 0.286 0.953 2.608 4.571 5.293 4.705 2.744 1.605 1.384 1.399 1.680 2.335 2.824 3.013 2.741 2.273 1.698 0.980 0.370 0.089 0.015 0.000 0.140 0.601 1.135 1.398 1.335 1.032 0.635
-3.758 -4.735 -2.303 -1.591 -5.230 -1.383 -2.506 0.000 -1.170 -2.161 -0.676 -0.993 0.000 -0.399 -3.107 -5.254 -4.184 -4.773 -4.741 -1.152 -0.707 -3.196 0.000 2.497 -1.384 -3.412 -1.107 -1.575 -5.261 -4.767 -4.853 -7.760 -4.673 -5.316 -5.444 -5.799 -4.481 -2.118 -1.636 -1.411 -2.066 -1.661 -1.177 -1.158 -1.008 -0.756 0.130 0.695 1.582 3.128 4.806 6.042 7.144 6.721 5.704 4.929 4.537 4.478 4.838 5.763 6.903 7.260 6.729 5.941 4.888 3.104 1.469 0.355 0.070 0.000 0.154 0.531 1.040 1.319 1.257 0.974
-3.106 -3.836 -2.115 -0.534 -4.375 -0.455 0.000 0.000 -0.040 -1.574 -0.913 -0.386 0.000 0.648 0.000 -1.285 -0.684 -1.887 -1.262 -1.130 -0.229 -1.806 -3.323 -3.874 -2.267 -4.978 -3.461 -1.407 -2.756 -2.424 -0.891 -1.352 -0.435 -0.572 -1.428 -1.811 -0.849 0.722 -0.145 -0.047 -2.213 -1.877 -1.590 -0.995 -0.784 -0.463 -0.083 0.621 1.804 3.562 5.748 8.675 11.466 11.873 10.752 8.988 8.011 7.658 7.766 7.926 7.993 7.210 6.209 5.581 5.445 5.554 5.133 3.373 1.259 0.248 0.000 0.164 0.542 1.024 1.230 1.119
-1.398 -1.809 -0.396 -0.396 0.000 -0.905 -1.174 -3.394 -2.403 -2.222 -2.618 -0.219 -1.388 -1.353 -1.603 -3.142 -2.468 -2.139 -1.821 -1.222 -1.659 -0.199 -1.029 0.000 -1.158 -4.871 -0.981 -2.222 -1.910 0.000 -1.290 -2.471 -2.466 -1.177 0.000 0.915 0.000 -0.268 -1.485 -1.424 -0.517 -2.668 -2.160 -1.311 -0.281 -0.049 0.000 0.139 1.150 3.122 5.714 8.155 9.602 9.468 8.261 6.841 6.047 5.656 5.747 5.455 5.156 4.255 3.250 2.801 2.534 3.961 4.541 4.718 2.266 0.608 0.010 0.027 0.249 0.584 0.948 1.077
0.000 0.000 0.000 -1.150 -0.957 -0.895 -0.683 -2.132 -2.027 -2.614 -2.648 -1.325 -2.371 -6.706 -3.480 -6.492 -7.946 -4.294 -3.805 -4.853 -6.819 -3.293 -7.544 -3.511 -3.505 -5.532 -4.021 -4.191 -3.105 -3.707 -4.830 -4.755 -3.742 -1.857 -0.146 -1.656 -3.504 -3.806 -3.563 -2.622 -3.224 -2.327 -1.429 -1.920 -0.424 0.000 0.000 0.172 0.777 1.922 3.132 4.495 5.614 5.446 5.216 4.583 3.918 2.905 3.096 3.363 3.515 2.807 3.945 2.587 2.019 1.972 1.348 1.701 1.722 0.252 0.232 0.319 0.196 0.344 0.620 0.896
0.000 -0.690 -2.663 -2.690 -1.972 -2.413 -3.613 -4.097 -3.114 -3.062 -2.090 -0.681 -0.768 -5.204 -5.435 -6.254 -7.914 -7.412 -4.884 -8.137 -8.034 -6.657 -10.371 -9.742 -8.823 -11.561 -7.965 -7.433 -5.625 -5.177 -5.609 -4.647 -4.247 -3.068 -2.342 -3.604 -4.383 -4.048 -3.740 -4.348 -4.255 -3.525 -3.627 -3.700 -1.030 0.000 0.000 0.090 1.099 1.697 2.128 3.111 4.455 3.350 3.627 2.522 3.074 2.195 2.914 2.182 3.448 2.009 2.517 2.776 2.950 2.374 1.328 1.314 1.121 0.525 1.237 1.241 0.773 0.372 0.498 0.752
-5.357 -5.717 -5.352 -4.599 -3.637 -3.892 -3.935 -3.239 -2.578 -2.446 -1.163 -0.802 -1.175 -2.628 -3.771 -3.923 -5.741 -5.141 -5.174 -6.808 -6.658 -6.900 -9.767 -10.603 -10.439 -10.722 -9.123 -8.073 -7.757 -6.891 -5.927 -4.569 -3.294 -2.150 -2.227 -2.702 -2.276 -2.929 -3.419 -3.271 -4.213 -6.324 -8.152 -3.875 -0.030 0.000 0.000 0.000 0.791 1.599 1.753 2.613 3.754 4.740 4.324 4.462 4.353 1.570 1.331 3.829 3.659 1.186 3.302 4.027 3.496 2.295 1.194 1.410 1.046 1.839 2.181 1.871 1.708 1.287 0.838 0.853
