AvaFrame/avaframe/data/avaSalk/Avaflow_Input_Output/slk_results/slk_ascii/slk_basechange10018.asc
ncols 296
nrows 144
xllcenter 761600.00
yllcenter 8523000.00
cellsize 12.50
NODATA_value -9999.000
[rows 33 to 65 of 144, columns 222 to 295 of 296]
0.000 0.000 0.000 0.000 -0.000 -0.000 -0.000 -0.000 -0.000 -0.000 -0.000 -0.000 -0.000 -0.000 -0.000 -0.000 -0.000 -0.000 -0.000 -0.000 -0.000 -0.001 -0.001 -0.001 -0.002 -0.004 -0.007 -0.014 -0.026 -0.045 -0.071 -0.104 -0.146 -0.196 -0.267 -0.343 -0.426 -0.520 -0.599 -0.672 -0.727 -0.749 -0.724 -0.663 -0.572 -0.410 -0.204 -0.072 -0.021 -0.004 -0.001 -0.000 -0.000 -0.000 -0.000 0.000 0.000 0.000 0.000 0.000 0.000 0.000 0.000 0.000 0.000 0.000 0.000 0.000 0.000 0.000 0.000 0.000 0.000 0.000
0.000 0.000 0.000 -0.000 -0.000 -0.000 -0.000 -0.000 -0.000 -0.000 -0.000 -0.000 -0.000 -0.000 -0.000 -0.000 -0.000 -0.000 -0.000 -0.001 -0.001 -0.001 -0.002 -0.004 -0.007 -0.014 -0.026 -0.046 -0.074 -0.109 -0.150 -0.195 -0.249 -0.312 -0.409 -0.533 -0.669 -0.817 -0.934 -1.010 -1.049 -1.029 -0.956 -0.837 -0.679 -0.461 -0.226 -0.072 -0.020 -0.004 -0.001 -0.000 -0.000 -0.000 -0.000 0.000 0.000 0.000 0.000 0.000 0.000 0.000 0.000 0.000 0.000 0.000 0.000 0.000 0.000 0.000 0.000 0.000 0.000 0.000
0.000 -0.000 -0.000 -0.000 -0.000 -0.000 -0.000 -0.000 -0.000 -0.000 -0.000 -0.000 -0.000 -0.000 -0.000 -0.000 -0.000 -0.001 -0.001 -0.001 -0.002 -0.003 -0.006 -0.012 -0.024 -0.044 -0.073 -0.111 -0.155 -0.203 -0.254 -0.311 -0.376 -0.465 -0.610 -0.815 -1.053 -1.317 -1.524 -1.618 -1.650 -1.583 -1.405 -1.135 -0.840 -0.532 -0.241 -0.079 -0.021 -0.005 -0.001 -0.000 -0.000 -0.000 -0.000 -0.000 0.000 0.000 0.000 0.000 0.000 0.000 0.000 0.000 0.000 0.000 0.000 0.000 0.000 0.000 0.000 0.000 0.000 0.000
-0.000 -0.000 -0.000 -0.000 -0.000 -0.000 -0.000 -0.000 -0.000 -0.000 -0.000 -0.000 -0.000 -0.000 -0.000 -0.000 -0.001 -0.001 -0.002 -0.003 -0.005 -0.010 -0.020 -0.040 -0.069 -0.108 -0.154 -0.204 -0.257 -0.313 -0.373 -0.444 -0.529 -0.684 -0.942 -1.251 -1.590 -2.000 -2.359 -2.541 -2.584 -2.512 -2.247 -1.762 -1.209 -0.672 -0.274 -0.086 -0.023 -0.005 -0.001 -0.000 -0.000 -0.000 -0.000 -0.000 0.000 0.000 0.000 0.000 0.000 0.000 0.000 0.000 0.000 0.000 0.000 0.000 0.000 0.000 0.000 0.000 0.000 0.000
-0.000 -0.000 -0.000 -0.000 -0.000 -0.000 -0.000 -0.000 -0.000 -0.000 -0.000 -0.000 -0.000 -0.000 -0.001 -0.001 -0.001 -0.002 -0.004 -0.009 -0.017 -0.034 -0.062 -0.101 -0.148 -0.198 -0.252 -0.309 -0.368 -0.429 -0.495 -0.583 -0.702 -0.949 -1.369 -1.853 -2.292 -2.647 -2.905 -3.128 -3.246 -3.261 -3.005 -2.525 -1.838 -0.981 -0.346 -0.093 -0.023 -0.005 -0.001 -0.000 -0.000 -0.000 -0.000 -0.000 0.000 0.000 0.000 0.000 0.000 0.000 0.000 0.000 0.000 0.000 0.000 0.000 0.000 0.000 0.000 0.000 0.000 0.000
-0.000 -0.000 -0.000 -0.000 -0.000 -0.000 -0.000 -0.000 -0.000 -0.000 -0.000 -0.000 -0.001 -0.001 -0.001 -0.002 -0.003 -0.006 -0.013 -0.027 -0.052 -0.090 -0.137 -0.189 -0.244 -0.300 -0.358 -0.419 -0.483 -0.551 -0.622 -0.732 -0.924 -1.311 -1.867 -2.455 -2.977 -3.078 -2.819 -2.715 -2.862 -3.067 -2.885 -2.731 -2.509 -1.460 -0.463 -0.105 -0.025 -0.006 -0.001 -0.000 -0.000 -0.000 -0.000 -0.000 0.000 0.000 0.000 0.000 0.000 0.000 0.000 0.000 0.000 0.000 0.000 0.000 0.000 0.000 0.000 0.000 0.000 0.000
-0.000 -0.000 -0.000 -0.000 -0.000 -0.000 -0.000 -0.000 -0.000 -0.000 -0.001 -0.001 -0.001 -0.002 -0.003 -0.005 -0.009 -0.019 -0.040 -0.075 -0.121 -0.174 -0.231 -0.290 -0.350 -0.413 -0.476 -0.543 -0.612 -0.685 -0.771 -0.913 -1.242 -1.803 -2.346 -2.740 -3.152 -3.213 -2.850 -2.248 -1.877 -2.108 -2.243 -2.479 -2.782 -1.821 -0.526 -0.111 -0.026 -0.006 -0.002 -0.000 -0.000 -0.000 -0.000 -0.000 0.000 0.000 0.000 0.000 0.000 0.000 0.000 0.000 0.000 0.000 0.000 0.000 0.000 0.000 0.000 0.000 0.000 0.000
-0.000 -0.000 -0.000 -0.000 -0.000 -0.000 -0.000 -0.000 -0.001 -0.001 -0.001 -0.002 -0.002 -0.004 -0.007 -0.014 -0.028 -0.056 -0.100 -0.155 -0.215 -0.276 -0.338 -0.405 -0.471 -0.541 -0.610 -0.684 -0.764 -0.848 -0.957 -1.156 -1.635 -2.164 -2.385 -2.581 -2.924 -2.838 -2.704 -2.269 -1.779 -1.780 -1.723 -2.471 -2.833 -1.873 -0.525 -0.104 -0.025 -0.006 -0.002 -0.001 -0.000 -0.000 -0.000 -0.000 0.000 0.000 0.000 0.000 0.000 0.000 0.000 0.000 0.000 0.000 0.000 0.000 0.000 0.000 0.000 0.000 0.000 0.000
-0.000 -0.000 -0.000 -0.000 -0.000 -0.000 -0.000 -0.001 -0.001 -0.001 -0.002 -0.003 -0.005 -0.010 -0.020 -0.041 -0.078 -0.132 -0.196 -0.261 -0.326 -0.396 -0.465 -0.539 -0.614 -0.691 -0.769 -0.850 -0.942 -1.045 -1.202 -1.497 -2.001 -2.298 -2.212 -2.199 -2.389 -2.246 -2.338 -2.121 -1.737 -1.831 -1.793 -2.638 -2.783 -1.571 -0.441 -0.093 -0.023 -0.005 -0.002 -0.001 -0.000 -0.000 -0.000 -0.000 0.000 0.000 0.000 0.000 0.000 0.000 0.000 0.000 0.000 0.000 0.000 0.000 0.000 0.000 0.000 0.000 0.000 0.000
-0.000 -0.000 -0.000 -0.000 -0.000 -0.001 -0.001 -0.001 -0.002 -0.003 -0.005 -0.008 -0.015 -0.029 -0.060 -0.110 -0.178 -0.252 -0.327 -0.401 -0.472 -0.545 -0.625 -0.707 -0.793 -0.881 -0.972 -1.064 -1.175 -1.311 -1.539 -1.955 -2.359 -2.433 -2.233 -2.195 -2.212 -2.106 -2.407 -2.282 -1.971 -1.946 -1.936 -2.535 -2.210 -1.053 -0.297 -0.073 -0.019 -0.005 -0.002 -0.001 -0.000 -0.000 -0.000 -0.000 0.000 0.000 0.000 0.000 0.000 0.000 0.000 0.000 0.000 0.000 0.000 0.000 0.000 0.000 0.000 0.000 0.000 0.000
-0.000 -0.000 -0.000 -0.001 -0.001 -0.001 -0.002 -0.003 -0.004 -0.007 -0.013 -0.024 -0.046 -0.088 -0.153 -0.236 -0.322 -0.407 -0.490 -0.572 -0.655 -0.740 -0.835 -0.934 -1.032 -1.138 -1.247 -1.369 -1.518 -1.738 -2.041 -2.465 -2.708 -2.654 -2.486 -2.389 -2.359 -2.217 -2.317 -2.252 -2.070 -2.009 -2.114 -2.167 -1.468 -0.628 -0.177 -0.052 -0.014 -0.004 -0.002 -0.001 -0.000 -0.000 -0.000 -0.000 0.000 0.000 0.000 0.000 0.000 0.000 0.000 0.000 0.000 0.000 0.000 0.000 0.000 0.000 0.000 0.000 0.000 0.000
-0.000 -0.001 -0.001 -0.001 -0.002 -0.002 -0.004 -0.006 -0.011 -0.021 -0.040 -0.075 -0.133 -0.213 -0.308 -0.406 -0.496 -0.584 -0.673 -0.775 -0.881 -0.994 -1.125 -1.256 -1.383 -1.522 -1.681 -1.865 -2.116 -2.457 -2.819 -3.063 -3.130 -3.041 -3.003 -2.857 -2.738 -2.660 -2.689 -2.653 -2.445 -2.230 -2.049 -1.570 -0.836 -0.333 -0.108 -0.035 -0.010 -0.004 -0.001 -0.001 -0.000 -0.000 -0.000 -0.000 0.000 0.000 0.000 0.000 0.000 0.000 0.000 0.000 0.000 0.000 0.000 0.000 0.000 0.000 0.000 0.000 0.000 0.000
-0.001 -0.001 -0.002 -0.002 -0.003 -0.005 -0.009 -0.017 -0.034 -0.065 -0.117 -0.192 -0.291 -0.395 -0.497 -0.597 -0.697 -0.802 -0.912 -1.047 -1.208 -1.372 -1.561 -1.765 -1.966 -2.183 -2.448 -2.752 -3.083 -3.422 -3.734 -3.856 -3.782 -3.654 -3.645 -3.612 -3.512 -3.422 -3.329 -3.029 -2.599 -2.031 -1.478 -0.864 -0.397 -0.156 -0.060 -0.022 -0.007 -0.003 -0.001 -0.000 -0.000 -0.000 -0.000 -0.000 0.000 0.000 0.000 0.000 0.000 0.000 0.000 0.000 0.000 0.000 0.000 0.000 0.000 0.000 0.000 0.000 0.000 0.000
-0.001 -0.002 -0.003 -0.005 -0.008 -0.014 -0.026 -0.052 -0.099 -0.167 -0.257 -0.362 -0.475 -0.592 -0.701 -0.819 -0.951 -1.097 -1.268 -1.475 -1.735 -2.013 -2.291 -2.582 -2.881 -3.161 -3.469 -3.780 -4.021 -4.166 -4.250 -4.292 -4.205 -4.027 -3.939 -3.818 -3.592 -3.273 -2.889 -2.422 -1.834 -1.227 -0.724 -0.372 -0.167 -0.071 -0.031 -0.012 -0.005 -0.002 -0.001 -0.000 -0.000 -0.000 -0.000 -0.000 0.000 0.000 0.000 0.000 0.000 0.000 0.000 0.000 0.000 0.000 0.000 0.000 0.000 0.000 0.000 0.000 0.000 0.000
-0.003 -0.004 -0.007 -0.011 -0.021 -0.042 -0.079 -0.139 -0.222 -0.323 -0.429 -0.545 -0.666 -0.800 -0.943 -1.105 -1.309 -1.541 -1.821 -2.171 -2.556 -2.948 -3.292 -3.560 -3.754 -3.898 -4.046 -4.217 -4.330 -4.311 -4.200 -4.115 -3.953 -3.669 -3.418 -3.093 -2.610 -2.064 -1.632 -1.249 -0.880 -0.546 -0.302 -0.154 -0.073 -0.034 -0.016 -0.007 -0.003 -0.001 -0.001 -0.000 -0.000 -0.000 -0.000 0.000 0.000 0.000 0.000 0.000 0.000 0.000 0.000 0.000 0.000 0.000 0.000 0.000 0.000 0.000 0.000 0.000 0.000 0.000
-0.006 -0.010 -0.017 -0.033 -0.063 -0.115 -0.192 -0.287 -0.391 -0.505 -0.622 -0.748 -0.894 -1.065 -1.265 -1.514 -1.831 -2.210 -2.615 -3.067 -3.491 -3.799 -3.967 -4.050 -4.059 -4.038 -4.052 -4.100 -4.065 -3.899 -3.587 -3.255 -2.925 -2.534 -2.152 -1.774 -1.395 -1.070 -0.816 -0.599 -0.408 -0.251 -0.142 -0.076 -0.039 -0.019 -0.009 -0.004 -0.002 -0.001 -0.001 -0.000 -0.000 -0.000 -0.000 0.000 0.000 0.000 0.000 0.000 0.000 0.000 0.000 0.000 0.000 0.000 0.000 0.000 0.000 0.000 0.000 0.000 0.000 0.000
-0.015 -0.027 -0.052 -0.095 -0.162 -0.249 -0.353 -0.464 -0.582 -0.713 -0.860 -1.020 -1.216 -1.465 -1.750 -2.105 -2.545 -3.036 -3.467 -3.800 -3.990 -4.052 -3.990 -3.892 -3.777 -3.639 -3.540 -3.423 -3.230 -2.931 -2.558 -2.159 -1.792 -1.490 -1.240 -1.025 -0.826 -0.643 -0.487 -0.355 -0.244 -0.153 -0.088 -0.047 -0.023 -0.011 -0.006 -0.003 -0.001 -0.001 -0.000 -0.000 -0.000 -0.000 -0.000 0.000 0.000 0.000 0.000 0.000 0.000 0.000 0.000 0.000 0.000 0.000 0.000 0.000 0.000 0.000 0.000 0.000 0.000 0.000
-0.043 -0.080 -0.139 -0.220 -0.321 -0.430 -0.542 -0.665 -0.805 -0.969 -1.169 -1.405 -1.677 -2.021 -2.415 -2.847 -3.307 -3.719 -3.957 -4.010 -3.931 -3.750 -3.484 -3.228 -3.007 -2.806 -2.651 -2.500 -2.289 -2.026 -1.742 -1.463 -1.211 -1.008 -0.849 -0.711 -0.577 -0.453 -0.345 -0.251 -0.170 -0.104 -0.057 -0.028 -0.013 -0.007 -0.004 -0.002 -0.001 -0.001 -0.000 -0.000 -0.000 -0.000 -0.000 0.000 0.000 0.000 0.000 0.000 0.000 0.000 0.000 0.000 0.000 0.000 0.000 0.000 0.000 0.000 0.000 0.000 0.000 0.000
-0.115 -0.189 -0.284 -0.393 -0.508 -0.633 -0.764 -0.914 -1.094 -1.310 -1.575 -1.882 -2.233 -2.630 -3.058 -3.465 -3.794 -3.940 -3.888 -3.664 -3.348 -2.996 -2.668 -2.406 -2.218 -2.078 -1.969 -1.851 -1.683 -1.468 -1.254 -1.062 -0.896 -0.760 -0.640 -0.535 -0.434 -0.339 -0.258 -0.186 -0.119 -0.067 -0.033 -0.016 -0.008 -0.004 -0.002 -0.001 -0.001 -0.000 -0.000 -0.000 -0.000 -0.000 0.000 0.000 0.000 0.000 0.000 0.000 0.000 0.000 0.000 0.000 0.000 0.000 0.000 0.000 0.000 0.000 0.000 0.000 0.000 0.000
-0.250 -0.351 -0.462 -0.583 -0.712 -0.853 -1.020 -1.210 -1.443 -1.714 -2.039 -2.387 -2.760 -3.129 -3.481 -3.745 -3.807 -3.646 -3.322 -2.913 -2.493 -2.169 -1.943 -1.812 -1.737 -1.664 -1.576 -1.457 -1.299 -1.120 -0.957 -0.819 -0.700 -0.601 -0.510 -0.422 -0.339 -0.261 -0.193 -0.133 -0.080 -0.041 -0.020 -0.010 -0.005 -0.003 -0.002 -0.001 -0.001 -0.000 -0.000 -0.000 -0.000 -0.000 0.000 0.000 0.000 0.000 0.000 0.000 0.000 0.000 0.000 0.000 0.000 0.000 0.000 0.000 0.000 0.000 0.000 0.000 0.000 0.000
-0.431 -0.543 -0.662 -0.794 -0.942 -1.111 -1.308 -1.537 -1.820 -2.128 -2.468 -2.809 -3.145 -3.437 -3.605 -3.635 -3.431 -3.019 -2.561 -2.137 -1.824 -1.640 -1.544 -1.497 -1.474 -1.420 -1.316 -1.182 -1.034 -0.887 -0.760 -0.658 -0.572 -0.492 -0.415 -0.341 -0.269 -0.203 -0.143 -0.092 -0.051 -0.025 -0.013 -0.007 -0.004 -0.002 -0.001 -0.001 -0.000 -0.000 -0.000 -0.000 -0.000 -0.000 0.000 0.000 0.000 0.000 0.000 0.000 0.000 0.000 0.000 0.000 0.000 0.000 0.000 0.000 0.000 0.000 0.000 0.000 0.000 0.000
-0.612 -0.738 -0.871 -1.023 -1.195 -1.393 -1.626 -1.890 -2.190 -2.508 -2.817 -3.106 -3.350 -3.497 -3.423 -3.183 -2.836 -2.371 -1.953 -1.660 -1.480 -1.385 -1.341 -1.322 -1.294 -1.224 -1.105 -0.966 -0.830 -0.717 -0.623 -0.541 -0.473 -0.409 -0.342 -0.276 -0.214 -0.157 -0.106 -0.063 -0.033 -0.017 -0.008 -0.005 -0.002 -0.001 -0.001 -0.000 -0.000 -0.000 -0.000 -0.000 -0.000 0.000 0.000 0.000 0.000 0.000 0.000 0.000 0.000 0.000 0.000 0.000 0.000 0.000 0.000 0.000 0.000 0.000 0.000 0.000 0.000 0.000
-0.790 -0.926 -1.078 -1.251 -1.453 -1.685 -1.947 -2.242 -2.522 -2.811 -3.065 -3.271 -3.359 -3.286 -3.027 -2.643 -2.236 -1.870 -1.598 -1.423 -1.319 -1.264 -1.234 -1.202 -1.145 -1.049 -0.921 -0.787 -0.672 -0.583 -0.515 -0.454 -0.397 -0.341 -0.282 -0.223 -0.169 -0.120 -0.077 -0.043 -0.022 -0.011 -0.006 -0.003 -0.002 -0.001 -0.001 -0.000 -0.000 -0.000 -0.000 -0.000 -0.000 0.000 0.000 0.000 0.000 0.000 0.000 0.000 0.000 0.000 0.000 0.000 0.000 0.000 0.000 0.000 0.000 0.000 0.000 0.000 0.000 0.000
-0.990 -1.132 -1.299 -1.495 -1.722 -1.978 -2.252 -2.527 -2.782 -3.015 -3.173 -3.252 -3.179 -2.932 -2.571 -2.164 -1.790 -1.525 -1.369 -1.287 -1.235 -1.195 -1.158 -1.099 -1.006 -0.886 -0.758 -0.642 -0.552 -0.483 -0.430 -0.384 -0.337 -0.286 -0.231 -0.180 -0.133 -0.091 -0.055 -0.029 -0.015 -0.008 -0.004 -0.002 -0.001 -0.001 -0.000 -0.000 -0.000 -0.000 -0.000 -0.000 0.000 0.000 0.000 0.000 0.000 0.000 0.000 0.000 0.000 0.000 0.000 0.000 0.000 0.000 0.000 0.000 0.000 0.000 0.000 0.000 0.000 0.000
-1.196 -1.353 -1.545 -1.754 -1.987 -2.241 -2.493 -2.730 -2.929 -3.094 -3.139 -3.043 -2.830 -2.496 -2.086 -1.711 -1.454 -1.306 -1.224 -1.187 -1.169 -1.132 -1.067 -0.978 -0.864 -0.736 -0.619 -0.527 -0.460 -0.409 -0.365 -0.324 -0.283 -0.239 -0.190 -0.144 -0.103 -0.067 -0.038 -0.019 -0.010 -0.005 -0.003 -0.002 -0.001 -0.001 -0.000 -0.000 -0.000 -0.000 -0.000 -0.000 0.000 0.000 0.000 0.000 0.000 0.000 0.000 0.000 0.000 0.000 0.000 0.000 0.000 0.000 0.000 0.000 0.000 0.000 0.000 0.000 0.000 0.000
-1.392 -1.563 -1.776 -1.998 -2.215 -2.454 -2.670 -2.858 -2.988 -3.044 -2.979 -2.747 -2.406 -2.003 -1.633 -1.358 -1.206 -1.143 -1.126 -1.117 -1.102 -1.051 -0.957 -0.841 -0.717 -0.598 -0.506 -0.437 -0.387 -0.347 -0.312 -0.275 -0.235 -0.194 -0.153 -0.114 -0.079 -0.049 -0.026 -0.013 -0.006 -0.003 -0.002 -0.001 -0.001 -0.000 -0.000 -0.000 -0.000 -0.000 -0.000 0.000 0.000 0.000 0.000 0.000 0.000 0.000 0.000 0.000 0.000 0.000 0.000 0.000 0.000 0.000 0.000 0.000 0.000 0.000 0.000 0.000 0.000 0.000
-1.582 -1.771 -1.981 -2.199 -2.400 -2.603 -2.806 -2.918 -2.956 -2.887 -2.697 -2.381 -1.985 -1.606 -1.326 -1.156 -1.075 -1.050 -1.051 -1.051 -1.026 -0.949 -0.831 -0.703 -0.583 -0.487 -0.419 -0.369 -0.330 -0.297 -0.266 -0.232 -0.195 -0.157 -0.121 -0.089 -0.060 -0.035 -0.018 -0.008 -0.004 -0.002 -0.001 -0.001 -0.000 -0.000 -0.000 -0.000 -0.000 -0.000 -0.000 0.000 0.000 0.000 0.000 0.000 0.000 0.000 0.000 0.000 0.000 0.000 0.000 0.000 0.000 0.000 0.000 0.000 0.000 0.000 0.000 0.000 0.000 0.000
-1.768 -1.968 -2.163 -2.361 -2.542 -2.704 -2.845 -2.904 -2.841 -2.644 -2.333 -1.967 -1.599 -1.317 -1.147 -1.053 -1.015 -1.013 -1.013 -0.989 -0.930 -0.829 -0.695 -0.576 -0.479 -0.409 -0.358 -0.318 -0.286 -0.258 -0.229 -0.196 -0.161 -0.128 -0.098 -0.070 -0.045 -0.025 -0.012 -0.006 -0.003 -0.002 -0.001 -0.001 -0.000 -0.000 -0.000 -0.000 -0.000 -0.000 -0.000 0.000 0.000 0.000 0.000 0.000 0.000 0.000 0.000 0.000 0.000 0.000 0.000 0.000 0.000 0.000 0.000 0.000 0.000 0.000 0.000 0.000 0.000 0.000
-1.951 -2.135 -2.325 -2.488 -2.635 -2.749 -2.817 -2.787 -2.633 -2.334 -1.946 -1.585 -1.309 -1.133 -1.045 -1.005 -0.990 -0.993 -0.971 -0.916 -0.820 -0.693 -0.568 -0.473 -0.403 -0.352 -0.312 -0.278 -0.250 -0.223 -0.196 -0.166 -0.134 -0.106 -0.079 -0.055 -0.033 -0.018 -0.009 -0.004 -0.002 -0.001 -0.001 -0.000 -0.000 -0.000 -0.000 -0.000 -0.000 -0.000 -0.000 0.000 0.000 0.000 0.000 0.000 0.000 0.000 0.000 0.000 0.000 0.000 0.000 0.000 0.000 0.000 0.000 0.000 0.000 0.000 0.000 0.000 0.000 0.000
-2.118 -2.277 -2.443 -2.574 -2.670 -2.716 -2.708 -2.599 -2.342 -1.970 -1.592 -1.309 -1.130 -1.037 -0.990 -0.985 -0.979 -0.956 -0.902 -0.810 -0.688 -0.563 -0.465 -0.397 -0.348 -0.307 -0.274 -0.244 -0.218 -0.193 -0.167 -0.140 -0.113 -0.088 -0.064 -0.042 -0.024 -0.013 -0.006 -0.003 -0.002 -0.001 -0.001 -0.000 -0.000 -0.000 -0.000 -0.000 -0.000 -0.000 -0.000 0.000 0.000 0.000 0.000 0.000 0.000 0.000 0.000 0.000 0.000 0.000 0.000 0.000 0.000 0.000 0.000 0.000 0.000 0.000 0.000 0.000 0.000 0.000
-2.264 -2.401 -2.516 -2.599 -2.633 -2.623 -2.530 -2.337 -2.018 -1.630 -1.320 -1.132 -1.034 -0.990 -0.972 -0.967 -0.950 -0.886 -0.793 -0.679 -0.557 -0.456 -0.388 -0.341 -0.305 -0.272 -0.243 -0.215 -0.190 -0.166 -0.143 -0.119 -0.096 -0.073 -0.049 -0.030 -0.017 -0.009 -0.004 -0.002 -0.001 -0.001 -0.000 -0.000 -0.000 -0.000 -0.000 -0.000 -0.000 -0.000 -0.000 0.000 0.000 0.000 0.000 0.000 0.000 0.000 0.000 0.000 0.000 0.000 0.000 0.000 0.000 0.000 0.000 0.000 0.000 0.000 0.000 0.000 0.000 0.000
-2.381 -2.479 -2.549 -2.569 -2.554 -2.488 -2.332 -2.041 -1.672 -1.357 -1.147 -1.032 -0.980 -0.966 -0.960 -0.940 -0.885 -0.783 -0.663 -0.549 -0.451 -0.380 -0.331 -0.297 -0.269 -0.242 -0.215 -0.189 -0.165 -0.143 -0.122 -0.101 -0.080 -0.057 -0.035 -0.020 -0.011 -0.006 -0.003 -0.001 -0.001 -0.000 -0.000 -0.000 -0.000 -0.000 -0.000 -0.000 -0.000 -0.000 -0.000 0.000 0.000 0.000 0.000 0.000 0.000 0.000 0.000 0.000 0.000 0.000 0.000 0.000 0.000 0.000 0.000 0.000 0.000 0.000 0.000 0.000 0.000 0.000
-2.457 -2.510 -2.539 -2.528 -2.463 -2.317 -2.071 -1.718 -1.376 -1.155 -1.038 -0.973 -0.945 -0.938 -0.917 -0.867 -0.784 -0.664 -0.545 -0.447 -0.375 -0.324 -0.287 -0.259 -0.236 -0.214 -0.190 -0.165 -0.143 -0.123 -0.104 -0.085 -0.064 -0.042 -0.024 -0.013 -0.007 -0.004 -0.002 -0.001 -0.001 -0.000 -0.000 -0.000 -0.000 -0.000 -0.000 -0.000 -0.000 -0.000 -0.000 0.000 0.000 0.000 0.000 0.000 0.000 0.000 0.000 0.000 0.000 0.000 0.000 0.000 0.000 0.000 0.000 0.000 0.000 0.000 0.000 0.000 0.000 0.000
