AvaFrame/avaframe/data/avaSalk/Avaflow_Input_Output/slk_results/slk_ascii/slk_hflow0017.asc
ncols 296
nrows 144
xllcenter 761600.00
yllcenter 8523000.00
cellsize 12.50
NODATA_value -9999.000
[rows 102 to 135 of 144, columns 154 to 230 of 296]
1.905 2.040 2.210 2.561 2.973 3.225 3.346 3.430 3.532 3.658 3.762 3.775 3.721 3.618 3.552 3.524 3.462 3.326 3.137 2.954 2.796 2.659 2.485 2.351 2.258 2.201 2.180 2.181 2.240 2.450 2.824 3.296 3.810 4.178 4.398 4.533 4.529 4.410 4.114 3.515 2.554 1.749 1.576 1.746 2.015 2.319 2.657 3.087 3.747 4.746 6.111 7.613 8.814 9.820 10.597 11.253 11.703 12.084 12.155 12.127 12.137 11.974 11.712 11.323 10.688 9.743 8.211 6.115 4.150 2.650 1.510 0.750 0.355 0.217 0.194 0.208 0.264
0.474 0.532 0.606 0.772 1.035 1.223 1.365 1.495 1.600 1.642 1.637 1.605 1.594 1.580 1.563 1.539 1.458 1.301 1.128 0.989 0.886 0.815 0.761 0.715 0.665 0.632 0.630 0.664 0.768 0.992 1.329 1.645 1.849 1.976 2.111 2.304 2.402 2.362 1.968 1.165 0.559 0.429 0.527 0.765 1.094 1.538 2.111 2.824 3.717 4.865 6.307 7.941 9.393 10.685 11.659 12.490 13.013 13.361 13.441 13.435 13.466 13.210 12.942 12.438 11.863 10.929 9.340 7.206 5.289 3.765 2.542 1.632 1.025 0.701 0.596 0.611 0.795
0.110 0.120 0.133 0.173 0.250 0.310 0.365 0.417 0.448 0.453 0.443 0.430 0.430 0.438 0.444 0.436 0.402 0.335 0.269 0.224 0.197 0.184 0.177 0.169 0.154 0.143 0.140 0.149 0.190 0.277 0.402 0.497 0.545 0.581 0.639 0.745 0.813 0.798 0.576 0.208 0.090 0.087 0.130 0.234 0.406 0.687 1.245 2.184 3.410 4.806 6.320 7.965 9.563 11.080 12.316 13.328 13.942 14.344 14.444 14.408 14.339 13.945 13.778 13.367 12.820 11.996 10.626 8.624 6.636 5.103 3.853 2.878 2.166 1.743 1.596 1.632 1.929
0.037 0.039 0.040 0.048 0.066 0.079 0.089 0.097 0.098 0.098 0.094 0.092 0.093 0.098 0.102 0.101 0.094 0.079 0.065 0.057 0.052 0.050 0.048 0.046 0.044 0.042 0.041 0.044 0.053 0.071 0.089 0.102 0.113 0.125 0.139 0.158 0.169 0.163 0.105 0.042 0.027 0.025 0.031 0.051 0.099 0.200 0.471 1.204 2.565 4.310 6.037 7.698 9.437 11.061 12.436 13.599 14.287 14.841 15.004 15.004 14.921 14.546 14.181 13.792 13.389 12.765 11.786 10.259 8.326 6.681 5.380 4.356 3.600 3.191 3.085 3.156 3.392
0.014 0.015 0.016 0.018 0.023 0.028 0.031 0.032 0.031 0.030 0.029 0.028 0.029 0.032 0.033 0.032 0.029 0.025 0.021 0.019 0.018 0.018 0.017 0.017 0.016 0.016 0.016 0.017 0.021 0.026 0.029 0.033 0.037 0.039 0.040 0.043 0.043 0.041 0.031 0.018 0.013 0.011 0.012 0.015 0.023 0.041 0.110 0.400 1.330 3.079 5.117 6.971 8.864 10.610 12.155 13.461 14.290 14.836 15.034 15.037 14.975 14.759 14.416 14.048 13.680 13.246 12.751 11.772 10.162 8.523 7.185 6.128 5.348 4.914 4.748 4.671 4.648
0.006 0.007 0.007 0.008 0.009 0.011 0.013 0.013 0.013 0.012 0.011 0.011 0.012 0.013 0.013 0.012 0.011 0.010 0.009 0.008 0.008 0.008 0.007 0.007 0.007 0.007 0.008 0.009 0.010 0.012 0.014 0.015 0.016 0.016 0.017 0.019 0.020 0.020 0.018 0.013 0.009 0.007 0.006 0.007 0.009 0.012 0.022 0.082 0.437 1.535 3.439 5.545 7.677 9.683 11.477 12.874 13.947 14.521 14.816 14.871 14.863 14.700 14.357 13.924 13.667 13.493 13.288 12.734 11.547 10.095 8.831 7.787 7.009 6.478 6.143 5.842 5.551
0.003 0.003 0.004 0.004 0.004 0.005 0.006 0.006 0.006 0.005 0.005 0.005 0.005 0.006 0.006 0.005 0.005 0.004 0.004 0.004 0.004 0.004 0.004 0.004 0.004 0.004 0.005 0.005 0.006 0.007 0.008 0.009 0.009 0.010 0.011 0.013 0.014 0.014 0.013 0.011 0.008 0.005 0.004 0.004 0.005 0.006 0.008 0.016 0.089 0.498 1.615 3.490 5.781 8.044 10.039 11.677 12.951 13.605 14.006 14.141 14.327 14.275 14.056 13.855 13.706 13.615 13.495 13.232 12.419 11.093 9.820 8.830 8.118 7.526 7.030 6.538 6.049
0.001 0.002 0.002 0.002 0.002 0.002 0.003 0.003 0.003 0.002 0.002 0.002 0.003 0.003 0.002 0.002 0.002 0.002 0.002 0.002 0.002 0.002 0.002 0.003 0.003 0.003 0.004 0.004 0.005 0.006 0.007 0.008 0.008 0.009 0.010 0.011 0.011 0.011 0.010 0.009 0.007 0.005 0.004 0.003 0.003 0.003 0.004 0.006 0.016 0.091 0.465 1.504 3.373 5.735 8.013 9.878 11.155 12.016 12.536 12.844 13.207 13.397 13.459 13.440 13.489 13.565 13.486 13.185 12.533 11.314 10.080 9.121 8.450 7.855 7.291 6.735 6.164
0.001 0.001 0.001 0.001 0.001 0.001 0.001 0.001 0.001 0.001 0.001 0.001 0.001 0.001 0.001 0.001 0.001 0.001 0.001 0.001 0.001 0.002 0.002 0.002 0.002 0.003 0.003 0.004 0.005 0.006 0.007 0.008 0.008 0.009 0.009 0.009 0.009 0.009 0.008 0.007 0.006 0.004 0.003 0.003 0.002 0.002 0.003 0.003 0.006 0.015 0.070 0.383 1.354 3.106 5.254 7.272 8.782 10.025 10.840 11.370 11.772 12.068 12.352 12.543 12.918 13.095 13.047 12.781 12.248 11.202 10.014 9.076 8.379 7.761 7.162 6.608 5.985
0.000 0.000 0.000 0.000 0.000 0.000 0.000 0.000 0.000 0.000 0.000 0.000 0.000 0.000 0.000 0.000 0.000 0.000 0.000 0.001 0.001 0.001 0.001 0.002 0.002 0.002 0.003 0.004 0.004 0.006 0.007 0.008 0.008 0.009 0.009 0.009 0.009 0.008 0.008 0.007 0.006 0.004 0.003 0.002 0.002 0.002 0.002 0.002 0.003 0.006 0.013 0.051 0.327 1.198 2.684 4.388 5.999 7.514 8.768 9.716 10.340 10.693 11.018 11.350 11.860 12.155 12.227 12.026 11.571 10.747 9.707 8.834 8.080 7.430 6.772 6.171 5.493
0.000 0.000 0.000 0.000 0.000 0.000 0.000 0.000 0.000 0.000 0.000 0.000 0.000 0.000 0.000 0.000 0.000 0.000 0.000 0.000 0.000 0.001 0.001 0.001 0.001 0.002 0.003 0.003 0.004 0.005 0.006 0.008 0.009 0.009 0.009 0.009 0.009 0.009 0.008 0.007 0.006 0.004 0.003 0.003 0.002 0.002 0.001 0.001 0.002 0.003 0.005 0.011 0.043 0.283 1.007 2.194 3.582 4.991 6.420 7.722 8.710 9.322 9.780 10.127 10.529 10.787 10.979 10.903 10.634 9.974 9.097 8.263 7.504 6.824 6.132 5.468 4.737
0.000 0.000 0.000 0.000 0.000 0.000 0.000 0.000 0.000 0.000 0.000 0.000 0.000 0.000 0.000 0.000 0.000 0.000 0.000 0.000 0.000 0.000 0.000 0.001 0.001 0.001 0.002 0.003 0.004 0.005 0.006 0.007 0.009 0.010 0.011 0.011 0.012 0.012 0.012 0.010 0.007 0.005 0.004 0.003 0.002 0.001 0.001 0.001 0.001 0.002 0.002 0.004 0.009 0.038 0.237 0.816 1.770 2.932 4.222 5.576 6.814 7.703 8.387 8.828 9.159 9.317 9.418 9.441 9.328 8.822 8.116 7.352 6.624 5.928 5.246 4.550 3.825
0.000 0.000 0.000 0.000 0.000 0.000 0.000 0.000 0.000 0.000 0.000 0.000 0.000 0.000 0.000 0.000 0.000 0.000 0.000 0.000 0.000 0.000 0.000 0.000 0.000 0.001 0.001 0.002 0.003 0.004 0.005 0.007 0.009 0.010 0.012 0.013 0.014 0.014 0.014 0.013 0.010 0.006 0.004 0.003 0.002 0.001 0.001 0.001 0.001 0.001 0.001 0.002 0.004 0.009 0.033 0.192 0.648 1.425 2.429 3.595 4.830 5.900 6.825 7.475 7.824 7.931 7.902 7.778 7.603 7.247 6.742 6.145 5.508 4.907 4.332 3.714 3.067
0.000 0.000 0.000 0.000 0.000 0.000 0.000 0.000 0.000 0.000 0.000 0.000 0.000 0.000 0.000 0.000 0.000 0.000 0.000 0.000 0.000 0.000 0.000 0.000 0.000 0.000 0.000 0.001 0.002 0.003 0.004 0.006 0.008 0.010 0.011 0.013 0.013 0.014 0.014 0.012 0.010 0.007 0.005 0.003 0.002 0.001 0.001 0.001 0.001 0.001 0.001 0.001 0.002 0.004 0.008 0.029 0.153 0.505 1.126 1.990 3.056 4.139 5.172 5.994 6.481 6.596 6.531 6.356 6.063 5.640 5.232 4.861 4.462 4.048 3.600 3.059 2.464
0.000 0.000 0.000 0.000 0.000 0.000 0.000 0.000 0.000 0.000 0.000 0.000 0.000 0.000 0.000 0.000 0.000 0.000 0.000 0.000 0.000 0.000 0.000 0.000 0.000 0.000 0.000 0.000 0.001 0.002 0.003 0.005 0.007 0.009 0.010 0.011 0.012 0.012 0.012 0.011 0.009 0.007 0.005 0.003 0.002 0.001 0.001 0.000 0.000 0.000 0.000 0.001 0.001 0.002 0.003 0.008 0.025 0.114 0.363 0.852 1.609 2.561 3.597 4.495 5.085 5.325 5.325 5.160 4.853 4.409 4.036 3.812 3.603 3.356 3.019 2.553 1.992
0.000 0.000 0.000 0.000 0.000 0.000 0.000 0.000 0.000 0.000 0.000 0.000 0.000 0.000 0.000 0.000 0.000 0.000 0.000 0.000 0.000 0.000 0.000 0.000 0.000 0.000 0.000 0.000 0.000 0.001 0.002 0.003 0.005 0.006 0.007 0.008 0.008 0.008 0.008 0.007 0.007 0.006 0.004 0.003 0.002 0.001 0.000 0.000 0.000 0.000 0.000 0.000 0.001 0.001 0.002 0.003 0.007 0.020 0.074 0.243 0.635 1.295 2.192 3.112 3.758 4.092 4.157 4.066 3.851 3.523 3.185 2.991 2.877 2.755 2.529 2.164 1.655
0.000 0.000 0.000 0.000 0.000 0.000 0.000 0.000 0.000 0.000 0.000 0.000 0.000 0.000 0.000 0.000 0.000 0.000 0.000 0.000 0.000 0.000 0.000 0.000 0.000 0.000 0.000 0.000 0.000 0.000 0.001 0.002 0.003 0.004 0.004 0.004 0.004 0.004 0.004 0.004 0.004 0.004 0.003 0.002 0.001 0.000 0.000 0.000 0.000 0.000 0.000 0.000 0.000 0.001 0.001 0.002 0.003 0.006 0.015 0.046 0.165 0.475 1.073 1.920 2.594 2.955 3.079 3.075 2.991 2.824 2.595 2.411 2.305 2.205 2.061 1.805 1.405
0.000 0.000 0.000 0.000 0.000 0.000 0.000 0.000 0.000 0.000 0.000 0.000 0.000 0.000 0.000 0.000 0.000 0.000 0.000 0.000 0.000 0.000 0.000 0.000 0.000 0.000 0.000 0.000 0.000 0.000 0.000 0.001 0.001 0.002 0.002 0.002 0.002 0.002 0.002 0.002 0.002 0.002 0.001 0.001 0.000 0.000 0.000 0.000 0.000 0.000 0.000 0.000 0.000 0.000 0.000 0.001 0.001 0.003 0.005 0.011 0.031 0.114 0.374 0.956 1.615 1.980 2.155 2.233 2.253 2.215 2.122 1.989 1.864 1.740 1.604 1.423 1.153
0.000 0.000 0.000 0.000 0.000 0.000 0.000 0.000 0.000 0.000 0.000 0.000 0.000 0.000 0.000 0.000 0.000 0.000 0.000 0.000 0.000 0.000 0.000 0.000 0.000 0.000 0.000 0.000 0.000 0.000 0.000 0.000 0.000 0.001 0.001 0.001 0.001 0.001 0.001 0.001 0.001 0.001 0.000 0.000 0.000 0.000 0.000 0.000 0.000 0.000 0.000 0.000 0.000 0.000 0.000 0.000 0.001 0.001 0.002 0.004 0.009 0.022 0.089 0.349 0.832 1.198 1.413 1.562 1.655 1.698 1.692 1.626 1.508 1.368 1.223 1.064 0.877
0.000 0.000 0.000 0.000 0.000 0.000 0.000 0.000 0.000 0.000 0.000 0.000 0.000 0.000 0.000 0.000 0.000 0.000 0.000 0.000 0.000 0.000 0.000 0.000 0.000 0.000 0.000 0.000 0.000 0.000 0.000 0.000 0.000 0.000 0.000 0.000 0.000 0.000 0.000 0.000 0.000 0.000 0.000 0.000 0.000 0.000 0.000 0.000 0.000 0.000 0.000 0.000 0.000 0.000 0.000 0.000 0.000 0.000 0.001 0.002 0.003 0.007 0.020 0.094 0.321 0.612 0.855 1.050 1.193 1.281 1.310 1.285 1.193 1.065 0.928 0.786 0.633
0.000 0.000 0.000 0.000 0.000 0.000 0.000 0.000 0.000 0.000 0.000 0.000 0.000 0.000 0.000 0.000 0.000 0.000 0.000 0.000 0.000 0.000 0.000 0.000 0.000 0.000 0.000 0.000 0.000 0.000 0.000 0.000 0.000 0.000 0.000 0.000 0.000 0.000 0.000 0.000 0.000 0.000 0.000 0.000 0.000 0.000 0.000 0.000 0.000 0.000 0.000 0.000 0.000 0.000 0.000 0.000 0.000 0.000 0.000 0.001 0.002 0.003 0.007 0.024 0.093 0.246 0.448 0.662 0.833 0.944 0.988 0.977 0.915 0.817 0.703 0.582 0.452
0.000 0.000 0.000 0.000 0.000 0.000 0.000 0.000 0.000 0.000 0.000 0.000 0.000 0.000 0.000 0.000 0.000 0.000 0.000 0.000 0.000 0.000 0.000 0.000 0.000 0.000 0.000 0.000 0.000 0.000 0.000 0.000 0.000 0.000 0.000 0.000 0.000 0.000 0.000 0.000 0.000 0.000 0.000 0.000 0.000 0.000 0.000 0.000 0.000 0.000 0.000 0.000 0.000 0.000 0.000 0.000 0.000 0.000 0.000 0.000 0.001 0.001 0.003 0.008 0.025 0.078 0.189 0.364 0.549 0.670 0.722 0.720 0.683 0.617 0.531 0.430 0.318
0.000 0.000 0.000 0.000 0.000 0.000 0.000 0.000 0.000 0.000 0.000 0.000 0.000 0.000 0.000 0.000 0.000 0.000 0.000 0.000 0.000 0.000 0.000 0.000 0.000 0.000 0.000 0.000 0.000 0.000 0.000 0.000 0.000 0.000 0.000 0.000 0.000 0.000 0.000 0.000 0.000 0.000 0.000 0.000 0.000 0.000 0.000 0.000 0.000 0.000 0.000 0.000 0.000 0.000 0.000 0.000 0.000 0.000 0.000 0.000 0.000 0.001 0.002 0.003 0.009 0.024 0.066 0.168 0.331 0.455 0.510 0.518 0.501 0.459 0.395 0.312 0.223
0.000 0.000 0.000 0.000 0.000 0.000 0.000 0.000 0.000 0.000 0.000 0.000 0.000 0.000 0.000 0.000 0.000 0.000 0.000 0.000 0.000 0.000 0.000 0.000 0.000 0.000 0.000 0.000 0.000 0.000 0.000 0.000 0.000 0.000 0.000 0.000 0.000 0.000 0.000 0.000 0.000 0.000 0.000 0.000 0.000 0.000 0.000 0.000 0.000 0.000 0.000 0.000 0.000 0.000 0.000 0.000 0.000 0.000 0.000 0.000 0.000 0.000 0.001 0.002 0.004 0.009 0.024 0.073 0.185 0.297 0.349 0.363 0.358 0.334 0.289 0.222 0.157
0.000 0.000 0.000 0.000 0.000 0.000 0.000 0.000 0.000 0.000 0.000 0.000 0.000 0.000 0.000 0.000 0.000 0.000 0.000 0.000 0.000 0.000 0.000 0.000 0.000 0.000 0.000 0.000 0.000 0.000 0.000 0.000 0.000 0.000 0.000 0.000 0.000 0.000 0.000 0.000 0.000 0.000 0.000 0.000 0.000 0.000 0.000 0.000 0.000 0.000 0.000 0.000 0.000 0.000 0.000 0.000 0.000 0.000 0.000 0.000 0.000 0.000 0.000 0.001 0.002 0.005 0.012 0.035 0.102 0.188 0.233 0.249 0.249 0.236 0.204 0.157 0.112
0.000 0.000 0.000 0.000 0.000 0.000 0.000 0.000 0.000 0.000 0.000 0.000 0.000 0.000 0.000 0.000 0.000 0.000 0.000 0.000 0.000 0.000 0.000 0.000 0.000 0.000 0.000 0.000 0.000 0.000 0.000 0.000 0.000 0.000 0.000 0.000 0.000 0.000 0.000 0.000 0.000 0.000 0.000 0.000 0.000 0.000 0.000 0.000 0.000 0.000 0.000 0.000 0.000 0.000 0.000 0.000 0.000 0.000 0.000 0.000 0.000 0.000 0.000 0.000 0.001 0.003 0.006 0.018 0.055 0.115 0.152 0.168 0.170 0.162 0.142 0.111 0.079
0.000 0.000 0.000 0.000 0.000 0.000 0.000 0.000 0.000 0.000 0.000 0.000 0.000 0.000 0.000 0.000 0.000 0.000 0.000 0.000 0.000 0.000 0.000 0.000 0.000 0.000 0.000 0.000 0.000 0.000 0.000 0.000 0.000 0.000 0.000 0.000 0.000 0.000 0.000 0.000 0.000 0.000 0.000 0.000 0.000 0.000 0.000 0.000 0.000 0.000 0.000 0.000 0.000 0.000 0.000 0.000 0.000 0.000 0.000 0.000 0.000 0.000 0.000 0.000 0.001 0.002 0.004 0.010 0.029 0.068 0.097 0.111 0.113 0.109 0.096 0.077 0.055
0.000 0.000 0.000 0.000 0.000 0.000 0.000 0.000 0.000 0.000 0.000 0.000 0.000 0.000 0.000 0.000 0.000 0.000 0.000 0.000 0.000 0.000 0.000 0.000 0.000 0.000 0.000 0.000 0.000 0.000 0.000 0.000 0.000 0.000 0.000 0.000 0.000 0.000 0.000 0.000 0.000 0.000 0.000 0.000 0.000 0.000 0.000 0.000 0.000 0.000 0.000 0.000 0.000 0.000 0.000 0.000 0.000 0.000 0.000 0.000 0.000 0.000 0.000 0.000 0.000 0.001 0.002 0.006 0.016 0.039 0.062 0.072 0.074 0.071 0.064 0.052 0.037
0.000 0.000 0.000 0.000 0.000 0.000 0.000 0.000 0.000 0.000 0.000 0.000 0.000 0.000 0.000 0.000 0.000 0.000 0.000 0.000 0.000 0.000 0.000 0.000 0.000 0.000 0.000 0.000 0.000 0.000 0.000 0.000 0.000 0.000 0.000 0.000 0.000 0.000 0.000 0.000 0.000 0.000 0.000 0.000 0.000 0.000 0.000 0.000 0.000 0.000 0.000 0.000 0.000 0.000 0.000 0.000 0.000 0.000 0.000 0.000 0.000 0.000 0.000 0.000 0.000 0.000 0.001 0.003 0.009 0.022 0.039 0.046 0.047 0.046 0.042 0.034 0.025
0.000 0.000 0.000 0.000 0.000 0.000 0.000 0.000 0.000 0.000 0.000 0.000 0.000 0.000 0.000 0.000 0.000 0.000 0.000 0.000 0.000 0.000 0.000 0.000 0.000 0.000 0.000 0.000 0.000 0.000 0.000 0.000 0.000 0.000 0.000 0.000 0.000 0.000 0.000 0.000 0.000 0.000 0.000 0.000 0.000 0.000 0.000 0.000 0.000 0.000 0.000 0.000 0.000 0.000 0.000 0.000 0.000 0.000 0.000 0.000 0.000 0.000 0.000 0.000 0.000 0.000 0.001 0.002 0.005 0.012 0.023 0.029 0.030 0.029 0.027 0.023 0.017
0.000 0.000 0.000 0.000 0.000 0.000 0.000 0.000 0.000 0.000 0.000 0.000 0.000 0.000 0.000 0.000 0.000 0.000 0.000 0.000 0.000 0.000 0.000 0.000 0.000 0.000 0.000 0.000 0.000 0.000 0.000 0.000 0.000 0.000 0.000 0.000 0.000 0.000 0.000 0.000 0.000 0.000 0.000 0.000 0.000 0.000 0.000 0.000 0.000 0.000 0.000 0.000 0.000 0.000 0.000 0.000 0.000 0.000 0.000 0.000 0.000 0.000 0.000 0.000 0.000 0.000 0.000 0.001 0.002 0.006 0.012 0.017 0.019 0.018 0.017 0.015 0.011
0.000 0.000 0.000 0.000 0.000 0.000 0.000 0.000 0.000 0.000 0.000 0.000 0.000 0.000 0.000 0.000 0.000 0.000 0.000 0.000 0.000 0.000 0.000 0.000 0.000 0.000 0.000 0.000 0.000 0.000 0.000 0.000 0.000 0.000 0.000 0.000 0.000 0.000 0.000 0.000 0.000 0.000 0.000 0.000 0.000 0.000 0.000 0.000 0.000 0.000 0.000 0.000 0.000 0.000 0.000 0.000 0.000 0.000 0.000 0.000 0.000 0.000 0.000 0.000 0.000 0.000 0.000 0.000 0.001 0.003 0.006 0.009 0.011 0.011 0.010 0.009 0.007
0.000 0.000 0.000 0.000 0.000 0.000 0.000 0.000 0.000 0.000 0.000 0.000 0.000 0.000 0.000 0.000 0.000 0.000 0.000 0.000 0.000 0.000 0.000 0.000 0.000 0.000 0.000 0.000 0.000 0.000 0.000 0.000 0.000 0.000 0.000 0.000 0.000 0.000 0.000 0.000 0.000 0.000 0.000 0.000 0.000 0.000 0.000 0.000 0.000 0.000 0.000 0.000 0.000 0.000 0.000 0.000 0.000 0.000 0.000 0.000 0.000 0.000 0.000 0.000 0.000 0.000 0.000 0.000 0.001 0.001 0.003 0.005 0.006 0.006 0.006 0.005 0.004
0.000 0.000 0.000 0.000 0.000 0.000 0.000 0.000 0.000 0.000 0.000 0.000 0.000 0.000 0.000 0.000 0.000 0.000 0.000 0.000 0.000 0.000 0.000 0.000 0.000 0.000 0.000 0.000 0.000 0.000 0.000 0.000 0.000 0.000 0.000 0.000 0.000 0.000 0.000 0.000 0.000 0.000 0.000 0.000 0.000 0.000 0.000 0.000 0.000 0.000 0.000 0.000 0.000 0.000 0.000 0.000 0.000 0.000 0.000 0.000 0.000 0.000 0.000 0.000 0.000 0.000 0.000 0.000 0.000 0.001 0.001 0.002 0.003 0.003 0.003 0.003 0.002
