AvaFrame/avaframe/data/avaSalk/Avaflow_Input_Output/slk_results/slk_ascii/slk_hflow10026.asc
ncols 296
nrows 144
xllcenter 761600.00
yllcenter 8523000.00
cellsize 12.50
NODATA_value -9999.000
[rows 68 to 101 of 144, columns 154 to 230 of 296]
0.000 0.000 0.000 0.000 0.000 0.000 0.000 0.000 0.000 0.000 0.000 0.000 0.000 0.000 0.000 0.001 0.000 0.000 0.000 0.000 0.000 0.000 0.000 0.000 0.000 0.000 0.000 0.000 0.000 0.000 0.000 0.000 0.000 0.000 0.000 0.000 0.000 0.001 0.001 0.001 0.001 0.001 0.001 0.002 0.002 0.002 0.002 0.003 0.003 0.004 0.004 0.005 0.005 0.006 0.007 0.008 0.010 0.012 0.014 0.018 0.024 0.034 0.051 0.074 0.104 0.142 0.188 0.250 0.329 0.402 0.449 0.468 0.461 0.414 0.311 0.210 0.152
0.000 0.000 0.000 0.000 0.000 0.000 0.000 0.000 0.000 0.000 0.000 0.000 0.000 0.001 0.000 0.000 0.000 0.000 0.000 0.000 0.000 0.000 0.000 0.000 0.000 0.000 0.000 0.000 0.000 0.000 0.000 0.000 0.000 0.000 0.000 0.001 0.001 0.001 0.001 0.002 0.002 0.002 0.002 0.002 0.002 0.002 0.003 0.003 0.004 0.004 0.005 0.006 0.006 0.007 0.008 0.010 0.012 0.015 0.019 0.024 0.033 0.049 0.074 0.107 0.148 0.198 0.258 0.334 0.408 0.453 0.470 0.452 0.392 0.290 0.195 0.148 0.124
0.000 0.000 0.000 0.000 0.000 0.000 0.000 0.000 0.000 0.000 0.000 0.001 0.001 0.001 0.001 0.000 0.000 0.000 0.000 0.000 0.000 0.000 0.000 0.000 0.000 0.000 0.000 0.000 0.000 0.000 0.000 0.000 0.000 0.001 0.001 0.001 0.002 0.002 0.002 0.002 0.002 0.002 0.002 0.002 0.003 0.003 0.003 0.004 0.004 0.005 0.006 0.007 0.008 0.009 0.010 0.012 0.015 0.019 0.025 0.034 0.049 0.072 0.105 0.150 0.205 0.272 0.344 0.410 0.452 0.468 0.451 0.387 0.286 0.195 0.145 0.121 0.108
0.000 0.000 0.001 0.001 0.001 0.000 0.000 0.000 0.000 0.000 0.000 0.001 0.001 0.001 0.001 0.001 0.001 0.001 0.001 0.001 0.001 0.002 0.002 0.001 0.001 0.001 0.000 0.000 0.000 0.000 0.000 0.000 0.001 0.001 0.002 0.002 0.002 0.002 0.002 0.002 0.002 0.003 0.003 0.003 0.003 0.004 0.004 0.005 0.005 0.006 0.007 0.008 0.010 0.011 0.013 0.015 0.019 0.025 0.035 0.052 0.077 0.108 0.151 0.209 0.281 0.359 0.423 0.456 0.464 0.449 0.392 0.293 0.205 0.153 0.123 0.106 0.094
0.000 0.001 0.000 0.000 0.000 0.000 0.000 0.000 0.000 0.000 0.000 0.001 0.001 0.001 0.001 0.001 0.002 0.002 0.003 0.003 0.004 0.005 0.005 0.004 0.002 0.001 0.001 0.001 0.001 0.001 0.001 0.001 0.001 0.002 0.002 0.002 0.002 0.002 0.003 0.003 0.003 0.003 0.003 0.004 0.004 0.005 0.005 0.006 0.007 0.008 0.009 0.010 0.013 0.015 0.017 0.020 0.026 0.035 0.051 0.085 0.124 0.162 0.217 0.295 0.372 0.428 0.457 0.466 0.452 0.400 0.308 0.217 0.161 0.128 0.107 0.092 0.079
0.000 0.000 0.000 0.000 0.000 0.000 0.000 0.000 0.000 0.001 0.001 0.001 0.001 0.001 0.002 0.002 0.004 0.006 0.007 0.009 0.011 0.013 0.013 0.010 0.005 0.002 0.002 0.001 0.001 0.001 0.001 0.002 0.002 0.002 0.002 0.003 0.003 0.003 0.003 0.003 0.003 0.004 0.004 0.005 0.005 0.006 0.007 0.008 0.009 0.010 0.012 0.014 0.017 0.021 0.025 0.031 0.043 0.064 0.102 0.161 0.205 0.237 0.297 0.373 0.423 0.445 0.452 0.446 0.401 0.311 0.223 0.168 0.134 0.111 0.094 0.079 0.066
0.000 0.000 0.000 0.000 0.000 0.001 0.001 0.001 0.001 0.001 0.002 0.002 0.002 0.002 0.003 0.005 0.008 0.015 0.022 0.028 0.036 0.041 0.041 0.028 0.011 0.005 0.003 0.003 0.003 0.003 0.002 0.003 0.003 0.003 0.003 0.003 0.003 0.003 0.004 0.004 0.004 0.005 0.005 0.006 0.007 0.008 0.009 0.010 0.011 0.013 0.016 0.019 0.025 0.033 0.041 0.058 0.095 0.167 0.252 0.317 0.339 0.353 0.386 0.415 0.430 0.434 0.424 0.385 0.304 0.219 0.169 0.138 0.115 0.097 0.082 0.068 0.056
0.000 0.000 0.000 0.001 0.001 0.002 0.003 0.004 0.004 0.003 0.003 0.003 0.004 0.004 0.007 0.013 0.025 0.052 0.083 0.108 0.124 0.129 0.119 0.075 0.027 0.011 0.007 0.006 0.005 0.005 0.005 0.004 0.004 0.004 0.004 0.004 0.004 0.004 0.004 0.005 0.005 0.006 0.007 0.008 0.010 0.010 0.011 0.013 0.014 0.017 0.021 0.027 0.038 0.054 0.078 0.130 0.219 0.305 0.350 0.370 0.381 0.405 0.431 0.435 0.425 0.410 0.368 0.298 0.223 0.172 0.141 0.119 0.101 0.085 0.071 0.058 0.047
0.001 0.001 0.001 0.002 0.003 0.005 0.010 0.012 0.011 0.008 0.008 0.008 0.009 0.011 0.020 0.044 0.099 0.187 0.268 0.321 0.349 0.351 0.312 0.192 0.068 0.025 0.017 0.015 0.013 0.012 0.011 0.009 0.007 0.006 0.005 0.005 0.005 0.005 0.005 0.006 0.006 0.008 0.010 0.012 0.013 0.014 0.015 0.016 0.018 0.022 0.029 0.040 0.060 0.096 0.158 0.236 0.296 0.319 0.329 0.334 0.350 0.391 0.427 0.429 0.404 0.363 0.293 0.226 0.183 0.153 0.128 0.105 0.087 0.072 0.058 0.047 0.038
0.002 0.002 0.003 0.004 0.007 0.018 0.042 0.052 0.048 0.031 0.024 0.025 0.029 0.044 0.087 0.165 0.281 0.439 0.590 0.690 0.747 0.761 0.693 0.470 0.196 0.072 0.047 0.044 0.043 0.041 0.037 0.029 0.022 0.016 0.011 0.008 0.007 0.006 0.006 0.007 0.008 0.010 0.014 0.017 0.018 0.019 0.019 0.020 0.023 0.030 0.041 0.062 0.100 0.167 0.243 0.285 0.288 0.270 0.258 0.271 0.309 0.365 0.407 0.403 0.351 0.281 0.218 0.184 0.165 0.148 0.127 0.100 0.075 0.058 0.046 0.037 0.032
0.006 0.007 0.008 0.011 0.027 0.094 0.207 0.256 0.240 0.167 0.126 0.125 0.159 0.233 0.337 0.454 0.594 0.801 1.065 1.249 1.340 1.349 1.258 0.984 0.522 0.225 0.144 0.137 0.144 0.160 0.162 0.148 0.120 0.086 0.051 0.023 0.013 0.009 0.009 0.009 0.010 0.013 0.016 0.019 0.022 0.023 0.025 0.027 0.032 0.044 0.064 0.101 0.164 0.229 0.265 0.272 0.260 0.246 0.251 0.279 0.316 0.367 0.389 0.358 0.286 0.220 0.179 0.161 0.155 0.147 0.131 0.104 0.071 0.049 0.038 0.032 0.028
0.018 0.023 0.032 0.057 0.148 0.358 0.564 0.644 0.622 0.526 0.483 0.510 0.598 0.707 0.822 0.927 1.051 1.329 1.728 1.948 1.973 1.904 1.790 1.519 0.929 0.506 0.368 0.355 0.386 0.465 0.523 0.539 0.514 0.450 0.334 0.179 0.069 0.025 0.013 0.012 0.013 0.016 0.019 0.021 0.024 0.028 0.032 0.038 0.048 0.069 0.104 0.162 0.220 0.253 0.261 0.259 0.251 0.252 0.272 0.301 0.319 0.351 0.357 0.315 0.245 0.192 0.160 0.148 0.147 0.147 0.139 0.116 0.077 0.048 0.035 0.030 0.027
0.079 0.124 0.214 0.377 0.637 0.912 1.089 1.151 1.151 1.128 1.156 1.242 1.338 1.389 1.432 1.492 1.625 1.956 2.315 2.469 2.466 2.373 2.215 1.826 1.135 0.782 0.709 0.736 0.839 1.021 1.188 1.298 1.333 1.301 1.122 0.778 0.403 0.167 0.054 0.019 0.017 0.019 0.021 0.024 0.027 0.034 0.044 0.055 0.075 0.110 0.164 0.218 0.248 0.257 0.258 0.256 0.257 0.272 0.297 0.310 0.309 0.317 0.311 0.274 0.214 0.169 0.141 0.130 0.132 0.142 0.145 0.134 0.095 0.053 0.036 0.030 0.027
0.530 0.686 0.982 1.379 1.714 1.886 1.894 1.908 1.961 2.018 2.086 2.172 2.186 2.117 2.096 2.141 2.267 2.512 2.751 2.861 2.865 2.775 2.532 1.930 1.261 1.049 1.087 1.255 1.522 1.831 2.116 2.343 2.462 2.465 2.275 1.827 1.206 0.674 0.296 0.089 0.027 0.023 0.025 0.028 0.034 0.045 0.060 0.082 0.116 0.167 0.217 0.245 0.257 0.260 0.259 0.261 0.275 0.295 0.307 0.306 0.294 0.277 0.259 0.230 0.183 0.141 0.114 0.103 0.107 0.126 0.146 0.148 0.122 0.069 0.042 0.033 0.029
1.848 2.048 2.476 2.984 3.238 3.224 3.022 2.979 3.021 3.048 3.030 3.019 2.963 2.847 2.807 2.852 2.952 3.059 3.153 3.193 3.158 3.061 2.692 1.922 1.448 1.386 1.537 1.893 2.381 2.851 3.261 3.588 3.763 3.813 3.672 3.156 2.391 1.601 0.928 0.410 0.126 0.042 0.032 0.036 0.046 0.063 0.087 0.121 0.170 0.216 0.244 0.257 0.262 0.264 0.266 0.277 0.294 0.304 0.304 0.295 0.275 0.248 0.220 0.188 0.146 0.107 0.082 0.074 0.077 0.100 0.140 0.156 0.147 0.096 0.055 0.042 0.035
3.744 3.928 4.232 4.516 4.617 4.569 4.467 4.411 4.391 4.195 3.953 3.839 3.740 3.628 3.584 3.616 3.651 3.646 3.560 3.457 3.331 3.195 2.675 1.957 1.748 1.840 2.135 2.653 3.331 3.900 4.343 4.672 4.861 4.973 4.933 4.524 3.740 2.775 1.919 1.155 0.556 0.230 0.097 0.054 0.065 0.090 0.126 0.170 0.213 0.240 0.256 0.264 0.269 0.274 0.283 0.296 0.303 0.302 0.295 0.277 0.252 0.222 0.185 0.145 0.105 0.073 0.054 0.048 0.052 0.071 0.122 0.160 0.161 0.125 0.076 0.055 0.044
5.129 5.312 5.482 5.605 5.644 5.654 5.695 5.660 5.584 5.267 4.917 4.709 4.596 4.539 4.517 4.501 4.451 4.255 3.871 3.611 3.430 3.206 2.619 2.168 2.167 2.423 2.862 3.472 4.196 4.800 5.247 5.545 5.705 5.793 5.838 5.589 4.969 4.093 3.196 2.303 1.462 0.863 0.492 0.243 0.120 0.127 0.174 0.211 0.236 0.252 0.263 0.272 0.281 0.291 0.299 0.303 0.302 0.294 0.279 0.255 0.224 0.185 0.143 0.104 0.073 0.048 0.034 0.030 0.035 0.053 0.109 0.159 0.167 0.146 0.101 0.071 0.051
6.088 6.200 6.311 6.442 6.538 6.625 6.710 6.714 6.636 6.368 5.969 5.753 5.654 5.655 5.655 5.511 5.228 4.691 4.056 3.705 3.470 3.156 2.720 2.580 2.738 3.137 3.663 4.299 4.932 5.546 6.001 6.268 6.404 6.424 6.460 6.289 5.844 5.241 4.463 3.631 2.668 1.894 1.391 0.950 0.505 0.222 0.202 0.237 0.250 0.261 0.272 0.285 0.298 0.304 0.304 0.299 0.293 0.282 0.260 0.226 0.187 0.146 0.109 0.077 0.051 0.033 0.025 0.023 0.028 0.049 0.111 0.159 0.167 0.152 0.113 0.076 0.051
6.822 6.932 7.063 7.208 7.377 7.528 7.641 7.686 7.656 7.523 7.240 7.098 7.007 6.911 6.691 6.268 5.708 4.885 4.130 3.711 3.427 3.204 3.047 3.168 3.498 4.017 4.554 5.129 5.621 6.154 6.606 6.903 6.982 6.935 6.887 6.742 6.383 5.990 5.362 4.656 3.687 2.823 2.337 2.009 1.500 0.747 0.280 0.248 0.264 0.270 0.282 0.302 0.312 0.310 0.300 0.286 0.275 0.260 0.230 0.190 0.153 0.119 0.089 0.062 0.041 0.028 0.023 0.023 0.029 0.058 0.124 0.161 0.164 0.148 0.110 0.072 0.046
7.535 7.654 7.816 7.989 8.183 8.364 8.496 8.580 8.609 8.584 8.480 8.356 8.223 7.911 7.367 6.648 5.865 4.896 4.148 3.676 3.430 3.415 3.581 3.957 4.494 5.075 5.559 5.991 6.344 6.739 7.122 7.380 7.406 7.343 7.254 7.089 6.740 6.377 5.832 5.187 4.333 3.493 2.992 2.725 2.491 1.852 0.753 0.270 0.270 0.277 0.291 0.314 0.320 0.311 0.285 0.257 0.244 0.229 0.202 0.165 0.131 0.101 0.075 0.054 0.038 0.028 0.025 0.027 0.040 0.083 0.143 0.164 0.161 0.138 0.096 0.061 0.038
8.240 8.391 8.582 8.747 8.874 9.017 9.191 9.351 9.457 9.485 9.438 9.393 9.124 8.540 7.663 6.757 5.808 4.855 4.178 3.744 3.655 3.869 4.364 5.038 5.687 6.228 6.621 6.953 7.164 7.383 7.625 7.748 7.792 7.696 7.591 7.372 6.988 6.573 6.025 5.342 4.623 3.923 3.423 3.133 2.990 2.803 1.826 0.503 0.243 0.283 0.302 0.320 0.322 0.299 0.249 0.215 0.207 0.203 0.188 0.160 0.122 0.087 0.062 0.046 0.037 0.032 0.031 0.038 0.065 0.118 0.157 0.165 0.155 0.119 0.075 0.046 0.030
9.049 9.154 9.265 9.361 9.451 9.565 9.715 9.901 10.103 10.270 10.291 10.156 9.577 8.749 7.645 6.678 5.693 4.891 4.389 4.159 4.232 4.633 5.428 6.239 6.830 7.270 7.595 7.927 8.079 8.122 8.229 8.188 8.212 8.089 7.914 7.577 7.161 6.709 6.092 5.348 4.655 4.070 3.627 3.332 3.180 3.084 2.757 1.387 0.363 0.264 0.309 0.316 0.305 0.260 0.202 0.182 0.184 0.190 0.185 0.162 0.117 0.072 0.048 0.037 0.034 0.035 0.040 0.058 0.105 0.150 0.165 0.165 0.136 0.088 0.053 0.034 0.024
9.937 9.807 9.838 9.904 9.957 10.006 10.157 10.382 10.728 10.912 10.925 10.567 9.726 8.573 7.279 6.263 5.605 5.139 4.943 4.940 5.147 5.703 6.584 7.223 7.778 8.142 8.495 8.783 8.974 9.024 9.043 8.950 8.842 8.661 8.257 7.788 7.300 6.826 6.145 5.322 4.571 4.030 3.665 3.387 3.185 3.027 2.851 2.214 0.999 0.344 0.298 0.300 0.261 0.208 0.172 0.166 0.177 0.191 0.190 0.166 0.106 0.057 0.037 0.032 0.031 0.034 0.045 0.078 0.140 0.172 0.173 0.157 0.107 0.061 0.038 0.026 0.021
10.586 10.237 10.163 10.183 10.274 10.309 10.546 10.750 11.145 11.332 11.245 10.586 9.572 8.202 7.005 6.219 5.903 5.737 5.828 6.051 6.352 6.885 7.588 8.047 8.537 8.876 9.269 9.563 9.863 9.965 9.900 9.720 9.468 9.251 8.642 8.113 7.491 6.912 6.225 5.353 4.477 3.853 3.550 3.300 3.027 2.775 2.572 2.284 1.566 0.687 0.309 0.248 0.203 0.166 0.152 0.155 0.177 0.201 0.203 0.171 0.095 0.046 0.033 0.031 0.031 0.032 0.044 0.082 0.154 0.184 0.182 0.156 0.099 0.052 0.031 0.022 0.019
10.842 10.284 10.310 10.352 10.493 10.615 10.864 11.085 11.393 11.557 11.226 10.428 9.260 8.003 7.037 6.615 6.636 6.764 7.055 7.397 7.646 7.962 8.399 8.786 9.200 9.536 10.061 10.369 10.629 10.662 10.492 10.226 9.860 9.501 8.997 8.541 7.874 7.112 6.335 5.469 4.543 3.713 3.248 2.992 2.698 2.386 2.177 2.020 1.667 1.019 0.440 0.209 0.161 0.139 0.134 0.142 0.174 0.214 0.224 0.186 0.094 0.043 0.033 0.033 0.034 0.033 0.040 0.076 0.148 0.186 0.188 0.163 0.103 0.054 0.032 0.022 0.019
10.774 10.242 10.338 10.491 10.644 10.768 11.016 11.227 11.372 11.344 10.856 10.077 9.108 8.324 7.848 7.749 7.850 8.108 8.348 8.557 8.785 9.005 9.167 9.496 9.842 10.214 10.767 11.026 11.173 11.125 10.843 10.448 10.073 9.689 9.262 8.883 8.274 7.445 6.550 5.687 4.731 3.746 3.030 2.572 2.241 1.982 1.790 1.631 1.430 1.120 0.639 0.271 0.148 0.123 0.119 0.128 0.164 0.217 0.232 0.200 0.105 0.049 0.036 0.037 0.038 0.037 0.040 0.062 0.123 0.176 0.187 0.172 0.118 0.064 0.038 0.026 0.020
10.391 10.213 10.359 10.549 10.691 10.736 10.932 11.073 11.106 10.886 10.586 10.023 9.475 9.307 9.316 9.269 9.221 9.374 9.416 9.489 9.681 9.947 10.059 10.253 10.506 10.876 11.317 11.515 11.675 11.484 11.125 10.599 10.207 9.838 9.413 9.113 8.539 7.755 6.864 5.958 4.918 3.845 3.048 2.436 1.930 1.635 1.414 1.179 1.029 0.939 0.725 0.377 0.171 0.123 0.116 0.122 0.151 0.207 0.227 0.207 0.131 0.076 0.057 0.047 0.043 0.043 0.045 0.054 0.090 0.149 0.176 0.172 0.136 0.084 0.053 0.035 0.024
10.038 10.138 10.393 10.489 10.560 10.556 10.585 10.627 10.559 10.469 10.478 10.391 10.257 10.279 10.427 10.398 10.312 10.351 10.293 10.342 10.435 10.724 10.983 11.028 11.145 11.305 11.645 11.798 11.963 11.611 11.301 10.770 10.317 10.026 9.639 9.486 8.959 8.187 7.307 6.217 5.058 3.956 3.109 2.432 1.837 1.445 1.157 0.892 0.750 0.702 0.643 0.455 0.239 0.160 0.152 0.153 0.167 0.205 0.226 0.229 0.228 0.218 0.205 0.156 0.080 0.054 0.053 0.057 0.073 0.116 0.152 0.161 0.148 0.111 0.076 0.051 0.033
9.684 9.966 10.278 10.246 10.225 10.124 10.090 10.017 9.973 10.050 10.392 10.676 10.797 10.909 11.137 11.092 11.052 10.988 10.937 11.035 10.978 11.140 11.324 11.297 11.427 11.532 11.706 11.886 11.956 11.784 11.534 11.044 10.564 10.360 10.175 10.299 10.146 9.575 8.258 6.614 5.216 4.058 3.152 2.448 1.878 1.450 1.123 0.849 0.703 0.648 0.620 0.653 0.647 0.632 0.633 0.598 0.542 0.535 0.572 0.704 0.925 1.048 1.059 0.926 0.577 0.217 0.093 0.069 0.066 0.082 0.111 0.134 0.142 0.131 0.106 0.076 0.047
9.238 9.606 9.860 9.802 9.754 9.570 9.560 9.429 9.384 9.505 10.036 10.657 11.086 11.334 11.480 11.405 11.397 11.266 11.187 11.285 11.183 11.312 11.378 11.312 11.388 11.471 11.639 11.826 11.834 11.809 11.580 11.192 10.778 10.705 10.808 10.995 11.017 10.667 9.582 7.818 5.755 4.174 3.173 2.468 1.947 1.546 1.228 0.989 0.876 0.871 1.093 1.736 2.290 2.460 2.427 2.264 2.054 1.968 1.994 2.220 2.563 2.747 2.781 2.703 2.263 1.467 0.733 0.311 0.118 0.064 0.074 0.095 0.121 0.133 0.125 0.102 0.068
8.635 8.952 9.164 9.172 9.125 8.992 8.965 8.851 8.680 8.794 9.380 10.265 10.915 11.320 11.478 11.418 11.232 11.192 11.034 11.160 11.145 11.165 11.203 11.153 11.205 11.144 11.117 11.085 11.230 11.321 11.278 10.997 10.726 10.698 10.951 11.196 11.245 10.850 9.962 8.543 6.625 4.599 3.184 2.491 2.059 1.746 1.485 1.345 1.376 1.686 2.361 3.403 4.182 4.505 4.550 4.462 4.309 4.210 4.185 4.285 4.462 4.548 4.562 4.562 4.430 3.960 2.846 1.535 0.605 0.168 0.061 0.066 0.092 0.120 0.125 0.115 0.091
7.770 8.025 8.160 8.293 8.238 8.172 8.075 7.971 7.848 7.757 8.248 9.222 10.087 10.494 10.539 10.542 10.166 10.120 10.101 10.345 10.451 10.459 10.389 10.273 10.307 10.183 9.849 9.602 9.641 9.557 9.497 9.521 9.749 10.072 10.344 10.428 10.377 10.168 9.584 8.468 6.831 4.805 3.184 2.438 2.117 1.941 1.840 1.832 2.026 2.596 3.433 4.467 5.260 5.734 5.945 6.127 6.241 6.332 6.355 6.374 6.387 6.346 6.384 6.315 6.188 5.861 4.897 3.196 1.553 0.548 0.135 0.057 0.066 0.092 0.113 0.115 0.104
6.580 6.719 6.812 6.996 7.012 6.999 6.947 6.778 6.725 6.656 6.941 7.602 8.212 8.481 8.440 8.411 8.220 8.199 8.176 8.188 8.291 8.425 8.416 8.348 8.192 7.838 7.209 6.774 6.560 6.380 6.402 6.761 7.464 8.060 8.286 8.286 8.257 8.159 7.790 7.077 6.058 4.580 2.982 2.240 2.068 2.019 2.098 2.285 2.636 3.297 4.235 5.343 6.174 6.813 7.209 7.641 7.972 8.228 8.400 8.458 8.454 8.432 8.377 8.257 7.962 7.457 6.344 4.471 2.511 1.186 0.429 0.120 0.062 0.071 0.090 0.105 0.107
4.522 4.558 4.632 4.871 5.110 5.107 5.112 5.104 5.153 5.229 5.372 5.607 5.762 5.763 5.625 5.495 5.435 5.435 5.355 5.189 5.153 5.054 4.805 4.575 4.352 4.156 3.866 3.626 3.486 3.439 3.573 3.917 4.650 5.232 5.478 5.521 5.429 5.164 4.919 4.740 4.217 3.020 2.029 1.768 1.842 1.974 2.216 2.629 3.208 4.026 5.078 6.288 7.156 8.027 8.526 9.113 9.628 10.056 10.309 10.605 10.564 10.608 10.501 10.245 9.736 9.086 7.726 5.648 3.585 2.108 1.090 0.434 0.146 0.080 0.086 0.099 0.109
