AvaFrame/avaframe/data/avaSalk/Avaflow_Input_Output/slk_results/slk_ascii/slk_hflow0019.asc
ncols 296
nrows 144
xllcenter 761600.00
yllcenter 8523000.00
cellsize 12.50
NODATA_value -9999.000
[rows 68 to 101 of 144, columns 154 to 230 of 296]
0.000 0.000 0.000 0.000 0.000 0.000 0.000 0.000 0.000 0.000 0.000 0.000 0.000 0.000 0.000 0.001 0.001 0.001 0.001 0.001 0.001 0.001 0.001 0.001 0.001 0.001 0.001 0.001 0.001 0.001 0.002 0.002 0.002 0.002 0.003 0.003 0.003 0.004 0.004 0.005 0.005 0.005 0.006 0.006 0.006 0.007 0.007 0.008 0.009 0.010 0.011 0.011 0.012 0.013 0.015 0.017 0.019 0.023 0.027 0.034 0.044 0.061 0.088 0.124 0.171 0.232 0.306 0.404 0.503 0.576 0.618 0.632 0.615 0.549 0.420 0.297 0.225
0.000 0.000 0.000 0.000 0.000 0.000 0.000 0.000 0.000 0.000 0.000 0.000 0.000 0.001 0.001 0.001 0.001 0.001 0.001 0.001 0.001 0.002 0.002 0.002 0.002 0.001 0.001 0.001 0.001 0.002 0.002 0.002 0.002 0.003 0.003 0.004 0.004 0.005 0.005 0.005 0.005 0.006 0.006 0.006 0.006 0.007 0.007 0.008 0.009 0.010 0.012 0.013 0.014 0.015 0.017 0.020 0.023 0.028 0.035 0.045 0.061 0.086 0.125 0.176 0.240 0.318 0.411 0.507 0.580 0.620 0.632 0.606 0.527 0.400 0.283 0.222 0.188
0.000 0.000 0.000 0.000 0.000 0.000 0.000 0.000 0.000 0.000 0.000 0.001 0.001 0.001 0.001 0.001 0.001 0.001 0.001 0.001 0.002 0.002 0.002 0.002 0.002 0.002 0.002 0.002 0.002 0.002 0.002 0.003 0.003 0.003 0.004 0.004 0.005 0.005 0.005 0.006 0.006 0.006 0.006 0.006 0.007 0.007 0.008 0.009 0.010 0.011 0.013 0.014 0.016 0.018 0.020 0.024 0.029 0.037 0.047 0.063 0.087 0.123 0.175 0.243 0.327 0.424 0.514 0.578 0.616 0.629 0.604 0.523 0.399 0.286 0.219 0.185 0.165
0.000 0.000 0.001 0.001 0.001 0.001 0.001 0.000 0.000 0.000 0.000 0.001 0.001 0.001 0.001 0.001 0.002 0.002 0.002 0.002 0.002 0.003 0.003 0.003 0.003 0.002 0.002 0.002 0.002 0.003 0.003 0.003 0.004 0.004 0.005 0.005 0.005 0.006 0.006 0.006 0.006 0.007 0.007 0.007 0.008 0.008 0.009 0.010 0.012 0.013 0.015 0.017 0.019 0.022 0.025 0.029 0.036 0.047 0.063 0.092 0.132 0.179 0.246 0.336 0.438 0.534 0.598 0.623 0.623 0.602 0.530 0.408 0.298 0.228 0.187 0.161 0.141
0.000 0.001 0.001 0.001 0.001 0.001 0.001 0.001 0.001 0.000 0.001 0.001 0.001 0.001 0.001 0.002 0.003 0.003 0.003 0.003 0.003 0.004 0.004 0.004 0.003 0.003 0.003 0.003 0.003 0.003 0.003 0.004 0.004 0.005 0.005 0.006 0.006 0.006 0.006 0.007 0.007 0.007 0.008 0.008 0.009 0.010 0.011 0.013 0.014 0.016 0.018 0.020 0.024 0.028 0.032 0.038 0.048 0.064 0.090 0.143 0.203 0.261 0.348 0.457 0.547 0.600 0.625 0.629 0.605 0.541 0.427 0.312 0.239 0.193 0.163 0.140 0.119
0.000 0.000 0.001 0.001 0.001 0.001 0.001 0.001 0.001 0.001 0.001 0.001 0.001 0.001 0.002 0.003 0.004 0.006 0.006 0.006 0.006 0.006 0.006 0.005 0.004 0.004 0.004 0.004 0.004 0.004 0.004 0.005 0.005 0.005 0.006 0.006 0.007 0.007 0.007 0.007 0.008 0.008 0.009 0.010 0.011 0.012 0.014 0.015 0.017 0.020 0.022 0.026 0.031 0.037 0.044 0.053 0.071 0.102 0.157 0.246 0.315 0.370 0.457 0.542 0.590 0.608 0.615 0.601 0.542 0.431 0.320 0.247 0.200 0.167 0.143 0.121 0.101
0.000 0.000 0.001 0.001 0.001 0.002 0.002 0.002 0.002 0.002 0.002 0.002 0.002 0.002 0.003 0.005 0.008 0.012 0.013 0.013 0.013 0.013 0.011 0.008 0.006 0.005 0.005 0.005 0.005 0.005 0.005 0.005 0.006 0.006 0.007 0.007 0.007 0.008 0.008 0.008 0.009 0.010 0.011 0.012 0.013 0.015 0.017 0.019 0.021 0.024 0.028 0.033 0.042 0.053 0.066 0.088 0.133 0.223 0.339 0.443 0.494 0.528 0.564 0.584 0.592 0.591 0.576 0.526 0.425 0.316 0.248 0.204 0.172 0.147 0.125 0.105 0.086
0.001 0.001 0.001 0.001 0.002 0.003 0.005 0.005 0.005 0.005 0.004 0.004 0.004 0.005 0.007 0.011 0.020 0.031 0.037 0.039 0.039 0.037 0.027 0.014 0.010 0.009 0.008 0.008 0.008 0.007 0.007 0.007 0.007 0.007 0.008 0.008 0.008 0.008 0.009 0.009 0.010 0.011 0.013 0.016 0.017 0.019 0.021 0.023 0.026 0.030 0.035 0.045 0.060 0.081 0.113 0.175 0.292 0.414 0.492 0.531 0.557 0.589 0.609 0.603 0.585 0.563 0.510 0.420 0.321 0.251 0.208 0.178 0.152 0.129 0.108 0.089 0.072
0.002 0.002 0.002 0.002 0.004 0.008 0.013 0.014 0.013 0.010 0.009 0.009 0.009 0.010 0.016 0.030 0.060 0.095 0.114 0.122 0.123 0.115 0.080 0.034 0.019 0.016 0.016 0.015 0.014 0.013 0.012 0.011 0.010 0.009 0.009 0.009 0.009 0.010 0.010 0.011 0.012 0.014 0.018 0.021 0.023 0.024 0.025 0.027 0.031 0.037 0.046 0.063 0.090 0.137 0.220 0.330 0.422 0.464 0.486 0.501 0.522 0.564 0.601 0.596 0.560 0.507 0.415 0.322 0.263 0.221 0.187 0.157 0.133 0.111 0.090 0.073 0.060
0.004 0.004 0.004 0.005 0.009 0.023 0.046 0.054 0.050 0.032 0.024 0.024 0.025 0.032 0.053 0.095 0.155 0.216 0.261 0.291 0.305 0.297 0.229 0.106 0.047 0.037 0.036 0.036 0.037 0.035 0.031 0.025 0.021 0.017 0.014 0.012 0.011 0.011 0.012 0.013 0.015 0.018 0.024 0.028 0.031 0.031 0.031 0.034 0.039 0.048 0.065 0.094 0.148 0.242 0.352 0.417 0.430 0.421 0.413 0.427 0.464 0.521 0.570 0.561 0.494 0.399 0.313 0.263 0.235 0.210 0.181 0.145 0.113 0.090 0.072 0.059 0.050
0.009 0.009 0.010 0.014 0.031 0.099 0.196 0.229 0.210 0.142 0.100 0.094 0.103 0.133 0.187 0.252 0.318 0.395 0.484 0.553 0.589 0.586 0.507 0.302 0.140 0.097 0.092 0.094 0.107 0.117 0.112 0.098 0.079 0.060 0.040 0.024 0.017 0.015 0.015 0.016 0.018 0.023 0.028 0.032 0.035 0.038 0.040 0.043 0.052 0.069 0.099 0.151 0.238 0.332 0.389 0.408 0.402 0.391 0.400 0.434 0.468 0.517 0.542 0.500 0.404 0.314 0.259 0.233 0.221 0.207 0.183 0.147 0.104 0.075 0.059 0.050 0.044
0.024 0.027 0.033 0.052 0.128 0.318 0.503 0.557 0.526 0.425 0.365 0.356 0.371 0.409 0.466 0.519 0.568 0.657 0.811 0.931 0.958 0.937 0.883 0.637 0.326 0.222 0.212 0.226 0.270 0.332 0.366 0.369 0.346 0.301 0.223 0.122 0.055 0.029 0.021 0.020 0.023 0.027 0.031 0.034 0.038 0.044 0.051 0.059 0.075 0.105 0.156 0.238 0.320 0.368 0.386 0.391 0.392 0.399 0.427 0.458 0.464 0.490 0.493 0.434 0.340 0.272 0.232 0.215 0.211 0.206 0.190 0.159 0.108 0.071 0.054 0.046 0.042
0.103 0.127 0.177 0.283 0.489 0.748 0.924 0.979 0.952 0.893 0.860 0.852 0.849 0.846 0.859 0.875 0.905 1.029 1.248 1.380 1.382 1.342 1.260 0.905 0.497 0.391 0.399 0.459 0.575 0.732 0.865 0.951 0.987 0.958 0.817 0.560 0.304 0.142 0.058 0.030 0.028 0.031 0.034 0.038 0.043 0.053 0.066 0.083 0.112 0.163 0.241 0.318 0.364 0.382 0.388 0.392 0.403 0.427 0.451 0.457 0.444 0.440 0.427 0.375 0.295 0.237 0.203 0.191 0.194 0.202 0.198 0.177 0.125 0.076 0.055 0.046 0.042
0.578 0.655 0.820 1.078 1.349 1.506 1.545 1.528 1.523 1.518 1.502 1.465 1.408 1.341 1.318 1.316 1.360 1.500 1.666 1.746 1.764 1.727 1.537 1.015 0.626 0.566 0.632 0.799 1.042 1.324 1.591 1.809 1.953 1.972 1.831 1.464 0.998 0.589 0.285 0.106 0.043 0.037 0.039 0.044 0.053 0.068 0.090 0.121 0.170 0.244 0.317 0.361 0.382 0.391 0.396 0.406 0.428 0.447 0.452 0.443 0.417 0.385 0.354 0.313 0.252 0.200 0.168 0.157 0.163 0.187 0.202 0.196 0.155 0.091 0.061 0.050 0.045
1.914 1.984 2.201 2.508 2.669 2.637 2.456 2.322 2.309 2.259 2.189 2.102 1.994 1.887 1.848 1.864 1.918 1.981 2.035 2.059 2.053 2.000 1.661 1.048 0.783 0.788 0.938 1.234 1.629 2.063 2.478 2.838 3.101 3.194 3.118 2.717 2.134 1.506 0.920 0.453 0.171 0.069 0.050 0.055 0.069 0.094 0.128 0.177 0.247 0.316 0.359 0.383 0.395 0.403 0.412 0.428 0.443 0.447 0.440 0.419 0.385 0.342 0.301 0.259 0.206 0.158 0.129 0.120 0.126 0.158 0.202 0.211 0.189 0.119 0.075 0.060 0.051
3.756 3.760 3.812 3.913 3.951 3.861 3.624 3.438 3.332 3.136 2.938 2.786 2.658 2.538 2.486 2.503 2.524 2.501 2.415 2.326 2.252 2.143 1.661 1.122 1.008 1.109 1.368 1.787 2.326 2.928 3.474 3.928 4.253 4.444 4.487 4.207 3.558 2.763 1.992 1.269 0.672 0.313 0.142 0.082 0.097 0.132 0.183 0.247 0.311 0.355 0.382 0.399 0.412 0.423 0.435 0.444 0.445 0.437 0.421 0.391 0.349 0.304 0.255 0.205 0.155 0.112 0.088 0.082 0.087 0.119 0.190 0.221 0.214 0.153 0.096 0.075 0.062
5.026 4.990 4.955 4.938 4.910 4.828 4.731 4.656 4.500 4.150 3.801 3.582 3.458 3.356 3.300 3.271 3.240 3.091 2.782 2.552 2.401 2.183 1.657 1.323 1.338 1.559 1.940 2.469 3.124 3.854 4.447 4.909 5.209 5.436 5.500 5.359 4.854 4.141 3.378 2.562 1.714 1.072 0.637 0.326 0.172 0.186 0.254 0.309 0.349 0.377 0.399 0.418 0.433 0.442 0.447 0.445 0.440 0.424 0.397 0.357 0.308 0.255 0.201 0.151 0.109 0.075 0.057 0.052 0.059 0.085 0.170 0.227 0.230 0.188 0.127 0.094 0.071
5.791 5.727 5.703 5.711 5.724 5.706 5.678 5.653 5.538 5.179 4.815 4.593 4.465 4.402 4.357 4.232 4.026 3.593 3.066 2.733 2.503 2.188 1.799 1.697 1.830 2.162 2.648 3.266 3.978 4.755 5.350 5.802 6.066 6.235 6.267 6.187 5.854 5.354 4.779 4.067 3.113 2.298 1.728 1.209 0.677 0.319 0.298 0.353 0.375 0.395 0.416 0.434 0.448 0.452 0.446 0.437 0.424 0.403 0.366 0.312 0.256 0.202 0.153 0.111 0.077 0.052 0.040 0.038 0.045 0.074 0.163 0.230 0.237 0.209 0.149 0.103 0.071
6.392 6.366 6.371 6.412 6.495 6.548 6.566 6.557 6.503 6.283 6.003 5.821 5.701 5.624 5.433 5.075 4.583 3.889 3.254 2.834 2.542 2.299 2.161 2.250 2.522 2.956 3.513 4.170 4.870 5.618 6.238 6.640 6.800 6.848 6.859 6.747 6.528 6.200 5.807 5.209 4.276 3.440 2.973 2.612 2.003 1.058 0.416 0.366 0.399 0.411 0.428 0.451 0.461 0.458 0.439 0.417 0.395 0.366 0.318 0.260 0.210 0.166 0.126 0.090 0.061 0.043 0.036 0.036 0.043 0.080 0.171 0.232 0.239 0.212 0.152 0.100 0.065
6.960 6.967 7.016 7.112 7.234 7.327 7.381 7.407 7.392 7.315 7.176 7.045 6.908 6.646 6.187 5.558 4.834 3.992 3.350 2.896 2.646 2.600 2.711 2.995 3.425 3.977 4.569 5.211 5.840 6.512 7.066 7.351 7.405 7.364 7.397 7.220 7.011 6.723 6.389 5.839 5.023 4.267 3.845 3.631 3.394 2.624 1.162 0.427 0.409 0.420 0.435 0.463 0.469 0.453 0.413 0.369 0.339 0.311 0.270 0.222 0.180 0.141 0.107 0.078 0.056 0.043 0.038 0.039 0.053 0.103 0.190 0.235 0.238 0.207 0.140 0.088 0.056
7.503 7.558 7.699 7.852 7.950 8.008 8.062 8.107 8.143 8.161 8.126 8.034 7.802 7.306 6.555 5.732 4.882 4.071 3.475 3.094 3.000 3.167 3.490 3.988 4.579 5.212 5.837 6.460 6.985 7.464 7.825 8.025 7.974 7.869 7.871 7.654 7.384 7.044 6.624 6.069 5.427 4.862 4.446 4.252 4.129 3.936 2.696 0.869 0.390 0.427 0.448 0.468 0.468 0.430 0.357 0.307 0.289 0.275 0.249 0.210 0.164 0.120 0.087 0.066 0.053 0.046 0.045 0.051 0.078 0.142 0.215 0.240 0.236 0.188 0.116 0.070 0.045
8.145 8.185 8.356 8.481 8.559 8.607 8.640 8.683 8.756 8.828 8.851 8.774 8.345 7.585 6.591 5.736 4.870 4.228 3.801 3.611 3.650 3.978 4.536 5.299 6.010 6.674 7.261 7.820 8.255 8.492 8.627 8.658 8.552 8.461 8.286 7.977 7.666 7.281 6.740 6.141 5.549 5.098 4.768 4.564 4.429 4.346 3.937 2.106 0.581 0.401 0.461 0.464 0.442 0.373 0.293 0.262 0.257 0.255 0.244 0.211 0.153 0.099 0.068 0.053 0.049 0.049 0.055 0.072 0.117 0.188 0.234 0.248 0.224 0.148 0.085 0.052 0.037
9.059 8.840 8.910 8.964 8.981 9.000 9.027 9.109 9.298 9.442 9.450 9.221 8.546 7.567 6.427 5.566 4.940 4.598 4.453 4.468 4.668 5.120 5.856 6.706 7.401 8.020 8.533 8.937 9.357 9.511 9.542 9.435 9.353 9.146 8.704 8.235 7.909 7.476 6.900 6.214 5.566 5.112 4.840 4.623 4.473 4.307 4.101 3.226 1.459 0.512 0.448 0.440 0.374 0.297 0.248 0.239 0.247 0.253 0.247 0.211 0.136 0.078 0.054 0.046 0.045 0.048 0.060 0.093 0.163 0.228 0.250 0.245 0.185 0.099 0.059 0.040 0.032
9.735 9.337 9.266 9.281 9.296 9.329 9.418 9.585 9.757 9.890 9.808 9.288 8.387 7.289 6.256 5.585 5.324 5.281 5.416 5.611 6.013 6.528 7.205 7.909 8.534 9.055 9.544 9.922 10.304 10.386 10.352 10.174 9.997 9.750 9.226 8.644 8.204 7.683 7.137 6.365 5.581 5.026 4.761 4.577 4.367 4.112 3.837 3.375 2.256 0.970 0.447 0.361 0.291 0.240 0.221 0.224 0.245 0.262 0.259 0.215 0.121 0.063 0.047 0.045 0.044 0.046 0.059 0.101 0.190 0.255 0.264 0.240 0.160 0.080 0.048 0.034 0.030
9.987 9.605 9.535 9.541 9.637 9.718 9.776 9.971 10.122 10.162 9.861 9.193 8.226 7.202 6.410 6.131 6.196 6.357 6.692 7.030 7.439 7.857 8.359 8.917 9.461 9.908 10.398 10.809 11.050 11.010 11.003 10.783 10.396 10.088 9.661 9.230 8.688 8.002 7.404 6.611 5.730 4.937 4.501 4.290 4.038 3.732 3.395 3.047 2.443 1.446 0.603 0.293 0.227 0.200 0.196 0.208 0.244 0.276 0.280 0.229 0.119 0.060 0.047 0.047 0.047 0.046 0.055 0.097 0.192 0.262 0.272 0.242 0.158 0.081 0.048 0.034 0.029
9.886 9.644 9.705 9.823 9.956 10.055 10.025 10.228 10.235 10.136 9.703 8.999 8.144 7.526 7.258 7.310 7.479 7.753 8.088 8.380 8.665 9.049 9.424 9.796 10.225 10.685 11.122 11.487 11.664 11.475 11.375 11.055 10.696 10.401 10.028 9.734 9.202 8.450 7.757 6.937 6.016 5.022 4.302 3.829 3.500 3.190 2.857 2.531 2.166 1.645 0.885 0.357 0.203 0.177 0.175 0.191 0.237 0.281 0.287 0.239 0.128 0.067 0.052 0.051 0.052 0.050 0.054 0.085 0.171 0.252 0.269 0.246 0.168 0.092 0.055 0.038 0.031
9.772 9.665 9.767 10.056 10.166 10.262 10.143 10.311 10.178 9.982 9.643 9.105 8.672 8.631 8.781 8.933 9.033 9.129 9.264 9.518 9.696 10.075 10.420 10.645 10.940 11.317 11.752 12.038 12.231 11.878 11.634 11.287 10.984 10.733 10.394 10.126 9.635 8.920 8.166 7.302 6.275 5.161 4.292 3.591 3.023 2.661 2.335 1.964 1.704 1.478 1.052 0.500 0.228 0.176 0.173 0.186 0.230 0.275 0.283 0.248 0.157 0.103 0.083 0.070 0.059 0.058 0.060 0.076 0.136 0.223 0.255 0.245 0.186 0.113 0.073 0.049 0.036
9.574 9.632 9.764 10.022 10.106 10.207 10.124 10.195 10.035 9.971 9.820 9.655 9.673 9.841 10.089 10.165 10.194 10.231 10.223 10.367 10.509 10.813 11.134 11.340 11.475 11.667 12.101 12.297 12.541 12.142 11.845 11.571 11.261 11.085 10.773 10.513 10.116 9.476 8.642 7.664 6.444 5.277 4.329 3.554 2.852 2.386 1.997 1.605 1.365 1.230 1.043 0.666 0.345 0.252 0.252 0.258 0.276 0.304 0.315 0.313 0.313 0.318 0.306 0.240 0.127 0.077 0.072 0.081 0.114 0.183 0.225 0.229 0.203 0.146 0.099 0.069 0.047
9.335 9.503 9.679 9.856 9.884 9.942 9.987 10.001 9.893 9.861 9.890 10.141 10.503 10.677 10.884 10.881 10.901 10.926 10.877 10.949 11.076 11.219 11.487 11.609 11.729 11.870 12.233 12.433 12.614 12.324 12.188 11.943 11.632 11.553 11.438 11.487 11.369 10.803 9.594 8.149 6.605 5.371 4.345 3.541 2.871 2.353 1.919 1.544 1.312 1.203 1.145 1.140 1.048 1.002 0.992 0.934 0.842 0.812 0.842 0.972 1.213 1.349 1.357 1.197 0.779 0.326 0.141 0.101 0.105 0.137 0.177 0.199 0.198 0.174 0.136 0.097 0.063
8.863 9.109 9.245 9.300 9.334 9.384 9.461 9.517 9.564 9.638 9.838 10.224 10.834 11.129 11.271 11.220 11.186 11.146 11.176 11.189 11.314 11.383 11.592 11.630 11.809 11.849 12.122 12.319 12.520 12.467 12.322 12.076 11.895 11.880 11.934 12.087 12.111 11.785 10.868 9.273 7.139 5.457 4.336 3.520 2.899 2.414 2.022 1.726 1.585 1.619 1.971 2.713 3.195 3.297 3.212 2.967 2.674 2.524 2.538 2.726 3.054 3.221 3.256 3.160 2.692 1.783 0.900 0.372 0.151 0.103 0.123 0.152 0.177 0.181 0.163 0.129 0.088
8.345 8.611 8.668 8.648 8.644 8.656 8.695 8.746 8.797 9.047 9.447 10.061 10.814 11.237 11.363 11.279 11.304 11.166 11.168 11.192 11.328 11.392 11.504 11.442 11.511 11.619 11.713 11.800 11.986 12.081 11.909 11.824 11.787 11.930 12.138 12.304 12.322 11.963 11.221 9.874 7.885 5.752 4.284 3.479 2.941 2.579 2.317 2.195 2.284 2.721 3.558 4.586 5.260 5.505 5.516 5.367 5.127 4.963 4.893 4.921 5.002 5.032 5.039 4.997 4.863 4.333 3.110 1.631 0.596 0.174 0.095 0.110 0.144 0.168 0.168 0.150 0.116
7.495 7.722 7.751 7.695 7.646 7.673 7.656 7.748 7.740 7.918 8.356 9.253 10.168 10.614 10.694 10.597 10.530 10.449 10.458 10.612 10.846 10.985 11.002 10.927 10.902 10.726 10.482 10.312 10.353 10.387 10.347 10.459 10.829 11.261 11.559 11.646 11.586 11.349 10.802 9.691 8.004 5.907 4.219 3.358 2.928 2.709 2.622 2.645 2.917 3.625 4.638 5.649 6.358 6.744 6.922 6.970 6.936 6.963 6.951 6.926 6.850 6.807 6.737 6.621 6.447 6.091 5.060 3.267 1.491 0.482 0.137 0.091 0.108 0.138 0.156 0.154 0.135
6.251 6.402 6.453 6.529 6.495 6.474 6.374 6.400 6.435 6.664 7.134 7.856 8.500 8.779 8.855 8.860 8.766 8.782 8.779 8.799 8.907 9.029 9.087 8.915 8.819 8.499 8.059 7.656 7.520 7.407 7.510 7.782 8.508 9.280 9.556 9.596 9.590 9.453 9.057 8.257 7.144 5.561 3.927 3.088 2.815 2.713 2.746 2.918 3.343 4.125 5.234 6.355 7.157 7.672 8.054 8.316 8.569 8.836 8.901 8.898 8.830 8.676 8.516 8.313 7.898 7.346 6.190 4.321 2.322 1.011 0.335 0.118 0.092 0.105 0.129 0.143 0.140
4.066 4.165 4.291 4.553 4.734 4.786 4.740 4.754 4.847 5.141 5.582 5.954 6.153 6.173 6.100 6.103 6.065 6.082 6.023 5.879 5.837 5.724 5.552 5.258 5.090 4.939 4.731 4.470 4.350 4.341 4.526 4.958 5.652 6.328 6.662 6.754 6.748 6.513 6.249 5.966 5.295 3.986 2.894 2.524 2.494 2.579 2.743 3.041 3.593 4.450 5.654 6.973 7.933 8.670 9.216 9.659 10.143 10.540 10.631 10.733 10.786 10.606 10.380 10.070 9.479 8.693 7.288 5.247 3.221 1.794 0.833 0.306 0.126 0.101 0.116 0.135 0.143
