AvaFrame/avaframe/data/avaSalk/Avaflow_Input_Output/slk_results/slk_ascii/slk_hflow1_fin.asc
ncols 296
nrows 144
xllcenter 761600.00
yllcenter 8523000.00
cellsize 12.50
NODATA_value -9999.000
[rows 68 to 101 of 144, columns 154 to 230 of 296]
0.000 0.000 0.000 0.000 0.000 0.000 0.000 0.000 0.000 0.000 0.000 0.000 0.000 0.000 0.000 0.001 0.000 0.000 0.000 0.000 0.000 0.000 0.000 0.000 0.000 0.000 0.000 0.000 0.000 0.000 0.000 0.000 0.000 0.000 0.000 0.000 0.000 0.000 0.000 0.000 0.000 0.000 0.000 0.000 0.000 0.000 0.001 0.001 0.001 0.002 0.002 0.003 0.004 0.004 0.005 0.006 0.007 0.009 0.012 0.015 0.021 0.030 0.045 0.065 0.091 0.124 0.164 0.216 0.279 0.335 0.370 0.383 0.378 0.346 0.271 0.191 0.141
0.000 0.000 0.000 0.000 0.000 0.000 0.000 0.000 0.000 0.000 0.000 0.000 0.000 0.001 0.001 0.001 0.001 0.000 0.000 0.000 0.000 0.000 0.000 0.000 0.000 0.000 0.000 0.000 0.000 0.000 0.000 0.000 0.000 0.000 0.000 0.000 0.000 0.000 0.000 0.000 0.000 0.000 0.000 0.000 0.000 0.001 0.001 0.002 0.002 0.003 0.003 0.004 0.004 0.005 0.006 0.008 0.009 0.012 0.016 0.021 0.030 0.043 0.065 0.094 0.129 0.172 0.223 0.284 0.341 0.374 0.385 0.374 0.333 0.257 0.181 0.139 0.116
0.000 0.000 0.000 0.000 0.000 0.000 0.000 0.000 0.000 0.000 0.000 0.001 0.001 0.001 0.001 0.001 0.001 0.001 0.001 0.001 0.001 0.001 0.001 0.001 0.001 0.001 0.000 0.000 0.000 0.000 0.000 0.000 0.000 0.000 0.000 0.000 0.000 0.000 0.000 0.000 0.000 0.000 0.000 0.001 0.001 0.001 0.002 0.002 0.003 0.003 0.004 0.005 0.006 0.007 0.008 0.010 0.012 0.016 0.022 0.030 0.044 0.063 0.092 0.131 0.178 0.235 0.293 0.344 0.375 0.387 0.375 0.333 0.257 0.182 0.138 0.114 0.099
0.000 0.000 0.001 0.001 0.001 0.000 0.000 0.000 0.000 0.000 0.000 0.001 0.001 0.001 0.001 0.001 0.002 0.002 0.003 0.003 0.003 0.004 0.004 0.004 0.002 0.001 0.001 0.000 0.000 0.000 0.000 0.000 0.000 0.000 0.000 0.000 0.000 0.000 0.000 0.000 0.000 0.000 0.001 0.001 0.001 0.002 0.002 0.003 0.004 0.004 0.005 0.006 0.007 0.009 0.010 0.013 0.016 0.022 0.031 0.047 0.069 0.095 0.132 0.183 0.244 0.306 0.355 0.380 0.387 0.377 0.339 0.264 0.190 0.143 0.114 0.096 0.083
0.000 0.001 0.000 0.000 0.001 0.001 0.000 0.000 0.000 0.000 0.001 0.001 0.001 0.001 0.002 0.002 0.004 0.005 0.006 0.007 0.009 0.011 0.011 0.009 0.005 0.002 0.001 0.001 0.001 0.000 0.000 0.000 0.000 0.000 0.000 0.000 0.000 0.000 0.000 0.000 0.001 0.001 0.001 0.002 0.002 0.003 0.003 0.004 0.005 0.006 0.007 0.008 0.010 0.013 0.015 0.018 0.024 0.033 0.049 0.077 0.110 0.142 0.190 0.257 0.320 0.362 0.385 0.391 0.382 0.345 0.276 0.199 0.149 0.117 0.096 0.080 0.067
0.000 0.000 0.000 0.000 0.001 0.001 0.001 0.001 0.001 0.001 0.001 0.001 0.002 0.002 0.003 0.005 0.009 0.013 0.016 0.019 0.025 0.032 0.032 0.026 0.011 0.005 0.002 0.002 0.001 0.001 0.001 0.001 0.001 0.000 0.000 0.000 0.000 0.001 0.001 0.001 0.001 0.002 0.002 0.003 0.003 0.004 0.005 0.006 0.007 0.008 0.009 0.011 0.015 0.019 0.023 0.030 0.043 0.066 0.106 0.157 0.191 0.213 0.258 0.320 0.360 0.379 0.384 0.380 0.348 0.280 0.206 0.155 0.122 0.099 0.082 0.068 0.055
0.000 0.000 0.000 0.001 0.001 0.002 0.002 0.002 0.002 0.002 0.002 0.003 0.003 0.004 0.006 0.012 0.024 0.042 0.055 0.067 0.081 0.090 0.089 0.067 0.029 0.010 0.005 0.004 0.003 0.002 0.002 0.002 0.001 0.001 0.001 0.001 0.001 0.001 0.001 0.002 0.002 0.003 0.003 0.004 0.005 0.006 0.007 0.008 0.009 0.011 0.013 0.017 0.023 0.031 0.041 0.060 0.100 0.170 0.241 0.286 0.300 0.310 0.334 0.357 0.369 0.373 0.366 0.339 0.275 0.203 0.155 0.126 0.103 0.085 0.070 0.057 0.046
0.000 0.001 0.001 0.001 0.002 0.003 0.006 0.006 0.006 0.006 0.006 0.006 0.006 0.009 0.017 0.042 0.100 0.165 0.203 0.224 0.236 0.235 0.214 0.155 0.068 0.023 0.011 0.008 0.007 0.006 0.005 0.004 0.003 0.002 0.002 0.002 0.002 0.002 0.002 0.003 0.003 0.004 0.005 0.006 0.007 0.008 0.009 0.010 0.012 0.014 0.018 0.025 0.036 0.053 0.078 0.127 0.200 0.265 0.299 0.316 0.326 0.348 0.371 0.374 0.369 0.358 0.326 0.269 0.204 0.157 0.127 0.105 0.088 0.072 0.059 0.048 0.038
0.001 0.001 0.002 0.002 0.004 0.009 0.018 0.021 0.020 0.016 0.015 0.015 0.017 0.027 0.064 0.162 0.329 0.461 0.515 0.529 0.529 0.515 0.458 0.333 0.158 0.056 0.027 0.021 0.018 0.015 0.013 0.010 0.008 0.006 0.005 0.004 0.003 0.003 0.003 0.004 0.004 0.005 0.007 0.009 0.010 0.011 0.012 0.013 0.015 0.019 0.026 0.037 0.058 0.092 0.148 0.206 0.247 0.266 0.276 0.281 0.298 0.336 0.369 0.372 0.353 0.319 0.261 0.205 0.167 0.138 0.113 0.091 0.073 0.059 0.047 0.038 0.031
0.003 0.004 0.004 0.006 0.012 0.033 0.074 0.092 0.089 0.067 0.054 0.055 0.067 0.118 0.239 0.454 0.716 0.884 0.944 0.958 0.964 0.950 0.873 0.680 0.384 0.161 0.077 0.063 0.059 0.055 0.048 0.038 0.028 0.020 0.012 0.008 0.006 0.005 0.005 0.005 0.006 0.007 0.010 0.013 0.015 0.015 0.016 0.017 0.021 0.027 0.039 0.059 0.095 0.151 0.207 0.235 0.238 0.225 0.219 0.230 0.266 0.320 0.355 0.351 0.307 0.248 0.196 0.167 0.149 0.132 0.112 0.087 0.063 0.047 0.038 0.031 0.026
0.009 0.010 0.012 0.020 0.054 0.162 0.307 0.369 0.357 0.290 0.254 0.261 0.323 0.454 0.664 0.942 1.192 1.361 1.450 1.488 1.498 1.496 1.443 1.256 0.844 0.419 0.230 0.194 0.192 0.199 0.195 0.177 0.145 0.106 0.063 0.030 0.015 0.009 0.007 0.007 0.008 0.010 0.012 0.015 0.018 0.020 0.021 0.024 0.029 0.041 0.060 0.093 0.146 0.197 0.223 0.228 0.220 0.211 0.214 0.235 0.270 0.320 0.338 0.315 0.253 0.197 0.162 0.146 0.139 0.130 0.115 0.091 0.061 0.042 0.032 0.026 0.024
0.028 0.036 0.053 0.105 0.252 0.524 0.752 0.841 0.829 0.773 0.767 0.823 0.938 1.113 1.329 1.553 1.729 1.889 2.034 2.107 2.107 2.087 2.028 1.825 1.293 0.775 0.537 0.479 0.485 0.535 0.584 0.591 0.560 0.488 0.363 0.203 0.087 0.033 0.015 0.011 0.011 0.012 0.014 0.017 0.020 0.024 0.029 0.034 0.044 0.063 0.095 0.142 0.187 0.212 0.221 0.220 0.215 0.215 0.229 0.253 0.274 0.305 0.310 0.279 0.219 0.172 0.144 0.131 0.129 0.129 0.122 0.103 0.069 0.042 0.030 0.025 0.022
0.133 0.195 0.319 0.544 0.866 1.174 1.351 1.423 1.440 1.470 1.572 1.697 1.803 1.918 2.049 2.182 2.295 2.432 2.605 2.705 2.706 2.652 2.523 2.172 1.505 1.089 0.956 0.935 0.991 1.123 1.270 1.356 1.372 1.320 1.136 0.804 0.441 0.197 0.069 0.023 0.015 0.015 0.017 0.020 0.024 0.030 0.039 0.050 0.068 0.098 0.141 0.183 0.207 0.216 0.218 0.218 0.219 0.229 0.248 0.262 0.266 0.273 0.270 0.243 0.192 0.149 0.124 0.113 0.115 0.123 0.126 0.118 0.087 0.049 0.032 0.026 0.023
0.703 0.885 1.207 1.656 2.025 2.185 2.216 2.242 2.300 2.412 2.575 2.665 2.668 2.683 2.732 2.811 2.886 2.983 3.111 3.192 3.192 3.119 2.891 2.316 1.652 1.404 1.405 1.510 1.702 1.962 2.219 2.392 2.472 2.452 2.274 1.845 1.259 0.712 0.321 0.102 0.029 0.021 0.021 0.024 0.030 0.040 0.054 0.073 0.103 0.143 0.180 0.203 0.214 0.218 0.219 0.221 0.231 0.246 0.257 0.260 0.254 0.241 0.227 0.203 0.163 0.122 0.098 0.089 0.091 0.108 0.126 0.129 0.110 0.065 0.039 0.030 0.025
2.128 2.350 2.765 3.283 3.560 3.549 3.396 3.354 3.448 3.568 3.620 3.586 3.494 3.434 3.424 3.477 3.522 3.547 3.588 3.586 3.531 3.436 3.072 2.336 1.873 1.792 1.909 2.194 2.599 3.019 3.365 3.596 3.723 3.723 3.590 3.148 2.433 1.605 0.914 0.397 0.119 0.040 0.029 0.032 0.041 0.056 0.077 0.106 0.144 0.179 0.200 0.212 0.217 0.220 0.223 0.231 0.244 0.254 0.257 0.252 0.238 0.217 0.192 0.164 0.126 0.090 0.068 0.062 0.065 0.085 0.120 0.134 0.128 0.089 0.053 0.038 0.030
4.008 4.179 4.472 4.813 4.976 4.936 4.853 4.811 4.850 4.778 4.593 4.477 4.340 4.243 4.181 4.208 4.214 4.144 4.025 3.877 3.737 3.580 3.073 2.414 2.215 2.285 2.529 2.981 3.561 4.049 4.387 4.620 4.755 4.813 4.775 4.431 3.695 2.741 1.823 1.043 0.467 0.180 0.079 0.051 0.058 0.078 0.109 0.143 0.175 0.196 0.209 0.217 0.222 0.226 0.233 0.243 0.250 0.252 0.249 0.237 0.217 0.190 0.158 0.123 0.088 0.060 0.044 0.039 0.044 0.061 0.105 0.136 0.138 0.113 0.074 0.052 0.038
5.420 5.532 5.690 5.893 6.056 6.111 6.188 6.195 6.136 5.925 5.596 5.398 5.278 5.191 5.100 5.075 4.984 4.720 4.343 4.062 3.858 3.605 3.054 2.665 2.664 2.877 3.249 3.785 4.398 4.890 5.214 5.433 5.517 5.585 5.579 5.356 4.759 3.938 2.987 2.043 1.205 0.652 0.353 0.180 0.103 0.110 0.143 0.172 0.192 0.205 0.215 0.223 0.230 0.236 0.243 0.248 0.249 0.245 0.234 0.215 0.189 0.156 0.121 0.088 0.060 0.039 0.028 0.026 0.031 0.050 0.099 0.136 0.141 0.127 0.092 0.064 0.043
6.394 6.477 6.596 6.762 6.948 7.119 7.263 7.310 7.254 7.069 6.696 6.517 6.392 6.338 6.210 6.059 5.688 5.131 4.525 4.153 3.905 3.577 3.193 3.101 3.241 3.566 4.017 4.559 5.090 5.570 5.895 6.094 6.105 6.152 6.127 5.951 5.534 4.908 4.106 3.214 2.236 1.483 1.018 0.666 0.358 0.183 0.168 0.191 0.203 0.213 0.222 0.232 0.242 0.246 0.246 0.244 0.241 0.233 0.216 0.189 0.157 0.124 0.092 0.065 0.043 0.028 0.022 0.021 0.027 0.050 0.104 0.136 0.140 0.128 0.098 0.066 0.043
7.106 7.206 7.350 7.538 7.797 8.067 8.247 8.302 8.289 8.216 7.978 7.848 7.709 7.574 7.214 6.795 6.116 5.309 4.582 4.150 3.881 3.661 3.544 3.668 3.974 4.376 4.843 5.317 5.722 6.128 6.473 6.651 6.635 6.624 6.554 6.332 6.022 5.530 4.872 4.088 3.123 2.302 1.836 1.499 1.055 0.517 0.226 0.202 0.213 0.219 0.229 0.246 0.253 0.251 0.243 0.233 0.226 0.215 0.192 0.160 0.130 0.102 0.075 0.053 0.036 0.025 0.022 0.022 0.031 0.062 0.115 0.137 0.137 0.124 0.094 0.061 0.039
7.821 7.944 8.120 8.329 8.581 8.861 9.086 9.224 9.268 9.241 9.161 9.041 8.845 8.495 7.878 7.141 6.277 5.319 4.593 4.132 3.911 3.906 4.060 4.395 4.876 5.327 5.747 6.084 6.381 6.666 6.970 7.105 7.097 6.999 6.901 6.639 6.306 5.837 5.278 4.547 3.695 2.903 2.429 2.159 1.891 1.325 0.527 0.218 0.215 0.224 0.236 0.254 0.258 0.251 0.231 0.210 0.200 0.191 0.172 0.144 0.114 0.087 0.064 0.046 0.033 0.026 0.024 0.028 0.044 0.086 0.128 0.138 0.133 0.113 0.080 0.051 0.032
8.525 8.666 8.849 9.074 9.306 9.544 9.789 10.004 10.141 10.181 10.122 9.984 9.678 9.039 8.129 7.198 6.242 5.288 4.632 4.219 4.142 4.342 4.776 5.344 5.931 6.337 6.689 6.920 7.100 7.257 7.444 7.498 7.500 7.347 7.215 6.914 6.499 5.995 5.439 4.679 3.957 3.276 2.813 2.545 2.355 2.126 1.309 0.384 0.201 0.224 0.242 0.256 0.258 0.240 0.199 0.174 0.170 0.171 0.163 0.142 0.108 0.074 0.052 0.039 0.032 0.030 0.031 0.041 0.070 0.113 0.136 0.138 0.125 0.094 0.061 0.038 0.026
9.359 9.483 9.590 9.740 9.907 10.126 10.334 10.551 10.771 10.883 10.885 10.744 10.118 9.218 8.076 7.055 6.097 5.341 4.850 4.631 4.671 5.040 5.709 6.400 6.939 7.266 7.573 7.811 7.885 7.961 7.986 7.939 7.935 7.742 7.518 7.117 6.659 6.121 5.493 4.683 3.990 3.405 2.988 2.711 2.516 2.384 2.039 1.030 0.310 0.215 0.242 0.250 0.242 0.206 0.162 0.149 0.154 0.163 0.162 0.144 0.103 0.061 0.040 0.032 0.030 0.032 0.040 0.063 0.105 0.134 0.140 0.133 0.105 0.068 0.043 0.029 0.021
10.289 10.131 10.148 10.225 10.347 10.503 10.722 11.065 11.322 11.439 11.408 11.075 10.192 9.072 7.699 6.726 6.065 5.600 5.366 5.337 5.501 5.987 6.695 7.333 7.771 8.099 8.405 8.648 8.699 8.753 8.724 8.612 8.554 8.254 7.844 7.319 6.814 6.230 5.532 4.673 3.923 3.381 3.006 2.724 2.517 2.352 2.164 1.646 0.779 0.294 0.233 0.232 0.206 0.167 0.142 0.139 0.151 0.166 0.166 0.146 0.093 0.049 0.033 0.029 0.029 0.032 0.044 0.078 0.129 0.148 0.145 0.127 0.085 0.049 0.031 0.022 0.018
10.975 10.540 10.509 10.487 10.603 10.758 10.960 11.290 11.629 11.818 11.653 11.094 9.985 8.656 7.381 6.681 6.320 6.186 6.215 6.317 6.584 7.035 7.625 8.132 8.518 8.816 9.191 9.405 9.495 9.536 9.573 9.281 9.087 8.737 8.240 7.629 7.012 6.347 5.593 4.704 3.836 3.226 2.897 2.639 2.387 2.161 1.988 1.735 1.196 0.560 0.260 0.196 0.161 0.135 0.126 0.131 0.152 0.176 0.178 0.151 0.086 0.042 0.030 0.029 0.029 0.031 0.043 0.080 0.134 0.154 0.151 0.129 0.082 0.044 0.027 0.020 0.017
11.090 10.686 10.693 10.642 10.824 10.950 11.155 11.537 11.796 11.917 11.611 10.841 9.585 8.416 7.446 7.078 7.014 7.127 7.317 7.509 7.744 8.053 8.451 8.856 9.208 9.457 9.882 10.097 10.193 10.199 10.194 9.782 9.410 9.052 8.517 8.008 7.329 6.540 5.700 4.804 3.876 3.084 2.631 2.377 2.113 1.875 1.717 1.559 1.273 0.797 0.376 0.185 0.135 0.115 0.112 0.120 0.150 0.187 0.196 0.165 0.087 0.042 0.031 0.031 0.032 0.032 0.040 0.072 0.127 0.154 0.155 0.136 0.088 0.047 0.028 0.020 0.016
10.960 10.689 10.749 10.734 10.941 11.043 11.197 11.550 11.748 11.680 11.320 10.446 9.457 8.686 8.195 8.059 8.104 8.329 8.464 8.603 8.812 9.053 9.262 9.566 9.797 10.063 10.478 10.691 10.764 10.721 10.570 10.135 9.622 9.261 8.693 8.253 7.609 6.805 5.905 4.982 4.004 3.085 2.457 2.060 1.796 1.589 1.427 1.274 1.100 0.852 0.508 0.239 0.132 0.107 0.102 0.109 0.141 0.188 0.201 0.177 0.100 0.049 0.036 0.035 0.036 0.036 0.039 0.057 0.103 0.144 0.154 0.143 0.103 0.059 0.035 0.023 0.018
10.770 10.671 10.753 10.794 10.943 11.002 11.071 11.303 11.410 11.141 10.896 10.336 9.773 9.599 9.530 9.411 9.378 9.527 9.451 9.525 9.690 9.908 10.052 10.207 10.303 10.588 10.955 11.182 11.190 11.113 10.851 10.344 9.760 9.331 8.818 8.424 7.851 7.061 6.195 5.229 4.162 3.161 2.468 1.959 1.593 1.354 1.133 0.916 0.780 0.700 0.545 0.305 0.154 0.110 0.102 0.106 0.129 0.176 0.195 0.182 0.126 0.076 0.056 0.046 0.042 0.041 0.043 0.049 0.075 0.120 0.143 0.142 0.118 0.078 0.050 0.032 0.022
10.487 10.601 10.707 10.760 10.760 10.713 10.645 10.708 10.729 10.720 10.692 10.570 10.402 10.441 10.484 10.373 10.328 10.333 10.179 10.201 10.297 10.535 10.658 10.745 10.745 10.947 11.198 11.447 11.459 11.372 11.005 10.456 9.847 9.392 9.041 8.720 8.288 7.513 6.581 5.493 4.328 3.295 2.554 1.990 1.543 1.226 0.945 0.704 0.572 0.524 0.477 0.350 0.204 0.140 0.126 0.125 0.138 0.173 0.197 0.206 0.207 0.190 0.173 0.137 0.080 0.054 0.049 0.050 0.059 0.089 0.120 0.131 0.124 0.100 0.073 0.048 0.030
10.126 10.416 10.481 10.521 10.386 10.226 10.115 10.065 10.040 10.188 10.461 10.720 10.836 10.906 10.986 10.944 10.871 10.762 10.700 10.656 10.710 10.888 10.930 11.001 10.999 11.090 11.250 11.513 11.617 11.438 11.057 10.528 10.018 9.654 9.558 9.550 9.374 8.740 7.510 5.975 4.553 3.457 2.655 2.054 1.572 1.217 0.916 0.673 0.540 0.486 0.456 0.444 0.425 0.403 0.400 0.387 0.365 0.375 0.421 0.535 0.711 0.802 0.811 0.727 0.483 0.207 0.096 0.065 0.055 0.063 0.084 0.105 0.116 0.112 0.097 0.072 0.045
9.624 9.992 10.015 10.060 9.848 9.649 9.531 9.453 9.459 9.633 10.081 10.588 10.929 11.132 11.208 11.196 11.047 10.922 10.837 10.817 10.830 10.938 10.966 10.960 10.981 11.089 11.156 11.316 11.491 11.312 11.094 10.654 10.244 10.012 10.097 10.283 10.233 9.897 8.794 7.071 5.128 3.616 2.721 2.110 1.647 1.292 0.999 0.781 0.664 0.627 0.718 1.073 1.462 1.608 1.616 1.547 1.443 1.418 1.482 1.710 2.029 2.205 2.253 2.194 1.879 1.267 0.668 0.297 0.117 0.059 0.059 0.071 0.096 0.110 0.107 0.092 0.065
8.924 9.248 9.360 9.422 9.267 9.064 8.798 8.685 8.686 8.887 9.380 10.208 10.800 11.093 11.131 11.161 10.913 10.745 10.656 10.734 10.782 10.843 10.862 10.776 10.788 10.797 10.692 10.679 10.798 10.770 10.700 10.380 10.106 10.025 10.159 10.355 10.357 10.038 9.166 7.820 5.931 3.971 2.767 2.137 1.750 1.451 1.210 1.070 1.049 1.197 1.631 2.470 3.228 3.553 3.610 3.525 3.393 3.343 3.386 3.553 3.790 3.956 3.991 4.006 3.904 3.470 2.493 1.357 0.563 0.172 0.061 0.055 0.071 0.095 0.104 0.099 0.082
8.032 8.326 8.482 8.529 8.496 8.425 8.198 8.004 7.851 7.960 8.369 9.229 10.001 10.316 10.335 10.326 10.167 10.032 10.015 10.089 10.131 10.174 10.170 10.039 9.959 9.748 9.363 9.177 9.142 9.070 8.986 8.940 9.093 9.385 9.561 9.577 9.511 9.319 8.741 7.681 6.121 4.238 2.797 2.099 1.799 1.631 1.533 1.512 1.658 2.098 2.797 3.714 4.474 4.922 5.208 5.339 5.453 5.503 5.575 5.635 5.721 5.788 5.809 5.822 5.741 5.454 4.550 2.953 1.462 0.567 0.162 0.062 0.059 0.073 0.090 0.095 0.089
6.772 7.008 7.144 7.264 7.296 7.192 6.968 6.783 6.682 6.705 7.003 7.656 8.253 8.485 8.481 8.398 8.369 8.263 8.216 8.209 8.212 8.238 8.210 7.994 7.766 7.408 6.853 6.469 6.183 6.007 5.970 6.209 6.772 7.346 7.501 7.494 7.469 7.375 6.977 6.375 5.438 4.014 2.572 1.920 1.750 1.713 1.809 2.016 2.369 2.960 3.801 4.778 5.587 6.150 6.652 6.998 7.450 7.664 7.853 7.868 7.909 7.918 7.906 7.803 7.587 7.130 6.108 4.320 2.486 1.265 0.520 0.170 0.073 0.066 0.077 0.088 0.091
4.587 4.668 4.791 5.061 5.243 5.259 5.158 5.035 4.997 5.105 5.370 5.644 5.764 5.780 5.691 5.609 5.619 5.548 5.434 5.254 5.142 4.994 4.717 4.357 4.075 3.821 3.544 3.336 3.183 3.161 3.277 3.629 4.191 4.668 4.889 4.944 4.851 4.635 4.334 4.144 3.609 2.512 1.674 1.472 1.533 1.658 1.918 2.368 2.978 3.785 4.842 5.938 6.830 7.531 8.213 8.789 9.492 9.979 10.257 10.336 10.459 10.371 10.258 10.058 9.664 8.926 7.683 5.658 3.680 2.272 1.256 0.571 0.220 0.106 0.088 0.096 0.102
