AvaFrame/avaframe/data/avaAlr/Outputs/r_avaflow_0309_sss/alr_results/alr_ascii/alr_hillshade0002.asc
ncols 104
nrows 229
xllcenter 255202.08
yllcenter 377301.00
cellsize 20.00
NODATA_value -9999.000
[rows 42 to 83 of 229, columns 0 to 94 of 104]
180 180 180 180 180 180 180 180 180 -127 5 29 48 79 92 85 77 64 62 76 111 129 55 26 49 42 32 36 33 56 67 65 54 48 80 92 92 34 14 30 37 51 47 60 86 51 24 44 107 99 80 76 100 82 48 112 190 204 175 172 127 180 180 180 180 180 180 180 180 180 180 180 180 180 180 180 180 180 180 180 180 180 180 180 180 180 180 180 180 180 180 180 180 180 180
180 180 180 180 180 180 180 180 180 -127 4 20 55 79 95 87 75 59 61 75 103 132 98 19 41 80 22 38 57 72 79 63 58 56 102 104 83 50 42 55 45 23 33 31 54 55 21 26 51 95 92 85 100 113 66 82 134 206 192 162 127 180 180 180 180 180 180 180 180 180 180 180 180 180 180 180 180 180 180 180 180 180 180 180 180 180 180 180 180 180 180 180 180 180 180
180 180 180 180 180 180 180 180 0 38 13 39 63 84 95 94 77 61 60 69 110 109 119 58 46 77 45 46 81 92 80 58 44 48 115 151 73 26 14 41 69 20 10 41 49 61 49 36 65 80 69 83 104 122 104 83 102 175 197 170 164 180 180 180 180 180 180 180 180 180 180 180 180 180 180 180 180 180 180 180 180 180 180 180 180 180 180 180 180 180 180 180 180 180 180
180 180 180 180 180 180 180 180 -127 46 43 49 65 83 89 100 83 65 59 73 109 135 106 46 46 70 64 60 57 86 89 56 29 27 53 135 125 43 16 22 74 63 17 34 78 81 57 59 76 87 76 72 94 110 131 114 128 139 171 176 159 127 180 180 180 180 180 180 180 180 180 180 180 180 180 180 180 180 180 180 180 180 180 180 180 180 180 180 180 180 180 180 180 180 180
180 180 180 180 180 180 180 180 -127 19 41 54 70 77 84 91 91 64 59 69 103 172 120 23 -9 18 27 52 63 70 81 54 13 6 20 41 104 80 43 54 68 76 54 28 61 91 59 47 67 94 103 95 95 110 130 135 144 167 184 193 171 127 180 180 180 180 180 180 180 180 180 180 180 180 180 180 180 180 180 180 180 180 180 180 180 180 180 180 180 180 180 180 180 180 180
180 180 180 180 180 180 180 0 4 24 49 63 78 85 84 79 84 64 52 63 75 155 161 65 -25 -27 -4 37 52 56 66 58 30 8 23 36 59 81 34 40 69 70 53 31 42 63 62 46 52 76 96 105 101 107 125 135 134 159 204 203 187 176 180 180 180 180 180 180 180 180 180 180 180 180 180 180 180 180 180 180 180 180 180 180 180 180 180 180 180 180 180 180 180 180 180
180 180 180 180 180 180 180 -126 32 34 43 71 71 87 93 76 80 71 56 61 65 111 140 112 33 -4 -8 23 60 58 69 67 56 50 46 56 61 90 63 30 50 73 69 52 42 62 57 39 53 60 79 101 118 118 119 127 91 111 165 198 198 198 127 180 180 180 180 180 180 180 180 180 180 180 180 180 180 180 180 180 180 180 180 180 180 180 180 180 180 180 180 180 180 180 180
180 180 180 180 180 180 180 -126 32 38 28 54 66 71 92 86 83 81 72 68 76 123 133 92 57 34 50 49 63 71 76 74 72 70 67 67 58 80 90 69 65 67 65 71 55 65 76 58 53 63 70 97 115 129 130 85 88 64 136 179 219 223 128 180 180 180 180 180 180 180 180 180 180 180 180 180 180 180 180 180 180 180 180 180 180 180 180 180 180 180 180 180 180 180 180
180 180 180 180 180 180 0 25 36 31 31 31 54 60 76 85 80 80 83 70 83 121 160 90 39 23 49 78 73 73 79 74 73 77 70 67 71 78 105 93 81 81 72 75 73 69 73 80 73 76 76 93 105 110 138 103 84 56 71 150 192 212 225 180 180 180 180 180 180 180 180 180 180 180 180 180 180 180 180 180 180 180 180 180 180 180 180 180 180 180 180 180 180 180 180
180 180 180 180 180 180 -126 44 57 42 46 40 50 61 74 82 80 78 82 79 76 112 153 116 25 16 49 71 85 69 75 82 71 78 75 70 78 82 102 114 95 83 84 84 80 76 78 78 81 88 87 107 105 97 115 144 107 82 39 86 162 164 179 128 180 180 180 180 180 180 180 180 180 180 180 180 180 180 180 180 180 180 180 180 180 180 180 180 180 180 180 180 180 180 180
180 180 180 180 180 180 -126 70 71 62 57 61 60 70 75 81 81 83 71 84 86 112 124 126 44 14 58 79 85 78 79 81 78 76 76 76 74 88 100 114 111 87 88 85 82 73 81 86 82 88 85 110 148 100 107 120 129 96 66 41 122 184 166 127 180 180 180 180 180 180 180 180 180 180 180 180 180 180 180 180 180 180 180 180 180 180 180 180 180 180 180 180 180 180 180
180 180 180 180 180 0 68 84 77 67 61 68 70 70 76 77 79 85 74 69 89 117 124 104 54 22 52 89 86 77 81 86 81 77 75 82 80 84 104 110 121 99 87 88 82 76 74 83 85 85 84 90 165 168 121 116 125 114 82 46 53 177 196 186 180 180 180 180 180 180 180 180 180 180 180 180 180 180 180 180 180 180 180 180 180 180 180 180 180 180 180 180 180 180 180
180 180 180 180 180 -127 71 91 87 72 67 63 72 72 78 78 82 80 80 75 93 107 125 113 52 25 59 87 87 85 79 89 87 76 71 77 86 88 100 107 114 112 92 89 83 75 72 79 83 83 88 91 123 191 188 122 105 124 98 53 24 118 198 211 128 180 180 180 180 180 180 180 180 180 180 180 180 180 180 180 180 180 180 180 180 180 180 180 180 180 180 180 180 180 180
180 180 180 180 180 -127 78 92 90 77 70 69 71 73 73 77 83 74 74 80 100 121 99 108 63 47 69 94 82 85 87 86 90 80 71 73 79 88 101 114 114 113 97 89 85 76 65 70 85 79 88 100 113 118 176 166 96 118 107 69 22 39 167 202 128 180 180 180 180 180 180 180 180 180 180 180 180 180 180 180 180 180 180 180 180 180 180 180 180 180 180 180 180 180 180
180 180 180 180 0 58 78 95 89 80 73 75 73 74 75 72 83 79 70 82 115 138 109 86 49 46 97 107 89 80 82 90 88 79 76 80 82 86 99 114 118 116 100 88 81 74 68 63 76 78 76 95 126 134 130 196 125 101 103 68 43 23 82 203 218 180 180 180 180 180 180 180 180 180 180 180 180 180 180 180 180 180 180 180 180 180 180 180 180 180 180 180 180 180 180
180 180 180 180 -127 65 85 94 89 79 75 77 79 72 79 77 72 85 78 72 125 148 131 80 50 45 81 101 96 89 83 85 88 79 74 81 88 89 100 115 114 119 107 90 88 71 67 70 76 79 79 89 109 142 164 162 169 109 113 75 43 32 24 138 223 128 180 180 180 180 180 180 180 180 180 180 180 180 180 180 180 180 180 180 180 180 180 180 180 180 180 180 180 180 180
180 180 180 180 -127 74 92 96 93 79 74 76 81 76 80 80 74 72 85 77 117 160 129 78 42 48 93 101 92 88 97 88 84 82 78 82 90 93 98 114 120 123 115 91 87 78 67 71 80 78 86 105 125 101 151 146 157 134 112 72 51 33 23 25 147 128 180 180 180 180 180 180 180 180 180 180 180 180 180 180 180 180 180 180 180 180 180 180 180 180 180 180 180 180 180
180 180 180 0 56 82 93 97 94 82 72 76 74 77 82 79 73 72 75 83 103 158 139 56 43 39 90 105 96 86 93 93 85 79 81 83 89 92 101 109 118 124 121 97 81 72 69 69 68 79 82 104 151 131 106 155 134 131 105 72 32 41 37 23 40 133 180 180 180 180 180 180 180 180 180 180 180 180 180 180 180 180 180 180 180 180 180 180 180 180 180 180 180 180 180
180 180 180 -127 57 87 96 100 92 82 74 74 74 73 78 81 77 79 73 82 100 159 149 70 35 40 85 102 97 89 90 87 85 82 81 86 87 87 97 113 114 112 125 105 86 68 64 78 65 72 86 95 142 173 131 146 155 123 115 79 59 31 64 37 43 30 128 180 180 180 180 180 180 180 180 180 180 180 180 180 180 180 180 180 180 180 180 180 180 180 180 180 180 180 180
180 180 180 -127 77 88 97 103 93 80 77 74 75 76 75 72 71 84 83 80 91 156 167 86 43 50 87 105 98 87 90 91 82 82 81 85 88 91 94 110 122 113 117 109 83 72 65 72 78 73 91 101 123 182 164 153 174 165 120 63 66 46 79 51 43 30 38 180 180 180 180 180 180 180 180 180 180 180 180 180 180 180 180 180 180 180 180 180 180 180 180 180 180 180 180
180 180 0 66 82 89 98 100 81 77 76 75 80 78 79 79 69 74 88 82 95 113 154 98 38 53 94 107 99 99 89 85 83 83 85 87 87 87 97 108 117 126 114 112 82 67 66 69 60 74 91 98 115 166 175 158 154 177 141 74 14 42 52 65 20 41 20 127 180 180 180 180 180 180 180 180 180 180 180 180 180 180 180 180 180 180 180 180 180 180 180 180 180 180 180
180 180 -127 69 83 93 95 95 75 64 71 72 81 79 75 78 83 75 85 85 109 104 119 94 48 59 93 114 92 94 97 86 77 79 85 89 95 86 87 109 116 124 119 110 83 71 61 74 49 62 84 94 101 142 194 203 178 156 158 106 16 43 55 67 31 45 38 127 180 180 180 180 180 180 180 180 180 180 180 180 180 180 180 180 180 180 180 180 180 180 180 180 180 180 180
180 180 -127 77 86 98 102 92 76 57 63 67 78 80 75 73 82 86 84 90 120 120 107 82 64 71 101 110 99 89 94 89 85 82 85 88 92 85 68 86 113 116 129 110 81 64 75 67 54 35 71 85 93 114 172 206 197 181 167 110 53 47 70 67 47 57 87 74 180 180 180 180 180 180 180 180 180 180 180 180 180 180 180 180 180 180 180 180 180 180 180 180 180 180 180
180 0 73 79 90 97 105 97 79 60 58 63 68 79 76 74 78 88 89 92 128 147 103 69 68 89 104 110 100 90 94 90 82 89 87 92 98 75 59 65 105 110 130 118 83 53 80 82 69 29 55 70 79 104 128 207 217 237 157 121 41 51 55 55 48 59 84 77 127 180 180 180 180 180 180 180 180 180 180 180 180 180 180 180 180 180 180 180 180 180 180 180 180 180 180
180 -127 73 83 83 94 99 93 73 57 62 68 69 76 79 80 83 85 89 92 123 162 92 58 66 98 103 115 110 92 90 94 83 86 88 91 119 94 51 30 88 112 122 121 88 56 70 96 73 42 67 76 71 94 88 180 244 239 130 130 68 40 77 39 26 47 64 62 127 180 180 180 180 180 180 180 180 180 180 180 180 180 180 180 180 180 180 180 180 180 180 180 180 180 180
180 -127 75 94 77 89 97 81 70 59 61 68 74 76 79 86 86 88 91 92 103 156 93 24 74 99 101 112 113 99 94 95 91 88 92 92 124 134 81 16 22 100 118 109 82 60 65 93 21 4 45 116 72 87 93 102 144 80 125 77 67 24 44 44 44 34 39 55 40 180 180 180 180 180 180 180 180 180 180 180 180 180 180 180 180 180 180 180 180 180 180 180 180 180 180
180 75 78 99 84 85 98 75 62 55 55 65 78 76 79 83 87 88 91 106 94 125 107 14 69 106 103 109 116 98 98 94 94 93 92 97 124 155 113 55 -1 27 99 107 74 54 52 118 23 -41 -47 86 85 74 76 94 118 34 87 53 40 -5 -47 -19 -11 43 54 56 49 127 180 180 180 180 180 180 180 180 180 180 180 180 180 180 180 180 180 180 180 180 180 180 180 180 180
180 70 73 95 90 87 96 78 56 55 44 55 73 73 85 85 89 92 93 116 111 96 90 20 63 109 109 105 114 97 97 94 90 93 93 92 112 176 143 81 27 2 66 96 87 46 36 95 51 -22 -65 -35 44 8 -8 -6 41 123 87 57 60 42 -37 -63 -44 -9 49 57 50 127 180 180 180 180 180 180 180 180 180 180 180 180 180 180 180 180 180 180 180 180 180 180 180 180 180
180 58 66 91 93 86 82 79 57 60 50 58 76 74 76 87 90 94 95 127 130 105 73 18 53 103 111 111 102 90 96 98 97 91 94 96 92 163 216 119 48 16 32 83 89 50 17 45 40 -47 -55 -77 -50 -7 -16 15 7 102 104 64 63 64 54 -46 -77 -53 -14 12 28 41 180 180 180 180 180 180 180 180 180 180 180 180 180 180 180 180 180 180 180 180 180 180 180 180 180
180 64 69 91 97 84 74 63 51 65 63 67 75 83 77 85 89 93 95 130 158 132 77 22 51 97 110 117 106 84 92 103 98 90 89 96 96 99 199 201 67 38 22 45 100 110 70 46 88 -20 -24 -30 -54 -29 15 8 110 100 115 90 67 66 68 63 -40 -71 -50 -57 -55 -38 127 180 180 180 180 180 180 180 180 180 180 180 180 180 180 180 180 180 180 180 180 180 180 180 180
180 67 73 100 105 84 83 57 60 54 67 75 76 78 82 88 91 93 98 122 163 143 86 32 58 98 112 117 110 86 87 110 102 85 86 92 94 111 94 158 118 28 34 14 80 138 149 112 121 50 30 34 35 10 127 75 55 87 106 110 85 84 78 96 83 -16 -28 -10 -51 -71 127 180 180 180 180 180 180 180 180 180 180 180 180 180 180 180 180 180 180 180 180 180 180 180 180
180 68 62 99 112 84 86 69 66 62 71 79 79 74 85 85 93 98 100 124 140 136 83 33 62 106 111 113 110 84 84 105 110 85 84 92 87 125 148 108 117 38 45 27 55 113 105 132 123 50 21 48 34 22 74 160 77 67 94 111 83 88 102 99 102 88 11 30 8 -22 -41 180 180 180 180 180 180 180 180 180 180 180 180 180 180 180 180 180 180 180 180 180 180 180 180
180 68 62 90 103 86 72 63 70 73 67 75 81 79 82 85 89 101 104 125 136 134 82 37 58 107 117 109 102 86 85 100 112 94 83 92 82 104 189 158 148 48 38 33 4 85 97 107 131 97 21 37 51 12 57 197 187 46 46 85 66 37 84 89 93 76 60 60 50 26 -6 127 180 180 180 180 180 180 180 180 180 180 180 180 180 180 180 180 180 180 180 180 180 180 180
180 63 66 88 95 80 55 65 67 62 73 73 70 84 81 85 88 96 103 115 137 130 78 52 63 109 118 116 97 84 88 99 115 98 88 94 89 81 132 157 157 66 26 25 20 14 120 135 126 121 37 36 35 7 25 69 191 150 26 36 37 31 29 48 54 76 39 50 63 16 -5 127 180 180 180 180 180 180 180 180 180 180 180 180 180 180 180 180 180 180 180 180 180 180 180
180 65 68 81 83 73 50 64 71 65 62 73 75 80 83 85 90 98 106 109 117 125 63 58 75 111 119 117 98 89 95 94 123 104 90 98 90 103 124 187 173 114 34 12 47 7 60 145 134 131 31 19 51 -28 -24 17 70 170 141 41 0 -3 50 57 33 52 53 37 58 26 -4 -24 180 180 180 180 180 180 180 180 180 180 180 180 180 180 180 180 180 180 180 180 180 180 180
180 65 74 82 74 57 52 62 67 76 67 67 77 79 83 82 90 98 108 123 109 105 58 46 84 109 122 124 94 95 111 90 108 110 93 101 97 80 144 220 212 202 104 48 36 39 -12 79 135 142 79 9 46 56 -19 -3 18 53 149 101 45 -10 41 79 99 70 60 49 38 45 26 17 128 180 180 180 180 180 180 180 180 180 180 180 180 180 180 180 180 180 180 180 180 180 180
180 64 73 76 70 48 59 59 70 65 74 73 76 81 82 81 87 98 114 133 122 90 53 45 78 103 118 124 96 92 136 105 94 111 95 103 111 96 94 177 211 201 201 175 64 85 23 23 83 146 126 46 52 39 40 37 37 24 25 71 88 33 75 94 108 116 88 58 67 2 2 -2 128 180 180 180 180 180 180 180 180 180 180 180 180 180 180 180 180 180 180 180 180 180 180
180 66 80 63 56 52 56 71 71 75 72 72 74 81 78 81 85 90 108 139 136 86 51 50 80 94 112 115 96 86 139 133 94 112 98 106 113 120 104 124 198 195 198 201 176 102 64 35 34 92 133 69 64 64 40 68 58 93 50 30 47 52 87 96 79 125 91 33 55 34 -49 -52 -34 180 180 180 180 180 180 180 180 180 180 180 180 180 180 180 180 180 180 180 180 180 180
180 58 77 59 43 61 67 76 80 77 74 73 73 80 77 78 86 85 93 133 144 84 56 54 84 83 104 114 89 85 121 144 101 106 101 104 108 126 112 111 187 217 204 189 202 169 103 47 35 40 117 58 76 83 49 99 100 117 96 72 36 66 113 110 79 116 129 50 28 49 -3 -49 -54 127 180 180 180 180 180 180 180 180 180 180 180 180 180 180 180 180 180 180 180 180 180
180 59 71 68 64 64 80 83 86 79 74 74 74 79 79 80 88 86 82 130 146 86 52 60 88 80 101 119 90 87 114 136 114 104 102 111 100 123 119 107 137 217 207 204 198 207 182 128 57 35 91 74 34 86 64 103 107 109 115 47 31 105 132 127 102 85 99 64 32 55 27 -7 4 127 180 180 180 180 180 180 180 180 180 180 180 180 180 180 180 180 180 180 180 180 180
180 78 73 67 69 83 85 85 84 80 78 76 78 79 80 77 95 93 92 119 153 101 50 69 91 78 91 124 94 88 118 128 125 114 109 120 110 113 123 116 106 190 206 221 248 254 245 228 176 61 49 127 45 32 68 120 162 121 95 66 14 71 111 144 113 91 71 48 20 53 34 0 12 60 180 180 180 180 180 180 180 180 180 180 180 180 180 180 180 180 180 180 180 180 180
180 79 77 66 78 87 84 84 83 79 80 81 80 79 80 76 93 94 103 120 167 119 51 70 91 89 75 119 102 90 119 127 125 119 120 124 130 117 125 125 105 127 215 234 218 252 233 233 236 215 42 62 84 24 15 52 109 113 90 73 29 68 75 112 122 88 64 69 40 12 31 -13 -1 33 127 180 180 180 180 180 180 180 180 180 180 180 180 180 180 180 180 180 180 180 180
