AvaFrame/avaframe/data/avaAlr/Outputs/r_avaflow_0309_sss/alr_results/alr_ascii/alr_hillshade0002.asc
ncols 104
nrows 229
xllcenter 255202.08
yllcenter 377301.00
cellsize 20.00
NODATA_value -9999.000
[rows 126 to 167 of 229, columns 0 to 94 of 104]
180 180 -127 136 126 129 128 96 103 118 112 114 109 107 103 107 119 118 106 115 126 127 113 135 137 123 121 129 134 129 139 143 148 156 160 173 180 182 177 173 167 170 171 178 183 179 163 156 153 152 157 161 162 159 160 165 166 172 177 175 169 173 172 175 176 166 164 162 161 154 148 146 146 154 159 155 153 164 152 155 190 132 130 162 156 165 169 172 128 180 180 180 180 180 180
180 180 -127 105 109 108 130 110 86 122 110 101 110 102 96 107 110 118 117 113 132 132 115 132 139 141 133 132 134 134 140 144 150 161 165 166 174 179 184 177 172 169 166 161 167 186 177 160 157 156 161 164 165 163 160 166 163 168 173 177 178 172 174 173 183 170 149 163 163 157 153 153 151 156 157 161 150 157 174 155 179 160 129 158 164 163 166 173 128 180 180 180 180 180 180
180 180 -127 100 108 101 121 133 91 107 124 105 114 113 104 106 112 125 124 113 131 129 137 125 142 142 148 136 136 138 142 144 148 157 168 171 172 172 178 181 175 170 172 168 155 166 178 167 155 155 157 166 168 167 163 166 171 169 173 173 177 180 173 176 173 187 157 153 157 157 154 153 153 158 157 160 150 143 157 169 164 155 145 155 159 165 163 170 175 180 180 180 180 180 180
180 180 -127 109 122 117 112 133 101 100 119 122 118 115 116 116 115 132 129 121 126 143 141 133 143 144 150 138 137 142 144 146 144 157 159 167 174 173 174 177 178 175 170 169 165 159 167 169 160 156 154 159 168 170 169 162 166 170 176 175 176 182 173 175 174 180 183 153 153 151 148 148 150 152 157 159 154 148 146 167 177 134 143 160 155 158 163 165 178 128 180 180 180 180 180
180 180 -127 119 128 131 118 128 121 103 114 116 115 125 117 114 121 123 131 132 127 155 148 146 141 143 149 144 140 147 144 149 144 156 165 162 169 172 173 176 175 178 177 172 165 161 163 164 163 161 161 160 161 169 170 171 171 167 174 177 175 176 182 172 176 176 186 174 148 152 148 149 149 152 156 157 156 150 160 163 187 138 126 155 152 158 158 162 173 128 180 180 180 180 180
180 180 -127 134 120 128 132 121 139 116 124 119 118 135 127 120 126 126 138 136 141 148 155 151 140 136 144 148 141 147 148 143 146 149 163 165 164 172 172 177 179 178 177 176 168 165 165 165 160 161 164 166 165 162 171 173 172 176 172 174 177 174 176 178 175 169 175 189 176 146 155 151 153 154 156 157 156 147 152 163 184 156 132 136 148 146 157 165 171 128 180 180 180 180 180
180 180 -127 142 122 123 137 127 130 137 141 133 134 142 146 135 133 140 153 145 147 153 159 151 148 138 137 148 148 146 152 146 147 152 157 163 164 169 173 176 177 180 179 176 170 166 167 167 165 161 162 165 171 167 164 170 170 172 174 173 173 175 172 175 177 167 172 177 192 163 151 152 157 155 156 155 154 158 151 160 181 137 133 138 134 139 145 158 170 171 180 180 180 180 180
180 180 -127 125 147 130 132 143 123 133 156 152 135 145 163 164 140 149 163 159 148 151 160 159 154 144 141 143 152 151 150 151 149 152 162 164 164 165 169 175 177 177 181 178 172 170 171 168 169 166 162 163 165 169 170 170 169 170 169 173 177 180 179 182 186 182 174 168 180 179 157 152 159 158 157 153 148 157 161 163 196 142 72 141 131 137 141 153 161 167 128 180 180 180 180
180 180 -127 107 158 167 123 152 133 115 142 183 148 130 146 165 158 141 146 166 155 152 158 161 158 153 147 136 150 154 152 150 151 152 163 168 167 167 166 163 173 174 179 180 175 167 170 169 168 168 166 165 169 170 165 172 175 173 174 171 175 178 182 183 189 191 189 184 168 174 160 151 155 161 156 158 147 151 152 157 198 201 90 64 130 134 138 151 162 162 128 180 180 180 180
180 180 -179 128 131 185 154 137 151 128 113 163 184 155 146 156 174 164 154 159 163 158 160 161 154 152 162 151 144 152 153 154 154 154 158 170 171 170 174 170 168 172 176 181 178 170 170 169 168 169 170 165 164 172 171 169 171 174 176 174 174 179 178 178 179 182 181 193 191 175 158 154 142 160 153 145 149 154 134 150 183 234 161 75 70 137 141 150 161 164 128 180 180 180 180
180 180 180 -126 127 152 191 157 155 146 128 137 168 175 162 165 170 173 177 172 171 169 163 159 157 151 153 165 158 155 150 150 153 158 156 163 170 171 174 177 175 175 172 179 182 179 174 173 168 163 167 167 163 164 169 172 172 173 174 176 175 176 180 178 177 180 185 176 186 197 174 164 147 145 162 143 137 137 128 124 137 219 203 119 67 115 147 158 160 166 161 180 180 180 180
180 180 180 -126 167 136 176 174 168 149 134 147 158 158 161 164 166 170 171 176 171 171 171 163 155 155 152 160 163 165 157 153 152 155 159 165 169 171 173 177 173 180 178 176 178 180 173 172 174 169 161 167 170 166 170 169 172 172 175 175 176 177 176 183 178 170 176 190 183 189 189 170 161 133 152 156 151 145 131 105 117 136 219 141 76 103 139 152 161 168 168 128 180 180 180
180 180 180 -126 192 161 164 168 169 164 135 135 162 156 160 164 169 172 173 176 176 173 175 168 160 156 150 154 163 167 160 159 159 161 165 167 173 175 172 183 184 180 185 184 184 181 179 171 168 175 171 163 169 171 170 170 173 174 175 176 171 175 178 173 189 188 179 183 197 206 208 207 185 141 142 154 160 172 164 136 136 126 174 172 58 84 119 122 140 167 173 128 180 180 180
180 180 180 -127 164 169 167 176 165 183 159 132 149 161 163 167 165 168 172 172 176 172 172 170 163 163 159 153 159 165 165 161 161 162 169 171 173 181 179 176 187 183 184 182 180 180 181 181 175 170 174 173 168 175 176 173 173 175 178 181 181 172 184 181 176 188 192 190 188 199 208 226 228 167 145 156 158 174 172 164 164 165 152 183 83 80 102 96 97 151 176 128 180 180 180
180 180 180 -127 156 162 168 183 158 164 177 153 146 151 155 167 166 162 168 169 171 172 170 168 162 162 162 161 168 169 171 168 166 167 170 173 173 175 182 178 178 178 175 178 177 176 172 172 177 178 176 177 173 174 179 182 178 176 178 180 184 183 179 189 183 182 182 183 186 188 197 205 208 188 141 158 162 165 179 167 159 171 168 166 104 80 111 87 65 105 172 169 180 180 180
180 180 180 -126 163 172 167 184 178 152 166 163 154 151 148 156 162 163 164 169 170 168 172 172 166 163 165 160 167 173 173 171 169 168 172 176 173 171 172 172 172 176 174 175 178 179 175 172 171 175 176 178 178 174 173 179 180 179 179 181 181 183 183 185 189 186 186 185 186 186 192 207 180 189 150 148 159 164 171 176 164 161 174 167 154 64 113 89 65 66 136 162 128 180 180
180 180 180 -126 157 171 162 180 181 175 170 165 159 156 153 154 157 159 161 164 167 168 170 171 167 166 168 165 165 169 170 170 168 166 163 167 169 165 165 168 169 173 176 179 180 179 180 176 174 175 174 175 178 179 178 178 183 183 181 183 184 184 186 187 191 192 191 189 189 188 195 192 197 185 157 156 156 162 167 174 173 167 175 162 185 139 96 85 66 65 93 123 128 180 180
180 180 180 -126 168 167 159 174 178 176 177 173 166 162 160 159 158 158 160 164 164 164 165 170 167 167 169 169 166 168 167 167 167 165 164 158 163 166 168 170 173 175 178 183 185 182 183 178 176 175 176 176 177 180 183 179 184 186 186 186 187 186 187 189 190 192 192 190 190 191 206 191 196 182 165 152 158 163 171 176 179 174 178 180 154 192 166 93 58 72 74 83 128 180 180
180 180 180 -126 172 166 164 171 179 177 176 176 171 167 166 166 163 158 160 163 164 165 164 164 165 164 167 168 167 167 167 166 167 168 171 171 168 171 174 174 176 177 178 182 186 186 185 183 180 177 175 176 177 178 181 182 184 186 186 185 186 186 186 187 187 188 189 187 184 187 211 233 228 182 174 162 154 160 168 173 175 181 175 184 178 164 192 158 74 65 77 72 86 180 180
180 180 180 -126 171 174 164 166 177 177 175 175 173 169 170 170 169 163 161 163 165 165 166 164 161 161 165 166 168 169 170 170 172 173 174 178 178 177 179 180 180 182 181 183 187 189 187 187 185 182 178 175 176 176 178 179 179 183 185 185 185 186 184 183 182 181 181 182 179 181 188 230 237 223 176 173 153 153 162 172 172 171 178 178 187 176 167 180 129 79 69 63 71 127 180
180 180 180 -126 145 181 169 163 172 178 176 174 176 172 169 171 172 170 165 163 165 167 167 167 162 162 166 169 171 173 175 173 174 177 177 177 179 179 180 183 183 185 187 187 188 189 189 187 187 185 182 178 173 174 174 176 177 179 182 183 183 184 183 180 178 178 177 178 179 180 194 218 241 245 218 181 170 154 152 164 176 173 165 174 178 189 175 175 174 114 75 54 59 127 180
180 180 180 -126 118 150 185 173 163 176 178 175 174 176 169 169 172 173 170 167 164 166 169 172 172 170 171 172 173 175 175 174 174 178 178 177 179 180 179 181 181 181 181 182 184 185 186 186 185 184 182 183 176 171 174 175 175 176 178 179 179 180 180 178 175 175 176 177 178 178 181 205 242 249 244 233 198 170 158 154 164 180 172 167 169 181 186 168 184 180 107 57 53 127 180
180 180 180 -126 199 113 152 193 166 164 179 179 174 175 173 167 169 172 172 170 173 173 173 173 176 176 174 170 156 164 159 155 161 175 178 179 178 177 163 174 175 176 177 176 177 179 182 183 181 180 179 178 180 167 172 175 175 173 175 176 176 176 176 177 174 171 171 169 170 171 172 175 203 242 246 244 244 218 171 157 155 167 181 171 176 174 184 181 161 184 182 127 72 57 180
180 180 180 -179 204 175 104 174 186 159 172 181 178 174 175 168 167 170 169 173 173 176 179 177 175 176 169 158 141 137 140 125 143 165 169 167 163 158 130 143 166 172 174 174 173 171 174 177 176 175 173 170 171 139 160 168 169 170 170 171 171 170 170 171 170 169 170 170 169 169 170 171 171 201 239 245 249 248 214 168 156 157 168 177 175 169 178 180 176 162 178 180 152 86 127
180 180 180 180 -126 170 95 131 186 165 162 179 181 177 175 168 164 147 168 168 173 174 174 173 169 172 172 169 163 106 117 121 118 160 168 147 152 129 112 101 138 148 172 171 160 150 164 171 170 168 168 166 178 138 124 156 153 157 158 158 160 161 163 167 170 170 171 171 170 166 167 165 164 158 174 215 240 243 246 211 167 158 156 163 180 180 174 176 175 171 167 167 178 152 127
180 180 180 180 -126 144 90 79 165 175 155 172 183 183 178 166 180 120 110 161 165 164 163 162 162 166 176 195 196 161 84 92 112 153 180 138 134 138 104 84 115 118 150 168 147 118 137 161 169 166 165 166 177 179 96 145 144 137 144 146 146 148 152 157 164 166 169 158 164 152 155 153 153 151 146 151 172 184 192 223 210 174 162 153 162 172 182 183 175 173 172 167 164 179 128
180 180 180 180 -127 142 97 34 113 154 145 160 161 186 186 161 191 149 58 85 143 157 157 158 164 171 176 193 183 189 126 73 92 146 200 184 127 141 106 81 84 116 136 151 152 104 97 136 157 172 171 169 170 198 109 106 150 133 140 145 147 148 150 154 159 161 169 153 146 142 144 138 128 63 48 60 70 84 80 85 137 156 152 158 160 161 155 181 184 174 174 173 168 168 128
180 180 180 180 -127 112 130 74 32 86 103 133 119 173 186 140 145 161 67 36 88 152 166 167 170 175 191 169 180 167 113 71 73 117 180 213 182 138 111 88 93 109 162 154 143 117 77 97 141 166 177 174 175 198 178 86 137 135 124 146 152 153 153 156 161 160 168 164 139 134 133 132 110 80 34 27 56 83 125 110 110 132 138 147 158 174 162 155 179 183 176 176 173 168 169
180 180 180 180 -127 76 62 131 97 50 48 75 99 124 169 134 94 137 82 39 46 105 157 171 172 177 182 166 169 173 111 54 65 101 145 180 213 171 125 78 79 92 169 206 169 125 85 86 107 161 174 167 162 194 230 129 83 134 103 120 147 152 153 148 148 154 163 167 157 147 134 125 114 139 136 133 144 168 175 179 178 175 175 164 176 165 182 167 160 166 173 172 178 170 171
180 180 180 180 -127 66 33 65 116 120 78 50 69 83 136 131 91 110 98 57 55 73 104 151 169 179 160 168 164 169 144 50 58 86 144 140 183 194 135 83 66 73 133 214 212 165 89 87 101 144 173 171 157 158 224 232 140 81 112 99 126 135 139 149 144 146 159 178 176 192 172 133 146 176 177 179 180 182 179 176 172 177 167 161 179 172 184 183 176 173 157 169 173 178 169
180 180 180 180 -127 68 44 68 98 135 120 85 69 68 126 161 120 108 93 59 67 71 75 107 161 177 169 169 171 162 135 73 56 75 127 139 139 191 146 90 65 67 111 191 210 191 113 69 89 141 166 173 169 156 163 230 241 165 70 92 108 131 108 138 149 145 137 173 168 201 200 187 174 182 194 197 188 169 169 165 164 166 164 160 165 166 166 189 179 190 177 169 167 177 177
180 180 180 180 -127 58 69 51 96 127 177 105 73 74 111 173 158 126 93 70 85 64 62 82 123 151 175 176 172 173 123 74 70 76 119 134 127 182 160 89 70 71 87 155 194 194 120 66 72 129 159 162 167 159 154 169 225 244 168 51 78 112 103 110 124 113 114 149 167 186 232 214 204 198 198 211 229 200 172 162 164 161 146 140 145 166 146 173 180 178 190 169 178 168 176
180 180 180 180 -127 57 66 86 103 132 192 185 124 89 89 136 160 131 91 54 86 86 59 83 108 122 171 181 177 177 151 76 76 83 118 132 123 173 169 92 66 78 90 115 173 177 131 60 65 115 156 155 160 163 162 165 188 236 246 165 56 64 89 94 111 99 110 146 180 180 241 223 192 177 195 194 227 220 189 176 162 176 172 154 153 163 156 160 176 177 185 176 170 175 172
180 180 180 180 -127 59 55 58 67 161 216 223 203 169 125 125 151 125 100 74 62 71 64 86 113 112 173 198 190 181 163 95 90 89 107 132 119 172 179 101 65 83 124 103 145 145 156 91 63 105 157 162 162 171 173 174 175 212 245 249 202 94 48 72 98 105 86 125 181 168 226 233 192 166 177 177 191 201 194 182 183 175 190 178 175 180 178 164 165 176 177 187 169 176 176
180 180 180 180 -127 42 57 63 53 60 172 241 233 221 192 171 156 140 100 81 80 72 66 88 115 101 134 208 206 189 169 108 99 111 106 105 109 136 187 116 70 81 154 133 124 123 121 138 146 111 126 157 171 178 180 182 178 181 221 240 248 234 149 57 64 70 48 75 123 125 211 253 219 173 174 191 193 191 175 174 185 182 179 178 169 166 175 171 169 165 177 177 180 174 185
180 180 180 180 -127 58 61 57 61 63 79 207 247 234 218 198 183 148 122 88 77 75 75 92 110 102 84 181 212 202 179 128 102 122 132 112 83 100 157 125 71 76 139 170 121 147 90 94 132 133 136 150 164 179 181 182 180 186 206 231 241 248 247 190 69 49 35 44 77 97 140 248 252 233 208 204 202 203 163 160 165 170 160 168 169 164 165 165 171 170 171 172 176 177 172
180 180 180 180 -126 39 59 58 69 75 72 153 242 231 222 202 200 171 130 93 78 83 79 96 104 111 75 132 212 212 196 154 121 137 128 120 71 74 112 121 72 87 113 160 127 115 90 95 93 104 114 149 174 177 182 182 181 181 199 226 241 246 245 246 200 48 40 42 73 77 108 181 219 233 237 232 219 213 190 150 157 167 160 157 165 172 174 178 166 170 167 174 171 170 164
180 180 180 180 -179 39 65 80 62 67 60 113 222 226 219 211 196 189 159 118 73 82 99 105 100 116 88 107 206 220 211 171 124 139 135 98 68 51 74 103 77 89 116 129 141 71 91 115 135 108 123 165 176 176 184 184 182 182 186 199 224 232 230 240 243 162 46 32 49 67 87 163 179 167 169 200 211 214 221 194 165 167 174 174 181 193 198 206 177 172 169 167 167 175 164
180 180 180 180 180 -126 53 62 62 53 43 40 166 220 219 222 211 192 184 162 110 80 98 112 103 102 94 93 188 221 216 193 138 126 142 130 105 59 45 72 82 88 106 145 176 143 115 116 142 162 152 169 182 180 182 183 182 179 179 184 167 196 226 238 235 224 94 41 35 51 65 131 194 203 187 179 209 227 230 236 222 205 203 196 194 197 210 234 201 175 174 173 170 177 183
180 180 180 180 180 -126 67 71 55 41 33 25 85 198 214 212 219 204 186 169 136 98 106 110 113 89 91 75 139 206 199 182 152 112 139 162 149 119 53 56 78 94 122 138 147 171 166 155 147 147 173 173 164 177 163 160 158 174 153 194 160 131 171 217 223 217 148 46 36 48 63 100 159 217 230 218 211 215 231 241 236 224 220 214 200 198 222 234 233 182 175 171 175 175 180
180 180 180 180 180 -126 69 83 106 95 73 54 55 153 209 217 219 215 197 176 153 103 96 111 111 87 79 70 94 178 182 172 145 132 141 161 156 156 99 73 113 123 129 127 145 155 149 132 132 144 169 167 126 155 156 128 108 154 129 159 222 186 124 133 200 206 179 57 36 43 67 93 116 156 213 209 175 134 145 198 226 221 200 194 196 174 187 210 234 230 204 177 175 172 174
180 180 180 180 180 -126 92 94 106 114 120 105 89 122 194 224 236 235 217 206 191 157 106 96 104 85 71 70 76 148 185 189 166 171 178 177 171 166 135 85 103 126 119 123 140 181 148 101 105 102 147 168 117 110 151 119 90 130 128 114 220 235 211 145 156 203 186 74 37 40 69 104 105 96 154 205 179 105 68 73 137 201 146 91 127 109 107 186 188 193 213 204 174 171 173
