AvaFrame/avaframe/data/avaAlr/Outputs/r_avaflow_0309_sss/alr_results/alr_ascii/alr_hillshade0002.asc
ncols 104
nrows 229
xllcenter 255202.08
yllcenter 377301.00
cellsize 20.00
NODATA_value -9999.000
[rows 84 to 125 of 229, columns 0 to 94 of 104]
180 68 67 74 79 89 91 89 83 79 80 83 83 82 79 81 84 99 89 111 168 141 60 65 74 87 73 109 107 101 129 128 119 122 118 129 139 126 131 138 133 97 132 215 130 85 157 162 179 197 167 38 85 82 9 70 90 50 89 92 59 56 86 79 98 102 55 37 81 21 -7 -21 -27 1 127 180 180 180 180 180 180 180 180 180 180 180 180 180 180 180 180 180 180 180 180
180 68 73 81 92 85 89 85 81 78 78 84 81 80 70 82 87 98 92 104 145 161 79 63 75 68 72 92 106 105 141 134 117 121 116 117 146 132 133 144 153 139 71 141 172 122 132 142 139 126 186 115 71 127 32 65 126 70 46 113 103 45 78 76 95 139 81 35 54 48 -3 -1 -6 -6 22 180 180 180 180 180 180 180 180 180 180 180 180 180 180 180 180 180 180 180 180
180 68 76 79 92 87 86 84 74 78 77 82 79 85 73 74 91 96 101 107 131 171 121 67 83 70 78 84 99 103 150 149 123 120 124 100 126 134 133 153 155 157 101 69 162 204 202 203 189 190 187 184 55 87 62 45 63 122 -3 77 149 87 88 82 96 164 126 33 30 44 5 3 15 4 10 127 180 180 180 180 180 180 180 180 180 180 180 180 180 180 180 180 180 180 180
180 71 75 83 77 83 80 88 76 79 84 81 79 82 93 78 92 96 99 104 122 159 143 87 82 86 80 87 99 94 134 147 132 123 131 114 101 120 127 161 142 146 137 64 97 151 227 227 232 237 241 215 143 59 90 56 39 62 36 32 144 163 117 100 87 117 202 73 26 16 9 15 20 16 8 36 180 180 180 180 180 180 180 180 180 180 180 180 180 180 180 180 180 180 180
180 77 79 75 73 91 87 83 82 83 89 86 92 87 96 88 92 98 103 103 114 145 166 99 71 84 87 94 96 102 115 124 127 127 134 131 94 89 94 142 141 130 154 93 87 90 212 209 231 230 224 226 235 172 121 74 55 7 52 18 81 190 171 112 101 71 183 143 58 23 14 11 28 23 34 48 127 180 180 180 180 180 180 180 180 180 180 180 180 180 180 180 180 180 180
180 65 81 80 71 84 108 92 86 85 94 97 98 94 96 98 96 100 106 113 113 126 171 134 68 72 90 98 100 107 116 128 120 129 134 123 89 68 69 99 135 136 154 129 94 85 122 144 150 186 154 201 220 221 182 176 107 17 40 51 31 142 177 141 104 80 119 177 76 29 22 19 33 22 36 48 127 180 180 180 180 180 180 180 180 180 180 180 180 180 180 180 180 180 180
180 69 73 74 70 83 121 110 93 92 99 97 106 101 94 101 101 107 105 121 119 114 138 156 93 67 82 91 97 109 123 134 131 111 108 103 89 55 83 113 122 134 125 140 108 115 112 144 105 152 173 158 170 192 191 205 194 85 45 73 42 96 169 159 117 92 110 181 78 31 20 15 28 23 28 42 59 180 180 180 180 180 180 180 180 180 180 180 180 180 180 180 180 180 180
180 83 76 72 66 83 127 141 112 107 106 106 101 101 100 104 102 107 110 121 133 118 118 129 117 84 76 78 84 105 132 123 120 105 98 93 96 49 63 138 157 130 122 122 99 127 179 203 143 109 183 206 195 197 200 178 198 135 65 53 53 43 146 191 134 102 103 179 112 30 34 18 18 20 27 37 81 127 180 180 180 180 180 180 180 180 180 180 180 180 180 180 180 180 180
180 77 84 72 66 80 123 164 163 126 109 108 106 107 98 103 107 104 113 121 133 135 126 116 112 98 89 87 81 92 117 113 104 106 116 124 95 56 37 109 172 169 152 126 90 71 156 186 182 143 125 166 183 179 188 180 180 181 113 73 76 29 67 175 157 108 98 162 167 41 46 39 23 14 39 19 49 127 180 180 180 180 180 180 180 180 180 180 180 180 180 180 180 180 180
180 78 78 64 71 76 97 127 170 150 113 107 104 109 105 103 110 109 111 126 135 139 137 118 112 116 107 107 97 85 94 92 86 113 113 142 110 64 37 77 125 179 179 153 93 80 136 149 186 187 150 132 153 166 168 173 173 195 163 122 131 91 51 94 150 117 102 148 166 82 51 53 33 0 29 36 18 80 180 180 180 180 180 180 180 180 180 180 180 180 180 180 180 180 180
180 -127 73 66 75 80 84 96 115 133 116 107 111 105 110 109 111 120 116 128 141 138 137 118 104 126 120 106 97 87 92 100 82 97 95 120 131 65 55 72 101 133 171 174 99 83 176 192 195 199 205 191 190 194 192 188 184 183 197 163 138 162 129 96 139 117 112 142 159 104 67 67 38 2 5 27 41 75 127 180 180 180 180 180 180 180 180 180 180 180 180 180 180 180 180
180 -126 84 82 89 93 87 90 102 122 119 112 112 126 119 119 114 122 128 126 140 145 128 127 107 121 112 103 88 91 105 114 106 103 101 97 132 75 60 83 104 125 139 155 107 58 155 221 227 232 238 235 228 228 232 227 216 195 191 194 172 148 160 162 163 132 119 148 170 105 93 79 55 18 7 21 46 89 127 180 180 180 180 180 180 180 180 180 180 180 180 180 180 180 180
180 -126 90 94 102 110 104 106 109 114 118 117 112 113 127 126 121 117 127 126 142 155 117 110 103 108 109 94 88 91 107 130 130 113 128 100 108 84 62 94 104 132 131 125 108 71 77 188 244 246 240 244 248 250 250 251 248 237 212 194 198 184 167 162 151 155 115 152 185 126 106 101 66 41 14 32 34 103 101 180 180 180 180 180 180 180 180 180 180 180 180 180 180 180 180
180 -126 100 104 95 108 117 122 124 123 120 109 118 116 117 118 127 126 124 134 145 176 135 85 91 86 106 100 89 82 87 112 131 118 141 130 102 86 64 95 106 131 144 112 86 84 78 83 194 230 247 251 248 247 250 253 253 252 240 212 191 200 208 206 182 150 128 129 178 191 118 136 104 56 17 19 37 110 115 127 180 180 180 180 180 180 180 180 180 180 180 180 180 180 180
180 -126 102 112 108 110 116 120 128 130 112 123 112 126 126 129 142 141 139 128 125 141 165 99 79 82 93 105 93 82 84 92 109 113 121 159 131 95 76 100 110 139 161 115 51 56 77 58 91 152 205 232 242 247 253 254 252 244 240 236 215 198 197 221 232 218 176 134 133 187 177 130 155 92 45 18 29 100 131 127 180 180 180 180 180 180 180 180 180 180 180 180 180 180 180
180 -126 114 119 115 117 126 130 123 139 110 109 113 129 125 122 140 140 136 105 97 84 101 61 38 65 75 105 102 92 90 93 105 116 94 143 150 106 90 112 114 151 175 155 51 35 65 60 79 98 112 136 145 157 179 225 238 240 247 252 243 232 228 234 242 247 250 236 164 125 183 152 170 170 92 52 59 99 131 110 180 180 180 180 180 180 180 180 180 180 180 180 180 180 180
180 -126 116 131 129 124 122 139 134 140 127 104 110 106 108 100 109 111 110 97 79 87 83 53 34 34 63 89 101 96 97 96 104 121 105 117 142 110 94 117 118 152 182 184 100 43 50 58 84 94 102 120 112 120 113 134 181 239 253 254 252 231 222 235 242 237 245 248 238 186 152 145 144 173 153 87 67 112 129 113 128 180 180 180 180 180 180 180 180 180 180 180 180 180 180
180 -126 123 134 137 123 122 140 145 128 133 102 110 102 91 74 77 79 80 94 90 106 117 75 68 80 85 88 100 93 97 100 102 117 128 122 150 108 98 119 122 140 186 211 186 57 45 59 96 91 89 113 109 111 109 129 117 151 205 229 240 216 205 224 241 250 230 221 222 211 185 146 113 141 129 85 69 101 118 99 128 180 180 180 180 180 180 180 180 180 180 180 180 180 180
180 -126 124 132 130 116 103 118 159 122 116 99 93 96 103 85 74 85 80 90 94 109 146 114 36 78 101 102 112 99 98 102 104 111 129 130 154 119 96 120 129 116 160 213 215 133 21 47 99 109 91 118 129 123 116 122 109 106 113 135 155 123 81 82 96 136 162 200 191 179 183 179 112 118 146 95 69 108 123 92 64 180 180 180 180 180 180 180 180 180 180 180 180 180 180
180 -126 104 113 129 119 100 84 139 156 88 88 82 89 101 104 93 103 106 106 102 109 142 143 46 79 104 110 121 110 103 103 100 105 117 125 133 117 104 122 121 117 105 159 178 173 31 23 81 109 96 107 129 120 127 99 103 72 101 115 132 141 83 66 50 64 127 171 198 178 164 171 160 96 142 145 74 98 113 104 71 127 180 180 180 180 180 180 180 180 180 180 180 180 180
180 -127 103 103 115 116 119 94 85 158 154 75 78 87 99 116 110 108 112 115 111 115 144 155 71 81 113 118 121 112 110 106 96 98 114 127 127 105 107 134 127 139 103 115 141 150 73 11 64 98 95 94 112 102 116 90 97 51 65 85 103 120 116 96 82 75 98 139 196 198 165 153 183 135 93 170 113 82 93 96 85 127 180 180 180 180 180 180 180 180 180 180 180 180 180
180 -127 97 108 113 111 111 118 91 92 187 174 85 85 98 118 124 112 114 112 115 121 151 155 83 78 110 119 125 111 100 112 97 95 103 113 112 109 100 127 125 131 137 114 139 135 87 7 36 72 53 56 71 82 82 99 88 73 40 55 66 70 92 89 86 79 96 105 157 194 173 152 159 193 109 131 163 112 94 90 96 78 180 180 180 180 180 180 180 180 180 180 180 180 180
180 -126 89 103 111 128 110 122 116 88 105 200 177 82 97 109 137 122 119 121 118 117 151 183 83 70 106 121 146 126 98 122 99 94 102 96 81 78 85 153 123 101 140 129 156 160 112 26 16 75 68 42 49 66 64 87 91 92 61 52 63 67 73 87 87 93 87 102 115 158 170 153 150 179 166 108 159 142 107 94 93 73 127 180 180 180 180 180 180 180 180 180 180 180 180
180 -127 105 91 95 115 120 123 133 110 89 113 180 148 93 102 129 137 127 130 128 118 121 177 159 76 102 119 161 150 98 130 116 98 114 102 86 56 51 131 155 114 125 158 151 196 155 87 46 76 135 90 71 94 91 81 97 104 92 74 79 87 82 97 95 102 109 106 115 150 165 152 145 168 185 127 142 149 100 102 101 67 127 180 180 180 180 180 180 180 180 180 180 180 180
180 -127 105 100 93 99 105 112 128 123 101 102 115 174 145 109 117 134 130 132 128 125 123 130 166 128 112 115 145 175 112 111 139 110 130 119 85 59 57 74 153 151 100 160 156 191 203 134 80 80 163 148 93 110 123 110 97 112 116 104 108 105 104 131 111 115 132 116 110 138 160 156 138 163 183 168 122 159 116 108 118 99 77 180 180 180 180 180 180 180 180 180 180 180 180
180 -127 96 109 87 84 92 85 98 103 89 82 88 105 149 150 134 142 132 133 132 126 134 148 132 125 121 118 128 173 150 91 130 124 154 133 73 63 61 58 110 164 114 123 173 146 216 197 115 73 145 192 147 108 140 152 106 103 116 116 125 131 107 151 145 126 157 138 120 123 150 158 144 149 176 192 133 142 130 123 140 122 112 127 180 180 180 180 180 180 180 180 180 180 180
180 -127 94 111 98 76 75 65 65 73 75 70 75 83 105 148 163 178 156 146 143 135 133 150 154 125 116 121 119 163 177 101 109 110 144 162 86 53 71 56 66 119 142 103 157 123 156 203 183 97 99 177 206 150 130 172 145 109 110 116 117 151 114 129 177 124 146 154 136 127 143 166 156 138 166 183 157 144 140 134 151 144 123 128 180 180 180 180 180 180 180 180 180 180 180
180 -127 96 107 108 92 84 78 69 74 84 100 100 106 118 133 152 183 188 169 156 144 136 135 159 138 108 104 106 136 172 134 108 104 108 157 126 64 87 82 67 71 130 110 132 142 109 175 195 139 101 126 180 194 153 162 196 147 131 131 121 161 129 109 182 161 130 147 141 131 127 149 163 142 151 179 158 128 143 132 153 148 134 119 180 180 180 180 180 180 180 180 180 180 180
180 -127 107 110 124 114 108 106 101 105 116 125 132 126 126 132 144 154 184 181 170 149 141 131 145 165 142 80 88 109 145 144 108 102 104 156 136 78 84 121 93 81 87 117 119 149 111 128 169 153 113 113 129 164 172 145 200 183 147 142 129 145 149 106 151 179 148 144 139 134 128 132 154 150 146 178 178 112 132 131 145 147 145 125 127 180 180 180 180 180 180 180 180 180 180
180 -126 133 125 134 140 141 137 135 130 134 132 136 141 130 130 143 159 160 182 177 168 149 140 123 145 167 137 89 91 126 139 96 109 99 138 169 83 61 114 118 101 84 105 113 131 130 106 136 163 102 95 117 133 154 133 156 196 160 144 143 130 149 120 129 158 151 148 138 140 125 129 150 153 143 171 203 163 113 147 146 151 152 143 128 180 180 180 180 180 180 180 180 180 180
180 -126 147 148 146 154 159 165 153 139 140 142 134 148 149 145 141 163 171 164 182 176 164 151 133 122 140 138 132 92 103 130 101 87 108 95 161 119 54 75 123 111 96 93 104 105 116 108 113 141 117 90 88 106 115 122 117 190 180 150 150 149 145 134 133 141 147 143 143 147 136 123 135 155 137 144 185 174 151 143 153 155 158 165 150 128 180 180 180 180 180 180 180 180 180
180 -126 146 149 153 163 164 168 165 147 137 145 143 145 158 157 161 154 176 169 177 178 175 170 172 155 123 99 80 106 95 117 116 58 71 96 119 150 87 57 89 113 101 93 94 85 89 99 98 108 135 131 115 107 106 118 104 148 198 163 150 154 151 141 145 146 145 138 144 149 147 135 129 153 152 136 162 144 152 151 162 162 167 176 176 128 180 180 180 180 180 180 180 180 180
180 -126 155 153 150 161 164 166 162 162 152 150 157 151 163 161 159 160 154 166 160 173 172 170 180 184 124 124 78 91 95 114 140 101 56 76 92 140 124 83 83 107 116 104 104 101 83 96 101 118 139 140 162 156 147 141 130 113 175 175 157 158 154 149 152 156 147 138 139 152 152 145 134 140 157 160 174 146 139 149 155 161 173 175 173 168 180 180 180 180 180 180 180 180 180
180 -126 156 159 154 157 160 160 161 164 161 156 156 154 152 152 149 146 147 147 148 154 160 158 161 167 167 150 138 120 113 101 137 150 110 82 91 111 134 115 105 102 116 117 114 114 107 100 112 120 139 142 165 184 181 168 156 132 139 164 161 156 154 151 153 153 151 142 132 143 156 147 148 134 148 152 186 161 115 153 142 148 163 173 172 175 128 180 180 180 180 180 180 180 180
180 -126 157 157 155 156 156 152 146 152 159 150 148 144 137 135 134 140 141 137 143 141 153 156 160 171 206 176 154 148 161 142 122 148 142 110 109 105 123 128 125 116 113 111 117 111 114 115 121 127 131 143 152 173 185 185 175 165 151 152 152 152 152 149 151 150 149 147 140 139 148 147 150 144 136 148 172 198 95 142 143 143 147 167 173 169 128 180 180 180 180 180 180 180 180
180 -126 149 149 146 148 144 138 132 129 136 130 135 139 138 137 134 138 143 141 141 141 139 153 163 178 199 192 169 149 165 186 161 155 159 144 126 125 118 120 134 138 128 120 112 124 121 128 129 132 135 147 152 162 171 179 178 177 172 170 157 156 154 157 155 153 149 149 145 146 148 150 149 150 142 141 151 201 150 115 145 150 150 156 175 171 128 180 180 180 180 180 180 180 180
180 -179 139 136 133 126 127 120 114 118 121 122 120 123 134 141 136 129 137 144 141 143 139 143 163 179 190 185 176 154 157 183 191 175 173 167 151 148 137 129 129 146 150 147 132 129 135 137 140 137 137 147 156 164 167 172 178 176 176 174 171 170 160 155 158 163 155 150 147 148 150 148 154 152 145 148 151 170 174 103 143 157 165 160 166 177 171 180 180 180 180 180 180 180 180
180 180 -127 129 129 124 126 115 111 111 114 112 116 114 116 129 140 138 136 138 142 142 132 99 123 145 164 164 158 151 147 174 196 189 181 179 171 158 146 144 142 145 165 167 164 142 143 143 137 136 145 149 151 159 167 172 178 180 184 173 174 174 172 162 155 160 159 154 148 145 154 147 154 156 151 147 150 175 192 126 112 154 170 171 169 173 174 128 180 180 180 180 180 180 180
180 180 -126 141 138 135 138 133 124 114 118 115 105 110 112 116 123 130 136 140 116 118 121 87 81 99 120 144 143 146 137 154 185 193 188 181 181 174 158 149 147 149 160 172 175 156 148 146 148 136 139 149 155 155 162 169 173 180 183 182 178 181 177 173 162 160 156 152 151 144 149 151 152 154 151 152 146 163 183 167 98 141 158 162 172 171 176 128 180 180 180 180 180 180 180
180 180 -126 159 157 151 144 145 142 137 123 127 121 113 113 117 113 104 101 116 109 94 105 111 83 101 110 133 132 140 140 142 164 186 194 187 180 181 175 164 156 153 152 164 172 168 156 151 149 148 148 148 153 159 166 170 172 180 177 186 179 183 181 175 170 161 164 151 146 144 144 148 153 159 151 155 147 153 166 191 100 111 151 154 158 165 175 128 180 180 180 180 180 180 180
180 180 -126 163 163 159 151 141 143 143 134 127 127 120 116 114 108 104 98 97 112 106 116 130 95 113 120 130 129 129 140 144 151 168 181 188 183 177 177 173 174 169 167 166 167 168 158 155 152 148 152 159 153 155 160 164 171 176 180 182 181 173 180 170 171 159 162 165 150 140 142 145 150 155 152 154 154 154 154 191 169 96 151 160 165 159 161 174 180 180 180 180 180 180 180
180 180 -126 154 150 150 141 119 127 123 124 122 119 111 110 113 114 107 102 112 122 121 122 131 120 111 126 129 135 128 139 142 148 160 168 179 182 179 173 171 174 179 180 177 176 167 160 153 150 151 154 160 161 159 159 162 164 171 179 173 178 175 172 176 169 166 158 164 164 150 142 143 149 156 153 149 150 152 146 166 188 113 141 158 165 171 164 168 128 180 180 180 180 180 180
