AvaFrame/avaframe/data/avaAlr/Outputs/r_avaflow_0309_sss/alr_results/alr_ascii/alr_hillshade0002.asc
ncols 104
nrows 229
xllcenter 255202.08
yllcenter 377301.00
cellsize 20.00
NODATA_value -9999.000
[rows 168 to 209 of 229, columns 0 to 94 of 104]
180 180 180 180 180 -126 75 98 109 94 92 96 98 112 174 230 242 245 241 232 218 193 167 119 102 93 71 71 75 115 193 200 197 181 189 189 180 179 163 109 91 97 85 92 108 184 210 125 89 99 126 157 136 90 133 119 93 123 126 88 155 208 219 210 172 197 189 95 34 38 67 117 124 97 92 182 197 160 88 65 75 165 172 88 88 116 68 146 208 160 145 177 180 170 164
180 180 180 180 180 -126 84 114 128 115 96 92 84 83 89 193 250 250 249 246 237 225 196 170 120 85 82 81 78 88 167 207 207 181 180 188 179 179 173 139 96 86 75 75 87 113 189 178 115 95 119 146 169 95 116 111 93 129 131 79 128 162 177 190 195 189 198 108 43 39 71 119 136 104 97 124 164 161 107 81 80 134 186 142 93 122 96 72 183 221 183 161 165 172 172
180 180 180 180 180 -126 63 106 144 137 112 100 86 77 68 85 218 250 249 249 246 244 231 210 169 132 94 89 92 88 119 183 205 192 178 181 180 178 173 153 108 81 72 71 69 84 132 138 109 93 118 136 180 160 106 102 78 123 132 79 126 165 167 163 160 172 190 119 52 47 86 125 155 98 96 111 155 151 111 79 83 159 185 170 117 116 118 83 95 210 232 221 187 172 178
180 180 180 180 180 -126 34 72 137 147 124 102 88 71 69 55 131 232 247 247 249 248 245 240 222 180 165 140 126 121 122 150 175 181 185 172 175 173 168 152 114 80 70 68 67 74 106 121 99 86 120 133 132 201 154 95 71 118 123 79 119 165 168 169 159 151 165 114 53 55 84 130 158 128 81 105 142 144 115 90 92 161 196 187 146 127 113 108 95 144 210 230 222 196 181
180 180 180 180 180 -126 34 40 124 151 131 104 90 76 76 57 77 151 214 238 245 247 243 246 245 213 178 179 171 159 150 163 175 170 179 170 171 169 168 145 118 82 72 68 71 71 101 120 99 73 97 144 98 163 190 118 64 112 122 72 110 163 169 170 177 181 160 107 51 71 85 113 142 161 94 103 125 143 122 100 123 168 193 186 158 144 118 100 94 107 167 184 214 209 193
180 180 180 180 180 -126 43 16 99 152 135 112 87 77 76 83 71 99 118 157 196 229 245 245 247 237 190 173 158 145 125 125 146 154 159 153 156 150 155 151 122 93 79 76 72 75 96 120 99 66 69 129 98 114 180 151 68 106 127 74 98 157 168 176 169 194 172 103 55 80 105 114 136 160 123 106 124 136 107 87 140 164 186 186 166 152 133 96 92 109 134 143 170 189 198
180 180 180 180 180 -126 88 42 78 154 135 113 91 80 75 112 89 96 109 113 118 145 199 224 240 243 221 172 151 135 113 92 107 118 126 125 131 146 140 144 130 99 81 83 76 78 91 122 110 72 73 109 114 88 152 165 88 97 128 83 92 149 165 170 164 177 175 98 62 83 120 113 139 153 152 121 133 113 91 87 144 168 175 184 174 160 147 111 75 98 137 165 150 146 157
180 180 180 180 180 -126 103 77 99 141 125 114 89 76 77 112 127 102 107 120 124 118 110 141 190 229 240 213 174 162 158 127 106 123 134 139 128 138 156 153 152 130 88 76 80 85 89 114 126 88 85 106 121 94 127 153 111 91 123 94 88 138 164 165 165 168 188 95 65 92 141 114 135 152 157 137 136 109 85 74 156 192 180 184 172 158 156 130 91 83 101 173 201 176 157
180 180 180 180 180 -126 103 71 80 119 97 91 90 65 76 99 128 121 110 115 116 123 118 115 124 165 219 240 228 187 179 173 144 134 141 148 150 140 143 149 161 173 140 91 70 86 92 100 117 116 84 106 114 99 113 139 129 95 112 105 90 130 174 164 170 162 180 122 66 89 144 144 129 149 148 146 125 106 79 75 140 194 200 189 171 156 150 148 121 86 72 107 180 213 197
180 180 180 180 180 -126 103 74 64 84 92 69 71 66 69 104 123 127 127 129 125 129 130 124 124 122 148 206 241 227 183 176 161 141 147 157 150 153 150 139 132 169 173 144 97 74 96 111 106 108 99 107 116 107 109 130 133 112 110 109 96 127 181 178 167 165 174 129 89 96 123 147 141 147 151 148 129 103 82 85 130 169 201 218 184 167 156 150 145 107 74 73 90 157 213
180 180 180 180 180 -179 126 91 92 92 76 73 64 64 74 110 138 129 141 150 159 140 143 138 135 139 133 145 199 235 231 191 166 146 123 136 157 152 152 149 127 126 166 160 150 114 100 125 135 115 101 102 113 116 112 124 131 126 122 119 103 116 154 174 165 161 175 127 108 117 117 137 136 152 155 153 133 101 84 100 140 160 171 233 220 176 167 157 154 129 94 83 81 72 145
180 180 180 180 180 180 -126 140 104 97 84 67 69 66 86 119 147 144 139 150 170 166 161 162 167 162 166 167 164 197 238 240 197 161 152 119 129 161 164 157 159 141 146 160 155 149 116 118 141 140 125 112 113 120 121 122 128 129 123 122 110 105 128 155 156 162 169 131 91 123 113 142 140 148 143 142 130 99 78 91 133 160 125 201 240 203 167 162 159 147 118 110 88 77 83
180 180 180 180 180 180 -126 179 157 113 86 68 65 71 99 143 158 165 154 155 165 177 178 169 176 181 179 181 181 180 195 238 235 180 170 155 120 144 157 160 155 165 156 156 157 155 139 114 130 140 145 135 128 129 129 126 129 134 127 122 113 99 121 147 146 159 163 146 93 122 124 128 144 148 143 140 120 95 92 97 120 145 105 129 230 227 190 171 165 157 130 130 106 84 89
180 180 180 180 180 180 -126 198 178 161 112 79 68 49 86 154 177 179 176 169 175 181 176 177 159 159 163 166 180 178 181 203 217 196 169 172 142 140 160 154 152 153 158 160 154 155 155 147 139 141 146 141 133 134 135 132 132 135 135 136 134 122 126 141 146 157 167 162 124 124 138 135 138 144 144 145 126 107 104 112 120 134 101 98 179 236 229 199 173 166 151 126 111 72 93
180 180 180 180 180 180 -126 227 198 172 145 90 70 57 43 137 179 179 181 181 173 168 146 142 140 126 117 121 138 157 154 166 174 196 167 164 162 142 158 161 165 163 157 160 159 157 154 156 158 151 147 144 133 132 135 134 138 140 139 138 145 147 142 142 148 159 170 169 157 147 147 145 145 143 141 144 127 116 141 142 129 120 100 104 111 181 240 222 195 173 167 154 120 77 63
180 180 180 180 180 180 -126 233 224 183 154 120 66 55 36 88 178 172 154 151 153 149 130 106 114 116 106 95 92 104 117 133 164 163 169 161 150 159 165 156 154 163 167 163 162 162 159 162 167 164 159 156 148 136 136 135 135 141 145 143 146 147 143 142 146 153 165 168 159 156 161 156 152 150 146 140 130 124 164 177 158 124 101 104 116 94 206 234 222 190 174 167 154 106 68
180 180 180 180 180 180 -126 229 229 205 164 134 100 50 42 37 131 150 130 115 116 133 144 131 119 122 121 111 103 102 112 133 168 146 143 158 152 138 162 172 160 158 164 168 168 166 163 164 174 172 169 167 163 152 141 138 139 141 144 144 148 149 145 141 145 150 159 164 161 160 161 158 152 149 146 127 118 132 179 194 166 132 104 98 131 98 111 226 233 215 183 170 164 144 92
180 180 180 180 180 180 -179 191 219 211 177 148 121 70 62 67 80 129 131 122 115 124 149 145 137 135 133 127 123 129 137 153 151 160 143 143 171 150 158 166 169 166 167 171 167 165 168 162 173 176 171 169 166 165 152 140 145 144 147 145 144 147 147 145 144 148 157 162 158 158 159 157 153 151 145 116 81 94 161 179 167 141 116 101 111 117 96 182 233 229 197 173 165 159 112
180 180 180 180 180 180 180 -126 198 205 180 154 125 92 62 110 116 125 141 146 138 124 136 143 133 134 139 141 142 145 149 171 159 159 151 146 163 162 160 170 166 165 164 170 171 160 164 166 172 178 175 165 160 167 166 156 154 153 152 151 145 156 159 162 162 155 158 160 160 160 163 159 157 156 149 119 84 76 137 157 169 155 135 110 112 113 99 131 210 223 209 181 167 158 134
180 180 180 180 180 180 180 -126 182 202 180 154 125 91 78 104 142 141 138 143 150 145 136 150 149 143 144 147 149 151 156 169 176 157 146 148 161 176 152 167 162 161 162 165 170 171 163 170 169 177 183 180 168 165 165 161 158 166 156 157 144 132 150 152 160 161 158 163 158 163 165 159 150 147 146 121 87 76 126 158 158 151 149 138 113 136 98 107 167 185 221 187 171 164 152
180 180 180 180 180 180 180 -126 191 201 181 160 132 89 77 117 144 151 155 153 158 159 161 161 162 160 158 157 157 157 164 175 177 160 145 143 161 180 165 169 171 167 159 166 172 174 167 167 172 174 176 181 181 175 165 159 150 159 154 143 156 129 123 130 136 144 142 145 153 155 157 155 151 145 143 125 84 87 100 140 141 138 126 126 119 122 130 123 151 166 219 210 177 171 166
180 180 180 180 180 180 180 -126 208 203 185 163 148 109 83 120 161 169 167 174 175 176 174 171 168 167 164 160 158 159 168 183 176 160 143 134 157 171 173 163 173 172 170 165 161 175 168 160 162 173 180 179 173 178 176 170 150 146 155 140 140 161 143 139 136 147 152 146 147 150 154 151 155 158 157 153 108 86 107 139 142 144 133 100 124 118 102 145 152 158 196 224 192 173 173
180 180 180 180 180 180 180 -179 226 218 189 166 150 127 108 139 171 183 184 182 184 183 182 179 174 171 168 163 160 157 163 180 176 158 142 139 149 163 171 167 165 167 171 168 168 158 171 166 163 169 171 190 180 179 175 173 173 152 155 159 139 153 161 162 151 144 154 158 158 159 160 158 156 157 158 157 149 121 121 137 145 150 147 123 105 125 113 140 152 138 153 233 213 186 176
180 180 180 180 180 180 180 180 -126 218 204 170 149 126 108 141 185 185 188 187 187 186 184 182 179 174 172 165 162 160 166 168 174 160 137 137 160 164 159 169 165 161 169 160 170 170 170 174 165 169 171 175 185 180 177 165 173 171 164 165 158 148 154 157 164 156 150 159 163 169 168 164 161 161 162 161 156 148 147 145 142 141 148 136 112 117 125 126 158 143 135 215 241 211 186
180 180 180 180 180 180 180 180 -126 201 205 174 147 123 102 115 175 186 186 187 188 188 186 184 181 177 175 169 164 163 174 167 168 160 146 133 156 170 173 167 172 170 167 177 162 168 171 174 177 166 173 166 179 179 180 177 174 173 169 166 164 163 160 157 161 166 159 156 163 173 172 169 164 159 161 161 156 156 147 149 150 140 139 157 138 98 142 129 149 133 113 146 237 240 201
180 180 180 180 180 180 180 180 -126 202 203 179 148 121 110 94 128 178 187 187 185 187 187 185 183 181 178 173 168 167 179 174 165 160 146 148 159 165 172 177 174 175 174 181 181 170 167 170 173 170 169 171 174 181 185 180 175 171 172 168 162 161 160 153 153 166 159 159 159 165 170 166 164 160 151 152 148 148 144 135 136 137 132 139 148 125 127 147 126 141 118 97 171 224 220
180 180 180 180 180 180 180 180 -126 217 210 186 163 123 114 114 105 131 176 187 186 186 187 186 183 181 181 177 171 166 169 179 165 159 144 148 163 168 170 175 176 173 173 176 179 182 168 169 169 169 165 165 171 182 184 178 180 168 162 163 160 160 161 155 143 155 156 155 161 164 168 164 163 167 161 153 153 149 152 145 136 119 118 121 140 151 133 143 137 124 127 98 138 174 206
180 180 180 180 180 180 180 180 -179 213 215 199 167 142 115 120 124 113 141 181 186 186 187 186 185 182 180 179 178 173 164 171 163 157 141 148 163 161 164 175 176 174 175 175 175 182 178 169 176 172 176 164 165 170 182 175 176 176 165 163 160 155 164 161 160 151 157 151 165 169 179 172 167 169 171 164 162 159 161 162 159 153 132 109 110 146 161 142 123 139 150 141 118 161 169
180 180 180 180 180 180 180 180 180 -126 207 205 177 153 118 120 126 127 119 161 181 183 185 185 185 185 183 182 188 182 172 166 160 153 128 150 166 166 160 165 170 174 172 175 175 177 184 174 176 176 182 177 173 172 177 183 175 177 174 169 171 164 163 158 159 160 166 151 163 163 174 178 168 165 166 161 158 155 152 154 156 158 152 133 102 115 158 163 128 121 126 180 159 156 148
180 180 180 180 180 180 180 180 180 -126 209 207 189 164 131 112 122 124 119 132 173 179 181 181 183 184 186 186 196 197 178 164 157 153 122 129 172 167 166 164 169 168 177 178 172 176 179 185 178 179 177 185 177 182 180 186 183 182 177 177 171 171 169 166 159 161 154 157 158 161 167 171 162 158 156 153 149 146 139 134 131 133 135 129 108 104 135 158 151 121 108 136 172 161 126
180 180 180 180 180 180 180 180 180 -126 207 211 202 173 150 114 111 115 118 112 144 175 179 178 177 178 183 183 191 205 193 171 167 156 133 104 158 173 171 168 173 168 171 178 182 171 176 180 179 177 177 183 178 181 185 188 186 185 179 180 174 171 172 170 160 170 161 154 161 159 163 182 175 168 163 158 155 158 155 148 143 137 136 128 118 102 102 120 132 133 128 149 159 161 133
180 180 180 180 180 180 180 180 180 -126 188 202 203 189 169 140 112 107 113 117 128 157 170 174 172 168 162 170 179 195 191 176 168 165 154 112 121 169 173 166 168 170 172 169 177 175 170 174 180 171 172 175 177 179 181 183 190 186 185 184 180 171 171 172 167 164 170 156 167 176 157 171 179 178 177 170 164 162 166 163 160 157 158 154 146 139 116 104 101 109 138 161 176 152 133
180 180 180 180 180 180 180 180 180 -126 170 183 197 193 182 162 134 108 109 116 129 158 167 169 166 169 166 150 154 161 171 163 167 164 156 142 111 143 170 176 161 167 164 171 174 175 173 172 179 180 173 173 173 172 183 179 181 183 186 189 186 180 176 171 168 166 167 156 151 171 172 169 171 171 172 170 166 165 160 160 158 155 152 152 146 149 150 131 108 90 109 142 161 138 127
180 180 180 180 180 180 180 180 180 -179 166 169 190 191 185 177 158 122 84 89 64 97 129 140 143 135 141 139 125 137 158 152 155 162 156 145 128 138 154 171 174 166 170 161 171 181 175 175 178 184 177 176 176 170 175 186 182 177 174 183 189 186 186 185 180 178 176 166 153 151 160 171 173 174 175 170 162 167 163 158 156 157 153 151 147 141 144 137 115 103 109 142 157 139 116
180 180 180 180 180 180 180 180 180 180 -126 156 169 190 185 183 180 164 124 100 73 35 46 76 82 111 107 117 126 136 150 157 159 155 157 141 117 122 166 163 176 168 173 177 166 177 176 173 171 179 183 176 177 178 174 180 186 185 178 176 182 187 195 206 210 207 205 198 184 170 157 153 170 170 170 173 165 163 168 161 158 156 155 153 152 154 151 145 131 93 87 135 173 167 125
180 180 180 180 180 180 180 180 180 180 -126 143 151 171 180 179 189 205 218 186 162 133 97 85 88 97 132 138 149 153 153 155 164 164 166 165 129 94 123 162 170 177 170 177 176 174 181 178 176 170 179 177 176 178 181 179 182 185 184 183 188 192 193 202 218 229 228 227 220 207 190 169 164 172 168 174 171 165 166 164 160 160 160 155 152 153 156 153 148 138 93 68 123 170 167
180 180 180 180 180 180 180 180 180 180 -127 124 131 151 169 174 174 160 211 224 203 175 161 138 155 137 147 161 162 158 165 163 160 160 153 161 164 129 102 122 147 166 175 170 174 172 177 178 177 177 177 178 172 177 182 183 184 185 186 188 184 179 189 204 221 232 233 235 238 233 214 190 179 181 176 175 179 175 168 165 161 157 159 158 159 154 156 154 148 144 146 97 63 95 151
180 180 180 180 180 180 180 180 180 180 -126 135 126 141 151 146 149 149 122 158 169 154 144 129 148 165 160 158 158 153 149 166 163 164 155 142 142 148 126 110 107 122 143 159 162 171 170 179 175 171 164 170 174 175 181 187 188 188 184 180 178 182 185 189 216 235 236 235 239 235 227 197 180 189 187 180 177 177 173 166 162 157 154 151 154 155 156 158 154 145 144 138 105 72 71
180 180 180 180 180 180 180 180 180 180 -179 130 126 145 140 134 128 126 125 123 130 134 136 102 110 166 165 164 157 158 146 149 161 165 169 166 139 140 140 130 119 118 117 133 145 158 163 176 174 167 164 173 170 178 184 186 188 188 176 171 177 176 184 197 207 216 217 213 207 210 213 200 174 186 192 180 179 182 178 171 165 161 157 155 159 157 154 155 157 152 151 154 137 124 92
180 180 180 180 180 180 180 180 180 180 180 -126 87 87 114 111 113 125 137 143 148 160 153 124 70 127 167 161 164 161 164 155 161 166 167 170 170 155 155 148 140 137 143 138 141 144 144 150 163 163 164 170 184 183 187 189 184 171 169 170 174 163 159 188 206 187 167 163 158 172 186 190 168 178 199 188 174 180 190 183 174 167 161 154 157 169 163 159 157 157 157 161 161 151 132
180 180 180 180 180 180 180 180 180 180 180 -126 116 86 77 97 108 127 138 153 170 189 173 166 113 114 163 164 158 158 168 165 154 165 166 162 166 168 165 161 144 129 130 131 134 137 141 139 148 156 158 171 179 183 186 186 181 150 144 170 167 156 148 159 136 153 164 156 165 168 175 177 155 169 195 199 183 168 181 192 184 173 166 160 151 159 168 167 162 159 160 162 165 162 160
180 180 180 180 180 180 180 180 180 180 180 -126 170 152 140 135 142 142 163 165 163 188 183 163 137 129 154 171 168 158 158 167 161 161 169 169 164 164 159 164 149 136 123 119 120 129 140 150 138 139 155 165 178 190 196 183 164 140 104 125 116 86 73 93 93 99 141 156 166 170 174 172 145 158 190 197 192 173 165 182 196 186 173 165 161 156 159 170 168 164 161 164 166 164 162
