AvaFrame/avaframe/data/avaKot/Avaflow_Input_Output_old/gar_results/gar_ascii/gar_hflow10019.asc
ncols 88
nrows 125
xllcenter 176963.44
yllcenter 376270.31
cellsize 20.00
NODATA_value -9999.000
[rows 34 to 67 of 125, columns 0 to 76 of 88]
0.000 0.000 0.000 0.000 0.000 0.000 0.000 0.000 0.000 0.000 0.000 0.000 0.000 0.000 0.000 0.000 0.000 0.000 0.000 0.000 0.000 0.000 0.000 0.000 0.000 0.000 0.000 0.000 0.000 0.000 0.000 0.000 0.000 0.000 0.000 0.000 0.000 0.000 0.000 0.000 0.000 0.000 0.000 0.000 0.000 0.000 0.000 0.000 0.000 0.000 0.000 0.000 0.000 0.000 0.000 0.000 0.000 0.000 0.000 0.000 0.000 0.001 0.001 0.001 0.001 0.001 0.002 0.003 0.005 0.007 0.008 0.009 0.008 0.008 0.006 0.003 0.001
0.000 0.000 0.000 0.000 0.000 0.000 0.000 0.000 0.000 0.000 0.000 0.000 0.000 0.000 0.000 0.000 0.000 0.000 0.000 0.000 0.000 0.000 0.000 0.000 0.000 0.000 0.000 0.000 0.000 0.000 0.000 0.001 0.001 0.001 0.001 0.001 0.001 0.000 0.000 0.000 0.000 0.000 0.000 0.000 0.000 0.000 0.000 0.000 0.000 0.000 0.000 0.000 0.000 0.000 0.000 0.000 0.000 0.000 0.000 0.000 0.001 0.001 0.001 0.001 0.002 0.002 0.004 0.007 0.012 0.018 0.021 0.021 0.021 0.019 0.015 0.009 0.004
0.000 0.000 0.000 0.000 0.000 0.000 0.000 0.000 0.000 0.000 0.000 0.000 0.000 0.000 0.000 0.000 0.000 0.000 0.000 0.000 0.000 0.000 0.000 0.000 0.000 0.000 0.000 0.000 0.000 0.000 0.001 0.001 0.001 0.001 0.001 0.001 0.001 0.001 0.001 0.000 0.000 0.000 0.000 0.000 0.000 0.000 0.000 0.000 0.000 0.000 0.000 0.000 0.000 0.000 0.000 0.000 0.000 0.000 0.000 0.001 0.001 0.001 0.001 0.002 0.003 0.005 0.009 0.016 0.028 0.042 0.049 0.051 0.050 0.046 0.036 0.021 0.011
0.000 0.000 0.000 0.000 0.000 0.000 0.000 0.000 0.000 0.000 0.000 0.000 0.000 0.000 0.000 0.000 0.000 0.000 0.000 0.000 0.000 0.000 0.000 0.000 0.000 0.000 0.000 0.000 0.001 0.001 0.001 0.001 0.001 0.001 0.002 0.002 0.002 0.002 0.002 0.001 0.001 0.000 0.000 0.000 0.000 0.000 0.000 0.000 0.000 0.000 0.000 0.000 0.000 0.000 0.000 0.000 0.000 0.000 0.001 0.001 0.001 0.001 0.002 0.003 0.005 0.009 0.018 0.033 0.060 0.090 0.106 0.111 0.110 0.102 0.082 0.050 0.026
0.000 0.000 0.000 0.000 0.000 0.000 0.000 0.000 0.000 0.000 0.000 0.000 0.000 0.000 0.000 0.000 0.000 0.000 0.000 0.000 0.000 0.000 0.000 0.000 0.000 0.000 0.000 0.001 0.001 0.001 0.001 0.001 0.002 0.002 0.003 0.004 0.005 0.005 0.005 0.004 0.003 0.001 0.001 0.000 0.000 0.000 0.000 0.000 0.000 0.000 0.000 0.000 0.000 0.000 0.000 0.000 0.000 0.001 0.001 0.001 0.001 0.001 0.002 0.004 0.009 0.018 0.035 0.066 0.119 0.180 0.215 0.226 0.225 0.211 0.172 0.108 0.057
0.000 0.000 0.000 0.000 0.000 0.000 0.000 0.000 0.000 0.000 0.000 0.000 0.000 0.000 0.000 0.000 0.000 0.000 0.000 0.000 0.000 0.000 0.000 0.000 0.000 0.000 0.001 0.001 0.001 0.001 0.001 0.002 0.003 0.005 0.008 0.010 0.011 0.012 0.011 0.010 0.007 0.004 0.002 0.001 0.000 0.000 0.000 0.000 0.000 0.000 0.000 0.000 0.000 0.000 0.000 0.000 0.001 0.001 0.001 0.001 0.001 0.002 0.004 0.008 0.017 0.033 0.065 0.122 0.217 0.333 0.402 0.426 0.426 0.403 0.335 0.217 0.116
0.000 0.000 0.000 0.000 0.000 0.000 0.000 0.000 0.000 0.000 0.000 0.000 0.000 0.000 0.000 0.000 0.000 0.000 0.000 0.000 0.000 0.000 0.000 0.000 0.000 0.000 0.001 0.001 0.001 0.001 0.002 0.003 0.006 0.010 0.018 0.024 0.027 0.027 0.026 0.024 0.017 0.010 0.005 0.002 0.001 0.000 0.000 0.000 0.000 0.000 0.000 0.000 0.000 0.000 0.000 0.001 0.001 0.001 0.001 0.002 0.003 0.005 0.008 0.015 0.030 0.058 0.113 0.208 0.364 0.564 0.693 0.743 0.747 0.713 0.605 0.406 0.219
0.000 0.000 0.000 0.000 0.000 0.000 0.000 0.000 0.000 0.000 0.000 0.000 0.000 0.000 0.000 0.000 0.000 0.000 0.000 0.000 0.000 0.000 0.000 0.000 0.000 0.001 0.001 0.001 0.001 0.002 0.003 0.006 0.012 0.022 0.038 0.052 0.058 0.060 0.059 0.053 0.040 0.023 0.012 0.006 0.003 0.001 0.000 0.000 0.000 0.000 0.000 0.000 0.000 0.001 0.001 0.001 0.001 0.001 0.002 0.003 0.006 0.011 0.017 0.029 0.052 0.096 0.181 0.326 0.549 0.849 1.077 1.181 1.199 1.161 1.006 0.696 0.381
0.000 0.000 0.000 0.000 0.000 0.000 0.000 0.000 0.000 0.000 0.000 0.000 0.000 0.000 0.000 0.000 0.000 0.000 0.000 0.000 0.000 0.000 0.000 0.000 0.000 0.001 0.001 0.001 0.002 0.003 0.006 0.012 0.024 0.044 0.076 0.106 0.121 0.125 0.123 0.112 0.085 0.051 0.028 0.015 0.007 0.003 0.001 0.000 0.000 0.000 0.000 0.000 0.001 0.001 0.001 0.001 0.001 0.002 0.004 0.009 0.018 0.029 0.041 0.058 0.090 0.151 0.260 0.435 0.701 1.098 1.449 1.605 1.636 1.590 1.384 0.964 0.536
0.000 0.000 0.000 0.000 0.000 0.000 0.000 0.000 0.000 0.000 0.000 0.000 0.000 0.000 0.000 0.000 0.000 0.000 0.000 0.000 0.000 0.000 0.000 0.000 0.000 0.001 0.001 0.001 0.003 0.005 0.011 0.023 0.045 0.084 0.144 0.201 0.233 0.245 0.245 0.224 0.167 0.103 0.061 0.034 0.018 0.008 0.003 0.001 0.000 0.000 0.000 0.001 0.001 0.001 0.001 0.002 0.002 0.004 0.008 0.015 0.032 0.064 0.096 0.120 0.156 0.221 0.325 0.492 0.786 1.277 1.742 1.930 1.953 1.876 1.611 1.111 0.631
0.000 0.000 0.000 0.000 0.000 0.000 0.000 0.000 0.000 0.000 0.000 0.000 0.000 0.000 0.000 0.000 0.000 0.000 0.000 0.000 0.000 0.000 0.000 0.000 0.000 0.001 0.001 0.002 0.004 0.009 0.020 0.041 0.080 0.149 0.256 0.356 0.413 0.432 0.419 0.366 0.280 0.189 0.121 0.072 0.038 0.017 0.007 0.003 0.001 0.000 0.000 0.001 0.001 0.001 0.001 0.002 0.004 0.006 0.008 0.012 0.025 0.068 0.151 0.197 0.224 0.264 0.344 0.512 0.820 1.350 1.939 2.178 2.177 2.052 1.714 1.167 0.685
0.000 0.000 0.000 0.000 0.000 0.000 0.000 0.000 0.000 0.000 0.000 0.000 0.000 0.000 0.000 0.000 0.000 0.000 0.000 0.000 0.000 0.000 0.000 0.000 0.000 0.000 0.001 0.003 0.006 0.014 0.031 0.065 0.128 0.237 0.394 0.517 0.570 0.574 0.517 0.429 0.346 0.266 0.185 0.108 0.051 0.022 0.009 0.003 0.001 0.000 0.001 0.001 0.001 0.001 0.002 0.003 0.004 0.006 0.009 0.011 0.017 0.047 0.157 0.240 0.255 0.266 0.306 0.421 0.698 1.243 1.948 2.262 2.309 2.142 1.743 1.178 0.709
0.000 0.000 0.000 0.000 0.000 0.000 0.000 0.000 0.000 0.000 0.000 0.000 0.000 0.000 0.000 0.000 0.000 0.000 0.000 0.000 0.000 0.000 0.000 0.000 0.000 0.000 0.001 0.003 0.007 0.017 0.038 0.082 0.164 0.304 0.482 0.594 0.608 0.541 0.449 0.376 0.332 0.278 0.189 0.097 0.042 0.018 0.008 0.003 0.001 0.001 0.001 0.001 0.001 0.001 0.002 0.003 0.004 0.007 0.010 0.014 0.020 0.034 0.126 0.222 0.227 0.195 0.170 0.186 0.305 0.708 1.558 2.174 2.220 2.056 1.666 1.079 0.587
0.000 0.000 0.000 0.000 0.000 0.000 0.000 0.000 0.000 0.000 0.000 0.000 0.000 0.000 0.000 0.000 0.000 0.000 0.000 0.000 0.000 0.000 0.000 0.000 0.000 0.001 0.001 0.003 0.007 0.018 0.042 0.092 0.185 0.339 0.500 0.541 0.385 0.227 0.180 0.174 0.172 0.156 0.098 0.046 0.024 0.013 0.007 0.003 0.002 0.001 0.001 0.001 0.001 0.001 0.002 0.003 0.004 0.007 0.013 0.021 0.033 0.050 0.084 0.116 0.114 0.095 0.093 0.121 0.183 0.301 0.705 1.382 1.720 1.616 1.054 0.468 0.166
0.000 0.000 0.000 0.000 0.000 0.000 0.000 0.000 0.000 0.000 0.000 0.000 0.000 0.000 0.000 0.000 0.000 0.000 0.000 0.000 0.000 0.000 0.000 0.000 0.000 0.001 0.001 0.003 0.007 0.019 0.044 0.093 0.178 0.309 0.363 0.259 0.122 0.107 0.118 0.113 0.098 0.073 0.045 0.029 0.021 0.014 0.008 0.004 0.002 0.002 0.001 0.001 0.001 0.001 0.002 0.002 0.004 0.008 0.016 0.029 0.048 0.063 0.067 0.062 0.058 0.059 0.074 0.130 0.222 0.302 0.413 0.582 0.651 0.548 0.274 0.076 0.024
0.000 0.000 0.000 0.000 0.000 0.000 0.000 0.000 0.000 0.000 0.000 0.000 0.000 0.000 0.000 0.000 0.000 0.000 0.000 0.000 0.000 0.000 0.000 0.000 0.000 0.000 0.001 0.002 0.007 0.018 0.034 0.051 0.073 0.107 0.109 0.071 0.071 0.110 0.127 0.118 0.089 0.053 0.034 0.026 0.021 0.016 0.011 0.006 0.003 0.002 0.002 0.001 0.001 0.002 0.002 0.002 0.004 0.007 0.017 0.037 0.058 0.063 0.059 0.052 0.044 0.042 0.062 0.143 0.281 0.371 0.425 0.407 0.270 0.129 0.052 0.019 0.009
0.000 0.000 0.000 0.000 0.000 0.000 0.000 0.000 0.000 0.000 0.000 0.000 0.000 0.000 0.000 0.000 0.000 0.000 0.000 0.000 0.000 0.000 0.000 0.000 0.000 0.000 0.000 0.001 0.004 0.008 0.012 0.014 0.016 0.023 0.026 0.029 0.048 0.100 0.139 0.136 0.088 0.044 0.031 0.025 0.021 0.018 0.013 0.007 0.004 0.003 0.002 0.002 0.002 0.002 0.002 0.003 0.004 0.008 0.015 0.040 0.064 0.062 0.053 0.048 0.036 0.032 0.051 0.154 0.339 0.407 0.404 0.346 0.190 0.077 0.028 0.011 0.006
0.000 0.000 0.000 0.000 0.000 0.000 0.000 0.000 0.000 0.000 0.000 0.000 0.000 0.000 0.000 0.000 0.000 0.000 0.000 0.000 0.000 0.000 0.000 0.000 0.000 0.000 0.000 0.000 0.001 0.003 0.005 0.007 0.008 0.011 0.012 0.013 0.021 0.059 0.133 0.156 0.099 0.041 0.029 0.025 0.022 0.020 0.015 0.008 0.005 0.004 0.003 0.003 0.003 0.002 0.003 0.003 0.005 0.009 0.014 0.035 0.066 0.064 0.052 0.045 0.031 0.027 0.050 0.179 0.381 0.429 0.387 0.272 0.138 0.059 0.023 0.010 0.006
0.000 0.000 0.000 0.000 0.000 0.000 0.000 0.000 0.000 0.000 0.000 0.000 0.000 0.000 0.000 0.000 0.000 0.000 0.000 0.000 0.000 0.000 0.000 0.000 0.000 0.000 0.000 0.000 0.001 0.002 0.003 0.005 0.007 0.008 0.008 0.009 0.009 0.017 0.082 0.171 0.125 0.042 0.028 0.026 0.024 0.022 0.015 0.007 0.005 0.005 0.005 0.005 0.004 0.004 0.004 0.005 0.008 0.012 0.015 0.028 0.061 0.067 0.055 0.042 0.029 0.027 0.066 0.230 0.398 0.424 0.345 0.196 0.098 0.046 0.021 0.010 0.006
0.000 0.000 0.000 0.000 0.000 0.000 0.000 0.000 0.000 0.000 0.000 0.000 0.000 0.000 0.000 0.000 0.000 0.000 0.000 0.000 0.000 0.000 0.000 0.000 0.000 0.000 0.000 0.001 0.001 0.001 0.002 0.004 0.006 0.007 0.007 0.007 0.007 0.005 0.022 0.137 0.156 0.056 0.027 0.026 0.027 0.022 0.013 0.007 0.005 0.006 0.007 0.008 0.007 0.005 0.005 0.007 0.011 0.014 0.016 0.024 0.049 0.063 0.057 0.039 0.028 0.032 0.093 0.282 0.391 0.383 0.273 0.137 0.071 0.037 0.019 0.012 0.008
0.000 0.000 0.000 0.000 0.000 0.000 0.000 0.000 0.000 0.000 0.000 0.000 0.000 0.000 0.000 0.000 0.000 0.000 0.000 0.000 0.000 0.000 0.000 0.000 0.000 0.000 0.000 0.001 0.001 0.001 0.001 0.003 0.005 0.006 0.006 0.006 0.006 0.005 0.004 0.060 0.159 0.103 0.036 0.029 0.027 0.019 0.009 0.006 0.006 0.007 0.010 0.010 0.008 0.006 0.006 0.008 0.012 0.015 0.017 0.023 0.041 0.055 0.052 0.035 0.030 0.044 0.124 0.307 0.377 0.340 0.213 0.103 0.055 0.032 0.021 0.015 0.010
0.000 0.000 0.000 0.000 0.000 0.000 0.000 0.000 0.000 0.000 0.000 0.000 0.000 0.000 0.000 0.000 0.000 0.000 0.000 0.000 0.000 0.000 0.000 0.000 0.000 0.000 0.001 0.001 0.001 0.001 0.001 0.002 0.004 0.006 0.006 0.005 0.005 0.007 0.008 0.015 0.102 0.159 0.098 0.039 0.025 0.016 0.009 0.006 0.006 0.008 0.011 0.012 0.009 0.007 0.007 0.009 0.013 0.015 0.017 0.023 0.037 0.049 0.045 0.034 0.036 0.067 0.154 0.310 0.366 0.327 0.208 0.109 0.061 0.040 0.029 0.020 0.013
0.000 0.000 0.000 0.000 0.000 0.000 0.000 0.000 0.000 0.000 0.000 0.000 0.000 0.000 0.000 0.000 0.000 0.000 0.000 0.000 0.000 0.000 0.000 0.000 0.000 0.001 0.001 0.001 0.001 0.001 0.001 0.002 0.003 0.006 0.006 0.005 0.006 0.008 0.012 0.020 0.050 0.135 0.143 0.067 0.025 0.015 0.010 0.008 0.008 0.010 0.012 0.011 0.008 0.007 0.007 0.009 0.012 0.015 0.017 0.022 0.033 0.043 0.041 0.038 0.057 0.103 0.172 0.304 0.358 0.325 0.234 0.160 0.105 0.068 0.045 0.027 0.015
0.000 0.000 0.000 0.000 0.000 0.000 0.000 0.000 0.000 0.000 0.000 0.000 0.000 0.000 0.000 0.000 0.000 0.000 0.000 0.000 0.000 0.000 0.000 0.000 0.000 0.001 0.001 0.001 0.001 0.001 0.001 0.002 0.003 0.005 0.006 0.006 0.006 0.008 0.013 0.025 0.049 0.085 0.110 0.087 0.031 0.015 0.012 0.010 0.010 0.011 0.012 0.010 0.008 0.007 0.007 0.009 0.011 0.014 0.018 0.022 0.031 0.039 0.041 0.052 0.085 0.128 0.184 0.297 0.347 0.323 0.257 0.198 0.138 0.088 0.054 0.032 0.017
0.000 0.000 0.000 0.000 0.000 0.000 0.000 0.000 0.000 0.000 0.000 0.000 0.000 0.000 0.000 0.000 0.000 0.000 0.000 0.000 0.000 0.000 0.000 0.000 0.000 0.001 0.001 0.001 0.001 0.001 0.002 0.002 0.003 0.004 0.005 0.006 0.006 0.008 0.012 0.024 0.054 0.078 0.082 0.073 0.034 0.017 0.013 0.011 0.011 0.011 0.010 0.008 0.006 0.006 0.007 0.008 0.010 0.014 0.018 0.023 0.030 0.038 0.047 0.069 0.104 0.151 0.207 0.278 0.326 0.318 0.269 0.208 0.148 0.097 0.058 0.033 0.018
0.000 0.000 0.000 0.000 0.000 0.000 0.000 0.000 0.000 0.000 0.000 0.000 0.000 0.000 0.000 0.000 0.000 0.000 0.000 0.000 0.000 0.000 0.000 0.000 0.001 0.001 0.001 0.001 0.001 0.001 0.002 0.002 0.003 0.003 0.004 0.005 0.006 0.007 0.010 0.019 0.049 0.075 0.075 0.067 0.039 0.019 0.013 0.012 0.011 0.010 0.007 0.006 0.006 0.006 0.007 0.008 0.010 0.014 0.019 0.025 0.033 0.042 0.055 0.081 0.123 0.186 0.225 0.244 0.279 0.293 0.267 0.210 0.154 0.103 0.061 0.034 0.018
0.000 0.000 0.000 0.000 0.000 0.000 0.000 0.000 0.000 0.000 0.000 0.000 0.000 0.000 0.000 0.000 0.000 0.000 0.000 0.000 0.000 0.000 0.000 0.001 0.001 0.001 0.001 0.001 0.001 0.001 0.002 0.002 0.002 0.003 0.003 0.004 0.005 0.006 0.008 0.014 0.038 0.063 0.066 0.067 0.048 0.021 0.012 0.011 0.010 0.009 0.005 0.005 0.006 0.006 0.007 0.008 0.011 0.015 0.022 0.029 0.038 0.050 0.067 0.096 0.160 0.216 0.225 0.218 0.201 0.196 0.195 0.179 0.149 0.106 0.063 0.034 0.017
0.000 0.000 0.000 0.000 0.000 0.000 0.000 0.000 0.000 0.000 0.000 0.000 0.000 0.000 0.000 0.000 0.000 0.000 0.000 0.000 0.000 0.000 0.000 0.001 0.001 0.001 0.001 0.001 0.001 0.001 0.002 0.002 0.002 0.002 0.003 0.003 0.004 0.005 0.006 0.009 0.022 0.046 0.059 0.064 0.051 0.021 0.011 0.009 0.009 0.008 0.005 0.005 0.006 0.007 0.007 0.009 0.013 0.019 0.027 0.035 0.045 0.060 0.084 0.126 0.201 0.223 0.210 0.184 0.116 0.069 0.063 0.082 0.107 0.097 0.063 0.032 0.015
0.000 0.000 0.000 0.000 0.000 0.000 0.000 0.000 0.000 0.000 0.000 0.000 0.000 0.000 0.000 0.000 0.000 0.000 0.000 0.000 0.001 0.001 0.001 0.001 0.001 0.001 0.001 0.001 0.001 0.002 0.002 0.002 0.002 0.002 0.002 0.003 0.003 0.004 0.004 0.005 0.009 0.029 0.065 0.071 0.050 0.019 0.010 0.008 0.008 0.007 0.006 0.006 0.007 0.007 0.008 0.011 0.016 0.024 0.033 0.043 0.057 0.079 0.112 0.164 0.218 0.218 0.181 0.119 0.053 0.024 0.018 0.021 0.037 0.047 0.041 0.021 0.009
0.000 0.000 0.000 0.000 0.000 0.000 0.000 0.000 0.000 0.000 0.000 0.000 0.000 0.000 0.000 0.000 0.000 0.000 0.000 0.000 0.000 0.001 0.001 0.001 0.001 0.001 0.001 0.001 0.001 0.001 0.002 0.002 0.002 0.002 0.002 0.003 0.002 0.002 0.003 0.004 0.005 0.016 0.068 0.080 0.045 0.017 0.010 0.008 0.008 0.007 0.006 0.006 0.007 0.007 0.009 0.013 0.020 0.029 0.039 0.054 0.078 0.107 0.140 0.193 0.214 0.189 0.121 0.061 0.030 0.017 0.013 0.012 0.013 0.015 0.013 0.008 0.003
0.000 0.000 0.000 0.000 0.000 0.000 0.000 0.000 0.000 0.000 0.000 0.000 0.000 0.000 0.000 0.000 0.000 0.000 0.000 0.000 0.001 0.001 0.001 0.001 0.001 0.001 0.001 0.001 0.001 0.001 0.002 0.002 0.002 0.002 0.002 0.002 0.002 0.002 0.002 0.003 0.005 0.014 0.061 0.080 0.043 0.016 0.009 0.008 0.007 0.007 0.006 0.006 0.007 0.008 0.011 0.016 0.023 0.033 0.047 0.071 0.102 0.131 0.165 0.199 0.189 0.122 0.061 0.038 0.025 0.017 0.013 0.011 0.009 0.008 0.006 0.003 0.001
0.000 0.000 0.000 0.000 0.000 0.000 0.000 0.000 0.000 0.000 0.000 0.000 0.000 0.000 0.000 0.000 0.000 0.000 0.000 0.001 0.001 0.001 0.001 0.001 0.001 0.001 0.001 0.001 0.001 0.001 0.002 0.002 0.002 0.002 0.002 0.002 0.002 0.002 0.002 0.004 0.007 0.019 0.056 0.072 0.043 0.014 0.008 0.006 0.006 0.006 0.006 0.006 0.006 0.008 0.012 0.017 0.026 0.039 0.061 0.097 0.126 0.147 0.177 0.170 0.109 0.054 0.036 0.029 0.023 0.017 0.013 0.010 0.007 0.005 0.003 0.002 0.001
0.000 0.000 0.000 0.000 0.000 0.000 0.000 0.000 0.000 0.000 0.000 0.000 0.000 0.000 0.000 0.000 0.000 0.000 0.000 0.001 0.001 0.001 0.001 0.001 0.001 0.001 0.001 0.001 0.001 0.001 0.001 0.002 0.002 0.002 0.002 0.002 0.001 0.002 0.002 0.004 0.008 0.023 0.055 0.062 0.036 0.013 0.007 0.006 0.005 0.005 0.005 0.005 0.006 0.009 0.013 0.020 0.031 0.051 0.088 0.126 0.140 0.151 0.161 0.117 0.049 0.030 0.027 0.024 0.020 0.015 0.011 0.008 0.005 0.003 0.002 0.001 0.000
0.000 0.000 0.000 0.000 0.000 0.000 0.000 0.000 0.000 0.000 0.000 0.000 0.000 0.000 0.000 0.000 0.000 0.000 0.000 0.000 0.001 0.001 0.001 0.001 0.001 0.001 0.001 0.001 0.001 0.001 0.001 0.002 0.002 0.002 0.002 0.001 0.001 0.002 0.002 0.003 0.007 0.023 0.053 0.056 0.030 0.012 0.007 0.005 0.005 0.004 0.004 0.005 0.006 0.009 0.015 0.025 0.042 0.078 0.123 0.144 0.139 0.137 0.122 0.066 0.030 0.023 0.024 0.023 0.018 0.012 0.008 0.005 0.003 0.002 0.001 0.000 0.000
