AvaFrame/avaframe/data/avaKot/Avaflow_Input_Output_old/gar_results/gar_ascii/gar_elev.asc
ncols 88
nrows 125
xllcenter 176963.44
yllcenter 376270.31
cellsize 20.00
NODATA_value -9999.000
[rows 28 to 55 of 125, columns 0 to 61 of 88]
-9999.000 -9999.000 -9999.000 -9999.000 -9999.000 -9999.000 -9999.000 -9999.000 -9999.000 -9999.000 -9999.000 -9999.000 -9999.000 -9999.000 -9999.000 -9999.000 -9999.000 1063.404 1063.044 1063.016 1063.093 1062.837 1062.490 1062.432 1062.415 1062.339 1062.332 1062.160 1062.014 1061.792 1061.530 1061.203 1061.132 1060.873 1060.776 1060.728 1060.647 1060.443 1060.221 1060.178 1060.160 1060.279 1060.189 1059.986 1059.994 1059.750 1059.573 1059.285 1059.298 1059.266 1059.111 1058.954 1059.027 1058.539 1058.584 1058.746 1058.314 1058.571 1059.028 1059.470 1061.791 1062.496
-9999.000 -9999.000 -9999.000 -9999.000 -9999.000 -9999.000 -9999.000 -9999.000 -9999.000 -9999.000 -9999.000 -9999.000 -9999.000 -9999.000 -9999.000 -9999.000 1063.406 1063.286 1063.021 1062.896 1062.943 1062.864 1062.496 1062.410 1062.346 1062.116 1061.899 1062.100 1062.061 1061.849 1061.624 1061.579 1061.538 1061.300 1061.219 1060.987 1060.886 1060.880 1060.881 1060.721 1060.417 1060.308 1060.145 1060.069 1059.925 1059.782 1059.696 1059.730 1059.645 1059.442 1059.245 1059.079 1058.607 1058.793 1058.649 1058.756 1058.681 1058.806 1059.319 1061.508 1061.323 1062.388
-9999.000 -9999.000 -9999.000 -9999.000 -9999.000 -9999.000 -9999.000 -9999.000 -9999.000 -9999.000 -9999.000 -9999.000 -9999.000 -9999.000 -9999.000 1063.484 1063.387 1063.250 1063.114 1062.766 1062.764 1062.900 1062.722 1062.562 1062.423 1062.246 1062.243 1061.932 1061.819 1061.759 1061.811 1061.701 1061.613 1061.362 1061.287 1061.170 1061.127 1060.791 1060.493 1060.559 1060.484 1060.469 1060.293 1060.270 1060.070 1060.021 1059.867 1059.778 1059.537 1059.417 1059.213 1058.934 1058.697 1059.005 1058.896 1059.058 1059.138 1059.135 1060.921 1061.879 1061.885 1062.476
-9999.000 -9999.000 -9999.000 -9999.000 -9999.000 -9999.000 -9999.000 -9999.000 -9999.000 -9999.000 -9999.000 -9999.000 -9999.000 -9999.000 1063.502 1063.148 1063.419 1063.135 1063.227 1062.780 1062.586 1062.616 1062.616 1062.509 1062.256 1062.165 1061.999 1062.156 1061.929 1061.692 1061.777 1061.681 1061.486 1061.279 1061.259 1061.135 1061.032 1060.850 1060.813 1060.494 1060.326 1060.053 1060.063 1059.900 1059.730 1059.921 1059.912 1059.733 1059.606 1059.336 1059.129 1058.915 1059.155 1058.783 1059.512 1059.400 1059.680 1061.576 1062.030 1061.805 1061.875 1064.894
-9999.000 -9999.000 -9999.000 -9999.000 -9999.000 -9999.000 -9999.000 -9999.000 -9999.000 -9999.000 -9999.000 -9999.000 -9999.000 1063.266 1063.120 1063.191 1062.945 1062.872 1063.031 1063.090 1062.882 1062.375 1062.233 1062.177 1062.056 1061.854 1061.695 1061.618 1061.456 1061.501 1061.545 1061.550 1061.433 1061.376 1061.204 1061.072 1061.035 1060.745 1060.487 1060.411 1060.570 1060.409 1060.241 1060.107 1059.978 1059.789 1059.362 1059.506 1059.525 1059.196 1059.228 1059.038 1059.119 1059.908 1059.863 1061.149 1062.250 1062.213 1062.332 1062.189 1062.853 1065.533
-9999.000 -9999.000 -9999.000 -9999.000 -9999.000 -9999.000 -9999.000 -9999.000 -9999.000 -9999.000 -9999.000 -9999.000 -9999.000 1063.055 1062.918 1062.674 1062.803 1063.025 1062.903 1062.849 1062.756 1062.694 1062.422 1062.335 1062.274 1062.216 1062.142 1062.015 1061.944 1061.838 1061.638 1061.334 1061.331 1061.286 1061.185 1061.026 1060.857 1060.791 1060.682 1060.431 1060.495 1060.436 1060.326 1060.036 1059.850 1059.748 1059.577 1059.396 1059.134 1059.170 1059.224 1059.822 1059.793 1060.224 1062.532 1062.574 1062.591 1062.605 1062.770 1063.603 1065.314 1065.767
-9999.000 -9999.000 -9999.000 -9999.000 -9999.000 -9999.000 -9999.000 -9999.000 -9999.000 -9999.000 -9999.000 -9999.000 1063.989 1064.064 1063.985 1063.697 1062.610 1062.769 1062.793 1062.729 1062.675 1062.787 1062.494 1062.270 1062.189 1062.238 1062.222 1062.016 1061.906 1061.655 1061.532 1061.297 1061.303 1061.075 1061.083 1060.872 1060.756 1060.788 1060.662 1060.207 1060.292 1060.179 1060.031 1059.814 1059.627 1059.536 1059.806 1060.000 1059.840 1059.901 1059.969 1060.573 1061.782 1062.830 1062.392 1062.746 1062.995 1063.266 1063.351 1063.981 1065.505 1065.914
-9999.000 -9999.000 -9999.000 -9999.000 -9999.000 -9999.000 -9999.000 -9999.000 -9999.000 -9999.000 -9999.000 1063.968 1063.760 1064.074 1063.803 1063.562 1063.485 1062.353 1062.397 1062.777 1062.636 1062.321 1062.573 1062.604 1062.473 1061.986 1061.798 1061.977 1061.846 1061.756 1061.620 1061.412 1061.448 1061.550 1061.234 1061.009 1060.826 1060.728 1060.736 1060.618 1060.224 1060.039 1059.886 1059.802 1059.868 1060.393 1059.882 1060.354 1061.841 1062.007 1063.141 1062.979 1062.526 1062.404 1062.574 1062.923 1063.266 1063.590 1063.721 1064.013 1065.427 1065.679
-9999.000 -9999.000 -9999.000 -9999.000 -9999.000 -9999.000 -9999.000 -9999.000 -9999.000 -9999.000 1064.017 1064.035 1063.827 1063.456 1063.346 1063.126 1063.047 1063.022 1062.350 1062.245 1062.370 1062.470 1062.474 1061.985 1062.184 1061.889 1061.601 1061.565 1061.586 1061.560 1061.449 1061.397 1061.450 1061.335 1061.088 1060.979 1060.813 1060.726 1060.605 1060.195 1060.361 1060.317 1060.615 1060.421 1060.318 1059.868 1060.737 1061.004 1063.406 1062.734 1062.565 1062.484 1062.555 1062.494 1062.572 1063.068 1063.639 1064.032 1064.333 1064.744 1065.349 1065.622
-9999.000 -9999.000 -9999.000 -9999.000 -9999.000 -9999.000 -9999.000 -9999.000 -9999.000 1064.008 1064.047 1064.193 1064.164 1063.882 1063.217 1063.094 1063.101 1062.861 1062.690 1062.561 1062.189 1062.051 1062.042 1062.173 1062.154 1062.161 1061.972 1061.968 1062.031 1061.699 1061.438 1061.402 1061.310 1061.122 1060.785 1061.044 1061.033 1061.003 1060.990 1060.932 1060.734 1060.873 1060.647 1060.385 1060.035 1060.661 1061.335 1063.635 1062.534 1062.326 1062.414 1062.167 1062.464 1062.630 1062.716 1063.340 1064.278 1064.526 1064.720 1065.216 1065.513 1066.010
-9999.000 -9999.000 -9999.000 -9999.000 -9999.000 -9999.000 -9999.000 -9999.000 1064.226 1064.066 1064.199 1064.169 1063.868 1063.734 1063.519 1063.384 1063.385 1063.182 1062.880 1062.799 1062.593 1062.624 1062.198 1062.430 1062.173 1062.085 1062.020 1062.014 1061.913 1061.663 1061.834 1061.630 1061.468 1061.169 1061.315 1061.503 1061.414 1061.313 1061.220 1061.128 1060.834 1060.437 1060.350 1060.397 1060.897 1061.086 1063.591 1062.975 1062.644 1062.675 1062.649 1062.879 1062.980 1062.796 1062.884 1063.356 1063.989 1064.448 1065.046 1065.532 1065.995 1066.627
-9999.000 -9999.000 -9999.000 -9999.000 -9999.000 -9999.000 -9999.000 -9999.000 1064.340 1064.257 1064.233 1064.005 1063.673 1063.892 1063.922 1063.571 1063.368 1063.164 1062.695 1062.890 1064.137 1064.031 1063.926 1063.484 1063.127 1062.733 1062.405 1062.314 1062.306 1062.036 1061.749 1061.574 1061.314 1061.564 1061.522 1061.304 1061.188 1060.989 1060.774 1060.579 1060.806 1060.871 1060.695 1061.042 1061.246 1062.235 1063.318 1063.027 1062.634 1062.838 1062.920 1063.209 1063.394 1063.184 1063.503 1063.816 1064.020 1064.602 1065.256 1065.809 1066.935 1067.606
-9999.000 -9999.000 -9999.000 -9999.000 -9999.000 -9999.000 -9999.000 -9999.000 1064.375 1064.246 1063.947 1063.867 1064.154 1064.139 1063.805 1063.620 1063.698 1063.471 1063.698 1063.599 1063.532 1063.394 1063.431 1063.342 1063.329 1063.049 1062.727 1062.655 1062.648 1062.592 1062.381 1061.838 1061.682 1061.640 1061.538 1061.274 1061.074 1060.989 1061.169 1061.253 1060.934 1061.189 1061.493 1061.304 1061.631 1063.756 1063.411 1063.184 1062.777 1062.767 1062.907 1063.439 1063.524 1063.411 1063.455 1063.790 1064.378 1064.610 1066.087 1066.543 1068.016 1069.878
-9999.000 -9999.000 -9999.000 -9999.000 -9999.000 -9999.000 -9999.000 -9999.000 1064.272 1064.285 1064.380 1064.206 1064.081 1064.016 1063.849 1064.067 1063.581 1063.544 1063.777 1063.488 1063.228 1063.159 1063.109 1062.915 1062.902 1063.109 1063.078 1062.718 1062.589 1062.462 1062.597 1062.453 1062.163 1061.773 1061.397 1061.743 1061.406 1061.583 1061.387 1061.178 1061.687 1061.691 1061.661 1061.453 1063.582 1063.693 1063.601 1063.340 1063.213 1063.210 1063.403 1063.378 1063.131 1063.155 1063.252 1063.908 1064.605 1065.604 1067.041 1068.809 1070.733 1072.179
-9999.000 -9999.000 -9999.000 -9999.000 -9999.000 -9999.000 -9999.000 1065.008 1064.904 1064.874 1064.818 1064.593 1064.611 1064.472 1063.973 1063.637 1063.555 1063.403 1063.183 1063.222 1063.053 1062.963 1062.732 1062.848 1062.807 1062.677 1062.597 1062.709 1062.534 1062.485 1062.394 1062.325 1062.116 1062.091 1062.017 1061.962 1061.830 1061.610 1061.484 1061.607 1061.899 1061.557 1061.740 1063.751 1063.524 1063.621 1063.626 1063.315 1063.238 1063.021 1063.005 1063.065 1063.448 1063.438 1063.719 1064.678 1065.450 1067.083 1069.022 1071.760 1073.608 1075.676
-9999.000 -9999.000 -9999.000 -9999.000 -9999.000 -9999.000 -9999.000 1065.568 1065.383 1065.484 1065.189 1064.891 1064.579 1064.363 1063.828 1063.750 1063.556 1063.449 1063.553 1063.427 1063.556 1063.577 1063.286 1063.191 1063.095 1063.042 1062.805 1062.648 1062.597 1062.487 1062.403 1062.266 1061.887 1061.946 1061.717 1062.056 1061.704 1061.774 1061.694 1061.920 1062.111 1063.522 1064.287 1063.608 1063.472 1063.297 1063.263 1063.225 1062.884 1062.789 1063.975 1065.319 1067.692 1070.281 1070.242 1067.115 1066.807 1069.604 1071.451 1074.489 1077.982 1080.297
-9999.000 -9999.000 -9999.000 -9999.000 -9999.000 -9999.000 -9999.000 1065.640 1065.821 1065.607 1065.394 1065.279 1064.688 1064.540 1064.041 1063.885 1063.915 1063.944 1064.173 1064.045 1063.972 1064.438 1063.549 1063.223 1063.010 1062.887 1062.880 1062.707 1062.398 1062.740 1062.991 1062.887 1062.998 1062.826 1062.857 1062.549 1063.716 1065.546 1065.603 1065.433 1065.086 1063.966 1063.366 1063.421 1063.081 1062.818 1062.946 1066.882 1066.187 1069.324 1072.491 1079.684 1083.517 1084.283 1080.784 1078.530 1078.425 1080.014 1089.099 1087.502 1090.342 1087.754
-9999.000 -9999.000 -9999.000 -9999.000 -9999.000 -9999.000 -9999.000 1066.095 1065.951 1065.741 1065.582 1065.244 1065.091 1064.920 1064.823 1064.596 1064.539 1064.584 1064.153 1064.613 1065.242 1065.262 1064.775 1064.778 1064.093 1064.182 1064.080 1064.262 1064.467 1064.268 1063.934 1063.594 1063.836 1063.964 1064.259 1065.288 1065.576 1065.628 1071.582 1071.001 1069.402 1067.631 1064.096 1063.255 1066.714 1067.745 1069.097 1075.072 1079.120 1081.019 1084.633 1093.115 1095.703 1094.876 1092.223 1092.324 1094.476 1095.033 1101.908 1104.584 1103.067 1100.960
-9999.000 -9999.000 -9999.000 -9999.000 -9999.000 -9999.000 1066.338 1066.135 1066.031 1065.855 1065.746 1065.341 1065.436 1065.432 1065.191 1064.954 1064.842 1064.642 1065.132 1065.489 1065.112 1065.115 1065.106 1065.080 1064.854 1064.691 1064.262 1064.407 1064.447 1064.375 1063.921 1063.586 1063.715 1064.850 1065.202 1069.244 1073.791 1076.287 1078.126 1077.829 1076.179 1072.652 1073.021 1073.945 1076.714 1079.399 1080.160 1083.632 1088.852 1092.069 1095.013 1104.579 1106.591 1106.187 1103.354 1105.444 1109.921 1112.695 1114.501 1115.175 1113.352 1110.351
-9999.000 -9999.000 -9999.000 -9999.000 -9999.000 -9999.000 1066.406 1066.259 1066.107 1066.031 1065.935 1065.692 1065.952 1065.926 1065.511 1065.247 1064.991 1065.282 1065.725 1065.659 1065.562 1065.442 1065.259 1064.861 1063.861 1064.811 1064.719 1064.468 1064.435 1064.541 1064.478 1064.242 1065.222 1065.999 1069.588 1074.638 1079.848 1083.335 1085.103 1085.533 1083.253 1082.041 1083.375 1084.194 1087.143 1089.909 1091.946 1096.178 1099.794 1104.446 1110.645 1115.082 1117.960 1117.723 1117.432 1119.921 1123.197 1124.387 1125.196 1123.609 1121.741 1113.146
-9999.000 -9999.000 -9999.000 -9999.000 -9999.000 -9999.000 1066.503 1066.472 1066.312 1066.207 1066.052 1066.127 1066.236 1066.558 1065.910 1065.512 1065.714 1066.005 1065.723 1065.915 1066.000 1065.701 1065.316 1064.948 1065.016 1065.000 1064.746 1064.808 1064.800 1064.646 1064.117 1068.828 1072.614 1071.681 1076.070 1082.001 1087.636 1091.535 1092.611 1094.617 1091.690 1092.296 1094.866 1096.779 1098.326 1100.375 1104.642 1108.866 1113.261 1111.444 1122.143 1124.892 1128.785 1129.998 1131.129 1134.202 1135.594 1132.500 1131.587 1132.641 1126.151 1122.293
-9999.000 -9999.000 -9999.000 -9999.000 -9999.000 -9999.000 1066.568 1066.497 1066.509 1066.446 1066.266 1066.347 1066.638 1067.358 1066.397 1066.590 1066.328 1066.842 1066.241 1066.128 1066.164 1065.814 1065.938 1065.751 1065.151 1065.077 1064.924 1064.683 1065.452 1067.037 1071.464 1077.669 1083.273 1081.649 1083.497 1088.114 1094.154 1099.880 1100.160 1103.618 1102.154 1105.031 1106.742 1108.539 1113.007 1113.424 1116.749 1122.344 1126.187 1131.479 1135.100 1137.265 1139.627 1141.832 1144.589 1146.686 1144.924 1144.487 1138.857 1138.221 1134.447 1132.771
-9999.000 -9999.000 -9999.000 -9999.000 -9999.000 1067.935 1066.994 1067.473 1067.328 1067.601 1067.606 1067.581 1067.670 1068.640 1067.473 1067.128 1066.810 1066.448 1066.375 1066.300 1066.228 1066.029 1066.068 1065.868 1065.784 1065.575 1067.062 1073.157 1077.959 1078.207 1083.193 1090.949 1094.142 1094.905 1097.242 1100.904 1102.749 1106.979 1111.829 1113.740 1114.794 1119.123 1122.933 1124.921 1129.212 1130.876 1132.221 1137.219 1140.089 1144.757 1144.972 1149.061 1151.289 1154.003 1155.476 1158.126 1153.224 1151.296 1148.058 1145.081 1141.039 1144.652
-9999.000 -9999.000 -9999.000 -9999.000 -9999.000 1068.486 1069.080 1069.523 1069.797 1069.730 1069.759 1070.838 1069.723 1070.289 1069.622 1068.014 1067.177 1066.798 1066.574 1066.839 1066.543 1066.705 1066.628 1067.435 1070.172 1074.361 1079.755 1087.561 1093.529 1094.162 1095.834 1103.075 1106.618 1109.277 1111.812 1115.372 1117.331 1115.630 1120.789 1121.382 1126.973 1133.005 1135.867 1139.647 1144.216 1143.939 1146.480 1150.964 1153.604 1158.102 1156.523 1161.915 1162.483 1165.359 1165.598 1163.641 1162.833 1156.609 1159.633 1152.687 1148.382 1154.748
-9999.000 -9999.000 -9999.000 -9999.000 -9999.000 1070.934 1071.484 1071.440 1071.508 1071.744 1072.201 1073.317 1073.589 1070.775 1071.663 1069.807 1068.982 1068.196 1067.530 1067.332 1067.087 1072.131 1072.747 1076.196 1085.043 1090.953 1096.238 1102.339 1109.370 1110.263 1113.469 1118.255 1120.103 1124.408 1127.527 1131.227 1134.264 1132.524 1131.397 1130.174 1141.528 1149.708 1155.568 1155.678 1164.757 1158.914 1162.703 1166.446 1170.879 1172.712 1174.156 1175.408 1177.725 1176.285 1177.774 1170.875 1170.551 1165.767 1166.998 1160.031 1156.378 1159.089
-9999.000 -9999.000 -9999.000 -9999.000 -9999.000 1073.215 1074.030 1074.177 1073.653 1073.747 1074.429 1074.863 1074.867 1072.253 1073.591 1072.293 1071.630 1071.686 1070.037 1067.324 1070.170 1079.053 1085.883 1091.018 1100.055 1107.884 1116.999 1147.197 1125.717 1130.564 1131.597 1133.477 1133.536 1138.742 1145.580 1149.243 1152.789 1163.918 1169.812 1143.368 1151.175 1177.707 1185.854 1180.278 1178.414 1177.222 1179.996 1183.900 1191.145 1189.510 1190.786 1188.352 1189.462 1189.491 1188.094 1180.531 1178.226 1176.779 1174.789 1170.154 1167.517 1166.536
-9999.000 -9999.000 -9999.000 -9999.000 -9999.000 1076.312 1076.789 1077.736 1076.885 1077.907 1077.661 1077.805 1077.456 1072.216 1076.685 1076.241 1076.558 1076.689 1073.799 1074.000 1081.425 1088.913 1093.454 1107.766 1119.128 1128.979 1144.926 1167.377 1143.619 1154.443 1158.184 1156.537 1153.701 1161.284 1162.528 1178.487 1173.542 1188.142 1187.168 1174.631 1156.135 1198.338 1198.974 1194.619 1194.688 1196.296 1204.871 1208.681 1209.783 1207.565 1200.676 1200.577 1200.589 1202.555 1198.176 1191.498 1187.826 1188.305 1184.101 1181.783 1179.622 1177.050
-9999.000 -9999.000 -9999.000 -9999.000 1078.786 1079.812 1080.496 1081.510 1080.819 1080.934 1080.731 1080.437 1079.733 1076.053 1081.809 1082.601 1082.681 1082.043 1082.410 1085.779 1092.610 1100.465 1110.360 1123.309 1139.135 1153.593 1165.586 1173.917 1182.063 1186.791 1181.171 1186.599 1187.893 1174.406 1197.472 1204.161 1204.480 1204.284 1204.704 1201.649 1188.369 1185.884 1207.892 1209.093 1211.811 1211.212 1220.170 1222.971 1223.133 1220.189 1210.952 1213.015 1211.104 1214.569 1207.259 1203.536 1199.226 1198.742 1195.551 1192.923 1190.371 1187.359
