AvaFrame/avaframe/data/avaKot/Avaflow_Input_Output_old/gar_results/gar_ascii/gar_hflow0016.asc
ncols 88
nrows 125
xllcenter 176963.44
yllcenter 376270.31
cellsize 20.00
NODATA_value -9999.000
[rows 68 to 101 of 125, columns 0 to 76 of 88]
0.000 0.000 0.000 0.000 0.000 0.000 0.000 0.000 0.000 0.000 0.000 0.000 0.000 0.000 0.000 0.000 0.000 0.000 0.000 0.000 0.000 0.001 0.001 0.001 0.001 0.001 0.001 0.001 0.001 0.001 0.001 0.001 0.001 0.002 0.002 0.002 0.002 0.002 0.003 0.005 0.010 0.031 0.069 0.074 0.042 0.018 0.011 0.008 0.007 0.006 0.007 0.009 0.013 0.020 0.030 0.050 0.100 0.183 0.223 0.212 0.179 0.147 0.119 0.072 0.040 0.032 0.033 0.030 0.018 0.009 0.005 0.003 0.001 0.000 0.000 0.000 0.000
0.000 0.000 0.000 0.000 0.000 0.000 0.000 0.000 0.000 0.000 0.000 0.000 0.000 0.000 0.000 0.000 0.000 0.000 0.000 0.000 0.000 0.001 0.001 0.001 0.001 0.001 0.001 0.001 0.001 0.001 0.001 0.001 0.001 0.001 0.002 0.002 0.002 0.002 0.003 0.005 0.009 0.023 0.059 0.066 0.037 0.016 0.010 0.007 0.006 0.007 0.008 0.011 0.017 0.023 0.034 0.070 0.173 0.246 0.232 0.173 0.117 0.080 0.063 0.047 0.035 0.033 0.035 0.030 0.017 0.008 0.004 0.002 0.001 0.000 0.000 0.000 0.000
0.000 0.000 0.000 0.000 0.000 0.000 0.000 0.000 0.000 0.000 0.000 0.000 0.000 0.000 0.000 0.000 0.000 0.000 0.000 0.000 0.000 0.001 0.001 0.001 0.001 0.001 0.001 0.001 0.002 0.002 0.001 0.001 0.001 0.001 0.002 0.002 0.002 0.002 0.003 0.005 0.009 0.020 0.049 0.059 0.035 0.015 0.010 0.007 0.006 0.007 0.010 0.014 0.019 0.026 0.045 0.152 0.287 0.276 0.175 0.102 0.065 0.048 0.040 0.033 0.031 0.035 0.038 0.030 0.015 0.006 0.003 0.001 0.000 0.000 0.000 0.000 0.000
0.000 0.000 0.000 0.000 0.000 0.000 0.000 0.000 0.000 0.000 0.000 0.000 0.000 0.000 0.000 0.000 0.000 0.000 0.000 0.000 0.000 0.000 0.001 0.001 0.001 0.001 0.001 0.002 0.002 0.002 0.002 0.002 0.001 0.001 0.001 0.001 0.002 0.002 0.004 0.006 0.009 0.017 0.043 0.054 0.033 0.014 0.009 0.007 0.006 0.008 0.011 0.015 0.021 0.038 0.142 0.315 0.352 0.211 0.091 0.056 0.041 0.036 0.031 0.026 0.025 0.030 0.033 0.025 0.011 0.004 0.002 0.001 0.000 0.000 0.000 0.000 0.000
0.000 0.000 0.000 0.000 0.000 0.000 0.000 0.000 0.000 0.000 0.000 0.000 0.000 0.000 0.000 0.000 0.000 0.000 0.000 0.000 0.000 0.001 0.001 0.001 0.002 0.002 0.002 0.002 0.002 0.003 0.003 0.003 0.002 0.001 0.001 0.001 0.002 0.002 0.004 0.007 0.010 0.016 0.038 0.050 0.030 0.013 0.008 0.006 0.007 0.009 0.012 0.019 0.046 0.143 0.289 0.372 0.286 0.114 0.050 0.035 0.030 0.028 0.025 0.021 0.018 0.018 0.018 0.014 0.006 0.002 0.001 0.000 0.000 0.000 0.000 0.000 0.000
0.000 0.000 0.000 0.000 0.000 0.000 0.000 0.000 0.000 0.000 0.000 0.000 0.000 0.000 0.000 0.000 0.000 0.000 0.000 0.000 0.000 0.001 0.001 0.001 0.002 0.003 0.003 0.003 0.003 0.003 0.004 0.003 0.002 0.002 0.001 0.001 0.002 0.003 0.004 0.007 0.010 0.014 0.033 0.044 0.025 0.011 0.008 0.007 0.008 0.011 0.018 0.067 0.181 0.262 0.289 0.263 0.153 0.059 0.030 0.023 0.021 0.022 0.020 0.017 0.014 0.011 0.008 0.006 0.003 0.001 0.000 0.000 0.000 0.000 0.000 0.000 0.000
0.000 0.000 0.000 0.000 0.000 0.000 0.000 0.000 0.000 0.000 0.000 0.000 0.000 0.000 0.000 0.000 0.000 0.000 0.000 0.000 0.000 0.001 0.001 0.001 0.002 0.003 0.003 0.003 0.003 0.003 0.003 0.004 0.003 0.002 0.002 0.002 0.002 0.003 0.004 0.007 0.010 0.014 0.030 0.036 0.019 0.010 0.008 0.009 0.011 0.019 0.096 0.204 0.261 0.219 0.157 0.124 0.089 0.054 0.028 0.017 0.017 0.018 0.018 0.015 0.010 0.006 0.004 0.002 0.001 0.000 0.000 0.000 0.000 0.000 0.000 0.000 0.000
0.000 0.000 0.000 0.000 0.000 0.000 0.000 0.000 0.000 0.000 0.000 0.000 0.000 0.000 0.000 0.000 0.000 0.000 0.000 0.000 0.000 0.001 0.001 0.001 0.002 0.003 0.004 0.004 0.003 0.003 0.003 0.004 0.004 0.003 0.002 0.002 0.002 0.002 0.004 0.006 0.009 0.014 0.026 0.028 0.017 0.010 0.010 0.013 0.028 0.133 0.245 0.243 0.175 0.098 0.064 0.062 0.066 0.055 0.033 0.018 0.015 0.017 0.017 0.012 0.007 0.004 0.002 0.001 0.000 0.000 0.000 0.000 0.000 0.000 0.000 0.000 0.000
0.000 0.000 0.000 0.000 0.000 0.000 0.000 0.000 0.000 0.000 0.000 0.000 0.000 0.000 0.000 0.000 0.000 0.000 0.000 0.000 0.001 0.001 0.001 0.001 0.002 0.003 0.004 0.005 0.004 0.003 0.003 0.004 0.004 0.004 0.003 0.002 0.002 0.002 0.003 0.005 0.008 0.013 0.023 0.025 0.017 0.010 0.012 0.029 0.133 0.293 0.265 0.120 0.056 0.038 0.029 0.031 0.041 0.043 0.035 0.024 0.019 0.018 0.013 0.007 0.004 0.002 0.001 0.000 0.000 0.000 0.000 0.000 0.000 0.000 0.000 0.000 0.000
0.000 0.000 0.000 0.000 0.000 0.000 0.000 0.000 0.000 0.000 0.000 0.000 0.000 0.000 0.000 0.000 0.000 0.000 0.000 0.001 0.001 0.001 0.001 0.001 0.002 0.002 0.003 0.005 0.006 0.005 0.004 0.004 0.004 0.004 0.003 0.002 0.002 0.002 0.003 0.004 0.006 0.011 0.021 0.024 0.016 0.011 0.013 0.040 0.202 0.289 0.136 0.025 0.019 0.015 0.013 0.014 0.020 0.022 0.022 0.021 0.018 0.013 0.007 0.004 0.002 0.001 0.000 0.000 0.000 0.000 0.000 0.000 0.000 0.000 0.000 0.000 0.000
0.000 0.000 0.000 0.000 0.000 0.000 0.000 0.000 0.000 0.000 0.000 0.000 0.000 0.000 0.000 0.000 0.000 0.000 0.000 0.001 0.001 0.001 0.001 0.001 0.001 0.002 0.003 0.005 0.006 0.006 0.005 0.004 0.004 0.004 0.003 0.002 0.002 0.002 0.003 0.004 0.006 0.009 0.018 0.021 0.016 0.012 0.015 0.047 0.218 0.202 0.046 0.015 0.010 0.008 0.007 0.007 0.009 0.009 0.007 0.007 0.007 0.006 0.003 0.002 0.001 0.000 0.000 0.000 0.000 0.000 0.000 0.000 0.000 0.000 0.000 0.000 0.000
0.000 0.000 0.000 0.000 0.000 0.000 0.000 0.000 0.000 0.000 0.000 0.000 0.000 0.000 0.000 0.000 0.000 0.000 0.000 0.001 0.001 0.001 0.001 0.001 0.001 0.002 0.003 0.005 0.005 0.005 0.005 0.004 0.004 0.003 0.003 0.002 0.002 0.002 0.002 0.003 0.005 0.009 0.015 0.018 0.015 0.013 0.019 0.069 0.212 0.149 0.029 0.012 0.008 0.006 0.004 0.004 0.004 0.004 0.002 0.002 0.002 0.002 0.001 0.001 0.000 0.000 0.000 0.000 0.000 0.000 0.000 0.000 0.000 0.000 0.000 0.000 0.000
0.000 0.000 0.000 0.000 0.000 0.000 0.000 0.000 0.000 0.000 0.000 0.000 0.000 0.000 0.000 0.000 0.000 0.000 0.000 0.001 0.001 0.001 0.001 0.001 0.001 0.002 0.003 0.004 0.004 0.004 0.005 0.004 0.004 0.003 0.003 0.002 0.002 0.002 0.002 0.003 0.005 0.009 0.015 0.016 0.014 0.014 0.024 0.093 0.190 0.113 0.022 0.008 0.006 0.004 0.003 0.003 0.002 0.002 0.001 0.001 0.001 0.001 0.000 0.000 0.000 0.000 0.000 0.000 0.000 0.000 0.000 0.000 0.000 0.000 0.000 0.000 0.000
0.000 0.000 0.000 0.000 0.000 0.000 0.000 0.000 0.000 0.000 0.000 0.000 0.000 0.000 0.000 0.000 0.000 0.000 0.000 0.001 0.001 0.001 0.001 0.001 0.001 0.002 0.002 0.003 0.004 0.004 0.005 0.005 0.004 0.003 0.003 0.002 0.002 0.002 0.002 0.003 0.005 0.008 0.014 0.015 0.014 0.015 0.027 0.105 0.161 0.079 0.016 0.007 0.004 0.003 0.003 0.002 0.002 0.002 0.001 0.000 0.000 0.000 0.000 0.000 0.000 0.000 0.000 0.000 0.000 0.000 0.000 0.000 0.000 0.000 0.000 0.000 0.000
0.000 0.000 0.000 0.000 0.000 0.000 0.000 0.000 0.000 0.000 0.000 0.000 0.000 0.000 0.000 0.000 0.000 0.000 0.000 0.001 0.001 0.001 0.001 0.001 0.001 0.002 0.002 0.003 0.003 0.004 0.004 0.005 0.004 0.003 0.003 0.002 0.002 0.002 0.002 0.003 0.005 0.008 0.012 0.015 0.015 0.017 0.027 0.105 0.146 0.056 0.013 0.006 0.003 0.003 0.002 0.002 0.002 0.002 0.001 0.000 0.000 0.000 0.000 0.000 0.000 0.000 0.000 0.000 0.000 0.000 0.000 0.000 0.000 0.000 0.000 0.000 0.000
0.000 0.000 0.000 0.000 0.000 0.000 0.000 0.000 0.000 0.000 0.000 0.000 0.000 0.000 0.000 0.000 0.000 0.000 0.000 0.001 0.001 0.001 0.001 0.001 0.002 0.002 0.002 0.003 0.004 0.004 0.004 0.004 0.004 0.004 0.003 0.002 0.002 0.002 0.003 0.004 0.007 0.009 0.012 0.014 0.016 0.019 0.026 0.096 0.140 0.048 0.011 0.005 0.003 0.002 0.002 0.002 0.002 0.002 0.001 0.000 0.000 0.000 0.000 0.000 0.000 0.000 0.000 0.000 0.000 0.000 0.000 0.000 0.000 0.000 0.000 0.000 0.000
0.000 0.000 0.000 0.000 0.000 0.000 0.000 0.000 0.000 0.000 0.000 0.000 0.000 0.000 0.000 0.000 0.000 0.000 0.000 0.001 0.001 0.001 0.001 0.002 0.002 0.002 0.002 0.003 0.004 0.004 0.005 0.004 0.004 0.003 0.003 0.002 0.002 0.002 0.003 0.006 0.008 0.010 0.011 0.013 0.016 0.020 0.032 0.096 0.121 0.038 0.009 0.004 0.002 0.002 0.002 0.003 0.003 0.002 0.001 0.000 0.000 0.000 0.000 0.000 0.000 0.000 0.000 0.000 0.000 0.000 0.000 0.000 0.000 0.000 0.000 0.000 0.000
0.000 0.000 0.000 0.000 0.000 0.000 0.000 0.000 0.000 0.000 0.000 0.000 0.000 0.000 0.000 0.000 0.000 0.000 0.000 0.001 0.001 0.001 0.002 0.002 0.002 0.002 0.002 0.003 0.004 0.005 0.005 0.004 0.003 0.003 0.002 0.002 0.002 0.003 0.004 0.007 0.009 0.010 0.011 0.013 0.016 0.024 0.052 0.103 0.083 0.019 0.006 0.003 0.002 0.002 0.003 0.003 0.003 0.002 0.001 0.000 0.000 0.000 0.000 0.000 0.000 0.000 0.000 0.000 0.000 0.000 0.000 0.000 0.000 0.000 0.000 0.000 0.000
0.000 0.000 0.000 0.000 0.000 0.000 0.000 0.000 0.000 0.000 0.000 0.000 0.000 0.000 0.000 0.000 0.000 0.000 0.000 0.001 0.001 0.001 0.002 0.002 0.003 0.003 0.003 0.004 0.004 0.005 0.005 0.004 0.003 0.003 0.002 0.002 0.002 0.003 0.005 0.008 0.009 0.010 0.011 0.013 0.018 0.036 0.082 0.092 0.041 0.009 0.004 0.002 0.002 0.002 0.003 0.003 0.003 0.003 0.002 0.001 0.000 0.000 0.000 0.000 0.000 0.000 0.000 0.000 0.000 0.000 0.000 0.000 0.000 0.000 0.000 0.000 0.000
0.000 0.000 0.000 0.000 0.000 0.000 0.000 0.000 0.000 0.000 0.000 0.000 0.000 0.000 0.000 0.000 0.000 0.000 0.000 0.001 0.001 0.001 0.002 0.002 0.003 0.004 0.004 0.004 0.004 0.005 0.005 0.004 0.003 0.002 0.002 0.002 0.002 0.003 0.006 0.008 0.009 0.010 0.011 0.014 0.022 0.057 0.094 0.063 0.015 0.006 0.003 0.002 0.002 0.002 0.003 0.004 0.004 0.003 0.003 0.002 0.001 0.000 0.000 0.000 0.000 0.000 0.000 0.000 0.000 0.000 0.000 0.000 0.000 0.000 0.000 0.000 0.000
0.000 0.000 0.000 0.000 0.000 0.000 0.000 0.000 0.000 0.000 0.000 0.000 0.000 0.000 0.000 0.000 0.000 0.000 0.000 0.001 0.001 0.001 0.002 0.002 0.003 0.004 0.004 0.004 0.004 0.004 0.005 0.005 0.004 0.002 0.002 0.002 0.002 0.004 0.007 0.008 0.009 0.010 0.012 0.016 0.035 0.071 0.069 0.027 0.008 0.004 0.002 0.002 0.002 0.003 0.004 0.004 0.004 0.005 0.004 0.004 0.003 0.001 0.000 0.000 0.000 0.000 0.000 0.000 0.000 0.000 0.000 0.000 0.000 0.000 0.000 0.000 0.000
0.000 0.000 0.000 0.000 0.000 0.000 0.000 0.000 0.000 0.000 0.000 0.000 0.000 0.000 0.000 0.000 0.000 0.000 0.000 0.000 0.001 0.001 0.002 0.002 0.003 0.004 0.004 0.004 0.004 0.004 0.004 0.004 0.004 0.003 0.002 0.002 0.002 0.004 0.007 0.009 0.010 0.011 0.013 0.023 0.051 0.060 0.034 0.011 0.005 0.002 0.002 0.001 0.002 0.003 0.004 0.005 0.005 0.006 0.006 0.005 0.004 0.002 0.000 0.000 0.000 0.000 0.000 0.000 0.000 0.000 0.000 0.000 0.000 0.000 0.000 0.000 0.000
0.000 0.000 0.000 0.000 0.000 0.000 0.000 0.000 0.000 0.000 0.000 0.000 0.000 0.000 0.000 0.000 0.000 0.000 0.000 0.000 0.001 0.002 0.002 0.002 0.003 0.003 0.004 0.004 0.004 0.004 0.004 0.004 0.004 0.003 0.002 0.002 0.003 0.004 0.007 0.009 0.010 0.012 0.016 0.034 0.054 0.042 0.015 0.006 0.003 0.002 0.001 0.002 0.002 0.003 0.004 0.005 0.005 0.006 0.006 0.005 0.004 0.002 0.001 0.000 0.000 0.000 0.000 0.000 0.000 0.000 0.000 0.000 0.000 0.000 0.000 0.000 0.000
0.000 0.000 0.000 0.000 0.000 0.000 0.000 0.000 0.000 0.000 0.000 0.000 0.000 0.000 0.000 0.000 0.000 0.000 0.000 0.000 0.001 0.002 0.003 0.003 0.003 0.003 0.003 0.004 0.004 0.004 0.004 0.004 0.003 0.003 0.003 0.002 0.003 0.004 0.007 0.009 0.010 0.012 0.019 0.041 0.044 0.023 0.008 0.004 0.002 0.001 0.001 0.002 0.003 0.003 0.004 0.004 0.005 0.005 0.005 0.005 0.004 0.002 0.000 0.000 0.000 0.000 0.000 0.000 0.000 0.000 0.000 0.000 0.000 0.000 0.000 0.000 0.000
0.000 0.000 0.000 0.000 0.000 0.000 0.000 0.000 0.000 0.000 0.000 0.000 0.000 0.000 0.000 0.000 0.000 0.000 0.000 0.000 0.000 0.001 0.003 0.004 0.005 0.005 0.005 0.005 0.005 0.005 0.004 0.004 0.003 0.003 0.003 0.003 0.003 0.006 0.008 0.009 0.010 0.013 0.022 0.037 0.032 0.013 0.005 0.003 0.002 0.001 0.002 0.002 0.003 0.003 0.004 0.004 0.004 0.004 0.004 0.004 0.003 0.002 0.000 0.000 0.000 0.000 0.000 0.000 0.000 0.000 0.000 0.000 0.000 0.000 0.000 0.000 0.000
0.000 0.000 0.000 0.000 0.000 0.000 0.000 0.000 0.000 0.000 0.000 0.000 0.000 0.000 0.000 0.000 0.000 0.000 0.000 0.000 0.000 0.001 0.002 0.004 0.006 0.007 0.007 0.006 0.005 0.004 0.004 0.004 0.003 0.003 0.003 0.003 0.005 0.007 0.008 0.009 0.010 0.014 0.024 0.030 0.021 0.008 0.003 0.002 0.002 0.002 0.002 0.002 0.003 0.003 0.003 0.003 0.003 0.003 0.003 0.003 0.002 0.001 0.000 0.000 0.000 0.000 0.000 0.000 0.000 0.000 0.000 0.000 0.000 0.000 0.000 0.000 0.000
0.000 0.000 0.000 0.000 0.000 0.000 0.000 0.000 0.000 0.000 0.000 0.000 0.000 0.000 0.000 0.000 0.000 0.000 0.000 0.000 0.000 0.000 0.001 0.003 0.005 0.006 0.007 0.006 0.005 0.004 0.004 0.004 0.003 0.003 0.003 0.004 0.006 0.008 0.008 0.008 0.010 0.014 0.022 0.022 0.012 0.005 0.003 0.002 0.001 0.002 0.002 0.002 0.002 0.002 0.003 0.003 0.003 0.002 0.002 0.002 0.001 0.000 0.000 0.000 0.000 0.000 0.000 0.000 0.000 0.000 0.000 0.000 0.000 0.000 0.000 0.000 0.000
0.000 0.000 0.000 0.000 0.000 0.000 0.000 0.000 0.000 0.000 0.000 0.000 0.000 0.000 0.000 0.000 0.000 0.000 0.000 0.000 0.000 0.000 0.001 0.001 0.003 0.004 0.005 0.005 0.004 0.004 0.004 0.004 0.003 0.003 0.003 0.004 0.006 0.008 0.008 0.008 0.009 0.014 0.018 0.016 0.008 0.004 0.003 0.002 0.001 0.001 0.001 0.002 0.002 0.002 0.002 0.003 0.003 0.003 0.002 0.002 0.000 0.000 0.000 0.000 0.000 0.000 0.000 0.000 0.000 0.000 0.000 0.000 0.000 0.000 0.000 0.000 0.000
0.000 0.000 0.000 0.000 0.000 0.000 0.000 0.000 0.000 0.000 0.000 0.000 0.000 0.000 0.000 0.000 0.000 0.000 0.000 0.000 0.000 0.000 0.000 0.000 0.001 0.002 0.003 0.004 0.004 0.004 0.004 0.004 0.003 0.003 0.003 0.004 0.006 0.007 0.007 0.007 0.008 0.011 0.014 0.012 0.007 0.004 0.003 0.002 0.001 0.001 0.001 0.002 0.002 0.003 0.003 0.003 0.003 0.003 0.003 0.001 0.000 0.000 0.000 0.000 0.000 0.000 0.000 0.000 0.000 0.000 0.000 0.000 0.000 0.000 0.000 0.000 0.000
0.000 0.000 0.000 0.000 0.000 0.000 0.000 0.000 0.000 0.000 0.000 0.000 0.000 0.000 0.000 0.000 0.000 0.000 0.000 0.000 0.000 0.000 0.000 0.000 0.000 0.001 0.002 0.003 0.004 0.005 0.004 0.004 0.003 0.003 0.003 0.004 0.006 0.006 0.006 0.006 0.006 0.008 0.010 0.010 0.007 0.004 0.002 0.001 0.001 0.001 0.002 0.002 0.003 0.004 0.004 0.004 0.004 0.003 0.002 0.000 0.000 0.000 0.000 0.000 0.000 0.000 0.000 0.000 0.000 0.000 0.000 0.000 0.000 0.000 0.000 0.000 0.000
0.000 0.000 0.000 0.000 0.000 0.000 0.000 0.000 0.000 0.000 0.000 0.000 0.000 0.000 0.000 0.000 0.000 0.000 0.000 0.000 0.000 0.000 0.000 0.000 0.000 0.000 0.001 0.002 0.003 0.004 0.004 0.003 0.003 0.003 0.004 0.004 0.005 0.005 0.004 0.004 0.004 0.005 0.007 0.008 0.007 0.004 0.002 0.001 0.001 0.001 0.002 0.003 0.004 0.005 0.005 0.005 0.004 0.002 0.000 0.000 0.000 0.000 0.000 0.000 0.000 0.000 0.000 0.000 0.000 0.000 0.000 0.000 0.000 0.000 0.000 0.000 0.000
0.000 0.000 0.000 0.000 0.000 0.000 0.000 0.000 0.000 0.000 0.000 0.000 0.000 0.000 0.000 0.000 0.000 0.000 0.000 0.000 0.000 0.000 0.000 0.000 0.000 0.000 0.000 0.001 0.002 0.003 0.003 0.003 0.003 0.003 0.003 0.004 0.004 0.004 0.003 0.003 0.003 0.004 0.005 0.006 0.006 0.004 0.002 0.001 0.001 0.001 0.002 0.002 0.003 0.004 0.004 0.003 0.000 0.000 0.000 0.000 0.000 0.000 0.000 0.000 0.000 0.000 0.000 0.000 0.000 0.000 0.000 0.000 0.000 0.000 0.000 0.000 0.000
0.000 0.000 0.000 0.000 0.000 0.000 0.000 0.000 0.000 0.000 0.000 0.000 0.000 0.000 0.000 0.000 0.000 0.000 0.000 0.000 0.000 0.000 0.000 0.000 0.000 0.000 0.000 0.000 0.001 0.001 0.002 0.002 0.002 0.002 0.003 0.003 0.003 0.003 0.003 0.002 0.002 0.002 0.003 0.004 0.005 0.003 0.002 0.001 0.001 0.001 0.001 0.001 0.001 0.001 0.001 0.000 0.000 0.000 0.000 0.000 0.000 0.000 0.000 0.000 0.000 0.000 0.000 0.000 0.000 0.000 0.000 0.000 0.000 0.000 0.000 0.000 0.000
0.000 0.000 0.000 0.000 0.000 0.000 0.000 0.000 0.000 0.000 0.000 0.000 0.000 0.000 0.000 0.000 0.000 0.000 0.000 0.000 0.000 0.000 0.000 0.000 0.000 0.000 0.000 0.000 0.000 0.001 0.001 0.001 0.002 0.002 0.002 0.002 0.002 0.002 0.002 0.002 0.001 0.001 0.002 0.003 0.003 0.003 0.001 0.001 0.001 0.001 0.000 0.000 0.000 0.000 0.000 0.000 0.000 0.000 0.000 0.000 0.000 0.000 0.000 0.000 0.000 0.000 0.000 0.000 0.000 0.000 0.000 0.000 0.000 0.000 0.000 0.000 0.000
