AvaFrame/avaframe/data/avaKot/Avaflow_Input_Output_old/gar_results/gar_ascii/gar_vhmax.asc
ncols 88
nrows 125
xllcenter 176963.44
yllcenter 376270.31
cellsize 20.00
NODATA_value -9999.000
[rows 60 to 89 of 125, columns 0 to 68 of 88]
-9999.000 -9999.000 -9999.000 -9999.000 -9999.000 -9999.000 -9999.000 -9999.000 -9999.000 -9999.000 -9999.000 -9999.000 -9999.000 -9999.000 -9999.000 -9999.000 -9999.000 -9999.000 -nan -nan -nan 0.593 0.795 0.889 0.913 0.911 0.910 1.013 1.054 1.138 1.232 1.331 1.409 1.514 1.695 1.814 1.919 2.333 3.199 5.552 9.977 14.365 15.591 13.598 8.576 6.148 3.986 3.116 3.030 2.689 2.705 2.597 2.770 3.240 3.734 4.695 6.137 7.900 9.915 14.038 20.849 25.190 25.869 24.427 23.212 23.142 21.941 18.222 12.189
-9999.000 -9999.000 -9999.000 -9999.000 -9999.000 -9999.000 -9999.000 -9999.000 -9999.000 -9999.000 -9999.000 -9999.000 -9999.000 -9999.000 -9999.000 -9999.000 -9999.000 -9999.000 -nan -nan 0.811 0.761 0.904 0.913 0.903 0.884 0.900 0.958 1.081 1.175 1.250 1.296 1.336 1.433 1.731 1.476 1.818 2.277 2.885 4.840 9.122 14.755 16.491 13.566 8.101 5.771 4.297 3.306 2.822 2.929 2.419 2.780 3.010 3.785 4.498 5.948 7.825 9.973 12.770 19.422 24.531 26.165 25.136 23.813 23.677 22.203 20.399 13.082 8.256
-9999.000 -9999.000 -9999.000 -9999.000 -9999.000 -9999.000 -9999.000 -9999.000 -9999.000 -9999.000 -9999.000 -9999.000 -9999.000 -9999.000 -9999.000 -9999.000 -9999.000 -9999.000 -nan 0.778 0.902 0.949 0.955 0.944 0.905 0.909 0.908 0.940 1.065 1.191 1.263 1.283 1.305 1.399 1.560 1.863 2.205 2.481 2.578 5.480 11.373 16.067 16.106 13.280 7.674 5.469 4.335 3.314 2.944 2.894 2.739 3.120 3.710 4.475 5.805 7.718 9.991 12.423 17.616 22.922 25.361 26.295 24.978 24.224 23.536 20.705 13.361 8.939 5.094
-9999.000 -9999.000 -9999.000 -9999.000 -9999.000 -9999.000 -9999.000 -9999.000 -9999.000 -9999.000 -9999.000 -9999.000 -9999.000 -9999.000 -9999.000 -9999.000 -9999.000 -9999.000 -nan 0.769 0.931 1.009 1.013 0.988 0.947 0.923 0.922 0.928 1.030 1.175 1.263 1.288 1.308 1.394 1.550 1.738 1.991 2.585 3.183 6.505 11.438 16.746 16.405 13.066 7.524 5.234 3.906 3.282 3.106 2.992 3.070 3.649 4.607 5.741 7.608 9.956 12.514 16.556 22.677 25.841 26.889 25.286 25.669 23.960 22.220 14.906 9.698 5.792 3.572
-9999.000 -9999.000 -9999.000 -9999.000 -9999.000 -9999.000 -9999.000 -9999.000 -9999.000 -9999.000 -9999.000 -9999.000 -9999.000 -9999.000 -9999.000 -9999.000 -9999.000 -9999.000 -nan 0.815 0.927 0.988 1.055 1.057 1.019 0.997 0.957 0.960 1.015 1.139 1.235 1.266 1.270 1.349 1.458 1.579 1.802 2.668 3.389 6.716 11.528 16.944 17.836 12.878 7.399 5.462 3.958 3.388 3.259 3.283 3.459 4.392 5.634 7.429 9.816 12.554 15.174 21.622 26.273 27.131 26.261 25.162 25.406 23.065 16.585 10.650 6.639 4.302 2.993
-9999.000 -9999.000 -9999.000 -9999.000 -9999.000 -9999.000 -9999.000 -9999.000 -9999.000 -9999.000 -9999.000 -9999.000 -9999.000 -9999.000 -9999.000 -9999.000 -9999.000 -9999.000 -nan 0.842 0.920 0.955 1.021 1.071 1.087 1.029 1.021 1.018 1.040 1.101 1.141 1.205 1.219 1.266 1.348 1.455 1.744 1.710 3.572 6.757 11.489 17.275 17.679 12.525 7.322 6.113 4.477 3.613 3.450 3.486 3.907 5.499 7.233 9.676 12.538 15.241 19.925 25.403 27.805 27.316 24.606 25.530 22.449 16.924 11.690 7.283 4.966 3.522 2.752
-9999.000 -9999.000 -9999.000 -9999.000 -9999.000 -9999.000 -9999.000 -9999.000 -9999.000 -9999.000 -9999.000 -9999.000 -9999.000 -9999.000 -9999.000 -9999.000 -9999.000 -9999.000 -nan 0.863 0.942 0.977 0.977 1.058 1.100 1.100 1.026 1.040 1.058 1.092 1.112 1.164 1.226 1.242 1.288 1.392 1.690 1.664 3.358 6.683 11.241 17.273 17.086 12.761 7.784 6.617 5.358 3.855 3.681 3.727 5.104 6.981 9.432 12.551 15.447 18.568 23.447 27.801 26.375 25.327 25.978 24.373 18.763 11.881 7.476 5.503 4.071 3.157 2.797
-9999.000 -9999.000 -9999.000 -9999.000 -9999.000 -9999.000 -9999.000 -9999.000 -9999.000 -9999.000 -9999.000 -9999.000 -9999.000 -9999.000 -9999.000 -9999.000 -9999.000 -9999.000 -nan 0.755 0.971 1.021 1.007 1.059 1.079 1.079 1.051 1.105 1.092 1.115 1.114 1.144 1.177 1.195 1.259 1.347 1.669 1.525 3.047 6.145 10.685 17.493 17.028 13.619 8.862 7.284 6.274 4.671 4.072 4.595 6.925 9.250 12.367 15.543 18.135 22.918 25.565 25.752 25.115 26.186 23.748 19.129 13.579 8.269 5.475 4.431 3.961 3.259 2.731
-9999.000 -9999.000 -9999.000 -9999.000 -9999.000 -9999.000 -9999.000 -9999.000 -9999.000 -9999.000 -9999.000 -9999.000 -9999.000 -9999.000 -9999.000 -9999.000 -9999.000 -9999.000 -nan 0.596 0.944 1.109 1.171 1.081 1.131 1.133 1.186 1.136 1.201 1.185 1.088 1.020 1.072 1.147 1.222 1.317 1.642 1.539 2.919 5.654 9.954 16.865 17.664 14.989 10.171 8.309 6.986 5.859 4.719 6.730 9.285 12.404 15.773 18.303 22.416 25.704 24.546 23.063 23.761 23.942 20.226 14.864 10.448 6.469 4.665 4.243 4.255 3.072 1.973
-9999.000 -9999.000 -9999.000 -9999.000 -9999.000 -9999.000 -9999.000 -9999.000 -9999.000 -9999.000 -9999.000 -9999.000 -9999.000 -9999.000 -9999.000 -9999.000 -9999.000 -nan -nan 0.596 0.904 1.184 1.258 1.338 1.206 1.203 1.245 1.332 1.337 1.248 1.026 1.010 1.065 1.119 1.179 1.271 1.476 1.671 2.863 5.170 8.894 15.892 18.312 16.218 11.594 9.766 7.824 6.530 6.365 9.498 12.447 16.050 18.976 23.052 26.149 23.616 21.629 21.963 21.607 19.733 13.592 11.202 8.411 5.816 4.550 3.933 3.235 1.245 0.810
-9999.000 -9999.000 -9999.000 -9999.000 -9999.000 -9999.000 -9999.000 -9999.000 -9999.000 -9999.000 -9999.000 -9999.000 -9999.000 -9999.000 -9999.000 -9999.000 -nan -nan 0.643 0.727 0.937 1.184 1.425 1.505 1.471 1.426 1.434 1.519 1.510 1.390 1.187 1.070 1.048 1.092 1.135 1.297 1.213 1.986 2.887 4.625 8.164 14.653 18.787 17.430 12.863 11.185 9.049 6.608 9.071 12.585 16.270 19.794 23.792 25.612 23.684 20.440 20.705 19.905 17.809 12.925 10.994 8.585 6.584 5.314 4.646 4.095 2.133 0.923 0.947
-9999.000 -9999.000 -9999.000 -9999.000 -9999.000 -9999.000 -9999.000 -9999.000 -9999.000 -9999.000 -9999.000 -9999.000 -9999.000 -9999.000 -9999.000 -9999.000 -nan 0.658 0.864 0.904 0.959 1.077 1.377 1.746 1.860 1.732 1.565 1.581 1.687 1.666 1.464 1.219 1.079 1.041 1.109 1.329 1.450 2.072 3.007 4.255 7.878 13.685 18.830 18.403 14.063 12.435 10.250 8.498 12.751 16.412 20.718 25.068 26.118 22.964 20.789 20.944 18.642 16.396 12.731 10.088 8.457 6.459 4.953 4.102 3.601 3.643 2.130 0.868 1.016
-9999.000 -9999.000 -9999.000 -9999.000 -9999.000 -9999.000 -9999.000 -9999.000 -9999.000 -9999.000 -9999.000 -9999.000 -9999.000 -9999.000 -9999.000 -nan -nan 0.749 0.898 0.938 0.918 0.993 1.250 1.765 2.005 2.049 1.813 1.625 1.664 1.779 1.714 1.436 1.118 1.069 1.129 1.218 1.582 2.211 2.778 3.727 7.323 12.791 19.263 18.919 15.248 13.370 11.259 11.583 16.248 21.746 26.701 26.482 24.016 21.374 21.541 18.822 15.325 11.624 9.380 7.933 6.275 4.814 3.928 3.213 2.751 2.581 2.414 1.521 1.031
-9999.000 -9999.000 -9999.000 -9999.000 -9999.000 -9999.000 -9999.000 -9999.000 -9999.000 -9999.000 -9999.000 -9999.000 -9999.000 -9999.000 -9999.000 -nan -nan 0.819 0.904 0.940 0.934 0.974 1.072 0.992 1.387 2.188 1.873 1.574 1.586 1.683 1.689 1.576 1.324 1.210 1.227 1.253 1.623 2.209 2.539 3.379 7.224 12.415 18.944 19.747 16.287 13.861 12.426 15.489 21.743 25.032 25.437 24.066 24.145 22.299 18.763 15.433 11.472 7.907 7.030 5.517 4.594 3.886 3.187 2.658 2.334 1.900 1.565 1.274 0.895
-9999.000 -9999.000 -9999.000 -9999.000 -9999.000 -9999.000 -9999.000 -9999.000 -9999.000 -9999.000 -9999.000 -9999.000 -9999.000 -9999.000 -9999.000 -nan -nan 0.899 0.927 0.907 0.936 0.965 1.084 1.569 1.687 2.171 1.941 1.617 1.522 1.569 1.729 1.747 1.624 1.391 1.283 1.062 1.639 2.250 2.508 3.330 7.291 12.584 18.834 20.211 16.988 14.537 15.601 19.706 21.114 24.292 23.595 23.668 22.383 18.069 15.816 11.829 8.157 5.208 4.449 4.168 3.638 3.160 2.931 2.478 1.846 1.343 1.008 0.762 0.488
-9999.000 -9999.000 -9999.000 -9999.000 -9999.000 -9999.000 -9999.000 -9999.000 -9999.000 -9999.000 -9999.000 -9999.000 -9999.000 -9999.000 -9999.000 -nan 0.525 0.894 0.920 0.920 0.929 0.971 1.070 1.348 1.841 2.123 2.204 1.935 1.625 1.587 1.760 1.852 1.848 1.696 1.539 1.240 1.505 2.196 2.835 4.519 7.999 13.239 19.462 21.215 18.225 15.787 19.061 20.595 19.123 23.322 23.573 22.160 17.372 13.329 10.885 8.648 6.118 3.703 1.745 1.463 2.925 3.133 2.486 1.855 1.306 0.859 0.590 0.393 0.198
-9999.000 -9999.000 -9999.000 -9999.000 -9999.000 -9999.000 -9999.000 -9999.000 -9999.000 -9999.000 -9999.000 -9999.000 -9999.000 -9999.000 -9999.000 -nan 0.407 0.903 0.928 0.927 0.925 0.925 1.069 1.227 1.570 1.938 2.259 2.300 1.950 1.699 1.729 1.705 1.987 1.920 1.786 1.691 1.337 2.294 3.361 5.447 9.529 15.142 20.909 21.915 19.470 19.631 23.515 20.594 22.381 25.177 23.532 15.407 12.943 9.629 7.451 6.273 4.700 3.128 2.309 2.476 2.879 2.424 1.742 1.250 0.846 0.513 0.266 0.132 0.049
-9999.000 -9999.000 -9999.000 -9999.000 -9999.000 -9999.000 -9999.000 -9999.000 -9999.000 -9999.000 -9999.000 -9999.000 -9999.000 -9999.000 -9999.000 -nan 0.537 0.917 0.921 0.929 0.906 0.923 0.973 1.167 1.414 1.695 1.997 2.419 2.318 1.998 1.911 1.992 2.061 2.042 1.982 1.942 1.978 2.577 3.911 6.682 10.816 17.180 22.586 22.911 20.899 22.114 28.685 31.638 24.675 25.389 20.774 11.772 9.671 6.634 5.039 4.348 3.529 2.770 2.722 2.620 2.198 1.593 1.153 0.798 0.492 0.225 0.064 -nan -nan
-9999.000 -9999.000 -9999.000 -9999.000 -9999.000 -9999.000 -9999.000 -9999.000 -9999.000 -9999.000 -9999.000 -9999.000 -9999.000 -9999.000 -9999.000 -nan 0.627 0.914 0.969 0.946 0.947 0.975 0.979 1.144 1.331 1.688 1.919 1.998 2.028 1.982 1.994 2.043 2.109 2.136 2.162 2.131 1.724 2.678 4.617 8.159 12.820 19.255 24.102 24.436 24.066 26.233 32.686 32.545 27.801 25.729 18.165 9.822 6.247 4.805 3.406 2.731 2.406 1.588 1.634 1.506 1.326 0.976 0.717 0.451 0.212 0.062 -nan -nan -9999.000
-9999.000 -9999.000 -9999.000 -9999.000 -9999.000 -9999.000 -9999.000 -9999.000 -9999.000 -9999.000 -9999.000 -9999.000 -9999.000 -9999.000 -9999.000 -nan 0.604 0.953 0.996 1.014 1.015 1.015 1.057 1.166 1.314 1.706 1.751 2.010 1.812 1.963 2.003 2.058 2.152 2.242 2.331 2.456 2.177 3.152 5.554 10.112 15.810 21.648 25.259 26.010 26.748 30.555 32.323 32.927 28.092 24.532 15.313 7.874 4.323 3.022 2.473 1.904 1.635 0.906 1.431 0.847 0.722 0.559 0.377 0.187 0.057 -nan -nan -9999.000 -9999.000
-9999.000 -9999.000 -9999.000 -9999.000 -9999.000 -9999.000 -9999.000 -9999.000 -9999.000 -9999.000 -9999.000 -9999.000 -9999.000 -9999.000 -9999.000 -nan 0.588 0.953 0.980 1.025 1.079 1.082 1.126 1.211 1.326 1.493 1.762 1.685 1.743 1.921 2.006 2.067 2.187 2.336 2.458 2.622 2.277 4.065 7.041 12.586 18.346 23.892 26.569 27.394 29.168 32.331 34.194 33.542 31.622 24.694 12.397 6.325 3.333 1.985 1.417 1.215 1.240 0.888 0.634 0.435 0.294 0.205 0.131 0.047 -nan -nan -9999.000 -9999.000 -9999.000
-9999.000 -9999.000 -9999.000 -9999.000 -9999.000 -9999.000 -9999.000 -9999.000 -9999.000 -9999.000 -9999.000 -9999.000 -9999.000 -9999.000 -9999.000 -nan 0.574 0.942 0.935 0.989 1.071 1.095 1.162 1.212 1.326 1.432 1.616 1.651 1.719 1.916 2.004 2.094 2.226 2.403 2.555 2.768 3.036 4.956 9.057 14.348 20.597 25.553 27.899 29.511 31.743 34.075 35.455 32.044 31.559 22.127 9.911 5.850 2.929 1.637 1.197 1.122 0.942 1.161 0.963 0.337 0.057 -nan -nan -nan -nan -9999.000 -9999.000 -9999.000 -9999.000
-9999.000 -9999.000 -9999.000 -9999.000 -9999.000 -9999.000 -9999.000 -9999.000 -9999.000 -9999.000 -9999.000 -9999.000 -9999.000 -9999.000 -9999.000 -nan 0.559 0.943 0.999 1.018 1.065 1.183 1.253 1.223 1.318 1.413 1.552 1.682 1.789 1.900 1.860 2.096 2.236 2.420 2.600 2.900 2.632 5.990 10.649 15.876 22.427 26.856 29.210 31.347 32.756 35.138 36.653 34.789 28.794 17.517 7.623 4.878 2.836 1.555 1.681 1.059 1.309 1.235 0.883 0.431 -nan -nan -9999.000 -9999.000 -9999.000 -9999.000 -9999.000 -9999.000 -9999.000
-9999.000 -9999.000 -9999.000 -9999.000 -9999.000 -9999.000 -9999.000 -9999.000 -9999.000 -9999.000 -9999.000 -9999.000 -9999.000 -9999.000 -9999.000 -nan 0.558 0.944 1.002 1.050 1.071 1.151 1.301 1.336 1.313 1.354 1.508 1.660 1.721 1.898 1.912 2.034 2.199 2.386 2.579 2.954 3.608 7.190 11.244 17.164 24.274 28.366 30.743 33.004 34.376 35.757 35.331 35.640 27.559 12.833 6.518 3.752 2.307 1.182 1.227 1.450 1.369 1.162 1.005 0.729 0.386 -nan -nan -9999.000 -9999.000 -9999.000 -9999.000 -9999.000 -9999.000
-9999.000 -9999.000 -9999.000 -9999.000 -9999.000 -9999.000 -9999.000 -9999.000 -9999.000 -9999.000 -9999.000 -9999.000 -9999.000 -9999.000 -9999.000 -nan 0.508 0.944 1.020 1.096 1.218 1.336 1.435 1.491 1.385 1.392 1.469 1.668 1.940 1.938 1.832 1.936 2.106 2.290 2.492 3.302 4.592 8.030 11.906 18.447 25.874 30.112 32.142 34.158 35.569 35.639 35.988 33.170 22.274 8.592 5.455 2.956 1.871 1.235 1.480 1.444 1.412 1.213 1.105 0.971 0.770 0.446 -nan -nan -nan -9999.000 -9999.000 -9999.000 -9999.000
-9999.000 -9999.000 -9999.000 -9999.000 -9999.000 -9999.000 -9999.000 -9999.000 -9999.000 -9999.000 -9999.000 -9999.000 -9999.000 -9999.000 -9999.000 -nan 0.430 0.956 1.064 1.161 1.267 1.505 1.612 1.616 1.571 1.572 1.524 1.715 1.756 1.968 1.867 1.894 1.993 2.138 2.387 3.274 5.110 8.306 12.579 19.644 27.408 31.557 33.697 35.559 35.310 35.663 33.038 26.531 13.950 5.871 3.901 2.304 1.516 1.121 1.564 1.628 1.463 1.360 1.271 1.206 1.153 0.819 0.518 -nan -nan -9999.000 -9999.000 -9999.000 -9999.000
-9999.000 -9999.000 -9999.000 -9999.000 -9999.000 -9999.000 -9999.000 -9999.000 -9999.000 -9999.000 -9999.000 -9999.000 -9999.000 -9999.000 -9999.000 -nan 0.412 0.931 1.158 1.237 1.295 1.525 1.645 1.696 1.730 1.732 1.740 1.805 1.929 2.005 1.970 1.906 1.923 2.007 2.278 2.858 5.534 8.526 13.142 20.668 28.929 33.066 34.391 34.484 34.959 32.296 28.068 17.835 8.080 5.334 2.856 1.739 1.188 1.562 1.669 1.692 1.628 1.558 1.544 1.577 1.560 1.257 0.938 0.416 -nan -nan -9999.000 -9999.000 -9999.000
-9999.000 -9999.000 -9999.000 -9999.000 -9999.000 -9999.000 -9999.000 -9999.000 -9999.000 -9999.000 -9999.000 -9999.000 -9999.000 -9999.000 -9999.000 -nan 0.302 0.875 1.214 1.280 1.349 1.450 1.453 1.657 1.829 1.867 1.847 1.849 1.930 2.025 2.047 1.984 1.906 1.961 2.414 3.252 5.841 8.644 13.661 21.614 30.468 33.601 32.486 31.714 32.108 28.146 20.510 10.748 5.267 3.797 2.116 1.358 1.605 1.719 1.813 1.825 1.885 1.906 1.547 1.304 1.334 1.365 1.153 0.501 0.148 -nan -9999.000 -9999.000 -9999.000
-9999.000 -9999.000 -9999.000 -9999.000 -9999.000 -9999.000 -9999.000 -9999.000 -9999.000 -9999.000 -9999.000 -9999.000 -9999.000 -9999.000 -9999.000 -nan -nan 0.791 1.311 1.548 1.457 1.424 1.395 1.526 1.722 1.833 1.854 1.851 1.897 2.001 2.078 2.077 1.982 1.994 2.446 3.362 6.007 8.898 14.233 22.436 30.842 30.936 30.392 31.105 28.502 22.691 13.337 6.548 4.413 2.695 1.627 1.543 1.774 1.939 2.003 2.019 2.121 1.505 1.511 1.617 1.687 1.630 1.084 0.462 0.074 -nan -9999.000 -9999.000 -9999.000
-9999.000 -9999.000 -9999.000 -9999.000 -9999.000 -9999.000 -9999.000 -9999.000 -9999.000 -9999.000 -9999.000 -9999.000 -9999.000 -9999.000 -9999.000 -9999.000 -nan 0.801 1.245 1.524 1.670 1.730 1.618 1.486 1.592 1.713 1.792 1.843 1.881 1.971 2.109 2.135 2.141 2.135 2.623 3.478 6.096 9.423 14.745 23.346 30.767 30.791 28.744 28.848 24.579 15.318 7.875 4.426 3.511 2.115 1.841 1.883 2.069 2.185 2.203 2.190 2.027 1.828 1.852 1.972 2.015 1.617 1.003 0.346 -nan -nan -9999.000 -9999.000 -9999.000
