AvaFrame/avaframe/data/avaKot/Avaflow_Input_Output_old/gar_results/gar_ascii/gar_elev_mod.asc
ncols 88
nrows 125
xllcenter 176963.44
yllcenter 376270.31
cellsize 20.00
NODATA_value -9999.000
[rows 33 to 65 of 125, columns 0 to 74 of 88]
0.000 0.000 0.000 0.000 0.000 0.000 0.000 0.000 0.000 0.000 0.000 0.000 0.000 0.000 0.000 0.000 0.000 0.000 0.000 0.000 0.000 0.000 0.000 0.000 0.000 0.000 0.000 0.000 0.000 0.000 0.000 0.000 0.000 0.000 0.000 0.000 0.000 0.000 0.000 0.000 0.000 0.000 0.000 0.000 0.000 0.000 0.000 0.000 0.000 0.000 0.000 0.000 0.000 0.000 0.000 0.000 0.000 0.000 0.000 0.000 0.001 0.001 0.001 0.001 0.001 0.001 0.002 0.003 0.004 0.004 0.004 0.004 0.004 0.003 0.002
0.000 0.000 0.000 0.000 0.000 0.000 0.000 0.000 0.000 0.000 0.000 0.000 0.000 0.000 0.000 0.000 0.000 0.000 0.000 0.000 0.000 0.000 0.000 0.000 0.000 0.000 0.000 0.000 0.000 0.000 0.000 0.000 0.000 0.000 0.000 0.000 0.000 0.000 0.000 0.000 0.000 0.000 0.000 0.000 0.000 0.000 0.000 0.000 0.000 0.000 0.000 0.000 0.000 0.000 0.000 0.000 0.000 0.000 0.000 0.001 0.001 0.001 0.001 0.001 0.002 0.002 0.004 0.007 0.009 0.010 0.011 0.010 0.010 0.007 0.004
0.000 0.000 0.000 0.000 0.000 0.000 0.000 0.000 0.000 0.000 0.000 0.000 0.000 0.000 0.000 0.000 0.000 0.000 0.000 0.000 0.000 0.000 0.000 0.000 0.000 0.000 0.000 0.000 0.000 0.000 0.001 0.001 0.000 0.000 0.000 0.000 0.000 0.000 0.000 0.000 0.000 0.000 0.000 0.000 0.000 0.000 0.000 0.000 0.000 0.000 0.000 0.000 0.000 0.000 0.000 0.000 0.000 0.000 0.001 0.001 0.001 0.001 0.001 0.002 0.003 0.005 0.009 0.015 0.021 0.024 0.025 0.025 0.023 0.018 0.011
0.000 0.000 0.000 0.000 0.000 0.000 0.000 0.000 0.000 0.000 0.000 0.000 0.000 0.000 0.000 0.000 0.000 0.000 0.000 0.000 0.000 0.000 0.000 0.000 0.000 0.000 0.000 0.000 0.001 0.001 0.001 0.001 0.001 0.001 0.001 0.001 0.001 0.001 0.001 0.000 0.000 0.000 0.000 0.000 0.000 0.000 0.000 0.000 0.000 0.000 0.000 0.000 0.000 0.000 0.000 0.000 0.000 0.001 0.001 0.001 0.001 0.001 0.002 0.003 0.006 0.010 0.019 0.033 0.047 0.055 0.057 0.056 0.053 0.043 0.027
0.000 0.000 0.000 0.000 0.000 0.000 0.000 0.000 0.000 0.000 0.000 0.000 0.000 0.000 0.000 0.000 0.000 0.000 0.000 0.000 0.000 0.000 0.000 0.000 0.000 0.000 0.000 0.001 0.001 0.001 0.001 0.001 0.002 0.002 0.002 0.002 0.002 0.002 0.002 0.001 0.001 0.000 0.000 0.000 0.000 0.000 0.000 0.000 0.000 0.000 0.000 0.000 0.000 0.000 0.000 0.000 0.001 0.001 0.001 0.001 0.001 0.002 0.003 0.006 0.011 0.021 0.038 0.067 0.098 0.114 0.119 0.119 0.111 0.092 0.059
0.000 0.000 0.000 0.000 0.000 0.000 0.000 0.000 0.000 0.000 0.000 0.000 0.000 0.000 0.000 0.000 0.000 0.000 0.000 0.000 0.000 0.000 0.000 0.000 0.000 0.000 0.001 0.001 0.001 0.001 0.001 0.002 0.003 0.004 0.005 0.006 0.006 0.006 0.005 0.003 0.002 0.001 0.000 0.000 0.000 0.000 0.000 0.000 0.000 0.000 0.000 0.000 0.000 0.000 0.000 0.001 0.001 0.001 0.001 0.001 0.002 0.003 0.006 0.011 0.021 0.040 0.073 0.128 0.189 0.223 0.234 0.234 0.221 0.185 0.122
0.000 0.000 0.000 0.000 0.000 0.000 0.000 0.000 0.000 0.000 0.000 0.000 0.000 0.000 0.000 0.000 0.000 0.000 0.000 0.000 0.000 0.000 0.000 0.000 0.000 0.001 0.001 0.001 0.001 0.001 0.002 0.004 0.006 0.009 0.012 0.013 0.014 0.013 0.012 0.009 0.005 0.003 0.001 0.001 0.000 0.000 0.000 0.000 0.000 0.000 0.000 0.000 0.000 0.000 0.001 0.001 0.001 0.001 0.001 0.002 0.003 0.006 0.010 0.020 0.038 0.072 0.131 0.227 0.338 0.404 0.428 0.429 0.409 0.348 0.237
0.000 0.000 0.000 0.000 0.000 0.000 0.000 0.000 0.000 0.000 0.000 0.000 0.000 0.000 0.000 0.000 0.000 0.000 0.000 0.000 0.000 0.000 0.000 0.000 0.001 0.001 0.001 0.001 0.001 0.002 0.004 0.007 0.012 0.021 0.027 0.030 0.031 0.030 0.027 0.021 0.012 0.007 0.003 0.002 0.001 0.000 0.000 0.000 0.000 0.000 0.000 0.000 0.000 0.001 0.001 0.001 0.001 0.001 0.002 0.004 0.007 0.011 0.019 0.035 0.066 0.122 0.219 0.374 0.560 0.678 0.726 0.731 0.704 0.611 0.429
0.000 0.000 0.000 0.000 0.000 0.000 0.000 0.000 0.000 0.000 0.000 0.000 0.000 0.000 0.000 0.000 0.000 0.000 0.000 0.000 0.000 0.000 0.000 0.001 0.001 0.001 0.001 0.001 0.002 0.004 0.008 0.014 0.025 0.042 0.057 0.064 0.066 0.065 0.059 0.046 0.028 0.014 0.008 0.004 0.001 0.001 0.000 0.000 0.000 0.000 0.000 0.001 0.001 0.001 0.001 0.001 0.002 0.003 0.006 0.010 0.016 0.024 0.037 0.061 0.108 0.185 0.342 0.567 0.853 1.048 1.135 1.152 1.121 0.990 0.712
0.000 0.000 0.000 0.000 0.000 0.000 0.000 0.000 0.000 0.000 0.000 0.000 0.000 0.000 0.000 0.000 0.000 0.000 0.000 0.000 0.000 0.000 0.000 0.001 0.001 0.001 0.001 0.002 0.004 0.007 0.014 0.027 0.049 0.083 0.112 0.128 0.133 0.131 0.121 0.094 0.058 0.030 0.019 0.010 0.004 0.002 0.001 0.000 0.000 0.000 0.000 0.000 0.001 0.001 0.001 0.002 0.004 0.007 0.015 0.027 0.043 0.056 0.074 0.106 0.170 0.268 0.427 0.730 1.131 1.430 1.555 1.574 1.526 1.341 0.965
0.000 0.000 0.000 0.000 0.000 0.000 0.000 0.000 0.000 0.000 0.000 0.000 0.000 0.000 0.000 0.000 0.000 0.000 0.000 0.000 0.000 0.000 0.000 0.001 0.001 0.001 0.002 0.003 0.006 0.013 0.026 0.050 0.090 0.152 0.209 0.241 0.252 0.252 0.233 0.179 0.114 0.070 0.036 0.019 0.011 0.004 0.001 0.001 0.000 0.000 0.000 0.000 0.000 0.001 0.003 0.004 0.004 -0.006 -0.026 -0.075 -0.015 0.116 0.145 0.181 0.249 0.355 0.459 0.791 1.269 1.737 1.886 1.899 1.818 1.566 1.111
0.000 0.000 0.000 0.000 0.000 0.000 0.000 0.000 0.000 0.000 0.000 0.000 0.000 0.000 0.000 0.000 0.000 0.000 0.000 0.000 0.000 0.000 0.000 0.001 0.001 0.001 0.003 0.005 0.010 0.022 0.045 0.087 0.157 0.266 0.364 0.418 0.435 0.424 0.374 0.298 0.204 0.136 0.072 0.038 0.022 0.005 0.001 0.001 0.000 0.000 0.000 -0.000 0.000 0.001 -0.000 -0.006 -0.018 -0.028 -0.038 -0.115 -0.243 -0.126 0.182 0.238 0.255 0.281 0.530 0.887 1.407 1.956 2.148 2.154 2.024 1.699 1.182
0.000 0.000 0.000 0.000 0.000 0.000 0.000 0.000 0.000 0.000 0.000 0.000 0.000 0.000 0.000 0.000 0.000 0.000 0.000 0.000 0.000 0.000 0.000 0.000 0.001 0.001 0.003 0.007 0.016 0.035 0.071 0.136 0.248 0.403 0.521 0.572 0.575 0.517 0.432 0.357 0.282 0.204 0.003 -0.024 0.014 0.003 -0.001 -0.000 -0.000 -0.000 -0.000 -0.000 0.001 0.001 -0.001 -0.007 -0.021 -0.032 -0.031 -0.027 -0.131 -0.172 0.125 0.106 0.015 -0.055 -0.161 -0.206 0.399 1.115 2.184 2.301 2.171 1.789 1.218
0.000 0.000 0.000 0.000 0.000 0.000 0.000 0.000 0.000 0.000 0.000 0.000 0.000 0.000 0.000 0.000 0.000 0.000 0.000 0.000 0.000 0.000 0.000 0.000 0.001 0.002 0.004 0.009 0.020 0.044 0.091 0.176 0.316 0.490 0.600 -0.230 -0.810 -0.609 -0.225 -0.082 -0.083 -0.184 -0.211 -0.103 -0.032 -0.009 -0.004 -0.001 -0.001 -0.000 -0.000 -0.001 0.000 -0.000 -0.004 -0.010 -0.019 -0.029 -0.036 -0.028 -0.005 -0.083 -0.198 -0.370 -0.444 -0.540 -0.850 -1.333 -1.310 -0.653 0.226 1.365 1.459 1.351 0.301
0.000 0.000 0.000 0.000 0.000 0.000 0.000 0.000 0.000 0.000 0.000 0.000 0.000 0.000 0.000 0.000 0.000 0.000 0.000 0.000 0.000 0.000 0.000 0.000 0.001 0.002 0.004 0.009 0.018 0.046 0.099 0.198 0.355 0.512 -0.607 -1.630 -1.468 -1.001 -0.620 -0.434 -0.391 -0.253 -0.125 -0.065 -0.028 -0.011 -0.005 -0.002 -0.001 -0.001 -0.001 -0.001 -0.000 -0.001 -0.004 -0.008 -0.016 -0.028 -0.033 -0.026 0.002 -0.063 -0.318 -0.536 -0.547 -0.568 -0.786 -1.250 -1.936 -1.813 -0.706 0.166 0.287 -0.377 -0.974
0.000 0.000 0.000 0.000 0.000 0.000 0.000 0.000 0.000 0.000 0.000 0.000 0.000 0.000 0.000 0.000 0.000 0.000 0.000 0.000 0.000 0.000 0.000 0.000 0.001 0.001 0.004 0.009 0.015 0.013 0.068 -0.013 -0.122 -0.524 -1.440 -1.184 -0.844 -0.773 -0.531 -0.295 -0.184 -0.129 -0.082 -0.056 -0.035 -0.018 -0.007 -0.003 -0.002 -0.001 -0.001 -0.001 -0.001 -0.002 -0.003 -0.004 -0.009 -0.022 -0.044 -0.047 -0.066 -0.110 -0.118 -0.149 -0.251 -0.368 -0.748 -1.340 -1.580 -1.950 -1.872 -1.516 -1.366 -0.681 -0.204
0.000 0.000 0.000 0.000 0.000 0.000 0.000 0.000 0.000 0.000 0.000 0.000 0.000 0.000 0.000 0.000 0.000 0.000 0.000 0.000 0.000 0.000 0.000 0.000 0.000 0.001 0.003 0.009 0.005 -0.062 -0.177 -0.240 -0.300 -0.477 -0.512 -0.560 -0.906 -0.973 -0.649 -0.304 -0.167 -0.114 -0.081 -0.058 -0.040 -0.026 -0.010 -0.005 -0.003 -0.002 -0.002 -0.002 -0.002 -0.002 -0.002 -0.002 -0.004 -0.015 -0.051 -0.109 -0.118 -0.119 -0.081 -0.082 -0.130 -0.238 -0.778 -1.709 -1.886 -1.908 -1.741 -0.970 -0.387 -0.130 -0.035
0.000 0.000 0.000 0.000 0.000 0.000 0.000 0.000 0.000 0.000 0.000 0.000 0.000 0.000 0.000 0.000 0.000 0.000 0.000 0.000 0.000 0.000 0.000 0.000 0.000 0.000 0.001 -0.004 -0.017 -0.035 -0.039 -0.044 -0.041 -0.066 -0.111 -0.298 -0.804 -1.216 -0.934 -0.400 -0.184 -0.117 -0.087 -0.066 -0.044 -0.027 -0.014 -0.008 -0.005 -0.004 -0.003 -0.003 -0.002 -0.002 -0.002 -0.001 -0.001 -0.009 -0.061 -0.172 -0.185 -0.113 -0.071 -0.071 -0.084 -0.130 -0.688 -1.866 -2.069 -1.936 -1.312 -0.591 -0.197 -0.068 -0.018
0.000 0.000 0.000 0.000 0.000 0.000 0.000 0.000 0.000 0.000 0.000 0.000 0.000 0.000 0.000 0.000 0.000 0.000 0.000 0.000 0.000 0.000 0.000 0.000 0.000 0.000 -0.000 -0.001 -0.005 -0.011 -0.017 -0.020 -0.021 -0.026 -0.028 -0.051 -0.347 -1.153 -1.292 -0.594 -0.191 -0.122 -0.095 -0.067 -0.042 -0.027 -0.015 -0.010 -0.008 -0.006 -0.006 -0.005 -0.003 -0.002 -0.001 -0.000 -0.003 -0.009 -0.043 -0.181 -0.250 -0.132 -0.075 -0.070 -0.069 -0.054 -0.660 -2.035 -2.216 -1.693 -0.873 -0.383 -0.150 -0.057 -0.018
0.000 0.000 0.000 0.000 0.000 0.000 0.000 0.000 0.000 0.000 0.000 0.000 0.000 0.000 0.000 0.000 0.000 0.000 0.000 0.000 0.000 0.000 0.000 0.000 0.000 0.000 0.000 -0.001 -0.002 -0.005 -0.011 -0.015 -0.016 -0.016 -0.016 -0.011 -0.027 -0.510 -1.486 -0.861 -0.190 -0.112 -0.087 -0.063 -0.031 -0.023 -0.015 -0.012 -0.010 -0.009 -0.009 -0.005 -0.003 -0.001 -0.001 -0.002 -0.007 -0.013 -0.018 -0.157 -0.259 -0.166 -0.096 -0.084 -0.047 -0.029 -0.863 -2.239 -2.322 -1.400 -0.594 -0.251 -0.112 -0.048 -0.015
0.000 0.000 0.000 0.000 0.000 0.000 0.000 0.000 0.000 0.000 0.000 0.000 0.000 0.000 0.000 0.000 0.000 0.000 0.000 0.000 0.000 0.000 0.000 0.000 0.000 0.000 -0.000 -0.000 -0.001 -0.002 -0.006 -0.011 -0.013 -0.012 -0.011 -0.009 -0.000 -0.012 -0.918 -1.449 -0.287 -0.123 -0.050 -0.035 -0.023 -0.021 -0.013 -0.011 -0.008 -0.009 -0.007 -0.005 -0.002 0.001 0.003 -0.002 -0.009 -0.011 -0.014 -0.092 -0.200 -0.176 -0.111 -0.083 -0.008 -0.097 -1.301 -2.491 -2.087 -1.040 -0.378 -0.161 -0.081 -0.036 -0.003
0.000 0.000 0.000 0.000 0.000 0.000 0.000 0.000 0.000 0.000 0.000 0.000 0.000 0.000 0.000 0.000 0.000 0.000 0.000 0.000 0.000 0.000 0.000 0.000 -0.000 -0.000 -0.000 0.001 0.000 -0.001 -0.001 -0.006 -0.012 -0.010 -0.009 -0.011 -0.010 0.003 -0.107 -1.457 -0.978 -0.194 -0.052 -0.033 -0.033 -0.018 -0.012 -0.007 0.001 0.002 -0.004 -0.006 -0.003 0.003 0.007 0.000 -0.010 -0.009 -0.019 -0.066 -0.127 -0.150 -0.114 -0.068 0.027 -0.168 -1.606 -2.504 -2.075 -0.886 -0.310 -0.135 -0.065 -0.005 0.012
0.000 0.000 0.000 0.000 0.000 0.000 0.000 0.000 0.000 0.000 0.000 0.000 0.000 0.000 0.000 0.000 0.000 0.000 0.000 0.000 0.000 0.000 0.000 0.000 -0.000 -0.000 -0.000 -0.000 -0.000 -0.001 0.000 0.000 -0.007 -0.010 -0.008 -0.009 -0.010 -0.009 0.012 -0.514 -1.231 -0.646 -0.170 -0.055 -0.036 -0.020 -0.013 -0.004 0.006 0.009 -0.002 -0.006 -0.002 0.004 0.008 0.001 -0.009 -0.009 -0.016 -0.050 -0.097 -0.132 -0.117 -0.018 0.054 -0.259 -1.638 -2.324 -1.908 -0.596 -0.069 0.008 0.016 0.027 0.020
0.000 0.000 0.000 0.000 0.000 0.000 0.000 0.000 0.000 0.000 0.000 0.000 0.000 0.000 0.000 0.000 0.000 0.000 0.000 0.000 0.000 0.000 0.000 -0.000 -0.000 -0.000 -0.000 -0.000 -0.001 -0.001 -0.000 0.001 -0.004 -0.011 -0.009 -0.008 -0.009 -0.016 -0.023 -0.047 -0.603 -0.932 -0.337 -0.083 -0.041 -0.025 -0.013 -0.003 0.007 0.008 -0.002 -0.003 0.001 0.006 0.007 0.000 -0.007 -0.008 -0.010 -0.030 -0.080 -0.122 -0.067 0.066 -0.014 -0.414 -1.458 -1.963 -1.414 -0.317 0.094 0.097 0.065 0.043 0.027
0.000 0.000 0.000 0.000 0.000 0.000 0.000 0.000 0.000 0.000 0.000 0.000 0.000 0.000 0.000 0.000 0.000 0.000 0.000 0.000 0.000 0.000 0.000 -0.000 -0.000 -0.000 -0.000 -0.001 -0.001 -0.001 -0.002 -0.002 -0.004 -0.011 -0.010 -0.010 -0.009 -0.018 -0.053 -0.140 -0.222 -0.443 -0.404 -0.107 -0.046 -0.029 -0.015 -0.003 0.005 0.004 -0.002 -0.000 0.004 0.007 0.006 0.001 -0.002 -0.003 -0.006 -0.012 -0.045 -0.077 0.024 0.031 -0.195 -0.435 -1.159 -1.552 -0.898 -0.129 0.096 0.134 0.086 0.054 0.032
0.000 0.000 0.000 0.000 0.000 0.000 0.000 0.000 0.000 0.000 0.000 0.000 0.000 0.000 0.000 0.000 0.000 0.000 0.000 0.000 0.000 0.000 0.000 -0.000 -0.000 -0.000 -0.000 -0.001 -0.001 -0.001 -0.002 -0.003 -0.005 -0.008 -0.010 -0.010 -0.009 -0.015 -0.053 -0.190 -0.329 -0.347 -0.304 -0.127 -0.050 -0.029 -0.018 -0.006 0.001 -0.001 -0.003 -0.000 0.003 0.006 0.006 0.006 0.006 0.003 0.002 -0.000 -0.016 -0.005 0.050 -0.097 -0.241 -0.378 -0.869 -1.095 -0.429 0.051 0.103 0.147 0.097 0.059 0.034
0.000 0.000 0.000 0.000 0.000 0.000 0.000 0.000 0.000 0.000 0.000 0.000 0.000 0.000 0.000 0.000 0.000 0.000 0.000 0.000 0.000 0.000 -0.000 -0.000 -0.000 -0.000 -0.000 -0.001 -0.001 -0.001 -0.002 -0.003 -0.004 -0.005 -0.008 -0.008 -0.008 -0.011 -0.034 -0.143 -0.307 -0.386 -0.334 -0.154 -0.053 -0.028 -0.019 -0.013 -0.008 -0.007 -0.005 -0.001 0.003 0.006 0.007 0.009 0.008 0.005 0.010 0.010 0.002 0.021 0.003 -0.103 -0.206 -0.259 -0.522 -0.577 -0.164 0.085 0.091 0.154 0.105 0.063 0.036
0.000 0.000 0.000 0.000 0.000 0.000 0.000 0.000 0.000 0.000 0.000 0.000 0.000 0.000 0.000 0.000 0.000 0.000 0.000 0.000 0.000 -0.000 -0.000 -0.000 -0.000 -0.000 -0.000 -0.001 -0.001 -0.001 -0.002 -0.002 -0.003 -0.004 -0.005 -0.006 -0.006 -0.006 -0.016 -0.096 -0.269 -0.338 -0.317 -0.189 -0.054 -0.028 -0.017 -0.015 -0.013 -0.008 -0.001 0.004 0.006 0.006 0.007 0.009 0.010 0.010 0.011 0.014 0.006 0.012 -0.008 -0.087 -0.135 -0.101 -0.042 -0.214 -0.116 -0.046 0.006 0.076 0.096 0.068 0.037
0.000 0.000 0.000 0.000 0.000 0.000 0.000 0.000 0.000 0.000 0.000 0.000 0.000 0.000 0.000 0.000 0.000 0.000 0.000 -0.000 -0.000 -0.000 -0.000 -0.000 -0.000 -0.000 -0.000 -0.001 -0.001 -0.001 -0.002 -0.002 -0.002 -0.003 -0.003 -0.003 -0.005 -0.006 -0.007 -0.056 -0.262 -0.329 -0.245 -0.148 -0.052 -0.023 -0.016 -0.012 -0.012 -0.008 0.003 0.006 0.004 0.006 0.008 0.011 0.009 0.008 0.005 0.001 0.017 0.045 0.050 -0.108 -0.134 0.021 0.123 0.027 -0.010 -0.007 0.023 0.071 0.010 0.043 0.034
0.000 0.000 0.000 0.000 0.000 0.000 0.000 0.000 0.000 0.000 0.000 0.000 0.000 0.000 0.000 0.000 0.000 0.000 -0.000 -0.000 -0.000 -0.000 -0.000 -0.000 -0.000 -0.000 -0.000 -0.001 -0.001 -0.002 -0.002 -0.002 -0.002 -0.002 -0.002 -0.002 -0.003 -0.005 -0.008 -0.018 -0.114 -0.292 -0.247 -0.124 -0.046 -0.021 -0.013 -0.008 -0.010 -0.005 0.003 0.004 0.003 0.007 0.009 0.013 0.009 0.003 -0.002 0.026 0.067 0.087 0.033 -0.048 -0.075 -0.026 -0.017 -0.034 -0.007 0.016 0.019 0.037 0.014 -0.021 -0.007
0.000 0.000 0.000 0.000 0.000 0.000 0.000 0.000 0.000 0.000 0.000 0.000 0.000 0.000 0.000 0.000 0.000 0.000 -0.000 -0.000 -0.001 -0.001 -0.001 -0.000 -0.000 -0.000 -0.000 -0.001 -0.001 -0.002 -0.002 -0.002 -0.002 -0.002 -0.001 -0.001 -0.001 -0.002 -0.005 -0.004 0.012 -0.151 -0.285 -0.146 -0.039 -0.017 -0.009 -0.006 -0.006 -0.002 0.003 0.005 0.005 0.008 0.012 0.012 0.007 -0.000 0.018 0.057 0.083 0.115 0.101 0.022 -0.077 -0.097 -0.079 -0.042 -0.008 0.012 0.011 0.013 0.015 0.014 0.006
0.000 0.000 0.000 0.000 0.000 0.000 0.000 0.000 0.000 0.000 0.000 0.000 0.000 0.000 0.000 0.000 0.000 0.000 -0.000 -0.000 -0.000 -0.001 -0.001 -0.001 -0.000 -0.000 -0.000 -0.001 -0.001 -0.001 -0.002 -0.001 -0.001 -0.001 -0.001 -0.001 -0.001 -0.002 0.000 0.001 0.012 -0.055 -0.239 -0.133 -0.033 -0.013 -0.007 -0.004 -0.001 0.000 0.003 0.006 0.007 0.009 0.014 0.010 -0.002 -0.003 0.025 0.047 0.079 0.150 0.181 0.092 -0.090 -0.060 -0.042 -0.024 -0.006 0.010 0.010 0.009 0.008 0.006 0.004
0.000 0.000 0.000 0.000 0.000 0.000 0.000 0.000 0.000 0.000 0.000 0.000 0.000 0.000 0.000 0.000 0.000 0.000 -0.000 -0.000 -0.000 -0.001 -0.001 -0.001 -0.001 -0.001 -0.001 -0.001 -0.001 -0.001 -0.001 -0.001 -0.001 -0.001 -0.001 -0.001 -0.001 0.001 0.001 0.000 0.002 -0.066 -0.158 -0.123 -0.028 -0.012 -0.006 -0.000 0.002 0.003 0.004 0.005 0.007 0.010 0.013 0.003 -0.017 0.001 0.048 0.113 0.132 0.160 0.151 0.002 -0.026 -0.017 -0.005 0.004 0.011 0.013 0.010 0.008 0.006 0.004 0.002
