AvaFrame/avaframe/data/avaKot/Avaflow_Input_Output_old/gar_results/gar_ascii/gar_hflow10015.asc
ncols 88
nrows 125
xllcenter 176963.44
yllcenter 376270.31
cellsize 20.00
NODATA_value -9999.000
[rows 34 to 67 of 125, columns 0 to 76 of 88]
0.000 0.000 0.000 0.000 0.000 0.000 0.000 0.000 0.000 0.000 0.000 0.000 0.000 0.000 0.000 0.000 0.000 0.000 0.000 0.000 0.000 0.000 0.000 0.000 0.000 0.000 0.000 0.000 0.000 0.000 0.000 0.000 0.000 0.000 0.000 0.000 0.000 0.000 0.000 0.000 0.000 0.000 0.000 0.000 0.000 0.000 0.000 0.000 0.000 0.000 0.000 0.000 0.000 0.000 0.000 0.000 0.000 0.000 0.000 0.000 0.000 0.000 0.000 0.000 0.000 0.000 0.001 0.001 0.000 0.001 0.001 0.001 0.000 0.000 0.000 0.000 0.000
0.000 0.000 0.000 0.000 0.000 0.000 0.000 0.000 0.000 0.000 0.000 0.000 0.000 0.000 0.000 0.000 0.000 0.000 0.000 0.000 0.000 0.000 0.000 0.000 0.000 0.000 0.000 0.000 0.000 0.000 0.000 0.000 0.000 0.000 0.000 0.000 0.000 0.000 0.000 0.000 0.000 0.000 0.000 0.000 0.000 0.000 0.000 0.000 0.000 0.000 0.000 0.000 0.000 0.000 0.000 0.000 0.000 0.000 0.000 0.000 0.000 0.000 0.000 0.000 0.001 0.001 0.001 0.001 0.002 0.002 0.003 0.003 0.002 0.002 0.001 0.000 0.000
0.000 0.000 0.000 0.000 0.000 0.000 0.000 0.000 0.000 0.000 0.000 0.000 0.000 0.000 0.000 0.000 0.000 0.000 0.000 0.000 0.000 0.000 0.000 0.000 0.000 0.000 0.000 0.000 0.000 0.000 0.000 0.000 0.000 0.000 0.000 0.000 0.000 0.000 0.000 0.000 0.000 0.000 0.000 0.000 0.000 0.000 0.000 0.000 0.000 0.000 0.000 0.000 0.000 0.000 0.000 0.000 0.000 0.000 0.000 0.000 0.000 0.000 0.001 0.001 0.001 0.001 0.001 0.002 0.004 0.008 0.010 0.010 0.010 0.008 0.004 0.002 0.001
0.000 0.000 0.000 0.000 0.000 0.000 0.000 0.000 0.000 0.000 0.000 0.000 0.000 0.000 0.000 0.000 0.000 0.000 0.000 0.000 0.000 0.000 0.000 0.000 0.000 0.000 0.000 0.000 0.000 0.000 0.000 0.000 0.000 0.000 0.000 0.000 0.000 0.000 0.000 0.000 0.000 0.000 0.000 0.000 0.000 0.000 0.000 0.000 0.000 0.000 0.000 0.000 0.000 0.000 0.000 0.000 0.000 0.000 0.000 0.000 0.000 0.001 0.001 0.001 0.001 0.002 0.003 0.007 0.016 0.030 0.038 0.040 0.038 0.031 0.016 0.007 0.002
0.000 0.000 0.000 0.000 0.000 0.000 0.000 0.000 0.000 0.000 0.000 0.000 0.000 0.000 0.000 0.000 0.000 0.000 0.000 0.000 0.000 0.000 0.000 0.000 0.000 0.000 0.000 0.000 0.000 0.000 0.000 0.000 0.001 0.001 0.001 0.000 0.000 0.000 0.000 0.000 0.000 0.000 0.000 0.000 0.000 0.000 0.000 0.000 0.000 0.000 0.000 0.000 0.000 0.000 0.000 0.000 0.000 0.000 0.000 0.000 0.000 0.001 0.001 0.001 0.002 0.004 0.009 0.022 0.050 0.095 0.125 0.132 0.127 0.103 0.057 0.024 0.009
0.000 0.000 0.000 0.000 0.000 0.000 0.000 0.000 0.000 0.000 0.000 0.000 0.000 0.000 0.000 0.000 0.000 0.000 0.000 0.000 0.000 0.000 0.000 0.000 0.000 0.000 0.000 0.000 0.000 0.000 0.001 0.001 0.001 0.001 0.001 0.002 0.002 0.002 0.001 0.001 0.000 0.000 0.000 0.000 0.000 0.000 0.000 0.000 0.000 0.000 0.000 0.000 0.000 0.000 0.000 0.000 0.000 0.000 0.000 0.000 0.001 0.001 0.001 0.002 0.004 0.010 0.026 0.061 0.132 0.252 0.342 0.366 0.355 0.294 0.173 0.076 0.029
0.000 0.000 0.000 0.000 0.000 0.000 0.000 0.000 0.000 0.000 0.000 0.000 0.000 0.000 0.000 0.000 0.000 0.000 0.000 0.000 0.000 0.000 0.000 0.000 0.000 0.000 0.000 0.000 0.000 0.001 0.001 0.001 0.001 0.002 0.003 0.005 0.006 0.006 0.006 0.004 0.002 0.001 0.000 0.000 0.000 0.000 0.000 0.000 0.000 0.000 0.000 0.000 0.000 0.000 0.000 0.000 0.000 0.000 0.000 0.001 0.001 0.001 0.002 0.003 0.008 0.023 0.060 0.139 0.286 0.528 0.773 0.849 0.828 0.706 0.447 0.205 0.081
0.000 0.000 0.000 0.000 0.000 0.000 0.000 0.000 0.000 0.000 0.000 0.000 0.000 0.000 0.000 0.000 0.000 0.000 0.000 0.000 0.000 0.000 0.000 0.000 0.000 0.000 0.000 0.000 0.001 0.001 0.001 0.001 0.002 0.005 0.011 0.018 0.022 0.022 0.020 0.015 0.007 0.003 0.001 0.000 0.000 0.000 0.000 0.000 0.000 0.000 0.000 0.000 0.000 0.000 0.000 0.000 0.000 0.000 0.001 0.001 0.001 0.001 0.003 0.006 0.017 0.045 0.109 0.224 0.412 0.725 1.213 1.537 1.561 1.398 0.968 0.467 0.189
0.000 0.000 0.000 0.000 0.000 0.000 0.000 0.000 0.000 0.000 0.000 0.000 0.000 0.000 0.000 0.000 0.000 0.000 0.000 0.000 0.000 0.000 0.000 0.000 0.000 0.000 0.000 0.000 0.001 0.001 0.001 0.002 0.006 0.014 0.032 0.055 0.067 0.069 0.065 0.049 0.024 0.010 0.004 0.001 0.000 0.000 0.000 0.000 0.000 0.000 0.000 0.000 0.000 0.000 0.000 0.000 0.000 0.001 0.001 0.001 0.001 0.002 0.005 0.012 0.030 0.070 0.146 0.266 0.446 0.760 1.327 1.971 2.158 2.019 1.544 0.831 0.357
0.000 0.000 0.000 0.000 0.000 0.000 0.000 0.000 0.000 0.000 0.000 0.000 0.000 0.000 0.000 0.000 0.000 0.000 0.000 0.000 0.000 0.000 0.000 0.000 0.000 0.000 0.000 0.001 0.001 0.001 0.002 0.006 0.016 0.039 0.086 0.146 0.178 0.186 0.180 0.137 0.073 0.033 0.013 0.005 0.001 0.000 0.000 0.000 0.000 0.000 0.000 0.000 0.000 0.000 0.000 0.000 0.000 0.001 0.001 0.001 0.002 0.004 0.009 0.021 0.049 0.097 0.159 0.229 0.308 0.458 0.919 1.829 2.399 2.345 1.865 1.057 0.463
0.000 0.000 0.000 0.000 0.000 0.000 0.000 0.000 0.000 0.000 0.000 0.000 0.000 0.000 0.000 0.000 0.000 0.000 0.000 0.000 0.000 0.000 0.000 0.000 0.000 0.000 0.000 0.001 0.001 0.002 0.005 0.014 0.037 0.091 0.198 0.315 0.377 0.385 0.344 0.265 0.170 0.090 0.039 0.015 0.004 0.001 0.000 0.000 0.000 0.000 0.000 0.000 0.000 0.000 0.000 0.000 0.001 0.001 0.001 0.001 0.003 0.006 0.016 0.038 0.077 0.114 0.137 0.162 0.202 0.282 0.488 1.106 1.959 2.279 1.934 1.142 0.494
0.000 0.000 0.000 0.000 0.000 0.000 0.000 0.000 0.000 0.000 0.000 0.000 0.000 0.000 0.000 0.000 0.000 0.000 0.000 0.000 0.000 0.000 0.000 0.000 0.000 0.000 0.000 0.001 0.001 0.003 0.009 0.027 0.074 0.174 0.336 0.463 0.505 0.478 0.379 0.286 0.218 0.148 0.077 0.032 0.010 0.003 0.001 0.000 0.000 0.000 0.000 0.000 0.000 0.000 0.000 0.001 0.001 0.001 0.001 0.002 0.003 0.009 0.026 0.063 0.098 0.111 0.119 0.140 0.192 0.296 0.492 0.822 1.227 1.586 1.616 1.093 0.474
0.000 0.000 0.000 0.000 0.000 0.000 0.000 0.000 0.000 0.000 0.000 0.000 0.000 0.000 0.000 0.000 0.000 0.000 0.000 0.000 0.000 0.000 0.000 0.000 0.000 0.000 0.000 0.001 0.001 0.003 0.012 0.036 0.099 0.233 0.411 0.488 0.432 0.331 0.238 0.199 0.183 0.149 0.083 0.035 0.013 0.004 0.001 0.000 0.000 0.000 0.000 0.000 0.000 0.000 0.001 0.001 0.001 0.001 0.002 0.003 0.005 0.013 0.035 0.076 0.097 0.101 0.107 0.137 0.214 0.356 0.595 0.817 0.896 0.910 0.864 0.657 0.311
0.000 0.000 0.000 0.000 0.000 0.000 0.000 0.000 0.000 0.000 0.000 0.000 0.000 0.000 0.000 0.000 0.000 0.000 0.000 0.000 0.000 0.000 0.000 0.000 0.000 0.000 0.000 0.001 0.001 0.004 0.012 0.037 0.104 0.252 0.373 0.329 0.225 0.194 0.189 0.175 0.153 0.120 0.069 0.031 0.014 0.006 0.002 0.001 0.000 0.000 0.000 0.000 0.000 0.001 0.001 0.001 0.001 0.002 0.003 0.006 0.013 0.027 0.048 0.072 0.085 0.090 0.101 0.145 0.248 0.436 0.686 0.809 0.791 0.593 0.342 0.186 0.082
0.000 0.000 0.000 0.000 0.000 0.000 0.000 0.000 0.000 0.000 0.000 0.000 0.000 0.000 0.000 0.000 0.000 0.000 0.000 0.000 0.000 0.000 0.000 0.000 0.000 0.000 0.000 0.000 0.001 0.003 0.011 0.033 0.089 0.179 0.189 0.145 0.161 0.204 0.210 0.186 0.146 0.097 0.055 0.030 0.017 0.008 0.004 0.001 0.000 0.000 0.000 0.000 0.001 0.001 0.001 0.001 0.001 0.003 0.007 0.015 0.033 0.053 0.063 0.068 0.072 0.076 0.095 0.159 0.297 0.518 0.735 0.799 0.706 0.396 0.156 0.060 0.024
0.000 0.000 0.000 0.000 0.000 0.000 0.000 0.000 0.000 0.000 0.000 0.000 0.000 0.000 0.000 0.000 0.000 0.000 0.000 0.000 0.000 0.000 0.000 0.000 0.000 0.000 0.000 0.000 0.000 0.002 0.007 0.015 0.032 0.055 0.066 0.082 0.137 0.212 0.234 0.210 0.145 0.083 0.050 0.033 0.021 0.013 0.007 0.003 0.001 0.000 0.000 0.001 0.001 0.001 0.001 0.001 0.002 0.004 0.012 0.032 0.057 0.068 0.069 0.069 0.064 0.062 0.083 0.174 0.375 0.598 0.737 0.745 0.565 0.252 0.091 0.032 0.013
0.000 0.000 0.000 0.000 0.000 0.000 0.000 0.000 0.000 0.000 0.000 0.000 0.000 0.000 0.000 0.000 0.000 0.000 0.000 0.000 0.000 0.000 0.000 0.000 0.000 0.000 0.000 0.000 0.000 0.001 0.003 0.005 0.009 0.017 0.028 0.044 0.088 0.183 0.250 0.240 0.150 0.074 0.049 0.037 0.027 0.019 0.011 0.005 0.002 0.001 0.000 0.001 0.001 0.001 0.001 0.001 0.002 0.005 0.014 0.040 0.071 0.075 0.072 0.070 0.058 0.051 0.072 0.192 0.469 0.653 0.696 0.649 0.430 0.185 0.067 0.023 0.010
0.000 0.000 0.000 0.000 0.000 0.000 0.000 0.000 0.000 0.000 0.000 0.000 0.000 0.000 0.000 0.000 0.000 0.000 0.000 0.000 0.000 0.000 0.000 0.000 0.000 0.000 0.000 0.000 0.000 0.000 0.001 0.003 0.005 0.008 0.014 0.021 0.038 0.107 0.237 0.273 0.173 0.073 0.052 0.042 0.033 0.025 0.014 0.006 0.003 0.001 0.001 0.001 0.001 0.001 0.001 0.002 0.003 0.006 0.014 0.040 0.078 0.082 0.074 0.069 0.052 0.046 0.073 0.226 0.544 0.678 0.668 0.559 0.330 0.144 0.055 0.021 0.009
0.000 0.000 0.000 0.000 0.000 0.000 0.000 0.000 0.000 0.000 0.000 0.000 0.000 0.000 0.000 0.000 0.000 0.000 0.000 0.000 0.000 0.000 0.000 0.000 0.000 0.000 0.000 0.000 0.000 0.000 0.001 0.002 0.003 0.006 0.009 0.013 0.017 0.036 0.151 0.292 0.222 0.083 0.054 0.047 0.039 0.028 0.015 0.007 0.003 0.002 0.001 0.001 0.001 0.001 0.002 0.002 0.004 0.008 0.015 0.036 0.077 0.087 0.079 0.066 0.049 0.046 0.092 0.293 0.582 0.673 0.631 0.455 0.243 0.112 0.046 0.020 0.010
0.000 0.000 0.000 0.000 0.000 0.000 0.000 0.000 0.000 0.000 0.000 0.000 0.000 0.000 0.000 0.000 0.000 0.000 0.000 0.000 0.000 0.000 0.000 0.000 0.000 0.000 0.000 0.000 0.000 0.001 0.001 0.002 0.003 0.005 0.007 0.010 0.012 0.013 0.049 0.238 0.274 0.118 0.059 0.051 0.043 0.029 0.015 0.007 0.004 0.003 0.002 0.002 0.002 0.002 0.002 0.003 0.006 0.010 0.016 0.032 0.068 0.086 0.082 0.062 0.048 0.054 0.131 0.379 0.583 0.621 0.555 0.354 0.180 0.086 0.039 0.019 0.010
0.000 0.000 0.000 0.000 0.000 0.000 0.000 0.000 0.000 0.000 0.000 0.000 0.000 0.000 0.000 0.000 0.000 0.000 0.000 0.000 0.000 0.000 0.000 0.000 0.000 0.000 0.000 0.000 0.000 0.001 0.001 0.001 0.002 0.004 0.006 0.008 0.009 0.010 0.012 0.110 0.262 0.193 0.088 0.058 0.044 0.027 0.013 0.007 0.004 0.004 0.003 0.003 0.002 0.002 0.003 0.004 0.008 0.013 0.019 0.031 0.059 0.079 0.077 0.058 0.051 0.074 0.181 0.437 0.569 0.572 0.479 0.277 0.134 0.068 0.036 0.020 0.011
0.000 0.000 0.000 0.000 0.000 0.000 0.000 0.000 0.000 0.000 0.000 0.000 0.000 0.000 0.000 0.000 0.000 0.000 0.000 0.000 0.000 0.000 0.000 0.000 0.000 0.000 0.000 0.000 0.000 0.001 0.001 0.001 0.002 0.004 0.006 0.007 0.008 0.012 0.016 0.036 0.179 0.272 0.189 0.079 0.043 0.024 0.013 0.007 0.006 0.005 0.005 0.004 0.003 0.003 0.004 0.006 0.010 0.016 0.021 0.031 0.054 0.071 0.069 0.058 0.061 0.110 0.240 0.463 0.552 0.543 0.441 0.255 0.129 0.070 0.041 0.023 0.012
0.000 0.000 0.000 0.000 0.000 0.000 0.000 0.000 0.000 0.000 0.000 0.000 0.000 0.000 0.000 0.000 0.000 0.000 0.000 0.000 0.000 0.000 0.000 0.000 0.000 0.000 0.000 0.000 0.000 0.001 0.001 0.001 0.002 0.004 0.006 0.007 0.008 0.013 0.021 0.038 0.098 0.230 0.244 0.123 0.046 0.025 0.014 0.010 0.009 0.009 0.008 0.007 0.005 0.005 0.006 0.008 0.013 0.018 0.024 0.032 0.050 0.065 0.065 0.065 0.092 0.166 0.296 0.467 0.531 0.519 0.421 0.273 0.157 0.091 0.051 0.027 0.012
0.000 0.000 0.000 0.000 0.000 0.000 0.000 0.000 0.000 0.000 0.000 0.000 0.000 0.000 0.000 0.000 0.000 0.000 0.000 0.000 0.000 0.000 0.000 0.000 0.000 0.000 0.000 0.000 0.001 0.001 0.001 0.001 0.002 0.004 0.006 0.007 0.009 0.013 0.023 0.045 0.090 0.157 0.192 0.153 0.059 0.027 0.018 0.014 0.013 0.012 0.010 0.008 0.007 0.007 0.008 0.010 0.014 0.019 0.026 0.034 0.047 0.061 0.067 0.084 0.136 0.219 0.343 0.459 0.502 0.488 0.398 0.280 0.174 0.101 0.054 0.027 0.012
0.000 0.000 0.000 0.000 0.000 0.000 0.000 0.000 0.000 0.000 0.000 0.000 0.000 0.000 0.000 0.000 0.000 0.000 0.000 0.000 0.000 0.000 0.000 0.000 0.000 0.000 0.000 0.000 0.001 0.001 0.001 0.001 0.002 0.003 0.005 0.007 0.009 0.013 0.021 0.043 0.093 0.139 0.148 0.134 0.068 0.030 0.021 0.017 0.015 0.013 0.011 0.009 0.008 0.008 0.009 0.012 0.015 0.021 0.028 0.037 0.048 0.061 0.077 0.112 0.173 0.274 0.384 0.436 0.459 0.444 0.366 0.263 0.170 0.100 0.053 0.026 0.012
0.000 0.000 0.000 0.000 0.000 0.000 0.000 0.000 0.000 0.000 0.000 0.000 0.000 0.000 0.000 0.000 0.000 0.000 0.000 0.000 0.000 0.000 0.000 0.000 0.000 0.000 0.000 0.000 0.001 0.001 0.001 0.001 0.002 0.003 0.004 0.006 0.008 0.011 0.017 0.033 0.081 0.127 0.134 0.125 0.078 0.036 0.023 0.019 0.016 0.014 0.010 0.009 0.009 0.009 0.011 0.013 0.017 0.023 0.032 0.041 0.054 0.070 0.093 0.137 0.217 0.337 0.402 0.408 0.404 0.373 0.311 0.233 0.154 0.091 0.048 0.023 0.010
0.000 0.000 0.000 0.000 0.000 0.000 0.000 0.000 0.000 0.000 0.000 0.000 0.000 0.000 0.000 0.000 0.000 0.000 0.000 0.000 0.000 0.000 0.000 0.000 0.000 0.000 0.000 0.000 0.001 0.001 0.001 0.001 0.002 0.002 0.003 0.005 0.007 0.009 0.013 0.023 0.059 0.106 0.120 0.122 0.091 0.041 0.022 0.018 0.017 0.013 0.009 0.009 0.010 0.011 0.012 0.014 0.019 0.027 0.037 0.049 0.064 0.085 0.115 0.168 0.285 0.379 0.394 0.385 0.328 0.238 0.191 0.167 0.128 0.076 0.037 0.017 0.007
0.000 0.000 0.000 0.000 0.000 0.000 0.000 0.000 0.000 0.000 0.000 0.000 0.000 0.000 0.000 0.000 0.000 0.000 0.000 0.000 0.000 0.000 0.000 0.000 0.000 0.000 0.000 0.001 0.001 0.001 0.001 0.001 0.002 0.002 0.003 0.004 0.006 0.008 0.010 0.016 0.036 0.080 0.111 0.120 0.096 0.042 0.021 0.017 0.016 0.013 0.009 0.009 0.011 0.012 0.013 0.016 0.023 0.032 0.044 0.059 0.077 0.104 0.148 0.225 0.351 0.390 0.377 0.338 0.220 0.105 0.072 0.073 0.076 0.056 0.026 0.011 0.004
0.000 0.000 0.000 0.000 0.000 0.000 0.000 0.000 0.000 0.000 0.000 0.000 0.000 0.000 0.000 0.000 0.000 0.000 0.000 0.000 0.000 0.000 0.000 0.000 0.000 0.000 0.000 0.001 0.001 0.001 0.001 0.001 0.002 0.002 0.003 0.004 0.005 0.006 0.008 0.010 0.017 0.053 0.116 0.127 0.093 0.039 0.020 0.016 0.015 0.013 0.011 0.011 0.011 0.012 0.014 0.019 0.028 0.040 0.054 0.073 0.099 0.139 0.196 0.288 0.374 0.382 0.335 0.230 0.109 0.046 0.029 0.028 0.031 0.028 0.014 0.006 0.002
0.000 0.000 0.000 0.000 0.000 0.000 0.000 0.000 0.000 0.000 0.000 0.000 0.000 0.000 0.000 0.000 0.000 0.000 0.000 0.000 0.000 0.000 0.000 0.000 0.000 0.001 0.001 0.001 0.001 0.001 0.001 0.001 0.002 0.002 0.003 0.003 0.004 0.004 0.005 0.007 0.011 0.034 0.119 0.138 0.086 0.034 0.019 0.015 0.014 0.013 0.011 0.011 0.012 0.013 0.017 0.024 0.035 0.048 0.066 0.093 0.134 0.186 0.245 0.331 0.368 0.344 0.238 0.124 0.058 0.029 0.019 0.016 0.014 0.011 0.006 0.002 0.001
0.000 0.000 0.000 0.000 0.000 0.000 0.000 0.000 0.000 0.000 0.000 0.000 0.000 0.000 0.000 0.000 0.000 0.000 0.000 0.000 0.000 0.000 0.000 0.000 0.000 0.001 0.001 0.001 0.001 0.001 0.001 0.001 0.002 0.002 0.003 0.003 0.003 0.003 0.004 0.006 0.011 0.030 0.110 0.136 0.082 0.031 0.018 0.014 0.013 0.013 0.012 0.011 0.012 0.014 0.020 0.028 0.041 0.057 0.082 0.124 0.178 0.228 0.284 0.339 0.338 0.245 0.132 0.073 0.042 0.024 0.016 0.012 0.008 0.005 0.003 0.001 0.000
0.000 0.000 0.000 0.000 0.000 0.000 0.000 0.000 0.000 0.000 0.000 0.000 0.000 0.000 0.000 0.000 0.000 0.000 0.000 0.000 0.000 0.000 0.000 0.000 0.001 0.001 0.001 0.001 0.001 0.001 0.001 0.001 0.002 0.002 0.002 0.002 0.003 0.003 0.004 0.006 0.014 0.039 0.100 0.121 0.078 0.028 0.015 0.012 0.011 0.011 0.011 0.011 0.012 0.016 0.022 0.032 0.047 0.069 0.107 0.170 0.220 0.250 0.304 0.304 0.224 0.128 0.075 0.048 0.031 0.020 0.013 0.009 0.006 0.003 0.001 0.000 0.000
0.000 0.000 0.000 0.000 0.000 0.000 0.000 0.000 0.000 0.000 0.000 0.000 0.000 0.000 0.000 0.000 0.000 0.000 0.000 0.000 0.000 0.000 0.000 0.001 0.001 0.001 0.001 0.001 0.001 0.001 0.001 0.001 0.002 0.002 0.002 0.002 0.002 0.003 0.004 0.007 0.014 0.045 0.097 0.106 0.066 0.025 0.014 0.010 0.010 0.010 0.009 0.010 0.012 0.017 0.026 0.038 0.057 0.091 0.154 0.220 0.243 0.254 0.281 0.232 0.118 0.068 0.050 0.036 0.024 0.015 0.010 0.006 0.003 0.002 0.001 0.000 0.000
0.000 0.000 0.000 0.000 0.000 0.000 0.000 0.000 0.000 0.000 0.000 0.000 0.000 0.000 0.000 0.000 0.000 0.000 0.000 0.000 0.000 0.000 0.000 0.001 0.001 0.001 0.001 0.001 0.001 0.001 0.001 0.001 0.002 0.002 0.002 0.002 0.002 0.003 0.003 0.006 0.014 0.044 0.091 0.096 0.056 0.023 0.013 0.010 0.009 0.008 0.008 0.010 0.013 0.020 0.031 0.047 0.078 0.139 0.213 0.249 0.241 0.235 0.226 0.150 0.070 0.046 0.039 0.031 0.019 0.011 0.006 0.004 0.002 0.001 0.000 0.000 0.000
