AvaFrame/avaframe/data/avaKot/Avaflow_Input_Output_old/gar_results/gar_ascii/gar_hflow_max0020.asc
ncols 88
nrows 125
xllcenter 176963.44
yllcenter 376270.31
cellsize 20.00
NODATA_value -9999.000
[rows 68 to 101 of 125, columns 0 to 76 of 88]
0.000 0.000 0.000 0.000 0.000 0.000 0.000 0.000 0.000 0.000 0.000 0.000 0.000 0.000 0.000 0.000 0.000 0.000 0.000 0.000 0.001 0.002 0.002 0.001 0.001 0.001 0.001 0.002 0.002 0.002 0.002 0.002 0.002 0.002 0.002 0.002 0.003 0.005 0.011 0.040 0.207 0.708 0.987 0.922 0.467 0.132 0.067 0.055 0.054 0.065 0.108 0.192 0.311 0.419 0.628 1.065 1.692 2.151 2.200 2.095 1.773 1.198 0.688 0.335 0.145 0.071 0.044 0.030 0.019 0.010 0.006 0.004 0.003 0.001 0.001 0.000 0.000
0.000 0.000 0.000 0.000 0.000 0.000 0.000 0.000 0.000 0.000 0.000 0.000 0.000 0.000 0.000 0.000 0.000 0.000 0.000 0.000 0.001 0.002 0.002 0.002 0.002 0.002 0.002 0.002 0.002 0.002 0.002 0.001 0.001 0.002 0.002 0.002 0.003 0.005 0.010 0.033 0.164 0.628 1.007 0.979 0.556 0.171 0.086 0.075 0.080 0.113 0.194 0.322 0.450 0.664 1.192 1.876 2.385 2.444 2.281 1.878 1.228 0.646 0.326 0.181 0.092 0.054 0.038 0.030 0.019 0.010 0.006 0.004 0.002 0.001 0.000 0.000 0.000
0.000 0.000 0.000 0.000 0.000 0.000 0.000 0.000 0.000 0.000 0.000 0.000 0.000 0.000 0.000 0.000 0.000 0.000 0.001 0.001 0.001 0.002 0.003 0.003 0.003 0.003 0.003 0.003 0.003 0.002 0.002 0.001 0.001 0.001 0.002 0.002 0.003 0.005 0.010 0.027 0.123 0.531 0.998 1.014 0.666 0.240 0.120 0.108 0.125 0.198 0.331 0.490 0.781 1.451 2.201 2.704 2.748 2.565 2.088 1.255 0.605 0.299 0.172 0.102 0.061 0.043 0.038 0.031 0.019 0.009 0.005 0.003 0.001 0.000 0.000 0.000 0.000
0.000 0.000 0.000 0.000 0.000 0.000 0.000 0.000 0.000 0.000 0.000 0.000 0.000 0.000 0.000 0.000 0.000 0.001 0.001 0.001 0.001 0.001 0.002 0.004 0.004 0.004 0.003 0.003 0.004 0.003 0.003 0.002 0.001 0.001 0.001 0.002 0.003 0.005 0.011 0.026 0.091 0.450 0.997 1.041 0.779 0.330 0.176 0.163 0.203 0.337 0.537 0.985 1.803 2.553 2.908 2.938 2.875 2.321 1.302 0.567 0.290 0.168 0.099 0.059 0.039 0.032 0.033 0.029 0.016 0.008 0.004 0.002 0.001 0.000 0.000 0.000 0.000
0.000 0.000 0.000 0.000 0.000 0.000 0.000 0.000 0.000 0.000 0.000 0.000 0.000 0.000 0.000 0.000 0.000 0.001 0.001 0.001 0.001 0.001 0.002 0.003 0.005 0.005 0.004 0.003 0.003 0.004 0.004 0.003 0.002 0.001 0.001 0.002 0.003 0.006 0.013 0.027 0.071 0.361 0.958 1.070 0.867 0.436 0.256 0.244 0.330 0.591 1.169 2.118 2.687 2.920 2.889 2.919 2.408 1.418 0.564 0.272 0.158 0.097 0.057 0.034 0.023 0.018 0.019 0.018 0.011 0.005 0.002 0.001 0.000 0.000 0.000 0.000 0.000
0.000 0.000 0.000 0.000 0.000 0.000 0.000 0.000 0.000 0.000 0.000 0.000 0.000 0.000 0.000 0.000 0.000 0.001 0.001 0.001 0.001 0.001 0.001 0.002 0.005 0.006 0.006 0.004 0.003 0.004 0.004 0.003 0.002 0.002 0.002 0.002 0.003 0.006 0.013 0.028 0.065 0.314 0.895 1.050 0.919 0.558 0.359 0.351 0.599 1.382 2.416 2.802 2.743 2.797 2.608 2.078 1.296 0.571 0.247 0.133 0.083 0.053 0.033 0.021 0.014 0.011 0.009 0.007 0.005 0.003 0.001 0.000 0.000 0.000 0.000 0.000 0.000
0.000 0.000 0.000 0.000 0.000 0.000 0.000 0.000 0.000 0.000 0.000 0.000 0.000 0.000 0.000 0.000 0.000 0.001 0.001 0.001 0.001 0.001 0.001 0.002 0.005 0.006 0.006 0.004 0.003 0.003 0.004 0.004 0.003 0.002 0.002 0.002 0.003 0.006 0.013 0.026 0.072 0.318 0.874 1.037 0.966 0.669 0.474 0.509 1.496 2.610 3.086 2.916 2.554 2.065 1.408 0.897 0.521 0.250 0.118 0.065 0.041 0.030 0.022 0.015 0.011 0.007 0.005 0.003 0.002 0.001 0.000 0.000 0.000 0.000 0.000 0.000 0.000
0.000 0.000 0.000 0.000 0.000 0.000 0.000 0.000 0.000 0.000 0.000 0.000 0.000 0.000 0.000 0.000 0.000 0.001 0.001 0.001 0.001 0.001 0.001 0.002 0.004 0.006 0.006 0.005 0.003 0.003 0.003 0.004 0.004 0.004 0.003 0.003 0.004 0.006 0.013 0.028 0.090 0.344 0.912 1.113 1.041 0.769 0.583 1.075 2.727 3.281 3.203 2.649 1.652 0.925 0.570 0.377 0.238 0.132 0.072 0.038 0.024 0.019 0.017 0.013 0.008 0.004 0.002 0.001 0.001 0.000 0.000 0.000 0.000 0.000 0.000 0.000 0.000
0.000 0.000 0.000 0.000 0.000 0.000 0.000 0.000 0.000 0.000 0.000 0.000 0.000 0.000 0.000 0.000 0.000 0.001 0.001 0.001 0.001 0.001 0.001 0.002 0.003 0.005 0.006 0.007 0.005 0.004 0.004 0.005 0.005 0.005 0.004 0.004 0.004 0.007 0.014 0.037 0.119 0.425 1.023 1.206 1.129 0.871 0.704 1.524 3.199 3.384 3.061 1.957 0.811 0.442 0.278 0.180 0.116 0.073 0.051 0.032 0.022 0.018 0.013 0.008 0.004 0.002 0.001 0.000 0.000 0.000 0.000 0.000 0.000 0.000 0.000 0.000 0.000
0.000 0.000 0.000 0.000 0.000 0.000 0.000 0.000 0.000 0.000 0.000 0.000 0.000 0.000 0.000 0.000 0.000 0.001 0.001 0.001 0.001 0.001 0.001 0.002 0.002 0.003 0.005 0.007 0.007 0.005 0.005 0.005 0.005 0.005 0.005 0.005 0.005 0.008 0.019 0.056 0.179 0.560 1.161 1.321 1.222 0.974 1.029 1.799 2.972 3.208 2.805 1.296 0.478 0.238 0.136 0.086 0.058 0.039 0.030 0.026 0.020 0.014 0.008 0.004 0.002 0.001 0.000 0.000 0.000 0.000 0.000 0.000 0.000 0.000 0.000 0.000 0.000
0.000 0.000 0.000 0.000 0.000 0.000 0.000 0.000 0.000 0.000 0.000 0.000 0.000 0.000 0.000 0.000 0.000 0.001 0.001 0.001 0.001 0.001 0.001 0.002 0.002 0.003 0.005 0.007 0.007 0.006 0.005 0.005 0.006 0.006 0.006 0.006 0.007 0.011 0.027 0.083 0.284 0.762 1.295 1.410 1.321 1.130 1.375 1.941 2.942 3.035 2.529 1.009 0.332 0.132 0.063 0.039 0.028 0.018 0.011 0.010 0.009 0.006 0.003 0.002 0.001 0.000 0.000 0.000 0.000 0.000 0.000 0.000 0.000 0.000 0.000 0.000 0.000
0.000 0.000 0.000 0.000 0.000 0.000 0.000 0.000 0.000 0.000 0.000 0.000 0.000 0.000 0.000 0.000 0.000 0.001 0.001 0.001 0.001 0.001 0.001 0.002 0.002 0.003 0.005 0.005 0.006 0.005 0.005 0.005 0.006 0.006 0.007 0.008 0.009 0.015 0.039 0.128 0.433 1.007 1.438 1.503 1.406 1.501 1.755 2.273 2.925 3.065 2.277 0.787 0.238 0.079 0.031 0.017 0.011 0.008 0.005 0.003 0.003 0.002 0.001 0.001 0.000 0.000 0.000 0.000 0.000 0.000 0.000 0.000 0.000 0.000 0.000 0.000 0.000
0.000 0.000 0.000 0.000 0.000 0.000 0.000 0.000 0.000 0.000 0.000 0.000 0.000 0.000 0.000 0.000 0.000 0.001 0.001 0.001 0.001 0.001 0.002 0.002 0.002 0.003 0.004 0.005 0.004 0.005 0.005 0.005 0.006 0.007 0.008 0.009 0.011 0.021 0.062 0.213 0.631 1.239 1.590 1.638 1.610 1.712 2.066 2.407 2.764 2.936 1.951 0.574 0.155 0.048 0.018 0.009 0.005 0.004 0.002 0.001 0.001 0.001 0.000 0.000 0.000 0.000 0.000 0.000 0.000 0.000 0.000 0.000 0.000 0.000 0.000 0.000 0.000
0.000 0.000 0.000 0.000 0.000 0.000 0.000 0.000 0.000 0.000 0.000 0.000 0.000 0.000 0.000 0.000 0.000 0.001 0.001 0.001 0.001 0.001 0.002 0.002 0.002 0.003 0.003 0.004 0.004 0.004 0.005 0.005 0.006 0.007 0.008 0.010 0.013 0.031 0.103 0.345 0.885 1.451 1.741 1.846 1.951 2.077 2.221 2.460 2.618 2.720 1.531 0.384 0.096 0.029 0.011 0.005 0.003 0.002 0.001 0.001 0.000 0.000 0.000 0.000 0.000 0.000 0.000 0.000 0.000 0.000 0.000 0.000 0.000 0.000 0.000 0.000 0.000
0.000 0.000 0.000 0.000 0.000 0.000 0.000 0.000 0.000 0.000 0.000 0.000 0.000 0.000 0.000 0.000 0.000 0.001 0.001 0.001 0.001 0.002 0.002 0.002 0.002 0.002 0.003 0.003 0.004 0.004 0.005 0.005 0.006 0.007 0.008 0.011 0.016 0.045 0.156 0.504 1.144 1.657 1.902 2.072 2.138 2.200 2.276 2.479 2.567 2.453 1.079 0.245 0.058 0.018 0.007 0.004 0.002 0.002 0.002 0.001 0.000 0.000 0.000 0.000 0.000 0.000 0.000 0.000 0.000 0.000 0.000 0.000 0.000 0.000 0.000 0.000 0.000
0.000 0.000 0.000 0.000 0.000 0.000 0.000 0.000 0.000 0.000 0.000 0.000 0.000 0.000 0.000 0.000 0.000 0.001 0.001 0.001 0.001 0.002 0.002 0.002 0.002 0.002 0.003 0.003 0.004 0.005 0.005 0.005 0.006 0.007 0.008 0.011 0.021 0.065 0.222 0.658 1.397 1.887 2.097 2.254 2.329 2.297 2.314 2.341 2.480 2.051 0.672 0.143 0.034 0.011 0.005 0.003 0.002 0.002 0.002 0.001 0.000 0.000 0.000 0.000 0.000 0.000 0.000 0.000 0.000 0.000 0.000 0.000 0.000 0.000 0.000 0.000 0.000
0.000 0.000 0.000 0.000 0.000 0.000 0.000 0.000 0.000 0.000 0.000 0.000 0.000 0.000 0.000 0.000 0.000 0.001 0.001 0.002 0.002 0.002 0.003 0.003 0.002 0.002 0.003 0.003 0.004 0.005 0.005 0.005 0.006 0.007 0.008 0.011 0.026 0.087 0.287 0.799 1.609 2.137 2.306 2.405 2.472 2.388 2.339 2.262 2.199 1.438 0.372 0.074 0.020 0.007 0.004 0.003 0.003 0.002 0.002 0.001 0.001 0.000 0.000 0.000 0.000 0.000 0.000 0.000 0.000 0.000 0.000 0.000 0.000 0.000 0.000 0.000 0.000
0.000 0.000 0.000 0.000 0.000 0.000 0.000 0.000 0.000 0.000 0.000 0.000 0.000 0.000 0.000 0.000 0.000 0.001 0.001 0.001 0.002 0.003 0.003 0.003 0.003 0.003 0.003 0.004 0.005 0.005 0.005 0.004 0.005 0.006 0.007 0.012 0.033 0.108 0.341 0.919 1.818 2.360 2.526 2.612 2.613 2.518 2.358 2.206 1.702 0.755 0.176 0.038 0.012 0.005 0.003 0.003 0.003 0.002 0.002 0.002 0.001 0.001 0.000 0.000 0.000 0.000 0.000 0.000 0.000 0.000 0.000 0.000 0.000 0.000 0.000 0.000 0.000
0.000 0.000 0.000 0.000 0.000 0.000 0.000 0.000 0.000 0.000 0.000 0.000 0.000 0.000 0.000 0.000 0.000 0.001 0.001 0.002 0.002 0.003 0.003 0.004 0.004 0.004 0.004 0.004 0.005 0.005 0.005 0.005 0.005 0.005 0.006 0.012 0.038 0.129 0.390 1.029 2.040 2.603 2.821 2.956 2.939 2.712 2.461 1.943 1.054 0.317 0.080 0.021 0.007 0.003 0.003 0.004 0.003 0.003 0.003 0.002 0.002 0.002 0.001 0.000 0.000 0.000 0.000 0.000 0.000 0.000 0.000 0.000 0.000 0.000 0.000 0.000 0.000
0.000 0.000 0.000 0.000 0.000 0.000 0.000 0.000 0.000 0.000 0.000 0.000 0.000 0.000 0.000 0.000 0.000 0.001 0.002 0.002 0.002 0.003 0.003 0.003 0.004 0.004 0.004 0.004 0.005 0.005 0.005 0.005 0.005 0.005 0.006 0.013 0.043 0.146 0.435 1.134 2.271 2.996 3.361 3.476 3.269 2.946 2.328 1.358 0.485 0.143 0.038 0.011 0.004 0.004 0.004 0.004 0.004 0.004 0.004 0.004 0.004 0.004 0.002 0.001 0.000 0.000 0.000 0.000 0.000 0.000 0.000 0.000 0.000 0.000 0.000 0.000 0.000
0.000 0.000 0.000 0.000 0.000 0.000 0.000 0.000 0.000 0.000 0.000 0.000 0.000 0.000 0.000 0.000 0.000 0.001 0.002 0.003 0.003 0.003 0.003 0.003 0.004 0.004 0.004 0.004 0.004 0.005 0.005 0.005 0.005 0.005 0.006 0.014 0.045 0.156 0.477 1.227 2.532 3.546 4.017 4.061 3.638 2.893 1.700 0.688 0.224 0.066 0.019 0.006 0.004 0.005 0.005 0.005 0.005 0.005 0.005 0.005 0.005 0.005 0.004 0.002 0.000 0.000 0.000 0.000 0.000 0.000 0.000 0.000 0.000 0.000 0.000 0.000 0.000
0.000 0.000 0.000 0.000 0.000 0.000 0.000 0.000 0.000 0.000 0.000 0.000 0.000 0.000 0.000 0.000 0.000 0.001 0.002 0.003 0.003 0.003 0.003 0.003 0.003 0.004 0.004 0.004 0.004 0.005 0.005 0.006 0.006 0.006 0.007 0.015 0.046 0.163 0.512 1.337 2.803 4.150 4.683 4.449 3.916 2.374 0.942 0.317 0.103 0.031 0.009 0.004 0.005 0.006 0.006 0.006 0.006 0.006 0.006 0.006 0.005 0.005 0.004 0.002 0.000 0.000 0.000 0.000 0.000 0.000 0.000 0.000 0.000 0.000 0.000 0.000 0.000
0.000 0.000 0.000 0.000 0.000 0.000 0.000 0.000 0.000 0.000 0.000 0.000 0.000 0.000 0.000 0.000 0.000 0.000 0.001 0.003 0.004 0.004 0.004 0.004 0.003 0.003 0.004 0.004 0.005 0.005 0.006 0.006 0.006 0.007 0.008 0.017 0.050 0.173 0.537 1.408 3.034 4.592 5.161 4.901 3.751 1.622 0.476 0.148 0.048 0.016 0.006 0.006 0.007 0.007 0.007 0.007 0.006 0.006 0.006 0.006 0.005 0.005 0.003 0.001 0.000 0.000 0.000 0.000 0.000 0.000 0.000 0.000 0.000 0.000 0.000 0.000 0.000
0.000 0.000 0.000 0.000 0.000 0.000 0.000 0.000 0.000 0.000 0.000 0.000 0.000 0.000 0.000 0.000 0.000 0.000 0.001 0.002 0.003 0.005 0.005 0.005 0.004 0.004 0.004 0.005 0.006 0.006 0.006 0.006 0.007 0.007 0.009 0.019 0.058 0.186 0.551 1.452 3.248 4.900 5.320 5.077 3.261 1.027 0.268 0.080 0.028 0.011 0.007 0.008 0.008 0.008 0.008 0.007 0.006 0.006 0.006 0.005 0.004 0.004 0.002 0.000 0.000 0.000 0.000 0.000 0.000 0.000 0.000 0.000 0.000 0.000 0.000 0.000 0.000
0.000 0.000 0.000 0.000 0.000 0.000 0.000 0.000 0.000 0.000 0.000 0.000 0.000 0.000 0.000 0.000 0.000 0.000 0.000 0.001 0.002 0.004 0.005 0.006 0.006 0.006 0.006 0.006 0.006 0.006 0.007 0.007 0.007 0.008 0.011 0.025 0.070 0.201 0.554 1.449 3.299 4.974 5.289 5.003 2.844 0.775 0.199 0.061 0.023 0.010 0.010 0.010 0.010 0.009 0.008 0.008 0.007 0.006 0.005 0.004 0.003 0.002 0.000 0.000 0.000 0.000 0.000 0.000 0.000 0.000 0.000 0.000 0.000 0.000 0.000 0.000 0.000
0.000 0.000 0.000 0.000 0.000 0.000 0.000 0.000 0.000 0.000 0.000 0.000 0.000 0.000 0.000 0.000 0.000 0.000 0.000 0.000 0.001 0.002 0.004 0.006 0.007 0.007 0.007 0.006 0.006 0.006 0.007 0.008 0.008 0.009 0.014 0.033 0.085 0.214 0.553 1.416 3.258 4.913 5.244 4.894 2.741 0.747 0.194 0.061 0.023 0.012 0.012 0.012 0.011 0.010 0.009 0.008 0.006 0.005 0.004 0.003 0.002 0.001 0.000 0.000 0.000 0.000 0.000 0.000 0.000 0.000 0.000 0.000 0.000 0.000 0.000 0.000 0.000
0.000 0.000 0.000 0.000 0.000 0.000 0.000 0.000 0.000 0.000 0.000 0.000 0.000 0.000 0.000 0.000 0.000 0.000 0.000 0.000 0.000 0.001 0.002 0.004 0.006 0.007 0.007 0.006 0.006 0.006 0.007 0.008 0.009 0.010 0.017 0.040 0.097 0.225 0.548 1.347 3.010 4.701 5.120 4.842 2.907 0.874 0.236 0.075 0.028 0.015 0.015 0.015 0.013 0.011 0.010 0.008 0.006 0.005 0.003 0.002 0.001 0.000 0.000 0.000 0.000 0.000 0.000 0.000 0.000 0.000 0.000 0.000 0.000 0.000 0.000 0.000 0.000
0.000 0.000 0.000 0.000 0.000 0.000 0.000 0.000 0.000 0.000 0.000 0.000 0.000 0.000 0.000 0.000 0.000 0.000 0.000 0.000 0.000 0.000 0.001 0.002 0.003 0.004 0.005 0.005 0.006 0.007 0.008 0.008 0.009 0.012 0.021 0.046 0.105 0.231 0.531 1.266 2.718 4.441 5.064 4.846 3.201 1.141 0.341 0.105 0.036 0.020 0.019 0.018 0.016 0.013 0.010 0.008 0.007 0.005 0.004 0.002 0.000 0.000 0.000 0.000 0.000 0.000 0.000 0.000 0.000 0.000 0.000 0.000 0.000 0.000 0.000 0.000 0.000
0.000 0.000 0.000 0.000 0.000 0.000 0.000 0.000 0.000 0.000 0.000 0.000 0.000 0.000 0.000 0.000 0.000 0.000 0.000 0.000 0.000 0.000 0.000 0.001 0.001 0.002 0.003 0.004 0.006 0.007 0.007 0.009 0.010 0.014 0.026 0.054 0.110 0.228 0.507 1.169 2.497 4.069 5.061 5.058 3.836 1.589 0.451 0.127 0.043 0.028 0.027 0.025 0.023 0.020 0.016 0.012 0.009 0.007 0.004 0.001 0.000 0.000 0.000 0.000 0.000 0.000 0.000 0.000 0.000 0.000 0.000 0.000 0.000 0.000 0.000 0.000 0.000
0.000 0.000 0.000 0.000 0.000 0.000 0.000 0.000 0.000 0.000 0.000 0.000 0.000 0.000 0.000 0.000 0.000 0.000 0.000 0.000 0.000 0.000 0.000 0.000 0.000 0.001 0.002 0.003 0.005 0.006 0.007 0.008 0.011 0.016 0.030 0.058 0.108 0.216 0.469 1.070 2.500 5.000 5.029 5.270 4.599 2.133 0.536 0.142 0.051 0.035 0.032 0.030 0.027 0.025 0.021 0.017 0.011 0.006 0.003 0.000 0.000 0.000 0.000 0.000 0.000 0.000 0.000 0.000 0.000 0.000 0.000 0.000 0.000 0.000 0.000 0.000 0.000
0.000 0.000 0.000 0.000 0.000 0.000 0.000 0.000 0.000 0.000 0.000 0.000 0.000 0.000 0.000 0.000 0.000 0.000 0.000 0.000 0.000 0.000 0.000 0.000 0.000 0.000 0.001 0.002 0.004 0.005 0.006 0.008 0.010 0.016 0.029 0.057 0.101 0.197 0.437 1.016 2.535 5.000 5.001 5.393 5.000 2.630 0.632 0.154 0.058 0.039 0.035 0.031 0.029 0.027 0.024 0.017 0.009 0.004 0.000 0.000 0.000 0.000 0.000 0.000 0.000 0.000 0.000 0.000 0.000 0.000 0.000 0.000 0.000 0.000 0.000 0.000 0.000
0.000 0.000 0.000 0.000 0.000 0.000 0.000 0.000 0.000 0.000 0.000 0.000 0.000 0.000 0.000 0.000 0.000 0.000 0.000 0.000 0.000 0.000 0.000 0.000 0.000 0.000 0.000 0.001 0.002 0.003 0.005 0.006 0.009 0.014 0.026 0.049 0.087 0.171 0.397 0.962 2.537 5.000 5.029 5.395 5.228 3.057 0.748 0.164 0.062 0.041 0.034 0.029 0.025 0.022 0.018 0.010 0.000 0.000 0.000 0.000 0.000 0.000 0.000 0.000 0.000 0.000 0.000 0.000 0.000 0.000 0.000 0.000 0.000 0.000 0.000 0.000 0.000
0.000 0.000 0.000 0.000 0.000 0.000 0.000 0.000 0.000 0.000 0.000 0.000 0.000 0.000 0.000 0.000 0.000 0.000 0.000 0.000 0.000 0.000 0.000 0.000 0.000 0.000 0.000 0.000 0.001 0.002 0.003 0.005 0.007 0.010 0.018 0.034 0.061 0.126 0.315 0.824 2.505 5.000 5.001 5.330 5.347 5.000 0.873 0.167 0.063 0.040 0.032 0.024 0.017 0.011 0.006 0.000 0.000 0.000 0.000 0.000 0.000 0.000 0.000 0.000 0.000 0.000 0.000 0.000 0.000 0.000 0.000 0.000 0.000 0.000 0.000 0.000 0.000
0.000 0.000 0.000 0.000 0.000 0.000 0.000 0.000 0.000 0.000 0.000 0.000 0.000 0.000 0.000 0.000 0.000 0.000 0.000 0.000 0.000 0.000 0.000 0.000 0.000 0.000 0.000 0.000 0.000 0.001 0.002 0.003 0.005 0.007 0.012 0.022 0.038 0.071 0.190 0.624 2.500 5.000 5.000 5.383 5.363 5.000 0.973 0.161 0.060 0.037 0.027 0.017 0.009 0.003 0.000 0.000 0.000 0.000 0.000 0.000 0.000 0.000 0.000 0.000 0.000 0.000 0.000 0.000 0.000 0.000 0.000 0.000 0.000 0.000 0.000 0.000 0.000
