AvaFrame/avaframe/data/avaKot/Avaflow_Input_Output_old/gar_results/gar_ascii/gar_hillshade0001.asc
ncols 88
nrows 125
xllcenter 176963.44
yllcenter 376270.31
cellsize 20.00
NODATA_value -9999.000
[rows 45 to 89 of 125, columns 0 to 87 of 88]
180 180 180 180 180 180 180 -126 182 182 182 182 183 183 184 184 183 183 183 181 181 183 186 188 187 185 184 184 186 187 185 182 181 185 183 194 204 186 192 216 217 217 217 198 197 208 191 181 201 203 179 185 214 228 226 214 213 199 191 217 229 238 229 202 195 192 202 210 211 225 226 220 219 220 213 211 215 204 197 197 185 188 226 247 254 188 120 180
180 180 180 180 180 180 0 181 181 182 183 182 182 184 183 183 182 181 182 183 182 180 181 181 180 184 183 180 180 182 184 183 180 181 180 174 188 202 206 218 226 221 213 207 201 209 207 190 191 201 181 181 214 228 222 201 199 208 212 220 229 237 239 207 190 195 203 214 216 224 229 228 219 222 226 215 209 201 197 193 186 186 200 253 247 250 167 180
180 180 180 180 180 180 -126 182 181 181 182 182 182 185 184 183 182 182 180 182 183 183 182 184 180 178 182 182 181 181 181 192 198 184 177 174 182 196 206 220 223 217 213 208 201 204 201 196 194 181 188 195 211 221 214 204 207 212 218 225 235 236 232 222 202 191 196 211 222 228 227 231 232 221 202 203 212 205 195 195 186 188 206 250 247 241 128 180
180 180 180 180 180 180 -126 181 182 182 181 181 181 185 186 185 182 185 182 180 182 183 184 184 184 182 181 180 184 190 185 182 208 203 175 170 179 199 203 219 223 210 206 210 210 200 194 194 213 194 176 198 203 213 208 208 223 228 211 227 234 229 223 229 223 206 202 208 217 229 228 228 221 209 203 199 209 206 197 195 197 204 207 197 227 240 128 180
180 180 180 180 180 180 -126 183 183 185 185 183 181 187 187 185 182 181 184 181 182 182 182 185 184 182 188 200 203 191 181 180 207 219 198 181 172 194 206 211 215 207 211 202 207 210 194 192 193 195 202 206 205 205 205 219 222 232 231 222 227 226 231 224 215 221 216 212 220 231 231 214 211 205 199 202 214 205 194 212 206 209 209 194 210 241 0 180
180 180 180 180 180 0 189 188 189 189 190 193 186 189 194 186 185 181 181 183 182 183 183 186 195 200 187 184 206 205 179 186 208 212 203 204 201 183 197 207 204 196 204 203 204 212 202 197 198 206 206 201 204 207 206 222 233 223 234 230 213 215 232 219 214 225 229 225 221 225 226 218 205 192 180 196 208 208 206 206 207 198 207 213 208 128 180 180
180 180 180 180 180 -126 190 189 191 192 190 196 198 187 199 195 190 187 183 183 183 197 196 194 195 190 180 178 202 214 195 187 202 206 203 205 219 210 199 195 184 195 202 196 208 214 200 200 200 212 210 203 211 210 224 218 233 221 227 238 207 195 231 217 205 235 234 230 222 223 227 217 201 193 178 177 199 205 209 203 192 188 187 198 198 128 180 180
180 180 180 180 180 -126 192 193 190 189 188 187 202 192 195 200 198 198 193 183 174 190 205 180 175 188 188 180 198 208 198 202 202 199 201 201 216 218 217 186 154 180 199 194 211 225 199 197 202 211 213 210 218 220 233 233 227 227 228 240 220 192 214 208 195 236 241 225 231 224 216 217 208 196 192 187 190 198 206 208 192 193 184 176 175 0 180 180
180 180 180 180 180 -126 192 199 197 195 192 192 199 188 194 204 202 207 210 198 171 159 178 178 170 171 113 187 248 201 208 213 206 186 190 197 178 171 236 243 85 125 210 233 228 215 200 188 204 220 223 224 216 224 239 240 226 228 232 236 229 212 205 203 222 223 236 226 224 221 220 217 212 204 195 202 202 198 192 207 206 198 194 184 128 180 180 180
180 180 180 180 180 -126 193 200 199 197 198 196 210 193 188 206 206 214 217 192 169 179 156 140 158 147 115 224 228 177 208 218 200 195 171 186 190 181 244 240 150 47 229 231 215 191 185 206 223 239 235 220 213 226 242 242 227 229 234 231 231 221 207 206 235 236 227 225 215 216 217 218 216 213 203 195 201 207 209 197 196 198 200 188 127 180 180 180
180 180 180 180 0 193 195 199 201 199 200 199 207 193 182 207 211 211 205 186 170 159 147 120 118 138 155 152 183 219 217 200 234 193 133 201 216 220 227 245 232 117 96 209 215 196 184 212 227 244 236 219 215 229 241 238 231 228 234 232 233 222 199 216 229 242 228 224 213 212 213 205 211 216 210 197 191 199 223 206 194 197 211 193 0 180 180 180
180 180 180 180 -126 192 194 202 202 199 204 204 204 193 171 202 207 202 196 181 166 153 157 151 116 101 137 159 166 184 211 215 236 213 136 178 213 217 227 231 240 238 130 109 206 194 198 211 232 240 228 220 224 237 241 234 230 229 234 232 236 215 210 233 234 229 228 224 216 215 220 209 197 210 200 188 202 206 206 210 200 202 216 128 180 180 180 180
180 180 180 180 -126 193 194 202 207 202 205 211 198 178 163 191 207 195 184 175 158 146 127 135 182 173 133 147 172 185 192 206 212 212 188 180 212 218 226 230 224 232 234 148 135 200 197 212 237 237 222 223 226 235 235 229 231 235 233 236 238 225 228 231 233 231 233 224 217 217 222 222 210 208 187 171 194 217 204 200 200 199 209 128 180 180 180 180
180 180 180 180 -126 190 196 201 209 207 210 211 208 188 155 171 194 183 175 174 150 128 130 134 149 164 173 176 175 186 195 196 199 212 200 190 209 215 223 228 222 205 212 201 178 201 204 212 226 224 220 219 221 226 230 237 241 236 235 239 234 239 241 234 229 233 231 228 219 215 216 222 217 213 193 160 171 198 210 205 194 204 212 0 180 180 180 180
180 180 180 0 172 180 195 203 206 211 211 214 201 180 172 182 188 180 171 156 147 125 122 132 149 167 164 174 183 187 194 195 190 203 206 199 209 214 220 229 232 212 205 195 180 197 208 211 214 216 199 199 220 234 244 246 242 238 241 243 241 243 243 237 236 237 231 227 225 217 222 220 215 207 206 177 165 182 199 210 198 201 128 180 180 180 180 180
180 180 180 -126 167 169 189 205 205 215 222 209 193 177 179 183 186 161 173 164 130 116 124 141 151 166 174 171 178 189 192 197 189 191 202 207 210 212 220 229 232 207 208 201 174 184 195 213 217 173 195 243 239 236 241 246 244 244 241 243 245 246 245 239 235 238 237 231 230 226 227 230 225 214 210 209 203 205 206 209 212 212 128 180 180 180 180 180
180 180 180 -126 169 161 173 199 211 211 220 201 189 188 187 185 208 186 145 131 138 113 109 134 143 138 169 215 194 180 190 189 189 187 198 215 214 208 214 229 202 167 197 222 201 191 192 210 209 188 223 241 227 237 249 250 246 239 241 242 246 247 245 242 236 235 241 236 227 231 246 245 232 228 222 219 218 224 228 224 221 220 0 180 180 180 180 180
180 180 180 -126 173 160 162 188 211 207 207 191 174 178 193 199 225 200 165 129 87 126 104 108 117 136 159 202 204 182 179 173 162 189 214 214 212 205 195 146 199 228 200 220 194 195 197 218 216 205 224 237 229 241 249 246 244 242 240 242 245 245 244 236 237 235 237 223 211 233 250 254 249 234 225 221 221 226 231 231 224 128 180 180 180 180 180 180
180 180 0 195 193 163 151 164 206 204 193 182 171 184 175 168 233 222 152 189 152 100 92 97 122 115 136 176 197 189 182 169 167 180 194 175 149 153 193 212 239 245 235 190 200 208 211 216 217 217 225 234 240 244 247 245 242 240 244 244 244 246 247 240 230 232 222 212 217 233 249 252 249 244 235 231 235 233 214 217 214 128 180 180 180 180 180 180
180 180 -126 202 212 199 169 163 197 184 181 182 168 174 179 178 226 234 175 142 159 152 142 115 102 123 126 155 190 189 185 182 160 170 190 152 126 185 224 231 246 249 237 199 193 208 211 214 221 223 228 238 243 247 250 245 242 244 246 247 247 247 245 243 232 222 227 227 222 225 240 247 246 242 237 235 234 237 233 219 208 0 180 180 180 180 180 180
180 180 -126 209 206 190 185 178 219 191 155 173 157 169 186 182 224 231 175 144 154 162 168 172 114 118 136 136 164 181 172 170 144 173 170 131 177 228 228 230 242 239 238 213 178 199 204 216 232 228 230 235 246 246 246 245 243 248 249 248 248 248 242 227 227 233 235 234 237 238 243 247 243 239 226 224 235 234 239 235 128 180 180 180 180 180 180 180
180 180 -126 205 199 172 182 182 224 189 112 166 180 173 171 185 231 229 161 167 156 151 153 167 157 106 136 152 163 155 150 193 169 121 162 167 180 223 232 239 243 238 228 206 188 187 194 220 225 215 222 242 251 249 244 243 248 250 251 250 249 243 228 220 232 237 229 230 241 247 251 252 250 248 241 224 223 235 232 227 128 180 180 180 180 180 180 180
180 0 201 180 185 181 178 217 232 181 79 84 112 183 190 183 238 223 167 195 180 114 144 147 196 159 84 133 181 172 161 174 184 157 119 156 200 216 231 248 247 240 228 193 194 192 188 208 206 210 237 250 252 251 247 245 247 249 251 252 250 239 216 217 224 239 235 236 238 242 251 253 252 251 251 243 234 230 220 210 0 180 180 180 180 180 180 180
180 -126 217 185 150 164 183 233 249 224 106 70 98 85 176 215 218 202 193 195 217 163 105 129 127 140 141 170 182 167 170 172 132 161 180 154 209 222 231 245 249 240 228 198 178 196 192 191 204 228 243 249 251 250 250 249 246 245 250 254 252 236 229 213 224 238 232 224 229 233 241 248 250 249 251 251 244 229 231 128 180 180 180 180 180 180 180 180
180 -126 194 209 168 141 162 215 235 226 182 30 59 125 142 194 187 196 217 182 172 193 149 126 136 121 134 168 179 151 112 133 188 198 174 183 213 223 234 242 240 236 229 181 175 202 195 193 215 239 246 250 250 248 249 247 247 251 249 250 240 238 239 232 231 230 227 223 225 229 234 239 243 244 244 249 239 239 245 128 180 180 180 180 180 180 180 180
180 -126 182 226 181 111 159 156 192 253 254 125 61 63 94 167 176 198 216 189 165 187 152 105 143 136 132 153 119 125 142 150 176 189 158 170 216 233 231 233 237 229 237 202 174 204 194 201 229 244 246 248 244 246 243 244 241 228 241 248 243 248 251 247 239 228 222 224 229 236 239 242 238 236 234 234 237 244 241 128 180 180 180 180 180 180 180 180
180 183 183 200 216 167 118 157 240 248 226 169 114 114 130 162 164 184 187 182 189 205 194 145 95 109 118 163 156 90 113 131 136 166 163 171 226 242 238 237 235 236 238 194 184 200 185 197 228 247 250 248 243 216 224 228 218 231 249 246 247 236 243 247 248 244 225 219 226 232 240 241 240 232 231 228 242 240 230 0 180 180 180 180 180 180 180 180
180 179 171 173 205 196 171 166 222 208 193 174 126 148 173 190 183 175 198 162 157 182 196 217 183 96 80 126 188 167 74 74 85 112 192 243 236 238 238 236 231 232 244 187 158 178 165 216 247 252 253 232 202 220 234 227 221 231 243 249 240 243 237 250 251 248 239 232 228 228 233 233 237 237 238 243 244 231 0 180 180 180 180 180 180 180 180 180
180 187 188 164 188 179 187 191 171 190 229 176 94 133 181 202 183 178 164 160 149 158 190 199 222 215 112 92 133 194 164 75 56 89 193 240 239 238 236 226 214 231 253 184 134 176 185 240 252 250 228 197 231 240 231 207 210 236 247 253 250 241 235 244 251 248 243 245 244 238 242 243 247 248 246 242 234 128 180 180 180 180 180 180 180 180 180 180
180 172 195 178 173 187 199 201 168 174 191 199 135 76 117 164 182 167 173 147 140 165 174 209 236 205 144 101 126 153 161 159 70 86 184 227 242 235 230 220 209 247 232 158 158 187 221 241 243 230 187 240 247 242 235 232 217 211 211 249 253 242 236 235 243 246 245 246 248 249 250 250 251 251 245 232 235 0 180 180 180 180 180 180 180 180 180 180
180 185 168 172 180 196 207 188 168 173 172 234 229 146 169 109 103 147 147 148 156 159 174 206 216 170 125 129 83 118 185 192 131 96 148 208 225 230 237 219 214 224 225 209 165 204 238 237 192 188 248 231 249 247 238 228 220 229 195 211 232 240 236 241 242 238 237 243 239 243 244 246 250 247 240 238 0 180 180 180 180 180 180 180 180 180 180 180
180 188 180 170 186 194 185 186 190 182 169 170 184 178 207 184 136 159 139 132 147 155 163 204 206 206 184 101 38 39 170 230 161 79 124 164 215 240 233 229 234 230 227 196 187 221 248 218 213 243 176 232 235 248 249 239 226 225 229 187 232 240 227 240 239 234 238 194 201 240 250 249 244 249 249 128 180 180 180 180 180 180 180 180 180 180 180 180
180 -126 189 168 168 203 182 164 178 187 192 180 181 184 181 199 170 132 151 140 104 136 187 203 196 178 196 203 90 25 72 187 199 138 108 132 211 241 239 237 229 239 241 183 188 235 248 242 244 162 171 228 231 230 218 241 236 240 244 241 233 225 233 239 233 231 167 152 227 245 245 240 249 252 251 0 180 180 180 180 180 180 180 180 180 180 180 180
180 -179 163 179 176 203 178 150 186 176 180 193 194 187 176 192 199 117 94 132 113 97 174 203 172 170 221 241 171 91 78 135 168 130 131 177 214 235 234 233 231 233 240 211 195 241 251 243 234 140 196 229 235 208 227 222 184 153 165 211 212 213 241 232 229 227 95 136 251 250 246 248 253 252 0 180 180 180 180 180 180 180 180 180 180 180 180 180
180 180 -126 187 179 177 201 174 137 181 182 181 197 190 174 225 222 132 83 105 99 88 122 166 170 205 238 198 150 157 132 133 151 144 155 179 205 215 232 237 239 230 236 220 209 246 244 240 205 117 182 225 231 228 216 176 186 182 199 219 223 238 239 241 232 174 111 180 251 252 253 253 254 128 180 180 180 180 180 180 180 180 180 180 180 180 180 180
180 180 -126 167 169 160 165 206 186 136 189 194 197 192 186 250 241 122 112 101 94 110 136 150 164 194 208 163 155 176 149 121 153 172 173 188 178 214 239 237 241 239 230 215 231 252 243 254 206 127 152 206 226 213 204 224 223 212 242 245 242 244 239 245 211 114 172 238 242 239 240 242 248 0 180 180 180 180 180 180 180 180 180 180 180 180 180 180
180 180 -179 156 175 166 144 174 203 191 173 191 181 199 196 240 227 131 111 139 136 111 116 148 142 156 210 175 138 185 198 129 145 189 138 144 200 231 233 241 246 241 234 222 240 253 254 250 203 117 136 219 212 199 216 239 234 238 245 251 245 242 245 247 194 149 227 225 229 232 230 227 0 180 180 180 180 180 180 180 180 180 180 180 180 180 180 180
180 180 180 -126 152 172 176 176 186 196 191 194 189 188 196 206 214 173 105 94 134 129 106 167 162 156 158 149 176 209 218 187 147 164 144 129 185 222 237 248 248 246 242 232 242 249 252 251 111 119 187 202 201 213 240 242 242 244 242 253 253 252 249 247 206 225 231 229 230 233 230 128 180 180 180 180 180 180 180 180 180 180 180 180 180 180 180 180
180 180 180 -179 83 172 177 173 198 215 183 163 196 187 186 207 242 185 115 91 49 139 155 96 132 150 178 178 171 210 191 181 183 171 147 124 174 235 248 251 247 240 234 240 234 239 253 254 116 76 169 161 203 244 249 244 238 237 252 251 253 254 250 221 241 250 248 245 245 244 249 0 180 180 180 180 180 180 180 180 180 180 180 180 180 180 180 180
180 180 180 180 -126 175 186 194 206 172 199 196 144 187 207 238 252 164 73 90 77 58 145 156 66 128 182 165 210 214 176 178 194 170 137 152 207 243 248 242 236 233 234 245 240 249 253 253 152 81 144 159 213 250 252 242 224 233 253 254 252 253 253 254 239 242 245 245 242 241 0 180 180 180 180 180 180 180 180 180 180 180 180 180 180 180 180 180
180 180 180 180 -126 157 194 203 206 174 188 193 149 190 215 237 250 207 58 85 91 90 69 115 76 63 170 192 217 185 164 198 204 165 114 159 238 246 243 235 230 240 238 239 246 251 239 229 129 141 138 151 224 253 252 239 224 240 248 249 241 238 237 231 225 226 230 235 234 128 180 180 180 180 180 180 180 180 180 180 180 180 180 180 180 180 180 180
180 180 180 180 -179 105 189 179 188 179 156 173 182 211 213 232 251 252 35 39 120 116 106 72 74 73 107 139 192 200 155 173 168 152 155 186 236 244 241 234 236 235 235 248 253 229 241 166 162 158 136 161 235 252 251 238 234 241 237 230 227 234 234 231 233 233 227 228 235 0 180 180 180 180 180 180 180 180 180 180 180 180 180 180 180 180 180 180
180 180 180 180 180 -126 142 165 165 170 176 187 199 202 215 246 250 241 108 34 69 84 85 123 119 92 90 114 162 188 166 152 132 136 168 208 251 249 236 233 233 235 244 251 242 231 186 161 181 156 139 183 247 252 249 243 241 232 225 222 221 225 229 232 235 233 226 224 0 180 180 180 180 180 180 180 180 180 180 180 180 180 180 180 180 180 180 180
180 180 180 180 180 -179 159 172 141 185 191 196 193 184 211 236 238 243 165 58 47 63 74 126 179 140 106 108 153 187 180 114 98 143 182 236 252 242 228 230 236 239 248 249 218 234 172 190 174 146 141 202 253 252 249 247 237 223 220 222 225 225 229 229 230 227 234 128 180 180 180 180 180 180 180 180 180 180 180 180 180 180 180 180 180 180 180 180
180 180 180 180 180 180 -127 18 96 155 194 204 188 172 180 223 235 234 238 62 72 14 25 81 129 156 142 103 112 170 198 196 131 97 162 234 249 246 232 234 239 239 248 221 249 176 203 196 165 119 160 251 247 251 247 241 232 226 230 233 234 234 233 238 239 244 248 0 180 180 180 180 180 180 180 180 180 180 180 180 180 180 180 180 180 180 180 180
