AvaFrame/avaframe/data/avaKot/Avaflow_Input_Output_old/gar_results/gar_ascii/gar_elev.asc
ncols 88
nrows 125
xllcenter 176963.44
yllcenter 376270.31
cellsize 20.00
NODATA_value -9999.000
[rows 56 to 83 of 125, columns 0 to 61 of 88]
-9999.000 -9999.000 -9999.000 -9999.000 1082.185 1083.096 1084.417 1085.231 1084.074 1084.607 1084.488 1083.353 1082.622 1079.536 1086.348 1088.552 1088.767 1089.789 1092.292 1096.570 1103.583 1112.172 1123.351 1131.435 1145.153 1162.059 1174.156 1181.851 1189.946 1195.689 1199.298 1198.908 1201.161 1192.290 1202.884 1214.199 1214.562 1216.432 1215.186 1213.293 1210.668 1202.680 1200.643 1222.256 1222.678 1227.069 1231.489 1233.999 1234.375 1228.578 1224.252 1225.286 1224.259 1223.827 1216.392 1214.398 1210.683 1210.277 1207.123 1204.649 1202.237 1197.886
-9999.000 -9999.000 -9999.000 -9999.000 1085.962 1086.978 1088.279 1089.327 1088.274 1088.385 1088.153 1087.021 1084.176 1086.095 1090.623 1095.377 1095.889 1096.956 1101.877 1107.272 1114.899 1125.165 1136.987 1153.868 1164.760 1166.932 1179.207 1191.001 1199.002 1203.676 1208.457 1211.140 1212.690 1213.708 1215.458 1223.941 1227.051 1226.520 1227.492 1224.218 1223.463 1222.624 1217.646 1214.068 1236.138 1238.941 1242.779 1245.843 1245.143 1238.382 1237.882 1237.767 1236.909 1235.234 1230.705 1228.112 1226.972 1223.389 1220.550 1218.016 1213.913 1210.170
-9999.000 -9999.000 -9999.000 -9999.000 1089.223 1090.962 1092.759 1093.721 1093.356 1092.649 1092.433 1090.337 1087.834 1086.913 1092.449 1100.469 1103.032 1105.784 1112.918 1118.208 1126.116 1138.377 1152.530 1165.734 1177.074 1186.822 1195.098 1201.519 1208.051 1214.104 1217.927 1221.172 1225.111 1228.041 1228.228 1234.861 1237.401 1238.231 1238.934 1236.989 1235.658 1236.316 1240.494 1239.167 1247.236 1251.536 1253.576 1256.745 1256.161 1254.456 1254.449 1254.458 1253.820 1252.242 1249.608 1246.029 1240.755 1236.345 1233.753 1229.969 1225.111 1224.054
-9999.000 -9999.000 -9999.000 1088.463 1091.987 1095.151 1098.048 1098.257 1098.451 1097.918 1097.143 1093.458 1090.519 1095.051 1100.704 1107.508 1109.710 1115.311 1120.946 1128.779 1138.138 1149.224 1165.003 1177.415 1190.033 1197.521 1205.176 1213.038 1218.756 1224.285 1228.507 1232.386 1236.512 1241.713 1242.293 1246.978 1249.439 1250.734 1251.663 1250.767 1248.129 1246.053 1250.696 1251.371 1258.589 1264.065 1266.207 1268.411 1269.578 1270.594 1271.035 1276.725 1278.204 1275.904 1270.871 1262.367 1256.513 1251.640 1248.214 1241.887 1237.250 1232.178
-9999.000 -9999.000 -9999.000 1091.043 1094.664 1098.877 1102.605 1103.175 1102.922 1103.512 1098.925 1095.930 1098.057 1103.650 1109.790 1115.209 1119.177 1125.260 1132.641 1136.831 1147.447 1161.290 1176.399 1188.607 1199.033 1208.333 1215.425 1223.869 1230.894 1235.873 1240.535 1244.570 1247.928 1254.452 1257.466 1260.849 1262.074 1264.418 1265.112 1264.536 1261.455 1259.432 1266.005 1262.473 1272.580 1277.942 1285.062 1286.961 1287.185 1287.787 1303.526 1295.971 1291.808 1287.315 1284.792 1277.750 1271.779 1266.017 1259.860 1256.146 1249.152 1243.633
-9999.000 -9999.000 -9999.000 1093.855 1097.353 1101.172 1106.955 1108.380 1108.645 1106.779 1105.614 1104.253 1110.719 1113.948 1120.934 1124.394 1131.251 1128.158 1136.645 1146.849 1158.311 1170.909 1188.422 1200.283 1212.680 1223.064 1238.074 1239.874 1239.917 1247.769 1251.619 1257.224 1261.830 1267.780 1273.429 1275.510 1275.515 1277.898 1279.781 1280.109 1275.891 1282.439 1294.412 1289.982 1291.426 1296.706 1301.625 1306.596 1305.078 1310.620 1316.463 1309.391 1306.940 1306.594 1298.803 1291.222 1280.848 1277.447 1272.041 1267.361 1261.390 1253.729
-9999.000 -9999.000 -9999.000 1097.119 1099.790 1104.350 1109.246 1112.788 1113.513 1111.903 1113.451 1114.649 1121.830 1128.177 1135.026 1136.705 1142.524 1134.769 1148.145 1151.206 1172.495 1183.825 1194.729 1211.239 1224.267 1237.246 1246.716 1252.502 1252.518 1257.968 1263.996 1270.764 1278.746 1289.515 1289.473 1291.679 1291.630 1292.757 1293.179 1297.161 1321.087 1299.464 1312.497 1306.074 1312.348 1315.247 1321.320 1323.387 1322.181 1324.972 1327.282 1322.611 1320.033 1319.034 1308.913 1299.442 1292.896 1287.246 1281.784 1277.483 1269.335 1261.818
-9999.000 -9999.000 1099.820 1102.863 1103.894 1106.244 1111.202 1116.694 1120.485 1117.400 1122.513 1124.955 1133.476 1139.368 1144.661 1153.053 1161.262 1147.402 1160.786 1165.762 1170.847 1183.936 1200.343 1218.312 1228.506 1241.995 1253.821 1263.234 1266.714 1271.149 1276.806 1283.360 1292.305 1299.338 1304.964 1308.518 1320.383 1334.644 1345.128 1340.170 1340.832 1331.375 1318.984 1324.996 1329.453 1332.101 1333.997 1335.531 1335.681 1336.699 1336.720 1334.352 1330.772 1325.068 1315.947 1307.703 1301.729 1296.699 1292.201 1283.814 1277.368 1269.652
-9999.000 -9999.000 1106.465 1108.913 1109.338 1107.400 1112.370 1119.161 1125.371 1124.584 1132.902 1135.933 1144.636 1151.740 1159.743 1165.406 1173.578 1163.056 1167.097 1176.493 1191.323 1197.271 1213.100 1220.886 1238.163 1250.661 1263.016 1274.616 1280.130 1284.475 1290.416 1296.110 1303.156 1315.391 1320.599 1325.807 1344.787 1360.234 1356.938 1358.442 1352.343 1345.311 1336.609 1336.834 1343.400 1345.950 1347.719 1349.400 1349.863 1348.960 1348.656 1345.969 1340.832 1334.658 1325.653 1318.208 1313.263 1307.991 1301.424 1293.937 1286.566 1279.034
-9999.000 -9999.000 1113.965 1116.651 1115.227 1118.434 1124.381 1129.451 1137.068 1129.849 1143.271 1149.481 1158.809 1169.909 1175.462 1181.692 1188.434 1180.233 1183.814 1195.388 1209.068 1215.500 1228.052 1231.326 1243.350 1258.613 1270.212 1281.204 1292.724 1298.101 1305.239 1314.369 1322.580 1338.731 1338.826 1356.268 1370.610 1371.323 1367.431 1368.127 1362.667 1356.804 1353.699 1348.885 1356.325 1361.993 1363.587 1367.866 1364.848 1362.830 1361.311 1358.585 1354.016 1345.634 1341.151 1332.567 1328.088 1321.299 1313.130 1305.141 1297.349 1289.724
-9999.000 -9999.000 1120.311 1124.030 1122.933 1130.572 1137.683 1142.707 1150.275 1138.846 1158.829 1167.479 1175.851 1181.538 1191.846 1197.844 1204.144 1193.124 1200.535 1212.728 1217.820 1229.490 1237.977 1249.009 1255.170 1269.107 1282.150 1293.602 1304.846 1311.942 1325.819 1334.951 1335.520 1351.777 1363.453 1371.508 1381.453 1384.197 1380.225 1379.075 1371.689 1367.614 1363.614 1363.758 1368.725 1374.253 1379.158 1383.111 1379.119 1380.800 1380.381 1378.596 1368.398 1359.912 1352.472 1348.032 1341.430 1333.232 1324.868 1315.764 1307.865 1299.066
-9999.000 1126.396 1128.471 1131.870 1138.165 1143.591 1150.964 1157.545 1152.146 1149.010 1161.752 1177.576 1195.304 1205.732 1208.101 1216.243 1220.877 1208.460 1218.453 1226.347 1227.094 1239.238 1252.059 1261.950 1273.929 1270.583 1294.504 1317.420 1323.606 1330.532 1339.658 1348.724 1354.013 1361.237 1375.805 1391.613 1397.279 1398.909 1398.940 1394.046 1383.740 1380.315 1374.462 1377.202 1382.985 1386.289 1392.328 1396.845 1396.944 1401.683 1400.467 1393.581 1383.904 1373.752 1365.085 1360.015 1353.133 1345.955 1337.657 1327.171 1318.404 1306.866
-9999.000 1138.325 1140.421 1139.591 1151.568 1158.829 1168.848 1171.499 1163.378 1154.489 1161.328 1179.925 1193.369 1216.451 1229.138 1230.961 1230.835 1231.752 1236.404 1241.480 1245.081 1241.755 1263.817 1275.048 1292.200 1304.578 1320.903 1331.742 1336.582 1344.131 1353.264 1361.036 1370.407 1393.581 1391.221 1407.444 1412.608 1411.592 1411.847 1407.049 1399.333 1391.060 1390.260 1387.899 1397.651 1402.203 1406.377 1412.137 1416.521 1417.693 1413.357 1406.606 1397.255 1388.965 1380.951 1372.489 1365.628 1359.322 1352.090 1341.870 1326.116 1322.594
-9999.000 1148.298 1154.100 1157.145 1158.293 1169.681 1182.097 1187.606 1183.953 1170.913 1171.086 1181.625 1222.174 1222.528 1237.906 1242.215 1245.668 1253.537 1254.326 1254.867 1266.714 1271.056 1275.995 1292.667 1306.334 1318.961 1335.603 1344.583 1350.987 1358.360 1374.816 1397.202 1406.174 1407.873 1413.854 1423.784 1426.968 1426.333 1425.469 1420.229 1413.955 1409.607 1403.851 1404.226 1417.301 1419.677 1423.915 1428.516 1433.552 1430.369 1425.019 1416.848 1407.531 1399.944 1392.871 1384.435 1378.250 1365.623 1359.655 1350.131 1342.777 1338.937
-9999.000 1159.510 1168.800 1172.068 1166.297 1185.345 1195.195 1203.847 1215.500 1213.578 1181.550 1190.161 1204.724 1217.925 1244.958 1252.122 1260.609 1266.781 1268.339 1268.307 1279.170 1286.918 1290.856 1308.556 1322.439 1330.531 1347.134 1355.403 1367.968 1384.926 1398.942 1409.701 1418.650 1423.520 1429.658 1444.656 1447.395 1444.979 1440.430 1440.249 1433.940 1431.013 1428.617 1421.360 1435.028 1436.817 1440.749 1446.020 1447.447 1442.036 1435.389 1428.869 1420.700 1417.183 1406.499 1393.593 1381.453 1381.124 1378.268 1370.931 1362.769 1358.762
1171.190 1176.890 1183.906 1189.221 1191.037 1187.790 1207.654 1218.166 1226.555 1208.638 1198.980 1195.639 1216.873 1235.106 1256.777 1265.043 1276.128 1283.480 1288.422 1295.061 1301.796 1305.288 1306.535 1313.167 1328.984 1344.209 1357.861 1373.064 1375.984 1392.728 1406.763 1418.519 1432.106 1446.374 1451.460 1466.759 1468.611 1463.883 1457.451 1455.071 1449.905 1448.088 1442.153 1439.592 1451.030 1452.194 1458.324 1464.386 1465.908 1459.413 1450.094 1442.024 1434.727 1418.944 1404.169 1395.941 1394.485 1396.461 1389.523 1379.461 1374.665 1360.754
1183.910 1191.896 1197.913 1207.134 1213.520 1212.547 1221.559 1228.990 1237.689 1228.111 1239.868 1234.274 1255.777 1270.574 1282.287 1287.286 1293.035 1300.018 1308.362 1308.043 1328.494 1330.236 1341.337 1334.954 1336.143 1347.799 1369.796 1384.750 1395.297 1395.963 1412.159 1432.881 1455.103 1476.546 1493.622 1484.500 1481.587 1477.771 1473.646 1469.320 1466.777 1463.767 1460.201 1449.544 1470.579 1470.920 1485.413 1490.334 1485.726 1475.206 1465.354 1451.860 1431.939 1415.477 1408.039 1403.220 1403.836 1402.718 1397.802 1388.972 1378.078 1366.249
1198.538 1209.036 1209.900 1220.148 1227.299 1231.125 1241.410 1242.511 1251.123 1257.394 1261.308 1252.582 1276.844 1290.983 1304.108 1304.194 1310.796 1316.534 1325.007 1334.818 1345.685 1358.212 1367.226 1368.652 1372.371 1363.682 1374.302 1393.145 1410.897 1421.934 1419.961 1441.574 1464.816 1490.871 1507.136 1499.120 1496.533 1490.378 1488.413 1483.444 1485.753 1485.410 1478.050 1464.126 1490.534 1492.956 1505.901 1505.266 1496.948 1486.342 1471.981 1447.429 1428.164 1418.943 1414.718 1412.873 1417.961 1413.505 1406.099 1396.325 1384.153 1378.214
1215.313 1224.962 1230.210 1233.993 1244.344 1249.505 1255.797 1256.446 1262.372 1272.603 1277.241 1282.609 1283.718 1300.819 1314.321 1320.363 1323.375 1331.779 1340.109 1347.240 1363.331 1372.873 1380.611 1387.863 1384.557 1380.541 1389.724 1407.458 1431.353 1438.907 1455.921 1460.105 1477.498 1509.044 1515.858 1519.072 1512.431 1506.854 1503.697 1501.673 1503.367 1505.624 1486.394 1496.781 1508.543 1517.584 1520.283 1517.243 1509.874 1491.985 1470.045 1444.266 1436.563 1429.164 1425.619 1421.717 1417.691 1414.903 1414.656 1412.082 1398.606 1384.900
1231.189 1235.291 1242.788 1251.286 1258.646 1264.222 1266.906 1268.517 1277.895 1285.273 1292.599 1300.630 1286.431 1295.284 1308.475 1310.091 1333.786 1344.393 1354.613 1366.393 1377.656 1386.700 1397.040 1402.508 1402.250 1403.630 1419.761 1434.674 1448.550 1475.757 1486.592 1487.644 1496.122 1513.140 1526.822 1533.232 1531.404 1528.836 1524.191 1518.408 1523.146 1520.595 1521.800 1514.532 1525.598 1532.985 1531.311 1524.530 1508.037 1492.651 1460.569 1457.401 1448.626 1440.082 1434.040 1427.103 1424.754 1422.100 1414.814 1422.648 1404.808 1389.385
1245.575 1252.202 1256.545 1265.089 1271.688 1276.282 1280.453 1287.594 1292.417 1298.204 1305.373 1314.880 1321.442 1326.904 1336.006 1330.867 1348.433 1354.744 1367.020 1379.094 1393.233 1401.999 1415.704 1421.782 1421.220 1426.542 1425.173 1439.281 1457.338 1490.639 1505.132 1505.290 1500.738 1522.719 1537.127 1547.511 1554.908 1548.704 1543.729 1541.948 1538.443 1535.927 1533.935 1532.984 1542.415 1544.063 1541.509 1524.769 1499.915 1480.956 1487.193 1494.737 1456.234 1451.622 1438.477 1431.721 1428.202 1424.814 1420.806 1413.977 1404.313 1394.645
-9999.000 1264.652 1270.470 1275.469 1287.037 1292.268 1293.138 1304.613 1311.997 1319.171 1323.625 1329.075 1337.297 1342.095 1349.368 1354.772 1356.801 1370.289 1381.899 1392.393 1407.737 1428.697 1436.729 1440.082 1442.839 1448.082 1457.336 1453.675 1463.469 1486.792 1509.520 1520.034 1519.977 1527.700 1543.697 1562.423 1570.565 1565.674 1560.845 1557.007 1553.035 1553.127 1544.264 1543.542 1555.252 1553.507 1547.977 1525.196 1507.190 1510.113 1528.152 1527.164 1519.841 1474.829 1471.282 1444.487 1435.943 1432.192 1423.928 1414.236 1410.715 1408.573
-9999.000 1274.768 1287.379 1293.340 1301.322 1307.318 1307.375 1321.900 1327.874 1333.540 1342.926 1347.203 1352.434 1356.331 1364.042 1371.111 1374.049 1377.676 1398.695 1412.690 1424.153 1443.989 1459.518 1459.806 1465.462 1476.697 1483.295 1475.237 1472.144 1492.432 1511.754 1529.825 1536.369 1547.081 1567.210 1576.078 1580.719 1577.630 1574.197 1571.408 1568.316 1566.663 1563.020 1555.234 1566.555 1563.246 1556.537 1539.510 1515.811 1533.691 1542.276 1542.135 1538.219 1534.538 1528.545 1443.286 1440.310 1439.912 1463.698 1452.758 1427.584 1433.906
-9999.000 -9999.000 1302.040 1309.202 1313.399 1322.915 1328.225 1328.984 1344.510 1353.858 1358.264 1367.154 1371.773 1375.514 1382.226 1391.313 1379.566 1383.080 1402.785 1416.911 1432.812 1452.157 1471.740 1479.378 1489.742 1496.586 1495.334 1488.659 1503.111 1514.973 1525.232 1544.116 1553.120 1568.477 1578.830 1588.851 1591.882 1594.292 1592.987 1588.034 1584.420 1578.494 1580.441 1571.391 1579.925 1575.366 1566.406 1540.706 1529.937 1546.148 1558.930 1558.747 1555.710 1553.089 1550.476 1551.808 1547.675 1538.442 1538.542 1522.255 1496.562 1470.398
-9999.000 -9999.000 1315.247 1325.863 1332.499 1343.484 1352.148 1362.854 1354.604 1374.702 1380.990 1385.661 1390.129 1394.053 1400.022 1405.750 1381.850 1395.840 1411.089 1429.747 1448.561 1468.792 1480.863 1493.275 1504.110 1511.740 1513.006 1513.838 1533.291 1537.727 1548.037 1562.711 1580.427 1586.357 1596.618 1601.872 1608.020 1616.614 1609.840 1605.842 1600.727 1594.860 1591.932 1590.884 1593.873 1586.365 1570.134 1550.977 1543.570 1556.290 1570.384 1580.075 1574.807 1574.316 1575.022 1576.715 1569.166 1572.252 1568.874 1552.632 1526.171 1500.824
-9999.000 -9999.000 1331.082 1339.566 1351.956 1355.145 1370.296 1380.265 1385.646 1384.537 1395.887 1400.197 1405.828 1413.206 1413.342 1421.875 1403.799 1410.061 1434.051 1448.282 1462.109 1477.517 1496.574 1514.237 1521.932 1540.816 1544.716 1541.340 1559.222 1572.119 1570.212 1579.015 1599.182 1601.091 1609.812 1625.825 1635.571 1632.397 1630.079 1624.242 1617.561 1610.027 1606.322 1604.410 1605.509 1594.877 1579.139 1563.898 1561.956 1570.039 1600.751 1599.896 1599.883 1600.569 1605.508 1598.889 1593.673 1588.834 1585.083 1575.506 1553.436 1526.633
-9999.000 -9999.000 -9999.000 1358.206 1371.510 1380.833 1388.411 1395.769 1403.485 1407.529 1411.881 1416.984 1421.143 1427.991 1432.335 1436.485 1437.332 1434.793 1453.422 1471.152 1491.813 1500.794 1525.201 1537.607 1542.829 1557.916 1564.175 1579.862 1589.896 1595.401 1594.009 1594.987 1605.667 1616.172 1623.557 1639.922 1651.423 1652.043 1649.701 1643.337 1633.583 1628.541 1619.467 1617.661 1614.192 1607.127 1596.169 1577.408 1577.941 1609.448 1615.821 1620.757 1622.136 1625.490 1622.840 1616.092 1612.216 1605.170 1599.703 1594.188 1576.996 1559.751
-9999.000 -9999.000 -9999.000 1352.841 1386.697 1400.855 1403.419 1415.920 1419.662 1423.951 1421.732 1437.031 1439.750 1445.417 1451.190 1457.392 1455.495 1446.892 1465.824 1476.146 1503.676 1527.773 1530.665 1548.345 1565.986 1575.823 1591.137 1590.502 1605.941 1607.180 1609.498 1617.422 1623.239 1630.376 1639.562 1654.734 1671.065 1670.227 1664.779 1655.573 1646.459 1641.464 1637.430 1634.130 1627.406 1628.397 1617.498 1592.701 1587.241 1623.056 1630.682 1639.576 1650.867 1644.996 1636.342 1628.837 1624.492 1621.175 1615.662 1599.092 1578.609 1561.659
