AvaFrame/avaframe/data/avaKot/Avaflow_Input_Output_old/gar_results/gar_ascii/gar_hflow_max0020.asc
ncols 88
nrows 125
xllcenter 176963.44
yllcenter 376270.31
cellsize 20.00
NODATA_value -9999.000
[rows 34 to 67 of 125, columns 0 to 76 of 88]
0.000 0.000 0.000 0.000 0.000 0.000 0.000 0.000 0.000 0.000 0.000 0.000 0.000 0.000 0.000 0.000 0.000 0.000 0.000 0.000 0.000 0.000 0.000 0.000 0.000 0.000 0.000 0.000 0.000 0.000 0.000 0.000 0.000 0.000 0.000 0.000 0.000 0.000 0.000 0.000 0.000 0.000 0.000 0.000 0.000 0.000 0.000 0.000 0.000 0.000 0.000 0.000 0.000 0.000 0.000 0.000 0.000 0.000 0.000 0.000 0.001 0.001 0.001 0.001 0.002 0.003 0.004 0.008 0.012 0.015 0.016 0.016 0.015 0.013 0.009 0.005 0.002
0.000 0.000 0.000 0.000 0.000 0.000 0.000 0.000 0.000 0.000 0.000 0.000 0.000 0.000 0.000 0.000 0.000 0.000 0.000 0.000 0.000 0.000 0.000 0.000 0.000 0.000 0.000 0.000 0.000 0.000 0.000 0.001 0.001 0.001 0.001 0.001 0.001 0.001 0.000 0.000 0.000 0.000 0.000 0.000 0.000 0.000 0.000 0.000 0.000 0.000 0.000 0.000 0.000 0.000 0.000 0.000 0.000 0.000 0.000 0.001 0.001 0.001 0.001 0.002 0.003 0.005 0.009 0.017 0.027 0.034 0.037 0.038 0.036 0.032 0.022 0.012 0.006
0.000 0.000 0.000 0.000 0.000 0.000 0.000 0.000 0.000 0.000 0.000 0.000 0.000 0.000 0.000 0.000 0.000 0.000 0.000 0.000 0.000 0.000 0.000 0.000 0.000 0.000 0.000 0.000 0.000 0.001 0.001 0.001 0.001 0.001 0.002 0.002 0.002 0.001 0.001 0.001 0.000 0.000 0.000 0.000 0.000 0.000 0.000 0.000 0.000 0.000 0.000 0.000 0.000 0.000 0.000 0.000 0.000 0.000 0.001 0.001 0.001 0.001 0.002 0.003 0.006 0.011 0.020 0.035 0.058 0.074 0.081 0.082 0.080 0.070 0.051 0.029 0.015
0.000 0.000 0.000 0.000 0.000 0.000 0.000 0.000 0.000 0.000 0.000 0.000 0.000 0.000 0.000 0.000 0.000 0.000 0.000 0.000 0.000 0.000 0.000 0.000 0.000 0.000 0.000 0.000 0.001 0.001 0.001 0.001 0.002 0.002 0.003 0.004 0.004 0.004 0.003 0.003 0.001 0.001 0.000 0.000 0.000 0.000 0.000 0.000 0.000 0.000 0.000 0.000 0.000 0.000 0.000 0.000 0.000 0.001 0.001 0.001 0.001 0.002 0.003 0.006 0.011 0.021 0.039 0.070 0.116 0.150 0.165 0.168 0.164 0.146 0.108 0.062 0.033
0.000 0.000 0.000 0.000 0.000 0.000 0.000 0.000 0.000 0.000 0.000 0.000 0.000 0.000 0.000 0.000 0.000 0.000 0.000 0.000 0.000 0.000 0.000 0.000 0.000 0.000 0.000 0.001 0.001 0.001 0.001 0.002 0.003 0.005 0.007 0.008 0.009 0.009 0.008 0.007 0.004 0.002 0.001 0.000 0.000 0.000 0.000 0.000 0.000 0.000 0.000 0.000 0.000 0.000 0.000 0.000 0.001 0.001 0.001 0.001 0.002 0.003 0.005 0.010 0.020 0.039 0.073 0.130 0.216 0.283 0.314 0.320 0.314 0.283 0.216 0.126 0.067
0.000 0.000 0.000 0.000 0.000 0.000 0.000 0.000 0.000 0.000 0.000 0.000 0.000 0.000 0.000 0.000 0.000 0.000 0.000 0.000 0.000 0.000 0.000 0.000 0.000 0.000 0.001 0.001 0.001 0.001 0.002 0.004 0.006 0.011 0.016 0.019 0.020 0.020 0.019 0.016 0.010 0.006 0.003 0.001 0.001 0.000 0.000 0.000 0.000 0.000 0.000 0.000 0.000 0.000 0.000 0.001 0.001 0.001 0.001 0.002 0.003 0.006 0.010 0.019 0.036 0.068 0.127 0.225 0.369 0.495 0.567 0.579 0.562 0.511 0.400 0.239 0.131
0.000 0.000 0.000 0.000 0.000 0.000 0.000 0.000 0.000 0.000 0.000 0.000 0.000 0.000 0.000 0.000 0.000 0.000 0.000 0.000 0.000 0.000 0.000 0.000 0.000 0.001 0.001 0.001 0.001 0.002 0.004 0.007 0.013 0.023 0.035 0.042 0.044 0.045 0.042 0.036 0.024 0.014 0.007 0.004 0.002 0.001 0.000 0.000 0.000 0.000 0.000 0.000 0.000 0.000 0.001 0.001 0.001 0.002 0.002 0.004 0.008 0.012 0.020 0.034 0.062 0.113 0.207 0.362 0.587 0.861 1.158 1.271 1.155 0.890 0.689 0.429 0.239
0.000 0.000 0.000 0.000 0.000 0.000 0.000 0.000 0.000 0.000 0.000 0.000 0.000 0.000 0.000 0.000 0.000 0.000 0.000 0.000 0.000 0.000 0.000 0.000 0.001 0.001 0.001 0.001 0.002 0.004 0.007 0.014 0.026 0.046 0.071 0.086 0.092 0.093 0.089 0.076 0.052 0.030 0.017 0.009 0.004 0.002 0.001 0.000 0.000 0.000 0.000 0.000 0.001 0.001 0.001 0.001 0.002 0.003 0.006 0.013 0.021 0.030 0.042 0.063 0.102 0.178 0.311 0.517 0.827 1.160 1.626 1.902 1.883 1.569 1.058 0.712 0.403
0.000 0.000 0.000 0.000 0.000 0.000 0.000 0.000 0.000 0.000 0.000 0.000 0.000 0.000 0.000 0.000 0.000 0.000 0.000 0.000 0.000 0.000 0.000 0.000 0.001 0.001 0.001 0.002 0.003 0.007 0.014 0.027 0.050 0.088 0.135 0.167 0.181 0.184 0.177 0.152 0.104 0.063 0.036 0.020 0.010 0.005 0.002 0.001 0.000 0.000 0.000 0.000 0.001 0.001 0.001 0.002 0.004 0.007 0.014 0.027 0.051 0.075 0.091 0.115 0.166 0.258 0.404 0.632 1.003 1.454 1.892 2.269 2.320 2.034 1.550 0.966 0.556
0.000 0.000 0.000 0.000 0.000 0.000 0.000 0.000 0.000 0.000 0.000 0.000 0.000 0.000 0.000 0.000 0.000 0.000 0.000 0.000 0.000 0.000 0.000 0.000 0.001 0.001 0.002 0.003 0.006 0.012 0.024 0.048 0.089 0.157 0.244 0.304 0.333 0.341 0.328 0.275 0.193 0.123 0.075 0.043 0.023 0.011 0.005 0.002 0.001 0.000 0.000 0.001 0.001 0.001 0.002 0.004 0.006 0.009 0.014 0.026 0.059 0.123 0.170 0.200 0.243 0.313 0.439 0.682 1.111 1.673 2.032 2.434 2.494 2.355 1.865 1.112 0.653
0.000 0.000 0.000 0.000 0.000 0.000 0.000 0.000 0.000 0.000 0.000 0.000 0.000 0.000 0.000 0.000 0.000 0.000 0.000 0.000 0.000 0.000 0.000 0.000 0.001 0.001 0.002 0.004 0.009 0.019 0.040 0.080 0.150 0.266 0.400 0.485 0.517 0.510 0.455 0.376 0.292 0.209 0.138 0.084 0.045 0.022 0.009 0.004 0.001 0.000 0.001 0.001 0.001 0.001 0.002 0.004 0.007 0.009 0.011 0.015 0.036 0.116 0.220 0.254 0.275 0.322 0.439 0.676 1.104 1.750 2.171 2.416 2.523 2.413 1.951 1.182 0.717
0.000 0.000 0.000 0.000 0.000 0.000 0.000 0.000 0.000 0.000 0.000 0.000 0.000 0.000 0.000 0.000 0.000 0.000 0.000 0.000 0.000 0.000 0.000 0.000 0.000 0.001 0.002 0.005 0.012 0.027 0.057 0.114 0.213 0.370 0.521 0.600 0.611 0.575 0.518 0.434 0.357 0.282 0.204 0.123 0.060 0.027 0.011 0.004 0.002 0.001 0.001 0.001 0.001 0.001 0.002 0.004 0.006 0.009 0.011 0.015 0.022 0.081 0.225 0.269 0.277 0.294 0.354 0.514 0.919 1.596 2.148 2.328 2.414 2.277 1.847 1.218 0.751
0.000 0.000 0.000 0.000 0.000 0.000 0.000 0.000 0.000 0.000 0.000 0.000 0.000 0.000 0.000 0.000 0.000 0.000 0.000 0.000 0.000 0.000 0.000 0.000 0.000 0.001 0.002 0.006 0.013 0.031 0.067 0.136 0.254 0.428 0.569 0.600 0.614 0.551 0.465 0.392 0.348 0.296 0.208 0.108 0.047 0.020 0.009 0.004 0.002 0.001 0.001 0.001 0.001 0.002 0.002 0.004 0.006 0.009 0.014 0.020 0.032 0.065 0.154 0.241 0.249 0.226 0.219 0.359 0.661 1.006 1.764 2.187 2.225 2.080 1.713 1.137 0.623
0.000 0.000 0.000 0.000 0.000 0.000 0.000 0.000 0.000 0.000 0.000 0.000 0.000 0.000 0.000 0.000 0.000 0.000 0.000 0.000 0.000 0.000 0.000 0.000 0.000 0.001 0.002 0.006 0.014 0.034 0.072 0.144 0.275 0.433 0.512 0.557 0.400 0.346 0.304 0.239 0.181 0.164 0.102 0.046 0.024 0.014 0.008 0.004 0.002 0.002 0.001 0.001 0.001 0.002 0.002 0.003 0.006 0.011 0.019 0.033 0.054 0.073 0.087 0.120 0.120 0.102 0.185 0.444 0.790 1.119 1.304 1.609 1.839 1.700 1.143 0.503 0.171
0.000 0.000 0.000 0.000 0.000 0.000 0.000 0.000 0.000 0.000 0.000 0.000 0.000 0.000 0.000 0.000 0.000 0.000 0.000 0.000 0.000 0.000 0.000 0.000 0.000 0.001 0.002 0.006 0.014 0.034 0.069 0.109 0.190 0.328 0.382 0.271 0.326 0.394 0.373 0.290 0.182 0.103 0.055 0.032 0.021 0.014 0.008 0.005 0.003 0.002 0.002 0.002 0.002 0.002 0.002 0.003 0.005 0.011 0.025 0.047 0.067 0.073 0.075 0.073 0.073 0.077 0.226 0.559 0.948 1.243 1.362 1.347 1.205 0.720 0.304 0.079 0.027
0.000 0.000 0.000 0.000 0.000 0.000 0.000 0.000 0.000 0.000 0.000 0.000 0.000 0.000 0.000 0.000 0.000 0.000 0.000 0.000 0.000 0.000 0.000 0.000 0.000 0.000 0.002 0.005 0.012 0.023 0.042 0.058 0.076 0.110 0.113 0.132 0.276 0.419 0.444 0.364 0.206 0.097 0.051 0.033 0.023 0.016 0.011 0.006 0.004 0.003 0.002 0.002 0.002 0.002 0.002 0.003 0.005 0.011 0.027 0.059 0.073 0.073 0.071 0.069 0.065 0.087 0.300 0.714 1.109 1.338 1.376 1.353 1.104 0.514 0.165 0.048 0.015
0.000 0.000 0.000 0.000 0.000 0.000 0.000 0.000 0.000 0.000 0.000 0.000 0.000 0.000 0.000 0.000 0.000 0.000 0.000 0.000 0.000 0.000 0.000 0.000 0.000 0.000 0.001 0.002 0.005 0.011 0.015 0.015 0.016 0.024 0.028 0.058 0.170 0.381 0.500 0.451 0.265 0.106 0.055 0.038 0.027 0.020 0.013 0.007 0.004 0.004 0.003 0.003 0.003 0.003 0.003 0.004 0.007 0.011 0.025 0.064 0.080 0.075 0.073 0.071 0.061 0.136 0.438 0.898 1.262 1.411 1.395 1.308 0.952 0.396 0.126 0.036 0.012
0.000 0.000 0.000 0.000 0.000 0.000 0.000 0.000 0.000 0.000 0.000 0.000 0.000 0.000 0.000 0.000 0.000 0.000 0.000 0.000 0.000 0.000 0.000 0.000 0.000 0.000 0.000 0.001 0.002 0.004 0.006 0.007 0.008 0.011 0.014 0.025 0.064 0.239 0.510 0.545 0.377 0.145 0.070 0.048 0.035 0.025 0.015 0.008 0.005 0.005 0.005 0.004 0.004 0.004 0.004 0.006 0.009 0.013 0.023 0.061 0.086 0.083 0.079 0.074 0.074 0.237 0.641 1.063 1.372 1.458 1.425 1.257 0.802 0.321 0.105 0.031 0.011
0.000 0.000 0.000 0.000 0.000 0.000 0.000 0.000 0.000 0.000 0.000 0.000 0.000 0.000 0.000 0.000 0.000 0.000 0.000 0.000 0.000 0.000 0.000 0.000 0.000 0.000 0.000 0.001 0.001 0.002 0.003 0.006 0.007 0.008 0.010 0.013 0.023 0.080 0.373 0.602 0.514 0.229 0.101 0.065 0.046 0.029 0.015 0.008 0.006 0.006 0.007 0.007 0.006 0.005 0.005 0.008 0.012 0.014 0.021 0.054 0.087 0.091 0.085 0.077 0.140 0.398 0.862 1.214 1.436 1.464 1.424 1.168 0.660 0.260 0.089 0.029 0.011
0.000 0.000 0.000 0.000 0.000 0.000 0.000 0.000 0.000 0.000 0.000 0.000 0.000 0.000 0.000 0.000 0.000 0.000 0.000 0.000 0.000 0.000 0.000 0.000 0.000 0.000 0.000 0.001 0.001 0.001 0.002 0.005 0.006 0.007 0.008 0.010 0.013 0.022 0.153 0.521 0.592 0.375 0.169 0.094 0.058 0.032 0.015 0.007 0.006 0.008 0.010 0.009 0.008 0.006 0.006 0.010 0.013 0.016 0.023 0.047 0.082 0.093 0.091 0.091 0.266 0.651 1.072 1.348 1.475 1.473 1.369 1.020 0.538 0.209 0.074 0.026 0.011
0.000 0.000 0.000 0.000 0.000 0.000 0.000 0.000 0.000 0.000 0.000 0.000 0.000 0.000 0.000 0.000 0.000 0.000 0.000 0.000 0.000 0.000 0.000 0.000 0.000 0.001 0.001 0.001 0.001 0.001 0.002 0.003 0.006 0.006 0.007 0.008 0.011 0.018 0.048 0.320 0.606 0.558 0.331 0.150 0.071 0.033 0.014 0.007 0.006 0.009 0.012 0.011 0.009 0.006 0.007 0.010 0.014 0.017 0.025 0.045 0.079 0.095 0.094 0.175 0.452 0.893 1.232 1.460 1.532 1.478 1.286 0.889 0.431 0.163 0.059 0.022 0.011
0.000 0.000 0.000 0.000 0.000 0.000 0.000 0.000 0.000 0.000 0.000 0.000 0.000 0.000 0.000 0.000 0.000 0.000 0.000 0.000 0.000 0.000 0.000 0.000 0.000 0.001 0.001 0.001 0.001 0.001 0.002 0.002 0.005 0.006 0.006 0.007 0.012 0.021 0.048 0.161 0.509 0.681 0.568 0.275 0.091 0.037 0.016 0.008 0.008 0.011 0.012 0.012 0.009 0.007 0.008 0.011 0.015 0.019 0.028 0.045 0.078 0.097 0.121 0.334 0.712 1.091 1.370 1.562 1.570 1.499 1.238 0.771 0.335 0.125 0.048 0.023 0.013
0.000 0.000 0.000 0.000 0.000 0.000 0.000 0.000 0.000 0.000 0.000 0.000 0.000 0.000 0.000 0.000 0.000 0.000 0.000 0.000 0.000 0.000 0.000 0.000 0.001 0.001 0.001 0.001 0.001 0.001 0.002 0.002 0.004 0.006 0.006 0.008 0.012 0.024 0.057 0.150 0.379 0.597 0.651 0.411 0.134 0.046 0.019 0.011 0.011 0.012 0.012 0.011 0.008 0.008 0.009 0.012 0.016 0.022 0.032 0.049 0.078 0.106 0.233 0.550 0.953 1.267 1.523 1.641 1.615 1.471 1.122 0.637 0.265 0.106 0.052 0.028 0.015
0.000 0.000 0.000 0.000 0.000 0.000 0.000 0.000 0.000 0.000 0.000 0.000 0.000 0.000 0.000 0.000 0.000 0.000 0.000 0.000 0.000 0.000 0.000 0.000 0.001 0.001 0.001 0.001 0.001 0.001 0.002 0.002 0.004 0.005 0.006 0.008 0.012 0.024 0.058 0.154 0.350 0.506 0.571 0.496 0.208 0.062 0.025 0.015 0.013 0.012 0.012 0.010 0.008 0.008 0.010 0.013 0.018 0.028 0.040 0.060 0.091 0.175 0.446 0.816 1.177 1.480 1.669 1.667 1.618 1.371 0.920 0.451 0.211 0.105 0.055 0.032 0.018
0.000 0.000 0.000 0.000 0.000 0.000 0.000 0.000 0.000 0.000 0.000 0.000 0.000 0.000 0.000 0.000 0.000 0.000 0.000 0.000 0.000 0.000 0.000 0.000 0.001 0.001 0.001 0.001 0.001 0.002 0.002 0.002 0.003 0.004 0.005 0.007 0.011 0.021 0.049 0.136 0.335 0.501 0.535 0.502 0.285 0.089 0.034 0.019 0.015 0.013 0.011 0.009 0.008 0.009 0.011 0.015 0.023 0.036 0.055 0.084 0.139 0.342 0.697 1.097 1.449 1.717 1.762 1.719 1.539 1.178 0.667 0.302 0.178 0.100 0.059 0.034 0.018
0.000 0.000 0.000 0.000 0.000 0.000 0.000 0.000 0.000 0.000 0.000 0.000 0.000 0.000 0.000 0.000 0.000 0.000 0.000 0.000 0.000 0.000 0.000 0.001 0.001 0.001 0.001 0.001 0.001 0.002 0.002 0.002 0.003 0.003 0.004 0.006 0.009 0.016 0.035 0.105 0.297 0.508 0.571 0.534 0.356 0.125 0.041 0.021 0.017 0.014 0.010 0.009 0.010 0.011 0.013 0.019 0.031 0.051 0.080 0.124 0.283 0.618 1.025 1.420 1.743 1.869 1.822 1.669 1.365 0.882 0.418 0.233 0.156 0.105 0.063 0.036 0.019
0.000 0.000 0.000 0.000 0.000 0.000 0.000 0.000 0.000 0.000 0.000 0.000 0.000 0.000 0.000 0.000 0.000 0.000 0.000 0.000 0.000 0.000 0.001 0.001 0.001 0.001 0.001 0.001 0.001 0.002 0.002 0.002 0.002 0.003 0.004 0.005 0.008 0.013 0.025 0.076 0.247 0.514 0.607 0.582 0.424 0.153 0.046 0.023 0.019 0.014 0.010 0.011 0.013 0.014 0.017 0.028 0.047 0.078 0.123 0.246 0.548 0.922 1.377 1.730 1.936 1.907 1.805 1.534 1.034 0.536 0.231 0.185 0.150 0.111 0.068 0.037 0.019
0.000 0.000 0.000 0.000 0.000 0.000 0.000 0.000 0.000 0.000 0.000 0.000 0.000 0.000 0.000 0.000 0.000 0.000 0.000 0.000 0.001 0.001 0.001 0.001 0.001 0.001 0.001 0.001 0.001 0.002 0.002 0.002 0.002 0.003 0.003 0.005 0.007 0.011 0.019 0.048 0.189 0.538 0.677 0.635 0.457 0.164 0.048 0.024 0.020 0.016 0.014 0.015 0.016 0.018 0.025 0.044 0.077 0.124 0.204 0.476 0.823 1.276 1.728 1.946 1.969 1.921 1.635 1.166 0.619 0.259 0.114 0.084 0.108 0.101 0.070 0.037 0.018
0.000 0.000 0.000 0.000 0.000 0.000 0.000 0.000 0.000 0.000 0.000 0.000 0.000 0.000 0.000 0.000 0.000 0.000 0.000 0.001 0.001 0.001 0.001 0.001 0.001 0.001 0.001 0.001 0.001 0.002 0.002 0.002 0.002 0.002 0.003 0.004 0.006 0.009 0.016 0.042 0.176 0.584 0.770 0.709 0.460 0.159 0.049 0.026 0.022 0.019 0.018 0.018 0.020 0.025 0.042 0.074 0.125 0.194 0.401 0.783 1.220 1.634 1.963 2.019 1.963 1.817 1.269 0.688 0.297 0.115 0.053 0.034 0.037 0.048 0.045 0.025 0.011
0.000 0.000 0.000 0.000 0.000 0.000 0.000 0.000 0.000 0.000 0.000 0.000 0.000 0.000 0.000 0.000 0.000 0.000 0.000 0.001 0.001 0.001 0.001 0.001 0.001 0.001 0.001 0.001 0.001 0.002 0.002 0.002 0.002 0.002 0.003 0.004 0.005 0.007 0.016 0.053 0.218 0.639 0.818 0.766 0.443 0.144 0.049 0.028 0.024 0.022 0.021 0.022 0.027 0.041 0.072 0.124 0.197 0.343 0.708 1.127 1.579 1.893 2.012 2.021 1.866 1.427 0.783 0.347 0.138 0.056 0.028 0.018 0.014 0.015 0.014 0.009 0.004
0.000 0.000 0.000 0.000 0.000 0.000 0.000 0.000 0.000 0.000 0.000 0.000 0.000 0.000 0.000 0.000 0.000 0.000 0.000 0.001 0.001 0.001 0.001 0.001 0.001 0.001 0.001 0.001 0.001 0.002 0.002 0.002 0.002 0.002 0.003 0.003 0.004 0.007 0.016 0.061 0.270 0.689 0.827 0.781 0.429 0.132 0.046 0.029 0.026 0.026 0.025 0.027 0.040 0.069 0.120 0.197 0.288 0.591 0.985 1.467 1.858 2.023 1.961 1.937 1.522 0.886 0.406 0.174 0.074 0.034 0.018 0.012 0.009 0.008 0.006 0.004 0.002
0.000 0.000 0.000 0.000 0.000 0.000 0.000 0.000 0.000 0.000 0.000 0.000 0.000 0.000 0.000 0.000 0.000 0.000 0.000 0.001 0.001 0.001 0.001 0.001 0.001 0.001 0.001 0.001 0.001 0.002 0.002 0.002 0.002 0.002 0.002 0.003 0.003 0.006 0.016 0.061 0.293 0.737 0.866 0.782 0.417 0.123 0.045 0.030 0.029 0.029 0.030 0.038 0.065 0.117 0.196 0.290 0.496 0.836 1.345 1.790 2.022 1.994 1.890 1.567 0.953 0.462 0.201 0.091 0.044 0.023 0.013 0.010 0.008 0.006 0.004 0.002 0.001
0.000 0.000 0.000 0.000 0.000 0.000 0.000 0.000 0.000 0.000 0.000 0.000 0.000 0.000 0.000 0.000 0.000 0.000 0.000 0.001 0.001 0.001 0.001 0.001 0.002 0.002 0.001 0.001 0.001 0.001 0.002 0.002 0.002 0.002 0.002 0.002 0.003 0.006 0.014 0.056 0.279 0.776 0.917 0.813 0.394 0.117 0.047 0.034 0.034 0.033 0.038 0.061 0.111 0.197 0.298 0.431 0.738 1.167 1.725 2.007 2.007 1.990 1.619 1.041 0.510 0.219 0.103 0.050 0.027 0.015 0.011 0.008 0.006 0.004 0.002 0.001 0.000
0.000 0.000 0.000 0.000 0.000 0.000 0.000 0.000 0.000 0.000 0.000 0.000 0.000 0.000 0.000 0.000 0.000 0.000 0.000 0.001 0.001 0.001 0.001 0.001 0.001 0.002 0.001 0.001 0.001 0.002 0.002 0.002 0.002 0.002 0.002 0.002 0.003 0.005 0.012 0.047 0.243 0.763 0.954 0.859 0.404 0.116 0.055 0.042 0.041 0.043 0.060 0.107 0.191 0.302 0.411 0.661 1.090 1.641 2.029 2.067 1.975 1.732 1.153 0.632 0.261 0.113 0.060 0.034 0.020 0.012 0.008 0.006 0.004 0.002 0.001 0.000 0.000
