AvaFrame/avaframe/data/avaKot/Avaflow_Input_Output_old/gar_results/gar_ascii/gar_hillshade0001.asc
ncols 88
nrows 125
xllcenter 176963.44
yllcenter 376270.31
cellsize 20.00
NODATA_value -9999.000
[rows 0 to 44 of 125, columns 0 to 87 of 88]
180 180 180 180 180 180 180 180 180 180 180 180 180 180 180 180 180 180 180 180 180 180 180 180 180 180 180 180 180 180 180 180 180 180 180 180 180 180 180 180 180 180 180 180 180 180 180 180 180 180 180 180 180 180 180 180 180 180 180 180 180 180 180 180 180 180 180 180 180 180 180 180 180 180 180 180 180 180 180 180 180 180 180 180 180 180 180 180
180 180 180 180 180 180 180 180 180 180 180 180 180 180 180 180 180 180 180 180 180 180 180 180 180 180 180 180 180 180 180 180 180 180 180 180 180 180 180 180 180 180 180 180 180 180 180 180 180 180 180 180 180 180 180 180 180 180 180 180 180 180 180 180 180 0 128 128 176 180 181 128 180 180 180 180 180 180 180 180 180 180 180 180 180 180 180 180
180 180 180 180 180 180 180 180 180 180 180 180 180 180 180 180 180 180 180 180 180 180 180 180 180 180 180 180 180 180 180 180 180 180 180 180 180 180 180 180 180 180 180 180 180 180 180 180 180 180 180 180 180 180 180 180 180 180 180 180 180 180 0 128 128 178 180 178 186 180 179 181 182 128 180 180 180 180 180 180 180 180 180 180 180 180 180 180
180 180 180 180 180 180 180 180 180 180 180 180 180 180 180 180 180 180 180 180 180 180 180 180 180 180 180 180 180 180 180 180 180 180 180 180 180 180 180 180 180 180 180 180 180 180 180 180 180 180 180 180 180 180 180 180 180 180 180 180 0 128 176 178 176 182 178 183 180 184 182 181 179 182 182 128 180 180 180 180 180 180 180 180 180 180 180 180
180 180 180 180 180 180 180 180 180 180 180 180 180 180 180 180 180 180 180 180 180 180 180 180 180 180 180 180 180 180 180 180 180 180 180 180 180 180 180 180 180 180 180 180 180 180 180 180 180 180 180 180 180 180 180 180 180 0 128 128 182 183 174 179 177 179 179 183 182 177 179 183 182 182 183 182 183 180 180 180 180 180 180 180 180 180 180 180
180 180 180 180 180 180 180 180 180 180 180 180 180 180 180 180 180 180 180 180 180 180 180 180 180 180 180 180 180 180 180 180 180 180 180 180 180 180 180 180 180 180 180 180 180 180 180 180 180 180 180 180 180 180 0 128 128 181 181 181 180 177 182 177 185 179 181 181 181 172 178 183 183 184 184 182 183 182 128 180 180 180 180 180 180 180 180 180
180 180 180 180 180 180 180 180 180 180 180 180 180 180 180 180 180 180 180 180 180 180 180 180 180 180 180 180 180 180 180 180 180 180 180 180 180 180 180 180 180 180 180 180 180 180 180 180 180 180 180 180 0 128 179 180 184 181 183 176 180 178 181 182 179 185 180 180 183 171 175 182 184 184 184 183 183 185 183 182 128 180 180 180 180 180 180 180
180 180 180 180 180 180 180 180 180 180 180 180 180 180 180 180 180 180 180 180 180 180 180 180 180 180 180 180 180 180 180 180 180 180 180 180 180 180 180 180 180 180 180 180 180 180 180 180 180 180 0 128 181 180 181 178 180 180 177 182 176 181 179 185 182 180 181 182 186 175 170 180 181 185 187 184 183 187 183 178 176 177 180 180 180 180 180 180
180 180 180 180 180 180 180 180 180 180 180 180 180 180 180 180 180 180 180 180 180 180 180 180 180 180 180 180 180 180 180 180 180 180 180 180 180 180 180 180 180 180 180 180 180 180 180 180 0 128 181 180 181 182 181 182 173 180 178 177 183 179 181 179 180 180 181 177 177 186 174 178 177 180 184 189 183 189 186 177 174 178 173 128 180 180 180 180
180 180 180 180 180 180 180 180 180 180 180 180 180 180 180 180 180 180 180 180 180 180 180 180 180 180 180 180 180 180 180 180 180 180 180 180 180 180 180 180 180 180 180 180 180 180 0 128 179 190 185 181 180 181 180 177 181 175 186 181 181 183 180 181 181 183 180 183 169 166 180 180 181 182 180 188 192 186 193 176 175 177 175 180 128 180 180 180
180 180 180 180 180 180 180 180 180 180 180 180 180 180 180 180 180 180 180 180 180 180 180 180 180 180 180 180 180 180 180 180 180 180 180 180 180 180 180 180 180 180 180 180 0 128 182 182 172 178 185 183 182 175 180 179 182 180 179 187 182 181 181 181 179 181 184 182 182 163 171 179 180 182 182 181 193 188 195 182 176 179 173 176 128 180 180 180
180 180 180 180 180 180 180 180 180 180 180 180 180 180 180 180 180 180 180 180 180 180 180 180 180 180 180 180 180 180 180 180 180 180 180 180 180 180 180 180 180 180 0 128 181 180 180 183 180 176 178 181 177 181 174 181 183 184 181 180 181 181 185 179 181 179 180 182 184 179 170 178 183 184 181 185 189 187 189 183 172 182 175 170 180 180 180 180
180 180 180 180 180 180 180 180 180 180 180 180 180 180 180 180 180 180 180 180 180 180 180 180 180 180 180 180 180 180 180 180 180 180 180 180 180 180 180 180 0 128 185 181 181 181 180 182 182 181 175 180 180 179 183 178 180 183 180 180 181 175 178 189 179 181 181 178 179 180 177 179 179 185 180 185 194 192 189 186 165 178 181 171 176 128 180 180
180 180 180 180 180 180 180 180 180 180 180 180 180 180 180 180 180 180 180 180 180 180 180 180 180 180 180 180 180 180 180 180 180 180 180 180 180 180 0 128 180 180 182 182 180 180 181 181 182 176 181 176 184 183 181 184 180 179 179 179 181 181 171 178 188 180 183 178 178 181 180 178 182 183 174 179 193 198 192 194 171 172 182 176 169 128 180 180
180 180 180 180 180 180 180 180 180 180 180 180 180 180 180 180 180 180 180 180 180 180 180 180 180 180 180 180 180 180 180 180 180 180 180 180 0 128 171 172 176 179 180 181 178 179 182 178 180 180 177 185 179 185 184 182 183 183 182 180 180 181 180 173 182 183 176 183 183 181 183 183 182 187 181 166 187 198 198 196 180 174 181 181 170 128 180 180
180 180 180 180 180 180 180 180 180 180 180 180 180 180 180 180 180 180 180 180 180 180 180 180 180 180 180 180 180 180 180 180 180 180 0 128 180 180 175 172 174 177 179 182 183 178 179 182 177 181 180 181 185 180 183 183 183 184 185 183 181 182 182 178 175 180 178 172 176 186 184 185 184 183 192 170 174 192 199 197 182 175 182 181 175 128 180 180
180 180 180 180 180 180 180 180 180 180 180 180 180 180 180 180 180 180 180 180 180 180 180 180 180 180 180 180 180 180 180 180 180 0 165 176 181 187 183 179 179 179 176 176 183 179 179 180 187 180 182 180 181 181 181 181 181 181 182 184 182 181 183 182 178 170 178 179 170 173 182 184 185 184 189 183 166 186 199 197 181 174 182 180 180 128 180 180
180 180 180 180 180 180 180 180 180 180 180 180 180 180 180 180 180 180 180 180 180 180 180 180 180 180 180 180 180 180 180 0 128 174 169 172 175 181 186 180 181 185 182 173 175 181 180 181 183 187 180 181 181 181 181 180 181 181 181 182 183 181 181 181 179 173 174 183 176 171 178 180 182 186 185 186 168 175 197 199 181 173 182 180 180 128 180 180
180 180 180 180 180 180 180 180 180 180 180 180 180 180 180 180 180 180 180 180 180 180 180 180 180 180 180 180 180 0 128 177 177 176 174 172 178 176 184 183 179 179 177 180 177 183 180 184 181 183 181 181 180 181 181 181 181 181 181 182 182 182 181 181 176 176 181 189 178 171 176 178 179 185 188 186 172 170 194 200 182 174 182 182 178 128 180 180
180 180 180 180 180 180 180 180 180 180 180 180 180 180 180 180 180 180 180 180 180 180 180 180 180 180 180 0 128 178 178 178 179 179 178 177 177 176 179 182 175 180 179 183 179 182 186 181 180 181 180 181 181 180 179 180 180 179 180 181 181 181 181 180 179 173 183 194 188 175 173 177 179 184 191 190 180 171 190 200 182 174 182 180 179 128 180 180
180 180 180 180 180 180 180 180 180 180 180 180 180 180 180 180 180 180 180 180 180 180 180 180 180 0 128 182 181 183 180 177 178 181 181 180 177 171 170 178 178 184 180 181 188 180 181 182 181 181 181 181 181 182 181 180 181 180 179 180 181 180 178 176 176 181 180 187 193 182 175 176 179 180 188 191 185 182 187 199 183 173 181 179 177 128 180 180
180 180 180 180 180 180 180 180 180 180 180 180 180 180 180 180 180 180 180 180 180 180 180 180 0 171 169 173 173 172 174 173 170 170 171 175 179 176 177 186 180 179 189 180 181 181 179 180 181 180 180 181 181 181 181 181 181 181 180 180 182 178 170 174 181 178 179 183 191 186 177 176 181 180 184 189 182 184 192 197 184 170 179 179 177 128 180 180
180 180 180 180 180 180 180 180 180 180 180 180 180 180 180 180 180 180 180 180 180 180 180 0 175 175 172 171 175 174 174 173 175 177 179 182 183 186 180 184 192 182 181 180 179 180 180 180 180 179 179 180 181 182 180 180 181 180 180 180 180 168 171 172 180 180 177 180 187 190 180 173 179 181 185 187 185 184 192 196 185 174 177 179 175 128 180 180
180 180 180 180 180 180 180 180 180 180 180 180 180 180 180 180 180 180 180 180 180 180 0 191 190 191 190 187 187 192 192 190 187 184 186 191 189 187 187 181 181 181 181 182 181 180 181 181 181 181 180 179 179 181 181 180 180 181 180 181 179 169 163 175 177 179 178 178 181 189 187 176 173 178 182 189 185 186 188 196 184 171 181 181 175 176 180 180
180 180 180 180 180 180 180 180 180 180 180 180 180 180 180 180 180 180 180 180 180 0 187 187 188 188 189 190 187 187 190 190 191 187 183 182 184 180 180 181 181 181 181 180 181 181 181 182 182 182 182 181 180 180 180 180 180 180 180 181 172 173 169 175 175 176 178 178 179 181 186 185 175 172 173 181 189 190 188 194 189 172 174 182 174 179 128 180
180 180 180 180 180 180 180 180 180 180 180 180 180 180 180 180 180 180 180 180 0 182 183 183 183 183 183 182 184 182 182 182 181 182 180 182 182 181 180 180 181 182 182 181 182 181 181 180 181 182 181 181 181 180 180 181 182 182 180 180 168 165 176 177 178 176 178 179 180 181 181 183 187 182 174 171 185 187 189 192 187 180 173 178 170 174 128 180
180 180 180 180 180 180 180 180 180 180 180 180 180 180 180 180 180 180 180 0 181 181 181 182 182 181 182 181 181 181 181 181 182 182 181 181 182 183 182 181 181 181 182 181 180 182 182 181 180 180 181 180 182 180 180 181 182 181 180 180 175 161 175 178 179 178 177 180 181 181 180 178 181 187 187 178 186 187 184 191 185 178 178 175 172 171 128 180
180 180 180 180 180 180 180 180 180 180 180 180 180 180 180 180 180 180 0 181 182 182 181 180 181 181 180 181 181 181 181 180 180 179 179 179 179 179 180 180 180 181 181 181 181 181 181 181 181 181 181 181 182 181 179 180 181 181 180 175 180 170 172 179 179 179 178 179 181 183 181 178 176 179 181 185 192 193 182 191 184 177 179 176 174 175 128 180
180 180 180 180 180 180 180 180 180 180 180 180 180 180 180 180 180 0 180 178 180 182 181 180 180 180 179 180 181 181 181 181 181 181 181 180 181 181 181 180 179 180 181 181 181 181 182 182 181 182 182 181 181 183 180 181 181 180 180 178 171 173 170 177 178 177 177 178 181 185 184 180 178 181 177 180 191 197 184 192 184 177 180 173 174 175 128 180
180 180 180 180 180 180 180 180 180 180 180 180 180 180 180 180 0 181 181 179 179 181 182 181 181 181 180 179 180 181 182 182 182 182 182 182 182 181 181 182 182 181 181 181 181 181 181 182 181 182 181 182 180 181 181 181 182 180 177 181 177 171 172 175 175 175 173 174 176 183 186 182 174 178 183 182 189 201 186 194 184 182 186 175 175 172 128 180
180 180 180 180 180 180 180 180 180 180 180 180 180 180 180 0 181 180 182 181 178 179 181 181 181 181 181 181 180 179 180 181 181 181 181 181 181 182 180 179 180 180 180 180 180 181 181 181 181 181 181 181 181 179 182 181 183 182 179 178 180 178 177 181 179 177 177 174 175 180 187 184 178 176 184 186 186 199 190 192 179 167 185 180 179 175 128 180
180 180 180 180 180 180 180 180 180 180 180 180 180 180 0 179 178 179 181 183 181 178 179 180 180 179 178 179 180 179 179 180 181 181 180 180 180 180 181 181 181 180 180 180 179 178 179 180 181 181 181 180 182 181 181 186 182 181 183 181 172 175 180 184 184 180 179 180 179 180 187 189 180 174 179 188 191 193 191 191 184 167 174 176 179 179 128 180
180 180 180 180 180 180 180 180 180 180 180 180 180 0 178 179 179 179 178 181 183 182 180 180 181 181 181 180 180 180 179 179 180 181 181 180 180 181 180 179 180 182 182 181 181 181 180 178 179 180 181 183 179 182 185 181 185 183 182 184 179 172 177 178 182 182 178 178 178 180 181 187 184 177 175 180 190 199 193 193 185 170 176 176 180 181 128 180
180 180 180 180 180 180 180 180 180 180 180 180 180 -126 184 182 178 179 180 179 180 182 182 181 181 181 182 182 182 181 181 180 180 179 180 180 180 181 182 180 179 180 180 180 180 180 182 183 182 182 180 183 187 179 180 185 182 183 180 177 181 178 177 176 176 180 180 174 177 177 176 180 183 180 178 178 183 201 201 194 187 173 176 173 179 179 128 180
180 180 180 180 180 180 180 180 180 180 180 180 0 183 184 187 185 177 178 180 179 179 182 182 181 179 179 181 181 181 181 181 181 181 181 181 180 180 182 182 179 179 180 180 181 181 179 183 188 188 189 183 181 185 180 179 180 182 180 174 174 177 177 176 174 175 181 178 174 177 177 175 178 179 181 179 179 194 210 199 185 172 179 179 181 175 179 180
180 180 180 180 180 180 180 180 180 180 180 0 179 178 179 179 185 184 177 177 180 179 179 179 182 181 178 178 179 180 181 181 180 181 182 181 181 180 180 181 182 181 182 182 180 181 183 176 185 184 185 188 184 179 179 179 180 181 182 177 174 177 176 175 173 172 176 181 178 176 177 176 175 176 178 180 178 181 207 206 186 172 176 177 182 176 176 180
180 180 180 180 180 180 180 180 180 180 0 181 183 181 179 179 179 184 183 179 178 179 180 179 179 182 181 180 180 180 180 180 180 180 179 181 181 181 182 182 181 182 182 183 182 179 181 181 176 183 178 177 180 180 178 178 180 181 181 180 177 179 178 177 177 173 173 177 180 178 179 180 179 177 177 179 179 179 200 205 184 172 180 177 180 179 175 180
180 180 180 180 180 180 180 180 180 0 180 180 181 184 183 181 182 182 182 183 182 181 179 181 180 181 182 181 182 182 182 181 181 181 181 181 182 182 182 184 181 180 181 182 181 179 178 182 181 180 181 181 180 180 179 176 177 180 180 180 179 180 181 180 181 181 177 176 179 179 179 179 180 183 182 179 178 179 200 210 184 169 181 177 177 181 178 180
180 180 180 180 180 180 180 180 0 181 180 180 180 181 183 182 181 182 181 182 186 187 186 184 184 182 181 181 182 181 181 182 181 182 181 180 181 180 180 180 182 181 180 180 181 176 180 181 181 181 181 182 183 182 180 178 175 177 178 179 181 180 183 185 186 187 185 179 180 186 180 179 178 179 184 183 184 181 198 221 195 160 181 179 171 178 181 180
180 180 180 180 180 180 180 180 -126 181 180 181 181 180 182 182 182 183 183 178 179 183 185 185 186 185 183 182 183 184 183 182 181 181 181 180 180 180 181 180 179 183 183 181 178 181 177 183 181 179 179 180 182 181 180 180 179 176 179 177 180 183 182 187 192 195 194 195 183 191 191 183 178 177 181 179 183 190 191 215 219 168 170 183 176 175 184 180
180 180 180 180 180 180 180 180 -126 181 181 180 180 181 181 182 181 181 183 182 178 177 177 178 180 183 183 181 181 182 185 185 183 181 181 183 181 181 181 182 183 181 182 181 179 178 183 183 183 181 179 178 179 180 178 177 179 177 179 182 180 183 184 185 194 199 193 191 194 199 199 191 186 179 178 174 170 185 193 203 218 198 156 176 174 178 179 180
180 180 180 180 180 180 180 180 -126 181 183 183 182 182 180 181 181 179 178 180 179 179 178 179 178 178 181 182 180 179 180 183 183 184 181 182 183 182 182 180 181 181 181 181 178 179 182 181 182 180 180 179 180 180 178 178 178 179 178 182 184 187 188 183 194 204 203 200 192 197 208 202 197 189 184 176 164 170 181 195 214 217 170 159 165 169 146 180
180 180 180 180 180 180 180 0 184 184 183 183 182 183 182 180 180 181 180 180 182 182 181 180 181 180 179 180 181 180 180 180 180 181 181 181 182 182 181 181 181 186 181 181 180 178 180 181 180 179 181 184 192 199 195 184 179 180 177 180 187 188 193 191 188 206 207 202 208 207 211 208 205 200 196 190 176 170 175 176 204 225 208 157 156 155 149 180
180 180 180 180 180 180 180 -126 183 183 183 184 182 182 182 181 182 182 183 182 182 185 184 182 181 181 182 180 180 181 182 183 184 183 182 182 187 191 191 190 184 180 185 181 179 178 178 192 190 194 196 203 202 211 224 221 202 195 203 192 196 195 195 196 192 196 209 206 210 212 216 214 209 205 201 199 191 182 176 178 186 215 239 195 157 123 93 180
180 180 180 180 180 180 180 -126 182 182 182 183 184 184 185 183 183 183 181 184 184 186 188 186 184 184 184 186 185 183 184 184 186 186 188 187 181 185 205 205 204 197 181 180 191 193 183 198 207 196 184 187 207 227 233 226 216 187 199 217 219 225 207 198 196 192 207 210 214 219 218 219 217 211 207 205 201 197 195 190 204 203 239 250 195 147 47 180
