AvaFrame/avaframe/data/avaKot/Avaflow_Input_Output_old/gar_results/gar_ascii/gar_hflow0016.asc
ncols 88
nrows 125
xllcenter 176963.44
yllcenter 376270.31
cellsize 20.00
NODATA_value -9999.000
[rows 34 to 67 of 125, columns 0 to 76 of 88]
0.000 0.000 0.000 0.000 0.000 0.000 0.000 0.000 0.000 0.000 0.000 0.000 0.000 0.000 0.000 0.000 0.000 0.000 0.000 0.000 0.000 0.000 0.000 0.000 0.000 0.000 0.000 0.000 0.000 0.000 0.000 0.000 0.000 0.000 0.000 0.000 0.000 0.000 0.000 0.000 0.000 0.000 0.000 0.000 0.000 0.000 0.000 0.000 0.000 0.000 0.000 0.000 0.000 0.000 0.000 0.000 0.000 0.000 0.000 0.000 0.000 0.000 0.000 0.000 0.001 0.001 0.001 0.001 0.001 0.002 0.002 0.002 0.002 0.001 0.001 0.000 0.000
0.000 0.000 0.000 0.000 0.000 0.000 0.000 0.000 0.000 0.000 0.000 0.000 0.000 0.000 0.000 0.000 0.000 0.000 0.000 0.000 0.000 0.000 0.000 0.000 0.000 0.000 0.000 0.000 0.000 0.000 0.000 0.000 0.000 0.000 0.000 0.000 0.000 0.000 0.000 0.000 0.000 0.000 0.000 0.000 0.000 0.000 0.000 0.000 0.000 0.000 0.000 0.000 0.000 0.000 0.000 0.000 0.000 0.000 0.000 0.000 0.000 0.000 0.001 0.001 0.001 0.001 0.001 0.002 0.004 0.006 0.007 0.007 0.007 0.006 0.003 0.001 0.001
0.000 0.000 0.000 0.000 0.000 0.000 0.000 0.000 0.000 0.000 0.000 0.000 0.000 0.000 0.000 0.000 0.000 0.000 0.000 0.000 0.000 0.000 0.000 0.000 0.000 0.000 0.000 0.000 0.000 0.000 0.000 0.000 0.000 0.000 0.000 0.000 0.000 0.000 0.000 0.000 0.000 0.000 0.000 0.000 0.000 0.000 0.000 0.000 0.000 0.000 0.000 0.000 0.000 0.000 0.000 0.000 0.000 0.000 0.000 0.000 0.000 0.001 0.001 0.001 0.001 0.002 0.003 0.005 0.010 0.018 0.022 0.022 0.022 0.019 0.011 0.005 0.002
0.000 0.000 0.000 0.000 0.000 0.000 0.000 0.000 0.000 0.000 0.000 0.000 0.000 0.000 0.000 0.000 0.000 0.000 0.000 0.000 0.000 0.000 0.000 0.000 0.000 0.000 0.000 0.000 0.000 0.000 0.000 0.000 0.001 0.001 0.001 0.001 0.001 0.001 0.000 0.000 0.000 0.000 0.000 0.000 0.000 0.000 0.000 0.000 0.000 0.000 0.000 0.000 0.000 0.000 0.000 0.000 0.000 0.000 0.000 0.000 0.001 0.001 0.001 0.001 0.002 0.003 0.007 0.014 0.029 0.051 0.063 0.066 0.065 0.056 0.036 0.017 0.007
0.000 0.000 0.000 0.000 0.000 0.000 0.000 0.000 0.000 0.000 0.000 0.000 0.000 0.000 0.000 0.000 0.000 0.000 0.000 0.000 0.000 0.000 0.000 0.000 0.000 0.000 0.000 0.000 0.000 0.000 0.001 0.001 0.001 0.001 0.001 0.001 0.001 0.001 0.001 0.001 0.000 0.000 0.000 0.000 0.000 0.000 0.000 0.000 0.000 0.000 0.000 0.000 0.000 0.000 0.000 0.000 0.000 0.000 0.000 0.001 0.001 0.001 0.001 0.002 0.003 0.007 0.017 0.036 0.074 0.130 0.164 0.173 0.170 0.149 0.098 0.048 0.021
0.000 0.000 0.000 0.000 0.000 0.000 0.000 0.000 0.000 0.000 0.000 0.000 0.000 0.000 0.000 0.000 0.000 0.000 0.000 0.000 0.000 0.000 0.000 0.000 0.000 0.000 0.000 0.000 0.000 0.001 0.001 0.001 0.001 0.002 0.003 0.003 0.004 0.004 0.004 0.003 0.001 0.001 0.000 0.000 0.000 0.000 0.000 0.000 0.000 0.000 0.000 0.000 0.000 0.000 0.000 0.000 0.000 0.000 0.000 0.001 0.001 0.001 0.002 0.003 0.007 0.016 0.038 0.082 0.165 0.292 0.375 0.400 0.394 0.349 0.241 0.121 0.054
0.000 0.000 0.000 0.000 0.000 0.000 0.000 0.000 0.000 0.000 0.000 0.000 0.000 0.000 0.000 0.000 0.000 0.000 0.000 0.000 0.000 0.000 0.000 0.000 0.000 0.000 0.000 0.000 0.001 0.001 0.001 0.001 0.002 0.004 0.007 0.010 0.012 0.012 0.012 0.009 0.005 0.002 0.001 0.000 0.000 0.000 0.000 0.000 0.000 0.000 0.000 0.000 0.000 0.000 0.000 0.000 0.000 0.000 0.001 0.001 0.001 0.001 0.003 0.006 0.014 0.033 0.075 0.161 0.318 0.559 0.748 0.808 0.803 0.724 0.524 0.275 0.125
0.000 0.000 0.000 0.000 0.000 0.000 0.000 0.000 0.000 0.000 0.000 0.000 0.000 0.000 0.000 0.000 0.000 0.000 0.000 0.000 0.000 0.000 0.000 0.000 0.000 0.000 0.000 0.001 0.001 0.001 0.001 0.002 0.005 0.010 0.019 0.029 0.034 0.035 0.033 0.027 0.016 0.007 0.003 0.001 0.000 0.000 0.000 0.000 0.000 0.000 0.000 0.000 0.000 0.000 0.000 0.000 0.000 0.001 0.001 0.001 0.001 0.002 0.005 0.011 0.025 0.058 0.129 0.256 0.462 0.796 1.204 1.401 1.420 1.319 1.011 0.554 0.259
0.000 0.000 0.000 0.000 0.000 0.000 0.000 0.000 0.000 0.000 0.000 0.000 0.000 0.000 0.000 0.000 0.000 0.000 0.000 0.000 0.000 0.000 0.000 0.000 0.000 0.000 0.000 0.001 0.001 0.001 0.002 0.005 0.011 0.024 0.048 0.074 0.087 0.090 0.087 0.072 0.043 0.021 0.009 0.004 0.001 0.000 0.000 0.000 0.000 0.000 0.000 0.000 0.000 0.000 0.000 0.000 0.001 0.001 0.001 0.001 0.002 0.004 0.008 0.019 0.042 0.091 0.179 0.319 0.540 0.906 1.500 1.918 1.998 1.906 1.526 0.885 0.429
0.000 0.000 0.000 0.000 0.000 0.000 0.000 0.000 0.000 0.000 0.000 0.000 0.000 0.000 0.000 0.000 0.000 0.000 0.000 0.000 0.000 0.000 0.000 0.000 0.000 0.000 0.001 0.001 0.001 0.002 0.004 0.011 0.025 0.054 0.108 0.166 0.197 0.206 0.201 0.168 0.104 0.054 0.026 0.011 0.004 0.001 0.000 0.000 0.000 0.000 0.000 0.000 0.000 0.000 0.000 0.001 0.001 0.001 0.001 0.002 0.004 0.008 0.017 0.036 0.072 0.129 0.210 0.331 0.530 0.908 1.580 2.207 2.365 2.257 1.812 1.071 0.525
0.000 0.000 0.000 0.000 0.000 0.000 0.000 0.000 0.000 0.000 0.000 0.000 0.000 0.000 0.000 0.000 0.000 0.000 0.000 0.000 0.000 0.000 0.000 0.000 0.000 0.000 0.001 0.001 0.002 0.004 0.009 0.022 0.052 0.112 0.219 0.327 0.385 0.401 0.375 0.302 0.208 0.123 0.064 0.030 0.012 0.004 0.001 0.000 0.000 0.000 0.000 0.000 0.000 0.000 0.001 0.001 0.001 0.001 0.002 0.003 0.006 0.015 0.038 0.074 0.117 0.157 0.191 0.228 0.292 0.501 1.151 2.123 2.514 2.390 1.903 1.127 0.554
0.000 0.000 0.000 0.000 0.000 0.000 0.000 0.000 0.000 0.000 0.000 0.000 0.000 0.000 0.000 0.000 0.000 0.000 0.000 0.000 0.000 0.000 0.000 0.000 0.000 0.000 0.001 0.001 0.002 0.006 0.015 0.040 0.093 0.196 0.358 0.480 0.532 0.524 0.446 0.353 0.271 0.191 0.111 0.053 0.021 0.007 0.002 0.000 0.000 0.000 0.000 0.000 0.000 0.001 0.001 0.001 0.001 0.002 0.002 0.004 0.007 0.020 0.064 0.122 0.147 0.150 0.143 0.148 0.188 0.270 0.516 1.304 2.129 2.256 1.847 1.117 0.551
0.000 0.000 0.000 0.000 0.000 0.000 0.000 0.000 0.000 0.000 0.000 0.000 0.000 0.000 0.000 0.000 0.000 0.000 0.000 0.000 0.000 0.000 0.000 0.000 0.000 0.000 0.001 0.001 0.002 0.007 0.019 0.049 0.119 0.256 0.440 0.539 0.530 0.430 0.317 0.258 0.232 0.191 0.116 0.053 0.021 0.008 0.003 0.001 0.000 0.000 0.000 0.000 0.000 0.001 0.001 0.001 0.001 0.002 0.003 0.006 0.012 0.027 0.073 0.126 0.135 0.121 0.113 0.132 0.197 0.317 0.482 0.739 1.161 1.406 1.335 0.881 0.425
0.000 0.000 0.000 0.000 0.000 0.000 0.000 0.000 0.000 0.000 0.000 0.000 0.000 0.000 0.000 0.000 0.000 0.000 0.000 0.000 0.000 0.000 0.000 0.000 0.000 0.000 0.000 0.001 0.002 0.007 0.020 0.052 0.127 0.283 0.432 0.431 0.295 0.196 0.174 0.163 0.149 0.128 0.080 0.038 0.018 0.008 0.004 0.001 0.000 0.000 0.000 0.000 0.001 0.001 0.001 0.001 0.002 0.003 0.007 0.013 0.026 0.048 0.075 0.096 0.098 0.092 0.098 0.138 0.232 0.392 0.576 0.670 0.697 0.612 0.475 0.288 0.121
0.000 0.000 0.000 0.000 0.000 0.000 0.000 0.000 0.000 0.000 0.000 0.000 0.000 0.000 0.000 0.000 0.000 0.000 0.000 0.000 0.000 0.000 0.000 0.000 0.000 0.000 0.000 0.001 0.002 0.007 0.019 0.050 0.118 0.225 0.252 0.185 0.138 0.167 0.175 0.159 0.128 0.089 0.053 0.032 0.020 0.011 0.005 0.002 0.001 0.000 0.000 0.001 0.001 0.001 0.001 0.001 0.002 0.005 0.013 0.026 0.048 0.068 0.074 0.073 0.072 0.073 0.089 0.153 0.281 0.462 0.631 0.679 0.584 0.317 0.136 0.057 0.026
0.000 0.000 0.000 0.000 0.000 0.000 0.000 0.000 0.000 0.000 0.000 0.000 0.000 0.000 0.000 0.000 0.000 0.000 0.000 0.000 0.000 0.000 0.000 0.000 0.000 0.000 0.000 0.000 0.002 0.005 0.013 0.026 0.049 0.075 0.080 0.075 0.109 0.175 0.196 0.177 0.125 0.073 0.046 0.033 0.023 0.015 0.008 0.004 0.002 0.001 0.001 0.001 0.001 0.001 0.001 0.002 0.003 0.006 0.016 0.039 0.064 0.073 0.071 0.068 0.060 0.057 0.077 0.168 0.355 0.531 0.631 0.628 0.454 0.192 0.070 0.026 0.012
0.000 0.000 0.000 0.000 0.000 0.000 0.000 0.000 0.000 0.000 0.000 0.000 0.000 0.000 0.000 0.000 0.000 0.000 0.000 0.000 0.000 0.000 0.000 0.000 0.000 0.000 0.000 0.000 0.001 0.002 0.005 0.008 0.013 0.020 0.028 0.038 0.073 0.154 0.211 0.204 0.128 0.064 0.044 0.035 0.027 0.020 0.012 0.006 0.003 0.001 0.001 0.001 0.001 0.001 0.001 0.002 0.003 0.006 0.016 0.044 0.073 0.074 0.069 0.065 0.052 0.045 0.066 0.182 0.437 0.576 0.598 0.541 0.334 0.139 0.050 0.018 0.009
0.000 0.000 0.000 0.000 0.000 0.000 0.000 0.000 0.000 0.000 0.000 0.000 0.000 0.000 0.000 0.000 0.000 0.000 0.000 0.000 0.000 0.000 0.000 0.000 0.000 0.000 0.000 0.000 0.000 0.001 0.002 0.004 0.006 0.009 0.014 0.019 0.032 0.090 0.201 0.233 0.148 0.062 0.045 0.037 0.030 0.024 0.015 0.007 0.003 0.002 0.002 0.001 0.001 0.001 0.002 0.002 0.004 0.008 0.015 0.041 0.077 0.078 0.068 0.061 0.045 0.040 0.066 0.213 0.498 0.599 0.574 0.452 0.251 0.108 0.041 0.016 0.008
0.000 0.000 0.000 0.000 0.000 0.000 0.000 0.000 0.000 0.000 0.000 0.000 0.000 0.000 0.000 0.000 0.000 0.000 0.000 0.000 0.000 0.000 0.000 0.000 0.000 0.000 0.000 0.000 0.000 0.001 0.001 0.003 0.004 0.007 0.010 0.012 0.015 0.029 0.127 0.251 0.188 0.068 0.045 0.040 0.035 0.027 0.015 0.007 0.004 0.003 0.002 0.002 0.002 0.002 0.002 0.003 0.005 0.009 0.015 0.035 0.074 0.082 0.072 0.058 0.042 0.039 0.084 0.276 0.528 0.596 0.538 0.355 0.182 0.084 0.036 0.016 0.008
0.000 0.000 0.000 0.000 0.000 0.000 0.000 0.000 0.000 0.000 0.000 0.000 0.000 0.000 0.000 0.000 0.000 0.000 0.000 0.000 0.000 0.000 0.000 0.000 0.000 0.000 0.000 0.000 0.001 0.001 0.001 0.002 0.004 0.006 0.008 0.009 0.010 0.010 0.040 0.204 0.233 0.094 0.047 0.042 0.038 0.027 0.014 0.007 0.004 0.003 0.003 0.003 0.002 0.002 0.002 0.004 0.007 0.011 0.017 0.030 0.063 0.080 0.075 0.055 0.041 0.046 0.118 0.349 0.525 0.549 0.461 0.265 0.135 0.067 0.032 0.017 0.010
0.000 0.000 0.000 0.000 0.000 0.000 0.000 0.000 0.000 0.000 0.000 0.000 0.000 0.000 0.000 0.000 0.000 0.000 0.000 0.000 0.000 0.000 0.000 0.000 0.000 0.000 0.000 0.000 0.001 0.001 0.001 0.002 0.003 0.005 0.006 0.007 0.008 0.008 0.009 0.092 0.228 0.161 0.069 0.048 0.039 0.025 0.012 0.006 0.005 0.005 0.005 0.004 0.003 0.003 0.003 0.005 0.010 0.014 0.019 0.029 0.054 0.072 0.069 0.050 0.044 0.063 0.161 0.395 0.511 0.499 0.385 0.206 0.103 0.055 0.031 0.019 0.011
0.000 0.000 0.000 0.000 0.000 0.000 0.000 0.000 0.000 0.000 0.000 0.000 0.000 0.000 0.000 0.000 0.000 0.000 0.000 0.000 0.000 0.000 0.000 0.000 0.000 0.000 0.000 0.000 0.001 0.001 0.001 0.001 0.003 0.005 0.006 0.006 0.008 0.010 0.013 0.027 0.153 0.235 0.157 0.064 0.037 0.022 0.012 0.007 0.006 0.007 0.008 0.007 0.005 0.005 0.005 0.007 0.012 0.016 0.021 0.029 0.049 0.064 0.061 0.049 0.052 0.095 0.209 0.413 0.496 0.477 0.362 0.199 0.103 0.059 0.036 0.023 0.013
0.000 0.000 0.000 0.000 0.000 0.000 0.000 0.000 0.000 0.000 0.000 0.000 0.000 0.000 0.000 0.000 0.000 0.000 0.000 0.000 0.000 0.000 0.000 0.000 0.000 0.000 0.000 0.000 0.001 0.001 0.001 0.001 0.002 0.005 0.006 0.006 0.008 0.011 0.018 0.032 0.081 0.198 0.210 0.103 0.039 0.022 0.013 0.010 0.010 0.010 0.011 0.009 0.007 0.006 0.007 0.009 0.013 0.017 0.022 0.029 0.045 0.058 0.057 0.055 0.080 0.144 0.251 0.412 0.477 0.458 0.355 0.227 0.136 0.083 0.050 0.027 0.014
0.000 0.000 0.000 0.000 0.000 0.000 0.000 0.000 0.000 0.000 0.000 0.000 0.000 0.000 0.000 0.000 0.000 0.000 0.000 0.000 0.000 0.000 0.000 0.000 0.000 0.000 0.000 0.000 0.001 0.001 0.001 0.001 0.002 0.004 0.006 0.007 0.008 0.012 0.020 0.038 0.075 0.131 0.164 0.130 0.049 0.023 0.016 0.014 0.013 0.012 0.012 0.009 0.008 0.008 0.008 0.011 0.014 0.018 0.024 0.030 0.042 0.054 0.059 0.073 0.118 0.188 0.288 0.403 0.451 0.432 0.345 0.248 0.162 0.097 0.055 0.029 0.014
0.000 0.000 0.000 0.000 0.000 0.000 0.000 0.000 0.000 0.000 0.000 0.000 0.000 0.000 0.000 0.000 0.000 0.000 0.000 0.000 0.000 0.000 0.000 0.000 0.000 0.000 0.000 0.000 0.000 0.001 0.001 0.002 0.002 0.003 0.005 0.006 0.008 0.011 0.018 0.036 0.080 0.117 0.125 0.113 0.056 0.026 0.019 0.016 0.014 0.013 0.011 0.009 0.008 0.008 0.009 0.011 0.014 0.019 0.025 0.032 0.043 0.054 0.067 0.097 0.149 0.232 0.323 0.379 0.411 0.401 0.333 0.245 0.162 0.099 0.055 0.029 0.014
0.000 0.000 0.000 0.000 0.000 0.000 0.000 0.000 0.000 0.000 0.000 0.000 0.000 0.000 0.000 0.000 0.000 0.000 0.000 0.000 0.000 0.000 0.000 0.000 0.000 0.000 0.000 0.001 0.001 0.001 0.001 0.002 0.002 0.003 0.004 0.006 0.007 0.010 0.015 0.029 0.070 0.109 0.113 0.104 0.063 0.030 0.020 0.017 0.015 0.013 0.010 0.008 0.008 0.008 0.009 0.012 0.015 0.021 0.028 0.036 0.047 0.060 0.080 0.117 0.184 0.285 0.341 0.350 0.358 0.346 0.302 0.232 0.155 0.095 0.053 0.027 0.013
0.000 0.000 0.000 0.000 0.000 0.000 0.000 0.000 0.000 0.000 0.000 0.000 0.000 0.000 0.000 0.000 0.000 0.000 0.000 0.000 0.000 0.000 0.000 0.000 0.000 0.000 0.001 0.001 0.001 0.001 0.001 0.002 0.002 0.003 0.003 0.005 0.006 0.008 0.011 0.020 0.052 0.091 0.101 0.103 0.075 0.034 0.019 0.016 0.015 0.012 0.008 0.008 0.008 0.009 0.010 0.012 0.017 0.023 0.032 0.042 0.055 0.072 0.098 0.142 0.241 0.323 0.337 0.329 0.284 0.224 0.197 0.176 0.137 0.087 0.046 0.022 0.010
0.000 0.000 0.000 0.000 0.000 0.000 0.000 0.000 0.000 0.000 0.000 0.000 0.000 0.000 0.000 0.000 0.000 0.000 0.000 0.000 0.000 0.000 0.000 0.000 0.000 0.000 0.001 0.001 0.001 0.001 0.001 0.002 0.002 0.002 0.003 0.004 0.005 0.007 0.009 0.013 0.031 0.068 0.093 0.101 0.080 0.034 0.018 0.014 0.014 0.012 0.008 0.008 0.009 0.010 0.011 0.014 0.019 0.028 0.038 0.051 0.066 0.089 0.125 0.189 0.299 0.333 0.321 0.286 0.184 0.092 0.069 0.077 0.087 0.069 0.037 0.016 0.006
0.000 0.000 0.000 0.000 0.000 0.000 0.000 0.000 0.000 0.000 0.000 0.000 0.000 0.000 0.000 0.000 0.000 0.000 0.000 0.000 0.000 0.000 0.000 0.000 0.000 0.001 0.001 0.001 0.001 0.001 0.001 0.002 0.002 0.002 0.003 0.004 0.004 0.005 0.007 0.009 0.014 0.044 0.099 0.108 0.078 0.032 0.017 0.013 0.013 0.011 0.009 0.009 0.010 0.010 0.012 0.016 0.024 0.034 0.047 0.062 0.084 0.118 0.166 0.243 0.320 0.326 0.284 0.192 0.089 0.037 0.025 0.026 0.033 0.034 0.022 0.009 0.003
0.000 0.000 0.000 0.000 0.000 0.000 0.000 0.000 0.000 0.000 0.000 0.000 0.000 0.000 0.000 0.000 0.000 0.000 0.000 0.000 0.000 0.000 0.000 0.000 0.001 0.001 0.001 0.001 0.001 0.001 0.001 0.002 0.002 0.002 0.003 0.003 0.003 0.004 0.004 0.006 0.009 0.027 0.102 0.119 0.071 0.028 0.016 0.013 0.012 0.011 0.010 0.010 0.010 0.011 0.014 0.020 0.030 0.042 0.057 0.080 0.115 0.159 0.207 0.281 0.315 0.292 0.198 0.102 0.048 0.024 0.017 0.015 0.014 0.013 0.008 0.003 0.001
0.000 0.000 0.000 0.000 0.000 0.000 0.000 0.000 0.000 0.000 0.000 0.000 0.000 0.000 0.000 0.000 0.000 0.000 0.000 0.000 0.000 0.000 0.000 0.001 0.001 0.001 0.001 0.001 0.001 0.001 0.001 0.002 0.002 0.002 0.003 0.003 0.003 0.003 0.003 0.005 0.009 0.024 0.093 0.118 0.069 0.025 0.015 0.012 0.011 0.011 0.010 0.010 0.010 0.012 0.017 0.024 0.035 0.049 0.070 0.105 0.151 0.194 0.242 0.290 0.288 0.203 0.107 0.060 0.036 0.022 0.015 0.012 0.009 0.006 0.004 0.002 0.001
0.000 0.000 0.000 0.000 0.000 0.000 0.000 0.000 0.000 0.000 0.000 0.000 0.000 0.000 0.000 0.000 0.000 0.000 0.000 0.000 0.000 0.000 0.001 0.001 0.001 0.001 0.001 0.001 0.001 0.001 0.001 0.002 0.002 0.002 0.002 0.002 0.002 0.002 0.003 0.005 0.011 0.031 0.085 0.105 0.066 0.023 0.013 0.010 0.010 0.010 0.009 0.009 0.010 0.013 0.019 0.027 0.040 0.059 0.091 0.145 0.187 0.214 0.260 0.257 0.184 0.101 0.060 0.041 0.029 0.019 0.013 0.009 0.006 0.004 0.002 0.001 0.000
0.000 0.000 0.000 0.000 0.000 0.000 0.000 0.000 0.000 0.000 0.000 0.000 0.000 0.000 0.000 0.000 0.000 0.000 0.000 0.000 0.000 0.000 0.001 0.001 0.001 0.001 0.001 0.001 0.001 0.001 0.001 0.001 0.002 0.002 0.002 0.002 0.002 0.002 0.003 0.006 0.012 0.037 0.083 0.091 0.056 0.021 0.011 0.009 0.008 0.008 0.008 0.008 0.010 0.014 0.021 0.032 0.048 0.078 0.132 0.188 0.208 0.218 0.240 0.191 0.091 0.053 0.042 0.033 0.023 0.015 0.010 0.006 0.004 0.002 0.001 0.000 0.000
0.000 0.000 0.000 0.000 0.000 0.000 0.000 0.000 0.000 0.000 0.000 0.000 0.000 0.000 0.000 0.000 0.000 0.000 0.000 0.000 0.000 0.000 0.001 0.001 0.001 0.001 0.001 0.001 0.001 0.001 0.001 0.001 0.002 0.002 0.002 0.002 0.002 0.002 0.003 0.005 0.011 0.037 0.078 0.082 0.047 0.019 0.011 0.008 0.007 0.007 0.007 0.008 0.011 0.016 0.026 0.040 0.066 0.119 0.183 0.213 0.205 0.201 0.190 0.119 0.054 0.037 0.034 0.030 0.020 0.011 0.007 0.004 0.002 0.001 0.000 0.000 0.000
