AvaFrame/avaframe/data/avaKot/Avaflow_Input_Output_old/gar_results/gar_ascii/gar_hflow0018.asc
ncols 88
nrows 125
xllcenter 176963.44
yllcenter 376270.31
cellsize 20.00
NODATA_value -9999.000
[rows 34 to 67 of 125, columns 0 to 76 of 88]
0.000 0.000 0.000 0.000 0.000 0.000 0.000 0.000 0.000 0.000 0.000 0.000 0.000 0.000 0.000 0.000 0.000 0.000 0.000 0.000 0.000 0.000 0.000 0.000 0.000 0.000 0.000 0.000 0.000 0.000 0.000 0.000 0.000 0.000 0.000 0.000 0.000 0.000 0.000 0.000 0.000 0.000 0.000 0.000 0.000 0.000 0.000 0.000 0.000 0.000 0.000 0.000 0.000 0.000 0.000 0.000 0.000 0.000 0.000 0.000 0.000 0.000 0.001 0.001 0.001 0.001 0.001 0.002 0.004 0.005 0.006 0.006 0.006 0.005 0.004 0.002 0.001
0.000 0.000 0.000 0.000 0.000 0.000 0.000 0.000 0.000 0.000 0.000 0.000 0.000 0.000 0.000 0.000 0.000 0.000 0.000 0.000 0.000 0.000 0.000 0.000 0.000 0.000 0.000 0.000 0.000 0.000 0.000 0.000 0.000 0.000 0.000 0.000 0.000 0.000 0.000 0.000 0.000 0.000 0.000 0.000 0.000 0.000 0.000 0.000 0.000 0.000 0.000 0.000 0.000 0.000 0.000 0.000 0.000 0.000 0.000 0.000 0.001 0.001 0.001 0.001 0.001 0.002 0.003 0.005 0.009 0.014 0.016 0.017 0.016 0.015 0.010 0.006 0.003
0.000 0.000 0.000 0.000 0.000 0.000 0.000 0.000 0.000 0.000 0.000 0.000 0.000 0.000 0.000 0.000 0.000 0.000 0.000 0.000 0.000 0.000 0.000 0.000 0.000 0.000 0.000 0.000 0.000 0.000 0.000 0.001 0.001 0.001 0.001 0.000 0.000 0.001 0.001 0.000 0.000 0.000 0.000 0.000 0.000 0.000 0.000 0.000 0.000 0.000 0.000 0.000 0.000 0.000 0.000 0.000 0.000 0.000 0.000 0.000 0.001 0.001 0.001 0.001 0.002 0.003 0.006 0.012 0.022 0.034 0.040 0.042 0.041 0.037 0.028 0.015 0.007
0.000 0.000 0.000 0.000 0.000 0.000 0.000 0.000 0.000 0.000 0.000 0.000 0.000 0.000 0.000 0.000 0.000 0.000 0.000 0.000 0.000 0.000 0.000 0.000 0.000 0.000 0.000 0.000 0.000 0.001 0.001 0.001 0.001 0.001 0.001 0.001 0.001 0.001 0.001 0.001 0.000 0.000 0.000 0.000 0.000 0.000 0.000 0.000 0.000 0.000 0.000 0.000 0.000 0.000 0.000 0.000 0.000 0.000 0.000 0.001 0.001 0.001 0.001 0.002 0.003 0.007 0.014 0.027 0.051 0.079 0.094 0.099 0.098 0.089 0.068 0.038 0.019
0.000 0.000 0.000 0.000 0.000 0.000 0.000 0.000 0.000 0.000 0.000 0.000 0.000 0.000 0.000 0.000 0.000 0.000 0.000 0.000 0.000 0.000 0.000 0.000 0.000 0.000 0.000 0.000 0.001 0.001 0.001 0.001 0.001 0.002 0.003 0.003 0.003 0.003 0.003 0.003 0.002 0.001 0.000 0.000 0.000 0.000 0.000 0.000 0.000 0.000 0.000 0.000 0.000 0.000 0.000 0.000 0.000 0.000 0.001 0.001 0.001 0.001 0.002 0.003 0.007 0.014 0.029 0.057 0.106 0.167 0.202 0.213 0.211 0.195 0.152 0.088 0.044
0.000 0.000 0.000 0.000 0.000 0.000 0.000 0.000 0.000 0.000 0.000 0.000 0.000 0.000 0.000 0.000 0.000 0.000 0.000 0.000 0.000 0.000 0.000 0.000 0.000 0.000 0.000 0.001 0.001 0.001 0.001 0.001 0.002 0.004 0.006 0.008 0.009 0.009 0.008 0.007 0.005 0.002 0.001 0.000 0.000 0.000 0.000 0.000 0.000 0.000 0.000 0.000 0.000 0.000 0.000 0.000 0.000 0.001 0.001 0.001 0.001 0.002 0.003 0.006 0.013 0.028 0.056 0.110 0.203 0.324 0.397 0.421 0.420 0.391 0.313 0.188 0.096
0.000 0.000 0.000 0.000 0.000 0.000 0.000 0.000 0.000 0.000 0.000 0.000 0.000 0.000 0.000 0.000 0.000 0.000 0.000 0.000 0.000 0.000 0.000 0.000 0.000 0.000 0.001 0.001 0.001 0.001 0.002 0.002 0.004 0.008 0.014 0.019 0.022 0.022 0.022 0.019 0.013 0.007 0.003 0.001 0.001 0.000 0.000 0.000 0.000 0.000 0.000 0.000 0.000 0.000 0.000 0.000 0.001 0.001 0.001 0.001 0.002 0.003 0.006 0.011 0.024 0.050 0.100 0.194 0.352 0.567 0.710 0.762 0.764 0.720 0.590 0.369 0.191
0.000 0.000 0.000 0.000 0.000 0.000 0.000 0.000 0.000 0.000 0.000 0.000 0.000 0.000 0.000 0.000 0.000 0.000 0.000 0.000 0.000 0.000 0.000 0.000 0.000 0.000 0.001 0.001 0.001 0.002 0.003 0.005 0.009 0.018 0.032 0.045 0.051 0.052 0.051 0.045 0.031 0.017 0.009 0.004 0.002 0.001 0.000 0.000 0.000 0.000 0.000 0.000 0.000 0.000 0.001 0.001 0.001 0.001 0.001 0.002 0.003 0.006 0.011 0.021 0.042 0.083 0.163 0.304 0.526 0.848 1.124 1.245 1.262 1.210 1.020 0.666 0.350
0.000 0.000 0.000 0.000 0.000 0.000 0.000 0.000 0.000 0.000 0.000 0.000 0.000 0.000 0.000 0.000 0.000 0.000 0.000 0.000 0.000 0.000 0.000 0.000 0.000 0.001 0.001 0.001 0.001 0.002 0.005 0.010 0.020 0.038 0.068 0.096 0.111 0.115 0.113 0.100 0.071 0.040 0.022 0.011 0.005 0.002 0.001 0.000 0.000 0.000 0.000 0.000 0.000 0.001 0.001 0.001 0.001 0.001 0.002 0.004 0.008 0.015 0.025 0.041 0.072 0.130 0.233 0.395 0.649 1.048 1.472 1.686 1.731 1.681 1.436 0.952 0.508
0.000 0.000 0.000 0.000 0.000 0.000 0.000 0.000 0.000 0.000 0.000 0.000 0.000 0.000 0.000 0.000 0.000 0.000 0.000 0.000 0.000 0.000 0.000 0.000 0.000 0.001 0.001 0.001 0.002 0.004 0.009 0.019 0.039 0.075 0.133 0.190 0.223 0.234 0.233 0.209 0.148 0.088 0.049 0.026 0.012 0.005 0.002 0.001 0.000 0.000 0.000 0.000 0.000 0.001 0.001 0.001 0.001 0.002 0.004 0.008 0.019 0.038 0.061 0.086 0.125 0.189 0.287 0.447 0.717 1.176 1.733 2.010 2.059 1.982 1.672 1.101 0.598
0.000 0.000 0.000 0.000 0.000 0.000 0.000 0.000 0.000 0.000 0.000 0.000 0.000 0.000 0.000 0.000 0.000 0.000 0.000 0.000 0.000 0.000 0.000 0.000 0.000 0.001 0.001 0.002 0.003 0.007 0.016 0.035 0.072 0.138 0.244 0.346 0.403 0.422 0.408 0.351 0.264 0.173 0.105 0.058 0.028 0.012 0.005 0.001 0.000 0.000 0.000 0.000 0.001 0.001 0.001 0.001 0.002 0.003 0.005 0.009 0.018 0.050 0.116 0.161 0.188 0.228 0.298 0.444 0.721 1.205 1.871 2.213 2.256 2.136 1.765 1.155 0.642
0.000 0.000 0.000 0.000 0.000 0.000 0.000 0.000 0.000 0.000 0.000 0.000 0.000 0.000 0.000 0.000 0.000 0.000 0.000 0.000 0.000 0.000 0.000 0.000 0.000 0.001 0.001 0.002 0.005 0.011 0.026 0.057 0.117 0.223 0.382 0.508 0.563 0.566 0.503 0.418 0.333 0.246 0.160 0.089 0.040 0.016 0.006 0.002 0.001 0.000 0.000 0.001 0.001 0.001 0.001 0.002 0.003 0.004 0.006 0.009 0.015 0.042 0.133 0.209 0.223 0.228 0.236 0.278 0.436 0.912 1.757 2.283 2.332 2.176 1.773 1.163 0.660
0.000 0.000 0.000 0.000 0.000 0.000 0.000 0.000 0.000 0.000 0.000 0.000 0.000 0.000 0.000 0.000 0.000 0.000 0.000 0.000 0.000 0.000 0.000 0.000 0.000 0.000 0.001 0.002 0.005 0.013 0.032 0.071 0.149 0.288 0.468 0.581 0.598 0.516 0.413 0.349 0.305 0.250 0.163 0.082 0.035 0.014 0.006 0.002 0.001 0.000 0.001 0.001 0.001 0.001 0.001 0.002 0.003 0.005 0.009 0.013 0.019 0.037 0.117 0.195 0.197 0.163 0.135 0.142 0.193 0.369 1.034 1.929 2.169 2.011 1.593 1.010 0.543
0.000 0.000 0.000 0.000 0.000 0.000 0.000 0.000 0.000 0.000 0.000 0.000 0.000 0.000 0.000 0.000 0.000 0.000 0.000 0.000 0.000 0.000 0.000 0.000 0.000 0.000 0.001 0.002 0.005 0.014 0.034 0.078 0.165 0.320 0.482 0.511 0.363 0.218 0.174 0.165 0.159 0.143 0.091 0.044 0.023 0.012 0.006 0.003 0.001 0.001 0.001 0.001 0.001 0.001 0.001 0.002 0.004 0.007 0.012 0.020 0.034 0.054 0.086 0.113 0.109 0.091 0.092 0.124 0.197 0.289 0.467 0.970 1.360 1.330 0.882 0.410 0.157
0.000 0.000 0.000 0.000 0.000 0.000 0.000 0.000 0.000 0.000 0.000 0.000 0.000 0.000 0.000 0.000 0.000 0.000 0.000 0.000 0.000 0.000 0.000 0.000 0.000 0.000 0.001 0.002 0.005 0.014 0.035 0.078 0.158 0.284 0.333 0.241 0.126 0.123 0.134 0.125 0.106 0.078 0.048 0.031 0.021 0.014 0.007 0.004 0.002 0.001 0.001 0.001 0.001 0.001 0.002 0.002 0.004 0.007 0.016 0.030 0.050 0.067 0.071 0.067 0.063 0.063 0.079 0.138 0.242 0.360 0.462 0.536 0.532 0.423 0.224 0.072 0.026
0.000 0.000 0.000 0.000 0.000 0.000 0.000 0.000 0.000 0.000 0.000 0.000 0.000 0.000 0.000 0.000 0.000 0.000 0.000 0.000 0.000 0.000 0.000 0.000 0.000 0.000 0.000 0.002 0.005 0.012 0.027 0.044 0.069 0.102 0.105 0.074 0.082 0.128 0.147 0.135 0.100 0.059 0.038 0.029 0.022 0.016 0.010 0.005 0.003 0.002 0.001 0.001 0.001 0.001 0.002 0.002 0.004 0.007 0.017 0.039 0.061 0.068 0.064 0.058 0.049 0.047 0.067 0.152 0.307 0.419 0.487 0.474 0.318 0.144 0.056 0.021 0.010
0.000 0.000 0.000 0.000 0.000 0.000 0.000 0.000 0.000 0.000 0.000 0.000 0.000 0.000 0.000 0.000 0.000 0.000 0.000 0.000 0.000 0.000 0.000 0.000 0.000 0.000 0.000 0.001 0.002 0.005 0.010 0.013 0.016 0.024 0.028 0.032 0.055 0.115 0.160 0.156 0.100 0.050 0.035 0.028 0.023 0.019 0.013 0.007 0.004 0.002 0.002 0.002 0.001 0.002 0.002 0.002 0.004 0.007 0.016 0.042 0.068 0.067 0.059 0.053 0.041 0.036 0.057 0.165 0.372 0.458 0.460 0.400 0.228 0.093 0.034 0.013 0.007
0.000 0.000 0.000 0.000 0.000 0.000 0.000 0.000 0.000 0.000 0.000 0.000 0.000 0.000 0.000 0.000 0.000 0.000 0.000 0.000 0.000 0.000 0.000 0.000 0.000 0.000 0.000 0.000 0.001 0.002 0.004 0.006 0.008 0.011 0.013 0.016 0.024 0.068 0.152 0.178 0.114 0.047 0.034 0.029 0.025 0.021 0.015 0.007 0.004 0.003 0.003 0.002 0.002 0.002 0.002 0.003 0.005 0.009 0.015 0.038 0.070 0.069 0.057 0.050 0.035 0.031 0.056 0.193 0.419 0.480 0.441 0.320 0.167 0.071 0.028 0.012 0.006
0.000 0.000 0.000 0.000 0.000 0.000 0.000 0.000 0.000 0.000 0.000 0.000 0.000 0.000 0.000 0.000 0.000 0.000 0.000 0.000 0.000 0.000 0.000 0.000 0.000 0.000 0.000 0.000 0.001 0.001 0.002 0.004 0.006 0.008 0.009 0.010 0.011 0.021 0.095 0.194 0.144 0.050 0.033 0.030 0.028 0.024 0.015 0.007 0.005 0.004 0.004 0.003 0.003 0.003 0.003 0.004 0.007 0.011 0.016 0.031 0.066 0.072 0.061 0.047 0.033 0.031 0.072 0.248 0.441 0.477 0.402 0.238 0.120 0.056 0.025 0.012 0.007
0.000 0.000 0.000 0.000 0.000 0.000 0.000 0.000 0.000 0.000 0.000 0.000 0.000 0.000 0.000 0.000 0.000 0.000 0.000 0.000 0.000 0.000 0.000 0.000 0.000 0.000 0.000 0.000 0.000 0.001 0.002 0.003 0.005 0.007 0.007 0.008 0.008 0.007 0.028 0.156 0.179 0.067 0.033 0.031 0.030 0.024 0.013 0.007 0.005 0.005 0.006 0.006 0.005 0.004 0.004 0.006 0.010 0.013 0.017 0.026 0.054 0.068 0.063 0.044 0.032 0.037 0.101 0.306 0.435 0.436 0.328 0.170 0.088 0.045 0.023 0.013 0.009
0.000 0.000 0.000 0.000 0.000 0.000 0.000 0.000 0.000 0.000 0.000 0.000 0.000 0.000 0.000 0.000 0.000 0.000 0.000 0.000 0.000 0.000 0.000 0.000 0.000 0.000 0.000 0.001 0.001 0.001 0.001 0.002 0.005 0.006 0.006 0.006 0.007 0.006 0.005 0.069 0.180 0.121 0.045 0.034 0.030 0.021 0.010 0.006 0.006 0.006 0.009 0.009 0.007 0.005 0.005 0.007 0.012 0.015 0.018 0.025 0.045 0.060 0.058 0.040 0.034 0.050 0.135 0.334 0.421 0.391 0.262 0.129 0.067 0.038 0.024 0.016 0.011
0.000 0.000 0.000 0.000 0.000 0.000 0.000 0.000 0.000 0.000 0.000 0.000 0.000 0.000 0.000 0.000 0.000 0.000 0.000 0.000 0.000 0.000 0.000 0.000 0.000 0.000 0.000 0.001 0.001 0.001 0.001 0.002 0.004 0.006 0.006 0.005 0.006 0.008 0.009 0.018 0.118 0.180 0.114 0.046 0.029 0.018 0.010 0.007 0.007 0.008 0.011 0.011 0.008 0.007 0.007 0.009 0.013 0.016 0.019 0.025 0.040 0.053 0.050 0.039 0.041 0.075 0.170 0.341 0.407 0.373 0.250 0.132 0.072 0.045 0.031 0.021 0.013
0.000 0.000 0.000 0.000 0.000 0.000 0.000 0.000 0.000 0.000 0.000 0.000 0.000 0.000 0.000 0.000 0.000 0.000 0.000 0.000 0.000 0.000 0.000 0.000 0.000 0.000 0.000 0.000 0.001 0.001 0.001 0.002 0.003 0.006 0.006 0.006 0.006 0.009 0.014 0.023 0.059 0.152 0.161 0.077 0.029 0.017 0.011 0.009 0.009 0.010 0.012 0.011 0.008 0.007 0.008 0.010 0.013 0.016 0.019 0.024 0.037 0.048 0.046 0.043 0.064 0.114 0.194 0.337 0.395 0.366 0.268 0.178 0.114 0.073 0.046 0.027 0.015
0.000 0.000 0.000 0.000 0.000 0.000 0.000 0.000 0.000 0.000 0.000 0.000 0.000 0.000 0.000 0.000 0.000 0.000 0.000 0.000 0.000 0.000 0.000 0.000 0.000 0.000 0.001 0.001 0.001 0.001 0.001 0.002 0.003 0.005 0.006 0.006 0.007 0.009 0.015 0.029 0.056 0.098 0.125 0.100 0.037 0.018 0.013 0.011 0.011 0.012 0.012 0.010 0.008 0.007 0.008 0.010 0.012 0.016 0.020 0.025 0.034 0.044 0.047 0.058 0.094 0.145 0.213 0.329 0.379 0.355 0.280 0.211 0.145 0.091 0.055 0.031 0.016
0.000 0.000 0.000 0.000 0.000 0.000 0.000 0.000 0.000 0.000 0.000 0.000 0.000 0.000 0.000 0.000 0.000 0.000 0.000 0.000 0.000 0.000 0.000 0.000 0.000 0.000 0.001 0.001 0.001 0.001 0.001 0.002 0.003 0.004 0.005 0.006 0.007 0.009 0.014 0.028 0.062 0.089 0.095 0.085 0.041 0.019 0.015 0.013 0.012 0.012 0.011 0.008 0.007 0.007 0.008 0.009 0.012 0.016 0.020 0.026 0.034 0.043 0.053 0.076 0.116 0.173 0.240 0.308 0.352 0.342 0.285 0.216 0.151 0.097 0.057 0.032 0.017
0.000 0.000 0.000 0.000 0.000 0.000 0.000 0.000 0.000 0.000 0.000 0.000 0.000 0.000 0.000 0.000 0.000 0.000 0.000 0.000 0.000 0.000 0.000 0.000 0.000 0.001 0.001 0.001 0.001 0.001 0.001 0.002 0.002 0.003 0.004 0.005 0.006 0.008 0.012 0.022 0.056 0.085 0.086 0.078 0.046 0.022 0.015 0.013 0.013 0.011 0.008 0.007 0.006 0.007 0.007 0.009 0.012 0.016 0.022 0.028 0.037 0.047 0.063 0.091 0.140 0.214 0.259 0.275 0.301 0.308 0.276 0.218 0.154 0.099 0.058 0.031 0.016
0.000 0.000 0.000 0.000 0.000 0.000 0.000 0.000 0.000 0.000 0.000 0.000 0.000 0.000 0.000 0.000 0.000 0.000 0.000 0.000 0.000 0.000 0.000 0.000 0.000 0.001 0.001 0.001 0.001 0.001 0.002 0.002 0.002 0.003 0.003 0.004 0.005 0.007 0.009 0.016 0.042 0.071 0.077 0.077 0.056 0.025 0.014 0.012 0.012 0.010 0.006 0.006 0.007 0.007 0.008 0.009 0.013 0.018 0.025 0.033 0.043 0.056 0.076 0.109 0.183 0.246 0.258 0.250 0.224 0.207 0.201 0.185 0.148 0.100 0.057 0.030 0.015
0.000 0.000 0.000 0.000 0.000 0.000 0.000 0.000 0.000 0.000 0.000 0.000 0.000 0.000 0.000 0.000 0.000 0.000 0.000 0.000 0.000 0.000 0.000 0.001 0.001 0.001 0.001 0.001 0.001 0.001 0.002 0.002 0.002 0.003 0.003 0.004 0.005 0.006 0.007 0.010 0.025 0.053 0.069 0.075 0.060 0.025 0.013 0.011 0.010 0.009 0.006 0.006 0.007 0.008 0.008 0.010 0.015 0.022 0.030 0.040 0.051 0.068 0.096 0.144 0.229 0.255 0.242 0.214 0.136 0.078 0.068 0.084 0.103 0.089 0.055 0.027 0.012
0.000 0.000 0.000 0.000 0.000 0.000 0.000 0.000 0.000 0.000 0.000 0.000 0.000 0.000 0.000 0.000 0.000 0.000 0.000 0.000 0.000 0.001 0.001 0.001 0.001 0.001 0.001 0.001 0.001 0.001 0.002 0.002 0.002 0.002 0.003 0.003 0.004 0.004 0.005 0.006 0.011 0.033 0.075 0.081 0.058 0.023 0.012 0.010 0.010 0.008 0.007 0.007 0.008 0.008 0.009 0.012 0.018 0.027 0.037 0.049 0.065 0.091 0.128 0.186 0.247 0.249 0.211 0.140 0.064 0.028 0.020 0.023 0.037 0.043 0.035 0.017 0.007
0.000 0.000 0.000 0.000 0.000 0.000 0.000 0.000 0.000 0.000 0.000 0.000 0.000 0.000 0.000 0.000 0.000 0.000 0.000 0.000 0.000 0.001 0.001 0.001 0.001 0.001 0.001 0.001 0.001 0.001 0.002 0.002 0.002 0.002 0.003 0.003 0.003 0.003 0.003 0.004 0.006 0.019 0.078 0.091 0.052 0.020 0.012 0.010 0.009 0.008 0.007 0.007 0.008 0.009 0.011 0.015 0.023 0.033 0.045 0.062 0.089 0.123 0.160 0.217 0.242 0.219 0.144 0.073 0.035 0.019 0.014 0.013 0.014 0.014 0.012 0.006 0.003
0.000 0.000 0.000 0.000 0.000 0.000 0.000 0.000 0.000 0.000 0.000 0.000 0.000 0.000 0.000 0.000 0.000 0.000 0.000 0.000 0.000 0.001 0.001 0.001 0.001 0.001 0.001 0.001 0.001 0.001 0.002 0.002 0.002 0.002 0.002 0.002 0.002 0.002 0.002 0.004 0.007 0.017 0.070 0.091 0.051 0.019 0.011 0.009 0.008 0.008 0.008 0.007 0.008 0.009 0.012 0.018 0.027 0.038 0.054 0.082 0.117 0.150 0.187 0.225 0.218 0.146 0.075 0.045 0.028 0.018 0.013 0.011 0.009 0.007 0.005 0.003 0.001
0.000 0.000 0.000 0.000 0.000 0.000 0.000 0.000 0.000 0.000 0.000 0.000 0.000 0.000 0.000 0.000 0.000 0.000 0.000 0.000 0.001 0.001 0.001 0.001 0.001 0.001 0.001 0.001 0.001 0.001 0.002 0.002 0.002 0.002 0.002 0.002 0.002 0.002 0.003 0.004 0.008 0.022 0.064 0.081 0.050 0.017 0.009 0.007 0.007 0.007 0.007 0.007 0.007 0.010 0.014 0.020 0.030 0.045 0.070 0.111 0.144 0.166 0.201 0.195 0.131 0.067 0.043 0.033 0.025 0.018 0.013 0.010 0.007 0.005 0.003 0.001 0.000
0.000 0.000 0.000 0.000 0.000 0.000 0.000 0.000 0.000 0.000 0.000 0.000 0.000 0.000 0.000 0.000 0.000 0.000 0.000 0.000 0.001 0.001 0.001 0.001 0.001 0.001 0.001 0.001 0.001 0.001 0.001 0.002 0.002 0.002 0.002 0.002 0.002 0.002 0.003 0.004 0.009 0.027 0.063 0.071 0.042 0.015 0.009 0.007 0.006 0.006 0.006 0.006 0.007 0.010 0.016 0.024 0.036 0.059 0.101 0.145 0.160 0.170 0.183 0.138 0.061 0.036 0.031 0.027 0.021 0.015 0.011 0.007 0.005 0.003 0.001 0.001 0.000
0.000 0.000 0.000 0.000 0.000 0.000 0.000 0.000 0.000 0.000 0.000 0.000 0.000 0.000 0.000 0.000 0.000 0.000 0.000 0.000 0.001 0.001 0.001 0.001 0.001 0.001 0.001 0.001 0.001 0.001 0.001 0.002 0.002 0.002 0.002 0.002 0.002 0.002 0.002 0.004 0.009 0.027 0.060 0.063 0.035 0.014 0.008 0.006 0.005 0.005 0.005 0.006 0.008 0.011 0.018 0.029 0.049 0.090 0.141 0.164 0.159 0.155 0.142 0.081 0.036 0.026 0.027 0.026 0.019 0.012 0.008 0.005 0.003 0.002 0.001 0.000 0.000
