AvaFrame/avaframe/data/avaKot/Avaflow_Input_Output_old/gar_results/gar_ascii/gar_elev_mod.asc
ncols 88
nrows 125
xllcenter 176963.44
yllcenter 376270.31
cellsize 20.00
NODATA_value -9999.000
[rows 66 to 98 of 125, columns 0 to 74 of 88]
0.000 0.000 0.000 0.000 0.000 0.000 0.000 0.000 0.000 0.000 0.000 0.000 0.000 0.000 0.000 0.000 0.000 0.000 -0.000 -0.000 -0.000 -0.000 -0.001 -0.001 -0.001 -0.001 -0.001 -0.001 -0.001 -0.001 -0.001 -0.001 -0.001 -0.001 -0.001 -0.001 -0.001 0.001 0.002 0.001 -0.014 -0.094 -0.143 -0.103 -0.025 -0.011 -0.006 -0.001 0.001 0.002 0.004 0.005 0.007 0.009 0.003 -0.012 -0.004 0.031 0.114 0.126 0.136 0.121 -0.078 -0.033 -0.000 0.001 0.002 0.018 0.014 0.011 0.008 0.006 0.004 0.002 0.001
0.000 0.000 0.000 0.000 0.000 0.000 0.000 0.000 0.000 0.000 0.000 0.000 0.000 0.000 0.000 0.000 0.000 0.000 -0.000 -0.001 -0.001 -0.001 -0.001 -0.001 -0.001 -0.001 -0.001 -0.001 -0.001 -0.001 -0.001 -0.001 -0.001 -0.001 -0.001 -0.001 -0.001 0.001 0.003 0.005 -0.013 -0.098 -0.148 -0.079 -0.023 -0.010 -0.006 -0.003 -0.002 0.001 0.004 0.005 0.008 0.011 -0.009 -0.009 -0.003 0.112 0.130 0.126 0.123 -0.052 -0.089 -0.032 -0.001 0.008 0.006 0.016 0.011 0.008 0.006 0.004 0.002 0.001 0.000
0.000 0.000 0.000 0.000 0.000 0.000 0.000 0.000 0.000 0.000 0.000 0.000 0.000 0.000 0.000 0.000 0.000 0.000 0.000 -0.000 -0.001 -0.001 -0.001 -0.001 -0.001 -0.001 -0.001 -0.001 -0.001 -0.001 -0.001 -0.001 -0.001 -0.001 -0.001 -0.001 -0.000 0.001 0.003 0.006 -0.002 -0.079 -0.134 -0.065 -0.020 -0.009 -0.006 -0.004 -0.001 0.002 0.004 0.006 0.009 0.009 -0.004 -0.016 0.064 0.139 0.126 0.105 0.083 -0.028 -0.049 -0.032 -0.003 0.011 0.003 0.002 0.006 0.006 0.004 0.003 0.001 0.001 0.000
0.000 0.000 0.000 0.000 0.000 0.000 0.000 0.000 0.000 0.000 0.000 0.000 0.000 0.000 0.000 0.000 0.000 0.000 0.000 -0.000 -0.001 -0.002 -0.002 -0.001 -0.001 -0.002 -0.002 -0.002 -0.001 -0.001 -0.000 -0.000 -0.000 -0.000 -0.000 -0.001 0.000 0.001 0.003 0.005 0.008 -0.050 -0.118 -0.055 -0.016 -0.008 -0.005 -0.004 0.001 0.004 0.005 0.007 0.010 -0.004 -0.009 0.017 0.157 0.141 0.098 0.063 0.041 0.031 0.001 -0.009 0.032 0.036 0.007 0.004 0.004 0.006 0.004 0.002 0.001 0.000 0.000
0.000 0.000 0.000 0.000 0.000 0.000 0.000 0.000 0.000 0.000 0.000 0.000 0.000 0.000 0.000 0.000 0.000 0.000 -0.000 -0.000 -0.001 -0.003 -0.003 -0.003 -0.003 -0.003 -0.003 -0.003 -0.002 -0.001 -0.000 -0.000 -0.000 -0.000 -0.000 -0.001 0.001 0.002 0.003 0.005 0.006 -0.024 -0.084 -0.050 -0.014 -0.006 -0.004 -0.001 0.003 0.004 0.006 0.007 -0.004 0.034 0.324 0.251 0.172 0.099 0.053 0.034 0.024 0.021 0.020 0.020 0.054 0.035 0.008 0.001 0.001 0.005 0.003 0.001 0.000 0.000 0.000
0.000 0.000 0.000 0.000 0.000 0.000 0.000 0.000 0.000 0.000 0.000 0.000 0.000 0.000 0.000 0.000 0.000 -0.000 -0.000 -0.000 -0.001 -0.002 -0.005 -0.007 -0.005 -0.004 -0.004 -0.005 -0.004 -0.002 -0.001 -0.000 -0.000 -0.000 -0.000 -0.000 0.002 0.003 0.003 0.005 0.005 -0.019 -0.064 -0.043 -0.011 -0.005 -0.004 0.000 0.003 0.004 0.002 0.005 0.061 0.573 0.726 -0.023 -0.079 0.046 0.029 0.022 0.019 0.018 0.017 0.017 0.031 0.023 0.004 -0.000 0.001 0.004 0.002 0.001 0.000 0.000 0.000
0.000 0.000 0.000 0.000 0.000 0.000 0.000 0.000 0.000 0.000 0.000 0.000 0.000 0.000 0.000 0.000 -0.000 -0.000 -0.000 -0.000 -0.000 -0.001 -0.004 -0.009 -0.010 -0.006 -0.004 -0.005 -0.006 -0.005 -0.002 -0.000 -0.000 -0.000 0.000 0.001 0.002 0.003 0.004 0.004 0.003 -0.004 -0.047 -0.033 -0.009 -0.004 -0.003 0.002 0.003 0.001 0.013 0.155 0.718 0.909 0.112 -0.201 -0.041 0.026 0.019 0.017 0.017 0.017 0.015 0.014 0.016 0.019 0.000 -0.000 0.002 0.002 0.001 0.000 0.000 0.000 0.000
0.000 0.000 0.000 0.000 0.000 0.000 0.000 0.000 0.000 0.000 0.000 0.000 0.000 0.000 0.000 0.000 -0.000 -0.000 -0.000 -0.000 -0.000 -0.001 -0.001 -0.002 -0.011 -0.009 -0.005 -0.004 -0.004 -0.005 -0.003 -0.001 -0.000 0.000 0.001 0.001 0.002 0.003 0.002 0.001 -0.000 0.007 -0.030 -0.026 -0.008 -0.005 -0.002 0.003 0.002 0.021 0.332 0.776 0.703 0.248 -0.219 -0.187 -0.025 0.016 0.013 0.013 0.014 0.014 0.013 0.012 0.010 0.009 0.007 0.005 0.003 0.001 0.000 0.000 0.000 0.000 0.000
0.000 0.000 0.000 0.000 0.000 0.000 0.000 0.000 0.000 0.000 0.000 0.000 0.000 0.000 0.000 0.000 -0.000 -0.000 -0.000 -0.000 -0.000 -0.001 -0.002 -0.002 -0.005 -0.010 -0.006 -0.003 -0.003 -0.004 -0.004 -0.002 -0.001 -0.000 0.001 0.001 0.002 0.003 0.001 -0.003 0.003 0.012 -0.042 -0.020 -0.009 -0.006 -0.002 0.004 0.029 0.487 0.724 0.242 0.143 0.055 -0.101 -0.022 0.026 0.018 0.010 0.010 0.012 0.014 0.013 0.010 0.007 0.005 0.003 0.002 0.001 0.000 0.000 0.000 0.000 0.000 0.000
0.000 0.000 0.000 0.000 0.000 0.000 0.000 0.000 0.000 0.000 0.000 0.000 0.000 0.000 0.000 0.000 -0.000 -0.000 -0.000 -0.000 -0.000 -0.001 -0.002 -0.003 -0.010 -0.012 -0.008 -0.004 -0.002 -0.003 -0.004 -0.004 -0.001 -0.001 -0.000 0.001 0.001 0.002 0.002 -0.003 -0.001 -0.002 -0.036 -0.020 -0.011 -0.005 0.003 0.071 0.715 0.679 0.159 0.109 0.056 0.037 0.010 0.013 0.018 0.022 0.020 0.010 0.013 0.014 0.012 0.008 0.004 0.002 0.001 0.001 0.000 0.000 0.000 0.000 0.000 0.000 0.000
0.000 0.000 0.000 0.000 0.000 0.000 0.000 0.000 0.000 0.000 0.000 0.000 0.000 0.000 0.000 0.000 -0.000 -0.000 -0.000 -0.000 -0.000 -0.001 -0.001 -0.004 -0.008 -0.014 -0.014 -0.008 -0.003 -0.003 -0.003 -0.004 -0.002 -0.001 -0.000 0.000 0.001 0.002 0.003 0.002 -0.002 -0.013 -0.028 -0.021 -0.010 -0.002 0.043 0.504 0.785 0.173 0.067 0.027 0.020 0.015 0.018 0.010 0.004 0.010 0.034 0.034 0.013 0.011 0.007 0.004 0.002 0.001 0.000 0.000 0.000 0.000 0.000 0.000 0.000 0.000 0.000
0.000 0.000 0.000 0.000 0.000 0.000 0.000 0.000 0.000 0.000 0.000 0.000 0.000 0.000 0.000 0.000 -0.000 -0.000 -0.000 -0.000 -0.000 -0.001 -0.001 -0.002 -0.005 -0.009 -0.017 -0.014 -0.007 -0.004 -0.003 -0.003 -0.002 -0.001 -0.001 -0.001 0.001 0.002 0.002 0.003 0.004 -0.002 -0.025 -0.023 -0.006 0.004 0.074 0.273 0.041 -0.173 -0.017 0.008 0.007 0.006 0.008 0.013 0.014 0.014 0.013 0.012 0.010 0.006 0.003 0.002 0.001 0.000 0.000 0.000 0.000 0.000 0.000 0.000 0.000 0.000 0.000
0.000 0.000 0.000 0.000 0.000 0.000 0.000 0.000 0.000 0.000 0.000 0.000 0.000 0.000 0.000 0.000 -0.000 -0.000 -0.000 -0.000 -0.000 -0.001 -0.001 -0.002 -0.004 -0.006 -0.004 -0.014 -0.010 -0.006 -0.004 -0.003 -0.002 -0.001 -0.001 -0.001 0.001 0.002 0.002 0.003 0.004 0.008 -0.011 -0.022 -0.005 0.005 0.055 -0.133 -0.399 -0.037 -0.005 0.005 0.004 0.003 0.004 0.006 0.004 0.004 0.004 0.004 0.004 0.002 0.001 0.001 0.000 0.000 0.000 0.000 0.000 0.000 0.000 0.000 0.000 0.000 0.000
0.000 0.000 0.000 0.000 0.000 0.000 0.000 0.000 0.000 0.000 0.000 0.000 0.000 0.000 0.000 0.000 -0.000 -0.001 -0.001 -0.001 -0.001 -0.001 -0.001 -0.002 -0.004 -0.004 -0.002 -0.009 -0.008 -0.006 -0.004 -0.002 -0.001 -0.001 -0.001 -0.001 0.001 0.002 0.002 0.003 0.002 0.004 -0.001 -0.010 -0.004 0.010 0.084 -0.105 -0.277 -0.021 -0.004 0.004 0.003 0.002 0.002 0.003 0.000 -0.000 0.001 0.001 0.001 0.001 0.001 0.000 0.000 0.000 0.000 0.000 0.000 0.000 0.000 0.000 0.000 0.000 0.000
0.000 0.000 0.000 0.000 0.000 0.000 0.000 0.000 0.000 0.000 0.000 0.000 0.000 0.000 0.000 0.000 -0.000 -0.000 -0.001 -0.001 -0.001 -0.001 -0.001 -0.002 -0.003 -0.004 -0.006 -0.005 -0.006 -0.006 -0.004 -0.002 -0.002 -0.001 -0.001 -0.001 -0.000 0.001 0.002 0.003 0.006 0.002 -0.005 -0.004 0.004 0.030 0.075 -0.081 -0.160 -0.013 -0.004 0.002 0.002 0.001 0.002 0.002 0.002 0.001 0.001 0.001 0.000 0.000 0.000 0.000 0.000 0.000 0.000 0.000 0.000 0.000 0.000 0.000 0.000 0.000 0.000
0.000 0.000 0.000 0.000 0.000 0.000 0.000 0.000 0.000 0.000 0.000 0.000 0.000 0.000 0.000 0.000 -0.000 -0.000 -0.000 -0.001 -0.001 -0.001 -0.001 -0.002 -0.003 -0.004 -0.005 -0.004 -0.005 -0.006 -0.005 -0.003 -0.002 -0.001 -0.000 -0.000 0.000 0.001 0.002 0.003 0.006 0.006 -0.002 -0.001 0.009 0.027 -0.037 -0.132 -0.084 -0.007 -0.002 0.000 0.000 0.000 0.002 0.002 0.002 0.001 0.001 0.000 0.000 0.000 0.000 0.000 0.000 0.000 0.000 0.000 0.000 0.000 0.000 0.000 0.000 0.000 0.000
0.000 0.000 0.000 0.000 0.000 0.000 0.000 0.000 0.000 0.000 0.000 0.000 0.000 0.000 0.000 0.000 -0.000 -0.000 -0.000 -0.001 -0.001 -0.001 -0.001 -0.002 -0.002 -0.003 -0.004 -0.004 -0.005 -0.004 -0.005 -0.003 -0.002 -0.001 -0.000 -0.000 0.000 0.001 0.002 0.004 0.006 0.009 0.006 0.006 0.010 0.015 -0.081 -0.232 -0.046 -0.005 -0.001 -0.001 -0.000 0.001 0.002 0.002 0.002 0.002 0.001 0.000 0.000 0.000 0.000 0.000 0.000 0.000 0.000 0.000 0.000 0.000 0.000 0.000 0.000 0.000 0.000
0.000 0.000 0.000 0.000 0.000 0.000 0.000 0.000 0.000 0.000 0.000 0.000 0.000 0.000 0.000 0.000 -0.000 -0.001 -0.001 -0.001 -0.001 -0.002 -0.002 -0.002 -0.002 -0.003 -0.004 -0.005 -0.005 -0.005 -0.004 -0.003 -0.002 -0.001 -0.001 -0.001 -0.000 0.002 0.003 0.005 0.007 0.008 0.009 0.009 0.005 0.014 0.018 -0.156 -0.031 -0.003 -0.001 -0.000 0.001 0.002 0.002 0.002 0.002 0.002 0.001 0.000 0.000 0.000 0.000 0.000 0.000 0.000 0.000 0.000 0.000 0.000 0.000 0.000 0.000 0.000 0.000
0.000 0.000 0.000 0.000 0.000 0.000 0.000 0.000 0.000 0.000 0.000 0.000 0.000 0.000 0.000 0.000 -0.000 -0.001 -0.001 -0.001 -0.002 -0.002 -0.003 -0.002 -0.002 -0.002 -0.004 -0.005 -0.006 -0.004 -0.003 -0.002 -0.001 -0.001 -0.000 -0.001 0.001 0.002 0.004 0.006 0.007 0.007 0.008 0.010 -0.002 0.018 0.056 -0.036 -0.014 -0.001 -0.000 -0.000 0.001 0.002 0.003 0.003 0.002 0.002 0.001 0.001 0.000 0.000 0.000 0.000 0.000 0.000 0.000 0.000 0.000 0.000 0.000 0.000 0.000 0.000 0.000
0.000 0.000 0.000 0.000 0.000 0.000 0.000 0.000 0.000 0.000 0.000 0.000 0.000 0.000 0.000 0.000 -0.000 -0.001 -0.001 -0.002 -0.003 -0.004 -0.004 -0.004 -0.003 -0.003 -0.004 -0.005 -0.005 -0.004 -0.003 -0.002 -0.001 -0.001 -0.000 -0.000 0.002 0.003 0.005 0.005 0.007 0.007 0.008 0.005 -0.003 0.031 0.061 -0.051 -0.003 -0.000 -0.000 0.001 0.001 0.002 0.003 0.003 0.002 0.002 0.001 0.001 0.001 0.000 0.000 0.000 0.000 0.000 0.000 0.000 0.000 0.000 0.000 0.000 0.000 0.000 0.000
0.000 0.000 0.000 0.000 0.000 0.000 0.000 0.000 0.000 0.000 0.000 0.000 0.000 0.000 0.000 0.000 0.001 -0.001 -0.001 -0.002 -0.003 -0.004 -0.005 -0.005 -0.004 -0.004 -0.004 -0.005 -0.006 -0.005 -0.003 -0.001 -0.001 -0.000 -0.000 0.000 0.002 0.004 0.005 0.005 0.006 0.007 0.006 0.001 0.038 0.048 0.051 -0.016 -0.001 -0.000 -0.000 0.000 0.001 0.002 0.003 0.003 0.002 0.002 0.002 0.002 0.002 0.001 0.000 0.000 0.000 0.000 0.000 0.000 0.000 0.000 0.000 0.000 0.000 0.000 0.000
0.000 0.000 0.000 0.000 0.000 0.000 0.000 0.000 0.000 0.000 0.000 0.000 0.000 0.000 0.000 0.000 0.001 -0.001 -0.002 -0.002 -0.003 -0.003 -0.005 -0.006 -0.006 -0.005 -0.004 -0.004 -0.005 -0.005 -0.003 -0.001 -0.000 -0.000 -0.001 0.001 0.002 0.004 0.005 0.005 0.006 0.006 0.004 0.013 0.061 0.055 -0.042 -0.003 -0.000 -0.000 0.000 0.001 0.001 0.002 0.003 0.003 0.003 0.004 0.005 0.006 0.005 0.002 0.001 0.000 0.000 0.000 0.000 0.000 0.000 0.000 0.000 0.000 0.000 0.000 0.000
0.000 0.000 0.000 0.000 0.000 0.000 0.000 0.000 0.000 0.000 0.000 0.000 0.000 0.000 0.000 0.000 0.000 -0.000 -0.003 -0.003 -0.003 -0.002 -0.003 -0.004 -0.005 -0.005 -0.003 -0.003 -0.003 -0.004 -0.003 -0.002 -0.001 -0.000 -0.000 0.001 0.003 0.004 0.003 0.004 0.006 0.005 0.006 0.033 0.043 -0.005 -0.009 -0.001 -0.000 -0.000 0.001 0.001 0.001 0.002 0.003 0.003 0.005 0.009 0.010 0.009 0.008 0.004 0.002 0.000 0.000 0.000 0.000 0.000 0.000 0.000 0.000 0.000 0.000 0.000 0.000
0.000 0.000 0.000 0.000 0.000 0.000 0.000 0.000 0.000 0.000 0.000 0.000 0.000 0.000 0.000 0.000 0.001 0.002 -0.004 -0.005 -0.004 -0.003 -0.003 -0.003 -0.003 -0.003 -0.003 -0.002 -0.002 -0.002 -0.003 -0.002 -0.001 -0.001 0.000 0.002 0.003 0.003 0.002 0.005 0.006 0.002 0.024 0.035 0.037 -0.019 -0.002 -0.000 -0.000 0.000 0.001 0.001 0.002 0.002 0.003 0.003 0.007 0.009 0.009 0.007 0.005 0.004 0.002 0.000 0.000 0.000 0.000 0.000 0.000 0.000 0.000 0.000 0.000 0.000 0.000
0.000 0.000 0.000 0.000 0.000 0.000 0.000 0.000 0.000 0.000 0.000 0.000 0.000 0.000 0.000 0.000 0.000 0.001 -0.003 -0.005 -0.007 -0.007 -0.003 -0.003 -0.003 -0.003 -0.003 -0.002 -0.002 -0.002 -0.002 -0.002 -0.001 -0.001 -0.000 0.002 0.003 0.005 0.004 0.005 0.004 0.009 0.043 0.035 -0.031 -0.004 -0.001 -0.000 0.000 0.001 0.001 0.001 0.002 0.002 0.003 0.003 0.004 0.005 0.005 0.005 0.005 0.003 0.001 0.000 0.000 0.000 0.000 0.000 0.000 0.000 0.000 0.000 0.000 0.000 0.000
0.000 0.000 0.000 0.000 0.000 0.000 0.000 0.000 0.000 0.000 0.000 0.000 0.000 0.000 0.000 0.000 0.000 0.001 -0.001 -0.004 -0.008 -0.010 -0.009 -0.006 -0.004 -0.003 -0.003 -0.003 -0.003 -0.002 -0.002 -0.002 -0.001 -0.001 -0.001 0.002 0.003 0.005 0.006 0.005 0.005 0.012 0.026 -0.011 -0.011 -0.001 -0.000 -0.000 0.000 0.001 0.001 0.001 0.002 0.002 0.003 0.003 0.004 0.004 0.004 0.004 0.004 0.002 0.000 0.000 0.000 0.000 0.000 0.000 0.000 0.000 0.000 0.000 0.000 0.000 0.000
0.000 0.000 0.000 0.000 0.000 0.000 0.000 0.000 0.000 0.000 0.000 0.000 0.000 0.000 0.000 0.000 0.000 0.000 -0.000 -0.002 -0.005 -0.010 -0.012 -0.011 -0.002 0.002 -0.001 -0.004 -0.003 -0.002 -0.002 -0.001 -0.001 -0.001 -0.001 0.002 0.004 0.005 0.006 0.006 0.008 0.013 0.023 -0.027 -0.003 -0.000 -0.000 0.000 0.000 0.001 0.001 0.001 0.001 0.002 0.002 0.002 0.002 0.003 0.003 0.003 0.002 0.000 0.000 0.000 0.000 0.000 0.000 0.000 0.000 0.000 0.000 0.000 0.000 0.000 0.000
0.000 0.000 0.000 0.000 0.000 0.000 0.000 0.000 0.000 0.000 0.000 0.000 0.000 0.000 0.000 0.000 0.000 0.000 0.000 -0.000 -0.002 -0.006 -0.012 -0.011 -0.007 -0.004 -0.001 -0.003 -0.002 -0.002 -0.002 -0.001 -0.001 -0.001 0.001 0.004 0.005 0.005 0.005 0.006 0.008 0.014 0.016 -0.011 -0.001 -0.000 -0.000 0.000 0.001 0.001 0.001 0.001 0.001 0.001 0.002 0.002 0.002 0.002 0.002 0.002 0.001 0.000 0.000 0.000 0.000 0.000 0.000 0.000 0.000 0.000 0.000 0.000 0.000 0.000 0.000
0.000 0.000 0.000 0.000 0.000 0.000 0.000 0.000 0.000 0.000 0.000 0.000 0.000 0.000 0.000 0.000 0.000 0.000 0.000 0.000 -0.000 -0.002 -0.005 -0.009 -0.010 -0.008 -0.005 -0.003 -0.002 -0.002 -0.001 -0.001 -0.001 -0.000 0.002 0.004 0.004 0.004 0.005 0.006 0.008 0.012 0.001 -0.005 -0.001 -0.000 -0.000 0.000 0.001 0.001 0.001 0.001 0.001 0.001 0.001 0.001 0.001 0.001 0.001 0.001 0.000 0.000 0.000 0.000 0.000 0.000 0.000 0.000 0.000 0.000 0.000 0.000 0.000 0.000 0.000
0.000 0.000 0.000 0.000 0.000 0.000 0.000 0.000 0.000 0.000 0.000 0.000 0.000 0.000 0.000 0.000 0.000 0.000 0.000 0.000 0.000 -0.000 -0.001 -0.001 -0.003 -0.004 -0.004 -0.003 -0.002 -0.002 -0.001 -0.001 -0.001 0.000 0.002 0.004 0.005 0.003 0.005 0.005 0.008 0.001 -0.011 -0.002 -0.001 -0.000 -0.000 0.000 0.001 0.000 0.001 0.001 0.001 0.001 0.001 0.003 0.004 0.003 0.002 0.000 0.000 0.000 0.000 0.000 0.000 0.000 0.000 0.000 0.000 0.000 0.000 0.000 0.000 0.000 0.000
0.000 0.000 0.000 0.000 0.000 0.000 0.000 0.000 0.000 0.000 0.000 0.000 0.000 0.000 0.000 0.000 0.000 0.000 0.000 0.000 0.000 0.000 0.000 0.000 -0.000 -0.002 -0.003 -0.004 -0.003 -0.002 -0.001 -0.001 -0.001 0.000 0.002 0.004 0.004 0.003 0.004 0.005 0.005 -0.004 -0.008 -0.002 -0.000 -0.000 -0.000 0.001 0.001 0.000 0.001 0.001 0.003 0.003 0.005 0.006 0.005 0.003 0.001 0.000 0.000 0.000 0.000 0.000 0.000 0.000 0.000 0.000 0.000 0.000 0.000 0.000 0.000 0.000 0.000
0.000 0.000 0.000 0.000 0.000 0.000 0.000 0.000 0.000 0.000 0.000 0.000 0.000 0.000 0.000 0.000 0.000 0.000 0.000 0.000 0.000 0.000 0.000 0.000 0.000 -0.000 -0.002 -0.003 -0.003 -0.002 -0.001 -0.001 -0.001 0.001 0.001 0.003 0.003 0.002 0.003 0.003 0.002 -0.001 -0.006 -0.002 -0.000 0.000 0.000 0.001 0.001 0.000 0.001 0.002 0.005 0.007 0.007 0.006 0.004 0.002 0.000 0.000 0.000 0.000 0.000 0.000 0.000 0.000 0.000 0.000 0.000 0.000 0.000 0.000 0.000 0.000 0.000
0.000 0.000 0.000 0.000 0.000 0.000 0.000 0.000 0.000 0.000 0.000 0.000 0.000 0.000 0.000 0.000 0.000 0.000 0.000 0.000 0.000 0.000 0.000 0.000 0.000 0.000 -0.000 -0.001 -0.002 -0.002 -0.001 -0.001 -0.001 -0.001 -0.001 -0.000 -0.000 -0.000 0.001 0.002 0.002 0.002 -0.002 -0.002 -0.000 0.000 0.000 0.000 0.001 0.000 0.001 0.002 0.004 0.006 0.005 0.003 0.001 0.000 0.000 0.000 0.000 0.000 0.000 0.000 0.000 0.000 0.000 0.000 0.000 0.000 0.000 0.000 0.000 0.000 0.000
