AvaFrame/avaframe/data/avaKot/Avaflow_Input_Output_old/gar_results/gar_ascii/gar_hflow10019.asc
ncols 88
nrows 125
xllcenter 176963.44
yllcenter 376270.31
cellsize 20.00
NODATA_value -9999.000
[rows 68 to 101 of 125, columns 0 to 76 of 88]
0.000 0.000 0.000 0.000 0.000 0.000 0.000 0.000 0.000 0.000 0.000 0.000 0.000 0.000 0.000 0.000 0.000 0.000 0.000 0.000 0.001 0.001 0.001 0.001 0.001 0.001 0.001 0.001 0.001 0.002 0.002 0.002 0.002 0.002 0.002 0.001 0.001 0.002 0.002 0.003 0.006 0.019 0.047 0.050 0.026 0.011 0.007 0.005 0.004 0.004 0.004 0.005 0.007 0.011 0.017 0.031 0.065 0.124 0.153 0.141 0.118 0.094 0.071 0.040 0.024 0.021 0.024 0.024 0.017 0.010 0.006 0.004 0.002 0.001 0.000 0.000 0.000
0.000 0.000 0.000 0.000 0.000 0.000 0.000 0.000 0.000 0.000 0.000 0.000 0.000 0.000 0.000 0.000 0.000 0.000 0.000 0.000 0.000 0.001 0.001 0.001 0.001 0.001 0.001 0.002 0.002 0.002 0.002 0.001 0.001 0.001 0.001 0.001 0.001 0.002 0.002 0.003 0.006 0.015 0.040 0.045 0.024 0.010 0.006 0.005 0.004 0.004 0.005 0.006 0.009 0.013 0.019 0.043 0.114 0.170 0.156 0.111 0.073 0.047 0.036 0.028 0.023 0.025 0.029 0.028 0.019 0.010 0.005 0.003 0.002 0.001 0.000 0.000 0.000
0.000 0.000 0.000 0.000 0.000 0.000 0.000 0.000 0.000 0.000 0.000 0.000 0.000 0.000 0.000 0.000 0.000 0.000 0.000 0.000 0.001 0.001 0.002 0.002 0.002 0.002 0.002 0.002 0.002 0.002 0.002 0.001 0.001 0.001 0.001 0.001 0.001 0.002 0.003 0.004 0.006 0.012 0.033 0.040 0.023 0.009 0.006 0.004 0.004 0.004 0.005 0.007 0.010 0.013 0.026 0.100 0.195 0.188 0.112 0.062 0.039 0.028 0.024 0.022 0.022 0.029 0.035 0.031 0.018 0.009 0.005 0.003 0.001 0.000 0.000 0.000 0.000
0.000 0.000 0.000 0.000 0.000 0.000 0.000 0.000 0.000 0.000 0.000 0.000 0.000 0.000 0.000 0.000 0.000 0.000 0.000 0.001 0.001 0.001 0.002 0.003 0.003 0.003 0.003 0.003 0.003 0.003 0.002 0.002 0.001 0.001 0.001 0.001 0.001 0.002 0.003 0.004 0.006 0.011 0.028 0.037 0.021 0.009 0.005 0.004 0.003 0.004 0.005 0.007 0.010 0.020 0.094 0.225 0.250 0.138 0.053 0.033 0.025 0.022 0.020 0.018 0.019 0.026 0.033 0.028 0.016 0.007 0.003 0.002 0.001 0.000 0.000 0.000 0.000
0.000 0.000 0.000 0.000 0.000 0.000 0.000 0.000 0.000 0.000 0.000 0.000 0.000 0.000 0.000 0.000 0.000 0.000 0.001 0.001 0.001 0.001 0.001 0.002 0.004 0.004 0.004 0.003 0.003 0.004 0.004 0.003 0.002 0.001 0.001 0.001 0.001 0.002 0.003 0.005 0.007 0.010 0.025 0.035 0.019 0.008 0.005 0.003 0.003 0.004 0.005 0.008 0.026 0.096 0.204 0.267 0.196 0.069 0.030 0.022 0.019 0.019 0.018 0.016 0.015 0.016 0.019 0.017 0.010 0.004 0.002 0.001 0.000 0.000 0.000 0.000 0.000
0.000 0.000 0.000 0.000 0.000 0.000 0.000 0.000 0.000 0.000 0.000 0.000 0.000 0.000 0.000 0.000 0.000 0.000 0.001 0.001 0.001 0.001 0.001 0.002 0.003 0.005 0.005 0.004 0.003 0.004 0.004 0.003 0.002 0.001 0.001 0.001 0.001 0.002 0.003 0.005 0.007 0.010 0.022 0.031 0.016 0.006 0.004 0.004 0.004 0.004 0.007 0.041 0.128 0.189 0.204 0.181 0.097 0.036 0.019 0.015 0.014 0.015 0.016 0.014 0.013 0.011 0.009 0.007 0.005 0.002 0.001 0.000 0.000 0.000 0.000 0.000 0.000
0.000 0.000 0.000 0.000 0.000 0.000 0.000 0.000 0.000 0.000 0.000 0.000 0.000 0.000 0.000 0.000 0.000 0.000 0.001 0.001 0.001 0.001 0.001 0.002 0.003 0.005 0.005 0.004 0.003 0.003 0.003 0.003 0.003 0.002 0.001 0.001 0.001 0.002 0.003 0.005 0.007 0.009 0.020 0.025 0.012 0.006 0.005 0.005 0.005 0.008 0.061 0.144 0.190 0.157 0.106 0.083 0.059 0.035 0.018 0.011 0.011 0.014 0.015 0.014 0.011 0.007 0.005 0.003 0.002 0.001 0.000 0.000 0.000 0.000 0.000 0.000 0.000
0.000 0.000 0.000 0.000 0.000 0.000 0.000 0.000 0.000 0.000 0.000 0.000 0.000 0.000 0.000 0.000 0.000 0.001 0.001 0.001 0.001 0.001 0.001 0.002 0.003 0.005 0.005 0.005 0.003 0.003 0.003 0.003 0.003 0.002 0.001 0.001 0.001 0.002 0.002 0.004 0.006 0.009 0.018 0.020 0.011 0.006 0.006 0.007 0.014 0.085 0.175 0.176 0.122 0.064 0.042 0.042 0.046 0.037 0.023 0.012 0.011 0.014 0.015 0.012 0.008 0.004 0.002 0.001 0.001 0.000 0.000 0.000 0.000 0.000 0.000 0.000 0.000
0.000 0.000 0.000 0.000 0.000 0.000 0.000 0.000 0.000 0.000 0.000 0.000 0.000 0.000 0.000 0.000 0.000 0.001 0.001 0.001 0.001 0.001 0.001 0.002 0.003 0.004 0.006 0.006 0.005 0.003 0.002 0.003 0.004 0.003 0.002 0.001 0.001 0.001 0.002 0.003 0.005 0.009 0.016 0.018 0.011 0.006 0.007 0.017 0.087 0.210 0.191 0.078 0.032 0.023 0.018 0.020 0.029 0.031 0.025 0.017 0.014 0.014 0.012 0.008 0.004 0.002 0.001 0.000 0.000 0.000 0.000 0.000 0.000 0.000 0.000 0.000 0.000
0.000 0.000 0.000 0.000 0.000 0.000 0.000 0.000 0.000 0.000 0.000 0.000 0.000 0.000 0.000 0.000 0.000 0.001 0.001 0.001 0.001 0.001 0.001 0.001 0.002 0.003 0.005 0.007 0.007 0.005 0.003 0.003 0.004 0.003 0.002 0.001 0.001 0.001 0.002 0.003 0.004 0.008 0.016 0.018 0.011 0.007 0.008 0.023 0.135 0.209 0.089 0.012 0.010 0.009 0.008 0.009 0.015 0.016 0.016 0.015 0.014 0.011 0.007 0.004 0.002 0.001 0.000 0.000 0.000 0.000 0.000 0.000 0.000 0.000 0.000 0.000 0.000
0.000 0.000 0.000 0.000 0.000 0.000 0.000 0.000 0.000 0.000 0.000 0.000 0.000 0.000 0.000 0.000 0.000 0.001 0.001 0.001 0.001 0.001 0.001 0.001 0.002 0.003 0.003 0.006 0.007 0.006 0.004 0.003 0.003 0.003 0.002 0.002 0.001 0.001 0.002 0.003 0.004 0.007 0.013 0.016 0.012 0.008 0.008 0.026 0.147 0.139 0.024 0.008 0.005 0.004 0.004 0.004 0.007 0.006 0.005 0.004 0.005 0.004 0.003 0.001 0.001 0.000 0.000 0.000 0.000 0.000 0.000 0.000 0.000 0.000 0.000 0.000 0.000
0.000 0.000 0.000 0.000 0.000 0.000 0.000 0.000 0.000 0.000 0.000 0.000 0.000 0.000 0.000 0.000 0.000 0.001 0.001 0.001 0.001 0.001 0.001 0.001 0.002 0.002 0.003 0.005 0.006 0.005 0.005 0.004 0.003 0.002 0.002 0.002 0.002 0.002 0.002 0.002 0.004 0.007 0.011 0.013 0.011 0.008 0.011 0.039 0.147 0.100 0.016 0.007 0.004 0.003 0.002 0.002 0.003 0.003 0.002 0.001 0.001 0.001 0.001 0.001 0.000 0.000 0.000 0.000 0.000 0.000 0.000 0.000 0.000 0.000 0.000 0.000 0.000
0.000 0.000 0.000 0.000 0.000 0.000 0.000 0.000 0.000 0.000 0.000 0.000 0.000 0.000 0.000 0.000 0.000 0.001 0.001 0.001 0.001 0.001 0.001 0.002 0.002 0.002 0.004 0.004 0.004 0.004 0.004 0.004 0.003 0.002 0.002 0.002 0.002 0.001 0.002 0.002 0.004 0.007 0.011 0.012 0.010 0.009 0.015 0.056 0.132 0.075 0.012 0.005 0.003 0.003 0.002 0.002 0.002 0.002 0.001 0.001 0.001 0.000 0.000 0.000 0.000 0.000 0.000 0.000 0.000 0.000 0.000 0.000 0.000 0.000 0.000 0.000 0.000
0.000 0.000 0.000 0.000 0.000 0.000 0.000 0.000 0.000 0.000 0.000 0.000 0.000 0.000 0.000 0.000 0.000 0.001 0.001 0.001 0.001 0.001 0.001 0.002 0.002 0.002 0.003 0.004 0.004 0.003 0.004 0.004 0.003 0.002 0.002 0.002 0.001 0.001 0.002 0.002 0.004 0.006 0.011 0.011 0.010 0.010 0.017 0.067 0.109 0.048 0.009 0.004 0.003 0.002 0.002 0.002 0.002 0.002 0.001 0.001 0.000 0.000 0.000 0.000 0.000 0.000 0.000 0.000 0.000 0.000 0.000 0.000 0.000 0.000 0.000 0.000 0.000
0.000 0.000 0.000 0.000 0.000 0.000 0.000 0.000 0.000 0.000 0.000 0.000 0.000 0.000 0.000 0.000 0.000 0.001 0.001 0.001 0.001 0.001 0.001 0.002 0.002 0.002 0.003 0.003 0.003 0.003 0.004 0.004 0.003 0.003 0.002 0.002 0.001 0.001 0.002 0.002 0.004 0.006 0.009 0.011 0.011 0.011 0.017 0.069 0.101 0.031 0.007 0.003 0.002 0.002 0.002 0.002 0.002 0.002 0.001 0.001 0.000 0.000 0.000 0.000 0.000 0.000 0.000 0.000 0.000 0.000 0.000 0.000 0.000 0.000 0.000 0.000 0.000
0.000 0.000 0.000 0.000 0.000 0.000 0.000 0.000 0.000 0.000 0.000 0.000 0.000 0.000 0.000 0.000 0.000 0.001 0.001 0.001 0.001 0.001 0.002 0.002 0.002 0.002 0.003 0.003 0.003 0.004 0.004 0.004 0.003 0.003 0.002 0.002 0.001 0.001 0.002 0.003 0.005 0.007 0.009 0.010 0.011 0.012 0.016 0.065 0.099 0.026 0.006 0.003 0.002 0.001 0.002 0.002 0.002 0.002 0.002 0.001 0.000 0.000 0.000 0.000 0.000 0.000 0.000 0.000 0.000 0.000 0.000 0.000 0.000 0.000 0.000 0.000 0.000
0.000 0.000 0.000 0.000 0.000 0.000 0.000 0.000 0.000 0.000 0.000 0.000 0.000 0.000 0.000 0.000 0.000 0.001 0.001 0.001 0.001 0.002 0.002 0.002 0.002 0.002 0.002 0.003 0.004 0.004 0.004 0.003 0.003 0.003 0.002 0.001 0.001 0.002 0.003 0.005 0.006 0.008 0.008 0.009 0.011 0.013 0.020 0.064 0.082 0.021 0.005 0.002 0.001 0.001 0.002 0.003 0.003 0.002 0.002 0.001 0.000 0.000 0.000 0.000 0.000 0.000 0.000 0.000 0.000 0.000 0.000 0.000 0.000 0.000 0.000 0.000 0.000
0.000 0.000 0.000 0.000 0.000 0.000 0.000 0.000 0.000 0.000 0.000 0.000 0.000 0.000 0.000 0.000 0.000 0.001 0.001 0.001 0.002 0.002 0.003 0.003 0.003 0.002 0.002 0.003 0.004 0.004 0.004 0.003 0.003 0.002 0.002 0.001 0.001 0.002 0.003 0.006 0.007 0.007 0.008 0.009 0.010 0.016 0.035 0.068 0.051 0.009 0.003 0.002 0.001 0.001 0.002 0.003 0.003 0.002 0.002 0.001 0.001 0.000 0.000 0.000 0.000 0.000 0.000 0.000 0.000 0.000 0.000 0.000 0.000 0.000 0.000 0.000 0.000
0.000 0.000 0.000 0.000 0.000 0.000 0.000 0.000 0.000 0.000 0.000 0.000 0.000 0.000 0.000 0.000 0.000 0.001 0.001 0.001 0.002 0.002 0.003 0.003 0.003 0.003 0.003 0.003 0.004 0.004 0.004 0.003 0.003 0.002 0.001 0.001 0.001 0.002 0.004 0.006 0.007 0.007 0.008 0.009 0.011 0.023 0.054 0.058 0.022 0.004 0.002 0.001 0.001 0.001 0.002 0.003 0.003 0.003 0.002 0.002 0.002 0.001 0.001 0.000 0.000 0.000 0.000 0.000 0.000 0.000 0.000 0.000 0.000 0.000 0.000 0.000 0.000
0.000 0.000 0.000 0.000 0.000 0.000 0.000 0.000 0.000 0.000 0.000 0.000 0.000 0.000 0.000 0.000 0.000 0.001 0.001 0.001 0.002 0.002 0.003 0.003 0.004 0.004 0.004 0.004 0.004 0.004 0.004 0.003 0.002 0.002 0.001 0.001 0.001 0.003 0.005 0.006 0.007 0.007 0.008 0.009 0.014 0.038 0.062 0.037 0.007 0.003 0.001 0.001 0.001 0.001 0.002 0.003 0.003 0.003 0.003 0.003 0.003 0.003 0.002 0.000 0.000 0.000 0.000 0.000 0.000 0.000 0.000 0.000 0.000 0.000 0.000 0.000 0.000
0.000 0.000 0.000 0.000 0.000 0.000 0.000 0.000 0.000 0.000 0.000 0.000 0.000 0.000 0.000 0.000 0.000 0.000 0.001 0.002 0.002 0.002 0.002 0.003 0.004 0.004 0.004 0.004 0.003 0.003 0.004 0.004 0.003 0.002 0.001 0.001 0.002 0.003 0.005 0.006 0.006 0.007 0.008 0.010 0.023 0.048 0.044 0.015 0.004 0.002 0.001 0.001 0.001 0.002 0.002 0.003 0.003 0.004 0.004 0.005 0.005 0.004 0.003 0.001 0.000 0.000 0.000 0.000 0.000 0.000 0.000 0.000 0.000 0.000 0.000 0.000 0.000
0.000 0.000 0.000 0.000 0.000 0.000 0.000 0.000 0.000 0.000 0.000 0.000 0.000 0.000 0.000 0.000 0.000 0.000 0.001 0.002 0.002 0.003 0.002 0.002 0.003 0.003 0.004 0.003 0.003 0.003 0.003 0.003 0.003 0.002 0.001 0.001 0.002 0.003 0.005 0.006 0.007 0.007 0.009 0.015 0.035 0.040 0.021 0.006 0.003 0.001 0.001 0.001 0.001 0.002 0.002 0.003 0.004 0.005 0.005 0.005 0.005 0.005 0.003 0.001 0.000 0.000 0.000 0.000 0.000 0.000 0.000 0.000 0.000 0.000 0.000 0.000 0.000
0.000 0.000 0.000 0.000 0.000 0.000 0.000 0.000 0.000 0.000 0.000 0.000 0.000 0.000 0.000 0.000 0.000 0.000 0.001 0.002 0.003 0.003 0.003 0.003 0.003 0.003 0.003 0.003 0.003 0.002 0.002 0.003 0.003 0.002 0.002 0.002 0.002 0.003 0.005 0.007 0.007 0.008 0.010 0.023 0.038 0.027 0.009 0.004 0.002 0.001 0.001 0.001 0.002 0.002 0.003 0.003 0.004 0.005 0.005 0.005 0.005 0.005 0.003 0.001 0.000 0.000 0.000 0.000 0.000 0.000 0.000 0.000 0.000 0.000 0.000 0.000 0.000
0.000 0.000 0.000 0.000 0.000 0.000 0.000 0.000 0.000 0.000 0.000 0.000 0.000 0.000 0.000 0.000 0.000 0.000 0.000 0.001 0.002 0.004 0.005 0.005 0.004 0.003 0.003 0.003 0.003 0.003 0.003 0.002 0.002 0.002 0.002 0.002 0.002 0.003 0.005 0.007 0.007 0.008 0.013 0.028 0.030 0.014 0.005 0.002 0.001 0.001 0.001 0.001 0.002 0.002 0.002 0.003 0.003 0.004 0.004 0.005 0.004 0.004 0.002 0.000 0.000 0.000 0.000 0.000 0.000 0.000 0.000 0.000 0.000 0.000 0.000 0.000 0.000
0.000 0.000 0.000 0.000 0.000 0.000 0.000 0.000 0.000 0.000 0.000 0.000 0.000 0.000 0.000 0.000 0.000 0.000 0.000 0.001 0.002 0.003 0.005 0.005 0.005 0.005 0.004 0.004 0.004 0.003 0.003 0.002 0.002 0.002 0.002 0.002 0.002 0.004 0.006 0.006 0.007 0.008 0.015 0.025 0.021 0.007 0.003 0.001 0.001 0.001 0.001 0.001 0.002 0.002 0.002 0.002 0.002 0.003 0.003 0.003 0.003 0.002 0.000 0.000 0.000 0.000 0.000 0.000 0.000 0.000 0.000 0.000 0.000 0.000 0.000 0.000 0.000
0.000 0.000 0.000 0.000 0.000 0.000 0.000 0.000 0.000 0.000 0.000 0.000 0.000 0.000 0.000 0.000 0.000 0.000 0.000 0.000 0.001 0.002 0.004 0.005 0.007 0.007 0.007 0.005 0.004 0.003 0.003 0.003 0.002 0.002 0.002 0.002 0.004 0.005 0.006 0.006 0.007 0.009 0.015 0.020 0.013 0.004 0.002 0.001 0.001 0.001 0.001 0.001 0.001 0.002 0.002 0.002 0.002 0.002 0.002 0.002 0.002 0.001 0.000 0.000 0.000 0.000 0.000 0.000 0.000 0.000 0.000 0.000 0.000 0.000 0.000 0.000 0.000
0.000 0.000 0.000 0.000 0.000 0.000 0.000 0.000 0.000 0.000 0.000 0.000 0.000 0.000 0.000 0.000 0.000 0.000 0.000 0.000 0.000 0.001 0.002 0.004 0.006 0.007 0.007 0.005 0.003 0.003 0.003 0.002 0.002 0.002 0.002 0.003 0.004 0.005 0.006 0.006 0.006 0.009 0.014 0.014 0.007 0.003 0.002 0.001 0.001 0.001 0.001 0.001 0.001 0.001 0.002 0.002 0.002 0.001 0.001 0.001 0.001 0.000 0.000 0.000 0.000 0.000 0.000 0.000 0.000 0.000 0.000 0.000 0.000 0.000 0.000 0.000 0.000
0.000 0.000 0.000 0.000 0.000 0.000 0.000 0.000 0.000 0.000 0.000 0.000 0.000 0.000 0.000 0.000 0.000 0.000 0.000 0.000 0.000 0.000 0.001 0.002 0.003 0.004 0.004 0.004 0.003 0.003 0.003 0.002 0.002 0.002 0.002 0.002 0.004 0.005 0.005 0.005 0.006 0.009 0.012 0.010 0.004 0.002 0.001 0.001 0.001 0.001 0.001 0.001 0.001 0.001 0.001 0.002 0.002 0.002 0.002 0.001 0.000 0.000 0.000 0.000 0.000 0.000 0.000 0.000 0.000 0.000 0.000 0.000 0.000 0.000 0.000 0.000 0.000
0.000 0.000 0.000 0.000 0.000 0.000 0.000 0.000 0.000 0.000 0.000 0.000 0.000 0.000 0.000 0.000 0.000 0.000 0.000 0.000 0.000 0.000 0.000 0.001 0.001 0.001 0.002 0.003 0.003 0.003 0.003 0.002 0.002 0.002 0.002 0.003 0.004 0.005 0.005 0.005 0.005 0.007 0.009 0.007 0.004 0.002 0.001 0.001 0.001 0.001 0.001 0.001 0.001 0.001 0.002 0.002 0.002 0.002 0.002 0.001 0.000 0.000 0.000 0.000 0.000 0.000 0.000 0.000 0.000 0.000 0.000 0.000 0.000 0.000 0.000 0.000 0.000
0.000 0.000 0.000 0.000 0.000 0.000 0.000 0.000 0.000 0.000 0.000 0.000 0.000 0.000 0.000 0.000 0.000 0.000 0.000 0.000 0.000 0.000 0.000 0.000 0.000 0.001 0.001 0.002 0.003 0.004 0.003 0.002 0.002 0.002 0.002 0.003 0.004 0.004 0.004 0.003 0.003 0.004 0.006 0.006 0.004 0.002 0.001 0.001 0.001 0.001 0.001 0.001 0.001 0.002 0.003 0.003 0.003 0.002 0.001 0.000 0.000 0.000 0.000 0.000 0.000 0.000 0.000 0.000 0.000 0.000 0.000 0.000 0.000 0.000 0.000 0.000 0.000
0.000 0.000 0.000 0.000 0.000 0.000 0.000 0.000 0.000 0.000 0.000 0.000 0.000 0.000 0.000 0.000 0.000 0.000 0.000 0.000 0.000 0.000 0.000 0.000 0.000 0.000 0.001 0.001 0.002 0.003 0.003 0.002 0.002 0.002 0.002 0.003 0.003 0.003 0.003 0.002 0.002 0.003 0.004 0.005 0.004 0.002 0.001 0.001 0.001 0.001 0.001 0.001 0.002 0.003 0.003 0.003 0.002 0.001 0.000 0.000 0.000 0.000 0.000 0.000 0.000 0.000 0.000 0.000 0.000 0.000 0.000 0.000 0.000 0.000 0.000 0.000 0.000
0.000 0.000 0.000 0.000 0.000 0.000 0.000 0.000 0.000 0.000 0.000 0.000 0.000 0.000 0.000 0.000 0.000 0.000 0.000 0.000 0.000 0.000 0.000 0.000 0.000 0.000 0.000 0.001 0.001 0.002 0.002 0.002 0.002 0.002 0.002 0.002 0.002 0.002 0.002 0.001 0.001 0.002 0.003 0.003 0.003 0.002 0.001 0.001 0.000 0.000 0.001 0.001 0.001 0.002 0.002 0.002 0.000 0.000 0.000 0.000 0.000 0.000 0.000 0.000 0.000 0.000 0.000 0.000 0.000 0.000 0.000 0.000 0.000 0.000 0.000 0.000 0.000
0.000 0.000 0.000 0.000 0.000 0.000 0.000 0.000 0.000 0.000 0.000 0.000 0.000 0.000 0.000 0.000 0.000 0.000 0.000 0.000 0.000 0.000 0.000 0.000 0.000 0.000 0.000 0.000 0.001 0.001 0.001 0.001 0.001 0.001 0.001 0.001 0.001 0.001 0.001 0.001 0.001 0.001 0.001 0.002 0.002 0.002 0.001 0.000 0.000 0.000 0.000 0.001 0.001 0.001 0.001 0.000 0.000 0.000 0.000 0.000 0.000 0.000 0.000 0.000 0.000 0.000 0.000 0.000 0.000 0.000 0.000 0.000 0.000 0.000 0.000 0.000 0.000
0.000 0.000 0.000 0.000 0.000 0.000 0.000 0.000 0.000 0.000 0.000 0.000 0.000 0.000 0.000 0.000 0.000 0.000 0.000 0.000 0.000 0.000 0.000 0.000 0.000 0.000 0.000 0.000 0.000 0.000 0.001 0.001 0.001 0.001 0.001 0.001 0.001 0.001 0.001 0.001 0.001 0.001 0.001 0.001 0.001 0.001 0.001 0.000 0.000 0.000 0.000 0.000 0.000 0.000 0.000 0.000 0.000 0.000 0.000 0.000 0.000 0.000 0.000 0.000 0.000 0.000 0.000 0.000 0.000 0.000 0.000 0.000 0.000 0.000 0.000 0.000 0.000
