AvaFrame/avaframe/data/avaKot/Avaflow_Input_Output_old/gar_results/gar_ascii/gar_elev.asc
ncols 88
nrows 125
xllcenter 176963.44
yllcenter 376270.31
cellsize 20.00
NODATA_value -9999.000
[rows 84 to 111 of 125, columns 0 to 61 of 88]
-9999.000 -9999.000 -9999.000 -9999.000 1411.757 1423.172 1427.575 1435.088 1436.810 1440.241 1452.928 1446.210 1461.423 1471.998 1472.354 1476.611 1461.891 1455.913 1475.026 1495.495 1513.535 1537.090 1554.452 1560.392 1573.782 1605.619 1606.594 1619.100 1626.215 1622.882 1628.636 1638.335 1643.192 1647.756 1659.924 1675.754 1683.931 1680.385 1672.315 1665.300 1661.787 1657.811 1655.629 1651.193 1642.675 1640.829 1626.397 1610.602 1603.357 1634.916 1645.941 1658.848 1666.351 1661.473 1649.466 1641.272 1638.975 1639.794 1633.118 1618.415 1607.349 1590.996
-9999.000 -9999.000 -9999.000 -9999.000 1428.552 1444.341 1449.398 1453.471 1455.755 1457.830 1471.651 1469.000 1478.944 1494.402 1489.511 1495.374 1479.261 1460.379 1482.495 1501.564 1526.390 1539.021 1559.602 1574.561 1588.266 1621.230 1630.404 1637.034 1639.513 1638.363 1651.514 1656.769 1659.545 1662.603 1678.728 1699.363 1699.743 1691.002 1686.744 1679.531 1679.711 1675.115 1669.620 1666.030 1660.402 1651.934 1640.245 1616.201 1635.841 1650.044 1660.629 1675.643 1683.132 1673.995 1662.329 1654.332 1653.642 1652.769 1644.155 1631.792 1616.517 1597.123
-9999.000 -9999.000 -9999.000 -9999.000 1434.392 1457.610 1464.957 1468.460 1479.230 1479.550 1493.112 1502.557 1509.492 1515.303 1512.372 1515.766 1506.053 1474.204 1486.608 1528.611 1537.293 1551.915 1562.891 1580.620 1605.397 1621.203 1633.553 1644.969 1654.135 1654.042 1661.341 1673.502 1676.952 1691.255 1701.956 1714.710 1713.837 1707.101 1702.017 1697.303 1695.294 1690.151 1688.512 1683.105 1672.934 1662.136 1636.500 1645.247 1655.645 1664.894 1675.657 1691.797 1695.187 1685.488 1673.239 1667.231 1665.508 1660.576 1648.964 1634.552 1618.735 1600.812
-9999.000 -9999.000 -9999.000 -9999.000 -9999.000 1462.604 1482.635 1490.676 1502.074 1510.211 1519.500 1525.661 1530.762 1532.989 1536.261 1531.537 1513.809 1488.588 1499.530 1516.267 1538.221 1553.443 1574.992 1595.531 1607.282 1621.174 1637.072 1653.148 1665.364 1670.456 1676.457 1687.397 1696.994 1718.648 1726.932 1737.014 1731.363 1719.510 1715.005 1712.539 1709.516 1707.052 1703.052 1695.383 1684.453 1656.605 1651.814 1668.447 1672.060 1681.860 1693.459 1709.179 1706.518 1695.254 1684.845 1679.345 1673.812 1664.573 1651.606 1636.122 1619.656 1603.966
-9999.000 -9999.000 -9999.000 -9999.000 -9999.000 1497.151 1512.972 1513.929 1528.569 1541.177 1540.530 1550.934 1548.907 1560.358 1561.614 1560.393 1536.859 1515.561 1501.006 1525.701 1548.317 1569.844 1592.198 1617.366 1621.234 1631.229 1646.276 1663.567 1678.153 1685.774 1689.553 1699.865 1723.229 1737.487 1746.422 1750.451 1739.791 1730.682 1729.269 1727.682 1725.345 1720.809 1716.554 1705.494 1686.637 1666.877 1678.942 1683.762 1689.386 1699.728 1714.168 1729.072 1720.807 1705.992 1696.511 1689.128 1678.610 1665.577 1650.617 1635.300 1619.030 1603.178
-9999.000 -9999.000 -9999.000 -9999.000 -9999.000 -9999.000 1502.835 1519.799 1543.817 1558.103 1564.514 1567.068 1570.279 1578.059 1587.291 1591.384 1581.292 1545.385 1507.661 1537.186 1548.406 1571.881 1606.842 1624.785 1638.492 1651.040 1659.976 1676.508 1700.145 1713.522 1717.826 1719.418 1725.676 1745.482 1759.523 1762.098 1753.675 1744.989 1739.945 1739.602 1733.827 1730.451 1725.345 1712.035 1684.700 1694.417 1700.208 1700.351 1708.945 1719.546 1748.999 1740.897 1729.035 1715.847 1705.953 1695.458 1681.036 1665.791 1651.341 1636.977 1621.759 1605.877
-9999.000 -9999.000 -9999.000 -9999.000 -9999.000 -9999.000 1498.507 1506.557 1557.518 1570.994 1583.226 1583.970 1593.917 1611.713 1617.877 1609.284 1609.775 1580.695 1522.123 1538.641 1556.845 1579.722 1601.935 1625.406 1645.288 1667.599 1680.177 1703.535 1718.057 1729.617 1742.341 1747.281 1748.124 1757.981 1768.205 1775.652 1770.745 1759.943 1751.394 1749.676 1745.890 1743.130 1733.737 1707.306 1706.875 1713.388 1717.552 1720.072 1728.967 1762.429 1761.709 1748.892 1735.067 1724.569 1711.385 1698.964 1683.858 1667.725 1654.672 1640.845 1625.377 1609.089
-9999.000 -9999.000 -9999.000 -9999.000 -9999.000 -9999.000 -9999.000 1516.695 1540.164 1569.559 1595.489 1615.364 1625.068 1635.037 1640.239 1632.782 1620.545 1607.042 1544.251 1543.473 1580.184 1589.971 1604.116 1621.577 1657.235 1671.789 1697.093 1707.365 1719.023 1734.080 1749.871 1759.968 1766.434 1774.593 1784.556 1789.514 1781.880 1770.163 1763.530 1759.290 1755.536 1750.872 1736.107 1720.116 1727.897 1731.368 1736.453 1743.365 1770.648 1780.690 1771.644 1759.846 1745.156 1736.353 1724.449 1709.347 1695.609 1674.263 1658.876 1643.608 1629.818 1615.666
-9999.000 -9999.000 -9999.000 -9999.000 -9999.000 -9999.000 -9999.000 1533.066 1538.685 1562.575 1587.657 1619.681 1637.804 1647.895 1650.602 1650.534 1644.924 1639.668 1602.312 1560.625 1582.210 1600.690 1613.235 1643.085 1656.155 1665.459 1689.933 1707.294 1723.047 1740.015 1758.621 1770.706 1779.910 1787.774 1797.721 1799.636 1792.688 1779.527 1775.820 1772.462 1767.215 1759.702 1744.511 1736.753 1744.819 1748.915 1757.050 1773.085 1795.603 1788.147 1778.862 1767.821 1756.500 1752.321 1736.297 1721.621 1706.816 1682.609 1665.981 1652.390 1635.498 1625.444
-9999.000 -9999.000 -9999.000 -9999.000 -9999.000 -9999.000 -9999.000 1569.133 1544.714 1554.672 1584.452 1611.760 1644.813 1648.688 1659.410 1663.237 1656.274 1634.933 1625.566 1573.559 1600.728 1615.255 1631.673 1640.486 1653.964 1669.238 1686.237 1706.738 1735.217 1755.035 1770.897 1781.211 1793.346 1803.747 1807.583 1801.016 1796.724 1791.018 1788.890 1784.113 1777.780 1766.263 1759.502 1752.703 1760.028 1768.472 1785.400 1807.190 1803.370 1800.984 1792.152 1782.521 1778.782 1763.811 1746.401 1732.735 1717.224 1697.123 1679.294 1660.862 1645.120 1630.167
-9999.000 -9999.000 -9999.000 -9999.000 -9999.000 -9999.000 -9999.000 -9999.000 1582.915 1559.899 1576.708 1606.913 1617.680 1634.515 1659.217 1678.412 1673.471 1652.591 1629.332 1595.604 1610.596 1633.090 1647.150 1653.265 1658.323 1671.687 1686.911 1711.570 1751.650 1777.066 1784.796 1792.715 1806.633 1814.116 1816.594 1809.209 1805.635 1802.607 1800.698 1796.132 1788.348 1782.088 1776.915 1773.111 1786.037 1794.370 1806.872 1818.708 1820.275 1817.622 1809.550 1801.574 1792.656 1776.505 1759.684 1746.906 1732.703 1715.158 1693.590 1672.647 1649.892 1630.565
-9999.000 -9999.000 -9999.000 -9999.000 -9999.000 -9999.000 -9999.000 -9999.000 1601.059 1574.706 1583.307 1600.229 1616.452 1644.487 1690.902 1691.172 1686.798 1672.810 1644.632 1629.315 1612.090 1632.264 1651.135 1669.009 1675.668 1692.543 1714.252 1746.233 1764.520 1783.052 1792.939 1804.280 1818.057 1827.397 1829.397 1826.707 1817.145 1812.819 1812.037 1807.331 1801.883 1797.586 1793.290 1801.609 1814.240 1817.307 1821.279 1833.541 1847.293 1840.755 1831.188 1814.704 1798.483 1784.134 1768.925 1746.879 1725.982 1706.728 1688.786 1667.610 1647.423 1624.589
-9999.000 -9999.000 -9999.000 -9999.000 -9999.000 -9999.000 -9999.000 -9999.000 -9999.000 1601.316 1593.793 1611.100 1630.153 1671.661 1702.035 1707.371 1703.185 1701.910 1676.478 1640.927 1625.553 1643.321 1660.891 1687.729 1719.533 1744.333 1752.715 1760.589 1767.740 1787.132 1801.109 1814.725 1832.776 1842.085 1840.695 1834.851 1829.029 1824.447 1824.676 1821.026 1818.108 1817.468 1817.112 1818.224 1837.167 1839.168 1843.299 1853.187 1868.851 1858.603 1838.380 1817.642 1798.924 1781.332 1764.599 1744.793 1723.259 1703.141 1682.711 1658.838 1639.601 1630.048
-9999.000 -9999.000 -9999.000 -9999.000 -9999.000 -9999.000 -9999.000 -9999.000 -9999.000 1609.320 1592.453 1626.304 1650.042 1684.188 1712.041 1719.776 1723.836 1719.358 1693.767 1653.938 1634.537 1654.708 1683.676 1709.796 1732.145 1753.732 1765.624 1777.746 1782.073 1788.223 1811.094 1826.755 1841.758 1845.488 1844.586 1844.669 1841.641 1842.292 1840.180 1841.727 1842.521 1839.202 1839.289 1837.472 1846.104 1859.794 1871.403 1880.135 1884.566 1858.747 1838.208 1816.541 1797.100 1776.868 1759.259 1741.410 1720.193 1697.101 1675.811 1668.447 1650.605 1632.042
-9999.000 -9999.000 -9999.000 -9999.000 -9999.000 -9999.000 -9999.000 -9999.000 -9999.000 1629.233 1600.865 1637.289 1661.343 1693.910 1717.597 1726.898 1731.720 1728.127 1707.748 1692.147 1645.891 1665.415 1686.637 1714.073 1742.837 1764.839 1780.788 1797.018 1798.511 1809.338 1821.330 1835.167 1844.068 1852.573 1856.229 1856.796 1856.482 1859.656 1860.591 1863.952 1860.712 1857.125 1856.771 1854.439 1859.623 1874.164 1895.414 1902.788 1891.152 1867.512 1837.765 1817.794 1796.216 1772.593 1751.084 1732.179 1713.081 1698.846 1700.660 1671.743 1653.682 1639.957
-9999.000 -9999.000 -9999.000 -9999.000 -9999.000 -9999.000 -9999.000 -9999.000 -9999.000 -9999.000 1610.210 1656.046 1686.324 1704.037 1726.487 1739.327 1743.012 1737.482 1731.591 1714.720 1662.356 1671.085 1697.721 1729.797 1752.166 1768.962 1794.714 1819.725 1825.488 1823.682 1828.417 1843.684 1862.339 1870.704 1868.529 1869.252 1870.556 1872.788 1875.251 1878.361 1876.030 1874.753 1873.442 1871.525 1875.503 1891.344 1908.679 1917.608 1901.519 1883.285 1868.148 1822.907 1801.975 1780.660 1760.590 1739.003 1718.661 1729.507 1725.728 1708.373 1678.607 -9999.000
-9999.000 -9999.000 -9999.000 -9999.000 -9999.000 -9999.000 -9999.000 -9999.000 -9999.000 -9999.000 1635.771 1672.819 1694.085 1709.565 1743.361 1749.404 1751.150 1751.405 1746.107 1711.063 1689.521 1690.825 1713.809 1727.711 1747.097 1774.226 1806.221 1832.778 1838.061 1837.121 1842.661 1853.770 1870.765 1879.856 1880.431 1884.152 1885.562 1887.760 1890.914 1895.050 1897.319 1895.873 1894.295 1894.202 1891.058 1903.018 1919.499 1930.975 1914.381 1899.664 1888.935 1850.528 1835.176 1811.193 1770.008 1748.889 1749.307 1755.120 1745.169 1727.761 -9999.000 -9999.000
-9999.000 -9999.000 -9999.000 -9999.000 -9999.000 -9999.000 -9999.000 -9999.000 -9999.000 -9999.000 -9999.000 1681.083 1702.722 1731.563 1744.241 1753.163 1758.693 1761.481 1750.222 1739.759 1707.332 1710.722 1735.170 1741.139 1768.145 1791.098 1812.323 1831.840 1845.305 1850.589 1864.811 1873.207 1881.329 1888.085 1892.728 1897.494 1900.264 1903.592 1907.144 1912.377 1917.016 1918.681 1916.008 1910.651 1908.210 1917.587 1931.185 1947.358 1932.633 1914.831 1908.145 1889.721 1861.184 1825.771 1790.420 1764.967 1772.724 1769.812 -9999.000 -9999.000 -9999.000 -9999.000
-9999.000 -9999.000 -9999.000 -9999.000 -9999.000 -9999.000 -9999.000 -9999.000 -9999.000 -9999.000 -9999.000 1688.806 1708.521 1727.835 1751.561 1761.783 1770.253 1773.219 1760.263 1745.047 1729.130 1727.701 1758.741 1757.916 1781.622 1798.559 1825.311 1841.436 1853.116 1865.161 1875.782 1888.437 1894.916 1898.390 1903.685 1910.542 1915.857 1921.063 1926.698 1929.227 1934.024 1940.483 1936.591 1926.999 1925.563 1932.564 1957.900 1961.195 1946.710 1933.555 1917.750 1887.211 1846.631 1830.654 1795.462 1796.019 1800.139 -9999.000 -9999.000 -9999.000 -9999.000 -9999.000
-9999.000 -9999.000 -9999.000 -9999.000 -9999.000 -9999.000 -9999.000 -9999.000 -9999.000 -9999.000 -9999.000 1696.309 1713.829 1732.966 1746.940 1779.800 1795.706 1795.030 1781.767 1769.061 1749.470 1732.159 1769.104 1775.734 1793.028 1817.649 1833.232 1844.837 1860.278 1873.783 1884.757 1901.081 1906.388 1910.198 1915.311 1922.851 1931.255 1937.605 1944.461 1948.042 1956.325 1964.004 1959.322 1945.145 1944.972 1956.219 1974.814 1972.300 1959.321 1939.820 1915.359 1884.399 1853.016 1818.596 1822.472 1819.445 -9999.000 -9999.000 -9999.000 -9999.000 -9999.000 -9999.000
-9999.000 -9999.000 -9999.000 -9999.000 -9999.000 -9999.000 -9999.000 -9999.000 -9999.000 -9999.000 -9999.000 -9999.000 1725.451 1742.601 1765.292 1786.383 1813.774 1821.302 1814.135 1786.999 1771.326 1750.818 1776.329 1789.463 1802.183 1833.732 1851.039 1857.149 1869.638 1882.596 1899.832 1911.470 1916.619 1921.324 1927.414 1935.087 1944.029 1951.721 1957.979 1964.681 1973.582 1983.704 1979.298 1964.253 1963.288 1980.022 1989.451 1987.965 1972.412 1953.067 1923.766 1891.108 1853.675 1841.123 1840.766 -9999.000 -9999.000 -9999.000 -9999.000 -9999.000 -9999.000 -9999.000
-9999.000 -9999.000 -9999.000 -9999.000 -9999.000 -9999.000 -9999.000 -9999.000 -9999.000 -9999.000 -9999.000 -9999.000 1715.252 1734.554 1753.403 1786.711 1814.368 1832.803 1831.105 1810.415 1798.568 1772.079 1773.882 1801.971 1823.561 1853.260 1867.291 1871.990 1881.637 1895.701 1910.023 1920.445 1927.855 1932.988 1939.915 1947.420 1957.587 1965.852 1972.765 1985.342 1995.891 1997.659 1997.658 1995.109 1983.902 1990.717 1999.672 1998.406 1978.422 1953.281 1925.582 1893.953 1860.058 1863.048 -9999.000 -9999.000 -9999.000 -9999.000 -9999.000 -9999.000 -9999.000 -9999.000
-9999.000 -9999.000 -9999.000 -9999.000 -9999.000 -9999.000 -9999.000 -9999.000 -9999.000 -9999.000 -9999.000 -9999.000 -9999.000 1748.810 1755.254 1794.924 1827.244 1845.331 1844.406 1829.692 1819.059 1801.068 1796.006 1813.663 1833.183 1856.988 1874.254 1884.950 1895.112 1905.730 1920.115 1932.117 1940.302 1946.460 1953.040 1960.407 1969.568 1978.504 1987.212 1999.361 2008.492 2011.967 2015.419 2015.884 2004.867 2002.389 2007.506 2004.548 1981.434 1954.926 1920.471 1888.894 1888.272 -9999.000 -9999.000 -9999.000 -9999.000 -9999.000 -9999.000 -9999.000 -9999.000 -9999.000
-9999.000 -9999.000 -9999.000 -9999.000 -9999.000 -9999.000 -9999.000 -9999.000 -9999.000 -9999.000 -9999.000 -9999.000 -9999.000 1762.656 1784.824 1802.154 1835.181 1858.303 1863.272 1853.592 1840.928 1822.992 1816.516 1812.900 1833.257 1859.777 1872.706 1883.906 1905.750 1918.985 1930.760 1942.243 1951.329 1959.440 1966.244 1973.491 1981.894 1991.015 2000.432 2010.616 2020.145 2025.215 2030.302 2033.880 2017.979 2015.501 2016.333 2004.027 1976.300 1948.528 1923.809 -9999.000 -9999.000 -9999.000 -9999.000 -9999.000 -9999.000 -9999.000 -9999.000 -9999.000 -9999.000 -9999.000
-9999.000 -9999.000 -9999.000 -9999.000 -9999.000 -9999.000 -9999.000 -9999.000 -9999.000 -9999.000 -9999.000 -9999.000 -9999.000 1779.819 1803.273 1824.161 1852.919 1870.681 1886.621 1871.564 1862.093 1844.720 1831.213 1826.814 1839.845 1847.417 1863.816 1882.901 1910.166 1929.047 1942.020 1953.323 1962.304 1969.851 1977.986 1985.755 1994.985 2005.941 2016.195 2028.092 2033.996 2040.544 2046.390 2048.124 2033.262 2030.347 2024.261 2001.628 1975.537 1959.374 -9999.000 -9999.000 -9999.000 -9999.000 -9999.000 -9999.000 -9999.000 -9999.000 -9999.000 -9999.000 -9999.000 -9999.000
-9999.000 -9999.000 -9999.000 -9999.000 -9999.000 -9999.000 -9999.000 -9999.000 -9999.000 -9999.000 -9999.000 -9999.000 -9999.000 -9999.000 1821.474 1846.566 1878.648 1914.146 1922.782 1910.807 1891.150 1870.980 1851.774 1846.330 1852.964 1870.519 1873.620 1888.827 1915.626 1935.443 1950.589 1963.103 1973.201 1981.396 1989.434 1998.079 2010.044 2022.285 2033.721 2043.490 2049.436 2055.645 2063.463 2060.266 2048.619 2041.402 2027.032 2008.770 1992.378 -9999.000 -9999.000 -9999.000 -9999.000 -9999.000 -9999.000 -9999.000 -9999.000 -9999.000 -9999.000 -9999.000 -9999.000 -9999.000
-9999.000 -9999.000 -9999.000 -9999.000 -9999.000 -9999.000 -9999.000 -9999.000 -9999.000 -9999.000 -9999.000 -9999.000 -9999.000 -9999.000 1835.007 1889.421 1911.326 1925.214 1932.361 1924.116 1910.590 1895.840 1883.958 1862.857 1866.448 1875.183 1889.931 1899.076 1920.470 1940.214 1959.007 1972.679 1986.394 1996.021 2003.047 2012.142 2025.387 2037.488 2047.240 2056.441 2064.014 2072.799 2079.452 2071.303 2060.146 2052.174 2042.726 2023.207 -9999.000 -9999.000 -9999.000 -9999.000 -9999.000 -9999.000 -9999.000 -9999.000 -9999.000 -9999.000 -9999.000 -9999.000 -9999.000 -9999.000
-9999.000 -9999.000 -9999.000 -9999.000 -9999.000 -9999.000 -9999.000 -9999.000 -9999.000 -9999.000 -9999.000 -9999.000 -9999.000 -9999.000 -9999.000 1908.276 1922.360 1943.450 1942.834 1934.928 1925.274 1904.338 1890.008 1880.226 1875.050 1887.024 1898.168 1910.656 1926.032 1945.667 1964.272 1982.435 1997.532 2010.251 2018.279 2030.286 2041.204 2051.157 2060.859 2068.841 2077.033 2087.082 2091.659 2082.273 2071.114 2062.796 2047.538 -9999.000 -9999.000 -9999.000 -9999.000 -9999.000 -9999.000 -9999.000 -9999.000 -9999.000 -9999.000 -9999.000 -9999.000 -9999.000 -9999.000 -9999.000
