AvaFrame/avaframe/data/avaKot/Avaflow_Input_Output_old/gar_results/gar_ascii/gar_hflow0017.asc
ncols 88
nrows 125
xllcenter 176963.44
yllcenter 376270.31
cellsize 20.00
NODATA_value -9999.000
[rows 34 to 67 of 125, columns 0 to 76 of 88]
0.000 0.000 0.000 0.000 0.000 0.000 0.000 0.000 0.000 0.000 0.000 0.000 0.000 0.000 0.000 0.000 0.000 0.000 0.000 0.000 0.000 0.000 0.000 0.000 0.000 0.000 0.000 0.000 0.000 0.000 0.000 0.000 0.000 0.000 0.000 0.000 0.000 0.000 0.000 0.000 0.000 0.000 0.000 0.000 0.000 0.000 0.000 0.000 0.000 0.000 0.000 0.000 0.000 0.000 0.000 0.000 0.000 0.000 0.000 0.000 0.000 0.000 0.001 0.001 0.001 0.001 0.001 0.002 0.002 0.003 0.004 0.004 0.004 0.003 0.002 0.001 0.000
0.000 0.000 0.000 0.000 0.000 0.000 0.000 0.000 0.000 0.000 0.000 0.000 0.000 0.000 0.000 0.000 0.000 0.000 0.000 0.000 0.000 0.000 0.000 0.000 0.000 0.000 0.000 0.000 0.000 0.000 0.000 0.000 0.000 0.000 0.000 0.000 0.000 0.000 0.000 0.000 0.000 0.000 0.000 0.000 0.000 0.000 0.000 0.000 0.000 0.000 0.000 0.000 0.000 0.000 0.000 0.000 0.000 0.000 0.000 0.000 0.000 0.001 0.001 0.001 0.001 0.001 0.002 0.003 0.006 0.010 0.011 0.012 0.011 0.010 0.007 0.003 0.001
0.000 0.000 0.000 0.000 0.000 0.000 0.000 0.000 0.000 0.000 0.000 0.000 0.000 0.000 0.000 0.000 0.000 0.000 0.000 0.000 0.000 0.000 0.000 0.000 0.000 0.000 0.000 0.000 0.000 0.000 0.000 0.000 0.000 0.001 0.001 0.001 0.000 0.000 0.000 0.000 0.000 0.000 0.000 0.000 0.000 0.000 0.000 0.000 0.000 0.000 0.000 0.000 0.000 0.000 0.000 0.000 0.000 0.000 0.000 0.000 0.001 0.001 0.001 0.001 0.001 0.002 0.004 0.009 0.016 0.026 0.031 0.033 0.032 0.028 0.019 0.010 0.004
0.000 0.000 0.000 0.000 0.000 0.000 0.000 0.000 0.000 0.000 0.000 0.000 0.000 0.000 0.000 0.000 0.000 0.000 0.000 0.000 0.000 0.000 0.000 0.000 0.000 0.000 0.000 0.000 0.000 0.000 0.001 0.001 0.001 0.001 0.001 0.001 0.001 0.001 0.000 0.000 0.000 0.000 0.000 0.000 0.000 0.000 0.000 0.000 0.000 0.000 0.000 0.000 0.000 0.000 0.000 0.000 0.000 0.000 0.000 0.000 0.001 0.001 0.001 0.001 0.003 0.005 0.010 0.021 0.040 0.066 0.080 0.084 0.083 0.074 0.052 0.027 0.013
0.000 0.000 0.000 0.000 0.000 0.000 0.000 0.000 0.000 0.000 0.000 0.000 0.000 0.000 0.000 0.000 0.000 0.000 0.000 0.000 0.000 0.000 0.000 0.000 0.000 0.000 0.000 0.000 0.000 0.001 0.001 0.001 0.001 0.001 0.002 0.002 0.002 0.002 0.002 0.002 0.001 0.000 0.000 0.000 0.000 0.000 0.000 0.000 0.000 0.000 0.000 0.000 0.000 0.000 0.000 0.000 0.000 0.000 0.000 0.001 0.001 0.001 0.001 0.002 0.005 0.011 0.023 0.047 0.091 0.151 0.186 0.196 0.194 0.175 0.128 0.068 0.032
0.000 0.000 0.000 0.000 0.000 0.000 0.000 0.000 0.000 0.000 0.000 0.000 0.000 0.000 0.000 0.000 0.000 0.000 0.000 0.000 0.000 0.000 0.000 0.000 0.000 0.000 0.000 0.000 0.001 0.001 0.001 0.001 0.002 0.003 0.004 0.006 0.006 0.006 0.006 0.005 0.003 0.001 0.001 0.000 0.000 0.000 0.000 0.000 0.000 0.000 0.000 0.000 0.000 0.000 0.000 0.000 0.000 0.000 0.001 0.001 0.001 0.001 0.002 0.004 0.010 0.022 0.047 0.097 0.185 0.310 0.388 0.413 0.410 0.375 0.283 0.156 0.075
0.000 0.000 0.000 0.000 0.000 0.000 0.000 0.000 0.000 0.000 0.000 0.000 0.000 0.000 0.000 0.000 0.000 0.000 0.000 0.000 0.000 0.000 0.000 0.000 0.000 0.000 0.000 0.001 0.001 0.001 0.001 0.002 0.003 0.006 0.010 0.015 0.017 0.017 0.017 0.014 0.009 0.004 0.002 0.001 0.000 0.000 0.000 0.000 0.000 0.000 0.000 0.000 0.000 0.000 0.000 0.000 0.000 0.001 0.001 0.001 0.001 0.002 0.004 0.008 0.019 0.041 0.088 0.178 0.337 0.566 0.728 0.782 0.782 0.724 0.566 0.325 0.160
0.000 0.000 0.000 0.000 0.000 0.000 0.000 0.000 0.000 0.000 0.000 0.000 0.000 0.000 0.000 0.000 0.000 0.000 0.000 0.000 0.000 0.000 0.000 0.000 0.000 0.000 0.001 0.001 0.001 0.001 0.002 0.003 0.007 0.014 0.026 0.038 0.043 0.044 0.043 0.036 0.024 0.012 0.006 0.002 0.001 0.000 0.000 0.000 0.000 0.000 0.000 0.000 0.000 0.000 0.000 0.001 0.001 0.001 0.001 0.001 0.002 0.003 0.007 0.015 0.033 0.070 0.145 0.280 0.497 0.832 1.164 1.313 1.332 1.262 1.024 0.618 0.308
0.000 0.000 0.000 0.000 0.000 0.000 0.000 0.000 0.000 0.000 0.000 0.000 0.000 0.000 0.000 0.000 0.000 0.000 0.000 0.000 0.000 0.000 0.000 0.000 0.000 0.000 0.001 0.001 0.001 0.002 0.003 0.007 0.015 0.031 0.058 0.086 0.100 0.103 0.100 0.086 0.057 0.030 0.015 0.007 0.003 0.001 0.000 0.000 0.000 0.000 0.000 0.000 0.000 0.000 0.000 0.001 0.001 0.001 0.001 0.002 0.004 0.007 0.014 0.028 0.056 0.110 0.207 0.364 0.604 0.992 1.510 1.794 1.851 1.785 1.484 0.926 0.473
0.000 0.000 0.000 0.000 0.000 0.000 0.000 0.000 0.000 0.000 0.000 0.000 0.000 0.000 0.000 0.000 0.000 0.000 0.000 0.000 0.000 0.000 0.000 0.000 0.000 0.000 0.000 0.001 0.001 0.003 0.007 0.015 0.032 0.065 0.121 0.179 0.211 0.220 0.217 0.188 0.126 0.070 0.037 0.018 0.008 0.003 0.001 0.000 0.000 0.000 0.000 0.000 0.000 0.000 0.001 0.001 0.001 0.001 0.002 0.004 0.009 0.018 0.033 0.057 0.096 0.158 0.249 0.391 0.637 1.053 1.694 2.117 2.209 2.118 1.743 1.087 0.563
0.000 0.000 0.000 0.000 0.000 0.000 0.000 0.000 0.000 0.000 0.000 0.000 0.000 0.000 0.000 0.000 0.000 0.000 0.000 0.000 0.000 0.000 0.000 0.000 0.000 0.000 0.001 0.001 0.002 0.005 0.013 0.029 0.063 0.126 0.232 0.334 0.394 0.417 0.402 0.336 0.238 0.148 0.085 0.044 0.020 0.008 0.002 0.001 0.000 0.000 0.000 0.000 0.000 0.001 0.001 0.001 0.001 0.002 0.003 0.005 0.011 0.032 0.075 0.117 0.152 0.192 0.245 0.337 0.526 0.961 1.719 2.271 2.383 2.263 1.828 1.135 0.596
0.000 0.000 0.000 0.000 0.000 0.000 0.000 0.000 0.000 0.000 0.000 0.000 0.000 0.000 0.000 0.000 0.000 0.000 0.000 0.000 0.000 0.000 0.000 0.000 0.000 0.000 0.001 0.001 0.003 0.008 0.021 0.049 0.106 0.211 0.368 0.488 0.548 0.549 0.483 0.392 0.304 0.222 0.136 0.070 0.030 0.011 0.004 0.001 0.000 0.000 0.000 0.000 0.001 0.001 0.001 0.001 0.002 0.003 0.004 0.006 0.012 0.032 0.101 0.169 0.186 0.188 0.180 0.185 0.234 0.453 1.182 2.123 2.366 2.222 1.809 1.134 0.603
0.000 0.000 0.000 0.000 0.000 0.000 0.000 0.000 0.000 0.000 0.000 0.000 0.000 0.000 0.000 0.000 0.000 0.000 0.000 0.000 0.000 0.000 0.000 0.000 0.000 0.000 0.000 0.001 0.004 0.010 0.025 0.061 0.135 0.271 0.450 0.556 0.564 0.476 0.367 0.303 0.271 0.223 0.139 0.067 0.028 0.011 0.004 0.001 0.000 0.000 0.000 0.001 0.001 0.001 0.001 0.001 0.002 0.003 0.006 0.010 0.017 0.035 0.100 0.163 0.166 0.139 0.120 0.134 0.188 0.280 0.511 1.241 1.864 1.903 1.548 0.960 0.493
0.000 0.000 0.000 0.000 0.000 0.000 0.000 0.000 0.000 0.000 0.000 0.000 0.000 0.000 0.000 0.000 0.000 0.000 0.000 0.000 0.000 0.000 0.000 0.000 0.000 0.000 0.000 0.001 0.004 0.010 0.027 0.065 0.147 0.300 0.458 0.484 0.339 0.208 0.172 0.162 0.153 0.136 0.087 0.042 0.021 0.011 0.005 0.002 0.001 0.000 0.001 0.001 0.001 0.001 0.001 0.002 0.003 0.005 0.010 0.018 0.033 0.055 0.086 0.107 0.104 0.091 0.094 0.131 0.217 0.349 0.478 0.647 0.869 0.906 0.712 0.364 0.146
0.000 0.000 0.000 0.000 0.000 0.000 0.000 0.000 0.000 0.000 0.000 0.000 0.000 0.000 0.000 0.000 0.000 0.000 0.000 0.000 0.000 0.000 0.000 0.000 0.000 0.000 0.001 0.001 0.003 0.010 0.026 0.064 0.139 0.259 0.306 0.223 0.131 0.143 0.153 0.141 0.116 0.083 0.051 0.032 0.021 0.013 0.006 0.003 0.001 0.001 0.001 0.001 0.001 0.001 0.001 0.002 0.003 0.007 0.015 0.030 0.051 0.069 0.074 0.071 0.068 0.068 0.084 0.146 0.263 0.415 0.549 0.589 0.504 0.322 0.166 0.066 0.027
0.000 0.000 0.000 0.000 0.000 0.000 0.000 0.000 0.000 0.000 0.000 0.000 0.000 0.000 0.000 0.000 0.000 0.000 0.000 0.000 0.000 0.000 0.000 0.000 0.000 0.000 0.000 0.001 0.003 0.008 0.019 0.035 0.060 0.092 0.096 0.074 0.093 0.150 0.170 0.155 0.112 0.066 0.042 0.031 0.023 0.016 0.009 0.005 0.002 0.001 0.001 0.001 0.001 0.001 0.001 0.002 0.003 0.007 0.017 0.040 0.064 0.071 0.068 0.063 0.055 0.052 0.072 0.160 0.332 0.475 0.555 0.547 0.379 0.161 0.060 0.023 0.011
0.000 0.000 0.000 0.000 0.000 0.000 0.000 0.000 0.000 0.000 0.000 0.000 0.000 0.000 0.000 0.000 0.000 0.000 0.000 0.000 0.000 0.000 0.000 0.000 0.000 0.000 0.000 0.000 0.001 0.003 0.007 0.011 0.015 0.023 0.028 0.035 0.064 0.133 0.183 0.178 0.114 0.057 0.039 0.032 0.025 0.020 0.013 0.006 0.003 0.002 0.001 0.001 0.001 0.001 0.002 0.002 0.004 0.007 0.016 0.044 0.071 0.071 0.064 0.059 0.046 0.041 0.061 0.174 0.403 0.514 0.524 0.464 0.275 0.112 0.040 0.015 0.008
0.000 0.000 0.000 0.000 0.000 0.000 0.000 0.000 0.000 0.000 0.000 0.000 0.000 0.000 0.000 0.000 0.000 0.000 0.000 0.000 0.000 0.000 0.000 0.000 0.000 0.000 0.000 0.000 0.000 0.001 0.003 0.005 0.007 0.010 0.014 0.017 0.028 0.078 0.174 0.203 0.130 0.054 0.039 0.033 0.028 0.023 0.015 0.007 0.004 0.002 0.002 0.002 0.002 0.002 0.002 0.003 0.004 0.008 0.015 0.040 0.074 0.074 0.063 0.055 0.040 0.035 0.061 0.203 0.457 0.535 0.503 0.379 0.204 0.087 0.034 0.014 0.007
0.000 0.000 0.000 0.000 0.000 0.000 0.000 0.000 0.000 0.000 0.000 0.000 0.000 0.000 0.000 0.000 0.000 0.000 0.000 0.000 0.000 0.000 0.000 0.000 0.000 0.000 0.000 0.000 0.000 0.001 0.002 0.003 0.005 0.007 0.009 0.011 0.013 0.025 0.110 0.220 0.165 0.059 0.038 0.034 0.031 0.025 0.015 0.007 0.004 0.003 0.003 0.002 0.002 0.002 0.002 0.004 0.006 0.010 0.015 0.033 0.070 0.077 0.067 0.052 0.037 0.035 0.078 0.262 0.484 0.532 0.465 0.289 0.147 0.068 0.030 0.014 0.008
0.000 0.000 0.000 0.000 0.000 0.000 0.000 0.000 0.000 0.000 0.000 0.000 0.000 0.000 0.000 0.000 0.000 0.000 0.000 0.000 0.000 0.000 0.000 0.000 0.000 0.000 0.000 0.000 0.001 0.001 0.001 0.002 0.005 0.006 0.008 0.009 0.009 0.008 0.033 0.179 0.204 0.080 0.040 0.036 0.034 0.026 0.014 0.007 0.005 0.004 0.004 0.004 0.003 0.003 0.003 0.005 0.008 0.013 0.017 0.028 0.059 0.074 0.069 0.049 0.036 0.041 0.110 0.328 0.481 0.492 0.390 0.211 0.108 0.055 0.027 0.015 0.009
0.000 0.000 0.000 0.000 0.000 0.000 0.000 0.000 0.000 0.000 0.000 0.000 0.000 0.000 0.000 0.000 0.000 0.000 0.000 0.000 0.000 0.000 0.000 0.000 0.000 0.000 0.000 0.000 0.001 0.001 0.001 0.002 0.004 0.006 0.006 0.007 0.008 0.007 0.007 0.081 0.202 0.140 0.056 0.041 0.034 0.023 0.011 0.006 0.005 0.006 0.007 0.007 0.005 0.004 0.004 0.006 0.011 0.015 0.019 0.028 0.049 0.066 0.063 0.045 0.039 0.056 0.147 0.364 0.465 0.444 0.318 0.162 0.082 0.045 0.027 0.017 0.011
0.000 0.000 0.000 0.000 0.000 0.000 0.000 0.000 0.000 0.000 0.000 0.000 0.000 0.000 0.000 0.000 0.000 0.000 0.000 0.000 0.000 0.000 0.000 0.000 0.000 0.000 0.000 0.000 0.001 0.001 0.001 0.002 0.003 0.006 0.006 0.006 0.007 0.009 0.011 0.022 0.135 0.206 0.133 0.054 0.033 0.020 0.011 0.007 0.007 0.008 0.010 0.010 0.007 0.006 0.006 0.008 0.012 0.016 0.020 0.027 0.045 0.059 0.055 0.044 0.046 0.085 0.189 0.376 0.451 0.424 0.302 0.162 0.085 0.051 0.033 0.022 0.013
0.000 0.000 0.000 0.000 0.000 0.000 0.000 0.000 0.000 0.000 0.000 0.000 0.000 0.000 0.000 0.000 0.000 0.000 0.000 0.000 0.000 0.000 0.000 0.000 0.000 0.000 0.000 0.000 0.001 0.001 0.001 0.002 0.003 0.006 0.006 0.006 0.007 0.010 0.016 0.027 0.070 0.173 0.183 0.090 0.034 0.019 0.012 0.010 0.010 0.011 0.012 0.010 0.008 0.007 0.008 0.010 0.013 0.017 0.021 0.027 0.041 0.053 0.051 0.049 0.071 0.128 0.221 0.372 0.434 0.410 0.309 0.202 0.126 0.079 0.048 0.028 0.014
0.000 0.000 0.000 0.000 0.000 0.000 0.000 0.000 0.000 0.000 0.000 0.000 0.000 0.000 0.000 0.000 0.000 0.000 0.000 0.000 0.000 0.000 0.000 0.000 0.000 0.000 0.000 0.001 0.001 0.001 0.001 0.002 0.003 0.005 0.006 0.006 0.007 0.010 0.017 0.033 0.065 0.113 0.143 0.114 0.043 0.020 0.015 0.013 0.012 0.012 0.012 0.010 0.008 0.008 0.008 0.010 0.013 0.017 0.022 0.027 0.038 0.049 0.053 0.065 0.105 0.165 0.248 0.364 0.413 0.391 0.309 0.227 0.152 0.094 0.055 0.030 0.015
0.000 0.000 0.000 0.000 0.000 0.000 0.000 0.000 0.000 0.000 0.000 0.000 0.000 0.000 0.000 0.000 0.000 0.000 0.000 0.000 0.000 0.000 0.000 0.000 0.000 0.000 0.001 0.001 0.001 0.001 0.001 0.002 0.002 0.004 0.005 0.006 0.007 0.010 0.016 0.032 0.070 0.102 0.109 0.098 0.048 0.022 0.017 0.014 0.013 0.013 0.011 0.009 0.008 0.008 0.008 0.010 0.013 0.018 0.023 0.029 0.038 0.048 0.059 0.086 0.131 0.200 0.279 0.341 0.380 0.370 0.308 0.228 0.155 0.097 0.056 0.030 0.015
0.000 0.000 0.000 0.000 0.000 0.000 0.000 0.000 0.000 0.000 0.000 0.000 0.000 0.000 0.000 0.000 0.000 0.000 0.000 0.000 0.000 0.000 0.000 0.000 0.000 0.000 0.001 0.001 0.001 0.001 0.001 0.002 0.002 0.003 0.004 0.005 0.007 0.009 0.013 0.025 0.063 0.096 0.099 0.090 0.054 0.026 0.017 0.015 0.014 0.012 0.009 0.007 0.007 0.008 0.008 0.010 0.013 0.018 0.025 0.032 0.042 0.053 0.071 0.103 0.160 0.247 0.298 0.310 0.328 0.327 0.290 0.225 0.155 0.097 0.055 0.029 0.015
0.000 0.000 0.000 0.000 0.000 0.000 0.000 0.000 0.000 0.000 0.000 0.000 0.000 0.000 0.000 0.000 0.000 0.000 0.000 0.000 0.000 0.000 0.000 0.000 0.000 0.000 0.001 0.001 0.001 0.001 0.001 0.002 0.002 0.003 0.003 0.004 0.006 0.008 0.010 0.018 0.047 0.081 0.088 0.089 0.065 0.029 0.016 0.014 0.013 0.011 0.007 0.007 0.007 0.008 0.009 0.011 0.015 0.020 0.028 0.038 0.049 0.064 0.086 0.124 0.209 0.282 0.295 0.287 0.252 0.215 0.201 0.182 0.144 0.094 0.052 0.026 0.012
0.000 0.000 0.000 0.000 0.000 0.000 0.000 0.000 0.000 0.000 0.000 0.000 0.000 0.000 0.000 0.000 0.000 0.000 0.000 0.000 0.000 0.000 0.000 0.000 0.000 0.001 0.001 0.001 0.001 0.001 0.001 0.002 0.002 0.002 0.003 0.004 0.005 0.006 0.008 0.012 0.028 0.060 0.080 0.087 0.069 0.030 0.015 0.012 0.012 0.010 0.007 0.007 0.008 0.009 0.010 0.012 0.017 0.025 0.034 0.045 0.058 0.078 0.109 0.164 0.261 0.291 0.279 0.248 0.158 0.085 0.069 0.080 0.096 0.079 0.046 0.021 0.009
0.000 0.000 0.000 0.000 0.000 0.000 0.000 0.000 0.000 0.000 0.000 0.000 0.000 0.000 0.000 0.000 0.000 0.000 0.000 0.000 0.000 0.000 0.000 0.001 0.001 0.001 0.001 0.001 0.001 0.001 0.001 0.002 0.002 0.002 0.003 0.003 0.004 0.005 0.006 0.007 0.012 0.038 0.086 0.094 0.067 0.027 0.014 0.012 0.011 0.010 0.008 0.008 0.009 0.009 0.010 0.014 0.021 0.030 0.042 0.055 0.074 0.103 0.145 0.212 0.280 0.285 0.246 0.165 0.076 0.032 0.023 0.025 0.035 0.039 0.028 0.013 0.005
0.000 0.000 0.000 0.000 0.000 0.000 0.000 0.000 0.000 0.000 0.000 0.000 0.000 0.000 0.000 0.000 0.000 0.000 0.000 0.000 0.000 0.000 0.001 0.001 0.001 0.001 0.001 0.001 0.001 0.001 0.001 0.002 0.002 0.002 0.003 0.003 0.003 0.003 0.004 0.005 0.007 0.023 0.089 0.104 0.061 0.023 0.014 0.011 0.011 0.010 0.009 0.008 0.009 0.010 0.012 0.018 0.026 0.037 0.051 0.070 0.101 0.139 0.182 0.246 0.275 0.253 0.170 0.087 0.041 0.021 0.015 0.014 0.014 0.014 0.010 0.005 0.002
0.000 0.000 0.000 0.000 0.000 0.000 0.000 0.000 0.000 0.000 0.000 0.000 0.000 0.000 0.000 0.000 0.000 0.000 0.000 0.000 0.000 0.001 0.001 0.001 0.001 0.001 0.001 0.001 0.001 0.001 0.001 0.002 0.002 0.002 0.003 0.003 0.002 0.002 0.003 0.004 0.008 0.020 0.081 0.104 0.059 0.022 0.013 0.010 0.010 0.009 0.009 0.008 0.009 0.011 0.014 0.021 0.031 0.044 0.062 0.093 0.133 0.170 0.212 0.254 0.250 0.173 0.090 0.052 0.032 0.020 0.014 0.011 0.009 0.007 0.004 0.002 0.001
0.000 0.000 0.000 0.000 0.000 0.000 0.000 0.000 0.000 0.000 0.000 0.000 0.000 0.000 0.000 0.000 0.000 0.000 0.000 0.000 0.000 0.001 0.001 0.001 0.001 0.001 0.001 0.001 0.001 0.001 0.001 0.002 0.002 0.002 0.002 0.002 0.002 0.002 0.003 0.005 0.010 0.026 0.074 0.092 0.057 0.020 0.011 0.009 0.008 0.008 0.008 0.008 0.009 0.011 0.016 0.024 0.035 0.051 0.081 0.128 0.165 0.189 0.228 0.224 0.156 0.083 0.051 0.037 0.027 0.019 0.013 0.009 0.007 0.004 0.002 0.001 0.000
0.000 0.000 0.000 0.000 0.000 0.000 0.000 0.000 0.000 0.000 0.000 0.000 0.000 0.000 0.000 0.000 0.000 0.000 0.000 0.000 0.000 0.001 0.001 0.001 0.001 0.001 0.001 0.001 0.001 0.001 0.001 0.001 0.002 0.002 0.002 0.002 0.002 0.002 0.003 0.005 0.010 0.031 0.072 0.080 0.049 0.018 0.010 0.008 0.007 0.007 0.007 0.007 0.008 0.012 0.018 0.028 0.042 0.068 0.116 0.165 0.183 0.192 0.209 0.163 0.075 0.043 0.036 0.030 0.022 0.015 0.010 0.007 0.004 0.002 0.001 0.000 0.000
0.000 0.000 0.000 0.000 0.000 0.000 0.000 0.000 0.000 0.000 0.000 0.000 0.000 0.000 0.000 0.000 0.000 0.000 0.000 0.000 0.000 0.001 0.001 0.001 0.001 0.001 0.001 0.001 0.001 0.001 0.001 0.001 0.002 0.002 0.002 0.002 0.002 0.002 0.003 0.004 0.010 0.031 0.068 0.072 0.041 0.017 0.010 0.007 0.006 0.006 0.006 0.007 0.009 0.014 0.022 0.034 0.057 0.104 0.160 0.187 0.181 0.177 0.164 0.099 0.044 0.031 0.031 0.028 0.020 0.012 0.007 0.005 0.003 0.001 0.001 0.000 0.000
