AvaFrame/avaframe/data/avaKot/Avaflow_Input_Output_old/gar_results/gar_ascii/gar_hflow0018.asc
ncols 88
nrows 125
xllcenter 176963.44
yllcenter 376270.31
cellsize 20.00
NODATA_value -9999.000
[rows 68 to 101 of 125, columns 0 to 76 of 88]
0.000 0.000 0.000 0.000 0.000 0.000 0.000 0.000 0.000 0.000 0.000 0.000 0.000 0.000 0.000 0.000 0.000 0.000 0.000 0.000 0.001 0.001 0.001 0.001 0.001 0.001 0.001 0.001 0.001 0.001 0.001 0.001 0.002 0.002 0.002 0.002 0.002 0.002 0.002 0.004 0.007 0.023 0.054 0.057 0.031 0.013 0.008 0.006 0.005 0.005 0.005 0.006 0.009 0.014 0.021 0.037 0.075 0.140 0.172 0.162 0.136 0.110 0.085 0.049 0.028 0.024 0.027 0.026 0.018 0.010 0.006 0.004 0.002 0.001 0.000 0.000 0.000
0.000 0.000 0.000 0.000 0.000 0.000 0.000 0.000 0.000 0.000 0.000 0.000 0.000 0.000 0.000 0.000 0.000 0.000 0.000 0.000 0.001 0.001 0.001 0.001 0.001 0.001 0.001 0.001 0.002 0.002 0.002 0.001 0.001 0.001 0.002 0.002 0.002 0.002 0.003 0.004 0.007 0.017 0.045 0.051 0.028 0.012 0.008 0.005 0.005 0.005 0.006 0.008 0.011 0.016 0.024 0.051 0.130 0.190 0.178 0.130 0.086 0.056 0.044 0.033 0.026 0.027 0.031 0.029 0.019 0.009 0.005 0.003 0.001 0.000 0.000 0.000 0.000
0.000 0.000 0.000 0.000 0.000 0.000 0.000 0.000 0.000 0.000 0.000 0.000 0.000 0.000 0.000 0.000 0.000 0.000 0.000 0.000 0.000 0.001 0.001 0.001 0.001 0.002 0.002 0.002 0.002 0.002 0.002 0.001 0.001 0.001 0.001 0.001 0.001 0.002 0.003 0.004 0.007 0.015 0.037 0.045 0.026 0.011 0.007 0.005 0.004 0.005 0.006 0.009 0.012 0.017 0.031 0.115 0.219 0.211 0.131 0.074 0.046 0.034 0.029 0.025 0.025 0.030 0.035 0.031 0.018 0.009 0.004 0.002 0.001 0.000 0.000 0.000 0.000
0.000 0.000 0.000 0.000 0.000 0.000 0.000 0.000 0.000 0.000 0.000 0.000 0.000 0.000 0.000 0.000 0.000 0.000 0.000 0.000 0.000 0.000 0.001 0.002 0.002 0.002 0.002 0.002 0.003 0.003 0.002 0.002 0.001 0.001 0.001 0.001 0.001 0.002 0.003 0.005 0.007 0.013 0.033 0.041 0.025 0.010 0.006 0.005 0.004 0.005 0.007 0.009 0.013 0.025 0.107 0.249 0.278 0.159 0.065 0.040 0.030 0.026 0.023 0.021 0.020 0.027 0.033 0.028 0.015 0.006 0.003 0.001 0.000 0.000 0.000 0.000 0.000
0.000 0.000 0.000 0.000 0.000 0.000 0.000 0.000 0.000 0.000 0.000 0.000 0.000 0.000 0.000 0.000 0.000 0.000 0.000 0.000 0.000 0.001 0.001 0.002 0.003 0.003 0.003 0.003 0.003 0.003 0.003 0.003 0.002 0.001 0.001 0.001 0.001 0.002 0.003 0.005 0.008 0.012 0.029 0.039 0.022 0.009 0.006 0.004 0.004 0.005 0.007 0.011 0.032 0.109 0.228 0.296 0.222 0.082 0.035 0.025 0.022 0.022 0.020 0.017 0.016 0.017 0.019 0.017 0.009 0.004 0.002 0.001 0.000 0.000 0.000 0.000 0.000
0.000 0.000 0.000 0.000 0.000 0.000 0.000 0.000 0.000 0.000 0.000 0.000 0.000 0.000 0.000 0.000 0.000 0.000 0.000 0.001 0.001 0.001 0.001 0.002 0.003 0.004 0.004 0.003 0.003 0.003 0.004 0.003 0.002 0.001 0.001 0.001 0.002 0.002 0.004 0.006 0.008 0.011 0.025 0.035 0.018 0.008 0.005 0.004 0.005 0.006 0.010 0.048 0.141 0.208 0.228 0.206 0.114 0.043 0.022 0.017 0.017 0.017 0.017 0.016 0.013 0.011 0.009 0.007 0.004 0.002 0.001 0.000 0.000 0.000 0.000 0.000 0.000
0.000 0.000 0.000 0.000 0.000 0.000 0.000 0.000 0.000 0.000 0.000 0.000 0.000 0.000 0.000 0.000 0.000 0.000 0.000 0.001 0.001 0.001 0.001 0.001 0.003 0.004 0.005 0.004 0.003 0.003 0.003 0.004 0.003 0.002 0.001 0.001 0.002 0.002 0.003 0.006 0.008 0.010 0.023 0.028 0.014 0.007 0.006 0.006 0.007 0.011 0.071 0.160 0.209 0.174 0.122 0.096 0.068 0.041 0.021 0.013 0.013 0.015 0.016 0.015 0.011 0.007 0.004 0.003 0.002 0.001 0.000 0.000 0.000 0.000 0.000 0.000 0.000
0.000 0.000 0.000 0.000 0.000 0.000 0.000 0.000 0.000 0.000 0.000 0.000 0.000 0.000 0.000 0.000 0.000 0.000 0.001 0.001 0.001 0.001 0.001 0.001 0.003 0.004 0.005 0.004 0.003 0.003 0.003 0.003 0.004 0.003 0.002 0.001 0.001 0.002 0.003 0.005 0.007 0.010 0.020 0.022 0.013 0.007 0.007 0.009 0.018 0.098 0.196 0.198 0.138 0.074 0.048 0.048 0.052 0.042 0.026 0.014 0.012 0.015 0.016 0.013 0.008 0.004 0.002 0.001 0.001 0.000 0.000 0.000 0.000 0.000 0.000 0.000 0.000
0.000 0.000 0.000 0.000 0.000 0.000 0.000 0.000 0.000 0.000 0.000 0.000 0.000 0.000 0.000 0.000 0.000 0.000 0.001 0.001 0.001 0.001 0.001 0.001 0.002 0.004 0.005 0.005 0.005 0.003 0.003 0.003 0.004 0.003 0.002 0.002 0.001 0.002 0.002 0.004 0.006 0.010 0.018 0.020 0.013 0.008 0.009 0.021 0.101 0.234 0.217 0.092 0.039 0.027 0.021 0.024 0.033 0.035 0.028 0.019 0.016 0.016 0.013 0.008 0.004 0.002 0.001 0.000 0.000 0.000 0.000 0.000 0.000 0.000 0.000 0.000 0.000
0.000 0.000 0.000 0.000 0.000 0.000 0.000 0.000 0.000 0.000 0.000 0.000 0.000 0.000 0.000 0.000 0.000 0.000 0.001 0.001 0.001 0.001 0.001 0.001 0.002 0.003 0.004 0.006 0.006 0.005 0.003 0.003 0.004 0.004 0.002 0.002 0.001 0.002 0.002 0.003 0.005 0.009 0.017 0.020 0.013 0.008 0.009 0.028 0.155 0.234 0.106 0.016 0.013 0.010 0.009 0.011 0.016 0.018 0.018 0.017 0.015 0.012 0.007 0.004 0.002 0.001 0.000 0.000 0.000 0.000 0.000 0.000 0.000 0.000 0.000 0.000 0.000
0.000 0.000 0.000 0.000 0.000 0.000 0.000 0.000 0.000 0.000 0.000 0.000 0.000 0.000 0.000 0.000 0.000 0.000 0.001 0.001 0.001 0.001 0.001 0.001 0.002 0.002 0.003 0.006 0.007 0.006 0.005 0.004 0.003 0.003 0.002 0.002 0.002 0.002 0.002 0.003 0.004 0.007 0.014 0.018 0.013 0.009 0.010 0.032 0.169 0.160 0.031 0.010 0.007 0.005 0.004 0.005 0.008 0.007 0.005 0.005 0.006 0.005 0.003 0.002 0.001 0.000 0.000 0.000 0.000 0.000 0.000 0.000 0.000 0.000 0.000 0.000 0.000
0.000 0.000 0.000 0.000 0.000 0.000 0.000 0.000 0.000 0.000 0.000 0.000 0.000 0.000 0.000 0.000 0.000 0.000 0.001 0.001 0.001 0.001 0.001 0.001 0.002 0.002 0.003 0.005 0.006 0.005 0.005 0.004 0.003 0.003 0.002 0.002 0.002 0.002 0.002 0.003 0.004 0.008 0.013 0.015 0.012 0.010 0.013 0.047 0.166 0.116 0.020 0.008 0.005 0.004 0.003 0.003 0.003 0.003 0.002 0.001 0.002 0.001 0.001 0.001 0.000 0.000 0.000 0.000 0.000 0.000 0.000 0.000 0.000 0.000 0.000 0.000 0.000
0.000 0.000 0.000 0.000 0.000 0.000 0.000 0.000 0.000 0.000 0.000 0.000 0.000 0.000 0.000 0.000 0.000 0.000 0.001 0.001 0.001 0.001 0.001 0.001 0.002 0.002 0.003 0.004 0.004 0.004 0.004 0.004 0.003 0.003 0.002 0.002 0.002 0.002 0.002 0.003 0.004 0.008 0.012 0.013 0.011 0.011 0.018 0.066 0.148 0.087 0.015 0.006 0.004 0.003 0.002 0.002 0.002 0.002 0.001 0.001 0.001 0.000 0.000 0.000 0.000 0.000 0.000 0.000 0.000 0.000 0.000 0.000 0.000 0.000 0.000 0.000 0.000
0.000 0.000 0.000 0.000 0.000 0.000 0.000 0.000 0.000 0.000 0.000 0.000 0.000 0.000 0.000 0.000 0.000 0.000 0.001 0.001 0.001 0.001 0.001 0.001 0.002 0.002 0.003 0.004 0.004 0.004 0.004 0.004 0.003 0.003 0.002 0.002 0.002 0.002 0.002 0.003 0.004 0.007 0.012 0.013 0.011 0.012 0.020 0.077 0.123 0.058 0.011 0.005 0.003 0.002 0.002 0.002 0.002 0.002 0.001 0.000 0.000 0.000 0.000 0.000 0.000 0.000 0.000 0.000 0.000 0.000 0.000 0.000 0.000 0.000 0.000 0.000 0.000
0.000 0.000 0.000 0.000 0.000 0.000 0.000 0.000 0.000 0.000 0.000 0.000 0.000 0.000 0.000 0.000 0.000 0.000 0.001 0.001 0.001 0.001 0.001 0.001 0.002 0.002 0.003 0.003 0.003 0.004 0.004 0.004 0.004 0.003 0.002 0.002 0.001 0.001 0.002 0.003 0.004 0.007 0.010 0.012 0.012 0.013 0.020 0.079 0.114 0.040 0.009 0.004 0.002 0.002 0.002 0.002 0.002 0.002 0.001 0.000 0.000 0.000 0.000 0.000 0.000 0.000 0.000 0.000 0.000 0.000 0.000 0.000 0.000 0.000 0.000 0.000 0.000
0.000 0.000 0.000 0.000 0.000 0.000 0.000 0.000 0.000 0.000 0.000 0.000 0.000 0.000 0.000 0.000 0.000 0.000 0.001 0.001 0.001 0.001 0.001 0.002 0.002 0.002 0.003 0.003 0.004 0.004 0.004 0.004 0.004 0.003 0.002 0.002 0.001 0.002 0.002 0.003 0.006 0.008 0.009 0.011 0.013 0.014 0.019 0.073 0.111 0.033 0.007 0.003 0.002 0.002 0.002 0.002 0.002 0.002 0.001 0.000 0.000 0.000 0.000 0.000 0.000 0.000 0.000 0.000 0.000 0.000 0.000 0.000 0.000 0.000 0.000 0.000 0.000
0.000 0.000 0.000 0.000 0.000 0.000 0.000 0.000 0.000 0.000 0.000 0.000 0.000 0.000 0.000 0.000 0.000 0.000 0.001 0.001 0.001 0.001 0.002 0.002 0.002 0.002 0.002 0.003 0.004 0.004 0.004 0.004 0.003 0.003 0.002 0.002 0.002 0.002 0.003 0.005 0.007 0.008 0.009 0.010 0.013 0.015 0.024 0.073 0.095 0.027 0.006 0.002 0.002 0.002 0.002 0.003 0.003 0.002 0.001 0.001 0.000 0.000 0.000 0.000 0.000 0.000 0.000 0.000 0.000 0.000 0.000 0.000 0.000 0.000 0.000 0.000 0.000
0.000 0.000 0.000 0.000 0.000 0.000 0.000 0.000 0.000 0.000 0.000 0.000 0.000 0.000 0.000 0.000 0.000 0.000 0.000 0.001 0.001 0.002 0.002 0.003 0.003 0.002 0.002 0.003 0.004 0.004 0.004 0.003 0.003 0.003 0.002 0.002 0.002 0.002 0.004 0.006 0.007 0.008 0.009 0.010 0.012 0.018 0.040 0.079 0.061 0.012 0.004 0.002 0.001 0.001 0.002 0.003 0.003 0.002 0.002 0.001 0.000 0.000 0.000 0.000 0.000 0.000 0.000 0.000 0.000 0.000 0.000 0.000 0.000 0.000 0.000 0.000 0.000
0.000 0.000 0.000 0.000 0.000 0.000 0.000 0.000 0.000 0.000 0.000 0.000 0.000 0.000 0.000 0.000 0.000 0.000 0.000 0.001 0.001 0.002 0.003 0.003 0.003 0.003 0.003 0.003 0.004 0.004 0.004 0.004 0.003 0.002 0.002 0.001 0.002 0.002 0.004 0.006 0.007 0.008 0.009 0.010 0.013 0.026 0.062 0.069 0.028 0.006 0.003 0.002 0.001 0.002 0.002 0.003 0.003 0.003 0.002 0.002 0.001 0.001 0.000 0.000 0.000 0.000 0.000 0.000 0.000 0.000 0.000 0.000 0.000 0.000 0.000 0.000 0.000
0.000 0.000 0.000 0.000 0.000 0.000 0.000 0.000 0.000 0.000 0.000 0.000 0.000 0.000 0.000 0.000 0.000 0.000 0.001 0.001 0.001 0.002 0.002 0.003 0.004 0.004 0.004 0.004 0.004 0.004 0.004 0.004 0.003 0.002 0.001 0.001 0.002 0.003 0.005 0.007 0.007 0.008 0.009 0.010 0.017 0.043 0.071 0.045 0.010 0.004 0.002 0.001 0.001 0.002 0.003 0.003 0.003 0.003 0.003 0.003 0.003 0.002 0.001 0.000 0.000 0.000 0.000 0.000 0.000 0.000 0.000 0.000 0.000 0.000 0.000 0.000 0.000
0.000 0.000 0.000 0.000 0.000 0.000 0.000 0.000 0.000 0.000 0.000 0.000 0.000 0.000 0.000 0.000 0.000 0.000 0.000 0.001 0.002 0.002 0.002 0.003 0.004 0.004 0.004 0.004 0.004 0.004 0.004 0.004 0.003 0.002 0.001 0.001 0.002 0.003 0.006 0.007 0.007 0.008 0.009 0.012 0.027 0.054 0.051 0.018 0.005 0.002 0.001 0.001 0.001 0.002 0.003 0.003 0.004 0.004 0.005 0.005 0.004 0.003 0.002 0.000 0.000 0.000 0.000 0.000 0.000 0.000 0.000 0.000 0.000 0.000 0.000 0.000 0.000
0.000 0.000 0.000 0.000 0.000 0.000 0.000 0.000 0.000 0.000 0.000 0.000 0.000 0.000 0.000 0.000 0.000 0.000 0.000 0.001 0.002 0.002 0.002 0.002 0.003 0.004 0.004 0.004 0.003 0.003 0.003 0.004 0.003 0.002 0.002 0.002 0.002 0.003 0.006 0.007 0.008 0.009 0.010 0.017 0.039 0.046 0.024 0.008 0.003 0.002 0.001 0.001 0.001 0.002 0.003 0.004 0.004 0.005 0.006 0.006 0.005 0.004 0.002 0.000 0.000 0.000 0.000 0.000 0.000 0.000 0.000 0.000 0.000 0.000 0.000 0.000 0.000
0.000 0.000 0.000 0.000 0.000 0.000 0.000 0.000 0.000 0.000 0.000 0.000 0.000 0.000 0.000 0.000 0.000 0.000 0.001 0.001 0.002 0.003 0.003 0.003 0.003 0.003 0.003 0.003 0.003 0.003 0.003 0.003 0.003 0.003 0.002 0.002 0.002 0.003 0.006 0.007 0.008 0.009 0.012 0.026 0.043 0.031 0.011 0.004 0.002 0.001 0.001 0.001 0.002 0.002 0.003 0.004 0.004 0.005 0.006 0.005 0.005 0.004 0.002 0.000 0.000 0.000 0.000 0.000 0.000 0.000 0.000 0.000 0.000 0.000 0.000 0.000 0.000
0.000 0.000 0.000 0.000 0.000 0.000 0.000 0.000 0.000 0.000 0.000 0.000 0.000 0.000 0.000 0.000 0.000 0.000 0.000 0.001 0.002 0.003 0.004 0.004 0.004 0.003 0.003 0.003 0.003 0.003 0.003 0.003 0.003 0.003 0.002 0.002 0.002 0.004 0.006 0.008 0.008 0.009 0.014 0.032 0.035 0.017 0.006 0.003 0.001 0.001 0.001 0.001 0.002 0.003 0.003 0.003 0.004 0.005 0.005 0.005 0.004 0.003 0.001 0.000 0.000 0.000 0.000 0.000 0.000 0.000 0.000 0.000 0.000 0.000 0.000 0.000 0.000
0.000 0.000 0.000 0.000 0.000 0.000 0.000 0.000 0.000 0.000 0.000 0.000 0.000 0.000 0.000 0.000 0.000 0.000 0.000 0.000 0.001 0.003 0.004 0.005 0.005 0.005 0.005 0.004 0.004 0.004 0.003 0.003 0.003 0.002 0.002 0.002 0.003 0.005 0.006 0.007 0.008 0.010 0.017 0.029 0.024 0.009 0.004 0.002 0.001 0.001 0.001 0.002 0.002 0.002 0.003 0.003 0.003 0.003 0.003 0.003 0.003 0.002 0.000 0.000 0.000 0.000 0.000 0.000 0.000 0.000 0.000 0.000 0.000 0.000 0.000 0.000 0.000
0.000 0.000 0.000 0.000 0.000 0.000 0.000 0.000 0.000 0.000 0.000 0.000 0.000 0.000 0.000 0.000 0.000 0.000 0.000 0.000 0.001 0.002 0.003 0.005 0.006 0.007 0.007 0.006 0.004 0.004 0.003 0.003 0.003 0.002 0.002 0.003 0.004 0.006 0.006 0.007 0.008 0.010 0.018 0.023 0.015 0.005 0.002 0.001 0.001 0.001 0.001 0.002 0.002 0.002 0.002 0.002 0.002 0.002 0.002 0.002 0.002 0.001 0.000 0.000 0.000 0.000 0.000 0.000 0.000 0.000 0.000 0.000 0.000 0.000 0.000 0.000 0.000
0.000 0.000 0.000 0.000 0.000 0.000 0.000 0.000 0.000 0.000 0.000 0.000 0.000 0.000 0.000 0.000 0.000 0.000 0.000 0.000 0.000 0.001 0.002 0.004 0.006 0.007 0.007 0.006 0.004 0.003 0.003 0.003 0.002 0.002 0.002 0.003 0.005 0.006 0.006 0.006 0.007 0.011 0.016 0.016 0.009 0.004 0.002 0.001 0.001 0.001 0.001 0.001 0.001 0.002 0.002 0.002 0.002 0.002 0.002 0.002 0.001 0.000 0.000 0.000 0.000 0.000 0.000 0.000 0.000 0.000 0.000 0.000 0.000 0.000 0.000 0.000 0.000
0.000 0.000 0.000 0.000 0.000 0.000 0.000 0.000 0.000 0.000 0.000 0.000 0.000 0.000 0.000 0.000 0.000 0.000 0.000 0.000 0.000 0.000 0.001 0.002 0.003 0.004 0.004 0.004 0.004 0.003 0.003 0.003 0.002 0.002 0.002 0.003 0.005 0.006 0.006 0.006 0.007 0.011 0.014 0.012 0.005 0.003 0.002 0.001 0.001 0.001 0.001 0.001 0.001 0.002 0.002 0.002 0.002 0.002 0.002 0.001 0.000 0.000 0.000 0.000 0.000 0.000 0.000 0.000 0.000 0.000 0.000 0.000 0.000 0.000 0.000 0.000 0.000
0.000 0.000 0.000 0.000 0.000 0.000 0.000 0.000 0.000 0.000 0.000 0.000 0.000 0.000 0.000 0.000 0.000 0.000 0.000 0.000 0.000 0.000 0.000 0.001 0.001 0.002 0.002 0.003 0.004 0.004 0.003 0.003 0.002 0.002 0.002 0.003 0.005 0.006 0.006 0.005 0.006 0.008 0.010 0.009 0.005 0.003 0.002 0.001 0.001 0.001 0.001 0.001 0.002 0.002 0.002 0.002 0.003 0.003 0.002 0.001 0.000 0.000 0.000 0.000 0.000 0.000 0.000 0.000 0.000 0.000 0.000 0.000 0.000 0.000 0.000 0.000 0.000
0.000 0.000 0.000 0.000 0.000 0.000 0.000 0.000 0.000 0.000 0.000 0.000 0.000 0.000 0.000 0.000 0.000 0.000 0.000 0.000 0.000 0.000 0.000 0.000 0.000 0.001 0.001 0.003 0.004 0.004 0.003 0.003 0.002 0.002 0.003 0.003 0.004 0.005 0.005 0.004 0.004 0.005 0.007 0.007 0.005 0.002 0.001 0.001 0.001 0.001 0.001 0.001 0.002 0.003 0.003 0.003 0.003 0.003 0.002 0.000 0.000 0.000 0.000 0.000 0.000 0.000 0.000 0.000 0.000 0.000 0.000 0.000 0.000 0.000 0.000 0.000 0.000
0.000 0.000 0.000 0.000 0.000 0.000 0.000 0.000 0.000 0.000 0.000 0.000 0.000 0.000 0.000 0.000 0.000 0.000 0.000 0.000 0.000 0.000 0.000 0.000 0.000 0.000 0.001 0.002 0.003 0.003 0.003 0.003 0.002 0.003 0.003 0.003 0.004 0.004 0.003 0.003 0.003 0.004 0.005 0.006 0.005 0.003 0.001 0.001 0.001 0.001 0.001 0.001 0.002 0.003 0.004 0.004 0.003 0.002 0.000 0.000 0.000 0.000 0.000 0.000 0.000 0.000 0.000 0.000 0.000 0.000 0.000 0.000 0.000 0.000 0.000 0.000 0.000
0.000 0.000 0.000 0.000 0.000 0.000 0.000 0.000 0.000 0.000 0.000 0.000 0.000 0.000 0.000 0.000 0.000 0.000 0.000 0.000 0.000 0.000 0.000 0.000 0.000 0.000 0.000 0.001 0.001 0.002 0.002 0.002 0.002 0.002 0.002 0.003 0.003 0.003 0.002 0.002 0.002 0.002 0.003 0.004 0.004 0.002 0.001 0.001 0.001 0.001 0.001 0.001 0.002 0.003 0.003 0.002 0.000 0.000 0.000 0.000 0.000 0.000 0.000 0.000 0.000 0.000 0.000 0.000 0.000 0.000 0.000 0.000 0.000 0.000 0.000 0.000 0.000
0.000 0.000 0.000 0.000 0.000 0.000 0.000 0.000 0.000 0.000 0.000 0.000 0.000 0.000 0.000 0.000 0.000 0.000 0.000 0.000 0.000 0.000 0.000 0.000 0.000 0.000 0.000 0.000 0.001 0.001 0.002 0.002 0.002 0.002 0.002 0.002 0.002 0.002 0.001 0.001 0.001 0.001 0.002 0.003 0.003 0.002 0.001 0.001 0.001 0.001 0.001 0.001 0.001 0.001 0.001 0.000 0.000 0.000 0.000 0.000 0.000 0.000 0.000 0.000 0.000 0.000 0.000 0.000 0.000 0.000 0.000 0.000 0.000 0.000 0.000 0.000 0.000
0.000 0.000 0.000 0.000 0.000 0.000 0.000 0.000 0.000 0.000 0.000 0.000 0.000 0.000 0.000 0.000 0.000 0.000 0.000 0.000 0.000 0.000 0.000 0.000 0.000 0.000 0.000 0.000 0.000 0.001 0.001 0.001 0.001 0.001 0.001 0.001 0.001 0.001 0.001 0.001 0.001 0.001 0.001 0.002 0.002 0.002 0.001 0.001 0.000 0.000 0.000 0.000 0.000 0.000 0.000 0.000 0.000 0.000 0.000 0.000 0.000 0.000 0.000 0.000 0.000 0.000 0.000 0.000 0.000 0.000 0.000 0.000 0.000 0.000 0.000 0.000 0.000
