AvaFrame/avaframe/data/avaKot/Avaflow_Input_Output_old/gar_results/gar_ascii/gar_hflow0020.asc
ncols 88
nrows 125
xllcenter 176963.44
yllcenter 376270.31
cellsize 20.00
NODATA_value -9999.000
[rows 34 to 67 of 125, columns 0 to 76 of 88]
0.000 0.000 0.000 0.000 0.000 0.000 0.000 0.000 0.000 0.000 0.000 0.000 0.000 0.000 0.000 0.000 0.000 0.000 0.000 0.000 0.000 0.000 0.000 0.000 0.000 0.000 0.000 0.000 0.000 0.000 0.000 0.000 0.000 0.000 0.000 0.000 0.000 0.000 0.000 0.000 0.000 0.000 0.000 0.000 0.000 0.000 0.000 0.000 0.000 0.000 0.000 0.000 0.000 0.000 0.000 0.000 0.000 0.000 0.000 0.000 0.001 0.001 0.001 0.001 0.001 0.002 0.002 0.004 0.007 0.009 0.010 0.011 0.010 0.010 0.007 0.004 0.002
0.000 0.000 0.000 0.000 0.000 0.000 0.000 0.000 0.000 0.000 0.000 0.000 0.000 0.000 0.000 0.000 0.000 0.000 0.000 0.000 0.000 0.000 0.000 0.000 0.000 0.000 0.000 0.000 0.000 0.000 0.000 0.001 0.001 0.000 0.000 0.000 0.000 0.000 0.000 0.000 0.000 0.000 0.000 0.000 0.000 0.000 0.000 0.000 0.000 0.000 0.000 0.000 0.000 0.000 0.000 0.000 0.000 0.000 0.000 0.001 0.001 0.001 0.001 0.001 0.002 0.003 0.005 0.009 0.015 0.021 0.024 0.025 0.025 0.023 0.018 0.011 0.006
0.000 0.000 0.000 0.000 0.000 0.000 0.000 0.000 0.000 0.000 0.000 0.000 0.000 0.000 0.000 0.000 0.000 0.000 0.000 0.000 0.000 0.000 0.000 0.000 0.000 0.000 0.000 0.000 0.000 0.001 0.001 0.001 0.001 0.001 0.001 0.001 0.001 0.001 0.001 0.001 0.000 0.000 0.000 0.000 0.000 0.000 0.000 0.000 0.000 0.000 0.000 0.000 0.000 0.000 0.000 0.000 0.000 0.000 0.001 0.001 0.001 0.001 0.001 0.002 0.003 0.006 0.010 0.019 0.033 0.047 0.055 0.057 0.056 0.053 0.043 0.027 0.014
0.000 0.000 0.000 0.000 0.000 0.000 0.000 0.000 0.000 0.000 0.000 0.000 0.000 0.000 0.000 0.000 0.000 0.000 0.000 0.000 0.000 0.000 0.000 0.000 0.000 0.000 0.000 0.000 0.001 0.001 0.001 0.001 0.001 0.002 0.002 0.002 0.002 0.002 0.002 0.002 0.001 0.001 0.000 0.000 0.000 0.000 0.000 0.000 0.000 0.000 0.000 0.000 0.000 0.000 0.000 0.000 0.000 0.001 0.001 0.001 0.001 0.001 0.002 0.003 0.006 0.011 0.021 0.038 0.067 0.098 0.114 0.119 0.119 0.111 0.092 0.059 0.032
0.000 0.000 0.000 0.000 0.000 0.000 0.000 0.000 0.000 0.000 0.000 0.000 0.000 0.000 0.000 0.000 0.000 0.000 0.000 0.000 0.000 0.000 0.000 0.000 0.000 0.000 0.000 0.001 0.001 0.001 0.001 0.001 0.002 0.003 0.004 0.005 0.006 0.006 0.006 0.005 0.003 0.002 0.001 0.000 0.000 0.000 0.000 0.000 0.000 0.000 0.000 0.000 0.000 0.000 0.000 0.000 0.001 0.001 0.001 0.001 0.001 0.002 0.003 0.006 0.011 0.021 0.040 0.073 0.128 0.189 0.223 0.234 0.234 0.221 0.185 0.122 0.067
0.000 0.000 0.000 0.000 0.000 0.000 0.000 0.000 0.000 0.000 0.000 0.000 0.000 0.000 0.000 0.000 0.000 0.000 0.000 0.000 0.000 0.000 0.000 0.000 0.000 0.000 0.001 0.001 0.001 0.001 0.001 0.002 0.004 0.006 0.009 0.012 0.013 0.014 0.013 0.012 0.009 0.005 0.003 0.001 0.001 0.000 0.000 0.000 0.000 0.000 0.000 0.000 0.000 0.000 0.000 0.001 0.001 0.001 0.001 0.001 0.002 0.003 0.006 0.010 0.020 0.038 0.072 0.131 0.227 0.338 0.404 0.428 0.429 0.409 0.348 0.237 0.131
0.000 0.000 0.000 0.000 0.000 0.000 0.000 0.000 0.000 0.000 0.000 0.000 0.000 0.000 0.000 0.000 0.000 0.000 0.000 0.000 0.000 0.000 0.000 0.000 0.000 0.001 0.001 0.001 0.001 0.001 0.002 0.004 0.007 0.012 0.021 0.027 0.030 0.031 0.030 0.027 0.021 0.012 0.007 0.003 0.002 0.001 0.000 0.000 0.000 0.000 0.000 0.000 0.000 0.000 0.001 0.001 0.001 0.001 0.001 0.002 0.004 0.007 0.011 0.019 0.035 0.066 0.122 0.219 0.374 0.560 0.678 0.726 0.731 0.704 0.611 0.429 0.239
0.000 0.000 0.000 0.000 0.000 0.000 0.000 0.000 0.000 0.000 0.000 0.000 0.000 0.000 0.000 0.000 0.000 0.000 0.000 0.000 0.000 0.000 0.000 0.000 0.001 0.001 0.001 0.001 0.001 0.002 0.004 0.008 0.014 0.025 0.042 0.057 0.064 0.066 0.065 0.059 0.046 0.028 0.016 0.008 0.004 0.002 0.001 0.000 0.000 0.000 0.000 0.000 0.001 0.001 0.001 0.001 0.001 0.002 0.003 0.006 0.010 0.016 0.024 0.037 0.061 0.108 0.194 0.342 0.567 0.853 1.048 1.135 1.152 1.121 0.990 0.712 0.403
0.000 0.000 0.000 0.000 0.000 0.000 0.000 0.000 0.000 0.000 0.000 0.000 0.000 0.000 0.000 0.000 0.000 0.000 0.000 0.000 0.000 0.000 0.000 0.000 0.001 0.001 0.001 0.001 0.002 0.004 0.007 0.014 0.027 0.049 0.083 0.113 0.128 0.133 0.131 0.121 0.094 0.058 0.034 0.019 0.010 0.005 0.002 0.001 0.000 0.000 0.000 0.000 0.001 0.001 0.001 0.001 0.002 0.004 0.007 0.015 0.029 0.043 0.056 0.074 0.106 0.170 0.285 0.466 0.737 1.131 1.430 1.555 1.574 1.526 1.341 0.965 0.556
0.000 0.000 0.000 0.000 0.000 0.000 0.000 0.000 0.000 0.000 0.000 0.000 0.000 0.000 0.000 0.000 0.000 0.000 0.000 0.000 0.000 0.000 0.000 0.000 0.001 0.001 0.001 0.002 0.003 0.006 0.013 0.026 0.050 0.091 0.152 0.209 0.241 0.252 0.252 0.233 0.179 0.114 0.070 0.041 0.022 0.011 0.005 0.002 0.001 0.000 0.000 0.001 0.001 0.001 0.001 0.002 0.004 0.007 0.011 0.021 0.044 0.085 0.123 0.145 0.181 0.249 0.355 0.534 0.847 1.339 1.737 1.886 1.899 1.818 1.566 1.111 0.653
0.000 0.000 0.000 0.000 0.000 0.000 0.000 0.000 0.000 0.000 0.000 0.000 0.000 0.000 0.000 0.000 0.000 0.000 0.000 0.000 0.000 0.000 0.000 0.000 0.001 0.001 0.001 0.003 0.005 0.011 0.023 0.045 0.087 0.158 0.266 0.364 0.418 0.435 0.424 0.374 0.292 0.204 0.136 0.084 0.045 0.022 0.009 0.004 0.001 0.000 0.001 0.001 0.001 0.001 0.002 0.003 0.005 0.008 0.011 0.015 0.030 0.082 0.174 0.221 0.250 0.290 0.375 0.555 0.887 1.443 1.956 2.148 2.154 2.024 1.699 1.182 0.717
0.000 0.000 0.000 0.000 0.000 0.000 0.000 0.000 0.000 0.000 0.000 0.000 0.000 0.000 0.000 0.000 0.000 0.000 0.000 0.000 0.000 0.000 0.000 0.000 0.000 0.001 0.001 0.003 0.007 0.016 0.035 0.071 0.136 0.248 0.403 0.521 0.572 0.575 0.517 0.432 0.357 0.282 0.204 0.123 0.060 0.027 0.011 0.004 0.002 0.001 0.001 0.001 0.001 0.001 0.002 0.003 0.005 0.008 0.010 0.012 0.017 0.049 0.171 0.259 0.277 0.294 0.354 0.511 0.825 1.380 2.010 2.278 2.301 2.171 1.789 1.218 0.751
0.000 0.000 0.000 0.000 0.000 0.000 0.000 0.000 0.000 0.000 0.000 0.000 0.000 0.000 0.000 0.000 0.000 0.000 0.000 0.000 0.000 0.000 0.000 0.000 0.000 0.001 0.002 0.004 0.009 0.020 0.044 0.091 0.176 0.316 0.490 0.600 0.614 0.551 0.465 0.392 0.348 0.296 0.208 0.108 0.047 0.020 0.009 0.004 0.002 0.001 0.001 0.001 0.001 0.001 0.002 0.003 0.005 0.007 0.011 0.014 0.019 0.032 0.132 0.241 0.249 0.226 0.219 0.275 0.490 1.006 1.764 2.185 2.225 2.067 1.711 1.137 0.623
0.000 0.000 0.000 0.000 0.000 0.000 0.000 0.000 0.000 0.000 0.000 0.000 0.000 0.000 0.000 0.000 0.000 0.000 0.000 0.000 0.000 0.000 0.000 0.000 0.000 0.001 0.002 0.004 0.009 0.022 0.049 0.102 0.198 0.355 0.512 0.557 0.400 0.236 0.187 0.181 0.181 0.164 0.102 0.046 0.024 0.014 0.008 0.004 0.002 0.002 0.001 0.001 0.001 0.001 0.002 0.003 0.004 0.007 0.013 0.020 0.031 0.047 0.081 0.120 0.120 0.102 0.098 0.124 0.196 0.390 0.955 1.609 1.839 1.698 1.143 0.503 0.171
0.000 0.000 0.000 0.000 0.000 0.000 0.000 0.000 0.000 0.000 0.000 0.000 0.000 0.000 0.000 0.000 0.000 0.000 0.000 0.000 0.000 0.000 0.000 0.000 0.000 0.001 0.001 0.004 0.009 0.023 0.052 0.104 0.190 0.328 0.382 0.271 0.120 0.096 0.107 0.104 0.092 0.070 0.042 0.028 0.021 0.014 0.008 0.005 0.003 0.002 0.002 0.001 0.001 0.002 0.002 0.003 0.004 0.008 0.016 0.028 0.045 0.060 0.063 0.058 0.055 0.055 0.070 0.123 0.204 0.274 0.428 0.681 0.772 0.643 0.304 0.079 0.023
0.000 0.000 0.000 0.000 0.000 0.000 0.000 0.000 0.000 0.000 0.000 0.000 0.000 0.000 0.000 0.000 0.000 0.000 0.000 0.000 0.000 0.000 0.000 0.000 0.000 0.000 0.001 0.003 0.009 0.023 0.042 0.058 0.076 0.110 0.113 0.071 0.063 0.097 0.114 0.106 0.081 0.049 0.031 0.024 0.020 0.016 0.011 0.006 0.004 0.003 0.002 0.002 0.002 0.002 0.002 0.003 0.004 0.007 0.016 0.036 0.055 0.060 0.055 0.048 0.041 0.039 0.057 0.134 0.259 0.333 0.380 0.372 0.262 0.133 0.051 0.018 0.008
0.000 0.000 0.000 0.000 0.000 0.000 0.000 0.000 0.000 0.000 0.000 0.000 0.000 0.000 0.000 0.000 0.000 0.000 0.000 0.000 0.000 0.000 0.000 0.000 0.000 0.000 0.001 0.002 0.005 0.011 0.015 0.015 0.016 0.023 0.025 0.026 0.042 0.089 0.124 0.121 0.079 0.039 0.027 0.023 0.020 0.017 0.013 0.007 0.004 0.003 0.003 0.003 0.002 0.002 0.002 0.003 0.004 0.008 0.015 0.038 0.060 0.058 0.049 0.044 0.033 0.029 0.047 0.144 0.312 0.369 0.364 0.308 0.167 0.068 0.025 0.010 0.005
0.000 0.000 0.000 0.000 0.000 0.000 0.000 0.000 0.000 0.000 0.000 0.000 0.000 0.000 0.000 0.000 0.000 0.000 0.000 0.000 0.000 0.000 0.000 0.000 0.000 0.000 0.000 0.001 0.002 0.004 0.006 0.007 0.008 0.010 0.011 0.012 0.018 0.052 0.119 0.139 0.088 0.036 0.026 0.023 0.020 0.019 0.014 0.008 0.005 0.004 0.004 0.004 0.003 0.003 0.003 0.004 0.006 0.010 0.014 0.033 0.062 0.060 0.047 0.041 0.028 0.025 0.046 0.168 0.351 0.389 0.347 0.238 0.119 0.050 0.020 0.009 0.005
0.000 0.000 0.000 0.000 0.000 0.000 0.000 0.000 0.000 0.000 0.000 0.000 0.000 0.000 0.000 0.000 0.000 0.000 0.000 0.000 0.000 0.000 0.000 0.000 0.000 0.000 0.000 0.000 0.001 0.002 0.003 0.005 0.007 0.007 0.008 0.008 0.008 0.015 0.073 0.154 0.111 0.037 0.024 0.023 0.022 0.020 0.014 0.008 0.006 0.005 0.006 0.006 0.005 0.005 0.005 0.006 0.009 0.013 0.015 0.026 0.057 0.062 0.051 0.038 0.026 0.024 0.062 0.216 0.365 0.385 0.306 0.169 0.084 0.040 0.018 0.009 0.006
0.000 0.000 0.000 0.000 0.000 0.000 0.000 0.000 0.000 0.000 0.000 0.000 0.000 0.000 0.000 0.000 0.000 0.000 0.000 0.000 0.000 0.000 0.000 0.000 0.000 0.000 0.000 0.001 0.001 0.001 0.002 0.004 0.006 0.007 0.006 0.006 0.006 0.005 0.019 0.123 0.140 0.048 0.023 0.023 0.024 0.020 0.012 0.007 0.005 0.006 0.008 0.009 0.008 0.006 0.005 0.007 0.011 0.014 0.016 0.022 0.046 0.058 0.053 0.035 0.026 0.029 0.087 0.264 0.357 0.345 0.237 0.117 0.062 0.033 0.017 0.011 0.008
0.000 0.000 0.000 0.000 0.000 0.000 0.000 0.000 0.000 0.000 0.000 0.000 0.000 0.000 0.000 0.000 0.000 0.000 0.000 0.000 0.000 0.000 0.000 0.000 0.000 0.001 0.001 0.001 0.001 0.001 0.002 0.003 0.005 0.006 0.006 0.005 0.005 0.004 0.003 0.053 0.145 0.091 0.030 0.026 0.024 0.018 0.009 0.006 0.005 0.007 0.010 0.011 0.009 0.006 0.006 0.008 0.012 0.014 0.016 0.021 0.037 0.051 0.048 0.032 0.027 0.041 0.118 0.285 0.344 0.303 0.182 0.088 0.047 0.029 0.019 0.014 0.010
0.000 0.000 0.000 0.000 0.000 0.000 0.000 0.000 0.000 0.000 0.000 0.000 0.000 0.000 0.000 0.000 0.000 0.000 0.000 0.000 0.000 0.000 0.000 0.000 0.000 0.001 0.001 0.001 0.001 0.001 0.001 0.002 0.004 0.006 0.005 0.005 0.005 0.006 0.007 0.012 0.091 0.143 0.087 0.034 0.023 0.014 0.008 0.006 0.006 0.007 0.011 0.012 0.009 0.007 0.007 0.008 0.012 0.014 0.016 0.021 0.033 0.045 0.041 0.030 0.032 0.062 0.145 0.288 0.334 0.293 0.180 0.096 0.055 0.036 0.027 0.020 0.013
0.000 0.000 0.000 0.000 0.000 0.000 0.000 0.000 0.000 0.000 0.000 0.000 0.000 0.000 0.000 0.000 0.000 0.000 0.000 0.000 0.000 0.000 0.000 0.000 0.001 0.001 0.001 0.001 0.001 0.001 0.001 0.002 0.003 0.006 0.006 0.005 0.005 0.007 0.011 0.018 0.043 0.122 0.130 0.060 0.022 0.014 0.009 0.007 0.008 0.009 0.012 0.011 0.008 0.007 0.007 0.009 0.011 0.014 0.016 0.020 0.030 0.040 0.037 0.034 0.053 0.095 0.158 0.281 0.329 0.295 0.212 0.146 0.097 0.065 0.043 0.027 0.015
0.000 0.000 0.000 0.000 0.000 0.000 0.000 0.000 0.000 0.000 0.000 0.000 0.000 0.000 0.000 0.000 0.000 0.000 0.000 0.000 0.000 0.000 0.000 0.000 0.001 0.001 0.001 0.001 0.001 0.001 0.001 0.002 0.003 0.005 0.006 0.005 0.005 0.007 0.012 0.023 0.043 0.075 0.100 0.078 0.028 0.014 0.010 0.009 0.009 0.010 0.011 0.009 0.007 0.006 0.007 0.008 0.010 0.013 0.016 0.020 0.028 0.036 0.038 0.047 0.078 0.117 0.166 0.275 0.324 0.299 0.241 0.189 0.134 0.086 0.054 0.032 0.018
0.000 0.000 0.000 0.000 0.000 0.000 0.000 0.000 0.000 0.000 0.000 0.000 0.000 0.000 0.000 0.000 0.000 0.000 0.000 0.000 0.000 0.000 0.000 0.000 0.001 0.001 0.001 0.001 0.001 0.001 0.002 0.002 0.003 0.004 0.005 0.005 0.006 0.007 0.011 0.022 0.049 0.069 0.073 0.065 0.030 0.015 0.012 0.010 0.010 0.010 0.009 0.007 0.006 0.006 0.006 0.007 0.009 0.012 0.016 0.021 0.028 0.035 0.042 0.063 0.095 0.135 0.185 0.256 0.307 0.300 0.255 0.202 0.147 0.097 0.059 0.034 0.018
0.000 0.000 0.000 0.000 0.000 0.000 0.000 0.000 0.000 0.000 0.000 0.000 0.000 0.000 0.000 0.000 0.000 0.000 0.000 0.000 0.000 0.000 0.000 0.001 0.001 0.001 0.001 0.001 0.001 0.001 0.002 0.002 0.003 0.003 0.004 0.005 0.005 0.006 0.009 0.018 0.045 0.067 0.067 0.060 0.035 0.017 0.012 0.011 0.010 0.009 0.006 0.005 0.005 0.005 0.006 0.007 0.009 0.013 0.017 0.023 0.030 0.038 0.050 0.073 0.111 0.167 0.202 0.222 0.262 0.279 0.255 0.205 0.154 0.105 0.063 0.036 0.019
0.000 0.000 0.000 0.000 0.000 0.000 0.000 0.000 0.000 0.000 0.000 0.000 0.000 0.000 0.000 0.000 0.000 0.000 0.000 0.000 0.000 0.000 0.001 0.001 0.001 0.001 0.001 0.001 0.001 0.001 0.002 0.002 0.002 0.003 0.003 0.004 0.004 0.005 0.007 0.012 0.034 0.057 0.059 0.059 0.042 0.019 0.011 0.009 0.009 0.008 0.005 0.004 0.005 0.006 0.006 0.007 0.010 0.014 0.020 0.026 0.035 0.045 0.060 0.086 0.145 0.194 0.202 0.196 0.184 0.187 0.188 0.175 0.150 0.111 0.068 0.037 0.019
0.000 0.000 0.000 0.000 0.000 0.000 0.000 0.000 0.000 0.000 0.000 0.000 0.000 0.000 0.000 0.000 0.000 0.000 0.000 0.000 0.001 0.001 0.001 0.001 0.001 0.001 0.001 0.001 0.001 0.002 0.002 0.002 0.002 0.002 0.003 0.003 0.004 0.004 0.006 0.008 0.020 0.042 0.053 0.057 0.045 0.019 0.010 0.008 0.008 0.007 0.005 0.005 0.006 0.006 0.006 0.008 0.011 0.017 0.024 0.032 0.041 0.053 0.075 0.114 0.182 0.201 0.187 0.162 0.102 0.063 0.058 0.079 0.108 0.101 0.070 0.037 0.018
0.000 0.000 0.000 0.000 0.000 0.000 0.000 0.000 0.000 0.000 0.000 0.000 0.000 0.000 0.000 0.000 0.000 0.000 0.000 0.001 0.001 0.001 0.001 0.001 0.001 0.001 0.001 0.001 0.001 0.002 0.002 0.002 0.002 0.002 0.002 0.003 0.003 0.003 0.004 0.005 0.008 0.026 0.058 0.063 0.044 0.017 0.009 0.007 0.007 0.006 0.005 0.005 0.006 0.006 0.007 0.009 0.014 0.021 0.029 0.039 0.051 0.071 0.101 0.149 0.197 0.196 0.159 0.104 0.046 0.021 0.016 0.019 0.037 0.048 0.045 0.025 0.011
0.000 0.000 0.000 0.000 0.000 0.000 0.000 0.000 0.000 0.000 0.000 0.000 0.000 0.000 0.000 0.000 0.000 0.000 0.000 0.001 0.001 0.001 0.001 0.001 0.001 0.001 0.001 0.001 0.001 0.002 0.002 0.002 0.002 0.002 0.002 0.002 0.002 0.002 0.002 0.003 0.004 0.014 0.062 0.072 0.039 0.015 0.009 0.007 0.007 0.006 0.006 0.006 0.006 0.007 0.008 0.012 0.018 0.026 0.035 0.049 0.070 0.096 0.127 0.176 0.193 0.167 0.105 0.053 0.026 0.015 0.012 0.011 0.013 0.015 0.014 0.009 0.004
0.000 0.000 0.000 0.000 0.000 0.000 0.000 0.000 0.000 0.000 0.000 0.000 0.000 0.000 0.000 0.000 0.000 0.000 0.000 0.001 0.001 0.001 0.001 0.001 0.001 0.001 0.001 0.001 0.001 0.001 0.002 0.002 0.002 0.002 0.002 0.002 0.002 0.002 0.002 0.003 0.005 0.012 0.055 0.072 0.038 0.014 0.008 0.007 0.006 0.006 0.006 0.006 0.006 0.007 0.009 0.014 0.021 0.030 0.042 0.064 0.091 0.118 0.150 0.181 0.169 0.105 0.052 0.033 0.023 0.016 0.012 0.010 0.009 0.008 0.006 0.004 0.002
0.000 0.000 0.000 0.000 0.000 0.000 0.000 0.000 0.000 0.000 0.000 0.000 0.000 0.000 0.000 0.000 0.000 0.000 0.000 0.001 0.001 0.001 0.001 0.001 0.001 0.001 0.001 0.001 0.001 0.001 0.002 0.002 0.002 0.002 0.002 0.002 0.001 0.001 0.002 0.003 0.006 0.017 0.049 0.064 0.038 0.013 0.007 0.006 0.005 0.005 0.005 0.005 0.005 0.007 0.010 0.015 0.023 0.035 0.055 0.087 0.113 0.132 0.160 0.151 0.094 0.045 0.031 0.026 0.021 0.017 0.013 0.010 0.008 0.006 0.004 0.002 0.001
0.000 0.000 0.000 0.000 0.000 0.000 0.000 0.000 0.000 0.000 0.000 0.000 0.000 0.000 0.000 0.000 0.000 0.000 0.000 0.001 0.001 0.001 0.001 0.001 0.001 0.001 0.001 0.001 0.001 0.001 0.002 0.002 0.002 0.002 0.002 0.001 0.001 0.001 0.002 0.003 0.007 0.020 0.050 0.056 0.032 0.012 0.006 0.005 0.005 0.004 0.004 0.004 0.005 0.007 0.011 0.017 0.027 0.045 0.079 0.114 0.126 0.136 0.144 0.102 0.041 0.026 0.024 0.022 0.018 0.014 0.011 0.008 0.006 0.004 0.002 0.001 0.000
0.000 0.000 0.000 0.000 0.000 0.000 0.000 0.000 0.000 0.000 0.000 0.000 0.000 0.000 0.000 0.000 0.000 0.000 0.000 0.001 0.001 0.001 0.001 0.001 0.001 0.002 0.001 0.001 0.001 0.002 0.002 0.002 0.002 0.002 0.002 0.001 0.001 0.001 0.002 0.003 0.006 0.020 0.048 0.050 0.027 0.011 0.006 0.005 0.004 0.004 0.003 0.004 0.005 0.008 0.013 0.021 0.037 0.070 0.112 0.130 0.126 0.123 0.107 0.056 0.025 0.020 0.022 0.022 0.017 0.011 0.008 0.006 0.004 0.002 0.001 0.000 0.000
