AvaFrame/avaframe/data/avaGar/Avaflow_Input_Output_s/gar_results/gar_ascii/gar_elev.asc
ncols 130
nrows 97
xllcenter 247320.75
yllcenter 350697.47
cellsize 20.00
NODATA_value -9999.000
[rows 56 to 83 of 97, columns 62 to 123 of 130]
1490.356 1483.382 1481.160 1473.138 1461.421 1447.589 1434.339 1421.554 1419.909 1418.342 1413.412 1409.766 1406.693 1399.268 1392.468 1385.559 1377.920 1369.733 1360.559 1351.150 1341.723 1331.762 1322.107 1314.223 1307.345 1301.039 1294.430 1287.862 1282.644 1281.568 1280.010 1279.908 1280.039 1279.488 1278.347 1276.948 1278.491 1279.326 1271.342 1278.087 1269.827 1265.656 1263.779 1261.336 1258.606 1256.988 1254.500 1253.328 1249.979 1249.036 1246.896 1244.920 1243.608 1241.757 1239.992 1239.090 1238.639 1237.694 1237.465 1236.951 1236.767 1236.108
1476.904 1465.724 1466.064 1464.640 1453.103 1440.872 1428.386 1415.411 1410.564 1408.836 1403.758 1401.507 1397.818 1393.550 1387.541 1379.865 1372.860 1364.274 1355.629 1347.562 1338.955 1330.770 1323.803 1315.660 1307.147 1301.719 1292.828 1287.393 1283.708 1281.162 1277.265 1275.980 1275.180 1274.884 1274.339 1272.731 1272.104 1273.391 1268.961 1269.238 1267.603 1262.634 1260.976 1258.707 1256.230 1253.977 1252.232 1251.003 1249.619 1247.249 1245.101 1243.816 1242.631 1240.645 1239.445 1238.922 1238.211 1237.466 1237.358 1236.637 1236.468 1236.021
1459.820 1454.121 1448.074 1453.439 1445.891 1433.925 1423.238 1410.151 1401.990 1399.688 1394.382 1392.025 1390.431 1385.467 1380.340 1374.573 1367.190 1360.917 1352.130 1343.787 1335.891 1327.399 1320.316 1311.383 1304.324 1298.026 1292.773 1288.486 1283.613 1279.491 1274.560 1273.002 1272.056 1271.375 1270.331 1269.119 1267.797 1266.954 1271.448 1262.447 1265.560 1259.716 1258.368 1256.412 1254.108 1251.541 1250.162 1247.622 1247.275 1245.700 1243.768 1242.389 1241.165 1240.021 1239.253 1238.669 1237.646 1237.329 1236.436 1236.606 1236.180 1235.977
1448.414 1441.204 1432.437 1438.509 1436.802 1427.847 1415.663 1407.056 1394.944 1391.246 1385.844 1382.705 1381.276 1377.758 1372.721 1368.521 1361.792 1355.736 1349.144 1339.570 1332.241 1326.352 1316.946 1309.050 1301.476 1295.083 1290.047 1284.362 1280.018 1276.904 1272.637 1269.948 1268.504 1267.856 1267.418 1266.109 1264.643 1262.898 1263.124 1259.856 1264.093 1257.261 1255.518 1253.916 1252.323 1250.605 1248.126 1245.769 1244.452 1243.402 1242.270 1241.339 1240.321 1239.275 1238.726 1237.995 1236.752 1236.981 1236.440 1236.098 1236.212 1241.395
1439.065 1431.321 1423.433 1423.167 1422.290 1419.156 1409.124 1396.711 1388.663 1382.621 1379.230 1373.580 1370.775 1369.747 1364.450 1360.225 1356.135 1348.678 1345.220 1339.292 1330.005 1321.222 1315.287 1307.408 1299.755 1292.597 1286.619 1281.448 1278.248 1273.923 1270.411 1266.796 1265.808 1264.616 1264.612 1263.402 1262.286 1259.258 1258.590 1260.989 1255.052 1254.962 1252.579 1251.154 1249.964 1249.401 1246.671 1245.198 1243.656 1242.266 1241.056 1240.510 1239.798 1238.779 1237.726 1237.515 1237.289 1236.691 1236.160 1238.436 1243.387 1236.350
1432.442 1424.276 1415.796 1407.022 1406.445 1405.778 1399.630 1389.484 1377.792 1371.714 1371.162 1368.048 1362.810 1360.629 1357.447 1352.485 1347.482 1345.422 1337.784 1332.920 1327.843 1319.834 1310.411 1305.159 1298.560 1291.672 1284.878 1279.729 1274.635 1270.885 1268.083 1265.131 1263.447 1261.644 1260.388 1259.183 1257.949 1256.780 1254.892 1254.670 1253.984 1253.250 1249.716 1248.340 1247.251 1245.645 1245.763 1243.854 1242.494 1241.131 1239.937 1238.848 1238.093 1238.006 1237.980 1237.854 1236.818 1237.096 1243.009 1239.406 1235.102 1235.645
1425.141 1416.725 1408.368 1398.239 1392.396 1390.562 1389.565 1379.583 1369.520 1361.779 1362.271 1360.958 1356.850 1351.850 1349.867 1344.513 1340.263 1336.451 1334.875 1326.493 1321.740 1316.967 1311.012 1301.165 1294.949 1289.790 1283.223 1277.339 1272.975 1269.075 1266.357 1263.429 1259.676 1258.289 1257.236 1256.274 1254.770 1253.458 1252.107 1250.574 1250.380 1248.325 1247.106 1245.878 1244.469 1243.556 1243.024 1242.525 1240.999 1239.701 1238.885 1238.274 1238.264 1238.195 1237.696 1237.421 1240.446 1242.098 1235.808 1235.384 1237.763 1237.436
1423.111 1409.830 1400.815 1394.226 1382.943 1376.812 1375.490 1371.483 1361.251 1353.366 1354.640 1352.693 1349.896 1344.802 1341.065 1337.600 1331.784 1327.974 1326.508 1321.350 1314.676 1311.966 1305.183 1301.720 1293.962 1288.842 1282.334 1276.602 1271.165 1266.798 1263.734 1258.590 1256.176 1255.405 1254.926 1253.512 1251.902 1249.829 1249.001 1247.699 1246.289 1246.648 1244.654 1244.000 1242.514 1242.152 1241.275 1240.409 1239.511 1238.722 1238.915 1238.933 1238.657 1237.702 1240.039 1241.161 1236.049 1235.856 1237.388 1243.680 1240.826 1242.587
1422.715 1407.506 1394.311 1385.641 1377.751 1368.387 1361.964 1357.318 1352.722 1345.686 1347.701 1345.816 1343.700 1340.624 1335.263 1330.593 1325.204 1320.537 1318.708 1314.899 1309.264 1304.293 1301.710 1294.922 1289.939 1284.591 1280.724 1274.420 1271.014 1264.919 1260.481 1256.428 1254.111 1252.917 1252.402 1250.354 1248.733 1247.386 1245.211 1242.646 1242.336 1242.831 1242.289 1241.587 1241.090 1240.624 1240.169 1239.814 1239.413 1239.204 1238.934 1238.708 1242.243 1238.812 1236.190 1237.468 1239.213 1244.485 1250.818 1252.792 1252.292 1255.447
1424.625 1410.327 1394.990 1381.245 1370.754 1363.113 1356.497 1348.372 1339.301 1337.314 1338.279 1337.342 1335.369 1333.576 1329.362 1324.321 1318.698 1314.347 1311.552 1308.027 1304.117 1298.181 1293.513 1290.843 1285.776 1280.866 1277.707 1273.204 1267.264 1262.413 1258.795 1255.543 1252.650 1250.641 1249.493 1247.964 1246.133 1244.052 1241.512 1241.474 1241.521 1241.429 1239.033 1240.359 1240.172 1239.878 1238.561 1238.032 1237.776 1237.644 1237.530 1237.245 1236.769 1237.578 1239.914 1245.683 1248.015 1253.189 1256.924 1261.097 1263.143 1265.711
1421.836 1413.342 1396.939 1382.303 1369.080 1357.780 1350.305 1345.230 1337.370 1329.931 1330.011 1330.047 1327.890 1325.441 1323.381 1318.569 1312.528 1309.188 1303.557 1301.807 1299.539 1294.053 1289.515 1285.868 1279.011 1275.575 1273.032 1270.602 1266.022 1260.814 1257.202 1254.222 1251.377 1247.824 1245.485 1245.460 1243.987 1242.654 1241.546 1241.555 1240.457 1240.630 1240.457 1240.064 1240.009 1239.679 1239.431 1239.335 1239.000 1238.596 1238.436 1238.282 1238.385 1243.844 1245.964 1250.867 1257.309 1260.147 1263.393 1268.572 1272.491 1274.644
1406.281 1407.606 1398.772 1387.308 1375.061 1360.844 1346.609 1338.416 1332.288 1324.729 1322.620 1322.064 1320.032 1320.361 1316.417 1312.931 1305.904 1303.324 1298.969 1295.702 1292.641 1289.663 1286.955 1281.430 1276.016 1272.008 1267.544 1264.975 1262.523 1259.042 1256.005 1252.945 1254.748 1246.182 1244.870 1242.906 1242.471 1242.039 1241.544 1240.212 1241.250 1240.472 1240.276 1240.119 1239.957 1239.877 1239.646 1239.538 1239.087 1238.841 1239.047 1241.181 1244.722 1249.722 1253.253 1258.143 1263.353 1266.544 1270.147 1277.154 1282.004 1284.817
1390.296 1392.239 1388.820 1379.904 1369.708 1358.143 1347.458 1336.683 1327.940 1319.599 1314.981 1314.755 1314.817 1312.202 1309.882 1307.432 1302.380 1297.610 1293.725 1290.493 1286.111 1284.711 1281.609 1277.099 1272.942 1269.544 1265.186 1261.683 1258.671 1256.630 1254.358 1251.671 1252.883 1246.328 1243.361 1242.359 1242.245 1242.059 1240.300 1241.515 1240.907 1240.541 1240.278 1240.165 1240.686 1240.758 1240.734 1240.572 1240.535 1241.293 1244.341 1245.886 1249.657 1254.909 1260.360 1264.896 1271.104 1275.558 1275.292 1281.504 1288.983 1293.672
1380.454 1377.024 1378.211 1371.826 1362.981 1351.785 1340.574 1330.840 1321.309 1315.623 1310.486 1308.584 1307.200 1305.188 1303.805 1300.415 1296.720 1294.042 1289.000 1285.889 1282.779 1280.812 1278.184 1274.473 1270.508 1264.936 1263.127 1261.588 1257.449 1254.464 1252.510 1250.325 1247.988 1243.187 1242.725 1242.511 1242.459 1240.891 1241.715 1241.155 1240.705 1240.495 1241.308 1242.868 1243.855 1244.208 1244.393 1244.241 1244.187 1245.995 1249.001 1252.586 1254.689 1259.157 1266.262 1271.965 1277.711 1281.807 1283.105 1287.849 1293.460 1300.785
1375.689 1368.859 1364.769 1361.978 1353.489 1344.996 1335.479 1325.424 1317.716 1312.272 1306.228 1303.447 1300.719 1298.995 1297.712 1294.988 1291.211 1288.214 1285.585 1280.421 1278.752 1275.737 1274.914 1270.446 1267.388 1262.644 1259.022 1257.482 1255.272 1253.028 1250.995 1248.993 1246.645 1243.449 1242.013 1241.480 1242.134 1241.640 1241.765 1241.560 1241.766 1242.516 1244.510 1246.325 1247.854 1248.446 1248.173 1249.147 1250.610 1252.076 1254.023 1255.599 1262.506 1265.633 1270.964 1278.594 1285.377 1290.606 1292.357 1296.850 1301.031 1307.062
1371.428 1365.626 1358.448 1354.070 1346.019 1338.657 1331.177 1324.243 1316.104 1309.963 1303.912 1299.031 1295.779 1292.557 1291.461 1289.421 1286.329 1283.640 1280.475 1277.278 1273.636 1271.205 1268.916 1267.923 1263.803 1259.677 1255.206 1255.001 1253.030 1251.023 1248.920 1246.276 1243.118 1241.973 1242.790 1242.283 1242.093 1242.000 1243.022 1243.366 1243.883 1244.986 1247.448 1249.624 1251.773 1252.803 1253.419 1253.825 1256.386 1258.405 1260.164 1262.955 1269.112 1273.106 1279.231 1283.328 1292.227 1300.698 1302.380 1305.800 1310.078 1316.327
1368.736 1361.990 1355.144 1348.209 1344.085 1337.313 1329.128 1322.452 1316.074 1309.488 1303.021 1296.797 1292.109 1288.504 1286.296 1285.691 1281.000 1280.728 1276.014 1273.899 1272.759 1268.559 1266.120 1264.295 1260.771 1257.072 1253.797 1251.933 1250.468 1248.511 1244.830 1241.943 1243.556 1242.848 1242.490 1242.477 1242.296 1242.329 1243.495 1244.078 1245.463 1247.557 1250.069 1252.858 1255.904 1257.625 1258.428 1258.777 1260.802 1264.886 1267.523 1270.020 1274.816 1280.175 1284.684 1291.219 1296.347 1306.099 1312.491 1315.357 1317.585 1324.273
1359.217 1354.625 1349.525 1341.297 1336.490 1334.993 1328.588 1321.664 1314.975 1308.402 1301.884 1295.369 1290.049 1285.200 1282.457 1279.938 1280.194 1275.397 1271.702 1268.810 1268.446 1265.041 1262.052 1259.627 1257.077 1254.483 1251.736 1249.734 1247.976 1244.791 1242.579 1243.643 1243.188 1242.887 1242.620 1242.500 1242.462 1242.884 1243.721 1244.359 1246.089 1249.193 1253.052 1256.184 1259.144 1262.490 1263.625 1263.814 1265.745 1269.573 1275.080 1277.632 1281.046 1287.075 1292.205 1297.715 1303.067 1310.082 1320.187 1325.606 1328.100 1332.604
1364.485 1356.821 1349.463 1342.269 1336.340 1329.036 1323.049 1321.197 1314.032 1307.448 1301.328 1294.943 1289.280 1284.738 1281.769 1278.753 1275.678 1273.438 1268.609 1267.074 1265.425 1262.310 1259.798 1256.573 1254.422 1251.959 1249.339 1247.009 1243.844 1244.640 1243.787 1243.285 1243.104 1242.818 1242.761 1242.971 1242.958 1243.705 1245.426 1247.461 1249.573 1252.408 1256.775 1259.817 1264.516 1266.900 1270.083 1268.907 1271.464 1274.195 1279.768 1287.219 1288.936 1292.789 1300.279 1305.954 1311.367 1317.623 1324.375 1333.212 1338.164 1341.607
1360.079 1353.807 1346.180 1338.803 1332.412 1326.824 1321.949 1317.769 1313.130 1305.524 1301.503 1296.514 1290.472 1285.530 1281.592 1278.271 1274.789 1271.171 1267.981 1265.339 1262.559 1259.935 1257.407 1255.067 1252.719 1250.282 1247.419 1244.150 1244.753 1243.987 1243.655 1243.271 1243.101 1243.645 1244.246 1243.857 1244.441 1246.102 1248.506 1251.110 1253.677 1256.306 1260.063 1263.685 1269.162 1272.647 1274.647 1275.553 1277.192 1279.856 1284.103 1291.295 1299.050 1301.725 1306.281 1312.248 1319.794 1326.583 1330.290 1338.634 1345.474 -9999.000
1361.314 1350.341 1343.751 1337.121 1330.354 1324.225 1318.372 1313.541 1308.932 1303.992 1299.080 1294.582 1290.240 1284.532 1280.038 1277.142 1273.749 1270.299 1266.984 1263.907 1261.047 1258.667 1256.109 1253.493 1250.963 1248.795 1247.685 1244.339 1244.359 1243.869 1243.804 1243.763 1243.675 1244.900 1245.195 1245.979 1246.797 1248.846 1251.646 1254.726 1257.716 1260.663 1264.046 1269.049 1271.680 1277.557 1280.500 1283.175 1284.473 1286.366 1288.760 1295.684 1303.464 1311.028 1316.775 1320.112 1326.452 1333.818 1340.923 1344.281 1353.557 -9999.000
1350.798 1351.155 1343.686 1334.954 1329.178 1322.663 1316.442 1310.775 1305.705 1300.780 1295.872 1291.343 1287.364 1281.776 1278.128 1275.041 1271.597 1269.199 1266.031 1262.895 1259.949 1257.415 1255.038 1252.662 1250.602 1248.920 1244.311 1244.804 1244.444 1244.127 1243.902 1244.003 1245.187 1245.786 1246.490 1248.240 1249.630 1251.638 1254.652 1258.057 1261.448 1264.557 1268.082 1272.932 1277.877 1280.648 1286.349 1289.892 1292.754 1294.061 1297.070 1302.225 1308.347 1314.774 1322.614 1331.083 1334.604 1341.013 1347.341 1352.940 -9999.000 -9999.000
1340.776 1338.916 1337.143 1331.353 1327.242 1321.022 1315.270 1309.871 1303.427 1297.901 1292.836 1288.568 1284.104 1279.547 1274.850 1272.171 1270.111 1266.699 1265.095 1262.074 1259.223 1256.698 1254.306 1251.961 1250.451 1249.866 1245.344 1245.141 1245.207 1245.190 1245.284 1245.062 1245.861 1245.902 1247.539 1250.791 1252.647 1254.860 1257.893 1261.529 1265.169 1269.724 1273.488 1277.622 1284.090 1286.012 1290.153 1297.999 1301.232 1303.426 1306.959 1310.049 1313.758 1321.061 1329.015 1335.229 1344.275 1348.486 1354.710 1362.089 -9999.000 -9999.000
1335.628 1331.367 1327.217 1321.442 1322.536 1321.006 1313.483 1306.106 1301.184 1295.177 1290.052 1285.199 1280.656 1277.272 1272.958 1269.152 1267.026 1265.099 1263.344 1260.906 1257.346 1256.057 1253.850 1251.902 1249.038 1245.034 1245.527 1245.970 1245.699 1245.498 1245.360 1245.355 1246.254 1246.775 1248.690 1252.692 1255.991 1258.210 1261.636 1265.467 1271.119 1274.417 1277.965 1281.590 1287.608 1293.192 1296.514 1301.181 1308.303 1312.075 1315.627 1319.539 1320.408 1325.583 1334.718 1343.623 1352.140 1358.063 1362.327 -9999.000 -9999.000 -9999.000
1331.299 1327.474 1321.653 1315.848 1312.918 1311.765 1307.421 1300.826 1296.673 1291.695 1286.559 1281.699 1277.417 1274.313 1270.828 1267.093 1264.032 1262.785 1260.325 1259.263 1258.566 1258.328 1252.670 1250.722 1245.540 1247.425 1246.367 1246.487 1245.976 1245.935 1245.775 1246.093 1246.556 1248.319 1250.982 1254.801 1259.766 1263.098 1266.703 1270.469 1274.747 1279.437 1283.738 1288.142 1293.267 1298.159 1304.337 1308.363 1314.414 1319.961 1324.954 1328.620 1330.152 1330.680 1337.958 1346.970 1356.889 1365.430 1373.727 -9999.000 -9999.000 -9999.000
1330.530 1321.942 1317.900 1313.064 1309.604 1301.699 1297.055 1295.166 1292.191 1287.885 1282.875 1278.616 1274.231 1270.400 1268.128 1265.537 1262.185 1260.028 1258.382 1256.823 1252.708 1252.629 1250.383 1248.685 1245.331 1247.280 1247.484 1246.800 1247.009 1247.183 1246.889 1247.225 1247.718 1249.698 1252.733 1257.345 1262.351 1267.108 1271.711 1275.919 1278.611 1283.907 1289.121 1294.480 1299.157 1305.185 1309.510 1315.388 1320.245 1326.520 1333.325 1338.826 1339.153 1337.732 1342.923 1350.118 1359.066 1370.674 -9999.000 -9999.000 -9999.000 -9999.000
1327.808 1322.153 1313.132 1310.845 1305.077 1296.811 1290.717 1289.109 1286.975 1282.982 1278.549 1275.211 1271.274 1266.885 1263.675 1262.711 1260.588 1257.645 1256.288 1255.108 1252.875 1250.381 1249.026 1248.395 1245.714 1247.275 1247.127 1247.633 1247.713 1248.446 1248.553 1248.711 1250.039 1251.187 1254.885 1259.988 1265.737 1271.994 1277.175 1281.159 1285.271 1288.408 1294.184 1300.427 1305.287 1310.818 1316.664 1321.512 1327.658 1331.730 1337.935 1344.931 1350.227 1348.468 1353.025 1357.162 1363.690 1372.418 -9999.000 -9999.000 -9999.000 -9999.000
1325.658 1319.122 1311.930 1304.300 1297.236 1291.743 1285.609 1283.482 1281.273 1279.347 1274.900 1271.265 1267.699 1263.061 1260.647 1259.173 1258.288 1255.715 1254.143 1252.608 1251.011 1249.664 1248.469 1248.104 1246.024 1247.384 1247.306 1248.036 1249.628 1250.412 1250.944 1251.351 1252.857 1252.832 1257.574 1262.746 1270.716 1276.473 1281.199 1286.295 1290.754 1294.971 1299.387 1306.179 1312.067 1316.923 1323.059 1327.771 1334.112 1339.380 1343.100 1351.424 1357.582 1360.322 1362.713 1367.923 1373.685 -9999.000 -9999.000 -9999.000 -9999.000 -9999.000
