AvaFrame/avaframe/data/avaGar/Avaflow_Input_Output_s/gar_results/gar_ascii/gar_elev.asc
ncols 130
nrows 97
xllcenter 247320.75
yllcenter 350697.47
cellsize 20.00
NODATA_value -9999.000
[rows 28 to 55 of 97, columns 62 to 123 of 130]
1777.307 1755.692 1746.567 1734.588 1723.864 1712.595 1699.331 1686.446 1672.104 1656.332 1644.044 1635.210 1622.582 1608.496 1596.965 1585.522 1576.357 1569.344 1568.573 1566.127 1562.873 1550.514 1540.184 1531.175 1521.230 1511.402 1502.249 1490.406 1478.351 1466.809 -9999.000 -9999.000 -9999.000 -9999.000 -9999.000 -9999.000 -9999.000 -9999.000 -9999.000 -9999.000 -9999.000 -9999.000 -9999.000 -9999.000 -9999.000 -9999.000 -9999.000 -9999.000 -9999.000 -9999.000 -9999.000 -9999.000 -9999.000 -9999.000 -9999.000 -9999.000 -9999.000 -9999.000 -9999.000 -9999.000 -9999.000 -9999.000
1768.315 1747.186 1733.304 1725.512 1712.624 1703.478 1693.461 1682.144 1669.574 1656.470 1642.394 1630.007 1615.251 1602.636 1592.063 1578.972 1568.486 1559.246 1551.839 1547.771 1540.547 1534.327 1526.467 1519.307 1509.706 1499.685 1489.115 1479.119 1467.285 1455.574 1444.684 -9999.000 -9999.000 -9999.000 -9999.000 -9999.000 -9999.000 -9999.000 -9999.000 -9999.000 -9999.000 -9999.000 -9999.000 -9999.000 -9999.000 -9999.000 -9999.000 -9999.000 -9999.000 -9999.000 -9999.000 -9999.000 -9999.000 -9999.000 -9999.000 -9999.000 -9999.000 -9999.000 -9999.000 -9999.000 -9999.000 -9999.000
1748.087 1730.075 1721.411 1710.769 1698.183 1691.501 1684.244 1674.921 1663.818 1650.446 1638.254 1624.212 1612.580 1601.536 1589.247 1574.792 1561.288 1551.173 1542.189 1533.482 1525.733 1519.417 1513.062 1506.449 1501.315 1489.449 1478.378 1468.060 1457.418 1446.552 1439.839 1439.965 -9999.000 -9999.000 -9999.000 -9999.000 -9999.000 -9999.000 -9999.000 -9999.000 -9999.000 -9999.000 -9999.000 -9999.000 -9999.000 -9999.000 -9999.000 -9999.000 -9999.000 -9999.000 -9999.000 -9999.000 -9999.000 -9999.000 -9999.000 -9999.000 -9999.000 -9999.000 -9999.000 -9999.000 -9999.000 -9999.000
1726.098 1714.840 1706.339 1698.715 1691.184 1680.111 1672.157 1663.905 1655.106 1643.324 1630.330 1617.646 1606.561 1594.042 1581.288 1568.323 1555.456 1543.770 1533.733 1524.776 1515.069 1506.254 1499.568 1492.895 1489.451 1482.546 1470.936 1459.158 1449.055 1439.241 1433.534 1433.531 1430.525 -9999.000 -9999.000 -9999.000 -9999.000 -9999.000 -9999.000 -9999.000 -9999.000 -9999.000 -9999.000 -9999.000 -9999.000 -9999.000 -9999.000 -9999.000 -9999.000 -9999.000 -9999.000 -9999.000 -9999.000 -9999.000 -9999.000 -9999.000 -9999.000 -9999.000 -9999.000 -9999.000 -9999.000 -9999.000
1717.723 1705.021 1695.043 1685.088 1679.817 1671.969 1662.398 1653.047 1644.854 1636.024 1623.508 1609.448 1598.392 1586.913 1576.424 1564.027 1552.045 1540.289 1528.859 1518.947 1509.935 1497.596 1489.172 1480.107 1475.456 1472.374 1463.150 1451.912 1440.696 1431.499 1424.018 1425.918 1422.704 1418.477 -9999.000 -9999.000 -9999.000 -9999.000 -9999.000 -9999.000 -9999.000 -9999.000 -9999.000 -9999.000 -9999.000 -9999.000 -9999.000 -9999.000 -9999.000 -9999.000 -9999.000 -9999.000 -9999.000 -9999.000 -9999.000 -9999.000 -9999.000 -9999.000 -9999.000 -9999.000 -9999.000 -9999.000
1713.264 1702.552 1689.363 1680.579 1670.765 1660.364 1653.057 1642.818 1632.868 1625.314 1616.287 1604.423 1589.598 1578.560 1568.340 1558.726 1551.262 1536.023 1522.871 1514.030 1503.646 1493.492 1484.240 1474.804 1465.217 1459.736 1454.062 1443.403 1431.690 1423.737 1415.090 1419.974 1416.017 1411.181 1406.721 -9999.000 -9999.000 -9999.000 -9999.000 -9999.000 -9999.000 -9999.000 -9999.000 -9999.000 -9999.000 -9999.000 -9999.000 -9999.000 -9999.000 -9999.000 -9999.000 -9999.000 -9999.000 -9999.000 -9999.000 -9999.000 -9999.000 -9999.000 -9999.000 -9999.000 -9999.000 -9999.000
1705.557 1697.372 1686.434 1675.024 1663.765 1650.521 1644.303 1634.156 1625.922 1614.371 1605.950 1595.092 1585.288 1569.961 1559.610 1549.084 1544.930 1537.031 1521.451 1505.907 1496.444 1487.859 1477.591 1468.509 1459.168 1449.771 1443.178 1435.758 1424.106 1415.435 1409.259 1411.355 1408.607 1403.662 1399.862 1401.189 1399.220 -9999.000 -9999.000 -9999.000 -9999.000 -9999.000 -9999.000 -9999.000 -9999.000 -9999.000 -9999.000 -9999.000 -9999.000 -9999.000 -9999.000 -9999.000 -9999.000 -9999.000 -9999.000 -9999.000 -9999.000 -9999.000 -9999.000 -9999.000 -9999.000 -9999.000
1693.667 1690.847 1682.733 1671.465 1662.303 1650.248 1642.035 1627.453 1615.219 1604.980 1595.054 1585.161 1575.706 1566.329 1551.779 1542.049 1530.185 1521.705 1512.956 1503.116 1489.892 1480.771 1472.192 1462.485 1453.843 1444.479 1434.438 1424.554 1417.623 1408.327 1401.922 1399.967 1402.090 1396.443 1391.815 1390.413 1390.001 1383.503 -9999.000 -9999.000 -9999.000 -9999.000 -9999.000 -9999.000 -9999.000 -9999.000 -9999.000 -9999.000 -9999.000 -9999.000 -9999.000 -9999.000 -9999.000 -9999.000 -9999.000 -9999.000 -9999.000 -9999.000 -9999.000 -9999.000 -9999.000 -9999.000
1677.789 1679.616 1673.003 1666.528 1657.455 1645.913 1633.036 1619.019 1608.082 1594.975 1588.126 1578.004 1568.826 1557.754 1547.226 1535.931 1523.524 1512.028 1501.010 1490.014 1482.073 1473.781 1465.656 1457.143 1447.780 1439.629 1429.848 1420.976 1412.920 1402.424 1395.209 1392.071 1394.934 1389.267 1384.413 1382.962 1380.857 1375.967 1365.130 -9999.000 -9999.000 -9999.000 -9999.000 -9999.000 -9999.000 -9999.000 -9999.000 -9999.000 -9999.000 -9999.000 -9999.000 -9999.000 -9999.000 -9999.000 -9999.000 -9999.000 -9999.000 -9999.000 -9999.000 -9999.000 -9999.000 -9999.000
1654.648 1661.719 1669.687 1658.276 1651.085 1638.436 1624.960 1611.158 1599.238 1589.762 1580.807 1571.908 1560.965 1553.355 1542.463 1533.081 1524.802 1511.562 1497.792 1485.531 1474.945 1464.108 1455.608 1449.069 1441.992 1433.853 1424.760 1415.651 1407.166 1398.465 1389.724 1382.972 1387.829 1381.613 1377.790 1375.817 1372.947 1366.995 1359.524 1345.066 -9999.000 -9999.000 -9999.000 -9999.000 -9999.000 -9999.000 -9999.000 -9999.000 -9999.000 -9999.000 -9999.000 -9999.000 -9999.000 -9999.000 -9999.000 -9999.000 -9999.000 -9999.000 -9999.000 -9999.000 -9999.000 -9999.000
1628.032 1642.515 1649.715 1655.883 1646.940 1633.862 1618.739 1603.834 1591.686 1580.427 1572.364 1563.037 1553.962 1544.870 1536.047 1527.700 1518.987 1511.285 1503.577 1490.866 1477.071 1463.760 1449.925 1440.567 1433.727 1427.650 1420.879 1411.528 1402.582 1395.274 1382.718 1375.741 1381.938 1375.539 1371.781 1369.440 1368.298 1359.282 1352.917 1339.939 1326.243 -9999.000 -9999.000 -9999.000 -9999.000 -9999.000 -9999.000 -9999.000 -9999.000 -9999.000 -9999.000 -9999.000 -9999.000 -9999.000 -9999.000 -9999.000 -9999.000 -9999.000 -9999.000 -9999.000 -9999.000 -9999.000
1613.386 1615.483 1624.745 1630.423 1639.246 1628.251 1612.630 1595.731 1581.338 1570.536 1559.533 1551.836 1544.136 1534.855 1527.396 1519.506 1512.166 1504.635 1497.198 1490.907 1480.812 1467.920 1454.913 1439.455 1426.107 1417.567 1413.392 1407.085 1397.944 1390.257 1378.701 1369.265 1376.162 1370.262 1365.184 1361.218 1360.869 1354.199 1345.474 1334.823 1323.314 1312.049 -9999.000 -9999.000 -9999.000 -9999.000 -9999.000 -9999.000 -9999.000 -9999.000 -9999.000 -9999.000 -9999.000 -9999.000 -9999.000 -9999.000 -9999.000 -9999.000 -9999.000 -9999.000 -9999.000 -9999.000
1612.001 1593.805 1593.155 1601.222 1613.776 1615.336 1600.524 1587.942 1574.057 1556.686 1546.744 1538.722 1535.192 1529.652 1518.836 1510.545 1504.210 1498.127 1488.658 1480.235 1473.513 1463.461 1450.894 1441.955 1429.337 1414.869 1404.854 1399.180 1392.793 1386.067 1376.428 1363.822 1368.517 1362.787 1358.206 1357.731 1350.935 1347.596 1340.003 1331.809 1322.147 1311.773 1301.502 -9999.000 -9999.000 -9999.000 -9999.000 -9999.000 -9999.000 -9999.000 -9999.000 -9999.000 -9999.000 -9999.000 -9999.000 -9999.000 -9999.000 -9999.000 -9999.000 -9999.000 -9999.000 -9999.000
1611.238 1596.143 1578.712 1568.661 1586.467 1591.617 1585.227 1573.436 1558.649 1545.771 1533.149 1524.963 1520.897 1516.007 1506.939 1498.434 1498.275 1492.613 1484.432 1472.482 1462.397 1455.406 1445.260 1432.871 1424.798 1416.050 1403.270 1391.836 1385.295 1381.028 1372.596 1356.807 1361.829 1355.903 1352.160 1350.967 1348.870 1341.419 1334.763 1328.379 1321.012 1311.883 1302.117 1292.801 1288.942 -9999.000 -9999.000 -9999.000 -9999.000 -9999.000 -9999.000 -9999.000 -9999.000 -9999.000 -9999.000 -9999.000 -9999.000 -9999.000 -9999.000 -9999.000 -9999.000 -9999.000
1613.964 1596.061 1581.097 1562.232 1554.102 1555.156 1569.917 1559.263 1546.039 1533.660 1522.414 1512.176 1505.251 1501.098 1494.197 1484.700 1486.064 1485.561 1479.051 1467.710 1455.937 1443.638 1436.079 1425.441 1415.892 1408.396 1401.018 1391.267 1379.069 1372.403 1365.894 1353.877 1352.995 1350.774 1343.674 1346.821 1344.019 1339.542 1333.316 1325.972 1316.865 1307.918 1302.451 1292.035 1284.530 1286.387 -9999.000 -9999.000 -9999.000 -9999.000 -9999.000 -9999.000 -9999.000 -9999.000 -9999.000 -9999.000 -9999.000 -9999.000 -9999.000 -9999.000 -9999.000 -9999.000
1611.280 1596.134 1582.230 1564.646 1546.444 1539.925 1547.063 1548.570 1533.639 1522.490 1511.916 1501.539 1492.557 1484.663 1479.652 1470.542 1471.898 1471.125 1467.937 1459.980 1449.959 1439.401 1425.714 1417.077 1407.576 1400.906 1394.322 1386.936 1379.891 1367.720 1360.172 1353.385 1344.474 1340.910 1339.021 1346.273 1335.097 1335.788 1328.175 1321.508 1315.150 1306.401 1298.480 1291.881 1283.268 1279.714 1278.561 -9999.000 -9999.000 -9999.000 -9999.000 -9999.000 -9999.000 -9999.000 -9999.000 -9999.000 -9999.000 -9999.000 -9999.000 -9999.000 -9999.000 -9999.000
1617.618 1601.345 1584.059 1562.986 1546.166 1530.749 1532.326 1530.927 1520.356 1511.868 1502.062 1492.186 1482.711 1475.021 1466.221 1458.734 1456.104 1457.632 1453.619 1450.112 1441.270 1431.031 1420.467 1409.101 1399.858 1393.084 1387.022 1380.332 1374.971 1367.476 1354.687 1349.303 1338.961 1336.828 1334.638 1341.316 1329.023 1327.449 1324.740 1316.097 1308.451 1301.605 1293.697 1288.361 1283.243 1278.054 1273.928 1273.328 -9999.000 -9999.000 -9999.000 -9999.000 -9999.000 -9999.000 -9999.000 -9999.000 -9999.000 -9999.000 -9999.000 -9999.000 -9999.000 -9999.000
1617.677 1600.562 1590.151 1561.816 1540.498 1525.042 1519.411 1522.524 1512.562 1503.258 1494.296 1484.256 1474.362 1464.406 1458.117 1448.950 1442.726 1442.335 1440.073 1437.435 1432.585 1423.138 1411.905 1401.091 1392.162 1385.437 1380.355 1373.499 1367.136 1357.782 1348.824 1341.025 1337.317 1330.781 1329.253 1333.911 1326.222 1319.297 1316.914 1311.200 1302.361 1295.406 1288.672 1280.497 1280.834 1279.306 1271.869 1270.344 1273.028 -9999.000 -9999.000 -9999.000 -9999.000 -9999.000 -9999.000 -9999.000 -9999.000 -9999.000 -9999.000 -9999.000 -9999.000 -9999.000
1612.559 1593.643 1575.854 1555.906 1539.178 1523.357 1511.500 1509.668 1506.408 1497.575 1488.432 1479.213 1468.931 1458.142 1449.216 1441.255 1432.468 1427.981 1425.694 1423.469 1420.310 1412.371 1402.596 1393.564 1384.951 1376.852 1370.459 1364.638 1356.587 1347.760 1340.914 1334.408 1338.227 1326.683 1323.892 1322.904 1325.264 1313.661 1311.042 1307.817 1300.661 1290.505 1282.684 1277.955 1276.622 1275.329 1274.966 1275.428 1269.232 1267.618 -9999.000 -9999.000 -9999.000 -9999.000 -9999.000 -9999.000 -9999.000 -9999.000 -9999.000 -9999.000 -9999.000 -9999.000
1602.393 1586.445 1568.727 1549.390 1534.134 1519.253 1505.420 1498.084 1499.875 1491.490 1482.706 1475.721 1470.814 1460.274 1447.927 1434.534 1425.271 1415.518 1411.837 1409.543 1404.606 1396.808 1392.008 1383.040 1374.825 1368.296 1361.589 1354.789 1349.080 1344.246 1338.130 1329.818 1327.436 1322.847 1319.233 1316.980 1324.572 1310.731 1303.832 1304.305 1297.965 1288.603 1279.277 1272.339 1270.356 1268.133 1267.060 1266.871 1267.794 1265.390 1264.665 1263.416 -9999.000 -9999.000 -9999.000 -9999.000 -9999.000 -9999.000 -9999.000 -9999.000 -9999.000 -9999.000
1589.946 1574.766 1558.547 1544.417 1528.525 1511.323 1502.613 1490.126 1488.297 1484.027 1476.610 1468.418 1463.550 1461.865 1448.950 1434.956 1420.783 1409.217 1401.824 1396.026 1390.049 1381.966 1377.592 1375.283 1367.961 1358.099 1349.968 1347.713 1344.241 1339.635 1331.914 1320.958 1318.762 1323.944 1314.266 1311.820 1314.200 1310.710 1301.055 1298.018 1292.481 1283.994 1275.311 1269.823 1267.714 1265.959 1264.587 1263.427 1264.639 1263.056 1261.463 1260.869 1259.085 -9999.000 -9999.000 -9999.000 -9999.000 -9999.000 -9999.000 -9999.000 -9999.000 -9999.000
1574.767 1567.567 1555.139 1539.337 1517.036 1499.276 1493.454 1486.474 1476.674 1477.804 1469.455 1462.107 1455.218 1454.554 1448.802 1435.202 1420.600 1406.430 1394.685 1385.987 1377.203 1372.052 1365.182 1360.300 1354.311 1346.708 1340.406 1338.324 1335.009 1329.970 1321.293 1312.663 1313.111 1318.489 1309.505 1307.061 1304.843 1311.031 1300.005 1294.778 1290.271 1282.722 1276.136 1271.869 1268.614 1265.826 1262.902 1261.513 1261.809 1262.350 1260.161 1257.559 1256.429 1254.653 -9999.000 -9999.000 -9999.000 -9999.000 -9999.000 -9999.000 -9999.000 -9999.000
1564.699 1554.987 1547.039 1531.188 1507.063 1492.482 1481.221 1478.729 1470.867 1464.722 1461.672 1454.594 1448.170 1442.840 1440.859 1433.438 1421.712 1407.750 1393.207 1381.191 1369.713 1360.979 1353.888 1346.406 1340.259 1334.569 1332.710 1328.392 1320.396 1318.029 1310.708 1306.572 1307.390 1308.829 1308.849 1301.892 1299.359 1306.739 1296.614 1291.878 1287.379 1282.705 1278.132 1273.887 1270.189 1266.455 1262.332 1260.017 1259.786 1259.684 1258.991 1256.409 1253.882 1252.245 1250.914 -9999.000 -9999.000 -9999.000 -9999.000 -9999.000 -9999.000 -9999.000
1548.134 1538.927 1533.489 1511.628 1496.237 1481.444 1471.045 1468.409 1466.054 1456.550 1454.516 1447.146 1440.917 1435.277 1431.206 1424.744 1417.233 1408.772 1397.526 1382.928 1368.144 1355.677 1346.552 1338.040 1328.765 1324.426 1322.098 1315.145 1306.859 1301.938 1299.628 1300.473 1300.976 1301.290 1309.882 1297.309 1294.391 1296.762 1295.158 1288.566 1284.929 1282.150 1277.426 1273.452 1269.893 1266.272 1262.352 1258.818 1257.080 1257.048 1255.077 1253.481 1251.656 1250.097 1248.633 1247.763 -9999.000 -9999.000 -9999.000 -9999.000 -9999.000 -9999.000
1540.458 1524.307 1509.435 1497.434 1487.519 1471.926 1460.249 1459.979 1457.114 1452.810 1441.696 1440.476 1433.509 1427.392 1422.371 1417.101 1409.511 1400.591 1392.409 1381.446 1369.078 1354.221 1341.153 1332.368 1323.235 1315.183 1307.935 1301.237 1295.473 1292.921 1293.356 1295.548 1296.922 1295.032 1302.745 1296.210 1290.240 1288.565 1295.811 1284.384 1281.612 1278.839 1275.478 1271.579 1267.667 1264.370 1260.832 1258.286 1255.899 1254.229 1252.217 1250.779 1248.836 1247.222 1246.018 1245.484 1244.990 -9999.000 -9999.000 -9999.000 -9999.000 -9999.000
1535.994 1523.153 1507.682 1493.547 1479.392 1467.467 1453.400 1448.790 1448.386 1444.746 1437.498 1431.515 1426.798 1419.504 1414.617 1406.669 1399.785 1391.777 1382.520 1371.986 1361.184 1350.793 1336.852 1325.877 1318.138 1310.527 1302.190 1294.469 1289.697 1288.639 1290.075 1290.660 1292.415 1290.708 1292.934 1299.357 1286.485 1284.582 1291.702 1281.573 1278.832 1276.220 1273.153 1269.658 1266.381 1262.788 1259.323 1256.591 1254.246 1252.957 1251.385 1249.224 1247.146 1245.147 1243.950 1243.232 1243.148 1241.452 1239.513 -9999.000 -9999.000 -9999.000
1522.557 1515.447 1505.885 1491.165 1475.081 1460.193 1444.749 1438.238 1438.799 1436.251 1431.230 1422.915 1420.530 1412.580 1405.601 1398.313 1388.918 1380.508 1371.388 1361.652 1350.311 1339.469 1331.381 1322.405 1313.583 1305.909 1298.518 1290.945 1286.315 1285.854 1286.893 1287.512 1286.329 1286.549 1286.979 1290.292 1285.839 1280.233 1282.524 1281.183 1275.538 1271.988 1270.532 1268.145 1265.279 1261.970 1258.364 1255.691 1253.305 1251.208 1249.434 1248.013 1245.775 1244.250 1242.924 1241.484 1240.025 1239.740 1238.306 1237.868 -9999.000 -9999.000
1504.628 1498.182 1494.881 1482.737 1467.144 1453.346 1439.306 1429.721 1429.517 1427.542 1422.314 1419.507 1410.798 1407.812 1399.074 1391.525 1382.839 1373.106 1362.875 1351.576 1340.753 1332.788 1324.836 1317.170 1310.045 1303.267 1295.889 1288.484 1283.585 1283.507 1283.214 1282.760 1282.437 1282.586 1282.768 1282.527 1288.178 1276.424 1274.894 1282.015 1271.822 1268.812 1267.187 1264.395 1262.571 1259.734 1257.293 1254.548 1252.719 1249.852 1247.985 1246.542 1244.552 1242.555 1241.364 1239.818 1239.243 1238.257 1238.172 1236.833 1236.830 -9999.000
