AvaFrame/avaframe/data/avaGar/Avaflow_Input_Output_s/gar_results/gar_ascii/gar_hflow_max0029.asc
ncols 130
nrows 97
xllcenter 247320.75
yllcenter 350697.47
cellsize 20.00
NODATA_value -9999.000
[rows 34 to 67 of 97, columns 0 to 76 of 130]
0.000 0.000 0.000 0.000 0.000 0.000 0.000 0.000 0.000 0.000 0.001 0.001 0.002 0.003 0.003 0.003 0.007 0.015 0.024 0.028 0.024 0.021 0.024 0.033 0.035 0.042 0.055 0.063 0.060 0.054 0.075 0.225 0.249 0.215 0.157 0.127 0.110 0.119 0.172 0.241 0.333 0.464 0.631 0.749 0.822 1.036 2.580 5.004 6.674 7.178 6.804 6.283 5.820 5.887 6.048 6.109 6.117 5.929 5.586 4.933 3.212 1.243 0.347 0.132 0.067 0.039 0.025 0.016 0.010 0.006 0.004 0.002 0.002 0.001 0.000 0.000 0.000
0.000 0.000 0.000 0.000 0.000 0.000 0.000 0.000 0.000 0.000 0.000 0.001 0.002 0.003 0.003 0.003 0.005 0.010 0.018 0.025 0.027 0.025 0.020 0.022 0.021 0.020 0.025 0.034 0.041 0.044 0.043 0.072 0.090 0.095 0.091 0.086 0.077 0.069 0.069 0.078 0.103 0.154 0.241 0.371 0.592 0.812 1.638 3.137 5.065 6.025 6.559 6.512 6.182 5.933 5.866 5.828 5.767 5.928 5.977 5.957 5.266 3.216 1.062 0.296 0.121 0.067 0.045 0.030 0.019 0.012 0.008 0.005 0.003 0.002 0.001 0.001 0.000
0.000 0.000 0.000 0.000 0.000 0.000 0.000 0.000 0.000 0.000 0.000 0.001 0.001 0.003 0.003 0.003 0.004 0.006 0.012 0.021 0.027 0.028 0.025 0.016 0.014 0.012 0.014 0.020 0.026 0.030 0.033 0.037 0.060 0.071 0.074 0.074 0.071 0.064 0.055 0.046 0.048 0.063 0.101 0.195 0.345 0.534 0.939 1.706 2.730 3.675 4.433 4.633 4.490 4.161 3.643 3.195 3.043 3.463 4.553 5.807 6.417 5.434 2.781 0.735 0.214 0.102 0.066 0.045 0.031 0.022 0.014 0.009 0.005 0.003 0.002 0.001 0.001
0.000 0.000 0.000 0.000 0.000 0.000 0.000 0.000 0.000 0.000 0.000 0.000 0.001 0.002 0.003 0.003 0.003 0.004 0.007 0.013 0.021 0.027 0.028 0.024 0.016 0.009 0.009 0.013 0.018 0.020 0.022 0.025 0.031 0.042 0.048 0.052 0.056 0.056 0.054 0.048 0.049 0.056 0.080 0.123 0.196 0.294 0.477 0.796 1.187 1.529 1.810 1.879 1.747 1.521 1.215 0.939 0.794 0.879 1.589 3.776 6.458 6.839 5.048 1.844 0.445 0.132 0.075 0.054 0.039 0.030 0.021 0.014 0.009 0.005 0.003 0.002 0.001
0.000 0.000 0.000 0.000 0.000 0.000 0.000 0.000 0.000 0.000 0.000 0.000 0.001 0.002 0.003 0.003 0.003 0.003 0.003 0.005 0.010 0.018 0.025 0.028 0.024 0.019 0.015 0.011 0.013 0.014 0.014 0.017 0.020 0.021 0.026 0.032 0.038 0.044 0.048 0.049 0.049 0.054 0.065 0.083 0.107 0.123 0.150 0.231 0.355 0.453 0.516 0.523 0.475 0.409 0.321 0.244 0.195 0.205 0.360 1.351 4.761 6.810 6.503 3.894 0.937 0.217 0.074 0.051 0.040 0.033 0.026 0.020 0.014 0.009 0.005 0.003 0.002
0.000 0.000 0.000 0.000 0.000 0.000 0.000 0.000 0.000 0.000 0.000 0.000 0.000 0.001 0.002 0.003 0.003 0.002 0.002 0.002 0.004 0.008 0.014 0.021 0.024 0.024 0.022 0.019 0.013 0.010 0.010 0.013 0.014 0.014 0.016 0.022 0.028 0.036 0.042 0.045 0.047 0.050 0.055 0.065 0.065 0.055 0.041 0.052 0.080 0.109 0.126 0.128 0.120 0.105 0.089 0.072 0.059 0.060 0.094 0.391 2.580 6.100 7.291 6.030 2.364 0.487 0.103 0.042 0.038 0.033 0.028 0.023 0.018 0.013 0.008 0.005 0.003
0.000 0.000 0.000 0.000 0.000 0.000 0.000 0.000 0.000 0.000 0.000 0.000 0.000 0.000 0.001 0.003 0.003 0.002 0.001 0.001 0.002 0.004 0.007 0.011 0.015 0.018 0.021 0.022 0.020 0.015 0.010 0.010 0.010 0.010 0.012 0.016 0.022 0.030 0.036 0.040 0.042 0.045 0.046 0.046 0.045 0.039 0.027 0.020 0.020 0.029 0.036 0.039 0.039 0.035 0.031 0.026 0.022 0.019 0.036 0.156 1.070 4.252 6.811 7.232 5.168 1.792 0.308 0.067 0.043 0.032 0.028 0.025 0.021 0.017 0.012 0.007 0.005
0.000 0.000 0.000 0.000 0.000 0.000 0.000 0.000 0.000 0.000 0.000 0.000 0.000 0.000 0.001 0.002 0.002 0.001 0.001 0.001 0.001 0.003 0.004 0.006 0.008 0.010 0.013 0.017 0.019 0.019 0.016 0.012 0.009 0.008 0.008 0.012 0.017 0.023 0.030 0.034 0.037 0.038 0.035 0.028 0.026 0.024 0.022 0.018 0.015 0.014 0.014 0.018 0.021 0.022 0.021 0.017 0.014 0.013 0.023 0.081 0.441 2.081 5.039 7.044 7.121 5.418 2.436 0.588 0.167 0.070 0.040 0.026 0.024 0.020 0.015 0.010 0.006
0.000 0.000 0.000 0.000 0.000 0.000 0.000 0.000 0.000 0.000 0.000 0.000 0.000 0.000 0.001 0.001 0.002 0.002 0.001 0.000 0.001 0.002 0.003 0.004 0.005 0.007 0.009 0.010 0.012 0.015 0.017 0.017 0.013 0.007 0.007 0.008 0.012 0.018 0.023 0.028 0.032 0.034 0.030 0.023 0.019 0.017 0.016 0.015 0.014 0.013 0.013 0.014 0.016 0.018 0.018 0.016 0.014 0.014 0.016 0.045 0.179 0.792 2.743 5.282 6.909 7.158 6.080 3.564 1.198 0.306 0.128 0.079 0.047 0.028 0.019 0.014 0.009
0.000 0.000 0.000 0.000 0.000 0.000 0.000 0.000 0.000 0.000 0.000 0.000 0.000 0.000 0.001 0.001 0.001 0.001 0.000 0.000 0.000 0.001 0.002 0.003 0.004 0.005 0.007 0.008 0.009 0.011 0.014 0.015 0.017 0.012 0.007 0.006 0.008 0.012 0.018 0.023 0.028 0.030 0.028 0.023 0.019 0.016 0.014 0.013 0.012 0.011 0.010 0.011 0.011 0.012 0.014 0.016 0.016 0.015 0.014 0.023 0.073 0.268 0.979 2.787 5.040 6.577 7.129 6.356 3.967 1.550 0.534 0.299 0.177 0.106 0.062 0.035 0.021
0.000 0.000 0.000 0.000 0.000 0.000 0.000 0.000 0.000 0.000 0.000 0.000 0.000 0.000 0.000 0.000 0.001 0.001 0.000 0.000 0.000 0.000 0.001 0.002 0.003 0.004 0.005 0.006 0.007 0.009 0.011 0.013 0.015 0.017 0.013 0.007 0.006 0.008 0.013 0.018 0.023 0.026 0.026 0.023 0.020 0.017 0.014 0.012 0.011 0.010 0.009 0.008 0.007 0.006 0.007 0.008 0.011 0.013 0.013 0.013 0.025 0.081 0.288 0.913 2.332 4.156 6.065 6.791 6.214 3.980 1.933 1.045 0.609 0.364 0.217 0.140 0.086
0.000 0.000 0.000 0.000 0.000 0.000 0.000 0.000 0.000 0.000 0.000 0.000 0.000 0.000 0.000 0.000 0.000 0.000 0.000 0.000 0.000 0.000 0.001 0.001 0.002 0.003 0.003 0.005 0.006 0.008 0.009 0.011 0.013 0.015 0.018 0.013 0.007 0.006 0.008 0.013 0.018 0.022 0.023 0.022 0.021 0.019 0.015 0.012 0.010 0.009 0.008 0.007 0.006 0.005 0.004 0.004 0.005 0.007 0.008 0.008 0.008 0.022 0.075 0.233 0.666 1.698 3.514 5.734 6.414 5.703 3.636 2.227 1.417 0.939 0.649 0.447 0.313
0.000 0.000 0.000 0.000 0.000 0.000 0.000 0.000 0.000 0.000 0.000 0.000 0.000 0.000 0.000 0.000 0.000 0.000 0.000 0.000 0.000 0.000 0.000 0.001 0.001 0.002 0.003 0.004 0.006 0.007 0.008 0.010 0.011 0.012 0.017 0.019 0.011 0.006 0.006 0.008 0.013 0.018 0.020 0.021 0.022 0.024 0.018 0.012 0.009 0.009 0.008 0.007 0.006 0.005 0.004 0.003 0.003 0.004 0.006 0.006 0.006 0.009 0.023 0.068 0.198 0.546 1.408 3.550 5.691 5.960 4.909 3.388 2.299 1.630 1.177 0.890 0.691
0.000 0.000 0.000 0.000 0.000 0.000 0.000 0.000 0.000 0.000 0.000 0.000 0.000 0.000 0.000 0.000 0.000 0.000 0.000 0.000 0.000 0.000 0.000 0.000 0.001 0.001 0.002 0.003 0.005 0.006 0.006 0.009 0.010 0.009 0.012 0.019 0.018 0.008 0.005 0.005 0.009 0.013 0.016 0.018 0.021 0.026 0.025 0.015 0.009 0.008 0.007 0.006 0.005 0.005 0.004 0.003 0.003 0.003 0.004 0.005 0.006 0.005 0.012 0.033 0.091 0.229 0.554 1.930 4.362 5.549 5.177 4.170 3.052 2.245 1.627 1.179 0.931
0.000 0.000 0.000 0.000 0.000 0.000 0.000 0.000 0.000 0.000 0.000 0.000 0.000 0.000 0.000 0.000 0.000 0.000 0.000 0.000 0.000 0.000 0.000 0.000 0.000 0.001 0.001 0.002 0.003 0.005 0.006 0.007 0.009 0.009 0.008 0.013 0.018 0.012 0.006 0.005 0.005 0.008 0.012 0.015 0.018 0.024 0.026 0.018 0.010 0.008 0.006 0.005 0.005 0.004 0.004 0.003 0.003 0.003 0.003 0.004 0.005 0.005 0.006 0.017 0.045 0.113 0.307 1.029 3.045 4.796 5.203 4.445 3.582 2.822 2.130 1.458 1.061
0.000 0.000 0.000 0.000 0.000 0.000 0.000 0.000 0.000 0.000 0.000 0.000 0.000 0.000 0.000 0.000 0.000 0.000 0.000 0.000 0.000 0.000 0.000 0.000 0.000 0.000 0.000 0.001 0.002 0.003 0.005 0.006 0.009 0.011 0.010 0.009 0.012 0.014 0.010 0.006 0.004 0.005 0.008 0.010 0.014 0.020 0.023 0.021 0.016 0.010 0.006 0.005 0.004 0.004 0.003 0.003 0.003 0.003 0.003 0.003 0.004 0.005 0.005 0.009 0.022 0.059 0.177 0.622 1.986 3.852 4.706 4.621 3.837 3.228 2.647 1.872 1.190
0.000 0.000 0.000 0.000 0.000 0.000 0.000 0.000 0.000 0.000 0.000 0.000 0.000 0.000 0.000 0.000 0.000 0.000 0.000 0.000 0.000 0.000 0.000 0.000 0.000 0.000 0.000 0.000 0.001 0.001 0.003 0.005 0.007 0.011 0.016 0.013 0.008 0.009 0.012 0.010 0.005 0.004 0.005 0.007 0.010 0.015 0.020 0.022 0.021 0.014 0.008 0.006 0.005 0.004 0.003 0.003 0.003 0.003 0.003 0.003 0.004 0.004 0.005 0.004 0.011 0.032 0.106 0.402 1.352 2.848 3.955 4.387 4.143 3.482 3.029 2.389 1.600
0.000 0.000 0.000 0.000 0.000 0.000 0.000 0.000 0.000 0.000 0.000 0.000 0.000 0.000 0.000 0.000 0.000 0.000 0.000 0.000 0.000 0.000 0.000 0.000 0.000 0.000 0.000 0.000 0.000 0.000 0.001 0.002 0.004 0.007 0.016 0.020 0.012 0.006 0.008 0.011 0.007 0.003 0.003 0.004 0.007 0.010 0.015 0.020 0.022 0.018 0.013 0.010 0.007 0.004 0.003 0.003 0.003 0.003 0.003 0.002 0.003 0.004 0.005 0.005 0.006 0.018 0.065 0.259 0.947 2.061 3.273 4.012 4.053 3.736 3.215 2.704 2.059
0.000 0.000 0.000 0.000 0.000 0.000 0.000 0.000 0.000 0.000 0.000 0.000 0.000 0.000 0.000 0.000 0.000 0.000 0.000 0.000 0.000 0.000 0.000 0.000 0.000 0.000 0.000 0.000 0.000 0.000 0.000 0.001 0.002 0.003 0.009 0.018 0.018 0.010 0.006 0.007 0.007 0.005 0.003 0.003 0.004 0.007 0.011 0.016 0.020 0.020 0.017 0.015 0.012 0.007 0.005 0.004 0.004 0.003 0.003 0.003 0.003 0.003 0.004 0.005 0.005 0.011 0.039 0.185 0.680 1.525 2.526 3.433 3.845 3.737 3.368 3.010 2.563
0.000 0.000 0.000 0.000 0.000 0.000 0.000 0.000 0.000 0.000 0.000 0.000 0.000 0.000 0.000 0.000 0.000 0.000 0.000 0.000 0.000 0.000 0.000 0.000 0.000 0.000 0.000 0.000 0.000 0.000 0.000 0.000 0.001 0.001 0.004 0.012 0.020 0.017 0.009 0.005 0.006 0.006 0.003 0.002 0.003 0.005 0.008 0.012 0.016 0.018 0.018 0.018 0.016 0.013 0.008 0.006 0.005 0.004 0.003 0.003 0.002 0.002 0.003 0.004 0.004 0.007 0.026 0.125 0.487 1.161 1.868 2.745 3.337 3.523 3.428 3.204 3.094
0.000 0.000 0.000 0.000 0.000 0.000 0.000 0.000 0.000 0.000 0.000 0.000 0.000 0.000 0.000 0.000 0.000 0.000 0.000 0.000 0.000 0.000 0.000 0.000 0.000 0.000 0.000 0.000 0.000 0.000 0.000 0.000 0.000 0.001 0.002 0.006 0.017 0.025 0.018 0.010 0.007 0.006 0.005 0.003 0.002 0.003 0.006 0.009 0.014 0.017 0.018 0.019 0.019 0.016 0.013 0.009 0.007 0.005 0.004 0.003 0.003 0.002 0.002 0.002 0.003 0.004 0.018 0.082 0.362 0.912 1.495 2.115 2.795 3.212 3.342 3.426 3.381
0.000 0.000 0.000 0.000 0.000 0.000 0.000 0.000 0.000 0.000 0.000 0.000 0.000 0.000 0.000 0.000 0.000 0.000 0.000 0.000 0.000 0.000 0.000 0.000 0.000 0.000 0.000 0.000 0.000 0.000 0.000 0.000 0.000 0.000 0.001 0.002 0.008 0.021 0.027 0.024 0.016 0.007 0.004 0.003 0.002 0.003 0.004 0.007 0.010 0.014 0.017 0.019 0.019 0.019 0.016 0.013 0.010 0.007 0.005 0.004 0.003 0.003 0.002 0.002 0.002 0.003 0.012 0.057 0.255 0.706 1.221 1.683 2.373 2.952 3.274 3.366 3.335
0.000 0.000 0.000 0.000 0.000 0.000 0.000 0.000 0.000 0.000 0.000 0.000 0.000 0.000 0.000 0.000 0.000 0.000 0.000 0.000 0.000 0.000 0.000 0.000 0.000 0.000 0.000 0.000 0.000 0.000 0.000 0.000 0.000 0.000 0.000 0.001 0.002 0.007 0.019 0.028 0.030 0.024 0.011 0.003 0.002 0.003 0.004 0.005 0.006 0.009 0.013 0.018 0.020 0.020 0.018 0.016 0.013 0.011 0.007 0.005 0.004 0.003 0.003 0.002 0.002 0.002 0.008 0.035 0.168 0.571 1.060 1.467 2.032 2.512 2.857 3.114 3.194
0.000 0.000 0.000 0.000 0.000 0.000 0.000 0.000 0.000 0.000 0.000 0.000 0.000 0.000 0.000 0.000 0.000 0.000 0.000 0.000 0.000 0.000 0.000 0.000 0.000 0.000 0.000 0.000 0.000 0.000 0.000 0.000 0.000 0.000 0.000 0.000 0.001 0.001 0.005 0.014 0.026 0.034 0.033 0.013 0.002 0.002 0.003 0.004 0.004 0.005 0.008 0.014 0.019 0.020 0.020 0.017 0.015 0.014 0.011 0.009 0.006 0.004 0.004 0.003 0.002 0.002 0.005 0.021 0.103 0.416 0.897 1.277 1.783 2.079 2.345 2.578 2.768
0.000 0.000 0.000 0.000 0.000 0.000 0.000 0.000 0.000 0.000 0.000 0.000 0.000 0.000 0.000 0.000 0.000 0.000 0.000 0.000 0.000 0.000 0.000 0.000 0.000 0.000 0.000 0.000 0.000 0.000 0.000 0.000 0.000 0.000 0.000 0.000 0.000 0.001 0.001 0.003 0.009 0.021 0.034 0.031 0.013 0.002 0.002 0.003 0.004 0.004 0.004 0.009 0.016 0.020 0.020 0.018 0.016 0.015 0.013 0.011 0.010 0.008 0.006 0.004 0.003 0.002 0.003 0.014 0.064 0.263 0.671 1.074 1.487 1.763 1.920 2.106 2.324
0.000 0.000 0.000 0.000 0.000 0.000 0.000 0.000 0.000 0.000 0.000 0.000 0.000 0.000 0.000 0.000 0.000 0.000 0.000 0.000 0.000 0.000 0.000 0.000 0.000 0.000 0.000 0.000 0.000 0.000 0.000 0.000 0.000 0.000 0.000 0.000 0.000 0.000 0.001 0.001 0.002 0.005 0.015 0.028 0.027 0.011 0.002 0.002 0.002 0.003 0.004 0.006 0.013 0.018 0.020 0.019 0.016 0.015 0.014 0.013 0.011 0.010 0.008 0.007 0.005 0.003 0.002 0.009 0.037 0.152 0.453 0.905 1.328 1.619 1.696 1.814 1.905
0.000 0.000 0.000 0.000 0.000 0.000 0.000 0.000 0.000 0.000 0.000 0.000 0.000 0.000 0.000 0.000 0.000 0.000 0.000 0.000 0.000 0.000 0.000 0.000 0.000 0.000 0.000 0.000 0.000 0.000 0.000 0.000 0.000 0.000 0.000 0.000 0.000 0.000 0.000 0.000 0.001 0.002 0.006 0.016 0.026 0.024 0.008 0.002 0.002 0.002 0.003 0.006 0.011 0.016 0.019 0.019 0.015 0.012 0.012 0.012 0.012 0.011 0.010 0.009 0.008 0.005 0.002 0.006 0.021 0.087 0.300 0.700 1.079 1.428 1.544 1.533 1.594
0.000 0.000 0.000 0.000 0.000 0.000 0.000 0.000 0.000 0.000 0.000 0.000 0.000 0.000 0.000 0.000 0.000 0.000 0.000 0.000 0.000 0.000 0.000 0.000 0.000 0.000 0.000 0.000 0.000 0.000 0.000 0.000 0.000 0.000 0.000 0.000 0.000 0.000 0.000 0.000 0.000 0.001 0.003 0.010 0.023 0.029 0.020 0.005 0.003 0.002 0.003 0.004 0.009 0.015 0.017 0.018 0.015 0.010 0.009 0.010 0.011 0.011 0.011 0.010 0.009 0.008 0.005 0.004 0.014 0.054 0.201 0.501 0.884 1.155 1.361 1.416 1.405
0.000 0.000 0.000 0.000 0.000 0.000 0.000 0.000 0.000 0.000 0.000 0.000 0.000 0.000 0.000 0.000 0.000 0.000 0.000 0.000 0.000 0.000 0.000 0.000 0.000 0.000 0.000 0.000 0.000 0.000 0.000 0.000 0.000 0.000 0.000 0.000 0.000 0.000 0.000 0.000 0.000 0.000 0.001 0.004 0.015 0.028 0.028 0.013 0.005 0.004 0.003 0.004 0.007 0.013 0.016 0.016 0.015 0.011 0.007 0.006 0.008 0.010 0.011 0.010 0.010 0.010 0.008 0.005 0.009 0.035 0.141 0.402 0.674 0.950 1.168 1.311 1.342
0.000 0.000 0.000 0.000 0.000 0.000 0.000 0.000 0.000 0.000 0.000 0.000 0.000 0.000 0.000 0.000 0.000 0.000 0.000 0.000 0.000 0.000 0.000 0.000 0.000 0.000 0.000 0.000 0.000 0.000 0.000 0.000 0.000 0.000 0.000 0.000 0.000 0.000 0.000 0.000 0.000 0.000 0.000 0.001 0.005 0.016 0.027 0.023 0.015 0.009 0.007 0.006 0.006 0.010 0.014 0.015 0.015 0.013 0.008 0.005 0.005 0.006 0.009 0.010 0.010 0.010 0.010 0.008 0.006 0.024 0.106 0.317 0.550 0.755 0.976 1.153 1.269
0.000 0.000 0.000 0.000 0.000 0.000 0.000 0.000 0.000 0.000 0.000 0.000 0.000 0.000 0.000 0.000 0.000 0.000 0.000 0.000 0.000 0.000 0.000 0.000 0.000 0.000 0.000 0.000 0.000 0.000 0.000 0.000 0.000 0.000 0.000 0.000 0.000 0.000 0.000 0.000 0.000 0.000 0.000 0.001 0.002 0.007 0.019 0.025 0.024 0.019 0.014 0.010 0.009 0.009 0.012 0.014 0.014 0.014 0.011 0.006 0.004 0.003 0.005 0.008 0.010 0.010 0.011 0.010 0.008 0.019 0.084 0.256 0.438 0.585 0.773 0.957 1.127
0.000 0.000 0.000 0.000 0.000 0.000 0.000 0.000 0.000 0.000 0.000 0.000 0.000 0.000 0.000 0.000 0.000 0.000 0.000 0.000 0.000 0.000 0.000 0.000 0.000 0.000 0.000 0.000 0.000 0.000 0.000 0.000 0.000 0.000 0.000 0.000 0.000 0.000 0.000 0.000 0.000 0.000 0.000 0.000 0.001 0.003 0.009 0.019 0.024 0.027 0.026 0.021 0.015 0.012 0.011 0.012 0.013 0.014 0.014 0.010 0.005 0.003 0.002 0.004 0.007 0.009 0.011 0.011 0.010 0.017 0.075 0.214 0.361 0.491 0.615 0.758 0.937
0.000 0.000 0.000 0.000 0.000 0.000 0.000 0.000 0.000 0.000 0.000 0.000 0.000 0.000 0.000 0.000 0.000 0.000 0.000 0.000 0.000 0.000 0.000 0.000 0.000 0.000 0.000 0.000 0.000 0.000 0.000 0.000 0.000 0.000 0.000 0.000 0.000 0.000 0.000 0.000 0.000 0.000 0.000 0.000 0.000 0.001 0.003 0.008 0.015 0.022 0.026 0.027 0.025 0.024 0.024 0.022 0.017 0.013 0.015 0.014 0.010 0.004 0.002 0.002 0.003 0.005 0.008 0.010 0.010 0.015 0.066 0.188 0.307 0.402 0.500 0.597 0.711
0.000 0.000 0.000 0.000 0.000 0.000 0.000 0.000 0.000 0.000 0.000 0.000 0.000 0.000 0.000 0.000 0.000 0.000 0.000 0.000 0.000 0.000 0.000 0.000 0.000 0.000 0.000 0.000 0.000 0.000 0.000 0.000 0.000 0.000 0.000 0.000 0.000 0.000 0.000 0.000 0.000 0.000 0.000 0.000 0.000 0.000 0.001 0.002 0.005 0.007 0.012 0.019 0.024 0.026 0.028 0.031 0.030 0.024 0.017 0.015 0.014 0.009 0.003 0.002 0.002 0.002 0.003 0.005 0.007 0.011 0.050 0.158 0.273 0.348 0.405 0.473 0.548
