AvaFrame/avaframe/data/avaGar/Avaflow_Input_Output_s/gar_results/gar_ascii/gar_elev.asc
ncols 130
nrows 97
xllcenter 247320.75
yllcenter 350697.47
cellsize 20.00
NODATA_value -9999.000
[rows 28 to 55 of 97, columns 0 to 61 of 130]
-9999.000 2464.427 2452.257 2429.675 2401.076 2387.212 2376.907 2371.960 2360.268 2343.963 2342.588 2360.195 2366.144 2362.429 2365.447 2350.656 2338.015 2333.605 2314.796 2298.961 2281.189 2262.796 2247.959 2235.810 2220.226 2206.645 2193.603 2180.627 2168.058 2155.990 2144.692 2133.877 2123.367 2114.521 2108.055 2096.469 2081.321 2068.892 2053.161 2033.922 2020.098 2003.050 1992.271 1972.726 1960.060 1980.137 1968.962 1948.308 1929.375 1900.521 1862.416 1889.924 1856.970 1833.057 1816.166 1823.320 1835.025 1813.528 1828.301 1837.150 1821.962 1797.094
-9999.000 -9999.000 2447.909 2418.052 2400.745 2381.774 2365.714 2351.084 2345.536 2332.431 2321.880 2333.582 2340.221 2336.809 2350.438 2338.454 2330.126 2315.023 2318.681 2301.823 2286.130 2270.326 2257.232 2244.888 2232.596 2214.875 2200.646 2184.957 2171.852 2158.053 2144.921 2133.058 2121.871 2112.816 2105.355 2100.955 2086.563 2075.569 2055.342 2040.336 2024.952 2011.944 1999.385 1969.239 1947.847 1942.352 1972.595 1952.485 1926.821 1896.660 1860.666 1842.103 1862.079 1843.857 1808.500 1794.544 1815.882 1809.148 1797.068 1819.565 1811.475 1793.809
-9999.000 -9999.000 2438.619 2416.908 2401.375 2385.687 2366.004 2348.846 2328.616 2313.538 2299.558 2290.411 2291.182 2298.012 2320.106 2317.096 2317.457 2301.309 2300.073 2303.125 2290.950 2280.152 2267.248 2250.827 2237.802 2223.451 2208.006 2193.989 2180.251 2166.465 2150.605 2139.345 2127.985 2118.389 2107.267 2096.083 2090.040 2077.618 2060.139 2046.650 2032.081 2014.769 1995.822 1975.111 1940.978 1907.085 1936.473 1947.398 1923.800 1901.327 1860.375 1823.319 1829.993 1829.005 1804.607 1783.506 1776.702 1798.865 1779.772 1785.520 1785.595 1772.412
-9999.000 -9999.000 2447.311 2417.416 2403.408 2384.429 2366.178 2347.174 2331.492 2317.122 2302.013 2282.238 2276.695 2274.479 2287.682 2315.424 2311.598 2295.941 2275.591 2283.637 2292.408 2282.843 2273.604 2260.185 2246.673 2232.372 2218.293 2206.045 2192.696 2175.843 2159.459 2146.867 2133.243 2118.252 2105.351 2095.858 2080.521 2071.229 2057.659 2041.568 2033.014 2021.669 2006.337 1981.018 1943.834 1910.813 1887.428 1903.749 1899.088 1871.287 1839.009 1808.856 1797.558 1799.529 1779.236 1770.614 1762.548 1761.011 1756.110 1760.601 1756.104 1741.603
-9999.000 -9999.000 -9999.000 2415.720 2398.361 2381.800 2364.879 2347.476 2332.675 2319.343 2302.399 2280.419 2260.977 2259.042 2270.558 2290.934 2291.041 2266.478 2257.796 2265.130 2271.871 2274.684 2270.825 2265.487 2256.360 2245.772 2232.606 2217.574 2203.851 2187.557 2171.690 2154.705 2136.876 2122.802 2107.536 2088.822 2069.619 2055.129 2034.186 2015.620 2002.254 1998.887 1994.111 1959.170 1937.108 1913.676 1897.175 1867.929 1836.288 1842.293 1836.876 1803.862 1787.311 1772.129 1764.774 1759.592 1749.069 1746.331 1741.324 1744.383 1741.392 1731.300
-9999.000 -9999.000 -9999.000 2417.667 2402.643 2384.927 2367.502 2351.503 2337.248 2321.708 2300.078 2283.151 2263.719 2242.224 2251.109 2266.144 2253.957 2256.529 2240.329 2247.596 2248.208 2244.257 2242.379 2245.124 2252.605 2248.593 2237.001 2218.491 2203.922 2196.460 2184.288 2164.567 2147.304 2131.627 2114.698 2098.092 2086.190 2073.624 2054.451 2038.494 2020.879 1995.343 1957.536 1951.343 1942.958 1916.277 1883.335 1857.017 1827.981 1815.509 1804.381 1796.005 1785.631 1768.468 1751.747 1741.956 1735.042 1730.146 1727.419 1722.374 1729.160 1721.027
-9999.000 -9999.000 -9999.000 2420.281 2404.448 2386.645 2370.885 2354.819 2337.158 2317.211 2300.383 2285.401 2255.049 2226.913 2232.496 2269.944 2253.023 2230.830 2216.093 2208.715 2221.116 2223.093 2223.532 2231.519 2232.394 2236.941 2222.207 2209.721 2189.628 2164.304 2153.539 2160.671 2153.849 2142.166 2118.532 2091.974 2090.780 2083.572 2060.232 2043.629 2019.321 2001.096 1978.883 1965.216 1924.157 1895.838 1882.837 1855.917 1830.229 1815.655 1797.482 1782.904 1769.197 1754.303 1740.730 1727.717 1721.171 1714.864 1710.179 1703.672 1713.616 1710.708
-9999.000 -9999.000 -9999.000 -9999.000 2403.476 2387.116 2374.687 2360.458 2338.792 2315.885 2298.978 2276.124 2245.372 2217.612 2211.850 2244.538 2248.781 2230.380 2211.065 2194.824 2183.993 2183.233 2185.426 2197.345 2223.904 2226.804 2210.775 2194.468 2178.836 2163.977 2147.145 2128.529 2114.461 2099.352 2086.693 2070.319 2066.343 2070.290 2062.699 2048.504 2030.146 2009.684 1982.838 1963.353 1912.601 1890.800 1869.422 1850.690 1838.626 1826.370 1806.870 1792.486 1780.114 1767.231 1753.551 1737.165 1717.384 1701.121 1693.975 1686.421 1682.281 1694.720
-9999.000 -9999.000 -9999.000 -9999.000 2360.807 2363.800 2371.621 2359.442 2327.707 2308.089 2287.183 2258.708 2235.009 2205.742 2194.302 2221.598 2226.938 2226.022 2208.233 2189.892 2172.783 2160.707 2158.531 2173.084 2188.780 2200.284 2212.206 2197.281 2189.120 2173.143 2155.736 2133.529 2118.145 2098.682 2081.987 2067.036 2049.714 2031.165 2035.211 2042.243 2014.597 1986.435 1951.557 1926.555 1906.627 1893.063 1873.144 1858.224 1847.488 1830.680 1817.137 1804.714 1790.950 1778.243 1764.242 1744.322 1726.344 1706.698 1686.878 1672.917 1667.265 1667.804
-9999.000 -9999.000 -9999.000 -9999.000 2319.627 2315.684 2335.322 2353.681 2330.682 2314.230 2277.667 2253.853 2222.643 2201.478 2182.844 2181.191 2205.477 2219.637 2206.549 2190.468 2174.019 2157.177 2139.718 2132.720 2137.692 2158.093 2155.549 2133.717 2139.219 2144.154 2142.265 2136.499 2123.942 2106.929 2091.815 2073.094 2048.437 2034.659 2008.342 1996.783 1984.167 1957.990 1941.570 1927.785 1912.188 1899.871 1881.642 1864.317 1853.121 1842.408 1827.462 1815.883 1801.530 1785.904 1776.529 1755.304 1732.839 1714.048 1690.960 1668.081 1654.714 1646.919
-9999.000 -9999.000 -9999.000 -9999.000 -9999.000 2298.221 2284.162 2328.292 2329.639 2317.674 2264.846 2238.879 2219.174 2201.853 2182.301 2165.870 2191.102 2200.338 2212.491 2199.098 2187.551 2165.496 2141.080 2119.345 2104.177 2092.353 2114.569 2101.810 2110.586 2124.667 2137.901 2096.966 2110.664 2103.644 2085.200 2065.749 2051.464 2030.228 1998.729 1983.001 1959.832 1946.457 1936.318 1924.178 1911.882 1907.465 1895.537 1874.241 1861.333 1848.870 1836.987 1824.714 1812.578 1797.557 1782.006 1762.723 1741.023 1712.301 1692.907 1675.625 1651.735 1635.275
-9999.000 -9999.000 -9999.000 -9999.000 -9999.000 2279.344 2272.455 2256.069 2257.635 2277.214 2248.500 2235.504 2219.423 2203.416 2178.156 2153.720 2167.607 2180.470 2207.410 2206.349 2185.494 2165.618 2140.881 2123.783 2107.648 2090.288 2071.021 2057.955 2085.570 2074.623 2091.834 2063.293 2089.357 2076.180 2062.939 2029.412 2021.314 2006.871 1980.222 1973.331 1960.517 1947.042 1935.776 1923.561 1912.871 1907.219 1902.323 1884.560 1870.861 1855.877 1842.130 1829.315 1816.231 1801.191 1783.978 1766.253 1737.424 1713.049 1690.229 1668.731 1648.321 1631.396
-9999.000 -9999.000 -9999.000 -9999.000 -9999.000 2282.555 2265.494 2245.424 2231.393 2221.128 2217.199 2227.655 2207.813 2207.099 2182.587 2144.811 2153.198 2169.237 2184.010 2182.320 2173.781 2156.779 2141.616 2126.373 2114.873 2094.377 2079.611 2061.321 2035.469 2025.384 2049.110 2035.194 2053.188 2042.174 2027.663 2004.700 1994.399 1981.755 1969.177 1962.306 1954.766 1944.117 1939.179 1927.240 1913.022 1904.810 1901.058 1883.402 1864.973 1848.270 1837.423 1817.074 1809.980 1796.403 1781.059 1760.408 1741.517 1726.938 1703.575 1678.374 1647.820 1626.918
-9999.000 -9999.000 -9999.000 -9999.000 -9999.000 -9999.000 2269.439 2250.859 2232.626 2215.332 2198.160 2183.260 2162.917 2149.275 2175.042 2141.329 2136.860 2140.496 2159.983 2146.063 2146.528 2136.616 2130.659 2122.091 2112.952 2099.801 2078.756 2060.643 2043.841 2029.418 2003.776 1998.061 2014.229 2016.433 2015.198 1992.227 1985.442 1975.031 1961.027 1952.628 1945.600 1936.406 1935.269 1932.330 1916.033 1903.161 1892.755 1881.689 1863.436 1846.664 1829.817 1810.437 1792.371 1779.019 1769.597 1759.727 1736.375 1718.470 1694.311 1664.159 1645.116 1627.462
-9999.000 -9999.000 -9999.000 -9999.000 -9999.000 -9999.000 2275.841 2259.626 2248.162 2228.751 2209.190 2187.409 2167.769 2146.027 2130.180 2125.550 2114.036 2123.529 2128.566 2131.906 2122.845 2110.963 2100.915 2102.064 2091.050 2075.047 2075.430 2060.782 2044.717 2020.951 2000.941 1985.505 1978.717 1992.489 1989.720 1979.696 1972.888 1962.740 1950.095 1944.190 1931.520 1928.387 1928.468 1923.280 1913.839 1902.596 1892.189 1879.316 1863.377 1846.646 1831.071 1812.761 1793.969 1777.216 1758.740 1734.678 1729.732 1709.541 1686.551 1662.938 1644.917 1628.224
-9999.000 -9999.000 -9999.000 -9999.000 -9999.000 -9999.000 -9999.000 2266.984 2254.341 2235.915 2216.972 2194.376 2161.050 2136.807 2123.616 2111.995 2099.794 2106.940 2105.704 2120.011 2107.029 2107.742 2091.439 2079.210 2083.257 2063.668 2051.090 2038.389 2039.111 2010.266 2001.891 1981.085 1964.817 1961.890 1963.208 1962.855 1957.199 1951.108 1939.914 1930.211 1923.905 1913.968 1912.030 1907.446 1900.573 1891.640 1885.108 1874.447 1861.470 1846.117 1830.818 1814.735 1800.341 1782.954 1764.855 1740.843 1717.778 1699.936 1680.258 1660.407 1642.751 1626.310
-9999.000 -9999.000 -9999.000 -9999.000 -9999.000 -9999.000 -9999.000 -9999.000 2210.496 2220.080 2195.362 2174.354 2145.768 2127.196 2116.231 2101.844 2090.523 2086.914 2089.163 2087.779 2085.586 2085.162 2090.910 2068.017 2055.715 2066.455 2047.193 2022.773 2013.968 1995.931 1985.346 1975.829 1961.535 1945.280 1945.200 1946.944 1943.416 1939.582 1931.144 1921.044 1910.057 1903.152 1893.977 1890.898 1886.689 1881.536 1874.224 1863.669 1851.302 1838.715 1825.043 1812.537 1800.551 1787.733 1771.324 1748.100 1724.855 1705.794 1684.566 1663.972 1645.796 1630.575
-9999.000 -9999.000 -9999.000 -9999.000 -9999.000 -9999.000 -9999.000 -9999.000 -9999.000 2186.257 2162.025 2141.980 2127.903 2119.162 2107.361 2094.934 2076.288 2065.781 2072.338 2065.945 2071.199 2062.388 2069.418 2063.981 2040.791 2035.770 2012.918 2000.580 1989.163 1984.378 1971.844 1962.236 1955.836 1944.400 1921.206 1931.082 1928.409 1927.412 1922.061 1911.268 1898.146 1886.382 1885.945 1865.849 1861.735 1863.166 1861.196 1851.125 1839.652 1829.242 1817.906 1808.536 1796.611 1780.230 1763.385 1746.727 1724.945 1705.244 1680.102 1662.168 1649.652 1634.706
-9999.000 -9999.000 -9999.000 -9999.000 -9999.000 -9999.000 -9999.000 -9999.000 -9999.000 -9999.000 2175.941 2151.698 2131.618 2116.388 2095.861 2082.045 2071.864 2058.296 2050.258 2051.130 2046.170 2046.824 2053.524 2048.523 2026.769 2015.471 2004.366 1990.936 1976.626 1972.766 1962.446 1948.046 1945.970 1936.283 1918.962 1908.520 1912.896 1914.514 1910.704 1905.328 1891.872 1878.738 1867.628 1860.178 1842.615 1826.142 1835.696 1837.477 1830.004 1819.678 1810.144 1800.133 1789.187 1769.263 1754.012 1737.655 1719.371 1691.980 1669.056 1651.802 1639.594 1629.472
-9999.000 -9999.000 -9999.000 -9999.000 -9999.000 -9999.000 -9999.000 -9999.000 -9999.000 -9999.000 -9999.000 2142.473 2121.066 2118.109 2087.011 2076.516 2062.658 2055.136 2036.818 2033.508 2028.224 2030.877 2035.695 2033.405 2023.675 2008.605 1992.965 1980.716 1969.461 1950.950 1955.802 1937.060 1924.217 1929.948 1916.080 1894.509 1896.442 1900.521 1896.883 1891.132 1883.207 1872.630 1861.969 1845.993 1831.430 1814.426 1805.814 1822.733 1815.848 1808.411 1800.424 1789.599 1776.511 1761.446 1745.050 1723.873 1701.348 1679.206 1660.282 1641.087 1624.675 1614.438
-9999.000 -9999.000 -9999.000 -9999.000 -9999.000 -9999.000 -9999.000 -9999.000 -9999.000 -9999.000 -9999.000 -9999.000 2120.406 2093.623 2078.845 2065.018 2053.969 2045.837 2037.166 2016.955 2007.299 2014.994 2020.164 2017.363 2014.129 2006.692 1992.100 1976.989 1959.663 1942.199 1930.006 1926.844 1907.742 1915.758 1909.340 1890.881 1877.822 1881.815 1881.381 1874.565 1870.625 1862.391 1853.685 1844.710 1827.825 1807.675 1789.429 1806.517 1795.662 1784.029 1786.611 1775.731 1764.488 1751.059 1729.027 1704.335 1688.408 1672.985 1653.037 1636.349 1617.304 1598.736
-9999.000 -9999.000 -9999.000 -9999.000 -9999.000 -9999.000 -9999.000 -9999.000 -9999.000 -9999.000 -9999.000 -9999.000 -9999.000 -9999.000 2070.045 2057.675 2045.909 2034.490 2030.663 2018.186 2007.546 1996.075 2004.862 2001.520 2002.333 1996.679 1989.146 1976.716 1955.236 1937.721 1917.010 1908.672 1890.916 1871.591 1873.691 1887.233 1868.484 1861.972 1854.866 1852.670 1854.353 1850.524 1840.766 1826.782 1812.075 1796.924 1773.591 1776.337 1759.364 1768.314 1770.003 1757.520 1743.092 1719.611 1703.309 1686.643 1672.028 1657.230 1638.711 1619.153 1601.186 1589.319
-9999.000 -9999.000 -9999.000 -9999.000 -9999.000 -9999.000 -9999.000 -9999.000 -9999.000 -9999.000 -9999.000 -9999.000 -9999.000 -9999.000 -9999.000 2048.728 2037.523 2025.872 2014.601 2010.178 1999.466 1984.603 1978.067 1983.023 1982.203 1980.635 1976.452 1967.136 1956.932 1935.075 1918.384 1900.774 1879.622 1855.476 1842.795 1837.161 1856.856 1849.153 1832.911 1830.389 1835.365 1834.795 1821.638 1813.320 1798.748 1783.535 1764.915 1746.450 1731.002 1745.159 1729.778 1705.915 1706.895 1695.697 1680.131 1661.293 1649.271 1632.832 1622.117 1606.794 1589.407 1574.581
-9999.000 -9999.000 -9999.000 -9999.000 -9999.000 -9999.000 -9999.000 -9999.000 -9999.000 -9999.000 -9999.000 -9999.000 -9999.000 -9999.000 -9999.000 -9999.000 2035.971 2020.726 2006.913 1995.366 1986.589 1976.077 1955.439 1955.824 1958.995 1962.482 1963.176 1947.213 1946.189 1928.451 1912.776 1894.570 1878.298 1857.611 1832.435 1813.345 1827.018 1827.697 1830.275 1811.141 1817.480 1814.864 1807.493 1793.503 1788.661 1769.487 1750.534 1735.541 1714.363 1713.995 1697.146 1665.876 1668.878 1665.285 1658.463 1638.671 1627.543 1616.769 1606.838 1591.906 1577.822 1563.640
-9999.000 -9999.000 -9999.000 -9999.000 -9999.000 -9999.000 -9999.000 -9999.000 -9999.000 -9999.000 -9999.000 -9999.000 -9999.000 -9999.000 -9999.000 -9999.000 -9999.000 2024.248 2007.559 1990.764 1974.191 1963.113 1949.792 1934.800 1934.167 1937.693 1947.028 1925.990 1926.225 1918.972 1903.180 1887.879 1872.647 1851.223 1827.746 1805.185 1800.347 1800.093 1804.022 1806.622 1788.816 1791.964 1795.645 1776.240 1754.592 1748.963 1734.786 1715.752 1698.398 1681.948 1666.812 1645.273 1635.861 1637.046 1620.899 1616.161 1604.478 1591.325 1584.712 1572.903 1565.443 1555.283
-9999.000 -9999.000 -9999.000 -9999.000 -9999.000 -9999.000 -9999.000 -9999.000 -9999.000 -9999.000 -9999.000 -9999.000 -9999.000 -9999.000 -9999.000 -9999.000 -9999.000 -9999.000 2005.488 1991.814 1975.818 1961.797 1947.564 1933.568 1916.892 1915.422 1909.219 1908.847 1896.505 1897.456 1892.964 1876.280 1856.764 1837.017 1817.949 1797.334 1775.340 1774.684 1772.861 1776.591 1778.724 1749.166 1769.297 1760.999 1737.698 1721.261 1706.791 1701.153 1686.483 1663.516 1650.186 1631.380 1617.914 1610.525 1600.245 1593.292 1581.016 1571.099 1567.627 1558.187 1551.951 1544.395
-9999.000 -9999.000 -9999.000 -9999.000 -9999.000 -9999.000 -9999.000 -9999.000 -9999.000 -9999.000 -9999.000 -9999.000 -9999.000 -9999.000 -9999.000 -9999.000 -9999.000 -9999.000 -9999.000 1991.637 1979.341 1967.046 1951.970 1933.570 1915.918 1899.962 1893.207 1885.200 1877.499 1872.755 1878.738 1869.181 1853.811 1830.443 1808.710 1788.447 1765.692 1747.705 1747.901 1744.769 1741.970 1741.289 1724.736 1723.153 1723.002 1704.228 1686.773 1667.971 1657.048 1642.250 1633.529 1617.138 1601.993 1596.716 1586.869 1574.706 1564.291 1554.645 1547.695 1540.716 1532.233 1528.883
-9999.000 -9999.000 -9999.000 -9999.000 -9999.000 -9999.000 -9999.000 -9999.000 -9999.000 -9999.000 -9999.000 -9999.000 -9999.000 -9999.000 -9999.000 -9999.000 -9999.000 -9999.000 -9999.000 -9999.000 1976.463 1967.970 1949.337 1934.133 1918.234 1904.698 1891.788 1875.400 1861.838 1853.468 1855.289 1854.076 1838.959 1820.317 1801.944 1782.603 1761.607 1741.478 1722.609 1717.925 1709.051 1721.303 1721.808 1707.061 1698.799 1684.417 1671.989 1658.864 1649.829 1634.485 1616.587 1601.070 1591.698 1581.022 1572.888 1563.002 1551.822 1544.388 1534.180 1526.498 1522.445 1511.209
