AvaFrame/avaframe/data/avaGar/Avaflow_Input_Output_s/gar_results/gar_ascii/gar_elev.asc
ncols 130
nrows 97
xllcenter 247320.75
yllcenter 350697.47
cellsize 20.00
NODATA_value -9999.000
[rows 0 to 27 of 97, columns 0 to 61 of 130]
-9999.000 -9999.000 -9999.000 -9999.000 -9999.000 -9999.000 -9999.000 -9999.000 -9999.000 -9999.000 -9999.000 -9999.000 -9999.000 -9999.000 -9999.000 -9999.000 -9999.000 -9999.000 -9999.000 -9999.000 -9999.000 -9999.000 -9999.000 -9999.000 -9999.000 -9999.000 -9999.000 -9999.000 -9999.000 -9999.000 -9999.000 -9999.000 -9999.000 -9999.000 -9999.000 2398.631 2386.311 2301.156 2273.351 2260.924 2248.078 2234.016 2219.962 -9999.000 -9999.000 -9999.000 -9999.000 -9999.000 -9999.000 -9999.000 -9999.000 -9999.000 -9999.000 -9999.000 -9999.000 -9999.000 -9999.000 -9999.000 -9999.000 -9999.000 -9999.000 -9999.000
-9999.000 -9999.000 -9999.000 -9999.000 -9999.000 -9999.000 -9999.000 -9999.000 -9999.000 -9999.000 -9999.000 -9999.000 -9999.000 -9999.000 -9999.000 -9999.000 -9999.000 -9999.000 -9999.000 -9999.000 -9999.000 -9999.000 -9999.000 -9999.000 -9999.000 -9999.000 2473.785 2473.941 2494.317 2547.073 2507.437 2447.411 2396.583 2384.567 2402.084 2364.710 2305.684 2277.767 2266.101 2253.980 2241.789 2229.273 2216.002 2202.732 2189.637 -9999.000 -9999.000 -9999.000 -9999.000 -9999.000 -9999.000 -9999.000 -9999.000 -9999.000 -9999.000 -9999.000 -9999.000 -9999.000 -9999.000 -9999.000 -9999.000 -9999.000
-9999.000 -9999.000 -9999.000 -9999.000 -9999.000 -9999.000 -9999.000 -9999.000 -9999.000 -9999.000 -9999.000 -9999.000 -9999.000 -9999.000 -9999.000 -9999.000 -9999.000 -9999.000 2501.833 2616.661 2666.702 2619.239 2597.921 2576.456 2583.850 2499.799 2453.749 2453.040 2520.283 2466.193 2427.757 2384.618 2362.817 2377.522 2381.854 2330.217 2288.818 2274.891 2260.764 2247.476 2234.982 2223.116 2211.114 2198.531 2185.698 2173.082 2160.541 -9999.000 -9999.000 -9999.000 -9999.000 -9999.000 -9999.000 -9999.000 -9999.000 -9999.000 -9999.000 -9999.000 -9999.000 -9999.000 -9999.000 -9999.000
-9999.000 -9999.000 -9999.000 -9999.000 -9999.000 -9999.000 -9999.000 -9999.000 -9999.000 -9999.000 -9999.000 -9999.000 -9999.000 -9999.000 -9999.000 -9999.000 2437.556 2532.865 2555.046 2631.406 2646.727 2620.283 2588.599 2524.268 2564.779 2490.545 2439.553 2439.287 2436.477 2422.461 2383.288 2368.376 2354.419 2349.898 2328.427 2303.701 2289.671 2275.741 2262.281 2248.317 2234.090 2219.993 2205.987 2193.753 2181.802 2169.685 2157.832 2145.701 2134.222 -9999.000 -9999.000 -9999.000 -9999.000 -9999.000 -9999.000 -9999.000 -9999.000 -9999.000 -9999.000 -9999.000 -9999.000 -9999.000
-9999.000 -9999.000 -9999.000 -9999.000 -9999.000 -9999.000 -9999.000 -9999.000 -9999.000 -9999.000 -9999.000 -9999.000 -9999.000 2353.656 2367.210 2380.237 2457.671 2578.538 2583.418 2612.703 2617.264 2621.699 2571.483 2478.107 2518.511 2463.187 2427.997 2421.469 2403.918 2389.990 2375.491 2361.065 2346.670 2332.649 2318.755 2304.226 2289.439 2275.652 2261.685 2247.706 2234.006 2220.309 2206.500 2193.503 2181.254 2168.905 2157.128 2145.614 2134.141 2123.203 2111.338 -9999.000 -9999.000 -9999.000 -9999.000 -9999.000 -9999.000 -9999.000 -9999.000 -9999.000 -9999.000 -9999.000
-9999.000 -9999.000 -9999.000 -9999.000 -9999.000 -9999.000 -9999.000 -9999.000 -9999.000 -9999.000 2327.121 2339.152 2349.298 2361.571 2373.630 2387.480 2510.754 2566.583 2618.636 2576.377 2607.492 2613.582 2543.215 2473.555 2429.179 2417.063 2414.364 2407.983 2398.686 2386.242 2373.094 2359.341 2344.974 2330.739 2316.475 2302.515 2288.461 2274.638 2260.700 2247.044 2233.362 2219.984 2207.109 2194.444 2182.205 2170.041 2158.247 2146.819 2135.911 2124.333 2111.352 2100.241 2091.298 -9999.000 -9999.000 -9999.000 -9999.000 -9999.000 -9999.000 -9999.000 -9999.000 -9999.000
-9999.000 -9999.000 -9999.000 -9999.000 -9999.000 -9999.000 -9999.000 -9999.000 2305.976 2321.674 2335.113 2347.725 2356.967 2367.561 2381.080 2393.903 2509.705 2552.770 2618.789 2573.706 2557.288 2591.250 2525.626 2457.093 2406.653 2402.123 2402.171 2396.148 2388.386 2377.887 2366.891 2354.388 2341.806 2328.547 2314.953 2301.061 2287.263 2273.653 2260.427 2246.181 2232.651 2218.542 2205.458 2193.527 2181.529 2169.620 2158.410 2147.962 2138.062 2125.515 2112.116 2099.579 2092.254 2086.463 2082.550 -9999.000 -9999.000 -9999.000 -9999.000 -9999.000 -9999.000 -9999.000
-9999.000 -9999.000 -9999.000 -9999.000 -9999.000 2277.321 2290.148 2304.950 2312.452 2325.717 2340.721 2356.620 2366.527 2374.921 2388.289 2401.312 2509.801 2549.640 2599.677 2576.698 2532.906 2544.741 2523.495 2449.962 2401.063 2385.725 2388.061 2384.397 2376.714 2368.635 2357.902 2347.632 2335.634 2323.023 2310.312 2297.506 2284.149 2270.408 2256.308 2242.756 2230.004 2216.982 2204.025 2191.531 2179.236 2167.694 2157.008 2147.922 2139.543 2125.580 2112.679 2100.171 2093.303 2089.122 2087.058 2084.277 2083.846 -9999.000 -9999.000 -9999.000 -9999.000 -9999.000
-9999.000 -9999.000 -9999.000 -9999.000 -9999.000 2288.040 2300.015 2316.827 2325.059 2332.825 2345.300 2359.560 2373.889 2384.141 2395.354 2417.942 2522.925 2552.712 2595.325 2558.750 2528.300 2486.042 2512.956 2438.123 2396.415 2370.910 2369.285 2372.724 2365.642 2357.531 2349.673 2338.689 2328.385 2316.301 2304.192 2292.019 2279.981 2266.682 2253.019 2239.594 2226.346 2214.085 2202.468 2190.639 2178.862 2167.206 2156.599 2148.517 2139.560 2125.960 2112.887 2105.536 2101.494 2098.707 2096.072 2095.922 2092.976 2088.671 2077.682 -9999.000 -9999.000 -9999.000
-9999.000 -9999.000 -9999.000 -9999.000 -9999.000 2296.009 2308.147 2326.431 2340.700 2350.801 2356.824 2368.247 2380.608 2392.367 2403.557 2484.894 2522.879 2556.409 2572.013 2548.963 2522.493 2479.277 2436.278 2383.579 2370.099 2359.699 2350.488 2355.260 2355.794 2347.188 2338.849 2329.969 2319.509 2308.300 2296.980 2284.751 2273.508 2261.240 2248.709 2235.873 2223.437 2209.974 2198.378 2187.374 2176.644 2165.982 2156.460 2149.328 2138.267 2124.890 2118.589 2114.271 2111.739 2110.581 2108.054 2103.522 2100.620 2092.269 2073.872 2038.352 2015.190 -9999.000
-9999.000 -9999.000 -9999.000 -9999.000 2296.531 2309.397 2334.697 2341.545 2355.331 2365.191 2375.238 2380.550 2388.135 2397.095 2414.921 2488.271 2526.041 2542.135 2526.230 2549.293 2524.523 2498.989 2416.345 2376.480 2356.802 2342.671 2340.138 2333.875 2346.271 2338.270 2328.803 2320.599 2311.365 2301.492 2290.345 2278.636 2267.031 2255.801 2244.696 2232.376 2220.159 2208.091 2196.409 2185.122 2174.088 2163.841 2155.908 2147.750 2134.665 2128.917 2125.414 2120.771 2119.248 2116.706 2112.049 2106.687 2103.266 2089.966 2064.199 2015.667 1974.815 1953.125
-9999.000 -9999.000 -9999.000 -9999.000 2302.928 2322.263 2341.242 2354.774 2363.800 2375.619 2386.690 2391.480 2398.658 2423.909 2429.440 2486.136 2499.167 2471.750 2476.320 2463.714 2479.471 2476.035 2409.791 2376.863 2359.184 2335.248 2323.296 2316.862 2332.768 2329.769 2322.798 2311.562 2302.959 2294.123 2284.322 2273.672 2262.444 2250.796 2239.111 2228.021 2216.731 2204.918 2193.542 2183.059 2172.625 2162.519 2153.334 2144.286 2137.351 2132.542 2131.308 2128.792 2125.152 2121.375 2116.379 2111.265 2104.398 2062.897 2028.051 1993.895 1979.690 1983.837
-9999.000 -9999.000 -9999.000 -9999.000 2292.245 2328.967 2349.611 2363.617 2373.489 2385.556 2397.363 2405.848 2413.446 2445.388 2450.607 2483.052 2486.957 2419.777 2413.825 2408.632 2412.220 2396.043 2383.160 2369.497 2347.755 2326.424 2311.966 2301.760 2311.681 2321.329 2318.879 2303.251 2294.492 2286.534 2277.948 2268.614 2259.486 2248.532 2234.557 2224.235 2213.661 2202.883 2191.903 2181.384 2171.175 2161.789 2152.941 2147.697 2144.621 2140.057 2135.448 2133.024 2129.323 2124.628 2115.108 2102.248 2075.980 2045.679 2017.632 2003.189 1997.686 1998.181
-9999.000 -9999.000 -9999.000 2295.012 2314.281 2339.957 2355.540 2367.803 2383.917 2398.678 2413.687 2421.402 2446.756 2439.113 2424.994 2417.230 2409.059 2399.208 2386.245 2378.362 2388.783 2379.291 2363.045 2352.478 2339.277 2324.206 2312.334 2294.058 2300.661 2307.664 2297.986 2290.989 2285.257 2280.954 2272.945 2263.297 2257.573 2246.817 2236.634 2221.175 2209.666 2201.694 2191.158 2181.884 2171.684 2163.446 2156.851 2153.808 2150.917 2149.574 2144.588 2138.231 2133.931 2122.473 2098.345 2069.230 2049.635 2054.329 2047.204 2029.644 2002.417 1979.613
-9999.000 -9999.000 -9999.000 2307.785 2336.475 2354.306 2369.284 2392.262 2404.301 2408.250 2423.662 2436.461 2432.360 2419.736 2410.412 2404.153 2396.688 2389.411 2375.286 2360.051 2353.728 2349.146 2349.911 2339.637 2327.109 2325.550 2298.653 2278.750 2271.849 2295.731 2283.746 2271.139 2285.430 2279.647 2268.900 2257.281 2245.334 2240.280 2231.720 2215.647 2209.216 2203.663 2193.979 2186.323 2177.773 2171.185 2166.964 2162.291 2161.884 2158.980 2151.641 2144.611 2137.940 2125.431 2088.573 2090.727 2076.608 2071.976 2052.733 2035.928 2022.046 1993.787
-9999.000 -9999.000 -9999.000 2322.975 2349.006 2369.271 2383.271 2400.521 2414.971 2420.116 2433.917 2434.391 2421.502 2410.791 2400.401 2392.727 2386.122 2380.026 2373.082 2359.971 2340.875 2325.396 2337.539 2322.066 2307.812 2292.549 2275.565 2262.479 2268.247 2282.288 2262.874 2249.906 2278.203 2270.104 2264.281 2250.779 2234.294 2225.919 2223.205 2216.144 2207.733 2201.629 2195.313 2189.257 2182.811 2178.176 2172.395 2170.435 2167.360 2163.438 2159.200 2149.292 2144.514 2111.002 2111.337 2114.074 2103.429 2087.767 2071.884 2041.132 2025.970 2007.514
-9999.000 -9999.000 2305.656 2311.437 2343.318 2386.875 2401.321 2413.039 2426.486 2433.584 2440.415 2428.448 2416.904 2409.485 2400.477 2391.959 2382.642 2374.268 2360.181 2346.363 2340.374 2315.600 2306.792 2294.747 2284.935 2277.169 2262.221 2253.043 2237.026 2238.212 2245.099 2237.424 2235.651 2243.376 2260.841 2247.357 2229.726 2213.271 2206.853 2203.722 2193.637 2187.695 2198.567 2191.594 2187.015 2183.045 2179.290 2175.624 2171.873 2166.742 2163.486 2149.892 2136.719 2142.312 2141.971 2135.724 2116.839 2098.569 2065.710 2043.595 2019.640 1996.808
-9999.000 -9999.000 2319.027 2325.361 2364.105 2401.659 2416.421 2426.656 2435.775 2448.673 2439.026 2426.159 2419.364 2412.487 2401.699 2390.498 2380.890 2368.270 2357.169 2340.847 2324.512 2308.677 2293.369 2284.605 2272.870 2260.696 2249.204 2238.442 2228.333 2218.678 2214.258 2207.761 2208.686 2207.432 2214.611 2224.796 2226.735 2211.816 2195.457 2182.303 2176.559 2172.790 2179.404 2176.920 2189.560 2172.838 2171.953 2180.314 2174.486 2172.815 2168.624 2164.772 2166.416 2158.588 2150.717 2140.241 2115.724 2104.661 2070.377 2048.989 2027.056 2016.871
-9999.000 -9999.000 2332.231 2338.224 2378.984 2417.231 2430.418 2443.777 2446.111 2453.920 2439.456 2430.317 2420.490 2412.673 2402.624 2397.078 2386.420 2364.143 2341.213 2329.920 2315.087 2302.136 2291.559 2272.199 2262.499 2252.149 2242.073 2229.402 2219.866 2210.395 2200.551 2195.402 2192.022 2190.152 2195.530 2213.724 2223.188 2207.147 2189.326 2173.711 2159.793 2156.431 2157.416 2158.662 2167.202 2156.694 2149.710 2171.760 2171.326 2182.567 2176.134 2179.958 2158.299 2145.622 2109.463 2099.726 2101.142 2071.895 2048.516 2033.537 2016.296 1995.789
-9999.000 2333.750 2340.758 2352.976 2415.471 2431.274 2441.398 2453.187 2460.866 2454.681 2443.828 2433.502 2424.025 2415.340 2408.657 2402.346 2386.440 2358.656 2333.630 2316.408 2306.152 2294.354 2280.952 2265.896 2252.641 2239.108 2232.398 2222.314 2211.484 2201.747 2191.499 2182.065 2175.208 2173.716 2177.871 2203.782 2206.757 2204.460 2189.039 2172.069 2155.311 2135.756 2124.883 2126.951 2115.604 2111.259 2114.622 2119.421 2170.682 2182.767 2173.553 2133.630 2097.263 2079.260 2057.389 2041.053 2048.147 2035.716 2002.633 1994.184 1982.744 1965.942
-9999.000 2345.397 2362.552 2363.050 2408.960 2440.380 2459.908 2461.926 2465.703 2456.861 2446.326 2437.367 2427.308 2419.900 2411.038 2405.736 2358.826 2341.632 2324.580 2309.840 2296.591 2288.128 2276.049 2250.527 2240.080 2232.906 2221.218 2214.057 2203.699 2194.477 2183.193 2172.806 2163.332 2159.018 2156.851 2170.605 2179.199 2193.145 2182.059 2172.435 2151.609 2132.677 2111.491 2100.948 2093.664 2070.857 2052.466 2075.098 2095.770 2088.668 2088.079 2079.060 2054.229 2039.450 2015.407 2019.692 1995.824 2000.773 1974.932 1972.289 1964.218 1951.673
-9999.000 2354.444 2380.294 2375.510 2405.365 2455.641 2467.174 2473.927 2471.367 2459.400 2449.944 2441.340 2431.681 2427.443 2400.442 2378.125 2362.521 2346.252 2323.276 2306.749 2290.499 2276.342 2261.119 2242.189 2231.083 2222.408 2214.540 2202.862 2194.953 2185.733 2176.872 2164.217 2153.796 2145.055 2140.279 2145.947 2161.535 2182.464 2168.198 2154.866 2128.683 2112.126 2090.210 2069.826 2068.068 2042.402 2032.343 2051.931 2047.676 2045.993 2031.998 2068.582 2043.573 2019.533 2004.938 1976.968 1972.188 1961.274 1954.997 1955.773 1934.148 1892.197
2367.435 2369.945 2395.515 2398.096 2413.823 2445.988 2472.615 2472.395 2474.415 2462.966 2453.457 2445.777 2438.713 2428.743 2399.458 2375.152 2358.146 2341.206 2325.080 2309.263 2294.842 2277.009 2254.395 2240.019 2227.404 2215.979 2206.186 2197.157 2187.034 2176.814 2167.201 2159.552 2146.721 2135.587 2126.493 2121.250 2119.261 2126.963 2137.756 2134.166 2119.857 2083.416 2065.016 2043.680 2044.161 2020.206 2001.369 2035.488 2017.325 2016.525 1996.690 2038.205 2028.046 2012.211 1980.033 1959.953 1947.816 1927.175 1926.659 1889.147 1871.038 1858.594
2382.235 2382.450 2401.199 2416.982 2409.020 2429.430 2453.154 2457.487 2462.187 2458.438 2457.262 2450.704 2442.670 2430.637 2396.072 2378.280 2361.800 2345.256 2328.945 2313.948 2294.794 2271.245 2247.638 2233.678 2222.033 2211.164 2200.639 2190.448 2180.962 2169.981 2159.125 2149.371 2141.034 2132.264 2118.650 2108.626 2103.786 2095.911 2088.358 2089.035 2076.718 2055.851 2038.675 2021.113 2009.255 2000.529 1978.336 2003.624 1976.637 1974.239 1968.145 1951.911 1998.331 2008.588 1990.481 1961.232 1932.868 1902.691 1884.202 1876.272 1864.147 1851.642
2395.942 2400.736 2418.595 2439.146 2429.026 2438.435 2435.525 2431.885 2434.408 2438.047 2433.357 2439.945 2443.137 2412.192 2393.906 2376.772 2357.138 2342.455 2326.506 2308.493 2284.069 2263.115 2247.798 2233.689 2219.602 2206.863 2195.211 2184.402 2175.392 2166.206 2156.108 2142.405 2131.375 2122.464 2114.851 2103.354 2089.205 2084.812 2075.883 2066.446 2059.832 2049.771 2035.220 2019.885 2003.253 1986.877 1971.545 1955.780 1940.004 1923.667 1908.289 1893.479 1908.890 1955.369 1976.763 1938.068 1910.290 1889.714 1873.248 1860.119 1852.366 1843.631
2410.071 2417.641 2431.599 2447.640 2442.695 2425.374 2418.834 2419.100 2413.563 2415.950 2406.815 2409.663 2419.351 2415.520 2389.428 2369.189 2351.513 2333.060 2321.185 2300.076 2281.198 2262.187 2246.904 2232.983 2219.115 2205.997 2193.826 2182.029 2171.205 2163.461 2154.327 2144.663 2130.456 2116.604 2104.914 2096.916 2086.782 2071.197 2065.709 2055.132 2042.750 2045.147 2037.031 2023.282 2007.900 1993.311 1978.591 1955.477 1936.193 1926.492 1909.131 1892.830 1871.253 1863.075 1893.895 1917.780 1892.489 1887.895 1871.347 1855.066 1837.539 1823.285
-9999.000 2434.970 2450.683 2458.939 2448.699 2422.288 2405.434 2390.237 2393.695 2402.165 2384.316 2400.410 2403.207 2398.951 2387.732 2363.642 2340.894 2320.624 2307.154 2289.001 2274.465 2260.616 2246.565 2232.178 2219.543 2207.270 2194.705 2183.031 2171.613 2159.898 2149.412 2139.489 2129.339 2117.045 2104.978 2091.859 2078.205 2070.507 2057.071 2038.974 2031.148 2023.380 2035.229 2025.398 2011.807 1998.808 1982.961 1952.241 1931.547 1918.710 1918.779 1899.602 1865.081 1850.863 1852.401 1894.400 1871.678 1866.799 1862.767 1844.262 1829.648 1814.797
-9999.000 2450.196 2454.763 2441.799 2429.630 2418.580 2394.066 2382.727 2367.503 2364.024 2363.349 2369.820 2377.860 2378.838 2373.077 2355.764 2338.955 2322.243 2307.094 2294.096 2274.958 2259.014 2245.465 2232.704 2218.761 2206.148 2193.860 2181.465 2169.459 2157.932 2146.189 2135.641 2125.852 2116.389 2107.296 2091.439 2077.590 2063.335 2049.700 2036.502 2018.515 2003.063 1997.015 1996.449 2014.302 2003.213 1982.015 1955.743 1936.812 1890.037 1922.650 1895.421 1864.289 1837.744 1828.960 1844.583 1840.730 1848.505 1860.152 1847.316 1827.795 1808.644
