AvaFrame/avaframe/data/avaGar/Avaflow_Input_Output_sss/gar_results/alr_ascii/alr_hflow0018.asc
ncols 130
nrows 97
xllcenter 247320.75
yllcenter 350697.47
cellsize 20.00
NODATA_value -9999.000
[rows 34 to 67 of 97, columns 0 to 76 of 130]
0.000 0.000 0.000 0.000 0.000 0.000 0.000 0.000 0.000 0.000 0.000 0.000 0.000 0.000 0.000 0.000 0.000 0.000 0.000 0.000 0.000 0.000 0.000 0.000 0.000 0.000 0.000 0.001 0.001 0.000 0.000 0.000 0.000 0.000 0.001 0.001 0.001 0.001 0.001 0.001 0.001 0.002 0.004 0.004 0.003 0.003 0.005 0.009 0.020 0.031 0.037 0.039 0.039 0.042 0.048 0.051 0.042 0.025 0.013 0.008 0.003 0.001 0.001 0.001 0.000 0.000 0.000 0.000 0.000 0.000 0.000 0.000 0.000 0.000 0.000 0.000 0.000
0.000 0.000 0.000 0.000 0.000 0.000 0.000 0.000 0.000 0.000 0.000 0.000 0.000 0.000 0.000 0.000 0.000 0.000 0.000 0.000 0.000 0.000 0.000 0.000 0.000 0.000 0.000 0.000 0.000 0.000 0.000 0.000 0.000 0.000 0.000 0.000 0.000 0.001 0.001 0.001 0.001 0.001 0.001 0.002 0.003 0.004 0.006 0.008 0.009 0.012 0.018 0.027 0.032 0.032 0.031 0.037 0.050 0.057 0.044 0.025 0.011 0.002 0.001 0.001 0.001 0.000 0.000 0.000 0.000 0.000 0.000 0.000 0.000 0.000 0.000 0.000 0.000
0.000 0.000 0.000 0.000 0.000 0.000 0.000 0.000 0.000 0.000 0.000 0.000 0.000 0.000 0.000 0.000 0.000 0.000 0.000 0.000 0.000 0.000 0.000 0.000 0.000 0.000 0.000 0.000 0.000 0.000 0.000 0.000 0.000 0.000 0.000 0.000 0.000 0.000 0.001 0.001 0.001 0.001 0.001 0.002 0.002 0.004 0.006 0.006 0.006 0.005 0.005 0.006 0.007 0.007 0.007 0.006 0.012 0.032 0.052 0.052 0.038 0.014 0.001 0.001 0.001 0.000 0.000 0.000 0.000 0.000 0.000 0.000 0.000 0.000 0.000 0.000 0.000
0.000 0.000 0.000 0.000 0.000 0.000 0.000 0.000 0.000 0.000 0.000 0.000 0.000 0.000 0.000 0.000 0.000 0.000 0.000 0.000 0.000 0.000 0.000 0.000 0.000 0.000 0.000 0.000 0.000 0.000 0.000 0.000 0.000 0.000 0.000 0.000 0.000 0.000 0.001 0.000 0.000 0.001 0.001 0.002 0.002 0.002 0.003 0.003 0.003 0.003 0.003 0.003 0.003 0.003 0.003 0.003 0.003 0.004 0.018 0.045 0.059 0.045 0.012 0.001 0.001 0.001 0.000 0.000 0.000 0.000 0.000 0.000 0.000 0.000 0.000 0.000 0.000
0.000 0.000 0.000 0.000 0.000 0.000 0.000 0.000 0.000 0.000 0.000 0.000 0.000 0.000 0.000 0.000 0.000 0.000 0.000 0.000 0.000 0.000 0.000 0.000 0.000 0.000 0.000 0.000 0.000 0.000 0.000 0.000 0.000 0.000 0.000 0.000 0.000 0.000 0.000 0.000 0.000 0.000 0.001 0.001 0.002 0.002 0.002 0.002 0.002 0.002 0.002 0.002 0.002 0.002 0.002 0.002 0.002 0.002 0.003 0.012 0.037 0.061 0.047 0.008 0.001 0.001 0.001 0.000 0.000 0.000 0.000 0.000 0.000 0.000 0.001 0.001 0.001
0.000 0.000 0.000 0.000 0.000 0.000 0.000 0.000 0.000 0.000 0.000 0.000 0.000 0.000 0.000 0.000 0.000 0.000 0.000 0.000 0.000 0.000 0.000 0.000 0.000 0.000 0.001 0.001 0.001 0.000 0.000 0.000 0.000 0.000 0.000 0.000 0.000 0.000 0.000 0.000 0.000 0.000 0.000 0.001 0.002 0.002 0.002 0.002 0.002 0.002 0.002 0.002 0.002 0.002 0.002 0.002 0.002 0.002 0.002 0.003 0.011 0.038 0.070 0.043 0.003 0.001 0.001 0.001 0.000 0.000 0.000 0.000 0.000 0.001 0.002 0.002 0.002
0.000 0.000 0.000 0.000 0.000 0.000 0.000 0.000 0.000 0.000 0.000 0.000 0.000 0.000 0.000 0.000 0.000 0.000 0.000 0.000 0.000 0.000 0.000 0.000 0.000 0.000 0.001 0.001 0.002 0.002 0.001 0.001 0.000 0.000 0.000 0.000 0.000 0.000 0.000 0.000 0.000 0.000 0.000 0.001 0.002 0.002 0.002 0.002 0.002 0.002 0.002 0.002 0.002 0.002 0.002 0.002 0.002 0.002 0.002 0.002 0.004 0.016 0.051 0.075 0.039 0.006 0.001 0.001 0.001 0.000 0.000 0.001 0.001 0.002 0.002 0.002 0.002
0.000 0.000 0.000 0.000 0.000 0.000 0.000 0.000 0.000 0.000 0.000 0.000 0.000 0.000 0.000 0.000 0.000 0.000 0.000 0.000 0.001 0.000 0.000 0.000 0.000 0.000 0.001 0.001 0.002 0.003 0.002 0.002 0.001 0.001 0.000 0.000 0.000 0.000 0.000 0.000 0.000 0.000 0.000 0.001 0.002 0.002 0.002 0.002 0.002 0.002 0.002 0.002 0.003 0.003 0.002 0.002 0.002 0.002 0.002 0.002 0.003 0.006 0.019 0.055 0.079 0.055 0.012 0.001 0.001 0.001 0.001 0.001 0.002 0.002 0.002 0.002 0.002
0.000 0.000 0.000 0.000 0.000 0.000 0.000 0.000 0.000 0.000 0.000 0.000 0.000 0.001 0.000 0.000 0.000 0.000 0.000 0.000 0.001 0.001 0.000 0.000 0.000 0.000 0.001 0.001 0.001 0.002 0.003 0.004 0.003 0.001 0.001 0.001 0.000 0.000 0.000 0.000 0.000 0.000 0.000 0.001 0.002 0.002 0.002 0.002 0.002 0.002 0.002 0.002 0.003 0.003 0.003 0.003 0.003 0.003 0.003 0.003 0.003 0.005 0.007 0.016 0.052 0.095 0.067 0.020 0.001 0.002 0.002 0.002 0.002 0.002 0.003 0.003 0.003
0.000 0.000 0.000 0.000 0.000 0.000 0.000 0.000 0.000 0.000 0.000 0.000 0.000 0.000 0.000 0.000 0.000 0.000 0.000 0.000 0.001 0.001 0.000 0.000 0.000 0.000 0.000 0.001 0.001 0.001 0.002 0.003 0.004 0.003 0.001 0.001 0.001 0.001 0.001 0.000 0.000 0.000 0.000 0.001 0.001 0.002 0.002 0.002 0.002 0.002 0.002 0.002 0.002 0.002 0.003 0.003 0.004 0.004 0.004 0.004 0.004 0.004 0.005 0.006 0.010 0.041 0.088 0.082 0.020 0.002 0.002 0.002 0.002 0.003 0.003 0.003 0.003
0.000 0.000 0.000 0.000 0.000 0.000 0.000 0.000 0.000 0.000 0.000 0.000 0.000 0.000 0.000 0.000 0.000 0.000 0.000 0.000 0.000 0.001 0.000 0.000 0.000 0.000 0.000 0.001 0.001 0.001 0.001 0.002 0.004 0.005 0.004 0.002 0.001 0.001 0.001 0.001 0.000 0.000 0.000 0.000 0.001 0.002 0.002 0.002 0.002 0.002 0.002 0.002 0.002 0.002 0.002 0.002 0.003 0.003 0.003 0.003 0.004 0.004 0.003 0.003 0.004 0.007 0.038 0.090 0.068 0.013 0.006 0.004 0.003 0.004 0.004 0.004 0.004
0.000 0.000 0.000 0.000 0.000 0.000 0.000 0.000 0.000 0.000 0.000 0.000 0.000 0.000 0.000 0.000 0.000 0.001 0.001 0.000 0.000 0.000 0.000 0.000 0.000 0.000 0.000 0.000 0.001 0.001 0.001 0.002 0.002 0.004 0.006 0.004 0.002 0.001 0.001 0.001 0.001 0.000 0.000 0.000 0.001 0.002 0.002 0.002 0.002 0.002 0.002 0.002 0.002 0.002 0.002 0.002 0.002 0.002 0.002 0.003 0.003 0.002 0.002 0.002 0.002 0.003 0.011 0.054 0.097 0.044 0.015 0.009 0.006 0.006 0.006 0.006 0.006
0.000 0.000 0.000 0.000 0.000 0.000 0.000 0.000 0.000 0.000 0.000 0.000 0.000 0.000 0.000 0.000 0.000 0.001 0.001 0.001 0.000 0.000 0.000 0.000 0.000 0.000 0.000 0.000 0.000 0.001 0.001 0.002 0.002 0.003 0.005 0.007 0.004 0.002 0.001 0.001 0.001 0.000 0.000 0.000 0.001 0.002 0.002 0.002 0.002 0.002 0.002 0.002 0.002 0.002 0.002 0.002 0.002 0.002 0.002 0.002 0.002 0.002 0.002 0.002 0.002 0.003 0.006 0.025 0.077 0.076 0.035 0.019 0.012 0.009 0.010 0.011 0.012
0.000 0.000 0.000 0.000 0.000 0.000 0.000 0.000 0.000 0.000 0.000 0.000 0.000 0.000 0.000 0.000 0.000 0.001 0.001 0.001 0.000 0.000 0.000 0.000 0.000 0.000 0.000 0.000 0.000 0.000 0.001 0.001 0.002 0.002 0.003 0.007 0.007 0.003 0.002 0.001 0.001 0.001 0.000 0.000 0.002 0.002 0.002 0.002 0.002 0.002 0.002 0.000 0.000 0.002 0.002 0.002 0.002 0.002 0.002 0.002 0.002 0.002 0.002 0.002 0.002 0.003 0.004 0.010 0.042 0.084 0.059 0.031 0.021 0.015 0.012 0.012 0.013
0.000 0.000 0.000 0.000 0.000 0.000 0.000 0.000 0.000 0.000 0.000 0.000 0.000 0.000 0.000 0.000 0.000 0.000 0.000 0.000 0.000 0.000 0.000 0.000 0.000 0.000 0.000 0.000 0.000 0.000 0.001 0.001 0.002 0.002 0.002 0.005 0.007 0.005 0.002 0.001 0.001 0.001 0.001 0.000 0.002 0.002 0.003 0.002 0.002 0.002 0.002 0.001 0.000 0.002 0.002 0.002 0.002 0.002 0.002 0.002 0.002 0.002 0.002 0.002 0.002 0.003 0.003 0.006 0.018 0.062 0.074 0.047 0.032 0.023 0.016 0.010 0.009
0.000 0.000 0.000 0.000 0.000 0.000 0.000 0.000 0.000 0.000 0.000 0.000 0.000 0.000 0.000 0.000 0.000 0.000 0.000 0.000 0.000 0.000 0.000 0.000 0.000 0.000 0.000 0.000 0.000 0.000 0.001 0.001 0.002 0.003 0.003 0.003 0.005 0.006 0.004 0.002 0.002 0.002 0.002 0.002 0.002 0.002 0.004 0.003 0.002 0.002 0.002 0.002 0.001 0.000 0.000 0.000 0.000 0.002 0.002 0.002 0.002 0.002 0.003 0.002 0.002 0.002 0.003 0.005 0.011 0.035 0.069 0.062 0.043 0.034 0.026 0.014 0.009
0.000 0.000 0.000 0.000 0.000 0.000 0.000 0.000 0.000 0.000 0.000 0.000 0.000 0.000 0.000 0.000 0.000 0.000 0.000 0.000 0.000 0.000 0.000 0.000 0.000 0.000 0.000 0.000 0.000 0.000 0.001 0.001 0.002 0.004 0.006 0.005 0.003 0.004 0.005 0.005 0.002 0.001 0.002 0.002 0.002 0.002 0.003 0.004 0.004 0.002 0.002 0.002 0.002 0.002 0.002 0.002 0.002 0.002 0.002 0.002 0.002 0.002 0.003 0.003 0.002 0.002 0.003 0.004 0.008 0.018 0.047 0.066 0.054 0.044 0.037 0.025 0.012
0.000 0.000 0.000 0.000 0.000 0.000 0.000 0.000 0.000 0.000 0.000 0.000 0.000 0.000 0.000 0.000 0.000 0.000 0.000 0.000 0.000 0.000 0.000 0.000 0.000 0.000 0.000 0.000 0.000 0.000 0.001 0.001 0.001 0.003 0.006 0.010 0.006 0.003 0.004 0.005 0.003 0.002 0.001 0.002 0.002 0.002 0.002 0.004 0.005 0.004 0.002 0.002 0.002 0.002 0.002 0.002 0.002 0.002 0.002 0.002 0.002 0.002 0.003 0.003 0.003 0.002 0.003 0.004 0.007 0.014 0.027 0.054 0.060 0.052 0.047 0.039 0.024
0.000 0.000 0.000 0.000 0.000 0.000 0.000 0.000 0.000 0.000 0.000 0.000 0.000 0.000 0.000 0.000 0.000 0.000 0.000 0.000 0.000 0.000 0.000 0.000 0.000 0.000 0.000 0.000 0.000 0.000 0.000 0.001 0.001 0.001 0.004 0.010 0.010 0.005 0.003 0.003 0.004 0.003 0.002 0.001 0.001 0.002 0.002 0.003 0.004 0.004 0.003 0.003 0.002 0.002 0.002 0.002 0.002 0.002 0.002 0.002 0.002 0.002 0.002 0.003 0.004 0.004 0.004 0.004 0.007 0.012 0.018 0.033 0.053 0.057 0.053 0.049 0.039
0.000 0.000 0.000 0.000 0.000 0.000 0.000 0.000 0.000 0.000 0.000 0.000 0.000 0.000 0.000 0.000 0.000 0.000 0.000 0.000 0.000 0.000 0.000 0.000 0.000 0.000 0.000 0.000 0.000 0.000 0.000 0.000 0.001 0.001 0.002 0.006 0.011 0.010 0.005 0.003 0.003 0.004 0.002 0.001 0.001 0.001 0.002 0.002 0.003 0.004 0.004 0.004 0.003 0.002 0.002 0.002 0.002 0.002 0.002 0.002 0.002 0.002 0.002 0.003 0.004 0.004 0.004 0.005 0.007 0.013 0.015 0.020 0.038 0.054 0.055 0.054 0.050
0.000 0.000 0.000 0.000 0.000 0.000 0.000 0.000 0.000 0.000 0.000 0.000 0.000 0.000 0.000 0.000 0.000 0.000 0.000 0.000 0.000 0.000 0.000 0.000 0.000 0.000 0.000 0.000 0.000 0.000 0.000 0.000 0.000 0.001 0.001 0.003 0.009 0.014 0.010 0.005 0.004 0.004 0.003 0.002 0.001 0.001 0.002 0.003 0.004 0.005 0.005 0.005 0.005 0.004 0.003 0.002 0.002 0.002 0.002 0.002 0.002 0.002 0.002 0.002 0.003 0.003 0.004 0.004 0.006 0.013 0.015 0.016 0.023 0.042 0.053 0.054 0.055
0.000 0.000 0.000 0.000 0.000 0.000 0.000 0.000 0.000 0.000 0.000 0.000 0.000 0.000 0.000 0.000 0.000 0.000 0.000 0.000 0.000 0.000 0.000 0.000 0.000 0.000 0.000 0.000 0.000 0.000 0.000 0.000 0.000 0.000 0.001 0.002 0.005 0.014 0.018 0.014 0.009 0.004 0.003 0.002 0.002 0.002 0.002 0.003 0.004 0.005 0.005 0.006 0.006 0.006 0.004 0.003 0.003 0.002 0.002 0.002 0.002 0.002 0.002 0.002 0.002 0.002 0.003 0.004 0.006 0.013 0.016 0.014 0.017 0.027 0.043 0.051 0.054
0.000 0.000 0.000 0.000 0.000 0.000 0.000 0.000 0.000 0.000 0.000 0.000 0.000 0.000 0.000 0.000 0.000 0.000 0.000 0.000 0.000 0.000 0.000 0.000 0.000 0.000 0.000 0.000 0.000 0.000 0.000 0.000 0.000 0.000 0.000 0.001 0.001 0.005 0.013 0.020 0.020 0.013 0.006 0.001 0.001 0.002 0.003 0.004 0.003 0.003 0.004 0.006 0.007 0.007 0.006 0.005 0.004 0.004 0.003 0.003 0.003 0.003 0.003 0.003 0.002 0.002 0.002 0.003 0.005 0.012 0.016 0.014 0.015 0.019 0.029 0.041 0.051
0.000 0.000 0.000 0.000 0.000 0.000 0.000 0.000 0.000 0.000 0.000 0.000 0.000 0.000 0.000 0.000 0.000 0.000 0.000 0.000 0.000 0.000 0.000 0.000 0.000 0.000 0.000 0.000 0.000 0.000 0.000 0.000 0.000 0.000 0.000 0.000 0.000 0.001 0.003 0.010 0.019 0.027 0.026 0.011 0.000 0.001 0.003 0.004 0.003 0.003 0.003 0.004 0.006 0.007 0.007 0.006 0.006 0.006 0.005 0.005 0.004 0.003 0.003 0.004 0.003 0.002 0.002 0.002 0.004 0.009 0.015 0.015 0.015 0.018 0.022 0.030 0.042
0.000 0.000 0.000 0.000 0.000 0.000 0.000 0.000 0.000 0.000 0.000 0.000 0.000 0.000 0.000 0.000 0.000 0.000 0.000 0.000 0.000 0.000 0.000 0.000 0.000 0.000 0.000 0.000 0.000 0.000 0.000 0.000 0.000 0.000 0.000 0.000 0.000 0.000 0.001 0.002 0.006 0.017 0.033 0.034 0.012 0.000 0.001 0.002 0.003 0.003 0.003 0.003 0.005 0.007 0.007 0.006 0.006 0.007 0.007 0.007 0.006 0.005 0.004 0.004 0.004 0.002 0.002 0.002 0.003 0.006 0.012 0.015 0.016 0.019 0.019 0.022 0.031
0.000 0.000 0.000 0.000 0.000 0.000 0.000 0.000 0.000 0.000 0.000 0.000 0.000 0.000 0.000 0.000 0.000 0.000 0.000 0.000 0.000 0.000 0.000 0.000 0.000 0.000 0.000 0.000 0.000 0.000 0.000 0.000 0.000 0.000 0.000 0.000 0.000 0.000 0.000 0.001 0.001 0.003 0.012 0.030 0.030 0.010 0.000 0.001 0.002 0.003 0.003 0.003 0.005 0.007 0.008 0.007 0.006 0.007 0.008 0.008 0.008 0.008 0.007 0.006 0.006 0.004 0.002 0.002 0.002 0.004 0.008 0.013 0.018 0.020 0.019 0.019 0.024
0.000 0.000 0.000 0.000 0.000 0.000 0.000 0.000 0.000 0.000 0.000 0.000 0.000 0.000 0.000 0.000 0.000 0.000 0.000 0.000 0.000 0.000 0.000 0.000 0.000 0.000 0.000 0.000 0.000 0.000 0.000 0.000 0.000 0.000 0.000 0.000 0.000 0.000 0.000 0.000 0.001 0.001 0.003 0.010 0.024 0.026 0.006 0.001 0.001 0.002 0.004 0.004 0.005 0.007 0.008 0.008 0.006 0.006 0.007 0.008 0.009 0.010 0.010 0.010 0.010 0.006 0.002 0.002 0.002 0.003 0.005 0.010 0.016 0.021 0.021 0.019 0.020
0.000 0.000 0.000 0.000 0.000 0.000 0.000 0.000 0.000 0.000 0.000 0.000 0.000 0.000 0.000 0.000 0.000 0.000 0.000 0.000 0.000 0.000 0.000 0.000 0.000 0.000 0.000 0.000 0.000 0.000 0.000 0.000 0.000 0.000 0.000 0.000 0.000 0.000 0.000 0.000 0.000 0.001 0.002 0.006 0.016 0.033 0.023 0.002 0.002 0.002 0.003 0.005 0.006 0.008 0.009 0.009 0.008 0.005 0.005 0.006 0.009 0.012 0.013 0.013 0.013 0.009 0.004 0.002 0.002 0.002 0.004 0.008 0.014 0.020 0.022 0.020 0.018
0.000 0.000 0.000 0.000 0.000 0.000 0.000 0.000 0.000 0.000 0.000 0.000 0.000 0.000 0.000 0.000 0.000 0.000 0.000 0.000 0.000 0.000 0.000 0.000 0.000 0.000 0.000 0.000 0.000 0.000 0.000 0.000 0.000 0.000 0.000 0.000 0.000 0.000 0.000 0.000 0.000 0.000 0.001 0.003 0.010 0.028 0.040 0.015 0.003 0.003 0.003 0.004 0.005 0.008 0.010 0.010 0.009 0.006 0.004 0.005 0.008 0.012 0.015 0.015 0.013 0.010 0.005 0.003 0.002 0.002 0.003 0.008 0.013 0.016 0.020 0.021 0.019
0.000 0.000 0.000 0.000 0.000 0.000 0.000 0.000 0.000 0.000 0.000 0.000 0.000 0.000 0.000 0.000 0.000 0.000 0.000 0.000 0.000 0.000 0.000 0.000 0.000 0.000 0.000 0.000 0.000 0.000 0.000 0.000 0.000 0.000 0.000 0.000 0.000 0.000 0.000 0.000 0.000 0.000 0.000 0.001 0.003 0.016 0.041 0.037 0.015 0.005 0.003 0.003 0.004 0.007 0.010 0.011 0.011 0.010 0.006 0.004 0.005 0.008 0.012 0.014 0.013 0.009 0.005 0.003 0.002 0.002 0.003 0.006 0.011 0.013 0.017 0.020 0.020
0.000 0.000 0.000 0.000 0.000 0.000 0.000 0.000 0.000 0.000 0.000 0.000 0.000 0.000 0.000 0.000 0.000 0.000 0.000 0.000 0.000 0.000 0.000 0.000 0.000 0.000 0.000 0.000 0.000 0.000 0.000 0.000 0.000 0.000 0.000 0.000 0.000 0.000 0.000 0.000 0.000 0.000 0.000 0.000 0.001 0.004 0.023 0.043 0.030 0.009 0.003 0.002 0.003 0.005 0.009 0.011 0.012 0.013 0.011 0.006 0.004 0.003 0.005 0.008 0.009 0.007 0.004 0.003 0.003 0.002 0.002 0.005 0.008 0.010 0.013 0.016 0.018
0.000 0.000 0.000 0.000 0.000 0.000 0.000 0.000 0.000 0.000 0.000 0.000 0.000 0.000 0.000 0.000 0.000 0.000 0.000 0.000 0.000 0.000 0.000 0.000 0.000 0.000 0.000 0.000 0.000 0.000 0.000 0.000 0.000 0.000 0.000 0.000 0.000 0.000 0.000 0.000 0.000 0.000 0.000 0.000 0.000 0.001 0.006 0.016 0.016 0.007 0.002 0.001 0.001 0.003 0.006 0.010 0.013 0.016 0.017 0.012 0.005 0.003 0.002 0.003 0.003 0.003 0.004 0.005 0.005 0.005 0.004 0.005 0.006 0.008 0.010 0.012 0.014
0.000 0.000 0.000 0.000 0.000 0.000 0.000 0.000 0.000 0.000 0.000 0.000 0.000 0.000 0.000 0.000 0.000 0.000 0.000 0.000 0.000 0.000 0.000 0.000 0.000 0.000 0.000 0.000 0.000 0.000 0.000 0.000 0.000 0.000 0.000 0.000 0.000 0.000 0.000 0.000 0.000 0.000 0.000 0.000 0.000 0.000 0.001 0.002 0.002 0.001 0.001 0.000 0.001 0.002 0.004 0.007 0.012 0.016 0.018 0.016 0.007 0.003 0.002 0.001 0.001 0.002 0.004 0.006 0.008 0.008 0.007 0.008 0.008 0.008 0.009 0.010 0.011
0.000 0.000 0.000 0.000 0.000 0.000 0.000 0.000 0.000 0.000 0.000 0.000 0.000 0.000 0.000 0.000 0.000 0.000 0.000 0.000 0.000 0.000 0.000 0.000 0.000 0.000 0.000 0.000 0.000 0.000 0.000 0.000 0.000 0.000 0.000 0.000 0.000 0.000 0.000 0.000 0.000 0.000 0.000 0.000 0.000 0.000 0.000 0.000 0.000 0.000 0.000 0.000 0.000 0.001 0.003 0.007 0.011 0.013 0.014 0.014 0.009 0.003 0.002 0.001 0.001 0.001 0.002 0.004 0.007 0.009 0.009 0.010 0.011 0.011 0.010 0.009 0.009
