AvaFrame/avaframe/data/avaGar/Avaflow_Input_Output_sss/gar_results/alr_ascii/alr_vfront.asc
ncols 130
nrows 97
xllcenter 247320.75
yllcenter 350697.47
cellsize 20.00
NODATA_value -9999.000
[rows 56 to 83 of 97, columns 64 to 127 of 130]
4.234 4.640 5.383 6.768 8.938 4.290 3.280 2.605 2.710 2.038 2.299 1.749 2.096 1.491 1.741 1.095 1.175 1.220 1.232 1.220 1.153 1.976 1.636 2.267 2.804 3.013 2.997 4.008 6.307 4.760 0.380 0.149 -9999.000 -9999.000 -9999.000 -9999.000 -9999.000 -9999.000 -9999.000 -9999.000 -9999.000 -9999.000 -9999.000 -9999.000 -9999.000 -9999.000 -9999.000 -9999.000 -9999.000 -9999.000 -9999.000 -9999.000 -9999.000 8.429 8.430 7.258 -9999.000 -9999.000 -9999.000 -9999.000 -9999.000 -9999.000 -9999.000 -9999.000
4.467 4.984 4.569 5.540 6.519 7.063 4.327 3.182 2.602 2.117 2.588 2.169 1.749 1.330 1.701 1.163 1.408 1.666 0.930 1.000 1.014 1.852 1.573 2.252 1.747 2.215 2.593 3.935 3.659 4.762 4.947 0.333 0.112 -9999.000 -9999.000 -9999.000 -9999.000 -9999.000 -9999.000 -9999.000 -9999.000 -9999.000 -9999.000 -9999.000 -9999.000 -9999.000 -9999.000 -9999.000 -9999.000 -9999.000 -9999.000 -9999.000 8.766 8.016 6.800 5.914 5.776 -9999.000 -9999.000 -9999.000 -9999.000 -9999.000 -9999.000 -9999.000
5.569 5.106 4.804 4.611 5.743 6.383 5.515 4.378 3.384 3.105 1.890 1.654 1.405 2.013 1.606 1.193 1.654 1.079 1.364 1.573 1.645 1.577 1.410 2.097 1.672 2.215 2.826 3.311 3.439 3.350 4.876 4.771 0.275 -9999.000 -9999.000 -9999.000 -9999.000 -9999.000 -9999.000 -9999.000 -9999.000 -9999.000 -9999.000 -9999.000 -9999.000 -9999.000 -9999.000 -9999.000 -9999.000 -9999.000 -9999.000 7.776 7.336 7.413 6.302 5.179 5.237 4.991 -9999.000 -9999.000 -9999.000 -9999.000 -9999.000 -9999.000
5.565 5.200 5.008 4.959 4.888 6.242 6.222 4.311 4.068 3.217 2.089 2.012 1.907 1.735 1.496 1.217 0.921 1.352 0.877 1.084 1.220 1.229 1.151 1.815 1.505 2.103 1.640 2.096 2.572 2.957 3.189 3.316 5.769 0.130 -9999.000 -9999.000 -9999.000 -9999.000 -9999.000 -9999.000 -9999.000 -9999.000 -9999.000 -9999.000 -9999.000 -9999.000 -9999.000 -9999.000 -9999.000 -9999.000 7.634 7.653 6.736 6.047 5.330 5.160 3.526 3.591 3.455 -9999.000 -9999.000 -9999.000 -9999.000 -9999.000
6.606 5.734 5.810 6.313 5.663 5.824 5.677 4.939 3.622 3.298 2.441 2.601 1.536 1.493 1.391 1.223 1.004 1.577 1.081 1.396 1.592 1.659 1.586 1.441 1.253 1.873 1.513 2.008 2.563 1.943 2.591 3.145 3.236 5.552 -9999.000 -9999.000 -9999.000 -9999.000 -9999.000 -9999.000 -9999.000 -9999.000 -9999.000 -9999.000 -9999.000 -9999.000 -9999.000 -9999.000 -9999.000 7.632 7.549 7.120 5.888 3.781 3.757 2.848 2.957 3.271 5.591 -9999.000 -9999.000 -9999.000 -9999.000 -9999.000
8.383 6.355 6.433 6.623 7.165 6.802 5.582 5.060 3.616 3.553 3.079 2.069 2.316 1.297 1.281 1.202 1.047 1.663 1.219 1.589 1.004 1.099 1.114 1.915 1.761 1.548 1.292 1.814 1.420 1.980 1.606 2.392 2.966 4.231 5.358 -9999.000 -9999.000 -9999.000 -9999.000 -9999.000 -9999.000 -9999.000 -9999.000 -9999.000 -9999.000 -9999.000 -9999.000 -9999.000 7.237 6.942 5.620 4.139 2.998 2.940 2.886 2.868 3.232 3.363 -9999.000 -9999.000 -9999.000 -9999.000 -9999.000 -9999.000
-9999.000 7.468 6.607 6.623 6.994 7.570 6.579 5.211 4.035 4.118 2.337 3.081 1.934 2.166 2.251 1.116 1.985 1.648 1.253 1.658 1.101 1.255 1.326 1.336 1.288 1.180 1.819 1.530 1.267 1.997 1.715 1.418 2.111 3.915 3.853 4.904 -9999.000 -9999.000 3.503 3.448 4.008 4.491 5.024 5.436 5.676 6.270 6.649 6.718 6.344 5.328 4.092 3.766 3.247 2.947 2.588 2.683 3.014 3.140 -9999.000 -9999.000 -9999.000 -9999.000 -9999.000 -9999.000
-9999.000 -9999.000 7.051 6.719 6.841 7.381 8.084 6.213 4.324 2.936 2.860 2.413 2.908 1.796 1.940 1.912 1.774 1.541 1.209 1.622 2.006 1.325 1.486 1.573 1.574 1.498 1.367 1.223 2.079 1.942 1.754 1.504 2.226 2.861 3.361 3.433 4.298 6.505 2.576 2.796 3.713 4.466 5.256 5.759 6.227 6.404 6.451 6.289 5.517 4.103 4.190 3.907 2.955 2.551 2.451 2.000 1.617 -9999.000 -9999.000 -9999.000 -9999.000 -9999.000 -9999.000 -9999.000
-9999.000 -9999.000 -9999.000 6.530 6.688 7.017 7.427 8.232 5.666 4.902 3.248 3.033 2.310 2.619 1.576 1.610 1.514 1.330 1.964 1.516 1.951 1.352 1.573 1.732 1.799 1.798 1.776 1.766 1.769 1.764 1.679 1.484 2.195 1.690 2.196 2.740 4.133 3.769 4.607 3.793 4.130 4.550 5.492 6.030 6.405 6.386 5.846 5.205 4.457 4.007 3.585 3.180 2.456 1.801 1.379 1.394 -9999.000 -9999.000 -9999.000 -9999.000 -9999.000 -9999.000 -9999.000 -9999.000
-9999.000 -9999.000 -9999.000 7.428 6.285 6.487 6.948 7.725 8.279 6.316 3.461 3.391 2.967 2.035 2.206 2.267 2.193 1.982 1.699 1.369 1.837 1.315 1.593 1.809 1.114 1.176 1.244 1.323 1.418 1.496 1.478 1.345 2.025 1.600 2.167 1.655 3.236 3.361 3.248 4.058 4.480 4.755 5.647 5.918 5.712 5.962 5.181 4.583 4.432 3.551 2.499 1.917 1.639 1.203 -9999.000 -9999.000 -9999.000 -9999.000 -9999.000 -9999.000 -9999.000 -9999.000 -9999.000 -9999.000
-9999.000 -9999.000 -9999.000 -9999.000 7.703 6.360 6.679 7.108 7.773 8.355 4.937 3.504 3.326 2.661 1.703 1.779 1.758 1.634 1.443 2.112 1.667 1.244 1.551 1.847 1.190 1.378 1.623 0.934 1.068 1.172 1.187 2.032 1.721 1.418 1.994 1.549 1.929 2.275 2.614 3.880 4.605 5.055 5.749 5.695 5.229 4.782 4.494 4.480 3.724 3.348 2.457 1.399 1.072 -9999.000 -9999.000 -9999.000 -9999.000 -9999.000 -9999.000 -9999.000 -9999.000 -9999.000 -9999.000 -9999.000
-9999.000 -9999.000 -9999.000 -9999.000 -9999.000 -9999.000 6.991 6.738 7.173 7.573 8.412 4.990 3.449 3.123 2.242 2.381 2.426 2.335 2.110 1.800 1.470 2.003 1.469 1.889 1.289 1.658 1.042 1.306 1.555 1.670 1.652 1.540 1.352 2.046 1.702 1.353 1.734 2.139 2.606 3.026 3.060 3.799 4.146 3.902 3.387 3.768 4.371 3.783 2.397 2.066 1.642 1.116 -9999.000 -9999.000 -9999.000 -9999.000 -9999.000 -9999.000 -9999.000 -9999.000 -9999.000 -9999.000 -9999.000 -9999.000
-9999.000 -9999.000 -9999.000 -9999.000 -9999.000 -9999.000 -9999.000 6.973 6.620 7.055 7.533 5.832 3.416 3.320 2.801 1.833 1.898 1.867 1.723 1.506 1.251 1.792 1.385 1.022 1.415 0.967 1.335 1.722 1.025 1.127 1.145 1.909 1.748 1.558 1.337 1.848 1.456 1.904 1.462 1.798 3.179 3.174 3.654 2.676 2.704 3.813 3.542 1.686 1.682 1.300 1.270 -9999.000 -9999.000 -9999.000 -9999.000 -9999.000 -9999.000 -9999.000 -9999.000 -9999.000 -9999.000 -9999.000 -9999.000 -9999.000
-9999.000 -9999.000 -9999.000 -9999.000 -9999.000 -9999.000 -9999.000 -9999.000 6.397 6.666 7.101 7.788 5.848 3.274 3.067 2.358 2.487 2.489 2.357 2.143 1.882 1.606 1.314 1.030 1.565 1.144 1.637 1.058 1.254 1.332 1.339 1.291 1.211 1.905 1.651 1.389 1.939 1.592 2.114 1.585 1.812 1.925 2.287 2.696 3.171 3.230 1.695 2.046 1.549 1.073 -9999.000 -9999.000 -9999.000 -9999.000 -9999.000 -9999.000 -9999.000 -9999.000 -9999.000 -9999.000 -9999.000 -9999.000 -9999.000 -9999.000
-9999.000 -9999.000 -9999.000 -9999.000 -9999.000 -9999.000 -9999.000 -9999.000 -9999.000 6.788 6.605 7.123 7.877 5.745 4.322 2.681 3.101 1.902 1.869 1.768 1.621 1.441 1.250 1.049 1.721 1.300 1.823 1.210 1.387 1.462 1.488 1.475 1.407 1.282 1.883 1.652 1.442 1.222 1.687 2.095 1.505 1.519 1.712 2.634 3.085 2.415 2.125 2.432 -9999.000 -9999.000 -9999.000 -9999.000 -9999.000 -9999.000 -9999.000 -9999.000 -9999.000 -9999.000 -9999.000 -9999.000 -9999.000 -9999.000 -9999.000 -9999.000
-9999.000 -9999.000 -9999.000 -9999.000 -9999.000 -9999.000 -9999.000 -9999.000 -9999.000 8.262 6.804 7.025 7.412 7.863 4.075 4.050 3.607 2.484 1.472 1.456 1.385 1.295 1.192 1.046 1.735 1.346 1.832 1.251 1.439 1.560 1.622 1.624 1.543 1.403 1.256 1.924 1.731 1.511 2.070 1.600 1.848 1.447 1.776 2.569 -9999.000 -9999.000 -9999.000 -9999.000 -9999.000 -9999.000 -9999.000 -9999.000 -9999.000 -9999.000 -9999.000 -9999.000 -9999.000 -9999.000 -9999.000 -9999.000 -9999.000 -9999.000 -9999.000 -9999.000
-9999.000 -9999.000 -9999.000 -9999.000 -9999.000 -9999.000 -9999.000 -9999.000 -9999.000 -9999.000 7.791 6.860 7.092 7.107 7.894 4.041 3.936 3.233 2.071 2.206 2.255 2.232 2.114 1.897 1.598 1.267 1.702 1.207 1.426 1.588 1.693 1.702 1.620 1.499 1.385 1.279 1.992 1.748 1.456 1.824 1.955 1.458 2.031 -9999.000 -9999.000 -9999.000 -9999.000 -9999.000 -9999.000 -9999.000 -9999.000 -9999.000 -9999.000 -9999.000 -9999.000 -9999.000 -9999.000 -9999.000 -9999.000 -9999.000 -9999.000 -9999.000 -9999.000 -9999.000
-9999.000 -9999.000 -9999.000 -9999.000 -9999.000 -9999.000 -9999.000 -9999.000 -9999.000 -9999.000 -9999.000 7.754 6.771 7.030 7.142 8.045 4.012 3.786 2.911 1.788 1.872 1.873 1.775 1.600 1.367 1.948 1.515 1.945 1.347 1.552 1.674 1.690 1.652 1.593 1.519 1.418 1.294 1.875 1.556 1.908 1.865 1.212 -9999.000 -9999.000 -9999.000 -9999.000 -9999.000 -9999.000 -9999.000 -9999.000 -9999.000 -9999.000 -9999.000 -9999.000 -9999.000 -9999.000 -9999.000 -9999.000 -9999.000 -9999.000 -9999.000 -9999.000 -9999.000 -9999.000
-9999.000 -9999.000 -9999.000 -9999.000 -9999.000 -9999.000 -9999.000 -9999.000 -9999.000 -9999.000 -9999.000 -9999.000 7.016 6.664 7.035 7.637 4.949 3.702 3.378 2.445 2.556 1.478 2.403 2.185 1.922 1.627 1.296 1.728 1.239 1.444 1.564 1.627 1.663 1.667 1.608 1.489 1.326 1.848 1.537 1.873 1.100 1.859 -9999.000 -9999.000 -9999.000 -9999.000 -9999.000 -9999.000 -9999.000 -9999.000 -9999.000 -9999.000 -9999.000 -9999.000 -9999.000 -9999.000 -9999.000 -9999.000 -9999.000 -9999.000 -9999.000 -9999.000 -9999.000 -9999.000
-9999.000 -9999.000 -9999.000 -9999.000 -9999.000 -9999.000 -9999.000 -9999.000 -9999.000 -9999.000 -9999.000 -9999.000 -9999.000 7.576 6.715 7.166 7.368 4.427 3.214 2.783 3.032 1.869 1.803 1.682 1.523 1.314 1.883 1.480 1.833 1.274 1.418 1.539 1.642 1.671 1.606 1.461 1.281 1.735 1.379 1.233 1.547 -9999.000 -9999.000 -9999.000 -9999.000 -9999.000 -9999.000 -9999.000 -9999.000 -9999.000 -9999.000 -9999.000 -9999.000 -9999.000 -9999.000 -9999.000 -9999.000 -9999.000 -9999.000 -9999.000 -9999.000 -9999.000 -9999.000 -9999.000
-9999.000 -9999.000 -9999.000 -9999.000 -9999.000 -9999.000 -9999.000 -9999.000 -9999.000 -9999.000 -9999.000 -9999.000 -9999.000 -9999.000 -9999.000 6.832 7.374 7.605 3.960 3.882 3.334 2.225 2.216 2.138 1.992 1.769 1.498 2.000 1.519 1.833 1.263 1.436 1.556 1.582 1.510 1.363 1.848 1.562 1.400 1.549 -9999.000 -9999.000 -9999.000 -9999.000 -9999.000 -9999.000 -9999.000 -9999.000 -9999.000 -9999.000 -9999.000 -9999.000 -9999.000 -9999.000 -9999.000 -9999.000 -9999.000 -9999.000 -9999.000 -9999.000 -9999.000 -9999.000 -9999.000 -9999.000
-9999.000 -9999.000 -9999.000 -9999.000 -9999.000 -9999.000 -9999.000 -9999.000 -9999.000 -9999.000 -9999.000 -9999.000 -9999.000 -9999.000 -9999.000 -9999.000 7.367 7.500 7.490 4.686 3.291 2.561 2.595 2.558 2.412 2.169 1.884 1.561 2.069 1.555 1.887 1.293 1.404 1.411 1.338 1.860 1.599 1.515 1.309 -9999.000 -9999.000 -9999.000 -9999.000 -9999.000 -9999.000 -9999.000 -9999.000 -9999.000 -9999.000 -9999.000 -9999.000 -9999.000 -9999.000 -9999.000 -9999.000 -9999.000 -9999.000 -9999.000 -9999.000 -9999.000 -9999.000 -9999.000 -9999.000 -9999.000
-9999.000 -9999.000 -9999.000 -9999.000 -9999.000 -9999.000 -9999.000 -9999.000 -9999.000 -9999.000 -9999.000 -9999.000 -9999.000 -9999.000 -9999.000 -9999.000 -9999.000 7.456 7.625 7.710 3.896 3.665 2.833 2.827 1.721 2.547 2.312 2.014 1.658 1.288 1.595 1.829 1.920 1.866 1.721 1.450 1.410 1.100 -9999.000 -9999.000 -9999.000 -9999.000 -9999.000 -9999.000 -9999.000 -9999.000 -9999.000 -9999.000 -9999.000 -9999.000 -9999.000 -9999.000 -9999.000 -9999.000 -9999.000 -9999.000 -9999.000 -9999.000 -9999.000 -9999.000 -9999.000 -9999.000 -9999.000 -9999.000
-9999.000 -9999.000 -9999.000 -9999.000 -9999.000 -9999.000 -9999.000 -9999.000 -9999.000 -9999.000 -9999.000 -9999.000 -9999.000 -9999.000 -9999.000 -9999.000 -9999.000 -9999.000 7.434 7.642 7.868 4.350 4.066 3.061 1.919 1.841 1.716 1.531 2.138 1.708 2.074 1.471 1.533 1.477 1.999 1.264 1.263 -9999.000 -9999.000 -9999.000 -9999.000 -9999.000 -9999.000 -9999.000 -9999.000 -9999.000 -9999.000 -9999.000 -9999.000 -9999.000 -9999.000 -9999.000 -9999.000 -9999.000 -9999.000 -9999.000 -9999.000 -9999.000 -9999.000 -9999.000 -9999.000 -9999.000 -9999.000 -9999.000
-9999.000 -9999.000 -9999.000 -9999.000 -9999.000 -9999.000 -9999.000 -9999.000 -9999.000 -9999.000 -9999.000 -9999.000 -9999.000 -9999.000 -9999.000 -9999.000 -9999.000 -9999.000 -9999.000 -9999.000 8.205 8.217 3.573 3.065 3.250 2.084 1.995 1.830 1.590 2.056 1.578 1.753 1.788 1.583 1.339 0.733 -9999.000 -9999.000 -9999.000 -9999.000 -9999.000 -9999.000 -9999.000 -9999.000 -9999.000 -9999.000 -9999.000 -9999.000 -9999.000 -9999.000 -9999.000 -9999.000 -9999.000 -9999.000 -9999.000 -9999.000 -9999.000 -9999.000 -9999.000 -9999.000 -9999.000 -9999.000 -9999.000 -9999.000
-9999.000 -9999.000 -9999.000 -9999.000 -9999.000 -9999.000 -9999.000 -9999.000 -9999.000 -9999.000 -9999.000 -9999.000 -9999.000 -9999.000 -9999.000 -9999.000 -9999.000 -9999.000 -9999.000 -9999.000 -9999.000 7.929 4.875 3.716 3.178 3.309 2.148 2.001 1.771 2.261 1.772 1.954 1.968 1.275 1.514 -9999.000 -9999.000 -9999.000 -9999.000 -9999.000 -9999.000 -9999.000 -9999.000 -9999.000 -9999.000 -9999.000 -9999.000 -9999.000 -9999.000 -9999.000 -9999.000 -9999.000 -9999.000 -9999.000 -9999.000 -9999.000 -9999.000 -9999.000 -9999.000 -9999.000 -9999.000 -9999.000 -9999.000 -9999.000
-9999.000 -9999.000 -9999.000 -9999.000 -9999.000 -9999.000 -9999.000 -9999.000 -9999.000 -9999.000 -9999.000 -9999.000 -9999.000 -9999.000 -9999.000 -9999.000 -9999.000 -9999.000 -9999.000 -9999.000 -9999.000 6.153 9.396 4.800 3.687 3.091 3.105 2.954 2.690 2.315 1.865 2.067 1.534 2.022 -9999.000 -9999.000 -9999.000 -9999.000 -9999.000 -9999.000 -9999.000 -9999.000 -9999.000 -9999.000 -9999.000 -9999.000 -9999.000 -9999.000 -9999.000 -9999.000 -9999.000 -9999.000 -9999.000 -9999.000 -9999.000 -9999.000 -9999.000 -9999.000 -9999.000 -9999.000 -9999.000 -9999.000 -9999.000 -9999.000
-9999.000 -9999.000 -9999.000 -9999.000 -9999.000 -9999.000 -9999.000 -9999.000 -9999.000 -9999.000 -9999.000 -9999.000 -9999.000 -9999.000 -9999.000 -9999.000 -9999.000 -9999.000 -9999.000 -9999.000 -9999.000 6.290 7.727 6.669 4.439 4.303 3.733 2.692 2.506 2.213 2.545 1.915 1.391 -9999.000 -9999.000 -9999.000 -9999.000 -9999.000 -9999.000 -9999.000 -9999.000 -9999.000 -9999.000 -9999.000 -9999.000 -9999.000 -9999.000 -9999.000 -9999.000 -9999.000 -9999.000 -9999.000 -9999.000 -9999.000 -9999.000 -9999.000 -9999.000 -9999.000 -9999.000 -9999.000 -9999.000 -9999.000 -9999.000 -9999.000
