AvaFrame/avaframe/data/avaGar/Avaflow_Input_Output_sss/gar_results/alr_ascii/alr_hflow0013.asc
ncols 130
nrows 97
xllcenter 247320.75
yllcenter 350697.47
cellsize 20.00
NODATA_value -9999.000
[rows 34 to 67 of 97, columns 0 to 76 of 130]
0.000 0.000 0.000 0.000 0.000 0.000 0.000 0.000 0.000 0.000 0.000 0.000 0.000 0.000 0.000 0.000 0.000 0.000 0.000 0.000 0.000 0.000 0.000 0.000 0.000 0.000 0.000 0.001 0.001 0.000 0.000 0.000 0.001 0.001 0.001 0.001 0.001 0.001 0.002 0.002 0.003 0.005 0.009 0.009 0.008 0.008 0.010 0.021 0.044 0.068 0.082 0.085 0.087 0.095 0.109 0.113 0.095 0.059 0.031 0.020 0.007 0.003 0.002 0.002 0.002 0.002 0.003 0.003 0.003 0.002 0.002 0.002 0.002 0.001 0.001 0.001 0.000
0.000 0.000 0.000 0.000 0.000 0.000 0.000 0.000 0.000 0.000 0.000 0.000 0.000 0.000 0.000 0.000 0.000 0.000 0.000 0.000 0.000 0.000 0.000 0.000 0.000 0.000 0.000 0.000 0.000 0.000 0.000 0.000 0.000 0.000 0.001 0.001 0.001 0.001 0.001 0.001 0.002 0.002 0.003 0.003 0.006 0.010 0.016 0.022 0.028 0.034 0.046 0.065 0.079 0.082 0.081 0.089 0.112 0.125 0.097 0.056 0.025 0.005 0.003 0.002 0.002 0.002 0.003 0.003 0.003 0.003 0.003 0.003 0.002 0.002 0.002 0.001 0.001
0.000 0.000 0.000 0.000 0.000 0.000 0.000 0.000 0.000 0.000 0.000 0.000 0.000 0.000 0.000 0.000 0.000 0.000 0.000 0.000 0.001 0.001 0.001 0.001 0.000 0.000 0.000 0.000 0.000 0.000 0.000 0.000 0.000 0.000 0.001 0.001 0.002 0.002 0.002 0.001 0.001 0.002 0.002 0.003 0.006 0.010 0.017 0.020 0.017 0.013 0.011 0.012 0.014 0.015 0.015 0.014 0.027 0.072 0.115 0.113 0.081 0.033 0.003 0.002 0.002 0.002 0.003 0.003 0.003 0.004 0.004 0.004 0.004 0.003 0.002 0.002 0.001
0.000 0.000 0.000 0.000 0.000 0.000 0.000 0.000 0.000 0.000 0.000 0.000 0.000 0.000 0.000 0.000 0.000 0.000 0.000 0.001 0.001 0.002 0.003 0.003 0.002 0.001 0.001 0.000 0.000 0.000 0.000 0.000 0.000 0.000 0.001 0.001 0.002 0.002 0.002 0.002 0.002 0.002 0.003 0.005 0.007 0.007 0.008 0.009 0.009 0.007 0.006 0.005 0.005 0.005 0.005 0.005 0.005 0.008 0.041 0.101 0.129 0.101 0.032 0.001 0.002 0.002 0.003 0.003 0.003 0.004 0.004 0.005 0.004 0.004 0.003 0.003 0.002
0.000 0.000 0.000 0.000 0.000 0.000 0.000 0.000 0.000 0.000 0.000 0.000 0.000 0.000 0.001 0.001 0.001 0.001 0.001 0.001 0.001 0.001 0.002 0.004 0.005 0.004 0.002 0.001 0.001 0.001 0.000 0.000 0.000 0.000 0.001 0.001 0.001 0.002 0.002 0.003 0.003 0.003 0.004 0.006 0.007 0.006 0.005 0.005 0.005 0.004 0.004 0.003 0.003 0.003 0.003 0.003 0.003 0.004 0.006 0.029 0.085 0.134 0.107 0.020 0.002 0.002 0.002 0.002 0.003 0.004 0.005 0.005 0.005 0.004 0.004 0.004 0.003
0.000 0.000 0.000 0.000 0.000 0.000 0.000 0.000 0.000 0.000 0.000 0.000 0.000 0.000 0.001 0.002 0.002 0.001 0.001 0.001 0.001 0.001 0.001 0.003 0.005 0.007 0.006 0.005 0.002 0.001 0.001 0.001 0.001 0.001 0.001 0.001 0.001 0.001 0.002 0.003 0.003 0.004 0.005 0.006 0.007 0.006 0.004 0.004 0.004 0.003 0.003 0.003 0.003 0.002 0.002 0.003 0.003 0.003 0.004 0.007 0.025 0.082 0.148 0.094 0.010 0.001 0.001 0.002 0.002 0.003 0.004 0.005 0.005 0.005 0.005 0.004 0.004
0.000 0.000 0.000 0.000 0.000 0.000 0.000 0.000 0.000 0.000 0.000 0.000 0.000 0.000 0.001 0.002 0.002 0.001 0.001 0.001 0.001 0.001 0.001 0.001 0.002 0.004 0.007 0.009 0.007 0.005 0.002 0.001 0.001 0.001 0.001 0.001 0.001 0.001 0.002 0.003 0.003 0.004 0.004 0.005 0.006 0.006 0.004 0.003 0.003 0.004 0.003 0.003 0.003 0.003 0.003 0.003 0.003 0.003 0.003 0.004 0.009 0.033 0.107 0.163 0.085 0.014 0.001 0.001 0.002 0.003 0.004 0.005 0.006 0.006 0.006 0.005 0.004
0.000 0.000 0.000 0.000 0.000 0.000 0.000 0.000 0.000 0.000 0.000 0.000 0.000 0.000 0.001 0.002 0.003 0.002 0.001 0.001 0.001 0.001 0.001 0.001 0.001 0.002 0.003 0.005 0.008 0.009 0.007 0.005 0.002 0.001 0.001 0.001 0.001 0.001 0.002 0.003 0.003 0.004 0.004 0.003 0.004 0.004 0.004 0.004 0.004 0.004 0.004 0.005 0.005 0.005 0.005 0.004 0.003 0.003 0.003 0.004 0.006 0.014 0.046 0.130 0.171 0.111 0.026 0.001 0.002 0.002 0.003 0.005 0.006 0.007 0.007 0.005 0.005
0.000 0.000 0.000 0.000 0.000 0.000 0.000 0.000 0.000 0.000 0.000 0.000 0.000 0.001 0.001 0.001 0.003 0.002 0.001 0.001 0.001 0.001 0.001 0.001 0.001 0.001 0.002 0.002 0.004 0.006 0.008 0.010 0.007 0.003 0.001 0.001 0.001 0.001 0.002 0.003 0.004 0.004 0.004 0.003 0.003 0.003 0.003 0.004 0.004 0.004 0.004 0.005 0.006 0.007 0.008 0.008 0.007 0.005 0.005 0.006 0.008 0.011 0.016 0.043 0.121 0.201 0.145 0.045 0.002 0.003 0.003 0.005 0.006 0.008 0.008 0.007 0.006
0.000 0.000 0.000 0.000 0.000 0.000 0.000 0.000 0.000 0.000 0.000 0.000 0.000 0.000 0.001 0.002 0.003 0.002 0.001 0.001 0.001 0.001 0.001 0.001 0.001 0.001 0.002 0.002 0.002 0.003 0.005 0.008 0.011 0.008 0.003 0.002 0.001 0.001 0.002 0.003 0.004 0.004 0.004 0.003 0.003 0.003 0.003 0.003 0.003 0.003 0.003 0.004 0.004 0.005 0.006 0.008 0.010 0.009 0.009 0.009 0.010 0.011 0.012 0.014 0.027 0.095 0.186 0.168 0.050 0.005 0.005 0.006 0.007 0.008 0.009 0.008 0.007
0.000 0.000 0.000 0.000 0.000 0.000 0.000 0.000 0.000 0.000 0.000 0.000 0.000 0.000 0.001 0.001 0.002 0.002 0.002 0.001 0.000 0.001 0.000 0.001 0.001 0.001 0.001 0.002 0.002 0.003 0.004 0.006 0.009 0.012 0.008 0.004 0.002 0.002 0.002 0.003 0.004 0.005 0.005 0.004 0.003 0.003 0.003 0.003 0.003 0.003 0.003 0.003 0.003 0.003 0.003 0.004 0.006 0.008 0.008 0.008 0.009 0.008 0.007 0.007 0.008 0.016 0.079 0.191 0.162 0.034 0.012 0.010 0.009 0.009 0.010 0.010 0.009
0.000 0.000 0.000 0.000 0.000 0.000 0.000 0.000 0.000 0.000 0.000 0.000 0.000 0.000 0.000 0.001 0.001 0.002 0.001 0.000 0.000 0.000 0.000 0.000 0.001 0.001 0.001 0.002 0.003 0.003 0.004 0.005 0.007 0.010 0.013 0.009 0.004 0.003 0.002 0.003 0.004 0.005 0.005 0.005 0.005 0.004 0.003 0.003 0.003 0.003 0.003 0.003 0.003 0.003 0.003 0.003 0.003 0.004 0.005 0.006 0.006 0.005 0.004 0.004 0.004 0.007 0.022 0.106 0.207 0.106 0.031 0.020 0.014 0.012 0.012 0.013 0.013
0.000 0.000 0.000 0.000 0.000 0.000 0.000 0.000 0.000 0.000 0.000 0.000 0.000 0.000 0.000 0.000 0.000 0.000 0.000 0.000 0.000 0.000 0.000 0.000 0.000 0.001 0.001 0.002 0.003 0.004 0.004 0.005 0.006 0.007 0.012 0.015 0.010 0.004 0.003 0.003 0.004 0.005 0.005 0.006 0.006 0.006 0.005 0.003 0.003 0.003 0.003 0.003 0.003 0.003 0.003 0.003 0.003 0.003 0.004 0.005 0.005 0.004 0.004 0.004 0.004 0.005 0.011 0.045 0.159 0.168 0.077 0.038 0.025 0.019 0.020 0.023 0.024
0.000 0.000 0.000 0.000 0.000 0.000 0.000 0.000 0.000 0.000 0.000 0.000 0.000 0.000 0.000 0.000 0.000 0.000 0.000 0.000 0.000 0.000 0.000 0.000 0.000 0.001 0.001 0.002 0.004 0.004 0.004 0.005 0.007 0.006 0.008 0.015 0.016 0.007 0.004 0.003 0.003 0.004 0.005 0.006 0.007 0.009 0.009 0.004 0.003 0.003 0.003 0.003 0.003 0.003 0.003 0.003 0.003 0.003 0.004 0.005 0.006 0.005 0.004 0.004 0.004 0.005 0.008 0.020 0.084 0.174 0.132 0.065 0.043 0.031 0.025 0.024 0.027
0.000 0.000 0.000 0.000 0.000 0.000 0.000 0.000 0.000 0.000 0.000 0.000 0.000 0.000 0.000 0.000 0.000 0.000 0.000 0.000 0.000 0.000 0.000 0.000 0.000 0.001 0.001 0.002 0.003 0.005 0.005 0.005 0.007 0.007 0.006 0.011 0.018 0.012 0.005 0.004 0.003 0.004 0.004 0.005 0.006 0.008 0.011 0.007 0.003 0.003 0.003 0.003 0.003 0.003 0.003 0.003 0.003 0.003 0.004 0.004 0.005 0.005 0.005 0.004 0.004 0.005 0.006 0.011 0.034 0.125 0.157 0.101 0.066 0.048 0.034 0.022 0.020
0.000 0.000 0.000 0.000 0.000 0.000 0.000 0.000 0.000 0.000 0.000 0.000 0.000 0.000 0.000 0.000 0.000 0.000 0.000 0.000 0.000 0.000 0.000 0.000 0.000 0.000 0.000 0.001 0.002 0.004 0.005 0.006 0.007 0.008 0.008 0.008 0.012 0.015 0.010 0.007 0.004 0.004 0.004 0.004 0.005 0.007 0.011 0.009 0.006 0.004 0.003 0.003 0.003 0.003 0.003 0.003 0.003 0.003 0.003 0.004 0.004 0.005 0.005 0.005 0.004 0.004 0.005 0.009 0.020 0.067 0.141 0.130 0.089 0.069 0.053 0.031 0.018
0.000 0.000 0.000 0.000 0.000 0.000 0.000 0.000 0.000 0.000 0.000 0.000 0.000 0.000 0.000 0.000 0.000 0.000 0.000 0.000 0.000 0.000 0.000 0.000 0.000 0.000 0.000 0.000 0.001 0.002 0.004 0.005 0.007 0.010 0.014 0.013 0.008 0.010 0.013 0.012 0.006 0.004 0.004 0.004 0.004 0.005 0.008 0.010 0.011 0.006 0.003 0.003 0.003 0.003 0.003 0.003 0.004 0.003 0.003 0.004 0.004 0.005 0.005 0.005 0.004 0.004 0.004 0.007 0.015 0.034 0.094 0.135 0.113 0.090 0.075 0.054 0.028
0.000 0.000 0.000 0.000 0.000 0.000 0.000 0.000 0.000 0.000 0.000 0.000 0.000 0.000 0.000 0.000 0.000 0.000 0.000 0.000 0.000 0.000 0.000 0.000 0.000 0.000 0.000 0.000 0.000 0.001 0.001 0.003 0.005 0.008 0.014 0.022 0.014 0.007 0.010 0.012 0.009 0.004 0.004 0.004 0.004 0.004 0.006 0.009 0.012 0.009 0.005 0.005 0.005 0.003 0.003 0.004 0.004 0.004 0.003 0.003 0.004 0.004 0.005 0.005 0.004 0.004 0.004 0.006 0.012 0.024 0.051 0.107 0.123 0.107 0.095 0.081 0.052
0.000 0.000 0.000 0.000 0.000 0.000 0.000 0.000 0.000 0.000 0.000 0.000 0.000 0.000 0.000 0.000 0.000 0.000 0.000 0.000 0.000 0.000 0.000 0.000 0.000 0.000 0.000 0.000 0.000 0.000 0.001 0.001 0.002 0.004 0.009 0.021 0.021 0.012 0.007 0.008 0.009 0.006 0.004 0.003 0.004 0.004 0.005 0.007 0.010 0.010 0.008 0.008 0.007 0.005 0.004 0.004 0.004 0.004 0.004 0.003 0.003 0.003 0.004 0.005 0.004 0.004 0.005 0.006 0.010 0.019 0.032 0.065 0.108 0.116 0.108 0.100 0.082
0.000 0.000 0.000 0.000 0.000 0.000 0.000 0.000 0.000 0.000 0.000 0.000 0.000 0.000 0.000 0.000 0.000 0.000 0.000 0.000 0.000 0.000 0.000 0.000 0.000 0.000 0.000 0.000 0.000 0.000 0.000 0.001 0.001 0.002 0.005 0.013 0.022 0.020 0.011 0.007 0.007 0.008 0.005 0.003 0.004 0.004 0.005 0.006 0.007 0.010 0.010 0.010 0.010 0.008 0.006 0.005 0.005 0.005 0.004 0.003 0.003 0.003 0.003 0.003 0.004 0.005 0.005 0.006 0.009 0.017 0.025 0.037 0.075 0.108 0.113 0.111 0.103
0.000 0.000 0.000 0.000 0.000 0.000 0.000 0.000 0.000 0.000 0.000 0.000 0.000 0.000 0.000 0.000 0.000 0.000 0.000 0.000 0.000 0.000 0.000 0.000 0.000 0.000 0.000 0.000 0.000 0.000 0.000 0.000 0.000 0.001 0.003 0.007 0.017 0.026 0.020 0.010 0.007 0.007 0.006 0.004 0.003 0.004 0.005 0.006 0.007 0.009 0.010 0.011 0.012 0.012 0.010 0.008 0.007 0.005 0.004 0.003 0.003 0.003 0.002 0.002 0.003 0.003 0.004 0.006 0.008 0.017 0.024 0.028 0.044 0.081 0.107 0.112 0.113
0.000 0.000 0.000 0.000 0.000 0.000 0.000 0.000 0.000 0.000 0.000 0.000 0.000 0.000 0.000 0.000 0.000 0.000 0.000 0.000 0.000 0.000 0.000 0.000 0.000 0.000 0.000 0.000 0.000 0.000 0.000 0.000 0.000 0.000 0.001 0.003 0.010 0.023 0.027 0.019 0.012 0.006 0.005 0.004 0.004 0.004 0.004 0.006 0.007 0.009 0.011 0.013 0.014 0.015 0.014 0.012 0.010 0.006 0.004 0.003 0.003 0.002 0.002 0.002 0.002 0.003 0.004 0.006 0.009 0.017 0.024 0.024 0.030 0.051 0.085 0.105 0.113
0.000 0.000 0.000 0.000 0.000 0.000 0.000 0.000 0.000 0.000 0.000 0.000 0.000 0.000 0.000 0.000 0.000 0.000 0.000 0.000 0.000 0.000 0.000 0.000 0.000 0.000 0.000 0.000 0.000 0.000 0.000 0.000 0.000 0.000 0.000 0.001 0.002 0.008 0.017 0.021 0.017 0.009 0.004 0.003 0.003 0.004 0.004 0.005 0.006 0.007 0.009 0.013 0.015 0.016 0.016 0.014 0.011 0.007 0.004 0.003 0.002 0.002 0.002 0.002 0.003 0.003 0.004 0.005 0.008 0.015 0.024 0.024 0.025 0.035 0.057 0.086 0.107
0.000 0.000 0.000 0.000 0.000 0.000 0.000 0.000 0.000 0.000 0.000 0.000 0.000 0.000 0.000 0.000 0.000 0.000 0.000 0.000 0.000 0.000 0.000 0.000 0.000 0.000 0.000 0.000 0.000 0.000 0.000 0.000 0.000 0.000 0.000 0.000 0.001 0.001 0.003 0.007 0.011 0.009 0.006 0.003 0.002 0.003 0.004 0.005 0.005 0.005 0.007 0.010 0.015 0.017 0.017 0.015 0.011 0.007 0.005 0.004 0.003 0.003 0.003 0.004 0.004 0.004 0.004 0.005 0.007 0.012 0.022 0.024 0.025 0.031 0.041 0.061 0.088
0.000 0.000 0.000 0.000 0.000 0.000 0.000 0.000 0.000 0.000 0.000 0.000 0.000 0.000 0.000 0.000 0.000 0.000 0.000 0.000 0.000 0.000 0.000 0.000 0.000 0.000 0.000 0.000 0.000 0.000 0.000 0.000 0.000 0.000 0.000 0.000 0.000 0.000 0.001 0.001 0.002 0.003 0.004 0.002 0.001 0.001 0.002 0.003 0.004 0.005 0.005 0.007 0.013 0.017 0.016 0.014 0.010 0.007 0.007 0.007 0.006 0.006 0.005 0.006 0.006 0.005 0.004 0.004 0.006 0.009 0.017 0.023 0.027 0.032 0.035 0.043 0.063
0.000 0.000 0.000 0.000 0.000 0.000 0.000 0.000 0.000 0.000 0.000 0.000 0.000 0.000 0.000 0.000 0.000 0.000 0.000 0.000 0.000 0.000 0.000 0.000 0.000 0.000 0.000 0.000 0.000 0.000 0.000 0.000 0.000 0.000 0.000 0.000 0.000 0.000 0.000 0.000 0.000 0.001 0.001 0.001 0.000 0.000 0.001 0.001 0.002 0.004 0.005 0.006 0.010 0.014 0.015 0.012 0.009 0.008 0.009 0.009 0.009 0.008 0.008 0.007 0.008 0.006 0.004 0.004 0.005 0.007 0.012 0.019 0.026 0.035 0.035 0.035 0.045
0.000 0.000 0.000 0.000 0.000 0.000 0.000 0.000 0.000 0.000 0.000 0.000 0.000 0.000 0.000 0.000 0.000 0.000 0.000 0.000 0.000 0.000 0.000 0.000 0.000 0.000 0.000 0.000 0.000 0.000 0.000 0.000 0.000 0.000 0.000 0.000 0.000 0.000 0.000 0.000 0.000 0.000 0.000 0.000 0.000 0.000 0.000 0.000 0.001 0.002 0.003 0.005 0.007 0.009 0.010 0.010 0.008 0.007 0.008 0.009 0.009 0.009 0.009 0.009 0.010 0.008 0.005 0.004 0.005 0.006 0.009 0.014 0.022 0.035 0.039 0.035 0.036
0.000 0.000 0.000 0.000 0.000 0.000 0.000 0.000 0.000 0.000 0.000 0.000 0.000 0.000 0.000 0.000 0.000 0.000 0.000 0.000 0.000 0.000 0.000 0.000 0.000 0.000 0.000 0.000 0.000 0.000 0.000 0.000 0.000 0.000 0.000 0.000 0.000 0.000 0.000 0.000 0.000 0.000 0.000 0.000 0.000 0.000 0.000 0.000 0.000 0.001 0.002 0.003 0.004 0.005 0.007 0.009 0.009 0.007 0.006 0.007 0.009 0.010 0.010 0.010 0.011 0.011 0.009 0.006 0.005 0.006 0.008 0.012 0.018 0.029 0.040 0.039 0.034
0.000 0.000 0.000 0.000 0.000 0.000 0.000 0.000 0.000 0.000 0.000 0.000 0.000 0.000 0.000 0.000 0.000 0.000 0.000 0.000 0.000 0.000 0.000 0.000 0.000 0.000 0.000 0.000 0.000 0.000 0.000 0.000 0.000 0.000 0.000 0.000 0.000 0.000 0.000 0.000 0.000 0.000 0.000 0.000 0.000 0.000 0.000 0.000 0.000 0.000 0.001 0.001 0.002 0.003 0.006 0.008 0.009 0.007 0.005 0.005 0.007 0.009 0.011 0.011 0.012 0.012 0.012 0.009 0.006 0.006 0.007 0.012 0.017 0.023 0.035 0.041 0.037
0.000 0.000 0.000 0.000 0.000 0.000 0.000 0.000 0.000 0.000 0.000 0.000 0.000 0.000 0.000 0.000 0.000 0.000 0.000 0.000 0.000 0.000 0.000 0.000 0.000 0.000 0.000 0.000 0.000 0.000 0.000 0.000 0.000 0.000 0.000 0.000 0.000 0.000 0.000 0.000 0.000 0.000 0.000 0.000 0.000 0.000 0.000 0.000 0.000 0.000 0.000 0.001 0.001 0.002 0.005 0.007 0.008 0.008 0.006 0.005 0.005 0.007 0.010 0.012 0.013 0.013 0.014 0.013 0.009 0.007 0.008 0.011 0.016 0.019 0.027 0.039 0.041
0.000 0.000 0.000 0.000 0.000 0.000 0.000 0.000 0.000 0.000 0.000 0.000 0.000 0.000 0.000 0.000 0.000 0.000 0.000 0.000 0.000 0.000 0.000 0.000 0.000 0.000 0.000 0.000 0.000 0.000 0.000 0.000 0.000 0.000 0.000 0.000 0.000 0.000 0.000 0.000 0.000 0.000 0.000 0.000 0.000 0.000 0.000 0.000 0.000 0.000 0.000 0.000 0.001 0.002 0.004 0.006 0.007 0.008 0.008 0.006 0.004 0.004 0.007 0.011 0.014 0.015 0.015 0.016 0.014 0.010 0.009 0.012 0.016 0.017 0.021 0.031 0.039
0.000 0.000 0.000 0.000 0.000 0.000 0.000 0.000 0.000 0.000 0.000 0.000 0.000 0.000 0.000 0.000 0.000 0.000 0.000 0.000 0.000 0.000 0.000 0.000 0.000 0.000 0.000 0.000 0.000 0.000 0.000 0.000 0.000 0.000 0.000 0.000 0.000 0.000 0.000 0.000 0.000 0.000 0.000 0.000 0.000 0.000 0.000 0.000 0.000 0.000 0.000 0.000 0.001 0.001 0.003 0.005 0.007 0.008 0.009 0.009 0.006 0.003 0.003 0.006 0.012 0.017 0.019 0.019 0.019 0.016 0.014 0.015 0.016 0.016 0.018 0.023 0.031
0.000 0.000 0.000 0.000 0.000 0.000 0.000 0.000 0.000 0.000 0.000 0.000 0.000 0.000 0.000 0.000 0.000 0.000 0.000 0.000 0.000 0.000 0.000 0.000 0.000 0.000 0.000 0.000 0.000 0.000 0.000 0.000 0.000 0.000 0.000 0.000 0.000 0.000 0.000 0.000 0.000 0.000 0.000 0.000 0.000 0.000 0.000 0.000 0.000 0.000 0.000 0.000 0.000 0.001 0.002 0.003 0.005 0.007 0.010 0.012 0.011 0.005 0.002 0.002 0.005 0.011 0.019 0.022 0.022 0.021 0.020 0.019 0.019 0.016 0.017 0.020 0.024
0.000 0.000 0.000 0.000 0.000 0.000 0.000 0.000 0.000 0.000 0.000 0.000 0.000 0.000 0.000 0.000 0.000 0.000 0.000 0.000 0.000 0.000 0.000 0.000 0.000 0.000 0.000 0.000 0.000 0.000 0.000 0.000 0.000 0.000 0.000 0.000 0.000 0.000 0.000 0.000 0.000 0.000 0.000 0.000 0.000 0.000 0.000 0.000 0.000 0.000 0.000 0.000 0.000 0.000 0.001 0.002 0.004 0.006 0.008 0.012 0.014 0.010 0.004 0.002 0.002 0.003 0.008 0.015 0.022 0.023 0.022 0.023 0.023 0.020 0.018 0.019 0.021
