AvaFrame/avaframe/data/avaGar/Avaflow_Input_Output_sss/gar_results/alr_ascii/alr_treach.asc
ncols 130
nrows 97
xllcenter 247320.75
yllcenter 350697.47
cellsize 20.00
NODATA_value -9999.000
[rows 56 to 83 of 97, columns 63 to 125 of 130]
19.102 18.668 18.668 18.668 18.668 18.243 15.203 15.203 15.651 16.531 16.963 17.817 18.243 19.102 19.554 20.480 20.939 21.888 22.896 23.976 25.084 26.117 27.589 28.596 30.058 31.527 33.045 34.572 36.539 39.163 84.326 117.257 196.852 -9999.000 -9999.000 -9999.000 -9999.000 -9999.000 -9999.000 -9999.000 -9999.000 -9999.000 -9999.000 -9999.000 -9999.000 -9999.000 -9999.000 -9999.000 -9999.000 -9999.000 -9999.000 -9999.000 -9999.000 -9999.000 143.129 143.129 141.656 -9999.000 -9999.000 -9999.000 -9999.000 -9999.000 -9999.000
20.939 20.480 20.480 20.024 20.024 19.554 18.668 17.391 17.391 17.817 18.243 19.102 19.554 20.024 20.480 21.410 21.888 22.896 23.976 24.529 25.607 26.614 28.131 29.094 30.515 31.527 33.045 34.572 36.539 38.064 40.328 87.169 146.099 257.230 -9999.000 -9999.000 -9999.000 -9999.000 -9999.000 -9999.000 -9999.000 -9999.000 -9999.000 -9999.000 -9999.000 -9999.000 -9999.000 -9999.000 -9999.000 -9999.000 -9999.000 -9999.000 -9999.000 141.656 140.186 138.728 137.310 135.928 -9999.000 -9999.000 -9999.000 -9999.000 -9999.000
23.426 22.896 22.384 21.888 21.410 21.410 20.939 20.024 19.554 19.554 20.024 20.024 20.480 20.939 21.888 22.384 22.896 23.976 24.529 25.607 26.614 27.589 28.596 29.627 31.013 32.030 33.559 35.069 36.539 38.064 39.734 42.172 90.138 187.613 -9999.000 -9999.000 -9999.000 -9999.000 -9999.000 -9999.000 -9999.000 -9999.000 -9999.000 -9999.000 -9999.000 -9999.000 -9999.000 -9999.000 -9999.000 -9999.000 -9999.000 -9999.000 138.728 137.310 137.310 135.928 130.637 120.485 121.545 -9999.000 -9999.000 -9999.000 -9999.000
26.117 25.084 24.529 23.976 23.426 22.896 22.896 22.384 21.410 21.410 21.410 21.410 21.888 22.384 22.896 23.426 23.976 24.529 25.607 26.117 27.056 28.131 29.094 30.058 31.527 32.533 34.069 35.069 36.539 38.064 39.734 41.554 43.285 45.801 279.380 -9999.000 -9999.000 -9999.000 -9999.000 -9999.000 -9999.000 -9999.000 -9999.000 -9999.000 -9999.000 -9999.000 -9999.000 -9999.000 -9999.000 -9999.000 -9999.000 137.310 135.928 134.581 133.232 130.637 112.606 113.779 117.257 126.551 -9999.000 -9999.000 -9999.000
32.030 28.131 27.056 26.614 26.117 25.084 24.529 23.976 23.426 22.896 22.896 22.896 23.426 23.426 23.976 24.529 25.084 25.607 26.614 27.056 28.131 29.094 30.058 31.013 32.030 33.045 34.572 35.560 37.036 38.605 39.734 41.554 43.285 44.813 47.401 -9999.000 -9999.000 -9999.000 -9999.000 -9999.000 -9999.000 -9999.000 -9999.000 -9999.000 -9999.000 -9999.000 -9999.000 -9999.000 -9999.000 -9999.000 137.310 134.581 133.232 101.977 103.119 106.627 109.019 112.606 117.257 150.423 -9999.000 -9999.000 -9999.000
-9999.000 33.045 30.058 29.627 29.094 28.131 26.614 25.607 25.084 24.529 24.529 24.529 24.529 25.084 25.084 25.607 26.117 26.614 27.589 28.131 29.094 29.627 30.515 31.527 33.045 34.069 35.069 36.048 37.540 38.605 40.328 41.554 43.285 44.813 46.846 49.122 -9999.000 -9999.000 -9999.000 -9999.000 -9999.000 -9999.000 -9999.000 -9999.000 -9999.000 -9999.000 -9999.000 -9999.000 -9999.000 93.233 93.233 94.280 96.426 98.609 101.977 105.447 109.019 113.779 119.450 -9999.000 -9999.000 -9999.000 -9999.000
-9999.000 -9999.000 34.069 32.533 32.030 31.527 30.058 27.589 26.614 26.117 26.117 25.607 26.117 26.117 26.614 27.056 27.056 28.131 28.596 29.094 30.058 30.515 31.527 32.533 33.559 34.572 35.560 37.036 38.064 39.163 40.930 42.172 43.285 44.813 46.846 48.570 50.657 -9999.000 -9999.000 94.280 93.233 92.186 90.138 89.127 88.140 87.169 87.169 87.169 87.169 88.140 90.138 92.186 95.350 98.609 101.977 105.447 110.234 116.093 125.225 -9999.000 -9999.000 -9999.000 -9999.000
-9999.000 -9999.000 -9999.000 36.048 35.069 34.572 34.069 32.533 28.596 27.589 27.056 27.056 27.056 27.589 27.589 28.131 28.596 29.094 29.627 30.058 31.013 32.030 32.533 33.559 34.572 35.560 36.539 37.540 38.605 40.328 41.554 42.745 43.806 45.303 46.846 48.570 50.163 52.186 55.118 89.127 88.140 87.169 85.256 84.326 83.422 83.422 83.422 83.422 84.326 86.209 88.140 92.186 95.350 98.609 103.119 107.818 112.606 118.429 -9999.000 -9999.000 -9999.000 -9999.000 -9999.000
-9999.000 -9999.000 -9999.000 -9999.000 38.064 37.540 37.036 36.048 34.572 29.627 29.094 28.596 28.596 28.596 29.094 29.094 29.627 30.058 30.515 31.527 32.030 33.045 33.559 34.572 35.560 36.539 37.540 38.605 39.734 40.930 42.172 43.285 44.319 45.801 46.846 48.570 50.163 52.186 53.940 56.290 85.256 83.422 81.698 80.872 80.073 80.073 80.073 80.073 81.698 84.326 88.140 92.186 96.426 100.842 105.447 110.234 117.257 -9999.000 -9999.000 -9999.000 -9999.000 -9999.000 -9999.000
-9999.000 -9999.000 -9999.000 -9999.000 42.172 40.328 39.734 39.163 38.605 36.539 31.013 30.058 30.058 30.058 30.058 30.515 31.013 31.527 32.030 32.533 33.045 34.069 34.572 35.560 36.539 37.036 38.064 39.163 40.328 41.554 42.745 43.806 44.813 46.319 47.401 49.122 50.163 52.186 53.940 55.705 58.022 80.073 78.515 77.761 77.027 76.305 77.027 77.761 80.073 84.326 88.140 92.186 98.609 104.278 110.234 -9999.000 -9999.000 -9999.000 -9999.000 -9999.000 -9999.000 -9999.000 -9999.000
-9999.000 -9999.000 -9999.000 -9999.000 -9999.000 44.813 42.745 42.172 41.554 40.930 38.605 32.030 31.527 31.527 31.527 31.527 32.030 32.533 33.045 33.559 34.572 35.069 35.560 36.539 37.540 38.064 39.163 40.328 40.930 42.172 43.285 44.319 45.801 46.846 47.984 49.651 50.657 52.186 53.940 55.705 58.022 60.392 62.927 72.781 72.095 72.781 74.175 76.305 80.073 84.326 100.842 100.842 105.447 111.424 -9999.000 -9999.000 -9999.000 -9999.000 -9999.000 -9999.000 -9999.000 -9999.000 -9999.000
-9999.000 -9999.000 -9999.000 -9999.000 -9999.000 -9999.000 -9999.000 45.303 44.319 43.806 42.745 40.930 33.559 33.045 33.045 33.045 33.559 34.069 34.572 35.069 35.560 36.048 37.036 37.540 38.605 39.163 40.328 40.930 42.172 43.285 44.319 45.303 46.319 47.401 49.122 50.163 51.144 52.744 54.537 56.290 58.022 59.779 62.268 64.921 67.607 70.067 72.781 76.305 80.872 106.627 106.627 109.019 111.424 -9999.000 -9999.000 -9999.000 -9999.000 -9999.000 -9999.000 -9999.000 -9999.000 -9999.000 -9999.000
-9999.000 -9999.000 -9999.000 -9999.000 -9999.000 -9999.000 -9999.000 -9999.000 47.401 46.319 45.801 44.813 35.560 34.572 34.572 34.572 34.572 35.069 35.560 36.048 36.539 37.036 38.064 38.605 39.163 40.328 40.930 42.172 43.285 43.806 44.813 45.801 47.401 48.570 49.651 50.657 52.186 53.342 55.118 56.290 58.022 60.392 62.268 64.921 66.934 69.400 72.781 77.027 109.019 110.234 111.424 114.936 -9999.000 -9999.000 -9999.000 -9999.000 -9999.000 -9999.000 -9999.000 -9999.000 -9999.000 -9999.000 -9999.000
-9999.000 -9999.000 -9999.000 -9999.000 -9999.000 -9999.000 -9999.000 -9999.000 -9999.000 49.122 48.570 47.984 47.401 37.036 36.048 36.048 36.048 36.539 37.036 37.540 38.064 38.605 39.163 39.734 40.328 41.554 42.172 43.285 43.806 44.813 45.801 46.846 47.984 49.122 50.657 51.660 52.744 54.537 55.705 57.439 58.596 60.392 62.268 64.921 67.607 70.067 74.175 112.606 113.779 114.936 118.429 -9999.000 -9999.000 -9999.000 -9999.000 -9999.000 -9999.000 -9999.000 -9999.000 -9999.000 -9999.000 -9999.000 -9999.000
-9999.000 -9999.000 -9999.000 -9999.000 -9999.000 -9999.000 -9999.000 -9999.000 -9999.000 -9999.000 51.660 50.657 50.163 49.651 38.605 38.064 37.540 38.064 38.064 38.605 39.163 39.734 40.328 40.930 41.554 42.745 43.285 44.319 44.813 45.801 46.846 47.984 49.122 50.163 51.144 52.744 53.940 55.118 56.290 58.022 59.779 60.996 62.927 65.586 68.088 72.095 116.093 117.257 120.485 -9999.000 -9999.000 -9999.000 -9999.000 -9999.000 -9999.000 -9999.000 -9999.000 -9999.000 -9999.000 -9999.000 -9999.000 -9999.000 -9999.000
-9999.000 -9999.000 -9999.000 -9999.000 -9999.000 -9999.000 -9999.000 -9999.000 -9999.000 -9999.000 56.290 53.940 53.342 52.744 51.660 39.734 39.734 39.734 39.734 39.734 40.328 40.930 41.554 42.172 42.745 43.806 44.319 45.303 45.801 46.846 47.984 49.122 50.163 51.144 52.186 53.342 55.118 56.290 57.439 59.188 60.392 62.268 64.256 66.252 70.067 -9999.000 -9999.000 -9999.000 -9999.000 -9999.000 -9999.000 -9999.000 -9999.000 -9999.000 -9999.000 -9999.000 -9999.000 -9999.000 -9999.000 -9999.000 -9999.000 -9999.000 -9999.000
-9999.000 -9999.000 -9999.000 -9999.000 -9999.000 -9999.000 -9999.000 -9999.000 -9999.000 -9999.000 -9999.000 58.022 56.290 55.705 54.537 53.940 41.554 41.554 41.554 41.554 42.172 42.745 43.285 43.806 44.319 44.813 45.303 46.319 46.846 47.984 49.122 50.163 51.144 52.186 53.342 54.537 55.705 57.439 58.596 59.779 61.633 63.589 65.586 68.088 -9999.000 -9999.000 -9999.000 -9999.000 -9999.000 -9999.000 -9999.000 -9999.000 -9999.000 -9999.000 -9999.000 -9999.000 -9999.000 -9999.000 -9999.000 -9999.000 -9999.000 -9999.000 -9999.000
-9999.000 -9999.000 -9999.000 -9999.000 -9999.000 -9999.000 -9999.000 -9999.000 -9999.000 -9999.000 -9999.000 -9999.000 60.392 58.596 58.022 56.868 56.290 43.285 43.285 43.285 43.285 43.806 44.319 44.813 45.303 45.801 46.846 47.401 48.570 49.122 50.163 51.144 52.186 53.342 54.537 55.705 56.868 58.022 59.779 60.996 62.927 64.921 66.934 -9999.000 -9999.000 -9999.000 -9999.000 -9999.000 -9999.000 -9999.000 -9999.000 -9999.000 -9999.000 -9999.000 -9999.000 -9999.000 -9999.000 -9999.000 -9999.000 -9999.000 -9999.000 -9999.000 -9999.000
-9999.000 -9999.000 -9999.000 -9999.000 -9999.000 -9999.000 -9999.000 -9999.000 -9999.000 -9999.000 -9999.000 -9999.000 -9999.000 62.268 60.996 60.392 59.779 45.303 44.813 44.813 44.813 45.303 45.303 46.319 46.846 47.401 47.984 48.570 49.651 50.163 51.144 52.186 53.342 54.537 55.705 56.868 58.022 59.188 60.996 62.268 64.256 66.252 69.400 -9999.000 -9999.000 -9999.000 -9999.000 -9999.000 -9999.000 -9999.000 -9999.000 -9999.000 -9999.000 -9999.000 -9999.000 -9999.000 -9999.000 -9999.000 -9999.000 -9999.000 -9999.000 -9999.000 -9999.000
-9999.000 -9999.000 -9999.000 -9999.000 -9999.000 -9999.000 -9999.000 -9999.000 -9999.000 -9999.000 -9999.000 -9999.000 -9999.000 -9999.000 65.586 63.589 62.927 61.633 46.846 46.319 46.319 46.846 46.846 47.401 47.984 48.570 49.122 50.163 50.657 51.660 52.186 53.342 54.537 55.705 56.868 58.022 59.188 60.392 62.268 63.589 65.586 68.088 -9999.000 -9999.000 -9999.000 -9999.000 -9999.000 -9999.000 -9999.000 -9999.000 -9999.000 -9999.000 -9999.000 -9999.000 -9999.000 -9999.000 -9999.000 -9999.000 -9999.000 -9999.000 -9999.000 -9999.000 -9999.000
-9999.000 -9999.000 -9999.000 -9999.000 -9999.000 -9999.000 -9999.000 -9999.000 -9999.000 -9999.000 -9999.000 -9999.000 -9999.000 -9999.000 -9999.000 -9999.000 66.252 65.586 64.256 48.570 48.570 48.570 48.570 49.122 49.651 50.163 50.657 51.144 52.186 52.744 53.940 54.537 55.705 56.868 58.022 59.188 60.392 62.268 63.589 65.586 67.607 -9999.000 -9999.000 -9999.000 -9999.000 -9999.000 -9999.000 -9999.000 -9999.000 -9999.000 -9999.000 -9999.000 -9999.000 -9999.000 -9999.000 -9999.000 -9999.000 -9999.000 -9999.000 -9999.000 -9999.000 -9999.000 -9999.000
-9999.000 -9999.000 -9999.000 -9999.000 -9999.000 -9999.000 -9999.000 -9999.000 -9999.000 -9999.000 -9999.000 -9999.000 -9999.000 -9999.000 -9999.000 -9999.000 -9999.000 69.400 68.088 66.252 50.657 50.163 50.163 50.657 51.144 51.660 52.186 52.744 53.342 54.537 55.118 56.290 56.868 58.022 59.188 60.392 62.268 63.589 65.586 67.607 -9999.000 -9999.000 -9999.000 -9999.000 -9999.000 -9999.000 -9999.000 -9999.000 -9999.000 -9999.000 -9999.000 -9999.000 -9999.000 -9999.000 -9999.000 -9999.000 -9999.000 -9999.000 -9999.000 -9999.000 -9999.000 -9999.000 -9999.000
-9999.000 -9999.000 -9999.000 -9999.000 -9999.000 -9999.000 -9999.000 -9999.000 -9999.000 -9999.000 -9999.000 -9999.000 -9999.000 -9999.000 -9999.000 -9999.000 -9999.000 -9999.000 72.095 70.746 68.735 52.186 52.186 52.186 52.744 52.744 53.940 54.537 55.118 55.705 56.290 57.439 58.596 59.779 60.996 62.268 63.589 65.586 67.607 -9999.000 -9999.000 -9999.000 -9999.000 -9999.000 -9999.000 -9999.000 -9999.000 -9999.000 -9999.000 -9999.000 -9999.000 -9999.000 -9999.000 -9999.000 -9999.000 -9999.000 -9999.000 -9999.000 -9999.000 -9999.000 -9999.000 -9999.000 -9999.000
-9999.000 -9999.000 -9999.000 -9999.000 -9999.000 -9999.000 -9999.000 -9999.000 -9999.000 -9999.000 -9999.000 -9999.000 -9999.000 -9999.000 -9999.000 -9999.000 -9999.000 -9999.000 -9999.000 74.880 73.476 71.417 54.537 54.537 54.537 54.537 55.118 55.705 56.290 57.439 58.022 59.188 59.779 60.996 62.268 64.256 65.586 67.607 -9999.000 -9999.000 -9999.000 -9999.000 -9999.000 -9999.000 -9999.000 -9999.000 -9999.000 -9999.000 -9999.000 -9999.000 -9999.000 -9999.000 -9999.000 -9999.000 -9999.000 -9999.000 -9999.000 -9999.000 -9999.000 -9999.000 -9999.000 -9999.000 -9999.000
-9999.000 -9999.000 -9999.000 -9999.000 -9999.000 -9999.000 -9999.000 -9999.000 -9999.000 -9999.000 -9999.000 -9999.000 -9999.000 -9999.000 -9999.000 -9999.000 -9999.000 -9999.000 -9999.000 -9999.000 -9999.000 77.027 74.175 56.290 56.290 56.868 56.868 57.439 58.022 58.596 59.779 60.392 61.633 62.927 64.256 66.252 68.088 -9999.000 -9999.000 -9999.000 -9999.000 -9999.000 -9999.000 -9999.000 -9999.000 -9999.000 -9999.000 -9999.000 -9999.000 -9999.000 -9999.000 -9999.000 -9999.000 -9999.000 -9999.000 -9999.000 -9999.000 -9999.000 -9999.000 -9999.000 -9999.000 -9999.000 -9999.000
-9999.000 -9999.000 -9999.000 -9999.000 -9999.000 -9999.000 -9999.000 -9999.000 -9999.000 -9999.000 -9999.000 -9999.000 -9999.000 -9999.000 -9999.000 -9999.000 -9999.000 -9999.000 -9999.000 -9999.000 -9999.000 -9999.000 79.282 59.188 58.596 58.596 59.188 59.188 59.779 60.392 61.633 62.268 63.589 64.921 66.252 68.088 -9999.000 -9999.000 -9999.000 -9999.000 -9999.000 -9999.000 -9999.000 -9999.000 -9999.000 -9999.000 -9999.000 -9999.000 -9999.000 -9999.000 -9999.000 -9999.000 -9999.000 -9999.000 -9999.000 -9999.000 -9999.000 -9999.000 -9999.000 -9999.000 -9999.000 -9999.000 -9999.000
-9999.000 -9999.000 -9999.000 -9999.000 -9999.000 -9999.000 -9999.000 -9999.000 -9999.000 -9999.000 -9999.000 -9999.000 -9999.000 -9999.000 -9999.000 -9999.000 -9999.000 -9999.000 -9999.000 -9999.000 -9999.000 -9999.000 120.485 84.326 61.633 60.996 60.996 61.633 62.268 62.927 63.589 64.256 65.586 66.934 68.735 -9999.000 -9999.000 -9999.000 -9999.000 -9999.000 -9999.000 -9999.000 -9999.000 -9999.000 -9999.000 -9999.000 -9999.000 -9999.000 -9999.000 -9999.000 -9999.000 -9999.000 -9999.000 -9999.000 -9999.000 -9999.000 -9999.000 -9999.000 -9999.000 -9999.000 -9999.000 -9999.000 -9999.000
-9999.000 -9999.000 -9999.000 -9999.000 -9999.000 -9999.000 -9999.000 -9999.000 -9999.000 -9999.000 -9999.000 -9999.000 -9999.000 -9999.000 -9999.000 -9999.000 -9999.000 -9999.000 -9999.000 -9999.000 -9999.000 -9999.000 113.779 98.609 80.872 64.256 64.256 64.256 64.256 64.921 65.586 66.934 67.607 68.735 -9999.000 -9999.000 -9999.000 -9999.000 -9999.000 -9999.000 -9999.000 -9999.000 -9999.000 -9999.000 -9999.000 -9999.000 -9999.000 -9999.000 -9999.000 -9999.000 -9999.000 -9999.000 -9999.000 -9999.000 -9999.000 -9999.000 -9999.000 -9999.000 -9999.000 -9999.000 -9999.000 -9999.000 -9999.000
