AvaFrame/avaframe/data/avaGar/Avaflow_Input_Output_sss/gar_results/alr_ascii/alr_hflow_max0014.asc
ncols 130
nrows 97
xllcenter 247320.75
yllcenter 350697.47
cellsize 20.00
NODATA_value -9999.000
[rows 34 to 67 of 97, columns 0 to 76 of 130]
0.000 0.000 0.000 0.000 0.000 0.000 0.000 0.000 0.000 0.000 0.001 0.001 0.002 0.003 0.003 0.004 0.008 0.018 0.030 0.035 0.031 0.026 0.028 0.034 0.040 0.052 0.064 0.068 0.063 0.058 0.073 0.225 0.258 0.219 0.165 0.135 0.117 0.119 0.161 0.228 0.320 0.447 0.606 0.712 0.782 1.004 2.478 5.177 7.085 7.579 7.277 6.689 6.303 6.423 6.608 6.612 6.623 6.540 6.237 5.658 4.180 1.917 0.664 0.268 0.132 0.073 0.044 0.027 0.017 0.011 0.008 0.005 0.003 0.002 0.001 0.001 0.000
0.000 0.000 0.000 0.000 0.000 0.000 0.000 0.000 0.000 0.000 0.001 0.001 0.002 0.003 0.003 0.004 0.006 0.012 0.023 0.031 0.034 0.032 0.025 0.025 0.024 0.023 0.029 0.037 0.044 0.048 0.049 0.063 0.084 0.089 0.089 0.090 0.083 0.072 0.070 0.077 0.101 0.173 0.284 0.455 0.790 1.232 2.242 3.819 5.804 6.912 7.230 7.010 6.658 6.486 6.240 6.057 5.960 5.962 6.148 6.195 5.906 4.220 1.812 0.613 0.272 0.144 0.085 0.051 0.030 0.019 0.013 0.009 0.006 0.004 0.003 0.002 0.001
0.000 0.000 0.000 0.000 0.000 0.000 0.000 0.000 0.000 0.000 0.000 0.001 0.002 0.003 0.004 0.003 0.004 0.007 0.015 0.027 0.035 0.037 0.033 0.020 0.017 0.015 0.017 0.023 0.030 0.034 0.038 0.042 0.056 0.067 0.074 0.077 0.077 0.069 0.059 0.050 0.087 0.310 0.593 0.710 1.059 1.493 1.852 2.621 3.695 4.693 5.454 5.599 5.616 5.336 4.891 4.348 3.947 3.910 4.340 5.354 6.231 5.825 3.725 1.328 0.532 0.268 0.159 0.097 0.059 0.035 0.022 0.015 0.011 0.007 0.005 0.003 0.002
0.000 0.000 0.000 0.000 0.000 0.000 0.000 0.000 0.000 0.000 0.000 0.001 0.002 0.003 0.004 0.004 0.004 0.005 0.008 0.016 0.027 0.035 0.036 0.030 0.020 0.011 0.011 0.016 0.021 0.024 0.026 0.029 0.035 0.044 0.052 0.057 0.062 0.062 0.062 0.108 0.357 0.803 1.072 1.110 1.177 1.262 1.433 1.767 2.211 2.617 3.043 3.202 3.141 2.918 2.537 2.145 1.854 1.754 2.053 3.059 5.196 6.450 5.638 2.821 0.975 0.439 0.257 0.166 0.107 0.066 0.039 0.023 0.015 0.011 0.008 0.005 0.004
0.000 0.000 0.000 0.000 0.000 0.000 0.000 0.000 0.000 0.000 0.000 0.001 0.001 0.002 0.004 0.005 0.003 0.003 0.004 0.007 0.013 0.023 0.031 0.035 0.031 0.024 0.018 0.014 0.016 0.016 0.017 0.021 0.023 0.025 0.029 0.036 0.043 0.050 0.075 0.301 0.799 1.052 1.061 1.145 1.158 1.109 1.135 1.213 1.353 1.500 1.604 1.643 1.620 1.555 1.436 1.312 1.221 1.199 1.231 1.504 3.180 5.969 6.534 4.742 1.795 0.664 0.340 0.225 0.158 0.108 0.068 0.041 0.024 0.015 0.011 0.008 0.006
0.000 0.000 0.000 0.000 0.000 0.000 0.000 0.000 0.000 0.000 0.000 0.000 0.001 0.001 0.003 0.005 0.004 0.003 0.002 0.003 0.005 0.010 0.018 0.027 0.031 0.029 0.026 0.023 0.016 0.012 0.012 0.015 0.017 0.016 0.019 0.025 0.032 0.042 0.074 0.297 1.048 1.049 1.054 1.067 1.133 1.079 1.037 1.047 1.078 1.120 1.151 1.163 1.157 1.135 1.112 1.087 1.065 1.059 1.067 1.185 2.005 4.620 6.514 6.150 3.349 1.095 0.417 0.249 0.189 0.144 0.103 0.067 0.041 0.024 0.015 0.011 0.008
0.000 0.000 0.000 0.000 0.000 0.000 0.000 0.000 0.000 0.000 0.000 0.000 0.000 0.001 0.002 0.004 0.004 0.002 0.002 0.002 0.003 0.005 0.009 0.014 0.019 0.023 0.026 0.026 0.023 0.017 0.012 0.012 0.012 0.012 0.014 0.018 0.026 0.036 0.057 0.106 0.229 0.439 1.045 1.044 1.042 1.038 1.026 1.020 1.023 1.041 1.066 1.100 1.048 1.044 1.038 1.032 1.024 1.017 1.027 1.087 1.467 3.309 5.809 6.729 5.219 2.291 0.843 0.271 0.199 0.165 0.132 0.097 0.065 0.040 0.024 0.015 0.011
0.000 0.000 0.000 0.000 0.000 0.000 0.000 0.000 0.000 0.000 0.000 0.000 0.000 0.001 0.001 0.003 0.004 0.002 0.001 0.001 0.002 0.003 0.005 0.008 0.010 0.013 0.017 0.020 0.023 0.022 0.019 0.015 0.010 0.009 0.010 0.014 0.020 0.029 0.042 0.067 0.117 0.186 0.248 0.378 1.025 1.023 1.020 1.016 1.015 1.032 1.091 1.256 1.428 1.508 1.435 1.235 1.017 1.014 1.019 1.062 1.260 2.210 4.555 6.134 6.467 4.897 2.586 1.231 0.405 0.183 0.152 0.122 0.092 0.063 0.039 0.023 0.015
0.000 0.000 0.000 0.000 0.000 0.000 0.000 0.000 0.000 0.000 0.000 0.000 0.000 0.001 0.001 0.003 0.003 0.003 0.001 0.001 0.001 0.002 0.004 0.005 0.007 0.009 0.011 0.013 0.016 0.018 0.019 0.020 0.015 0.009 0.008 0.010 0.014 0.022 0.032 0.048 0.078 0.121 0.159 0.168 0.192 0.297 0.421 1.014 1.012 1.012 1.013 1.094 1.305 1.513 1.616 1.649 1.580 1.404 1.230 1.197 1.306 1.651 3.056 5.072 6.168 6.334 5.360 3.508 1.594 0.544 0.233 0.147 0.118 0.089 0.061 0.038 0.024
0.000 0.000 0.000 0.000 0.000 0.000 0.000 0.000 0.000 0.000 0.000 0.000 0.000 0.001 0.001 0.002 0.003 0.002 0.001 0.001 0.001 0.002 0.003 0.004 0.005 0.007 0.008 0.010 0.012 0.014 0.017 0.018 0.020 0.015 0.008 0.008 0.010 0.015 0.024 0.035 0.054 0.082 0.111 0.126 0.135 0.147 0.171 0.294 1.011 1.010 1.009 1.010 1.010 1.031 1.242 1.467 1.591 1.589 1.509 1.439 1.386 1.457 1.908 3.293 4.971 5.948 6.235 5.994 4.130 1.859 0.722 0.339 0.180 0.122 0.086 0.059 0.039
0.000 0.000 0.000 0.000 0.000 0.000 0.000 0.000 0.000 0.000 0.000 0.000 0.000 0.000 0.001 0.002 0.002 0.002 0.002 0.001 0.000 0.001 0.002 0.003 0.004 0.005 0.006 0.008 0.010 0.012 0.014 0.016 0.018 0.020 0.015 0.009 0.008 0.010 0.017 0.026 0.038 0.056 0.078 0.098 0.110 0.123 0.140 0.165 0.202 0.379 1.008 1.007 1.006 1.006 1.007 1.009 1.013 1.261 1.411 1.430 1.421 1.423 1.535 2.024 3.361 4.560 5.633 6.045 6.039 4.292 2.220 1.100 0.558 0.282 0.156 0.100 0.063
0.000 0.000 0.000 0.000 0.000 0.000 0.000 0.000 0.000 0.000 0.000 0.000 0.000 0.000 0.000 0.001 0.002 0.002 0.002 0.001 0.000 0.000 0.001 0.002 0.003 0.003 0.005 0.007 0.008 0.010 0.012 0.014 0.015 0.019 0.021 0.015 0.008 0.008 0.011 0.018 0.028 0.039 0.053 0.072 0.089 0.102 0.114 0.132 0.158 0.188 0.237 0.391 1.006 1.005 1.004 1.004 1.006 1.008 1.009 1.047 1.144 1.220 1.291 1.458 1.839 2.775 4.280 5.520 5.882 5.722 4.249 2.748 1.698 0.909 0.487 0.262 0.143
0.000 0.000 0.000 0.000 0.000 0.000 0.000 0.000 0.000 0.000 0.000 0.000 0.000 0.000 0.000 0.000 0.001 0.001 0.001 0.000 0.000 0.000 0.000 0.001 0.002 0.003 0.004 0.006 0.007 0.008 0.010 0.012 0.013 0.015 0.020 0.022 0.014 0.008 0.008 0.012 0.019 0.028 0.038 0.050 0.069 0.088 0.098 0.106 0.123 0.150 0.184 0.214 0.250 0.344 0.384 0.368 0.328 0.326 0.381 0.592 0.761 0.805 0.945 1.085 1.260 1.592 2.500 4.069 5.348 5.628 5.291 4.336 3.310 2.227 1.279 0.740 0.437
0.000 0.000 0.000 0.000 0.000 0.000 0.000 0.000 0.000 0.000 0.000 0.000 0.000 0.000 0.000 0.000 0.000 0.000 0.000 0.000 0.000 0.000 0.000 0.000 0.001 0.002 0.003 0.004 0.006 0.007 0.008 0.011 0.013 0.012 0.015 0.023 0.021 0.010 0.007 0.008 0.013 0.020 0.027 0.037 0.052 0.076 0.088 0.088 0.093 0.114 0.144 0.176 0.204 0.262 0.325 0.344 0.332 0.318 0.336 0.415 0.553 0.698 0.824 0.959 1.110 1.289 1.554 2.353 4.071 5.302 5.248 5.078 4.605 3.614 2.409 1.482 0.933
0.000 0.000 0.000 0.000 0.000 0.000 0.000 0.000 0.000 0.000 0.000 0.000 0.000 0.000 0.000 0.000 0.000 0.000 0.000 0.000 0.000 0.000 0.000 0.000 0.000 0.001 0.002 0.003 0.004 0.006 0.008 0.009 0.012 0.011 0.010 0.016 0.022 0.015 0.007 0.007 0.008 0.013 0.019 0.026 0.039 0.061 0.078 0.076 0.074 0.087 0.109 0.139 0.171 0.196 0.267 0.314 0.331 0.329 0.341 0.394 0.524 0.702 0.855 1.009 1.172 1.300 1.396 1.619 2.515 4.256 5.036 5.124 5.385 4.924 3.802 2.490 1.553
0.000 0.000 0.000 0.000 0.000 0.000 0.000 0.000 0.000 0.000 0.000 0.000 0.000 0.000 0.000 0.000 0.000 0.000 0.000 0.000 0.000 0.000 0.000 0.000 0.000 0.000 0.001 0.001 0.002 0.004 0.007 0.008 0.011 0.014 0.013 0.011 0.015 0.017 0.012 0.008 0.007 0.008 0.012 0.018 0.028 0.044 0.062 0.067 0.068 0.071 0.081 0.102 0.133 0.166 0.202 0.268 0.307 0.323 0.336 0.376 0.470 0.642 0.841 1.019 1.170 1.320 1.455 1.575 1.951 3.107 4.360 4.866 5.672 5.682 5.013 3.626 2.423
0.000 0.000 0.000 0.000 0.000 0.000 0.000 0.000 0.000 0.000 0.000 0.000 0.000 0.000 0.000 0.000 0.000 0.000 0.000 0.000 0.000 0.000 0.000 0.000 0.000 0.000 0.000 0.000 0.001 0.002 0.004 0.006 0.009 0.014 0.019 0.016 0.011 0.012 0.014 0.012 0.007 0.006 0.008 0.012 0.019 0.029 0.044 0.059 0.067 0.064 0.064 0.078 0.101 0.131 0.165 0.207 0.265 0.298 0.321 0.346 0.414 0.540 0.739 0.938 1.115 1.279 1.392 1.530 1.768 2.409 3.401 4.415 5.427 5.826 5.645 4.727 3.559
0.000 0.000 0.000 0.000 0.000 0.000 0.000 0.000 0.000 0.000 0.000 0.000 0.000 0.000 0.000 0.000 0.000 0.000 0.000 0.000 0.000 0.000 0.000 0.000 0.000 0.000 0.000 0.000 0.000 0.001 0.002 0.003 0.005 0.009 0.019 0.023 0.015 0.009 0.010 0.012 0.009 0.005 0.006 0.008 0.012 0.019 0.031 0.046 0.058 0.059 0.058 0.066 0.079 0.100 0.131 0.163 0.209 0.255 0.286 0.313 0.355 0.448 0.603 0.785 0.968 1.147 1.297 1.427 1.636 1.996 2.827 3.752 4.874 5.631 5.821 5.400 4.522
0.000 0.000 0.000 0.000 0.000 0.000 0.000 0.000 0.000 0.000 0.000 0.000 0.000 0.000 0.000 0.000 0.000 0.000 0.000 0.000 0.000 0.000 0.000 0.000 0.000 0.000 0.000 0.000 0.000 0.000 0.001 0.001 0.003 0.005 0.013 0.022 0.022 0.013 0.008 0.009 0.009 0.006 0.005 0.006 0.009 0.013 0.021 0.032 0.045 0.052 0.054 0.060 0.068 0.079 0.101 0.132 0.162 0.204 0.241 0.273 0.306 0.356 0.461 0.630 0.803 0.977 1.144 1.295 1.455 1.727 2.271 2.956 4.258 5.137 5.610 5.631 5.203
0.000 0.000 0.000 0.000 0.000 0.000 0.000 0.000 0.000 0.000 0.000 0.000 0.000 0.000 0.000 0.000 0.000 0.000 0.000 0.000 0.000 0.000 0.000 0.000 0.000 0.000 0.000 0.000 0.000 0.000 0.000 0.001 0.001 0.003 0.006 0.015 0.024 0.020 0.011 0.007 0.007 0.008 0.005 0.004 0.006 0.009 0.015 0.022 0.033 0.042 0.048 0.054 0.061 0.067 0.079 0.103 0.136 0.161 0.193 0.224 0.256 0.291 0.346 0.463 0.628 0.800 0.945 1.095 1.264 1.475 1.800 2.401 3.444 4.415 5.186 5.589 5.621
0.000 0.000 0.000 0.000 0.000 0.000 0.000 0.000 0.000 0.000 0.000 0.000 0.000 0.000 0.000 0.000 0.000 0.000 0.000 0.000 0.000 0.000 0.000 0.000 0.000 0.000 0.000 0.000 0.000 0.000 0.000 0.000 0.000 0.001 0.003 0.009 0.021 0.028 0.021 0.013 0.008 0.007 0.006 0.004 0.005 0.007 0.011 0.017 0.025 0.033 0.040 0.047 0.054 0.060 0.066 0.080 0.106 0.137 0.160 0.179 0.210 0.238 0.273 0.337 0.448 0.584 0.749 0.904 1.066 1.253 1.476 1.865 2.644 3.778 4.714 5.327 5.844
0.000 0.000 0.000 0.000 0.000 0.000 0.000 0.000 0.000 0.000 0.000 0.000 0.000 0.000 0.000 0.000 0.000 0.000 0.000 0.000 0.000 0.000 0.000 0.000 0.000 0.000 0.000 0.000 0.000 0.000 0.000 0.000 0.000 0.000 0.001 0.003 0.011 0.025 0.032 0.028 0.019 0.008 0.005 0.004 0.004 0.005 0.008 0.012 0.018 0.026 0.033 0.041 0.047 0.052 0.057 0.065 0.082 0.107 0.135 0.158 0.173 0.196 0.223 0.261 0.319 0.415 0.555 0.700 0.877 1.055 1.252 1.466 1.966 2.971 4.131 5.028 5.727
0.000 0.000 0.000 0.000 0.000 0.000 0.000 0.000 0.000 0.000 0.000 0.000 0.000 0.000 0.000 0.000 0.000 0.000 0.000 0.000 0.000 0.000 0.000 0.000 0.000 0.000 0.000 0.000 0.000 0.000 0.000 0.000 0.000 0.000 0.000 0.001 0.003 0.010 0.023 0.032 0.031 0.020 0.007 0.003 0.003 0.004 0.007 0.008 0.012 0.017 0.025 0.034 0.041 0.046 0.051 0.056 0.065 0.083 0.107 0.133 0.153 0.167 0.185 0.214 0.249 0.307 0.400 0.527 0.685 0.869 1.059 1.243 1.658 2.460 3.420 4.434 5.299
0.000 0.000 0.000 0.000 0.000 0.000 0.000 0.000 0.000 0.000 0.000 0.000 0.000 0.000 0.000 0.000 0.000 0.000 0.000 0.000 0.000 0.000 0.000 0.000 0.000 0.000 0.000 0.000 0.000 0.000 0.000 0.000 0.000 0.000 0.000 0.000 0.001 0.002 0.005 0.016 0.028 0.028 0.017 0.005 0.002 0.003 0.005 0.007 0.008 0.011 0.016 0.025 0.034 0.040 0.045 0.049 0.054 0.065 0.082 0.105 0.128 0.147 0.165 0.181 0.204 0.233 0.288 0.373 0.492 0.682 0.885 1.117 1.485 2.057 2.866 3.790 4.581
0.000 0.000 0.000 0.000 0.000 0.000 0.000 0.000 0.000 0.000 0.000 0.000 0.000 0.000 0.000 0.000 0.000 0.000 0.000 0.000 0.000 0.000 0.000 0.000 0.000 0.000 0.000 0.000 0.000 0.000 0.000 0.000 0.000 0.000 0.000 0.000 0.000 0.000 0.001 0.003 0.008 0.013 0.016 0.009 0.003 0.002 0.003 0.005 0.006 0.008 0.010 0.017 0.027 0.034 0.039 0.042 0.047 0.053 0.062 0.079 0.102 0.124 0.146 0.169 0.179 0.192 0.215 0.268 0.352 0.499 0.703 0.951 1.309 1.761 2.336 3.117 3.932
0.000 0.000 0.000 0.000 0.000 0.000 0.000 0.000 0.000 0.000 0.000 0.000 0.000 0.000 0.000 0.000 0.000 0.000 0.000 0.000 0.000 0.000 0.000 0.000 0.000 0.000 0.000 0.000 0.000 0.000 0.000 0.000 0.000 0.000 0.000 0.000 0.000 0.000 0.000 0.001 0.001 0.002 0.004 0.005 0.003 0.001 0.001 0.002 0.004 0.006 0.008 0.013 0.021 0.029 0.034 0.038 0.040 0.043 0.048 0.058 0.077 0.099 0.122 0.152 0.171 0.174 0.174 0.194 0.248 0.335 0.509 0.755 1.118 1.518 1.947 2.560 3.215
0.000 0.000 0.000 0.000 0.000 0.000 0.000 0.000 0.000 0.000 0.000 0.000 0.000 0.000 0.000 0.000 0.000 0.000 0.000 0.000 0.000 0.000 0.000 0.000 0.000 0.000 0.000 0.000 0.000 0.000 0.000 0.000 0.000 0.000 0.000 0.000 0.000 0.000 0.000 0.000 0.000 0.000 0.001 0.001 0.001 0.001 0.000 0.001 0.002 0.004 0.006 0.010 0.017 0.025 0.031 0.034 0.032 0.033 0.037 0.043 0.056 0.074 0.096 0.126 0.153 0.167 0.167 0.169 0.174 0.225 0.335 0.534 0.836 1.221 1.631 2.020 2.531
0.000 0.000 0.000 0.000 0.000 0.000 0.000 0.000 0.000 0.000 0.000 0.000 0.000 0.000 0.000 0.000 0.000 0.000 0.000 0.000 0.000 0.000 0.000 0.000 0.000 0.000 0.000 0.000 0.000 0.000 0.000 0.000 0.000 0.000 0.000 0.000 0.000 0.000 0.000 0.000 0.000 0.000 0.000 0.000 0.000 0.000 0.000 0.000 0.001 0.002 0.004 0.007 0.013 0.020 0.025 0.028 0.026 0.024 0.027 0.032 0.040 0.054 0.073 0.097 0.126 0.151 0.162 0.163 0.166 0.174 0.213 0.356 0.595 0.948 1.301 1.673 2.050
0.000 0.000 0.000 0.000 0.000 0.000 0.000 0.000 0.000 0.000 0.000 0.000 0.000 0.000 0.000 0.000 0.000 0.000 0.000 0.000 0.000 0.000 0.000 0.000 0.000 0.000 0.000 0.000 0.000 0.000 0.000 0.000 0.000 0.000 0.000 0.000 0.000 0.000 0.000 0.000 0.000 0.000 0.000 0.000 0.000 0.000 0.000 0.000 0.000 0.001 0.001 0.004 0.008 0.013 0.017 0.020 0.021 0.020 0.020 0.024 0.030 0.038 0.052 0.072 0.098 0.128 0.152 0.159 0.160 0.164 0.178 0.235 0.404 0.666 1.054 1.407 1.760
0.000 0.000 0.000 0.000 0.000 0.000 0.000 0.000 0.000 0.000 0.000 0.000 0.000 0.000 0.000 0.000 0.000 0.000 0.000 0.000 0.000 0.000 0.000 0.000 0.000 0.000 0.000 0.000 0.000 0.000 0.000 0.000 0.000 0.000 0.000 0.000 0.000 0.000 0.000 0.000 0.000 0.000 0.000 0.000 0.000 0.000 0.000 0.000 0.000 0.000 0.000 0.001 0.004 0.007 0.011 0.014 0.016 0.017 0.017 0.018 0.021 0.028 0.037 0.052 0.073 0.099 0.132 0.151 0.155 0.157 0.168 0.186 0.256 0.441 0.707 1.073 1.422
0.000 0.000 0.000 0.000 0.000 0.000 0.000 0.000 0.000 0.000 0.000 0.000 0.000 0.000 0.000 0.000 0.000 0.000 0.000 0.000 0.000 0.000 0.000 0.000 0.000 0.000 0.000 0.000 0.000 0.000 0.000 0.000 0.000 0.000 0.000 0.000 0.000 0.000 0.000 0.000 0.000 0.000 0.000 0.000 0.000 0.000 0.000 0.000 0.000 0.000 0.000 0.001 0.002 0.004 0.007 0.010 0.012 0.014 0.016 0.016 0.016 0.019 0.027 0.036 0.052 0.074 0.101 0.135 0.149 0.154 0.163 0.176 0.188 0.282 0.480 0.750 1.097
0.000 0.000 0.000 0.000 0.000 0.000 0.000 0.000 0.000 0.000 0.000 0.000 0.000 0.000 0.000 0.000 0.000 0.000 0.000 0.000 0.000 0.000 0.000 0.000 0.000 0.000 0.000 0.000 0.000 0.000 0.000 0.000 0.000 0.000 0.000 0.000 0.000 0.000 0.000 0.000 0.000 0.000 0.000 0.000 0.000 0.000 0.000 0.000 0.000 0.000 0.000 0.000 0.001 0.002 0.004 0.006 0.009 0.012 0.016 0.017 0.015 0.014 0.017 0.025 0.036 0.053 0.077 0.103 0.133 0.146 0.158 0.169 0.176 0.187 0.318 0.516 0.794
0.000 0.000 0.000 0.000 0.000 0.000 0.000 0.000 0.000 0.000 0.000 0.000 0.000 0.000 0.000 0.000 0.000 0.000 0.000 0.000 0.000 0.000 0.000 0.000 0.000 0.000 0.000 0.000 0.000 0.000 0.000 0.000 0.000 0.000 0.000 0.000 0.000 0.000 0.000 0.000 0.000 0.000 0.000 0.000 0.000 0.000 0.000 0.000 0.000 0.000 0.000 0.000 0.000 0.001 0.002 0.004 0.006 0.009 0.014 0.019 0.018 0.012 0.011 0.014 0.022 0.035 0.054 0.077 0.102 0.126 0.145 0.160 0.168 0.174 0.195 0.345 0.542
0.000 0.000 0.000 0.000 0.000 0.000 0.000 0.000 0.000 0.000 0.000 0.000 0.000 0.000 0.000 0.000 0.000 0.000 0.000 0.000 0.000 0.000 0.000 0.000 0.000 0.000 0.000 0.000 0.000 0.000 0.000 0.000 0.000 0.000 0.000 0.000 0.000 0.000 0.000 0.000 0.000 0.000 0.000 0.000 0.000 0.000 0.000 0.000 0.000 0.000 0.000 0.000 0.000 0.000 0.001 0.002 0.004 0.007 0.011 0.017 0.020 0.016 0.010 0.009 0.012 0.019 0.032 0.053 0.076 0.097 0.124 0.147 0.159 0.165 0.172 0.212 0.364
