AvaFrame/avaframe/data/avaGar/Avaflow_Input_Output_sss/gar_results/alr_ascii/alr_hflow_max0006.asc
ncols 130
nrows 97
xllcenter 247320.75
yllcenter 350697.47
cellsize 20.00
NODATA_value -9999.000
[rows 34 to 67 of 97, columns 0 to 76 of 130]
0.000 0.000 0.000 0.000 0.000 0.000 0.000 0.000 0.000 0.000 0.001 0.001 0.002 0.003 0.003 0.004 0.008 0.018 0.030 0.035 0.031 0.026 0.028 0.034 0.040 0.052 0.064 0.068 0.063 0.058 0.073 0.225 0.258 0.219 0.165 0.135 0.117 0.119 0.161 0.228 0.320 0.447 0.606 0.712 0.782 1.004 2.478 5.177 7.085 7.579 7.277 6.689 6.303 6.423 6.608 6.612 6.623 6.540 6.237 5.658 4.180 1.917 0.664 0.268 0.132 0.073 0.044 0.027 0.016 0.010 0.006 0.004 0.002 0.001 0.001 0.000 0.000
0.000 0.000 0.000 0.000 0.000 0.000 0.000 0.000 0.000 0.000 0.001 0.001 0.002 0.003 0.003 0.004 0.006 0.012 0.023 0.031 0.034 0.032 0.025 0.025 0.024 0.023 0.029 0.037 0.044 0.048 0.049 0.063 0.084 0.089 0.089 0.090 0.083 0.072 0.070 0.077 0.101 0.173 0.284 0.455 0.790 1.232 2.242 3.819 5.804 6.912 7.230 7.010 6.658 6.486 6.240 6.057 5.960 5.962 6.148 6.195 5.906 4.220 1.812 0.613 0.272 0.144 0.085 0.051 0.030 0.019 0.011 0.007 0.004 0.002 0.001 0.001 0.000
0.000 0.000 0.000 0.000 0.000 0.000 0.000 0.000 0.000 0.000 0.000 0.001 0.002 0.003 0.004 0.003 0.004 0.007 0.015 0.027 0.035 0.037 0.033 0.020 0.017 0.015 0.017 0.023 0.030 0.034 0.038 0.042 0.056 0.067 0.074 0.077 0.077 0.069 0.059 0.050 0.087 0.310 0.593 0.710 1.059 1.493 1.852 2.621 3.695 4.693 5.454 5.599 5.616 5.336 4.891 4.348 3.947 3.910 4.340 5.354 6.231 5.825 3.725 1.328 0.532 0.268 0.159 0.097 0.059 0.035 0.021 0.012 0.008 0.004 0.003 0.001 0.001
0.000 0.000 0.000 0.000 0.000 0.000 0.000 0.000 0.000 0.000 0.000 0.001 0.001 0.003 0.004 0.004 0.004 0.005 0.008 0.016 0.027 0.035 0.036 0.030 0.020 0.011 0.011 0.016 0.021 0.024 0.026 0.029 0.035 0.044 0.052 0.057 0.062 0.062 0.062 0.108 0.357 0.803 1.072 1.110 1.177 1.262 1.433 1.767 2.211 2.617 3.043 3.202 3.141 2.918 2.537 2.145 1.854 1.754 2.053 3.059 5.196 6.450 5.638 2.821 0.975 0.439 0.257 0.166 0.107 0.066 0.039 0.021 0.012 0.007 0.004 0.003 0.002
0.000 0.000 0.000 0.000 0.000 0.000 0.000 0.000 0.000 0.000 0.000 0.000 0.001 0.002 0.003 0.004 0.003 0.003 0.004 0.007 0.013 0.023 0.031 0.035 0.031 0.024 0.018 0.014 0.016 0.016 0.017 0.021 0.023 0.025 0.029 0.036 0.043 0.050 0.075 0.301 0.799 1.052 1.061 1.145 1.158 1.109 1.135 1.213 1.353 1.500 1.604 1.643 1.620 1.555 1.436 1.312 1.221 1.199 1.231 1.504 3.180 5.969 6.534 4.742 1.795 0.664 0.340 0.225 0.158 0.108 0.068 0.038 0.020 0.011 0.007 0.004 0.003
0.000 0.000 0.000 0.000 0.000 0.000 0.000 0.000 0.000 0.000 0.000 0.000 0.000 0.001 0.002 0.003 0.003 0.003 0.002 0.003 0.005 0.010 0.018 0.027 0.031 0.029 0.026 0.022 0.015 0.012 0.012 0.015 0.017 0.016 0.019 0.025 0.032 0.042 0.074 0.297 1.048 1.049 1.054 1.067 1.133 1.079 1.037 1.047 1.078 1.120 1.151 1.163 1.157 1.135 1.112 1.087 1.065 1.059 1.067 1.185 2.005 4.620 6.514 6.150 3.349 1.095 0.417 0.249 0.189 0.144 0.103 0.063 0.034 0.018 0.011 0.007 0.004
0.000 0.000 0.000 0.000 0.000 0.000 0.000 0.000 0.000 0.000 0.000 0.000 0.000 0.000 0.001 0.002 0.003 0.002 0.002 0.002 0.003 0.005 0.009 0.014 0.019 0.023 0.026 0.026 0.022 0.016 0.012 0.012 0.012 0.012 0.014 0.018 0.026 0.036 0.057 0.106 0.229 0.439 1.045 1.044 1.042 1.038 1.026 1.020 1.023 1.041 1.066 1.100 1.048 1.044 1.038 1.032 1.024 1.017 1.027 1.087 1.467 3.309 5.809 6.729 5.219 2.291 0.843 0.271 0.199 0.165 0.132 0.092 0.055 0.031 0.017 0.011 0.007
0.000 0.000 0.000 0.000 0.000 0.000 0.000 0.000 0.000 0.000 0.000 0.000 0.000 0.000 0.000 0.001 0.001 0.001 0.001 0.001 0.002 0.003 0.005 0.008 0.010 0.013 0.017 0.020 0.022 0.020 0.016 0.013 0.010 0.009 0.010 0.014 0.020 0.029 0.042 0.067 0.117 0.186 0.248 0.378 1.025 1.023 1.020 1.016 1.015 1.032 1.091 1.256 1.428 1.508 1.435 1.235 1.017 1.014 1.019 1.062 1.260 2.210 4.555 6.134 6.467 4.897 2.586 1.231 0.405 0.183 0.151 0.118 0.081 0.051 0.030 0.017 0.011
0.000 0.000 0.000 0.000 0.000 0.000 0.000 0.000 0.000 0.000 0.000 0.000 0.000 0.000 0.000 0.000 0.000 0.000 0.001 0.001 0.001 0.002 0.003 0.005 0.007 0.009 0.011 0.013 0.015 0.016 0.017 0.016 0.013 0.009 0.008 0.010 0.014 0.022 0.032 0.048 0.078 0.121 0.159 0.168 0.192 0.297 0.421 1.014 1.012 1.011 1.012 1.093 1.305 1.513 1.616 1.649 1.580 1.404 1.230 1.197 1.306 1.651 3.056 5.072 6.168 6.334 5.360 3.508 1.594 0.544 0.233 0.146 0.107 0.076 0.050 0.030 0.018
0.000 0.000 0.000 0.000 0.000 0.000 0.000 0.000 0.000 0.000 0.000 0.000 0.000 0.000 0.000 0.000 0.000 0.000 0.000 0.000 0.001 0.001 0.002 0.003 0.005 0.006 0.008 0.009 0.010 0.012 0.014 0.015 0.014 0.012 0.008 0.008 0.010 0.015 0.024 0.035 0.054 0.082 0.111 0.126 0.135 0.147 0.171 0.293 1.009 1.008 1.007 1.008 1.009 1.031 1.242 1.467 1.591 1.589 1.509 1.439 1.386 1.457 1.908 3.293 4.971 5.948 6.235 5.994 4.130 1.859 0.722 0.339 0.180 0.122 0.082 0.052 0.032
0.000 0.000 0.000 0.000 0.000 0.000 0.000 0.000 0.000 0.000 0.000 0.000 0.000 0.000 0.000 0.000 0.000 0.000 0.000 0.000 0.000 0.000 0.001 0.002 0.003 0.004 0.005 0.006 0.007 0.008 0.010 0.012 0.013 0.013 0.010 0.008 0.008 0.010 0.017 0.026 0.038 0.056 0.078 0.098 0.110 0.123 0.139 0.163 0.199 0.375 1.005 1.005 1.005 1.005 1.007 1.009 1.013 1.261 1.411 1.430 1.421 1.423 1.535 2.024 3.361 4.560 5.633 6.045 6.039 4.292 2.220 1.100 0.558 0.282 0.156 0.100 0.063
0.000 0.000 0.000 0.000 0.000 0.000 0.000 0.000 0.000 0.000 0.000 0.000 0.000 0.000 0.000 0.000 0.000 0.000 0.000 0.000 0.000 0.000 0.000 0.001 0.001 0.002 0.002 0.003 0.004 0.005 0.007 0.008 0.010 0.011 0.011 0.009 0.008 0.008 0.011 0.018 0.028 0.039 0.053 0.072 0.089 0.101 0.112 0.129 0.153 0.183 0.232 0.387 1.003 1.003 1.003 1.004 1.006 1.007 1.008 1.046 1.144 1.220 1.291 1.458 1.839 2.775 4.280 5.520 5.882 5.722 4.249 2.748 1.698 0.909 0.487 0.262 0.143
0.000 0.000 0.000 0.000 0.000 0.000 0.000 0.000 0.000 0.000 0.000 0.000 0.000 0.000 0.000 0.000 0.000 0.000 0.000 0.000 0.000 0.000 0.000 0.000 0.000 0.001 0.001 0.002 0.002 0.003 0.004 0.005 0.006 0.007 0.008 0.008 0.007 0.007 0.008 0.012 0.019 0.028 0.038 0.050 0.068 0.084 0.092 0.100 0.117 0.144 0.178 0.209 0.247 0.342 0.383 0.368 0.327 0.326 0.380 0.591 0.760 0.805 0.945 1.085 1.260 1.592 2.500 4.069 5.348 5.628 5.291 4.336 3.310 2.227 1.279 0.740 0.437
0.000 0.000 0.000 0.000 0.000 0.000 0.000 0.000 0.000 0.000 0.000 0.000 0.000 0.000 0.000 0.000 0.000 0.000 0.000 0.000 0.000 0.000 0.000 0.000 0.000 0.000 0.000 0.000 0.001 0.001 0.002 0.002 0.003 0.004 0.005 0.006 0.006 0.005 0.006 0.008 0.013 0.019 0.027 0.035 0.049 0.068 0.077 0.079 0.087 0.108 0.139 0.171 0.199 0.259 0.323 0.343 0.331 0.317 0.334 0.413 0.551 0.696 0.824 0.959 1.110 1.289 1.554 2.353 4.071 5.302 5.248 5.078 4.605 3.614 2.409 1.482 0.933
0.000 0.000 0.000 0.000 0.000 0.000 0.000 0.000 0.000 0.000 0.000 0.000 0.000 0.000 0.000 0.000 0.000 0.000 0.000 0.000 0.000 0.000 0.000 0.000 0.000 0.000 0.000 0.000 0.000 0.000 0.000 0.001 0.001 0.002 0.002 0.003 0.003 0.003 0.003 0.005 0.008 0.011 0.016 0.021 0.031 0.048 0.061 0.062 0.066 0.080 0.103 0.134 0.166 0.193 0.264 0.312 0.329 0.328 0.340 0.391 0.521 0.699 0.855 1.009 1.172 1.300 1.396 1.619 2.515 4.256 5.036 5.124 5.385 4.924 3.802 2.490 1.553
0.000 0.000 0.000 0.000 0.000 0.000 0.000 0.000 0.000 0.000 0.000 0.000 0.000 0.000 0.000 0.000 0.000 0.000 0.000 0.000 0.000 0.000 0.000 0.000 0.000 0.000 0.000 0.000 0.000 0.000 0.000 0.000 0.000 0.000 0.001 0.001 0.001 0.001 0.002 0.003 0.004 0.006 0.009 0.012 0.019 0.030 0.043 0.049 0.054 0.062 0.076 0.098 0.129 0.162 0.199 0.265 0.305 0.320 0.334 0.373 0.468 0.639 0.839 1.019 1.170 1.320 1.455 1.575 1.951 3.107 4.360 4.866 5.672 5.682 5.013 3.626 2.423
0.000 0.000 0.000 0.000 0.000 0.000 0.000 0.000 0.000 0.000 0.000 0.000 0.000 0.000 0.000 0.000 0.000 0.000 0.000 0.000 0.000 0.000 0.000 0.000 0.000 0.000 0.000 0.000 0.000 0.000 0.000 0.000 0.000 0.000 0.000 0.000 0.000 0.000 0.001 0.001 0.002 0.003 0.005 0.007 0.011 0.017 0.028 0.039 0.047 0.051 0.057 0.072 0.096 0.127 0.161 0.204 0.262 0.296 0.318 0.343 0.411 0.537 0.736 0.937 1.115 1.279 1.392 1.530 1.768 2.409 3.401 4.415 5.427 5.826 5.645 4.727 3.559
0.000 0.000 0.000 0.000 0.000 0.000 0.000 0.000 0.000 0.000 0.000 0.000 0.000 0.000 0.000 0.000 0.000 0.000 0.000 0.000 0.000 0.000 0.000 0.000 0.000 0.000 0.000 0.000 0.000 0.000 0.000 0.000 0.000 0.000 0.000 0.000 0.000 0.000 0.000 0.000 0.001 0.001 0.003 0.004 0.007 0.011 0.018 0.028 0.037 0.042 0.046 0.057 0.073 0.096 0.128 0.159 0.206 0.252 0.283 0.311 0.353 0.445 0.600 0.782 0.968 1.147 1.297 1.427 1.636 1.996 2.827 3.752 4.874 5.631 5.821 5.400 4.336
0.000 0.000 0.000 0.000 0.000 0.000 0.000 0.000 0.000 0.000 0.000 0.000 0.000 0.000 0.000 0.000 0.000 0.000 0.000 0.000 0.000 0.000 0.000 0.000 0.000 0.000 0.000 0.000 0.000 0.000 0.000 0.000 0.000 0.000 0.000 0.000 0.000 0.000 0.000 0.000 0.000 0.001 0.001 0.002 0.004 0.007 0.011 0.019 0.027 0.033 0.039 0.046 0.057 0.072 0.096 0.129 0.158 0.200 0.238 0.271 0.303 0.353 0.458 0.626 0.801 0.977 1.144 1.295 1.455 1.727 2.271 2.956 4.258 5.137 5.610 5.631 4.213
0.000 0.000 0.000 0.000 0.000 0.000 0.000 0.000 0.000 0.000 0.000 0.000 0.000 0.000 0.000 0.000 0.000 0.000 0.000 0.000 0.000 0.000 0.000 0.000 0.000 0.000 0.000 0.000 0.000 0.000 0.000 0.000 0.000 0.000 0.000 0.000 0.000 0.000 0.000 0.000 0.000 0.000 0.001 0.001 0.003 0.005 0.008 0.012 0.018 0.025 0.031 0.038 0.046 0.056 0.071 0.097 0.131 0.157 0.189 0.222 0.254 0.288 0.344 0.460 0.625 0.798 0.945 1.095 1.264 1.475 1.800 2.401 3.417 4.410 5.093 4.505 3.516
0.000 0.000 0.000 0.000 0.000 0.000 0.000 0.000 0.000 0.000 0.000 0.000 0.000 0.000 0.000 0.000 0.000 0.000 0.000 0.000 0.000 0.000 0.000 0.000 0.000 0.000 0.000 0.000 0.000 0.000 0.000 0.000 0.000 0.000 0.000 0.000 0.000 0.000 0.000 0.000 0.000 0.000 0.000 0.001 0.002 0.003 0.005 0.008 0.012 0.018 0.024 0.031 0.038 0.045 0.054 0.072 0.099 0.131 0.155 0.176 0.207 0.236 0.271 0.335 0.446 0.582 0.747 0.901 1.052 1.216 1.434 1.776 2.396 2.970 3.110 3.012 3.308
0.000 0.000 0.000 0.000 0.000 0.000 0.000 0.000 0.000 0.000 0.000 0.000 0.000 0.000 0.000 0.000 0.000 0.000 0.000 0.000 0.000 0.000 0.000 0.000 0.000 0.000 0.000 0.000 0.000 0.000 0.000 0.000 0.000 0.000 0.000 0.000 0.000 0.000 0.000 0.000 0.000 0.000 0.000 0.000 0.001 0.002 0.003 0.005 0.008 0.012 0.018 0.024 0.031 0.037 0.043 0.054 0.072 0.100 0.130 0.154 0.170 0.194 0.222 0.259 0.318 0.413 0.553 0.696 0.859 0.993 1.089 1.059 1.028 1.476 2.027 2.561 3.113
0.000 0.000 0.000 0.000 0.000 0.000 0.000 0.000 0.000 0.000 0.000 0.000 0.000 0.000 0.000 0.000 0.000 0.000 0.000 0.000 0.000 0.000 0.000 0.000 0.000 0.000 0.000 0.000 0.000 0.000 0.000 0.000 0.000 0.000 0.000 0.000 0.000 0.000 0.000 0.000 0.000 0.000 0.000 0.000 0.000 0.001 0.002 0.003 0.005 0.008 0.012 0.018 0.024 0.030 0.036 0.042 0.053 0.073 0.100 0.129 0.150 0.166 0.183 0.213 0.248 0.306 0.398 0.524 0.672 0.819 0.916 0.908 0.973 1.230 1.683 2.297 2.896
0.000 0.000 0.000 0.000 0.000 0.000 0.000 0.000 0.000 0.000 0.000 0.000 0.000 0.000 0.000 0.000 0.000 0.000 0.000 0.000 0.000 0.000 0.000 0.000 0.000 0.000 0.000 0.000 0.000 0.000 0.000 0.000 0.000 0.000 0.000 0.000 0.000 0.000 0.000 0.000 0.000 0.000 0.000 0.000 0.000 0.000 0.001 0.002 0.003 0.005 0.008 0.013 0.018 0.024 0.029 0.034 0.041 0.053 0.074 0.100 0.126 0.146 0.164 0.180 0.203 0.231 0.287 0.371 0.485 0.655 0.800 0.906 1.040 1.257 1.603 2.074 2.578
0.000 0.000 0.000 0.000 0.000 0.000 0.000 0.000 0.000 0.000 0.000 0.000 0.000 0.000 0.000 0.000 0.000 0.000 0.000 0.000 0.000 0.000 0.000 0.000 0.000 0.000 0.000 0.000 0.000 0.000 0.000 0.000 0.000 0.000 0.000 0.000 0.000 0.000 0.000 0.000 0.000 0.000 0.000 0.000 0.000 0.000 0.000 0.001 0.002 0.003 0.005 0.009 0.014 0.019 0.023 0.028 0.033 0.040 0.053 0.074 0.099 0.122 0.145 0.168 0.178 0.191 0.214 0.267 0.348 0.485 0.658 0.826 1.025 1.242 1.477 1.885 2.312
0.000 0.000 0.000 0.000 0.000 0.000 0.000 0.000 0.000 0.000 0.000 0.000 0.000 0.000 0.000 0.000 0.000 0.000 0.000 0.000 0.000 0.000 0.000 0.000 0.000 0.000 0.000 0.000 0.000 0.000 0.000 0.000 0.000 0.000 0.000 0.000 0.000 0.000 0.000 0.000 0.000 0.000 0.000 0.000 0.000 0.000 0.000 0.000 0.001 0.002 0.003 0.006 0.009 0.014 0.018 0.022 0.027 0.032 0.040 0.054 0.074 0.097 0.121 0.151 0.169 0.173 0.173 0.193 0.246 0.329 0.487 0.686 0.942 1.166 1.366 1.682 2.021
0.000 0.000 0.000 0.000 0.000 0.000 0.000 0.000 0.000 0.000 0.000 0.000 0.000 0.000 0.000 0.000 0.000 0.000 0.000 0.000 0.000 0.000 0.000 0.000 0.000 0.000 0.000 0.000 0.000 0.000 0.000 0.000 0.000 0.000 0.000 0.000 0.000 0.000 0.000 0.000 0.000 0.000 0.000 0.000 0.000 0.000 0.000 0.000 0.000 0.001 0.002 0.003 0.006 0.010 0.014 0.018 0.022 0.026 0.031 0.039 0.053 0.073 0.095 0.125 0.152 0.166 0.167 0.168 0.173 0.222 0.324 0.498 0.740 1.002 1.233 1.422 1.703
0.000 0.000 0.000 0.000 0.000 0.000 0.000 0.000 0.000 0.000 0.000 0.000 0.000 0.000 0.000 0.000 0.000 0.000 0.000 0.000 0.000 0.000 0.000 0.000 0.000 0.000 0.000 0.000 0.000 0.000 0.000 0.000 0.000 0.000 0.000 0.000 0.000 0.000 0.000 0.000 0.000 0.000 0.000 0.000 0.000 0.000 0.000 0.000 0.000 0.000 0.001 0.002 0.003 0.006 0.009 0.013 0.017 0.020 0.024 0.030 0.038 0.053 0.072 0.096 0.126 0.151 0.162 0.163 0.165 0.172 0.207 0.338 0.540 0.812 1.025 1.236 1.434
0.000 0.000 0.000 0.000 0.000 0.000 0.000 0.000 0.000 0.000 0.000 0.000 0.000 0.000 0.000 0.000 0.000 0.000 0.000 0.000 0.000 0.000 0.000 0.000 0.000 0.000 0.000 0.000 0.000 0.000 0.000 0.000 0.000 0.000 0.000 0.000 0.000 0.000 0.000 0.000 0.000 0.000 0.000 0.000 0.000 0.000 0.000 0.000 0.000 0.000 0.000 0.001 0.001 0.003 0.005 0.007 0.011 0.014 0.017 0.022 0.029 0.038 0.052 0.072 0.098 0.128 0.151 0.158 0.159 0.163 0.175 0.225 0.375 0.590 0.882 1.096 1.306
0.000 0.000 0.000 0.000 0.000 0.000 0.000 0.000 0.000 0.000 0.000 0.000 0.000 0.000 0.000 0.000 0.000 0.000 0.000 0.000 0.000 0.000 0.000 0.000 0.000 0.000 0.000 0.000 0.000 0.000 0.000 0.000 0.000 0.000 0.000 0.000 0.000 0.000 0.000 0.000 0.000 0.000 0.000 0.000 0.000 0.000 0.000 0.000 0.000 0.000 0.000 0.000 0.001 0.001 0.002 0.004 0.006 0.008 0.011 0.014 0.019 0.027 0.037 0.052 0.073 0.099 0.132 0.151 0.155 0.156 0.167 0.181 0.241 0.401 0.607 0.871 1.091
0.000 0.000 0.000 0.000 0.000 0.000 0.000 0.000 0.000 0.000 0.000 0.000 0.000 0.000 0.000 0.000 0.000 0.000 0.000 0.000 0.000 0.000 0.000 0.000 0.000 0.000 0.000 0.000 0.000 0.000 0.000 0.000 0.000 0.000 0.000 0.000 0.000 0.000 0.000 0.000 0.000 0.000 0.000 0.000 0.000 0.000 0.000 0.000 0.000 0.000 0.000 0.000 0.000 0.000 0.001 0.002 0.003 0.004 0.007 0.009 0.012 0.017 0.025 0.036 0.052 0.074 0.101 0.134 0.149 0.154 0.162 0.173 0.180 0.262 0.427 0.633 0.878
0.000 0.000 0.000 0.000 0.000 0.000 0.000 0.000 0.000 0.000 0.000 0.000 0.000 0.000 0.000 0.000 0.000 0.000 0.000 0.000 0.000 0.000 0.000 0.000 0.000 0.000 0.000 0.000 0.000 0.000 0.000 0.000 0.000 0.000 0.000 0.000 0.000 0.000 0.000 0.000 0.000 0.000 0.000 0.000 0.000 0.000 0.000 0.000 0.000 0.000 0.000 0.000 0.000 0.000 0.000 0.001 0.001 0.002 0.004 0.006 0.008 0.010 0.014 0.023 0.036 0.053 0.077 0.103 0.132 0.146 0.157 0.167 0.172 0.177 0.291 0.453 0.664
0.000 0.000 0.000 0.000 0.000 0.000 0.000 0.000 0.000 0.000 0.000 0.000 0.000 0.000 0.000 0.000 0.000 0.000 0.000 0.000 0.000 0.000 0.000 0.000 0.000 0.000 0.000 0.000 0.000 0.000 0.000 0.000 0.000 0.000 0.000 0.000 0.000 0.000 0.000 0.000 0.000 0.000 0.000 0.000 0.000 0.000 0.000 0.000 0.000 0.000 0.000 0.000 0.000 0.000 0.000 0.000 0.000 0.001 0.002 0.003 0.005 0.006 0.008 0.012 0.020 0.035 0.054 0.077 0.101 0.125 0.144 0.158 0.165 0.169 0.182 0.313 0.470
0.000 0.000 0.000 0.000 0.000 0.000 0.000 0.000 0.000 0.000 0.000 0.000 0.000 0.000 0.000 0.000 0.000 0.000 0.000 0.000 0.000 0.000 0.000 0.000 0.000 0.000 0.000 0.000 0.000 0.000 0.000 0.000 0.000 0.000 0.000 0.000 0.000 0.000 0.000 0.000 0.000 0.000 0.000 0.000 0.000 0.000 0.000 0.000 0.000 0.000 0.000 0.000 0.000 0.000 0.000 0.000 0.000 0.000 0.001 0.001 0.003 0.004 0.005 0.007 0.011 0.018 0.032 0.053 0.075 0.097 0.124 0.146 0.157 0.162 0.166 0.197 0.327
