AvaFrame/avaframe/data/avaGar/Avaflow_Input_Output_sss/gar_results/alr_ascii/alr_vhmax.asc
ncols 130
nrows 97
xllcenter 247320.75
yllcenter 350697.47
cellsize 20.00
NODATA_value -9999.000
[rows 31 to 61 of 97, columns 0 to 68 of 130]
-9999.000 -9999.000 -9999.000 -9999.000 -9999.000 -9999.000 -9999.000 -9999.000 -nan 0.502 0.759 1.124 0.980 1.519 1.754 2.122 3.264 5.479 5.199 3.905 3.788 5.274 6.857 6.379 9.124 10.415 13.498 13.889 11.906 12.125 13.714 14.015 13.991 13.584 13.746 13.522 13.707 16.265 16.439 15.906 15.419 15.988 16.182 17.676 21.653 20.038 22.281 23.646 26.433 21.798 19.606 16.194 16.380 12.723 13.877 14.696 15.475 15.161 13.512 10.152 7.477 5.523 4.184 3.333 2.682 2.184 1.796 1.495 1.245
-9999.000 -9999.000 -9999.000 -9999.000 -9999.000 -9999.000 -9999.000 -9999.000 -nan 0.417 0.596 0.827 1.451 1.576 1.732 2.366 3.014 4.673 4.817 4.329 3.450 4.107 4.972 4.454 4.763 6.628 7.734 7.835 7.275 8.311 9.910 11.570 12.633 12.777 11.734 10.431 10.772 12.499 14.901 15.186 14.147 16.502 16.840 17.115 16.844 21.653 23.421 25.469 27.015 23.048 24.628 22.632 20.608 22.098 22.993 23.179 23.298 22.442 21.994 20.354 14.645 9.846 6.707 5.020 3.902 3.089 2.498 2.062 1.723
-9999.000 -9999.000 -9999.000 -9999.000 -9999.000 -9999.000 -9999.000 -9999.000 -nan 0.411 0.651 0.871 1.409 1.369 1.686 1.950 2.857 4.458 4.278 3.429 3.525 3.297 3.691 4.367 3.066 4.343 5.119 4.685 4.436 5.018 6.711 7.933 8.460 8.104 7.512 6.249 6.203 7.170 8.518 10.149 12.236 14.710 16.237 16.670 18.319 23.041 26.753 26.697 26.489 23.420 22.844 22.544 23.233 24.251 22.693 21.118 20.182 19.971 19.702 18.778 18.117 16.005 10.587 7.310 5.488 4.290 3.454 2.827 2.343
-9999.000 -9999.000 -9999.000 -9999.000 -9999.000 -9999.000 -9999.000 -9999.000 -nan 0.380 0.763 1.028 1.383 1.672 1.632 1.978 2.580 3.834 4.547 3.560 3.435 3.613 4.101 4.048 2.950 3.871 4.069 5.828 5.447 5.883 6.566 5.140 5.224 5.078 5.012 5.399 4.748 4.810 5.979 6.777 7.126 8.397 10.555 12.725 15.952 18.053 23.810 24.723 25.756 23.878 22.575 20.339 20.917 21.913 22.339 22.073 20.887 20.027 20.237 19.644 18.459 19.427 14.220 10.840 7.706 5.767 4.632 3.850 3.138
-9999.000 -9999.000 -9999.000 -9999.000 -9999.000 -9999.000 -9999.000 -9999.000 -nan -nan 0.662 0.916 1.324 1.716 1.642 1.709 2.159 2.916 4.078 4.992 4.440 3.604 4.298 3.573 3.333 3.172 4.508 4.867 4.854 5.212 5.652 6.226 5.885 7.046 6.955 6.740 6.482 5.724 4.747 3.898 4.578 5.440 8.664 12.259 13.293 15.589 18.690 23.235 22.182 20.649 21.536 19.838 20.104 20.302 21.191 22.480 21.816 20.285 20.042 20.538 20.293 19.963 16.685 16.135 11.356 8.242 6.267 5.180 4.187
-9999.000 -9999.000 -9999.000 -9999.000 -9999.000 -9999.000 -9999.000 -9999.000 -9999.000 -nan 0.473 0.859 1.228 1.669 1.551 1.643 1.707 2.461 2.997 4.046 5.019 4.720 3.557 3.661 2.873 2.655 3.350 4.051 4.082 4.012 3.939 4.535 5.222 5.338 5.525 5.730 6.620 6.210 5.901 6.050 6.159 11.882 13.798 12.871 15.038 15.888 20.345 16.319 16.946 17.347 17.835 17.018 17.464 17.771 18.046 20.204 19.552 19.410 19.690 20.231 21.338 21.432 21.365 18.827 15.495 11.755 8.884 6.836 5.514
-9999.000 -9999.000 -9999.000 -9999.000 -9999.000 -9999.000 -9999.000 -9999.000 -9999.000 -nan -nan 0.755 1.041 1.677 1.922 1.723 1.696 1.316 1.854 2.772 3.313 3.778 5.090 4.132 3.349 3.384 2.518 3.343 3.319 3.480 3.881 4.426 3.474 3.302 4.370 4.909 5.560 6.055 6.480 6.472 10.175 13.226 15.520 16.539 17.769 18.153 17.589 19.131 18.522 12.549 14.035 13.635 14.485 14.589 11.673 19.009 17.253 19.166 19.495 18.935 22.238 22.902 22.826 17.564 16.299 13.503 11.304 9.424 7.525
-9999.000 -9999.000 -9999.000 -9999.000 -9999.000 -9999.000 -9999.000 -9999.000 -9999.000 -9999.000 -nan 0.709 1.017 0.978 1.851 1.885 1.444 1.399 0.904 2.006 2.625 2.820 3.598 4.727 4.360 4.047 3.096 2.822 3.331 2.628 3.533 3.499 3.507 4.078 4.540 5.089 5.590 6.019 6.260 8.754 12.350 14.656 16.500 18.044 18.925 18.483 16.728 15.241 19.015 17.895 16.910 16.656 13.495 14.122 14.361 15.077 17.561 19.027 18.698 19.486 24.040 24.055 23.797 22.473 18.506 14.098 11.782 11.003 9.366
-9999.000 -9999.000 -9999.000 -9999.000 -9999.000 -9999.000 -9999.000 -9999.000 -9999.000 -9999.000 -nan 0.403 0.546 0.766 1.648 1.846 1.264 1.184 1.220 1.515 1.900 2.047 2.578 2.763 3.184 3.852 4.484 3.801 2.697 2.910 2.219 3.010 2.360 3.374 3.769 4.363 4.932 5.518 5.758 7.435 10.630 12.936 14.795 16.974 18.312 17.025 15.525 13.973 15.349 16.646 16.741 16.473 14.787 15.374 12.367 13.237 17.131 18.380 18.680 18.364 25.082 24.748 24.179 23.416 18.322 14.056 11.736 10.751 10.523
-9999.000 -9999.000 -9999.000 -9999.000 -9999.000 -9999.000 -9999.000 -9999.000 -9999.000 -9999.000 -nan -nan 0.420 0.764 1.301 1.727 1.606 1.048 1.055 1.227 1.552 2.022 2.369 1.984 2.302 2.591 2.953 3.761 4.098 3.571 2.384 2.534 1.912 2.897 3.218 3.782 4.418 5.025 5.351 7.192 10.493 9.674 9.818 12.506 14.577 15.003 14.535 14.387 15.921 18.737 19.258 20.473 21.236 20.927 19.347 18.053 17.213 15.348 15.965 17.677 18.484 25.173 24.339 24.187 23.171 22.883 20.869 12.975 10.912
-9999.000 -9999.000 -9999.000 -9999.000 -9999.000 -9999.000 -9999.000 -9999.000 -9999.000 -9999.000 -9999.000 -nan -nan 0.744 1.046 1.587 1.340 0.977 0.932 1.047 1.288 1.635 2.024 2.311 2.757 3.007 2.754 2.603 3.115 3.871 3.846 2.529 2.557 1.882 2.756 3.231 3.872 4.491 4.921 5.204 7.804 9.466 9.427 8.411 10.341 12.014 13.630 14.307 15.811 18.842 19.483 21.685 22.506 24.700 25.021 24.921 23.584 18.944 18.769 19.692 20.495 23.681 24.783 24.322 23.511 20.926 24.219 23.797 16.077
-9999.000 -9999.000 -9999.000 -9999.000 -9999.000 -9999.000 -9999.000 -9999.000 -9999.000 -9999.000 -9999.000 -9999.000 -nan 0.771 0.991 1.427 1.370 1.037 0.843 0.924 1.079 1.361 1.684 1.983 2.324 2.655 2.741 3.113 3.399 3.687 3.778 3.986 2.595 2.162 2.095 2.733 3.274 3.912 4.427 4.823 5.985 7.649 8.942 9.929 10.455 7.618 10.413 11.678 15.288 16.521 17.444 18.881 20.272 22.258 24.537 26.302 26.811 26.793 24.727 21.891 21.343 22.430 24.082 24.011 24.196 23.838 22.881 25.775 25.861
-9999.000 -9999.000 -9999.000 -9999.000 -9999.000 -9999.000 -9999.000 -9999.000 -9999.000 -9999.000 -9999.000 -9999.000 -nan 0.672 0.901 1.341 1.370 1.107 0.762 0.596 0.866 1.116 1.418 1.710 1.946 2.118 2.469 2.711 3.014 3.349 3.530 3.827 3.971 2.753 1.838 2.119 2.717 3.311 3.930 4.399 4.673 6.270 7.477 8.518 9.393 10.115 11.110 11.890 12.280 13.290 15.150 15.656 15.500 15.586 16.667 19.052 22.634 25.920 26.705 26.021 24.860 23.157 22.820 23.744 24.841 25.811 24.888 23.055 27.266
-9999.000 -9999.000 -9999.000 -9999.000 -9999.000 -9999.000 -9999.000 -9999.000 -9999.000 -9999.000 -9999.000 -9999.000 -nan 0.440 0.751 1.141 1.384 0.819 0.705 0.372 0.501 0.870 1.177 1.520 1.642 1.833 2.183 2.504 2.759 3.057 3.325 3.533 3.758 4.038 2.773 1.874 2.100 2.714 3.330 3.916 4.311 4.922 6.266 7.370 8.138 9.054 9.973 10.992 12.090 11.568 13.091 12.572 12.337 12.908 14.268 15.170 15.429 18.313 21.819 23.908 24.271 23.615 22.901 22.587 23.021 26.345 26.665 25.111 23.635
-9999.000 -9999.000 -9999.000 -9999.000 -9999.000 -9999.000 -9999.000 -9999.000 -9999.000 -9999.000 -9999.000 -9999.000 -nan -nan 0.489 0.878 1.280 1.293 0.553 0.188 -nan 0.517 0.874 1.228 1.482 1.658 1.922 2.310 2.578 2.805 3.106 3.286 3.389 3.843 4.170 2.481 1.717 2.118 2.723 3.357 3.869 4.097 4.987 6.314 7.186 7.735 8.764 9.718 10.759 11.919 13.034 11.401 11.525 12.610 12.486 10.933 10.908 10.970 16.569 20.204 21.186 21.549 22.118 22.816 21.479 22.665 26.743 25.886 24.515
-9999.000 -9999.000 -9999.000 -9999.000 -9999.000 -9999.000 -9999.000 -9999.000 -9999.000 -9999.000 -9999.000 -9999.000 -9999.000 -nan -nan 0.537 0.959 1.122 0.966 0.270 -nan -nan 0.486 0.839 1.218 1.510 1.772 2.104 2.420 2.582 2.831 3.155 3.202 3.392 4.021 3.795 2.272 1.598 2.322 2.744 3.351 3.718 3.891 4.978 6.246 6.844 7.251 7.902 9.363 10.555 11.773 12.499 13.859 15.840 16.301 15.691 14.944 15.209 17.108 21.046 21.457 22.288 21.263 24.007 23.963 23.816 20.662 23.910 23.991
-9999.000 -9999.000 -9999.000 -9999.000 -9999.000 -9999.000 -9999.000 -9999.000 -9999.000 -9999.000 -9999.000 -9999.000 -9999.000 -9999.000 -nan -nan 0.458 0.539 0.757 0.195 -nan -nan -nan 0.463 0.770 1.185 1.523 1.837 2.211 2.415 2.607 2.987 2.948 2.775 3.440 4.131 2.610 1.789 2.163 2.302 2.763 3.239 3.337 3.934 5.114 6.451 6.269 6.553 8.074 9.144 10.407 11.515 12.518 13.743 15.773 15.806 15.720 15.702 16.260 18.107 20.798 23.381 24.057 25.819 25.270 26.408 25.231 20.822 23.743
-9999.000 -9999.000 -9999.000 -9999.000 -9999.000 -9999.000 -9999.000 -9999.000 -9999.000 -9999.000 -9999.000 -9999.000 -9999.000 -9999.000 -nan -nan -nan 0.193 0.168 0.068 -nan -9999.000 -nan -nan 0.414 0.672 0.981 1.386 1.878 2.269 2.452 2.744 3.066 2.619 2.845 3.592 3.623 2.608 2.175 2.115 2.265 2.650 2.865 3.267 4.207 5.605 5.912 6.239 7.101 7.833 8.940 10.241 11.382 12.331 14.368 15.406 15.718 16.081 16.222 17.532 19.936 22.976 24.263 24.253 26.643 26.343 25.339 24.146 21.649
-9999.000 -9999.000 -9999.000 -9999.000 -9999.000 -9999.000 -9999.000 -9999.000 -9999.000 -9999.000 -9999.000 -9999.000 -9999.000 -9999.000 -9999.000 -9999.000 -nan -nan -nan -nan -nan -9999.000 -9999.000 -nan -nan 0.359 0.584 0.896 1.296 1.769 2.177 2.520 2.948 3.343 2.734 2.968 3.043 3.269 2.744 2.122 1.939 2.089 2.413 2.881 3.397 4.544 5.494 6.093 6.249 6.866 7.644 8.795 10.118 11.392 12.362 13.759 15.193 15.798 15.819 17.032 18.264 20.890 22.412 23.381 24.008 23.977 23.762 25.512 25.044
-9999.000 -9999.000 -9999.000 -9999.000 -9999.000 -9999.000 -9999.000 -9999.000 -9999.000 -9999.000 -9999.000 -9999.000 -9999.000 -9999.000 -9999.000 -9999.000 -9999.000 -9999.000 -9999.000 -9999.000 -9999.000 -9999.000 -9999.000 -9999.000 -nan -nan 0.309 0.531 0.802 1.144 1.567 2.048 2.629 3.309 3.595 3.012 1.930 2.853 3.212 2.427 1.373 1.902 2.085 2.341 2.815 3.550 4.578 5.511 5.734 6.224 6.705 7.590 8.767 10.085 11.346 11.961 13.615 14.794 15.463 16.367 17.515 19.777 20.533 22.060 23.398 23.860 23.539 23.190 25.707
-9999.000 -9999.000 -9999.000 -9999.000 -9999.000 -9999.000 -9999.000 -9999.000 -9999.000 -9999.000 -9999.000 -9999.000 -9999.000 -9999.000 -9999.000 -9999.000 -9999.000 -9999.000 -9999.000 -9999.000 -9999.000 -9999.000 -9999.000 -9999.000 -9999.000 -nan -nan 0.220 0.435 0.720 1.050 1.430 1.934 2.692 3.884 3.633 3.159 1.801 2.581 2.691 1.738 1.809 1.775 2.019 2.322 2.834 3.728 4.690 5.308 5.499 6.072 6.733 7.614 8.724 10.110 11.290 11.985 13.479 14.555 15.237 15.862 16.936 19.304 19.868 21.821 22.654 23.069 23.350 22.485
-9999.000 -9999.000 -9999.000 -9999.000 -9999.000 -9999.000 -9999.000 -9999.000 -9999.000 -9999.000 -9999.000 -9999.000 -9999.000 -9999.000 -9999.000 -9999.000 -9999.000 -9999.000 -9999.000 -9999.000 -9999.000 -9999.000 -9999.000 -9999.000 -9999.000 -9999.000 -nan -nan -nan 0.397 0.661 0.966 1.411 2.020 3.164 4.152 3.087 2.370 1.657 2.367 2.446 1.802 1.626 1.749 2.043 2.367 3.006 3.844 4.421 4.966 5.533 6.085 6.713 7.568 8.766 10.145 11.240 12.057 12.966 14.097 15.022 16.135 17.423 18.724 18.686 20.450 21.919 22.774 22.909
-9999.000 -9999.000 -9999.000 -9999.000 -9999.000 -9999.000 -9999.000 -9999.000 -9999.000 -9999.000 -9999.000 -9999.000 -9999.000 -9999.000 -9999.000 -9999.000 -9999.000 -9999.000 -9999.000 -9999.000 -9999.000 -9999.000 -9999.000 -9999.000 -9999.000 -9999.000 -9999.000 -9999.000 -nan -nan 0.368 0.621 0.953 1.449 2.266 3.497 4.387 3.317 2.121 2.296 2.404 2.179 1.794 1.619 1.775 2.096 2.473 3.105 3.808 4.431 4.979 5.517 6.031 6.640 7.555 8.823 10.238 11.196 11.593 12.420 13.586 14.134 15.563 16.649 17.400 19.697 19.685 21.789 23.242
-9999.000 -9999.000 -9999.000 -9999.000 -9999.000 -9999.000 -9999.000 -9999.000 -9999.000 -9999.000 -9999.000 -9999.000 -9999.000 -9999.000 -9999.000 -9999.000 -9999.000 -9999.000 -9999.000 -9999.000 -9999.000 -9999.000 -9999.000 -9999.000 -9999.000 -9999.000 -9999.000 -9999.000 -9999.000 -nan -nan 0.350 0.610 0.975 1.568 2.631 4.096 4.767 4.115 2.903 2.466 1.981 1.850 1.632 1.640 1.814 2.211 2.682 3.201 3.804 4.398 4.968 5.456 5.943 6.574 7.570 8.913 10.228 11.129 11.706 12.479 13.057 14.175 15.663 17.158 18.567 19.562 22.281 22.999
-9999.000 -9999.000 -9999.000 -9999.000 -9999.000 -9999.000 -9999.000 -9999.000 -9999.000 -9999.000 -9999.000 -9999.000 -9999.000 -9999.000 -9999.000 -9999.000 -9999.000 -9999.000 -9999.000 -9999.000 -9999.000 -9999.000 -9999.000 -9999.000 -9999.000 -9999.000 -9999.000 -9999.000 -9999.000 -9999.000 -nan -nan 0.349 0.610 0.930 1.522 2.680 4.259 5.045 4.753 3.251 2.283 1.589 1.553 1.627 1.723 1.966 2.360 2.776 3.220 3.797 4.426 4.942 5.370 5.844 6.525 7.590 8.932 10.188 11.043 11.583 12.180 13.038 13.642 15.415 17.061 18.687 20.111 21.632
-9999.000 -9999.000 -9999.000 -9999.000 -9999.000 -9999.000 -9999.000 -9999.000 -9999.000 -9999.000 -9999.000 -9999.000 -9999.000 -9999.000 -9999.000 -9999.000 -9999.000 -9999.000 -9999.000 -9999.000 -9999.000 -9999.000 -9999.000 -9999.000 -9999.000 -9999.000 -9999.000 -9999.000 -9999.000 -9999.000 -9999.000 -nan -nan 0.335 0.520 0.752 1.333 2.422 2.690 5.008 5.442 4.524 3.279 5.035 1.423 1.690 1.995 2.040 2.149 2.519 3.130 3.817 4.395 4.859 5.286 5.763 6.490 7.626 8.944 10.116 10.887 11.468 11.990 12.442 13.622 14.823 16.643 18.580 20.801
-9999.000 -9999.000 -9999.000 -9999.000 -9999.000 -9999.000 -9999.000 -9999.000 -9999.000 -9999.000 -9999.000 -9999.000 -9999.000 -9999.000 -9999.000 -9999.000 -9999.000 -9999.000 -9999.000 -9999.000 -9999.000 -9999.000 -9999.000 -9999.000 -9999.000 -9999.000 -9999.000 -9999.000 -9999.000 -9999.000 -9999.000 -9999.000 -nan -nan 0.211 0.302 0.673 1.009 1.599 2.022 3.791 5.777 4.766 3.586 0.884 1.306 1.768 1.894 1.875 2.025 2.561 3.199 3.837 4.348 4.688 5.192 5.712 6.483 7.682 8.946 9.954 10.755 11.451 11.916 12.166 13.237 14.459 15.548 18.139
-9999.000 -9999.000 -9999.000 -9999.000 -9999.000 -9999.000 -9999.000 -9999.000 -9999.000 -9999.000 -9999.000 -9999.000 -9999.000 -9999.000 -9999.000 -9999.000 -9999.000 -9999.000 -9999.000 -9999.000 -9999.000 -9999.000 -9999.000 -9999.000 -9999.000 -9999.000 -9999.000 -9999.000 -9999.000 -9999.000 -9999.000 -9999.000 -9999.000 -nan -nan -nan 0.381 0.688 1.039 0.971 1.681 2.676 4.530 4.410 3.234 1.100 1.239 1.497 1.741 1.840 2.105 2.654 3.306 3.853 4.268 4.672 5.121 5.609 6.523 7.713 8.864 9.840 10.763 11.584 11.698 11.551 12.654 13.650 15.969
-9999.000 -9999.000 -9999.000 -9999.000 -9999.000 -9999.000 -9999.000 -9999.000 -9999.000 -9999.000 -9999.000 -9999.000 -9999.000 -9999.000 -9999.000 -9999.000 -9999.000 -9999.000 -9999.000 -9999.000 -9999.000 -9999.000 -9999.000 -9999.000 -9999.000 -9999.000 -9999.000 -9999.000 -9999.000 -9999.000 -9999.000 -9999.000 -9999.000 -9999.000 -9999.000 -nan -nan 0.387 0.611 0.857 1.048 1.897 3.138 5.107 4.278 2.812 1.042 1.249 1.454 1.763 1.900 2.300 2.997 3.446 3.835 4.196 4.582 5.045 5.575 6.548 7.655 8.746 9.829 10.978 11.486 11.406 11.655 12.039 13.466
-9999.000 -9999.000 -9999.000 -9999.000 -9999.000 -9999.000 -9999.000 -9999.000 -9999.000 -9999.000 -9999.000 -9999.000 -9999.000 -9999.000 -9999.000 -9999.000 -9999.000 -9999.000 -9999.000 -9999.000 -9999.000 -9999.000 -9999.000 -9999.000 -9999.000 -9999.000 -9999.000 -9999.000 -9999.000 -9999.000 -9999.000 -9999.000 -9999.000 -9999.000 -9999.000 -9999.000 -nan -nan 0.246 0.463 0.757 1.200 2.222 3.938 5.390 4.047 1.988 1.243 1.315 1.571 1.814 2.192 2.834 3.327 3.529 3.802 4.097 4.364 4.873 5.510 6.528 7.596 8.720 9.982 11.026 11.324 11.489 11.547 11.745
-9999.000 -9999.000 -9999.000 -9999.000 -9999.000 -9999.000 -9999.000 -9999.000 -9999.000 -9999.000 -9999.000 -9999.000 -9999.000 -9999.000 -9999.000 -9999.000 -9999.000 -9999.000 -9999.000 -9999.000 -9999.000 -9999.000 -9999.000 -9999.000 -9999.000 -9999.000 -9999.000 -9999.000 -9999.000 -9999.000 -9999.000 -9999.000 -9999.000 -9999.000 -9999.000 -9999.000 -9999.000 -nan -nan -nan 0.453 0.835 1.495 2.959 4.967 6.033 2.686 1.636 1.339 1.377 1.611 1.938 2.660 3.235 3.300 3.480 3.651 3.835 4.212 4.807 5.474 6.474 7.587 8.779 10.026 10.990 11.256 11.368 11.471
