AvaFrame/avaframe/data/avaGar/Avaflow_Input_Output_sss/gar_results/alr_ascii/alr_hflow0014.asc
ncols 130
nrows 97
xllcenter 247320.75
yllcenter 350697.47
cellsize 20.00
NODATA_value -9999.000
[rows 34 to 67 of 97, columns 0 to 76 of 130]
0.000 0.000 0.000 0.000 0.000 0.000 0.000 0.000 0.000 0.000 0.000 0.000 0.000 0.000 0.000 0.000 0.000 0.000 0.000 0.000 0.000 0.000 0.000 0.000 0.000 0.000 0.000 0.001 0.001 0.000 0.000 0.000 0.000 0.001 0.001 0.001 0.001 0.001 0.001 0.002 0.003 0.005 0.007 0.008 0.006 0.007 0.009 0.018 0.039 0.061 0.071 0.072 0.072 0.079 0.090 0.094 0.080 0.049 0.026 0.016 0.005 0.002 0.002 0.002 0.002 0.002 0.002 0.002 0.002 0.002 0.002 0.001 0.001 0.001 0.001 0.001 0.000
0.000 0.000 0.000 0.000 0.000 0.000 0.000 0.000 0.000 0.000 0.000 0.000 0.000 0.000 0.000 0.000 0.000 0.000 0.000 0.000 0.000 0.000 0.000 0.000 0.000 0.000 0.000 0.000 0.000 0.000 0.000 0.000 0.000 0.000 0.001 0.001 0.001 0.001 0.001 0.001 0.002 0.002 0.002 0.003 0.005 0.008 0.013 0.018 0.022 0.028 0.039 0.054 0.065 0.067 0.066 0.074 0.094 0.106 0.081 0.046 0.021 0.004 0.002 0.002 0.002 0.002 0.002 0.002 0.003 0.003 0.003 0.002 0.002 0.002 0.001 0.001 0.001
0.000 0.000 0.000 0.000 0.000 0.000 0.000 0.000 0.000 0.000 0.000 0.000 0.000 0.000 0.000 0.000 0.000 0.000 0.000 0.000 0.000 0.001 0.001 0.001 0.000 0.000 0.000 0.000 0.000 0.000 0.000 0.000 0.000 0.000 0.000 0.001 0.001 0.001 0.001 0.001 0.001 0.002 0.002 0.003 0.005 0.008 0.013 0.015 0.013 0.010 0.009 0.010 0.012 0.013 0.012 0.011 0.023 0.061 0.098 0.096 0.069 0.027 0.002 0.002 0.002 0.002 0.002 0.002 0.003 0.003 0.003 0.003 0.003 0.003 0.002 0.002 0.001
0.000 0.000 0.000 0.000 0.000 0.000 0.000 0.000 0.000 0.000 0.000 0.000 0.000 0.000 0.000 0.000 0.000 0.000 0.000 0.000 0.000 0.001 0.001 0.002 0.001 0.001 0.001 0.000 0.000 0.000 0.000 0.000 0.000 0.000 0.000 0.000 0.001 0.002 0.002 0.002 0.001 0.002 0.002 0.003 0.005 0.006 0.007 0.008 0.007 0.006 0.005 0.004 0.004 0.005 0.004 0.004 0.004 0.006 0.035 0.088 0.111 0.084 0.025 0.001 0.002 0.002 0.002 0.002 0.003 0.003 0.004 0.004 0.004 0.003 0.003 0.003 0.002
0.000 0.000 0.000 0.000 0.000 0.000 0.000 0.000 0.000 0.000 0.000 0.000 0.000 0.000 0.000 0.000 0.000 0.000 0.000 0.000 0.000 0.001 0.001 0.003 0.003 0.003 0.001 0.001 0.001 0.000 0.000 0.000 0.000 0.000 0.000 0.000 0.001 0.001 0.002 0.002 0.002 0.003 0.003 0.005 0.006 0.005 0.004 0.004 0.004 0.004 0.003 0.003 0.003 0.003 0.003 0.002 0.003 0.003 0.005 0.024 0.072 0.112 0.087 0.016 0.001 0.002 0.002 0.002 0.002 0.003 0.004 0.004 0.004 0.004 0.004 0.003 0.003
0.000 0.000 0.000 0.000 0.000 0.000 0.000 0.000 0.000 0.000 0.000 0.000 0.000 0.000 0.000 0.001 0.001 0.001 0.001 0.001 0.001 0.001 0.001 0.002 0.004 0.006 0.005 0.004 0.002 0.001 0.001 0.000 0.000 0.000 0.000 0.001 0.001 0.001 0.002 0.002 0.003 0.003 0.004 0.005 0.006 0.005 0.003 0.003 0.003 0.003 0.003 0.003 0.002 0.002 0.002 0.002 0.002 0.003 0.003 0.006 0.021 0.069 0.125 0.079 0.008 0.001 0.001 0.002 0.002 0.003 0.003 0.004 0.004 0.004 0.004 0.004 0.003
0.000 0.000 0.000 0.000 0.000 0.000 0.000 0.000 0.000 0.000 0.000 0.000 0.000 0.000 0.000 0.001 0.002 0.001 0.001 0.001 0.001 0.001 0.001 0.001 0.002 0.003 0.005 0.007 0.006 0.004 0.002 0.001 0.001 0.001 0.001 0.001 0.001 0.001 0.002 0.002 0.002 0.003 0.003 0.004 0.005 0.005 0.003 0.003 0.003 0.003 0.003 0.003 0.003 0.002 0.002 0.002 0.002 0.002 0.002 0.003 0.007 0.028 0.092 0.138 0.072 0.012 0.001 0.001 0.002 0.002 0.003 0.004 0.005 0.005 0.005 0.004 0.004
0.000 0.000 0.000 0.000 0.000 0.000 0.000 0.000 0.000 0.000 0.000 0.000 0.000 0.000 0.001 0.001 0.002 0.001 0.001 0.001 0.001 0.001 0.001 0.001 0.001 0.001 0.002 0.004 0.006 0.008 0.006 0.004 0.002 0.001 0.001 0.001 0.001 0.001 0.002 0.002 0.003 0.003 0.003 0.003 0.003 0.004 0.003 0.003 0.003 0.003 0.004 0.004 0.005 0.004 0.004 0.003 0.003 0.003 0.003 0.003 0.005 0.012 0.039 0.109 0.145 0.095 0.022 0.001 0.002 0.002 0.002 0.004 0.005 0.006 0.005 0.004 0.004
0.000 0.000 0.000 0.000 0.000 0.000 0.000 0.000 0.000 0.000 0.000 0.000 0.000 0.001 0.001 0.001 0.002 0.002 0.001 0.001 0.001 0.001 0.001 0.001 0.001 0.001 0.001 0.002 0.003 0.005 0.007 0.008 0.006 0.002 0.001 0.001 0.001 0.001 0.002 0.002 0.003 0.003 0.003 0.002 0.002 0.003 0.003 0.003 0.003 0.003 0.004 0.004 0.005 0.006 0.007 0.007 0.006 0.005 0.005 0.005 0.007 0.009 0.014 0.035 0.102 0.174 0.125 0.038 0.001 0.002 0.002 0.004 0.005 0.006 0.006 0.005 0.005
0.000 0.000 0.000 0.000 0.000 0.000 0.000 0.000 0.000 0.000 0.000 0.000 0.000 0.001 0.001 0.001 0.002 0.002 0.001 0.001 0.001 0.001 0.001 0.001 0.001 0.001 0.001 0.002 0.002 0.003 0.004 0.007 0.009 0.007 0.003 0.001 0.001 0.001 0.002 0.002 0.003 0.003 0.003 0.003 0.002 0.002 0.003 0.003 0.003 0.003 0.003 0.003 0.004 0.004 0.005 0.007 0.008 0.008 0.008 0.008 0.008 0.009 0.010 0.012 0.022 0.082 0.164 0.149 0.041 0.004 0.004 0.004 0.005 0.007 0.007 0.007 0.006
0.000 0.000 0.000 0.000 0.000 0.000 0.000 0.000 0.000 0.000 0.000 0.000 0.000 0.000 0.001 0.001 0.002 0.002 0.001 0.001 0.000 0.001 0.000 0.000 0.001 0.001 0.001 0.001 0.002 0.002 0.003 0.005 0.008 0.010 0.007 0.003 0.002 0.001 0.001 0.002 0.003 0.004 0.004 0.003 0.003 0.003 0.002 0.002 0.002 0.003 0.003 0.003 0.003 0.003 0.003 0.003 0.005 0.006 0.007 0.007 0.007 0.007 0.007 0.006 0.007 0.014 0.070 0.168 0.138 0.028 0.010 0.008 0.007 0.008 0.008 0.009 0.008
0.000 0.000 0.000 0.000 0.000 0.000 0.000 0.000 0.000 0.000 0.000 0.000 0.000 0.000 0.000 0.001 0.002 0.002 0.002 0.001 0.000 0.000 0.000 0.000 0.000 0.001 0.001 0.001 0.002 0.003 0.003 0.004 0.006 0.008 0.011 0.008 0.003 0.002 0.002 0.002 0.003 0.004 0.004 0.004 0.004 0.003 0.002 0.002 0.003 0.003 0.003 0.003 0.003 0.002 0.002 0.002 0.003 0.003 0.004 0.005 0.005 0.004 0.004 0.004 0.004 0.006 0.020 0.093 0.180 0.090 0.027 0.017 0.012 0.010 0.010 0.011 0.011
0.000 0.000 0.000 0.000 0.000 0.000 0.000 0.000 0.000 0.000 0.000 0.000 0.000 0.000 0.000 0.000 0.001 0.001 0.001 0.000 0.000 0.000 0.000 0.000 0.000 0.001 0.001 0.002 0.003 0.003 0.003 0.004 0.005 0.006 0.010 0.013 0.008 0.003 0.002 0.002 0.003 0.004 0.005 0.005 0.005 0.005 0.004 0.002 0.002 0.003 0.003 0.003 0.003 0.003 0.003 0.002 0.002 0.003 0.004 0.005 0.005 0.004 0.004 0.003 0.003 0.004 0.009 0.039 0.138 0.145 0.067 0.034 0.021 0.016 0.017 0.020 0.021
0.000 0.000 0.000 0.000 0.000 0.000 0.000 0.000 0.000 0.000 0.000 0.000 0.000 0.000 0.000 0.000 0.000 0.000 0.000 0.000 0.000 0.000 0.000 0.000 0.000 0.000 0.001 0.001 0.003 0.004 0.003 0.004 0.005 0.005 0.007 0.013 0.014 0.006 0.003 0.003 0.003 0.003 0.004 0.005 0.006 0.008 0.008 0.004 0.002 0.003 0.003 0.003 0.003 0.003 0.003 0.002 0.002 0.003 0.003 0.004 0.005 0.004 0.004 0.004 0.004 0.004 0.006 0.017 0.072 0.153 0.117 0.058 0.037 0.026 0.021 0.021 0.024
0.000 0.000 0.000 0.000 0.000 0.000 0.000 0.000 0.000 0.000 0.000 0.000 0.000 0.000 0.000 0.000 0.000 0.000 0.000 0.000 0.000 0.000 0.000 0.000 0.000 0.000 0.001 0.001 0.002 0.004 0.004 0.004 0.006 0.005 0.004 0.009 0.015 0.010 0.005 0.003 0.003 0.003 0.003 0.004 0.005 0.007 0.010 0.006 0.003 0.003 0.003 0.002 0.002 0.002 0.002 0.002 0.003 0.003 0.003 0.004 0.005 0.005 0.005 0.004 0.004 0.004 0.005 0.010 0.030 0.112 0.142 0.091 0.058 0.041 0.028 0.018 0.017
0.000 0.000 0.000 0.000 0.000 0.000 0.000 0.000 0.000 0.000 0.000 0.000 0.000 0.000 0.000 0.000 0.000 0.000 0.000 0.000 0.000 0.000 0.000 0.000 0.000 0.000 0.000 0.001 0.002 0.003 0.005 0.005 0.006 0.007 0.006 0.006 0.010 0.013 0.009 0.006 0.003 0.003 0.003 0.003 0.004 0.006 0.009 0.008 0.005 0.003 0.003 0.002 0.002 0.002 0.002 0.003 0.003 0.003 0.003 0.003 0.004 0.005 0.005 0.005 0.004 0.004 0.004 0.007 0.018 0.060 0.129 0.119 0.080 0.060 0.045 0.025 0.015
0.000 0.000 0.000 0.000 0.000 0.000 0.000 0.000 0.000 0.000 0.000 0.000 0.000 0.000 0.000 0.000 0.000 0.000 0.000 0.000 0.000 0.000 0.000 0.000 0.000 0.000 0.000 0.000 0.001 0.002 0.003 0.005 0.006 0.009 0.011 0.011 0.007 0.009 0.011 0.011 0.006 0.003 0.003 0.003 0.004 0.005 0.007 0.009 0.009 0.005 0.003 0.003 0.003 0.002 0.003 0.003 0.003 0.003 0.003 0.003 0.004 0.005 0.005 0.005 0.004 0.003 0.004 0.006 0.013 0.030 0.086 0.125 0.103 0.081 0.065 0.045 0.022
0.000 0.000 0.000 0.000 0.000 0.000 0.000 0.000 0.000 0.000 0.000 0.000 0.000 0.000 0.000 0.000 0.000 0.000 0.000 0.000 0.000 0.000 0.000 0.000 0.000 0.000 0.000 0.000 0.000 0.001 0.001 0.003 0.004 0.007 0.012 0.019 0.012 0.006 0.009 0.011 0.008 0.004 0.003 0.003 0.003 0.004 0.005 0.008 0.010 0.008 0.004 0.004 0.004 0.003 0.003 0.003 0.003 0.003 0.003 0.003 0.004 0.004 0.005 0.005 0.004 0.004 0.004 0.006 0.010 0.021 0.046 0.098 0.112 0.096 0.083 0.068 0.042
0.000 0.000 0.000 0.000 0.000 0.000 0.000 0.000 0.000 0.000 0.000 0.000 0.000 0.000 0.000 0.000 0.000 0.000 0.000 0.000 0.000 0.000 0.000 0.000 0.000 0.000 0.000 0.000 0.000 0.000 0.001 0.001 0.002 0.003 0.008 0.019 0.019 0.010 0.006 0.008 0.009 0.006 0.003 0.003 0.003 0.004 0.004 0.006 0.009 0.009 0.007 0.006 0.006 0.004 0.003 0.003 0.003 0.004 0.004 0.003 0.003 0.004 0.005 0.005 0.005 0.005 0.005 0.006 0.009 0.017 0.028 0.058 0.097 0.104 0.095 0.086 0.068
0.000 0.000 0.000 0.000 0.000 0.000 0.000 0.000 0.000 0.000 0.000 0.000 0.000 0.000 0.000 0.000 0.000 0.000 0.000 0.000 0.000 0.000 0.000 0.000 0.000 0.000 0.000 0.000 0.000 0.000 0.000 0.001 0.001 0.002 0.004 0.012 0.020 0.018 0.009 0.006 0.007 0.008 0.005 0.003 0.003 0.004 0.004 0.005 0.006 0.008 0.009 0.008 0.008 0.006 0.005 0.004 0.004 0.004 0.004 0.004 0.003 0.003 0.003 0.004 0.005 0.005 0.005 0.005 0.008 0.016 0.023 0.033 0.067 0.096 0.099 0.097 0.087
0.000 0.000 0.000 0.000 0.000 0.000 0.000 0.000 0.000 0.000 0.000 0.000 0.000 0.000 0.000 0.000 0.000 0.000 0.000 0.000 0.000 0.000 0.000 0.000 0.000 0.000 0.000 0.000 0.000 0.000 0.000 0.000 0.000 0.001 0.003 0.006 0.016 0.024 0.019 0.009 0.007 0.007 0.006 0.004 0.003 0.003 0.004 0.005 0.006 0.008 0.009 0.009 0.010 0.009 0.007 0.006 0.006 0.006 0.005 0.004 0.004 0.003 0.003 0.003 0.003 0.003 0.004 0.005 0.007 0.016 0.021 0.024 0.038 0.072 0.093 0.098 0.097
0.000 0.000 0.000 0.000 0.000 0.000 0.000 0.000 0.000 0.000 0.000 0.000 0.000 0.000 0.000 0.000 0.000 0.000 0.000 0.000 0.000 0.000 0.000 0.000 0.000 0.000 0.000 0.000 0.000 0.000 0.000 0.000 0.000 0.000 0.001 0.003 0.010 0.024 0.030 0.023 0.016 0.008 0.005 0.004 0.003 0.003 0.004 0.005 0.007 0.008 0.009 0.010 0.012 0.011 0.010 0.009 0.008 0.008 0.006 0.005 0.004 0.003 0.003 0.002 0.002 0.002 0.003 0.004 0.006 0.014 0.020 0.021 0.026 0.044 0.073 0.091 0.096
0.000 0.000 0.000 0.000 0.000 0.000 0.000 0.000 0.000 0.000 0.000 0.000 0.000 0.000 0.000 0.000 0.000 0.000 0.000 0.000 0.000 0.000 0.000 0.000 0.000 0.000 0.000 0.000 0.000 0.000 0.000 0.000 0.000 0.000 0.000 0.001 0.003 0.010 0.023 0.032 0.031 0.020 0.007 0.003 0.003 0.004 0.005 0.005 0.005 0.006 0.008 0.010 0.012 0.013 0.013 0.012 0.011 0.011 0.008 0.005 0.003 0.003 0.003 0.002 0.002 0.002 0.002 0.003 0.005 0.012 0.020 0.020 0.021 0.029 0.048 0.072 0.090
0.000 0.000 0.000 0.000 0.000 0.000 0.000 0.000 0.000 0.000 0.000 0.000 0.000 0.000 0.000 0.000 0.000 0.000 0.000 0.000 0.000 0.000 0.000 0.000 0.000 0.000 0.000 0.000 0.000 0.000 0.000 0.000 0.000 0.000 0.000 0.000 0.001 0.001 0.005 0.016 0.028 0.028 0.017 0.005 0.002 0.003 0.004 0.006 0.005 0.005 0.005 0.008 0.011 0.014 0.014 0.014 0.014 0.013 0.009 0.005 0.003 0.002 0.002 0.002 0.002 0.002 0.002 0.002 0.004 0.011 0.019 0.021 0.021 0.026 0.034 0.050 0.073
0.000 0.000 0.000 0.000 0.000 0.000 0.000 0.000 0.000 0.000 0.000 0.000 0.000 0.000 0.000 0.000 0.000 0.000 0.000 0.000 0.000 0.000 0.000 0.000 0.000 0.000 0.000 0.000 0.000 0.000 0.000 0.000 0.000 0.000 0.000 0.000 0.000 0.000 0.001 0.003 0.008 0.013 0.016 0.009 0.003 0.002 0.002 0.004 0.005 0.005 0.005 0.005 0.009 0.014 0.015 0.015 0.014 0.013 0.010 0.006 0.004 0.003 0.002 0.002 0.003 0.002 0.002 0.003 0.004 0.008 0.015 0.020 0.023 0.027 0.029 0.036 0.051
0.000 0.000 0.000 0.000 0.000 0.000 0.000 0.000 0.000 0.000 0.000 0.000 0.000 0.000 0.000 0.000 0.000 0.000 0.000 0.000 0.000 0.000 0.000 0.000 0.000 0.000 0.000 0.000 0.000 0.000 0.000 0.000 0.000 0.000 0.000 0.000 0.000 0.000 0.000 0.001 0.001 0.002 0.004 0.005 0.003 0.001 0.001 0.002 0.003 0.004 0.005 0.005 0.008 0.013 0.016 0.016 0.014 0.012 0.009 0.006 0.005 0.005 0.004 0.004 0.005 0.004 0.003 0.003 0.004 0.006 0.011 0.017 0.023 0.030 0.030 0.030 0.037
0.000 0.000 0.000 0.000 0.000 0.000 0.000 0.000 0.000 0.000 0.000 0.000 0.000 0.000 0.000 0.000 0.000 0.000 0.000 0.000 0.000 0.000 0.000 0.000 0.000 0.000 0.000 0.000 0.000 0.000 0.000 0.000 0.000 0.000 0.000 0.000 0.000 0.000 0.000 0.000 0.000 0.000 0.001 0.001 0.001 0.001 0.000 0.001 0.001 0.003 0.004 0.005 0.008 0.013 0.016 0.016 0.012 0.008 0.006 0.007 0.007 0.008 0.008 0.008 0.008 0.007 0.004 0.004 0.004 0.005 0.008 0.012 0.020 0.031 0.034 0.030 0.031
0.000 0.000 0.000 0.000 0.000 0.000 0.000 0.000 0.000 0.000 0.000 0.000 0.000 0.000 0.000 0.000 0.000 0.000 0.000 0.000 0.000 0.000 0.000 0.000 0.000 0.000 0.000 0.000 0.000 0.000 0.000 0.000 0.000 0.000 0.000 0.000 0.000 0.000 0.000 0.000 0.000 0.000 0.000 0.000 0.000 0.000 0.000 0.000 0.001 0.001 0.003 0.005 0.008 0.012 0.014 0.013 0.010 0.005 0.005 0.006 0.008 0.009 0.009 0.009 0.009 0.009 0.007 0.005 0.004 0.004 0.006 0.010 0.016 0.027 0.035 0.033 0.029
0.000 0.000 0.000 0.000 0.000 0.000 0.000 0.000 0.000 0.000 0.000 0.000 0.000 0.000 0.000 0.000 0.000 0.000 0.000 0.000 0.000 0.000 0.000 0.000 0.000 0.000 0.000 0.000 0.000 0.000 0.000 0.000 0.000 0.000 0.000 0.000 0.000 0.000 0.000 0.000 0.000 0.000 0.000 0.000 0.000 0.000 0.000 0.000 0.000 0.000 0.001 0.002 0.005 0.007 0.008 0.008 0.008 0.006 0.004 0.005 0.006 0.008 0.010 0.010 0.010 0.011 0.011 0.008 0.005 0.005 0.006 0.010 0.015 0.021 0.031 0.036 0.032
0.000 0.000 0.000 0.000 0.000 0.000 0.000 0.000 0.000 0.000 0.000 0.000 0.000 0.000 0.000 0.000 0.000 0.000 0.000 0.000 0.000 0.000 0.000 0.000 0.000 0.000 0.000 0.000 0.000 0.000 0.000 0.000 0.000 0.000 0.000 0.000 0.000 0.000 0.000 0.000 0.000 0.000 0.000 0.000 0.000 0.000 0.000 0.000 0.000 0.000 0.000 0.001 0.002 0.003 0.004 0.006 0.007 0.007 0.005 0.004 0.004 0.006 0.009 0.011 0.012 0.012 0.012 0.011 0.008 0.005 0.006 0.010 0.015 0.018 0.024 0.034 0.036
0.000 0.000 0.000 0.000 0.000 0.000 0.000 0.000 0.000 0.000 0.000 0.000 0.000 0.000 0.000 0.000 0.000 0.000 0.000 0.000 0.000 0.000 0.000 0.000 0.000 0.000 0.000 0.000 0.000 0.000 0.000 0.000 0.000 0.000 0.000 0.000 0.000 0.000 0.000 0.000 0.000 0.000 0.000 0.000 0.000 0.000 0.000 0.000 0.000 0.000 0.000 0.000 0.001 0.001 0.003 0.005 0.007 0.008 0.007 0.005 0.003 0.004 0.006 0.010 0.013 0.013 0.013 0.014 0.012 0.008 0.007 0.010 0.014 0.015 0.019 0.027 0.034
0.000 0.000 0.000 0.000 0.000 0.000 0.000 0.000 0.000 0.000 0.000 0.000 0.000 0.000 0.000 0.000 0.000 0.000 0.000 0.000 0.000 0.000 0.000 0.000 0.000 0.000 0.000 0.000 0.000 0.000 0.000 0.000 0.000 0.000 0.000 0.000 0.000 0.000 0.000 0.000 0.000 0.000 0.000 0.000 0.000 0.000 0.000 0.000 0.000 0.000 0.000 0.000 0.001 0.001 0.002 0.004 0.006 0.007 0.009 0.008 0.005 0.002 0.003 0.005 0.010 0.014 0.016 0.017 0.016 0.014 0.012 0.012 0.014 0.014 0.016 0.020 0.027
0.000 0.000 0.000 0.000 0.000 0.000 0.000 0.000 0.000 0.000 0.000 0.000 0.000 0.000 0.000 0.000 0.000 0.000 0.000 0.000 0.000 0.000 0.000 0.000 0.000 0.000 0.000 0.000 0.000 0.000 0.000 0.000 0.000 0.000 0.000 0.000 0.000 0.000 0.000 0.000 0.000 0.000 0.000 0.000 0.000 0.000 0.000 0.000 0.000 0.000 0.000 0.000 0.000 0.001 0.001 0.003 0.005 0.007 0.009 0.011 0.010 0.004 0.002 0.002 0.003 0.009 0.016 0.019 0.019 0.018 0.017 0.017 0.017 0.015 0.015 0.017 0.021
0.000 0.000 0.000 0.000 0.000 0.000 0.000 0.000 0.000 0.000 0.000 0.000 0.000 0.000 0.000 0.000 0.000 0.000 0.000 0.000 0.000 0.000 0.000 0.000 0.000 0.000 0.000 0.000 0.000 0.000 0.000 0.000 0.000 0.000 0.000 0.000 0.000 0.000 0.000 0.000 0.000 0.000 0.000 0.000 0.000 0.000 0.000 0.000 0.000 0.000 0.000 0.000 0.000 0.000 0.001 0.002 0.004 0.006 0.008 0.011 0.013 0.009 0.003 0.001 0.001 0.002 0.006 0.013 0.019 0.020 0.019 0.020 0.020 0.018 0.016 0.016 0.018
