AvaFrame/avaframe/data/avaGar/Avaflow_Input_Output_sss/gar_results/alr_ascii/alr_hillshade0011.asc
ncols 130
nrows 97
xllcenter 247320.75
yllcenter 350697.47
cellsize 20.00
NODATA_value -9999.000
[rows 42 to 83 of 97, columns 0 to 95 of 130]
180 180 180 180 180 180 -179 249 253 248 245 237 212 185 47 106 50 19 -11 96 80 117 58 50 121 81 108 150 206 166 214 161 0 -16 33 107 111 136 140 135 134 103 105 119 165 181 196 199 215 219 222 228 235 228 205 160 158 167 180 208 213 217 220 220 228 209 52 -20 32 134 135 139 144 129 99 88 113 94 78 116 157 178 179 162 146 163 153 158 185 204 200 162 174 199 123 148
180 180 180 180 180 180 180 -179 100 196 181 181 159 165 175 138 104 32 9 23 71 118 190 73 84 196 124 68 119 145 172 193 156 22 23 73 97 130 152 128 135 112 68 86 113 136 151 167 183 198 204 220 234 239 238 236 205 209 213 221 222 226 229 233 227 221 196 85 23 104 133 142 147 146 132 111 107 101 66 84 110 153 168 179 166 158 157 155 161 174 205 202 173 199 158 143
180 180 180 180 180 180 180 180 -179 42 73 83 128 165 167 164 125 37 54 11 55 12 135 176 34 95 112 103 61 136 110 156 194 151 28 66 89 119 153 152 122 112 110 48 61 102 129 138 146 165 179 201 209 213 214 225 230 228 216 222 234 239 235 230 234 211 204 157 75 110 141 147 155 156 150 140 135 123 73 78 93 124 156 162 173 163 159 153 159 160 164 185 178 170 185 155
180 180 180 180 180 180 180 180 180 -179 165 151 172 182 151 159 161 82 39 49 46 46 40 158 125 60 91 109 79 131 139 111 161 195 112 24 75 101 139 167 159 116 124 114 32 3 67 126 144 153 167 177 186 164 168 190 203 181 176 184 202 217 206 198 197 197 200 195 108 117 169 166 170 174 170 153 152 150 107 75 87 98 134 153 157 164 160 148 147 153 147 145 166 153 204 165
180 180 180 180 180 180 180 180 180 180 -179 216 201 216 159 158 175 184 66 69 38 43 51 117 169 123 152 156 145 88 167 121 89 174 206 60 46 84 107 145 172 175 129 153 126 29 -18 87 129 143 156 152 157 164 164 151 153 148 163 153 131 154 176 179 157 185 203 204 161 100 163 176 177 190 208 205 180 164 146 95 85 88 101 119 145 151 152 149 139 142 150 166 173 147 165 185
180 180 180 180 180 180 180 180 180 180 180 -179 184 151 171 163 157 181 175 74 46 42 50 91 179 195 183 174 167 96 90 154 58 123 193 155 36 57 92 96 140 162 176 173 176 159 4 38 85 83 132 135 139 164 146 125 132 166 174 175 146 111 146 163 170 187 189 184 190 120 129 168 173 170 196 229 219 200 177 141 104 94 96 95 117 149 150 141 134 147 161 179 181 157 124 193
180 180 180 180 180 180 180 180 180 180 180 180 -179 -126 167 157 158 139 203 173 107 20 58 76 125 180 210 209 179 180 73 119 82 -6 78 200 96 33 47 65 100 134 139 156 163 169 63 8 39 56 86 106 105 94 105 112 127 154 156 154 150 137 124 162 179 191 169 154 179 171 107 158 167 161 139 194 223 222 207 187 147 119 109 115 95 117 141 138 125 133 149 157 157 147 117 178
180 180 180 180 180 180 180 180 180 180 180 180 180 180 -179 165 164 139 131 199 194 73 19 59 73 112 163 192 211 200 185 132 136 23 -41 15 149 89 34 27 56 107 108 117 126 149 131 18 0 15 19 20 58 66 72 85 94 96 128 132 130 139 129 147 185 182 158 155 129 176 137 126 160 162 142 125 191 216 223 216 190 163 136 129 118 97 107 123 137 121 110 130 138 148 119 133
180 180 180 180 180 180 180 180 180 180 180 180 180 180 180 -179 187 174 125 128 150 149 17 14 33 67 113 111 194 194 208 180 184 180 71 -46 6 101 127 27 35 79 101 103 145 135 151 95 27 6 31 -15 -11 50 84 72 78 87 112 135 147 132 121 111 145 139 159 161 127 138 174 122 150 156 156 126 137 182 211 226 227 211 188 155 144 127 111 114 127 121 98 97 126 144 128 110
180 180 180 180 180 180 180 180 180 180 180 180 180 180 180 180 -179 216 199 149 126 153 116 9 3 20 104 69 105 172 175 183 200 205 177 74 -25 8 108 120 13 50 126 84 72 117 127 127 103 17 59 39 -21 14 40 79 67 74 93 109 142 159 137 98 96 119 159 151 131 122 158 165 128 160 155 147 136 152 171 195 218 221 219 198 172 167 148 124 109 112 116 103 118 135 139 99
180 180 180 180 180 180 180 180 180 180 180 180 180 180 180 180 180 -179 216 210 188 173 197 131 25 -6 26 84 27 111 159 163 156 162 179 169 19 0 -13 86 71 -26 75 125 59 54 86 116 134 66 82 110 27 30 33 56 67 61 77 96 121 155 184 172 134 156 165 176 143 114 132 172 146 143 159 149 144 143 152 154 165 184 200 207 188 174 179 164 137 131 137 137 137 133 151 122
180 180 180 180 180 180 180 180 180 180 180 180 180 180 180 180 180 180 -179 222 232 230 226 217 151 60 17 62 38 28 132 165 166 159 165 172 98 12 -2 -19 70 29 -40 60 127 80 55 56 98 101 115 132 98 72 91 72 80 75 73 95 88 116 156 194 211 202 181 183 162 110 122 145 174 140 162 155 148 143 136 142 143 149 153 171 189 183 180 183 182 173 163 154 151 144 141 148
180 180 180 180 180 180 180 180 180 180 180 180 180 180 180 180 180 180 180 -179 222 235 224 220 223 185 149 90 80 24 52 145 169 173 174 178 181 95 18 6 -15 113 53 8 79 109 115 85 96 118 105 124 124 103 122 113 113 116 87 96 97 79 93 123 178 189 184 177 172 123 114 135 155 163 146 172 155 161 155 148 146 147 148 153 174 187 188 189 192 189 173 160 150 153 147 149
180 180 180 180 180 180 180 180 180 180 180 180 180 180 180 180 180 180 180 180 -179 -126 141 197 220 234 231 212 199 129 21 112 152 186 202 211 215 217 156 72 5 -21 78 137 82 98 94 150 176 187 150 131 134 114 121 133 129 114 134 110 131 117 89 83 121 162 179 181 186 142 114 131 133 160 158 160 168 170 179 182 183 185 189 188 182 185 191 196 200 199 182 166 158 155 158 154
180 180 180 180 180 180 180 180 180 180 180 180 180 180 180 180 180 180 180 180 180 180 -179 103 170 199 213 218 242 225 132 41 141 187 206 214 226 242 234 194 146 13 -41 52 163 158 122 88 131 165 180 155 123 118 127 137 139 112 105 99 90 126 115 81 96 154 175 181 186 161 117 126 132 130 159 160 170 171 180 186 193 205 212 212 213 208 201 205 201 205 198 180 164 156 155 158
180 180 180 180 180 180 180 180 180 180 180 180 180 180 180 180 180 180 180 180 180 180 180 -179 113 121 122 164 155 187 207 88 23 81 117 121 168 191 220 227 221 193 48 -60 57 193 202 152 95 112 149 160 131 111 119 145 150 153 119 112 71 81 108 95 60 136 168 176 185 177 130 127 127 129 140 155 168 174 176 186 187 191 196 199 208 206 202 203 207 206 200 191 176 162 155 153
180 180 180 180 180 180 180 180 180 180 180 180 180 180 180 180 180 180 180 180 180 180 180 180 -179 125 101 119 113 148 184 198 137 83 109 113 104 78 131 194 236 232 215 69 -62 45 182 184 146 76 92 123 119 113 97 130 166 162 156 158 139 101 102 115 57 86 160 176 178 192 148 133 132 119 135 146 152 170 172 184 194 188 193 200 192 192 192 185 195 194 191 189 182 166 161 160
180 180 180 180 180 180 180 180 180 180 180 180 180 180 180 180 180 180 180 180 180 180 180 180 180 -179 158 120 142 123 146 206 229 166 190 231 212 204 177 153 180 206 208 211 62 -57 58 114 154 108 64 82 90 97 92 98 157 193 180 163 171 157 136 130 93 55 116 168 170 173 167 139 146 122 119 143 144 154 171 166 192 201 191 193 200 201 197 190 186 181 182 181 185 170 164 159
180 180 180 180 180 180 180 180 180 180 180 180 180 180 180 180 180 180 180 180 180 180 180 180 180 180 -179 131 128 131 89 102 139 158 79 155 219 243 244 225 178 179 169 112 154 12 -15 86 110 157 127 113 107 94 98 88 97 182 199 187 169 171 160 152 139 65 76 127 165 157 149 130 149 147 120 132 147 141 155 170 163 191 203 191 190 201 204 200 190 186 182 180 184 177 169 162
180 180 180 180 180 180 180 180 180 180 180 180 180 180 180 180 180 180 180 180 180 180 180 180 180 180 180 -179 -126 128 125 104 101 138 91 15 71 127 115 176 205 184 173 150 143 119 -14 87 119 167 183 161 153 107 102 102 70 100 187 204 192 172 167 163 162 108 71 89 143 160 147 118 126 155 148 127 147 146 139 160 173 158 182 202 199 187 195 202 198 192 185 182 182 182 169 167
180 180 180 180 180 180 180 180 180 180 180 180 180 180 180 180 180 180 180 180 180 180 180 180 180 180 180 180 180 -179 136 152 167 128 148 80 15 79 96 70 87 167 180 213 206 199 54 16 99 123 141 149 161 145 101 113 97 62 118 194 218 210 186 164 164 169 110 78 115 154 157 129 120 137 156 139 138 149 142 129 164 169 156 179 197 204 193 199 201 196 190 184 181 176 169 165
180 180 180 180 180 180 180 180 180 180 180 180 180 180 180 180 180 180 180 180 180 180 180 180 180 180 180 180 180 180 -179 106 146 172 168 155 75 25 89 93 54 86 166 208 221 216 186 53 75 119 135 154 147 165 137 113 120 78 64 118 201 225 214 190 164 172 164 115 89 129 156 137 127 136 152 162 145 152 148 135 137 167 158 158 173 186 194 191 201 198 199 186 182 176 170 165
180 180 180 180 180 180 180 180 180 180 180 180 180 180 180 180 180 180 180 180 180 180 180 180 180 180 180 180 180 180 180 -179 117 160 181 173 172 115 94 121 135 73 118 169 185 180 196 176 134 131 166 198 193 170 165 133 136 114 70 62 112 208 224 222 201 169 173 165 135 115 125 133 118 133 140 161 163 156 157 147 139 155 169 149 162 170 177 176 190 194 191 192 186 187 178 169
180 180 180 180 180 180 180 180 180 180 180 180 180 180 180 180 180 180 180 180 180 180 180 180 180 180 180 180 180 180 180 180 -179 171 190 212 214 212 205 207 205 173 143 137 141 166 202 227 211 178 148 144 188 192 191 167 151 154 116 67 52 127 217 234 227 210 188 175 172 174 150 124 113 129 131 139 160 163 159 158 140 151 170 170 155 168 166 169 173 194 190 189 188 190 185 172
180 180 180 180 180 180 180 180 180 180 180 180 180 180 180 180 180 180 180 180 180 180 180 180 180 180 180 180 180 180 180 180 180 -179 220 231 239 238 235 238 237 242 240 229 227 235 235 227 228 243 232 191 150 153 149 148 160 173 165 127 64 48 128 212 229 234 231 210 175 175 190 153 121 129 135 144 151 166 157 163 153 146 159 175 179 173 171 165 157 170 189 192 189 188 204 181
180 180 180 180 180 180 180 180 180 180 180 180 180 180 180 180 180 180 180 180 180 180 180 180 180 180 180 180 180 180 180 180 180 180 -179 -126 235 243 241 242 244 248 250 252 254 253 251 248 248 250 249 248 229 223 210 183 143 142 188 174 128 63 53 119 192 213 222 221 211 183 179 167 131 130 136 141 150 166 168 156 165 156 147 162 174 176 183 182 171 162 171 184 188 175 203 200
180 180 180 180 180 180 180 180 180 180 180 180 180 180 180 180 180 180 180 180 180 180 180 180 180 180 180 180 180 180 180 180 180 180 180 180 -179 235 230 233 237 240 245 251 250 252 253 253 252 249 244 244 254 253 254 250 226 166 135 195 176 138 78 69 132 163 179 190 200 193 178 179 149 130 140 137 147 154 172 169 163 165 160 161 169 178 181 176 186 187 177 177 182 176 171 195
180 180 180 180 180 180 180 180 180 180 180 180 180 180 180 180 180 180 180 180 180 180 180 180 180 180 180 180 180 180 180 180 180 180 180 180 180 -179 221 218 226 229 229 236 240 248 252 250 245 242 242 241 244 254 252 250 250 242 173 136 199 178 152 97 102 148 161 175 178 179 178 181 168 148 137 141 148 153 157 167 173 161 168 161 174 177 186 176 168 182 188 182 181 184 178 185
180 180 180 180 180 180 180 180 180 180 180 180 180 180 180 180 180 180 180 180 180 180 180 180 180 180 180 180 180 180 180 180 180 180 180 180 180 180 -179 218 228 235 236 228 238 241 238 230 232 237 241 242 227 241 247 246 246 243 241 170 146 190 179 166 123 141 154 171 186 195 193 189 180 161 151 142 146 158 161 158 170 168 160 156 161 177 178 184 166 168 178 181 180 179 179 189
180 180 180 180 180 180 180 180 180 180 180 180 180 180 180 180 180 180 180 180 180 180 180 180 180 180 180 180 180 180 180 180 180 180 180 180 180 180 180 -179 218 232 226 227 229 231 219 218 224 225 227 230 224 224 234 236 238 238 236 236 162 154 189 187 174 159 181 187 191 204 207 200 197 178 167 154 147 161 159 170 163 176 176 168 158 173 179 184 175 167 175 176 172 171 182 179
180 180 180 180 180 180 180 180 180 180 180 180 180 180 180 180 180 180 180 180 180 180 180 180 180 180 180 180 180 180 180 180 180 180 180 180 180 180 180 180 -179 205 208 216 212 212 208 215 209 204 208 217 211 205 213 222 230 231 236 240 237 174 155 172 181 161 173 201 205 202 207 206 204 195 182 170 156 161 173 165 167 159 177 177 168 165 176 181 183 172 173 174 176 175 177 186
180 180 180 180 180 180 180 180 180 180 180 180 180 180 180 180 180 180 180 180 180 180 180 180 180 180 180 180 180 180 180 180 180 180 180 180 180 180 180 180 180 -179 222 222 205 195 198 211 200 196 204 208 198 192 197 208 208 220 227 230 236 226 201 187 192 191 170 172 191 207 204 204 205 203 196 188 179 162 175 177 172 165 165 176 173 167 172 178 178 174 171 182 180 182 181 182
180 180 180 180 180 180 180 180 180 180 180 180 180 180 180 180 180 180 180 180 180 180 180 180 180 180 180 180 180 180 180 180 180 180 180 180 180 180 180 180 180 180 -179 -126 175 170 194 201 194 191 203 208 193 182 195 198 190 194 197 196 199 211 216 211 202 203 197 183 178 190 206 201 208 212 207 201 194 192 176 185 185 178 173 178 180 180 178 180 179 176 176 177 187 181 181 183
180 180 180 180 180 180 180 180 180 180 180 180 180 180 180 180 180 180 180 180 180 180 180 180 180 180 180 180 180 180 180 180 180 180 180 180 180 180 180 180 180 180 180 180 -179 134 168 189 192 193 191 203 196 183 189 182 178 177 189 187 175 174 202 190 194 195 189 190 188 176 192 197 196 206 210 203 194 193 193 188 191 185 180 182 181 183 182 184 192 179 182 181 182 183 180 182
180 180 180 180 180 180 180 180 180 180 180 180 180 180 180 180 180 180 180 180 180 180 180 180 180 180 180 180 180 180 180 180 180 180 180 180 180 180 180 180 180 180 180 180 180 -179 129 167 192 193 186 186 187 187 180 173 172 174 185 186 181 152 170 208 203 199 200 195 188 180 179 189 185 186 195 193 188 187 188 192 191 189 186 186 187 187 186 185 182 192 180 182 181 183 183 181
180 180 180 180 180 180 180 180 180 180 180 180 180 180 180 180 180 180 180 180 180 180 180 180 180 180 180 180 180 180 180 180 180 180 180 180 180 180 180 180 180 180 180 180 180 180 -179 118 170 181 177 165 160 175 161 167 168 167 170 189 191 170 107 157 193 193 199 200 199 195 187 184 183 182 183 187 181 181 184 184 191 191 189 188 188 188 189 201 184 182 185 186 185 180 181 179
180 180 180 180 180 180 180 180 180 180 180 180 180 180 180 180 180 180 180 180 180 180 180 180 180 180 180 180 180 180 180 180 180 180 180 180 180 180 180 180 180 180 180 180 180 180 180 -179 -126 169 167 153 144 145 144 154 156 152 153 180 200 188 144 115 138 155 183 204 198 193 194 187 184 182 180 189 182 173 180 180 184 190 187 190 190 189 181 181 197 184 184 184 185 182 180 177
180 180 180 180 180 180 180 180 180 180 180 180 180 180 180 180 180 180 180 180 180 180 180 180 180 180 180 180 180 180 180 180 180 180 180 180 180 180 180 180 180 180 180 180 180 180 180 180 180 -179 -126 -126 153 131 138 144 145 140 148 155 185 203 176 160 147 135 128 170 186 178 184 186 184 180 178 183 188 179 171 177 176 187 192 195 187 190 182 182 180 183 184 183 182 180 177 179
180 180 180 180 180 180 180 180 180 180 180 180 180 180 180 180 180 180 180 180 180 180 180 180 180 180 180 180 180 180 180 180 180 180 180 180 180 180 180 180 180 180 180 180 180 180 180 180 180 180 180 180 -179 -126 144 146 146 141 142 144 165 194 194 171 175 173 144 121 146 167 172 180 180 181 178 174 183 187 176 173 173 171 167 185 189 189 177 184 189 184 186 186 184 183 177 173
180 180 180 180 180 180 180 180 180 180 180 180 180 180 180 180 180 180 180 180 180 180 180 180 180 180 180 180 180 180 180 180 180 180 180 180 180 180 180 180 180 180 180 180 180 180 180 180 180 180 180 180 180 180 -179 -126 164 168 156 153 160 181 201 192 173 185 181 155 134 151 165 173 176 180 181 171 169 182 184 173 176 182 172 159 179 187 185 172 184 185 184 188 188 185 182 171
180 180 180 180 180 180 180 180 180 180 180 180 180 180 180 180 180 180 180 180 180 180 180 180 180 180 180 180 180 180 180 180 180 180 180 180 180 180 180 180 180 180 180 180 180 180 180 180 180 180 180 180 180 180 180 180 -179 -126 177 172 164 175 189 204 187 170 168 178 159 148 157 172 173 174 179 175 166 167 181 178 173 176 188 181 180 188 185 176 178 182 185 187 191 187 186 173
180 180 180 180 180 180 180 180 180 180 180 180 180 180 180 180 180 180 180 180 180 180 180 180 180 180 180 180 180 180 180 180 180 180 180 180 180 180 180 180 180 180 180 180 180 180 180 180 180 180 180 180 180 180 180 180 180 180 -179 -126 -126 165 173 180 193 174 160 158 164 154 157 168 177 174 177 175 169 165 173 180 176 175 181 182 181 185 184 177 180 177 182 189 193 189 191 179
