AvaFrame/avaframe/data/avaGar/Avaflow_Input_Output_sss/gar_results/alr_ascii/alr_hflow10010.asc
ncols 130
nrows 97
xllcenter 247320.75
yllcenter 350697.47
cellsize 20.00
NODATA_value -9999.000
[rows 34 to 67 of 97, columns 0 to 76 of 130]
0.000 0.000 0.000 0.000 0.000 0.000 0.000 0.000 0.000 0.000 0.000 0.000 0.000 0.000 0.000 0.000 0.000 0.001 0.001 0.001 0.001 0.001 0.001 0.001 0.001 0.001 0.000 0.001 0.001 0.001 0.001 0.001 0.001 0.001 0.001 0.002 0.003 0.003 0.003 0.004 0.006 0.011 0.017 0.018 0.015 0.015 0.021 0.040 0.081 0.120 0.144 0.154 0.158 0.169 0.187 0.196 0.175 0.113 0.062 0.036 0.014 0.005 0.004 0.004 0.004 0.005 0.005 0.005 0.005 0.004 0.003 0.002 0.001 0.001 0.001 0.000 0.000
0.000 0.000 0.000 0.000 0.000 0.000 0.000 0.000 0.000 0.000 0.000 0.000 0.000 0.001 0.001 0.001 0.001 0.001 0.001 0.002 0.003 0.002 0.002 0.001 0.001 0.001 0.000 0.001 0.000 0.001 0.001 0.001 0.001 0.001 0.002 0.003 0.003 0.003 0.002 0.002 0.002 0.003 0.005 0.007 0.011 0.019 0.030 0.044 0.059 0.069 0.086 0.118 0.144 0.149 0.143 0.154 0.188 0.209 0.171 0.102 0.049 0.013 0.005 0.004 0.004 0.005 0.005 0.006 0.006 0.005 0.004 0.003 0.002 0.002 0.001 0.001 0.000
0.000 0.000 0.000 0.000 0.000 0.000 0.000 0.000 0.000 0.000 0.000 0.000 0.000 0.001 0.002 0.001 0.001 0.001 0.001 0.002 0.004 0.006 0.005 0.002 0.001 0.001 0.001 0.001 0.001 0.001 0.001 0.001 0.002 0.002 0.003 0.004 0.004 0.004 0.003 0.002 0.002 0.002 0.003 0.006 0.011 0.021 0.033 0.039 0.035 0.025 0.021 0.024 0.031 0.033 0.029 0.028 0.050 0.119 0.188 0.193 0.144 0.065 0.009 0.004 0.004 0.005 0.005 0.006 0.006 0.006 0.006 0.006 0.004 0.003 0.002 0.001 0.001
0.000 0.000 0.000 0.000 0.000 0.000 0.000 0.000 0.000 0.000 0.000 0.000 0.001 0.001 0.003 0.003 0.001 0.001 0.001 0.002 0.004 0.006 0.008 0.007 0.004 0.002 0.001 0.001 0.001 0.001 0.001 0.001 0.001 0.002 0.002 0.002 0.003 0.004 0.004 0.003 0.002 0.003 0.004 0.008 0.012 0.015 0.017 0.018 0.017 0.013 0.010 0.009 0.009 0.010 0.009 0.009 0.009 0.016 0.071 0.165 0.213 0.176 0.067 0.005 0.004 0.004 0.005 0.006 0.007 0.007 0.007 0.007 0.006 0.004 0.003 0.002 0.001
0.000 0.000 0.000 0.000 0.000 0.000 0.000 0.000 0.000 0.000 0.000 0.001 0.001 0.001 0.003 0.004 0.002 0.001 0.001 0.001 0.002 0.003 0.007 0.010 0.010 0.007 0.004 0.003 0.002 0.001 0.001 0.001 0.001 0.001 0.001 0.001 0.002 0.003 0.004 0.004 0.004 0.005 0.007 0.010 0.012 0.011 0.009 0.009 0.008 0.007 0.006 0.005 0.004 0.004 0.004 0.004 0.005 0.006 0.012 0.051 0.139 0.218 0.187 0.046 0.003 0.003 0.004 0.005 0.006 0.008 0.008 0.008 0.007 0.006 0.004 0.003 0.002
0.000 0.000 0.000 0.000 0.000 0.000 0.000 0.000 0.000 0.000 0.000 0.000 0.001 0.001 0.002 0.005 0.004 0.001 0.001 0.001 0.001 0.001 0.003 0.007 0.011 0.014 0.012 0.010 0.006 0.002 0.001 0.001 0.001 0.001 0.001 0.001 0.002 0.002 0.003 0.004 0.005 0.006 0.008 0.011 0.012 0.011 0.007 0.006 0.005 0.005 0.005 0.004 0.003 0.003 0.003 0.003 0.004 0.004 0.006 0.013 0.043 0.135 0.245 0.165 0.024 0.003 0.003 0.003 0.005 0.007 0.008 0.009 0.008 0.007 0.005 0.004 0.002
0.000 0.000 0.000 0.000 0.000 0.000 0.000 0.000 0.000 0.000 0.000 0.000 0.000 0.001 0.001 0.004 0.004 0.002 0.001 0.001 0.001 0.001 0.001 0.003 0.005 0.009 0.013 0.016 0.014 0.010 0.005 0.003 0.001 0.001 0.001 0.001 0.002 0.003 0.004 0.005 0.005 0.006 0.007 0.008 0.010 0.009 0.007 0.005 0.005 0.005 0.005 0.005 0.004 0.004 0.004 0.004 0.004 0.004 0.004 0.006 0.016 0.058 0.179 0.271 0.148 0.028 0.003 0.003 0.004 0.006 0.007 0.009 0.009 0.009 0.007 0.005 0.003
0.000 0.000 0.000 0.000 0.000 0.000 0.000 0.000 0.000 0.000 0.000 0.000 0.000 0.000 0.001 0.003 0.004 0.002 0.001 0.001 0.001 0.001 0.001 0.002 0.002 0.004 0.006 0.010 0.015 0.017 0.013 0.010 0.004 0.002 0.001 0.002 0.002 0.003 0.004 0.005 0.005 0.006 0.006 0.005 0.005 0.006 0.006 0.006 0.006 0.006 0.007 0.008 0.009 0.009 0.008 0.006 0.005 0.004 0.004 0.005 0.010 0.026 0.084 0.224 0.288 0.177 0.049 0.006 0.004 0.005 0.007 0.009 0.010 0.010 0.009 0.006 0.004
0.000 0.000 0.000 0.000 0.000 0.000 0.000 0.000 0.000 0.000 0.000 0.000 0.000 0.000 0.001 0.002 0.003 0.002 0.001 0.001 0.001 0.001 0.001 0.002 0.002 0.003 0.004 0.005 0.008 0.011 0.015 0.017 0.013 0.005 0.002 0.002 0.002 0.003 0.004 0.005 0.006 0.007 0.006 0.004 0.004 0.005 0.005 0.005 0.005 0.006 0.007 0.008 0.011 0.013 0.014 0.014 0.011 0.008 0.007 0.008 0.011 0.016 0.028 0.083 0.220 0.331 0.246 0.088 0.009 0.006 0.007 0.009 0.011 0.012 0.011 0.008 0.006
0.000 0.000 0.000 0.000 0.000 0.000 0.000 0.000 0.000 0.000 0.000 0.000 0.000 0.000 0.000 0.001 0.002 0.002 0.001 0.001 0.001 0.001 0.001 0.002 0.002 0.003 0.004 0.004 0.005 0.007 0.011 0.015 0.018 0.013 0.006 0.003 0.003 0.003 0.004 0.005 0.006 0.007 0.006 0.005 0.004 0.004 0.005 0.005 0.005 0.005 0.005 0.006 0.007 0.009 0.012 0.014 0.015 0.013 0.012 0.011 0.012 0.013 0.016 0.023 0.059 0.181 0.314 0.283 0.102 0.013 0.010 0.011 0.012 0.013 0.013 0.011 0.009
0.000 0.000 0.000 0.000 0.000 0.000 0.000 0.000 0.000 0.000 0.000 0.000 0.000 0.000 0.000 0.000 0.000 0.001 0.000 0.000 0.000 0.001 0.001 0.002 0.003 0.003 0.003 0.004 0.005 0.006 0.009 0.012 0.016 0.019 0.015 0.007 0.004 0.004 0.004 0.005 0.006 0.007 0.007 0.006 0.005 0.005 0.005 0.005 0.005 0.005 0.005 0.005 0.005 0.005 0.005 0.006 0.009 0.011 0.011 0.010 0.009 0.009 0.008 0.009 0.014 0.034 0.146 0.324 0.281 0.072 0.024 0.018 0.016 0.016 0.015 0.014 0.012
0.000 0.000 0.000 0.000 0.000 0.000 0.000 0.000 0.000 0.000 0.000 0.000 0.000 0.000 0.000 0.000 0.000 0.000 0.000 0.000 0.000 0.000 0.001 0.002 0.003 0.003 0.003 0.004 0.006 0.007 0.008 0.011 0.013 0.017 0.020 0.015 0.007 0.004 0.004 0.004 0.006 0.007 0.008 0.008 0.007 0.006 0.005 0.005 0.005 0.005 0.006 0.006 0.005 0.004 0.004 0.004 0.004 0.005 0.006 0.007 0.006 0.005 0.005 0.005 0.006 0.012 0.041 0.183 0.353 0.206 0.064 0.037 0.026 0.021 0.020 0.019 0.019
0.000 0.000 0.000 0.000 0.000 0.000 0.000 0.000 0.000 0.000 0.000 0.000 0.000 0.000 0.000 0.000 0.000 0.000 0.000 0.000 0.000 0.000 0.000 0.001 0.002 0.003 0.003 0.004 0.006 0.007 0.008 0.010 0.012 0.014 0.019 0.022 0.014 0.006 0.004 0.004 0.005 0.007 0.008 0.009 0.010 0.011 0.008 0.005 0.005 0.006 0.006 0.006 0.005 0.005 0.004 0.003 0.003 0.004 0.005 0.006 0.005 0.004 0.004 0.004 0.005 0.008 0.019 0.076 0.270 0.297 0.151 0.072 0.046 0.033 0.032 0.036 0.038
0.000 0.000 0.000 0.000 0.000 0.000 0.000 0.000 0.000 0.000 0.000 0.000 0.000 0.000 0.000 0.000 0.000 0.000 0.000 0.000 0.000 0.000 0.000 0.000 0.001 0.002 0.003 0.004 0.006 0.007 0.008 0.009 0.012 0.012 0.014 0.021 0.020 0.009 0.005 0.004 0.005 0.006 0.007 0.008 0.010 0.014 0.015 0.007 0.005 0.006 0.006 0.006 0.005 0.005 0.004 0.003 0.003 0.003 0.004 0.005 0.005 0.005 0.004 0.004 0.005 0.007 0.012 0.035 0.147 0.297 0.242 0.127 0.079 0.054 0.043 0.041 0.045
0.000 0.000 0.000 0.000 0.000 0.000 0.000 0.000 0.000 0.000 0.000 0.000 0.000 0.000 0.000 0.000 0.000 0.000 0.000 0.000 0.000 0.000 0.000 0.000 0.000 0.001 0.001 0.003 0.004 0.006 0.007 0.009 0.011 0.011 0.010 0.015 0.020 0.013 0.006 0.005 0.005 0.005 0.006 0.007 0.009 0.013 0.019 0.012 0.006 0.006 0.006 0.005 0.005 0.004 0.003 0.003 0.003 0.003 0.003 0.004 0.005 0.005 0.005 0.005 0.005 0.006 0.009 0.020 0.063 0.221 0.282 0.195 0.124 0.085 0.059 0.040 0.038
0.000 0.000 0.000 0.000 0.000 0.000 0.000 0.000 0.000 0.000 0.000 0.000 0.000 0.000 0.000 0.000 0.000 0.000 0.000 0.000 0.000 0.000 0.000 0.000 0.000 0.000 0.000 0.001 0.002 0.004 0.006 0.007 0.010 0.012 0.011 0.010 0.013 0.014 0.009 0.007 0.005 0.004 0.005 0.006 0.007 0.011 0.018 0.016 0.012 0.008 0.006 0.005 0.004 0.003 0.003 0.003 0.002 0.002 0.002 0.003 0.004 0.005 0.005 0.005 0.005 0.005 0.007 0.014 0.036 0.123 0.256 0.241 0.169 0.127 0.093 0.056 0.036
0.000 0.000 0.000 0.000 0.000 0.000 0.000 0.000 0.000 0.000 0.000 0.000 0.000 0.000 0.000 0.000 0.000 0.000 0.000 0.000 0.000 0.000 0.000 0.000 0.000 0.000 0.000 0.000 0.000 0.001 0.002 0.004 0.007 0.010 0.013 0.012 0.009 0.009 0.010 0.009 0.006 0.004 0.004 0.005 0.006 0.009 0.014 0.018 0.019 0.012 0.007 0.005 0.004 0.003 0.002 0.002 0.002 0.002 0.002 0.002 0.003 0.004 0.005 0.005 0.004 0.004 0.006 0.011 0.024 0.060 0.173 0.248 0.213 0.168 0.135 0.096 0.052
0.000 0.000 0.000 0.000 0.000 0.000 0.000 0.000 0.000 0.000 0.000 0.000 0.000 0.000 0.000 0.000 0.000 0.000 0.000 0.000 0.000 0.000 0.000 0.000 0.000 0.000 0.000 0.000 0.000 0.000 0.001 0.001 0.003 0.005 0.011 0.013 0.009 0.006 0.007 0.008 0.006 0.004 0.004 0.004 0.005 0.007 0.010 0.016 0.021 0.017 0.010 0.008 0.005 0.003 0.002 0.002 0.002 0.002 0.002 0.002 0.002 0.003 0.004 0.004 0.004 0.004 0.005 0.009 0.018 0.039 0.094 0.198 0.228 0.199 0.173 0.144 0.094
0.000 0.000 0.000 0.000 0.000 0.000 0.000 0.000 0.000 0.000 0.000 0.000 0.000 0.000 0.000 0.000 0.000 0.000 0.000 0.000 0.000 0.000 0.000 0.000 0.000 0.000 0.000 0.000 0.000 0.000 0.000 0.000 0.001 0.002 0.005 0.009 0.008 0.005 0.005 0.005 0.006 0.004 0.003 0.003 0.004 0.006 0.008 0.013 0.018 0.018 0.014 0.011 0.007 0.003 0.002 0.002 0.002 0.002 0.001 0.002 0.002 0.002 0.003 0.004 0.004 0.004 0.005 0.007 0.014 0.029 0.055 0.123 0.206 0.215 0.199 0.180 0.145
0.000 0.000 0.000 0.000 0.000 0.000 0.000 0.000 0.000 0.000 0.000 0.000 0.000 0.000 0.000 0.000 0.000 0.000 0.000 0.000 0.000 0.000 0.000 0.000 0.000 0.000 0.000 0.000 0.000 0.000 0.000 0.000 0.000 0.001 0.001 0.003 0.004 0.004 0.003 0.003 0.004 0.004 0.003 0.003 0.003 0.005 0.007 0.010 0.014 0.016 0.015 0.012 0.009 0.005 0.003 0.002 0.001 0.001 0.001 0.001 0.001 0.001 0.002 0.002 0.003 0.004 0.004 0.006 0.011 0.023 0.040 0.070 0.145 0.204 0.208 0.202 0.183
0.000 0.000 0.000 0.000 0.000 0.000 0.000 0.000 0.000 0.000 0.000 0.000 0.000 0.000 0.000 0.000 0.000 0.000 0.000 0.000 0.000 0.000 0.000 0.000 0.000 0.000 0.000 0.000 0.000 0.000 0.000 0.000 0.000 0.000 0.000 0.001 0.001 0.002 0.002 0.002 0.002 0.002 0.002 0.002 0.002 0.003 0.005 0.007 0.010 0.013 0.013 0.012 0.009 0.005 0.003 0.002 0.001 0.001 0.001 0.001 0.001 0.001 0.001 0.001 0.002 0.002 0.003 0.004 0.008 0.019 0.034 0.048 0.084 0.155 0.197 0.206 0.202
0.000 0.000 0.000 0.000 0.000 0.000 0.000 0.000 0.000 0.000 0.000 0.000 0.000 0.000 0.000 0.000 0.000 0.000 0.000 0.000 0.000 0.000 0.000 0.000 0.000 0.000 0.000 0.000 0.000 0.000 0.000 0.000 0.000 0.000 0.000 0.000 0.000 0.000 0.000 0.000 0.001 0.001 0.001 0.001 0.001 0.002 0.003 0.005 0.007 0.008 0.009 0.009 0.008 0.005 0.003 0.001 0.001 0.000 0.000 0.000 0.000 0.000 0.000 0.001 0.001 0.001 0.002 0.003 0.006 0.015 0.029 0.038 0.054 0.095 0.156 0.191 0.201
0.000 0.000 0.000 0.000 0.000 0.000 0.000 0.000 0.000 0.000 0.000 0.000 0.000 0.000 0.000 0.000 0.000 0.000 0.000 0.000 0.000 0.000 0.000 0.000 0.000 0.000 0.000 0.000 0.000 0.000 0.000 0.000 0.000 0.000 0.000 0.000 0.000 0.000 0.000 0.000 0.000 0.000 0.000 0.000 0.001 0.001 0.002 0.002 0.003 0.003 0.004 0.005 0.005 0.004 0.002 0.001 0.000 0.000 0.000 0.000 0.000 0.000 0.000 0.000 0.001 0.001 0.001 0.002 0.004 0.011 0.024 0.032 0.041 0.061 0.101 0.151 0.189
0.000 0.000 0.000 0.000 0.000 0.000 0.000 0.000 0.000 0.000 0.000 0.000 0.000 0.000 0.000 0.000 0.000 0.000 0.000 0.000 0.000 0.000 0.000 0.000 0.000 0.000 0.000 0.000 0.000 0.000 0.000 0.000 0.000 0.000 0.000 0.000 0.000 0.000 0.000 0.000 0.000 0.000 0.000 0.000 0.000 0.000 0.001 0.001 0.001 0.001 0.002 0.002 0.002 0.002 0.001 0.000 0.000 0.000 0.000 0.000 0.000 0.000 0.000 0.000 0.000 0.001 0.001 0.001 0.003 0.007 0.017 0.026 0.035 0.048 0.069 0.107 0.160
0.000 0.000 0.000 0.000 0.000 0.000 0.000 0.000 0.000 0.000 0.000 0.000 0.000 0.000 0.000 0.000 0.000 0.000 0.000 0.000 0.000 0.000 0.000 0.000 0.000 0.000 0.000 0.000 0.000 0.000 0.000 0.000 0.000 0.000 0.000 0.000 0.000 0.000 0.000 0.000 0.000 0.000 0.000 0.000 0.000 0.000 0.000 0.000 0.000 0.000 0.000 0.001 0.001 0.000 0.000 0.000 0.000 0.000 0.000 0.000 0.000 0.000 0.000 0.000 0.000 0.000 0.001 0.001 0.002 0.004 0.010 0.019 0.029 0.042 0.054 0.075 0.118
0.000 0.000 0.000 0.000 0.000 0.000 0.000 0.000 0.000 0.000 0.000 0.000 0.000 0.000 0.000 0.000 0.000 0.000 0.000 0.000 0.000 0.000 0.000 0.000 0.000 0.000 0.000 0.000 0.000 0.000 0.000 0.000 0.000 0.000 0.000 0.000 0.000 0.000 0.000 0.000 0.000 0.000 0.000 0.000 0.000 0.000 0.000 0.000 0.000 0.000 0.000 0.000 0.000 0.000 0.000 0.000 0.000 0.000 0.000 0.000 0.000 0.000 0.000 0.000 0.000 0.000 0.000 0.001 0.001 0.002 0.006 0.012 0.022 0.037 0.046 0.056 0.076
0.000 0.000 0.000 0.000 0.000 0.000 0.000 0.000 0.000 0.000 0.000 0.000 0.000 0.000 0.000 0.000 0.000 0.000 0.000 0.000 0.000 0.000 0.000 0.000 0.000 0.000 0.000 0.000 0.000 0.000 0.000 0.000 0.000 0.000 0.000 0.000 0.000 0.000 0.000 0.000 0.000 0.000 0.000 0.000 0.000 0.000 0.000 0.000 0.000 0.000 0.000 0.000 0.000 0.000 0.000 0.000 0.000 0.000 0.000 0.000 0.000 0.000 0.000 0.000 0.000 0.000 0.000 0.001 0.001 0.001 0.003 0.007 0.015 0.030 0.043 0.048 0.056
0.000 0.000 0.000 0.000 0.000 0.000 0.000 0.000 0.000 0.000 0.000 0.000 0.000 0.000 0.000 0.000 0.000 0.000 0.000 0.000 0.000 0.000 0.000 0.000 0.000 0.000 0.000 0.000 0.000 0.000 0.000 0.000 0.000 0.000 0.000 0.000 0.000 0.000 0.000 0.000 0.000 0.000 0.000 0.000 0.000 0.000 0.000 0.000 0.000 0.000 0.000 0.000 0.000 0.000 0.000 0.000 0.000 0.000 0.000 0.000 0.000 0.000 0.000 0.000 0.000 0.000 0.000 0.000 0.001 0.001 0.002 0.005 0.010 0.021 0.037 0.045 0.048
0.000 0.000 0.000 0.000 0.000 0.000 0.000 0.000 0.000 0.000 0.000 0.000 0.000 0.000 0.000 0.000 0.000 0.000 0.000 0.000 0.000 0.000 0.000 0.000 0.000 0.000 0.000 0.000 0.000 0.000 0.000 0.000 0.000 0.000 0.000 0.000 0.000 0.000 0.000 0.000 0.000 0.000 0.000 0.000 0.000 0.000 0.000 0.000 0.000 0.000 0.000 0.000 0.000 0.000 0.000 0.000 0.000 0.000 0.000 0.000 0.000 0.000 0.000 0.000 0.000 0.000 0.000 0.000 0.001 0.001 0.001 0.003 0.007 0.013 0.027 0.040 0.044
0.000 0.000 0.000 0.000 0.000 0.000 0.000 0.000 0.000 0.000 0.000 0.000 0.000 0.000 0.000 0.000 0.000 0.000 0.000 0.000 0.000 0.000 0.000 0.000 0.000 0.000 0.000 0.000 0.000 0.000 0.000 0.000 0.000 0.000 0.000 0.000 0.000 0.000 0.000 0.000 0.000 0.000 0.000 0.000 0.000 0.000 0.000 0.000 0.000 0.000 0.000 0.000 0.000 0.000 0.000 0.000 0.000 0.000 0.000 0.000 0.000 0.000 0.000 0.000 0.000 0.000 0.000 0.000 0.000 0.001 0.001 0.002 0.005 0.009 0.017 0.030 0.040
0.000 0.000 0.000 0.000 0.000 0.000 0.000 0.000 0.000 0.000 0.000 0.000 0.000 0.000 0.000 0.000 0.000 0.000 0.000 0.000 0.000 0.000 0.000 0.000 0.000 0.000 0.000 0.000 0.000 0.000 0.000 0.000 0.000 0.000 0.000 0.000 0.000 0.000 0.000 0.000 0.000 0.000 0.000 0.000 0.000 0.000 0.000 0.000 0.000 0.000 0.000 0.000 0.000 0.000 0.000 0.000 0.000 0.000 0.000 0.000 0.000 0.000 0.000 0.000 0.000 0.000 0.000 0.000 0.000 0.001 0.001 0.002 0.003 0.006 0.011 0.019 0.030
0.000 0.000 0.000 0.000 0.000 0.000 0.000 0.000 0.000 0.000 0.000 0.000 0.000 0.000 0.000 0.000 0.000 0.000 0.000 0.000 0.000 0.000 0.000 0.000 0.000 0.000 0.000 0.000 0.000 0.000 0.000 0.000 0.000 0.000 0.000 0.000 0.000 0.000 0.000 0.000 0.000 0.000 0.000 0.000 0.000 0.000 0.000 0.000 0.000 0.000 0.000 0.000 0.000 0.000 0.000 0.000 0.000 0.000 0.000 0.000 0.000 0.000 0.000 0.000 0.000 0.000 0.000 0.000 0.000 0.000 0.001 0.001 0.002 0.004 0.007 0.012 0.020
0.000 0.000 0.000 0.000 0.000 0.000 0.000 0.000 0.000 0.000 0.000 0.000 0.000 0.000 0.000 0.000 0.000 0.000 0.000 0.000 0.000 0.000 0.000 0.000 0.000 0.000 0.000 0.000 0.000 0.000 0.000 0.000 0.000 0.000 0.000 0.000 0.000 0.000 0.000 0.000 0.000 0.000 0.000 0.000 0.000 0.000 0.000 0.000 0.000 0.000 0.000 0.000 0.000 0.000 0.000 0.000 0.000 0.000 0.000 0.000 0.000 0.000 0.000 0.000 0.000 0.000 0.000 0.000 0.000 0.000 0.001 0.001 0.002 0.003 0.005 0.009 0.014
0.000 0.000 0.000 0.000 0.000 0.000 0.000 0.000 0.000 0.000 0.000 0.000 0.000 0.000 0.000 0.000 0.000 0.000 0.000 0.000 0.000 0.000 0.000 0.000 0.000 0.000 0.000 0.000 0.000 0.000 0.000 0.000 0.000 0.000 0.000 0.000 0.000 0.000 0.000 0.000 0.000 0.000 0.000 0.000 0.000 0.000 0.000 0.000 0.000 0.000 0.000 0.000 0.000 0.000 0.000 0.000 0.000 0.000 0.000 0.000 0.000 0.000 0.000 0.000 0.000 0.000 0.000 0.000 0.000 0.000 0.000 0.001 0.001 0.002 0.004 0.007 0.010
