AvaFrame/avaframe/data/avaGar/Avaflow_Input_Output_sss/gar_results/alr_ascii/alr_hflow0010.asc
ncols 130
nrows 97
xllcenter 247320.75
yllcenter 350697.47
cellsize 20.00
NODATA_value -9999.000
[rows 34 to 67 of 97, columns 0 to 76 of 130]
0.000 0.000 0.000 0.000 0.000 0.000 0.000 0.000 0.000 0.000 0.000 0.000 0.000 0.000 0.000 0.000 0.000 0.001 0.001 0.001 0.001 0.001 0.001 0.001 0.001 0.001 0.000 0.001 0.001 0.001 0.001 0.001 0.001 0.001 0.001 0.002 0.003 0.003 0.003 0.004 0.006 0.011 0.018 0.019 0.016 0.016 0.021 0.041 0.081 0.121 0.145 0.155 0.159 0.170 0.188 0.197 0.176 0.114 0.063 0.037 0.014 0.006 0.005 0.005 0.005 0.005 0.006 0.006 0.006 0.005 0.003 0.003 0.002 0.001 0.001 0.001 0.000
0.000 0.000 0.000 0.000 0.000 0.000 0.000 0.000 0.000 0.000 0.000 0.000 0.000 0.001 0.001 0.001 0.001 0.001 0.001 0.002 0.003 0.002 0.002 0.001 0.001 0.001 0.000 0.001 0.000 0.001 0.001 0.001 0.001 0.001 0.002 0.003 0.003 0.003 0.002 0.002 0.003 0.004 0.005 0.007 0.012 0.020 0.031 0.045 0.060 0.070 0.087 0.119 0.145 0.150 0.144 0.155 0.188 0.210 0.172 0.103 0.050 0.013 0.006 0.005 0.005 0.006 0.006 0.007 0.006 0.006 0.005 0.004 0.003 0.002 0.002 0.001 0.001
0.000 0.000 0.000 0.000 0.000 0.000 0.000 0.000 0.000 0.000 0.000 0.000 0.000 0.001 0.002 0.001 0.001 0.001 0.001 0.002 0.004 0.006 0.005 0.002 0.001 0.001 0.001 0.001 0.001 0.001 0.001 0.001 0.002 0.002 0.003 0.004 0.004 0.004 0.003 0.002 0.002 0.003 0.004 0.006 0.012 0.021 0.034 0.040 0.036 0.026 0.021 0.024 0.032 0.034 0.030 0.029 0.051 0.119 0.189 0.193 0.145 0.065 0.010 0.005 0.005 0.006 0.006 0.007 0.007 0.007 0.007 0.006 0.005 0.004 0.003 0.002 0.001
0.000 0.000 0.000 0.000 0.000 0.000 0.000 0.000 0.000 0.000 0.000 0.000 0.001 0.001 0.003 0.003 0.001 0.001 0.001 0.002 0.004 0.006 0.008 0.007 0.004 0.002 0.001 0.001 0.001 0.001 0.001 0.001 0.001 0.002 0.002 0.003 0.004 0.005 0.004 0.004 0.003 0.004 0.005 0.009 0.013 0.015 0.018 0.019 0.018 0.014 0.011 0.010 0.010 0.011 0.010 0.010 0.010 0.016 0.072 0.166 0.214 0.177 0.068 0.006 0.005 0.005 0.006 0.006 0.007 0.008 0.008 0.008 0.007 0.005 0.004 0.003 0.002
0.000 0.000 0.000 0.000 0.000 0.000 0.000 0.000 0.000 0.000 0.000 0.001 0.001 0.001 0.003 0.004 0.002 0.001 0.001 0.001 0.002 0.003 0.007 0.010 0.010 0.007 0.004 0.003 0.002 0.001 0.001 0.001 0.001 0.001 0.001 0.002 0.002 0.003 0.004 0.005 0.005 0.006 0.008 0.011 0.013 0.012 0.010 0.009 0.009 0.008 0.007 0.006 0.005 0.005 0.005 0.005 0.006 0.007 0.013 0.051 0.139 0.219 0.188 0.047 0.004 0.004 0.005 0.006 0.007 0.008 0.009 0.009 0.008 0.007 0.005 0.003 0.002
0.000 0.000 0.000 0.000 0.000 0.000 0.000 0.000 0.000 0.000 0.000 0.000 0.001 0.001 0.002 0.005 0.004 0.001 0.001 0.001 0.001 0.001 0.003 0.007 0.011 0.014 0.012 0.010 0.006 0.002 0.001 0.001 0.001 0.001 0.001 0.002 0.002 0.003 0.004 0.005 0.006 0.007 0.009 0.012 0.013 0.012 0.008 0.006 0.006 0.006 0.005 0.005 0.004 0.004 0.004 0.004 0.005 0.005 0.007 0.013 0.044 0.136 0.246 0.166 0.025 0.004 0.004 0.004 0.006 0.008 0.009 0.009 0.009 0.008 0.006 0.004 0.003
0.000 0.000 0.000 0.000 0.000 0.000 0.000 0.000 0.000 0.000 0.000 0.000 0.000 0.001 0.001 0.004 0.004 0.002 0.001 0.001 0.001 0.001 0.001 0.003 0.005 0.009 0.013 0.016 0.014 0.010 0.005 0.003 0.001 0.001 0.001 0.002 0.002 0.003 0.004 0.005 0.006 0.007 0.008 0.009 0.011 0.010 0.007 0.006 0.006 0.006 0.006 0.006 0.005 0.005 0.005 0.005 0.005 0.004 0.005 0.007 0.017 0.059 0.180 0.272 0.149 0.029 0.004 0.004 0.005 0.006 0.008 0.010 0.010 0.010 0.008 0.005 0.005
0.000 0.000 0.000 0.000 0.000 0.000 0.000 0.000 0.000 0.000 0.000 0.000 0.000 0.000 0.001 0.003 0.004 0.002 0.001 0.001 0.001 0.001 0.001 0.002 0.002 0.004 0.006 0.010 0.015 0.017 0.013 0.010 0.004 0.002 0.002 0.002 0.003 0.003 0.004 0.005 0.006 0.007 0.006 0.006 0.006 0.007 0.007 0.006 0.006 0.007 0.008 0.009 0.010 0.010 0.009 0.007 0.006 0.005 0.005 0.006 0.011 0.027 0.085 0.225 0.289 0.178 0.050 0.007 0.005 0.006 0.008 0.010 0.011 0.011 0.009 0.007 0.007
0.000 0.000 0.000 0.000 0.000 0.000 0.000 0.000 0.000 0.000 0.000 0.000 0.000 0.000 0.001 0.002 0.003 0.002 0.001 0.001 0.001 0.001 0.001 0.002 0.002 0.003 0.004 0.005 0.008 0.011 0.015 0.017 0.013 0.005 0.002 0.002 0.003 0.003 0.004 0.005 0.007 0.007 0.006 0.005 0.005 0.005 0.006 0.006 0.006 0.007 0.007 0.009 0.012 0.014 0.015 0.014 0.012 0.009 0.008 0.009 0.012 0.017 0.030 0.085 0.222 0.332 0.247 0.090 0.010 0.007 0.008 0.010 0.012 0.013 0.012 0.010 0.009
0.000 0.000 0.000 0.000 0.000 0.000 0.000 0.000 0.000 0.000 0.000 0.000 0.000 0.000 0.000 0.001 0.002 0.002 0.001 0.001 0.001 0.001 0.001 0.002 0.002 0.003 0.004 0.004 0.005 0.007 0.011 0.015 0.018 0.014 0.006 0.004 0.003 0.004 0.004 0.005 0.007 0.008 0.007 0.006 0.005 0.005 0.005 0.006 0.006 0.006 0.006 0.007 0.008 0.010 0.012 0.015 0.016 0.014 0.013 0.012 0.013 0.015 0.018 0.026 0.060 0.182 0.316 0.284 0.103 0.014 0.011 0.012 0.013 0.014 0.014 0.013 0.012
0.000 0.000 0.000 0.000 0.000 0.000 0.000 0.000 0.000 0.000 0.000 0.000 0.000 0.000 0.000 0.000 0.000 0.001 0.000 0.000 0.000 0.001 0.001 0.002 0.003 0.003 0.003 0.004 0.005 0.006 0.009 0.012 0.016 0.019 0.015 0.007 0.004 0.004 0.004 0.005 0.007 0.008 0.008 0.007 0.006 0.006 0.005 0.005 0.006 0.006 0.006 0.006 0.006 0.006 0.006 0.007 0.010 0.012 0.011 0.011 0.011 0.011 0.010 0.011 0.016 0.036 0.147 0.326 0.282 0.072 0.025 0.019 0.017 0.017 0.016 0.016 0.016
0.000 0.000 0.000 0.000 0.000 0.000 0.000 0.000 0.000 0.000 0.000 0.000 0.000 0.000 0.000 0.000 0.000 0.000 0.000 0.000 0.000 0.000 0.001 0.002 0.003 0.003 0.003 0.004 0.006 0.007 0.008 0.011 0.013 0.017 0.020 0.015 0.007 0.005 0.005 0.005 0.007 0.008 0.009 0.009 0.008 0.007 0.006 0.006 0.006 0.006 0.007 0.006 0.006 0.005 0.005 0.004 0.005 0.006 0.007 0.007 0.007 0.006 0.006 0.006 0.007 0.013 0.042 0.184 0.355 0.207 0.065 0.038 0.027 0.022 0.021 0.021 0.022
0.000 0.000 0.000 0.000 0.000 0.000 0.000 0.000 0.000 0.000 0.000 0.000 0.000 0.000 0.000 0.000 0.000 0.000 0.000 0.000 0.000 0.000 0.000 0.001 0.002 0.003 0.003 0.004 0.006 0.007 0.008 0.010 0.012 0.014 0.019 0.022 0.014 0.006 0.005 0.005 0.006 0.008 0.009 0.009 0.010 0.011 0.009 0.006 0.006 0.006 0.007 0.007 0.006 0.006 0.005 0.004 0.004 0.005 0.006 0.006 0.006 0.006 0.005 0.005 0.006 0.009 0.020 0.077 0.271 0.298 0.152 0.073 0.046 0.034 0.033 0.038 0.041
0.000 0.000 0.000 0.000 0.000 0.000 0.000 0.000 0.000 0.000 0.000 0.000 0.000 0.000 0.000 0.000 0.000 0.000 0.000 0.000 0.000 0.000 0.000 0.000 0.001 0.002 0.003 0.004 0.006 0.007 0.008 0.009 0.012 0.012 0.014 0.021 0.020 0.010 0.005 0.005 0.005 0.007 0.008 0.009 0.011 0.015 0.016 0.008 0.006 0.006 0.007 0.007 0.006 0.005 0.005 0.004 0.004 0.004 0.005 0.006 0.006 0.006 0.006 0.006 0.006 0.008 0.013 0.037 0.148 0.299 0.244 0.128 0.080 0.055 0.043 0.042 0.048
0.000 0.000 0.000 0.000 0.000 0.000 0.000 0.000 0.000 0.000 0.000 0.000 0.000 0.000 0.000 0.000 0.000 0.000 0.000 0.000 0.000 0.000 0.000 0.000 0.000 0.001 0.001 0.003 0.004 0.006 0.007 0.009 0.011 0.011 0.010 0.015 0.020 0.013 0.007 0.005 0.005 0.006 0.007 0.008 0.009 0.014 0.020 0.013 0.007 0.007 0.007 0.006 0.006 0.005 0.004 0.004 0.004 0.004 0.004 0.005 0.006 0.007 0.007 0.007 0.007 0.008 0.011 0.021 0.064 0.223 0.284 0.196 0.125 0.086 0.060 0.041 0.039
0.000 0.000 0.000 0.000 0.000 0.000 0.000 0.000 0.000 0.000 0.000 0.000 0.000 0.000 0.000 0.000 0.000 0.000 0.000 0.000 0.000 0.000 0.000 0.000 0.000 0.000 0.000 0.001 0.002 0.004 0.006 0.007 0.010 0.012 0.011 0.010 0.013 0.014 0.010 0.007 0.005 0.005 0.006 0.006 0.008 0.012 0.018 0.017 0.012 0.009 0.007 0.006 0.005 0.004 0.004 0.003 0.003 0.003 0.003 0.004 0.006 0.007 0.008 0.008 0.007 0.007 0.009 0.015 0.037 0.124 0.258 0.243 0.170 0.128 0.094 0.057 0.037
0.000 0.000 0.000 0.000 0.000 0.000 0.000 0.000 0.000 0.000 0.000 0.000 0.000 0.000 0.000 0.000 0.000 0.000 0.000 0.000 0.000 0.000 0.000 0.000 0.000 0.000 0.000 0.000 0.000 0.001 0.002 0.004 0.007 0.010 0.013 0.012 0.009 0.009 0.011 0.009 0.006 0.005 0.005 0.006 0.007 0.010 0.015 0.019 0.020 0.013 0.007 0.006 0.005 0.004 0.003 0.003 0.003 0.003 0.003 0.004 0.006 0.007 0.008 0.008 0.007 0.007 0.008 0.013 0.026 0.061 0.175 0.250 0.214 0.169 0.136 0.097 0.053
0.000 0.000 0.000 0.000 0.000 0.000 0.000 0.000 0.000 0.000 0.000 0.000 0.000 0.000 0.000 0.000 0.000 0.000 0.000 0.000 0.000 0.000 0.000 0.000 0.000 0.000 0.000 0.000 0.000 0.000 0.001 0.001 0.003 0.005 0.011 0.013 0.009 0.006 0.008 0.009 0.007 0.004 0.004 0.005 0.006 0.007 0.011 0.017 0.021 0.017 0.011 0.009 0.006 0.004 0.003 0.003 0.003 0.003 0.004 0.004 0.005 0.007 0.009 0.009 0.008 0.008 0.009 0.012 0.020 0.041 0.096 0.200 0.230 0.201 0.175 0.145 0.095
0.000 0.000 0.000 0.000 0.000 0.000 0.000 0.000 0.000 0.000 0.000 0.000 0.000 0.000 0.000 0.000 0.000 0.000 0.000 0.000 0.000 0.000 0.000 0.000 0.000 0.000 0.000 0.000 0.000 0.000 0.000 0.000 0.001 0.002 0.005 0.009 0.008 0.005 0.005 0.006 0.006 0.005 0.004 0.004 0.005 0.006 0.009 0.014 0.019 0.019 0.015 0.012 0.008 0.005 0.003 0.003 0.004 0.004 0.005 0.005 0.005 0.006 0.008 0.010 0.011 0.011 0.011 0.012 0.018 0.032 0.057 0.125 0.208 0.217 0.200 0.182 0.146
0.000 0.000 0.000 0.000 0.000 0.000 0.000 0.000 0.000 0.000 0.000 0.000 0.000 0.000 0.000 0.000 0.000 0.000 0.000 0.000 0.000 0.000 0.000 0.000 0.000 0.000 0.000 0.000 0.000 0.000 0.000 0.000 0.000 0.001 0.001 0.003 0.004 0.004 0.003 0.003 0.004 0.004 0.003 0.003 0.004 0.005 0.007 0.010 0.015 0.017 0.016 0.013 0.011 0.008 0.006 0.005 0.005 0.006 0.006 0.006 0.006 0.006 0.007 0.008 0.011 0.012 0.013 0.014 0.017 0.028 0.043 0.072 0.147 0.206 0.210 0.204 0.184
0.000 0.000 0.000 0.000 0.000 0.000 0.000 0.000 0.000 0.000 0.000 0.000 0.000 0.000 0.000 0.000 0.000 0.000 0.000 0.000 0.000 0.000 0.000 0.000 0.000 0.000 0.000 0.000 0.000 0.000 0.000 0.000 0.000 0.000 0.000 0.001 0.001 0.002 0.002 0.002 0.002 0.002 0.003 0.002 0.003 0.004 0.006 0.008 0.011 0.014 0.014 0.015 0.015 0.012 0.009 0.008 0.007 0.007 0.006 0.006 0.006 0.006 0.006 0.007 0.008 0.010 0.012 0.013 0.017 0.027 0.040 0.051 0.086 0.157 0.199 0.208 0.204
0.000 0.000 0.000 0.000 0.000 0.000 0.000 0.000 0.000 0.000 0.000 0.000 0.000 0.000 0.000 0.000 0.000 0.000 0.000 0.000 0.000 0.000 0.000 0.000 0.000 0.000 0.000 0.000 0.000 0.000 0.000 0.000 0.000 0.000 0.000 0.000 0.000 0.000 0.000 0.000 0.001 0.001 0.001 0.001 0.002 0.002 0.004 0.005 0.007 0.009 0.012 0.014 0.016 0.014 0.011 0.009 0.008 0.008 0.007 0.007 0.007 0.007 0.007 0.007 0.008 0.009 0.010 0.012 0.016 0.026 0.039 0.043 0.056 0.098 0.158 0.194 0.203
0.000 0.000 0.000 0.000 0.000 0.000 0.000 0.000 0.000 0.000 0.000 0.000 0.000 0.000 0.000 0.000 0.000 0.000 0.000 0.000 0.000 0.000 0.000 0.000 0.000 0.000 0.000 0.000 0.000 0.000 0.000 0.000 0.000 0.000 0.000 0.000 0.000 0.000 0.000 0.000 0.000 0.000 0.000 0.000 0.001 0.001 0.002 0.003 0.004 0.005 0.008 0.011 0.013 0.013 0.011 0.010 0.009 0.009 0.009 0.008 0.008 0.008 0.008 0.008 0.008 0.008 0.009 0.011 0.015 0.023 0.037 0.041 0.046 0.064 0.103 0.154 0.192
0.000 0.000 0.000 0.000 0.000 0.000 0.000 0.000 0.000 0.000 0.000 0.000 0.000 0.000 0.000 0.000 0.000 0.000 0.000 0.000 0.000 0.000 0.000 0.000 0.000 0.000 0.000 0.000 0.000 0.000 0.000 0.000 0.000 0.000 0.000 0.000 0.000 0.000 0.000 0.000 0.000 0.000 0.000 0.000 0.000 0.001 0.001 0.002 0.002 0.003 0.005 0.007 0.010 0.011 0.010 0.009 0.009 0.010 0.010 0.010 0.010 0.009 0.009 0.010 0.009 0.009 0.009 0.010 0.013 0.020 0.032 0.039 0.043 0.053 0.072 0.110 0.162
0.000 0.000 0.000 0.000 0.000 0.000 0.000 0.000 0.000 0.000 0.000 0.000 0.000 0.000 0.000 0.000 0.000 0.000 0.000 0.000 0.000 0.000 0.000 0.000 0.000 0.000 0.000 0.000 0.000 0.000 0.000 0.000 0.000 0.000 0.000 0.000 0.000 0.000 0.000 0.000 0.000 0.000 0.000 0.000 0.000 0.000 0.001 0.001 0.002 0.002 0.003 0.005 0.007 0.009 0.009 0.009 0.009 0.010 0.011 0.012 0.012 0.012 0.011 0.011 0.012 0.010 0.009 0.010 0.012 0.017 0.026 0.035 0.043 0.051 0.060 0.078 0.121
0.000 0.000 0.000 0.000 0.000 0.000 0.000 0.000 0.000 0.000 0.000 0.000 0.000 0.000 0.000 0.000 0.000 0.000 0.000 0.000 0.000 0.000 0.000 0.000 0.000 0.000 0.000 0.000 0.000 0.000 0.000 0.000 0.000 0.000 0.000 0.000 0.000 0.000 0.000 0.000 0.000 0.000 0.000 0.000 0.000 0.000 0.000 0.001 0.001 0.002 0.003 0.003 0.005 0.008 0.009 0.009 0.009 0.010 0.011 0.013 0.014 0.015 0.014 0.014 0.015 0.013 0.010 0.010 0.011 0.014 0.021 0.028 0.038 0.052 0.056 0.061 0.080
0.000 0.000 0.000 0.000 0.000 0.000 0.000 0.000 0.000 0.000 0.000 0.000 0.000 0.000 0.000 0.000 0.000 0.000 0.000 0.000 0.000 0.000 0.000 0.000 0.000 0.000 0.000 0.000 0.000 0.000 0.000 0.000 0.000 0.000 0.000 0.000 0.000 0.000 0.000 0.000 0.000 0.000 0.000 0.000 0.000 0.000 0.000 0.000 0.001 0.001 0.002 0.003 0.005 0.007 0.009 0.009 0.009 0.009 0.010 0.012 0.014 0.016 0.016 0.017 0.018 0.017 0.013 0.011 0.011 0.013 0.018 0.024 0.032 0.048 0.059 0.057 0.062
0.000 0.000 0.000 0.000 0.000 0.000 0.000 0.000 0.000 0.000 0.000 0.000 0.000 0.000 0.000 0.000 0.000 0.000 0.000 0.000 0.000 0.000 0.000 0.000 0.000 0.000 0.000 0.000 0.000 0.000 0.000 0.000 0.000 0.000 0.000 0.000 0.000 0.000 0.000 0.000 0.000 0.000 0.000 0.000 0.000 0.000 0.000 0.000 0.000 0.001 0.001 0.002 0.004 0.006 0.009 0.010 0.010 0.009 0.009 0.011 0.014 0.016 0.018 0.019 0.020 0.020 0.018 0.014 0.012 0.013 0.016 0.022 0.028 0.040 0.057 0.060 0.058
0.000 0.000 0.000 0.000 0.000 0.000 0.000 0.000 0.000 0.000 0.000 0.000 0.000 0.000 0.000 0.000 0.000 0.000 0.000 0.000 0.000 0.000 0.000 0.000 0.000 0.000 0.000 0.000 0.000 0.000 0.000 0.000 0.000 0.000 0.000 0.000 0.000 0.000 0.000 0.000 0.000 0.000 0.000 0.000 0.000 0.000 0.000 0.000 0.000 0.000 0.001 0.002 0.003 0.006 0.008 0.010 0.010 0.010 0.009 0.009 0.012 0.016 0.018 0.020 0.021 0.023 0.023 0.019 0.015 0.014 0.016 0.022 0.026 0.033 0.047 0.060 0.060
0.000 0.000 0.000 0.000 0.000 0.000 0.000 0.000 0.000 0.000 0.000 0.000 0.000 0.000 0.000 0.000 0.000 0.000 0.000 0.000 0.000 0.000 0.000 0.000 0.000 0.000 0.000 0.000 0.000 0.000 0.000 0.000 0.000 0.000 0.000 0.000 0.000 0.000 0.000 0.000 0.000 0.000 0.000 0.000 0.000 0.000 0.000 0.000 0.000 0.000 0.000 0.001 0.002 0.004 0.007 0.009 0.011 0.011 0.010 0.009 0.010 0.013 0.017 0.021 0.022 0.024 0.025 0.025 0.020 0.016 0.017 0.022 0.026 0.029 0.037 0.052 0.060
0.000 0.000 0.000 0.000 0.000 0.000 0.000 0.000 0.000 0.000 0.000 0.000 0.000 0.000 0.000 0.000 0.000 0.000 0.000 0.000 0.000 0.000 0.000 0.000 0.000 0.000 0.000 0.000 0.000 0.000 0.000 0.000 0.000 0.000 0.000 0.000 0.000 0.000 0.000 0.000 0.000 0.000 0.000 0.000 0.000 0.000 0.000 0.000 0.000 0.000 0.000 0.000 0.001 0.003 0.005 0.008 0.010 0.012 0.012 0.010 0.009 0.009 0.013 0.020 0.024 0.026 0.027 0.028 0.027 0.022 0.020 0.023 0.026 0.028 0.032 0.041 0.052
0.000 0.000 0.000 0.000 0.000 0.000 0.000 0.000 0.000 0.000 0.000 0.000 0.000 0.000 0.000 0.000 0.000 0.000 0.000 0.000 0.000 0.000 0.000 0.000 0.000 0.000 0.000 0.000 0.000 0.000 0.000 0.000 0.000 0.000 0.000 0.000 0.000 0.000 0.000 0.000 0.000 0.000 0.000 0.000 0.000 0.000 0.000 0.000 0.000 0.000 0.000 0.000 0.001 0.001 0.003 0.006 0.009 0.011 0.013 0.014 0.012 0.008 0.009 0.014 0.022 0.029 0.032 0.033 0.033 0.030 0.027 0.027 0.028 0.028 0.030 0.034 0.042
0.000 0.000 0.000 0.000 0.000 0.000 0.000 0.000 0.000 0.000 0.000 0.000 0.000 0.000 0.000 0.000 0.000 0.000 0.000 0.000 0.000 0.000 0.000 0.000 0.000 0.000 0.000 0.000 0.000 0.000 0.000 0.000 0.000 0.000 0.000 0.000 0.000 0.000 0.000 0.000 0.000 0.000 0.000 0.000 0.000 0.000 0.000 0.000 0.000 0.000 0.000 0.000 0.000 0.001 0.002 0.003 0.006 0.009 0.013 0.017 0.017 0.010 0.006 0.007 0.011 0.022 0.033 0.037 0.037 0.036 0.035 0.034 0.033 0.030 0.031 0.033 0.037
0.000 0.000 0.000 0.000 0.000 0.000 0.000 0.000 0.000 0.000 0.000 0.000 0.000 0.000 0.000 0.000 0.000 0.000 0.000 0.000 0.000 0.000 0.000 0.000 0.000 0.000 0.000 0.000 0.000 0.000 0.000 0.000 0.000 0.000 0.000 0.000 0.000 0.000 0.000 0.000 0.000 0.000 0.000 0.000 0.000 0.000 0.000 0.000 0.000 0.000 0.000 0.000 0.000 0.000 0.001 0.002 0.004 0.006 0.010 0.016 0.019 0.016 0.009 0.006 0.006 0.009 0.017 0.029 0.037 0.039 0.038 0.039 0.039 0.036 0.034 0.034 0.035
