AvaFrame/avaframe/data/avaGar/Avaflow_Input_Output_sss/gar_results/alr_ascii/alr_hflow0011.asc
ncols 130
nrows 97
xllcenter 247320.75
yllcenter 350697.47
cellsize 20.00
NODATA_value -9999.000
[rows 34 to 67 of 97, columns 0 to 76 of 130]
0.000 0.000 0.000 0.000 0.000 0.000 0.000 0.000 0.000 0.000 0.000 0.000 0.000 0.000 0.000 0.000 0.000 0.000 0.000 0.001 0.001 0.001 0.001 0.001 0.001 0.000 0.000 0.001 0.001 0.000 0.000 0.001 0.001 0.001 0.001 0.002 0.002 0.002 0.003 0.003 0.005 0.009 0.014 0.015 0.012 0.013 0.017 0.033 0.068 0.101 0.120 0.128 0.132 0.143 0.160 0.166 0.144 0.091 0.050 0.029 0.011 0.004 0.003 0.003 0.004 0.004 0.005 0.005 0.005 0.004 0.003 0.002 0.002 0.001 0.001 0.001 0.000
0.000 0.000 0.000 0.000 0.000 0.000 0.000 0.000 0.000 0.000 0.000 0.000 0.000 0.000 0.000 0.000 0.000 0.001 0.001 0.001 0.002 0.002 0.001 0.001 0.001 0.001 0.000 0.000 0.000 0.000 0.000 0.000 0.001 0.001 0.001 0.002 0.003 0.002 0.002 0.002 0.002 0.003 0.004 0.006 0.009 0.016 0.024 0.035 0.046 0.055 0.070 0.098 0.121 0.126 0.122 0.130 0.160 0.177 0.141 0.083 0.039 0.009 0.004 0.004 0.004 0.004 0.005 0.005 0.005 0.005 0.004 0.004 0.003 0.002 0.002 0.001 0.001
0.000 0.000 0.000 0.000 0.000 0.000 0.000 0.000 0.000 0.000 0.000 0.000 0.000 0.001 0.001 0.001 0.001 0.001 0.001 0.001 0.003 0.004 0.004 0.002 0.001 0.001 0.000 0.000 0.000 0.000 0.000 0.000 0.001 0.001 0.002 0.003 0.004 0.004 0.003 0.002 0.002 0.002 0.003 0.005 0.009 0.017 0.026 0.031 0.027 0.020 0.017 0.019 0.025 0.026 0.023 0.022 0.040 0.100 0.161 0.161 0.118 0.051 0.007 0.004 0.004 0.004 0.005 0.005 0.005 0.006 0.006 0.006 0.005 0.004 0.003 0.002 0.001
0.000 0.000 0.000 0.000 0.000 0.000 0.000 0.000 0.000 0.000 0.000 0.000 0.000 0.001 0.002 0.002 0.001 0.001 0.001 0.001 0.003 0.005 0.006 0.005 0.003 0.001 0.001 0.001 0.001 0.001 0.001 0.001 0.001 0.001 0.001 0.002 0.003 0.004 0.004 0.003 0.002 0.003 0.004 0.007 0.010 0.012 0.014 0.015 0.014 0.011 0.009 0.008 0.008 0.008 0.008 0.008 0.008 0.012 0.060 0.142 0.181 0.145 0.052 0.003 0.003 0.004 0.004 0.005 0.006 0.006 0.007 0.007 0.006 0.005 0.004 0.003 0.002
0.000 0.000 0.000 0.000 0.000 0.000 0.000 0.000 0.000 0.000 0.000 0.000 0.000 0.001 0.002 0.003 0.002 0.001 0.001 0.001 0.001 0.003 0.005 0.008 0.008 0.006 0.003 0.002 0.001 0.001 0.001 0.001 0.001 0.001 0.001 0.001 0.002 0.002 0.003 0.004 0.004 0.005 0.006 0.009 0.010 0.009 0.008 0.008 0.007 0.007 0.005 0.005 0.004 0.004 0.004 0.004 0.004 0.005 0.009 0.043 0.119 0.184 0.155 0.036 0.002 0.003 0.003 0.004 0.005 0.007 0.007 0.007 0.007 0.006 0.005 0.004 0.003
0.000 0.000 0.000 0.000 0.000 0.000 0.000 0.000 0.000 0.000 0.000 0.000 0.000 0.001 0.002 0.004 0.003 0.001 0.001 0.001 0.001 0.001 0.002 0.006 0.009 0.011 0.010 0.008 0.004 0.002 0.001 0.001 0.001 0.001 0.001 0.001 0.002 0.002 0.003 0.004 0.005 0.006 0.007 0.009 0.011 0.009 0.006 0.005 0.005 0.005 0.004 0.004 0.003 0.003 0.003 0.003 0.004 0.004 0.005 0.010 0.036 0.114 0.206 0.137 0.019 0.002 0.002 0.003 0.004 0.006 0.007 0.008 0.008 0.007 0.006 0.005 0.003
0.000 0.000 0.000 0.000 0.000 0.000 0.000 0.000 0.000 0.000 0.000 0.000 0.000 0.001 0.001 0.003 0.004 0.002 0.001 0.001 0.001 0.001 0.001 0.002 0.004 0.007 0.011 0.013 0.011 0.008 0.004 0.002 0.001 0.001 0.001 0.001 0.002 0.002 0.004 0.004 0.005 0.006 0.006 0.007 0.009 0.009 0.006 0.005 0.005 0.005 0.005 0.005 0.004 0.004 0.004 0.004 0.004 0.004 0.004 0.005 0.014 0.049 0.150 0.227 0.122 0.022 0.001 0.002 0.003 0.005 0.006 0.008 0.009 0.009 0.008 0.006 0.004
0.000 0.000 0.000 0.000 0.000 0.000 0.000 0.000 0.000 0.000 0.000 0.000 0.000 0.000 0.001 0.002 0.004 0.002 0.001 0.001 0.001 0.001 0.001 0.001 0.002 0.003 0.005 0.008 0.012 0.014 0.010 0.007 0.003 0.001 0.001 0.001 0.002 0.003 0.004 0.004 0.005 0.006 0.005 0.004 0.005 0.006 0.006 0.005 0.005 0.006 0.006 0.007 0.008 0.008 0.007 0.006 0.005 0.004 0.004 0.005 0.009 0.021 0.068 0.186 0.239 0.149 0.038 0.004 0.003 0.004 0.006 0.008 0.009 0.010 0.009 0.006 0.005
0.000 0.000 0.000 0.000 0.000 0.000 0.000 0.000 0.000 0.000 0.000 0.000 0.000 0.000 0.001 0.002 0.003 0.003 0.001 0.001 0.001 0.001 0.001 0.001 0.002 0.002 0.003 0.004 0.006 0.009 0.012 0.014 0.011 0.004 0.002 0.002 0.002 0.003 0.004 0.004 0.006 0.006 0.005 0.004 0.004 0.005 0.005 0.005 0.005 0.005 0.006 0.007 0.009 0.011 0.013 0.012 0.010 0.008 0.008 0.008 0.011 0.014 0.023 0.065 0.177 0.274 0.202 0.071 0.007 0.005 0.006 0.008 0.010 0.011 0.010 0.008 0.006
0.000 0.000 0.000 0.000 0.000 0.000 0.000 0.000 0.000 0.000 0.000 0.000 0.000 0.000 0.001 0.002 0.002 0.002 0.001 0.001 0.001 0.001 0.001 0.001 0.002 0.002 0.003 0.003 0.004 0.005 0.009 0.013 0.016 0.012 0.005 0.003 0.003 0.003 0.004 0.004 0.006 0.006 0.006 0.005 0.004 0.004 0.004 0.004 0.005 0.005 0.005 0.006 0.006 0.008 0.010 0.013 0.015 0.013 0.012 0.012 0.012 0.013 0.014 0.019 0.044 0.141 0.258 0.234 0.080 0.010 0.008 0.009 0.011 0.012 0.012 0.011 0.008
0.000 0.000 0.000 0.000 0.000 0.000 0.000 0.000 0.000 0.000 0.000 0.000 0.000 0.000 0.000 0.001 0.001 0.001 0.001 0.000 0.000 0.001 0.001 0.002 0.002 0.002 0.002 0.003 0.004 0.005 0.007 0.010 0.014 0.017 0.013 0.006 0.004 0.003 0.004 0.004 0.006 0.007 0.007 0.006 0.005 0.004 0.004 0.004 0.004 0.005 0.005 0.005 0.005 0.005 0.005 0.006 0.009 0.012 0.011 0.011 0.010 0.009 0.008 0.008 0.011 0.026 0.116 0.268 0.233 0.057 0.019 0.014 0.013 0.014 0.014 0.013 0.012
0.000 0.000 0.000 0.000 0.000 0.000 0.000 0.000 0.000 0.000 0.000 0.000 0.000 0.000 0.000 0.000 0.000 0.000 0.000 0.000 0.000 0.000 0.001 0.001 0.002 0.002 0.002 0.003 0.004 0.005 0.007 0.008 0.011 0.015 0.019 0.014 0.006 0.004 0.004 0.004 0.006 0.007 0.007 0.007 0.007 0.006 0.005 0.004 0.005 0.005 0.005 0.005 0.005 0.004 0.004 0.004 0.004 0.006 0.007 0.007 0.007 0.005 0.005 0.005 0.005 0.010 0.033 0.147 0.286 0.161 0.050 0.029 0.021 0.018 0.017 0.017 0.017
0.000 0.000 0.000 0.000 0.000 0.000 0.000 0.000 0.000 0.000 0.000 0.000 0.000 0.000 0.000 0.000 0.000 0.000 0.000 0.000 0.000 0.000 0.000 0.001 0.002 0.002 0.003 0.004 0.005 0.006 0.006 0.008 0.010 0.011 0.017 0.021 0.013 0.005 0.004 0.004 0.005 0.007 0.007 0.008 0.009 0.009 0.007 0.005 0.005 0.005 0.005 0.005 0.005 0.005 0.005 0.004 0.004 0.004 0.006 0.006 0.006 0.005 0.004 0.004 0.005 0.007 0.015 0.061 0.219 0.240 0.120 0.058 0.036 0.027 0.027 0.031 0.032
0.000 0.000 0.000 0.000 0.000 0.000 0.000 0.000 0.000 0.000 0.000 0.000 0.000 0.000 0.000 0.000 0.000 0.000 0.000 0.000 0.000 0.000 0.000 0.000 0.001 0.002 0.003 0.004 0.005 0.006 0.006 0.008 0.010 0.010 0.013 0.021 0.021 0.010 0.005 0.004 0.005 0.006 0.007 0.008 0.009 0.012 0.013 0.006 0.005 0.005 0.005 0.005 0.005 0.005 0.005 0.004 0.004 0.004 0.005 0.006 0.006 0.005 0.004 0.004 0.005 0.006 0.010 0.028 0.118 0.245 0.197 0.101 0.064 0.043 0.035 0.034 0.038
0.000 0.000 0.000 0.000 0.000 0.000 0.000 0.000 0.000 0.000 0.000 0.000 0.000 0.000 0.000 0.000 0.000 0.000 0.000 0.000 0.000 0.000 0.000 0.000 0.000 0.001 0.002 0.003 0.004 0.006 0.007 0.007 0.010 0.010 0.009 0.016 0.022 0.015 0.007 0.005 0.005 0.005 0.006 0.007 0.008 0.012 0.016 0.010 0.005 0.005 0.005 0.005 0.005 0.005 0.004 0.004 0.004 0.004 0.004 0.004 0.005 0.005 0.005 0.005 0.005 0.006 0.008 0.016 0.050 0.180 0.232 0.157 0.100 0.069 0.048 0.032 0.031
0.000 0.000 0.000 0.000 0.000 0.000 0.000 0.000 0.000 0.000 0.000 0.000 0.000 0.000 0.000 0.000 0.000 0.000 0.000 0.000 0.000 0.000 0.000 0.000 0.000 0.000 0.001 0.001 0.002 0.004 0.007 0.008 0.009 0.012 0.012 0.011 0.015 0.016 0.011 0.007 0.005 0.004 0.005 0.005 0.007 0.010 0.015 0.013 0.010 0.007 0.005 0.005 0.005 0.004 0.004 0.004 0.004 0.003 0.003 0.004 0.004 0.005 0.005 0.005 0.005 0.005 0.007 0.012 0.029 0.098 0.208 0.197 0.137 0.102 0.076 0.045 0.028
0.000 0.000 0.000 0.000 0.000 0.000 0.000 0.000 0.000 0.000 0.000 0.000 0.000 0.000 0.000 0.000 0.000 0.000 0.000 0.000 0.000 0.000 0.000 0.000 0.000 0.000 0.000 0.000 0.001 0.002 0.004 0.006 0.008 0.012 0.016 0.015 0.010 0.011 0.013 0.011 0.006 0.004 0.004 0.005 0.006 0.008 0.012 0.015 0.016 0.010 0.006 0.005 0.005 0.004 0.004 0.004 0.004 0.003 0.003 0.003 0.004 0.004 0.005 0.006 0.005 0.005 0.006 0.010 0.020 0.048 0.140 0.203 0.174 0.138 0.111 0.078 0.041
0.000 0.000 0.000 0.000 0.000 0.000 0.000 0.000 0.000 0.000 0.000 0.000 0.000 0.000 0.000 0.000 0.000 0.000 0.000 0.000 0.000 0.000 0.000 0.000 0.000 0.000 0.000 0.000 0.000 0.001 0.001 0.002 0.004 0.008 0.015 0.020 0.013 0.008 0.009 0.011 0.008 0.005 0.004 0.005 0.005 0.006 0.008 0.014 0.018 0.014 0.009 0.008 0.007 0.005 0.004 0.003 0.003 0.003 0.003 0.003 0.003 0.004 0.007 0.007 0.006 0.006 0.007 0.009 0.016 0.033 0.076 0.160 0.188 0.165 0.144 0.119 0.076
0.000 0.000 0.000 0.000 0.000 0.000 0.000 0.000 0.000 0.000 0.000 0.000 0.000 0.000 0.000 0.000 0.000 0.000 0.000 0.000 0.000 0.000 0.000 0.000 0.000 0.000 0.000 0.000 0.000 0.000 0.000 0.001 0.002 0.003 0.009 0.017 0.016 0.009 0.006 0.007 0.007 0.005 0.004 0.004 0.005 0.005 0.007 0.010 0.016 0.017 0.014 0.013 0.011 0.006 0.004 0.003 0.003 0.003 0.003 0.002 0.003 0.004 0.006 0.008 0.009 0.009 0.009 0.010 0.015 0.026 0.045 0.098 0.168 0.179 0.166 0.150 0.120
0.000 0.000 0.000 0.000 0.000 0.000 0.000 0.000 0.000 0.000 0.000 0.000 0.000 0.000 0.000 0.000 0.000 0.000 0.000 0.000 0.000 0.000 0.000 0.000 0.000 0.000 0.000 0.000 0.000 0.000 0.000 0.000 0.001 0.001 0.003 0.009 0.013 0.011 0.006 0.005 0.005 0.006 0.004 0.003 0.004 0.005 0.006 0.008 0.012 0.016 0.017 0.016 0.015 0.010 0.005 0.004 0.003 0.003 0.003 0.003 0.004 0.004 0.005 0.007 0.009 0.010 0.010 0.011 0.014 0.024 0.036 0.057 0.119 0.170 0.176 0.172 0.155
0.000 0.000 0.000 0.000 0.000 0.000 0.000 0.000 0.000 0.000 0.000 0.000 0.000 0.000 0.000 0.000 0.000 0.000 0.000 0.000 0.000 0.000 0.000 0.000 0.000 0.000 0.000 0.000 0.000 0.000 0.000 0.000 0.000 0.000 0.001 0.003 0.007 0.008 0.006 0.004 0.004 0.004 0.004 0.003 0.003 0.004 0.006 0.008 0.011 0.015 0.017 0.016 0.016 0.012 0.007 0.005 0.004 0.004 0.004 0.005 0.005 0.005 0.005 0.006 0.007 0.008 0.010 0.011 0.014 0.023 0.033 0.041 0.069 0.129 0.167 0.176 0.174
0.000 0.000 0.000 0.000 0.000 0.000 0.000 0.000 0.000 0.000 0.000 0.000 0.000 0.000 0.000 0.000 0.000 0.000 0.000 0.000 0.000 0.000 0.000 0.000 0.000 0.000 0.000 0.000 0.000 0.000 0.000 0.000 0.000 0.000 0.000 0.001 0.002 0.003 0.003 0.003 0.002 0.002 0.003 0.003 0.003 0.003 0.005 0.007 0.010 0.014 0.016 0.016 0.015 0.013 0.010 0.008 0.007 0.007 0.007 0.006 0.006 0.006 0.006 0.006 0.006 0.006 0.008 0.010 0.013 0.023 0.033 0.036 0.046 0.080 0.133 0.165 0.174
0.000 0.000 0.000 0.000 0.000 0.000 0.000 0.000 0.000 0.000 0.000 0.000 0.000 0.000 0.000 0.000 0.000 0.000 0.000 0.000 0.000 0.000 0.000 0.000 0.000 0.000 0.000 0.000 0.000 0.000 0.000 0.000 0.000 0.000 0.000 0.000 0.000 0.001 0.001 0.001 0.001 0.001 0.001 0.001 0.002 0.002 0.003 0.005 0.006 0.008 0.011 0.013 0.014 0.015 0.013 0.010 0.009 0.009 0.008 0.007 0.006 0.006 0.006 0.006 0.006 0.006 0.007 0.009 0.012 0.020 0.032 0.034 0.038 0.053 0.087 0.131 0.163
0.000 0.000 0.000 0.000 0.000 0.000 0.000 0.000 0.000 0.000 0.000 0.000 0.000 0.000 0.000 0.000 0.000 0.000 0.000 0.000 0.000 0.000 0.000 0.000 0.000 0.000 0.000 0.000 0.000 0.000 0.000 0.000 0.000 0.000 0.000 0.000 0.000 0.000 0.000 0.000 0.000 0.000 0.000 0.000 0.001 0.001 0.002 0.003 0.003 0.004 0.005 0.007 0.011 0.014 0.014 0.011 0.010 0.009 0.009 0.008 0.008 0.007 0.007 0.007 0.007 0.006 0.007 0.008 0.010 0.017 0.028 0.034 0.037 0.045 0.061 0.091 0.134
0.000 0.000 0.000 0.000 0.000 0.000 0.000 0.000 0.000 0.000 0.000 0.000 0.000 0.000 0.000 0.000 0.000 0.000 0.000 0.000 0.000 0.000 0.000 0.000 0.000 0.000 0.000 0.000 0.000 0.000 0.000 0.000 0.000 0.000 0.000 0.000 0.000 0.000 0.000 0.000 0.000 0.000 0.000 0.000 0.000 0.000 0.001 0.001 0.002 0.002 0.003 0.004 0.007 0.011 0.012 0.010 0.009 0.009 0.010 0.010 0.010 0.009 0.008 0.009 0.009 0.007 0.007 0.008 0.009 0.014 0.022 0.030 0.037 0.044 0.051 0.065 0.099
0.000 0.000 0.000 0.000 0.000 0.000 0.000 0.000 0.000 0.000 0.000 0.000 0.000 0.000 0.000 0.000 0.000 0.000 0.000 0.000 0.000 0.000 0.000 0.000 0.000 0.000 0.000 0.000 0.000 0.000 0.000 0.000 0.000 0.000 0.000 0.000 0.000 0.000 0.000 0.000 0.000 0.000 0.000 0.000 0.000 0.000 0.000 0.001 0.001 0.001 0.002 0.003 0.006 0.009 0.010 0.009 0.008 0.009 0.010 0.011 0.011 0.012 0.011 0.011 0.011 0.010 0.007 0.008 0.009 0.011 0.017 0.025 0.034 0.046 0.049 0.052 0.069
0.000 0.000 0.000 0.000 0.000 0.000 0.000 0.000 0.000 0.000 0.000 0.000 0.000 0.000 0.000 0.000 0.000 0.000 0.000 0.000 0.000 0.000 0.000 0.000 0.000 0.000 0.000 0.000 0.000 0.000 0.000 0.000 0.000 0.000 0.000 0.000 0.000 0.000 0.000 0.000 0.000 0.000 0.000 0.000 0.000 0.000 0.000 0.000 0.001 0.001 0.001 0.003 0.004 0.007 0.009 0.009 0.008 0.008 0.009 0.010 0.012 0.013 0.013 0.014 0.014 0.013 0.009 0.008 0.008 0.010 0.014 0.020 0.028 0.044 0.052 0.049 0.052
0.000 0.000 0.000 0.000 0.000 0.000 0.000 0.000 0.000 0.000 0.000 0.000 0.000 0.000 0.000 0.000 0.000 0.000 0.000 0.000 0.000 0.000 0.000 0.000 0.000 0.000 0.000 0.000 0.000 0.000 0.000 0.000 0.000 0.000 0.000 0.000 0.000 0.000 0.000 0.000 0.000 0.000 0.000 0.000 0.000 0.000 0.000 0.000 0.000 0.001 0.001 0.002 0.004 0.006 0.008 0.009 0.008 0.007 0.007 0.009 0.011 0.013 0.014 0.015 0.016 0.016 0.014 0.010 0.009 0.010 0.013 0.018 0.024 0.036 0.052 0.053 0.049
0.000 0.000 0.000 0.000 0.000 0.000 0.000 0.000 0.000 0.000 0.000 0.000 0.000 0.000 0.000 0.000 0.000 0.000 0.000 0.000 0.000 0.000 0.000 0.000 0.000 0.000 0.000 0.000 0.000 0.000 0.000 0.000 0.000 0.000 0.000 0.000 0.000 0.000 0.000 0.000 0.000 0.000 0.000 0.000 0.000 0.000 0.000 0.000 0.000 0.000 0.001 0.001 0.003 0.005 0.007 0.008 0.009 0.008 0.007 0.007 0.009 0.013 0.015 0.016 0.017 0.019 0.019 0.015 0.011 0.010 0.012 0.017 0.022 0.028 0.043 0.054 0.051
0.000 0.000 0.000 0.000 0.000 0.000 0.000 0.000 0.000 0.000 0.000 0.000 0.000 0.000 0.000 0.000 0.000 0.000 0.000 0.000 0.000 0.000 0.000 0.000 0.000 0.000 0.000 0.000 0.000 0.000 0.000 0.000 0.000 0.000 0.000 0.000 0.000 0.000 0.000 0.000 0.000 0.000 0.000 0.000 0.000 0.000 0.000 0.000 0.000 0.000 0.000 0.001 0.002 0.004 0.007 0.008 0.009 0.009 0.008 0.007 0.007 0.010 0.014 0.017 0.019 0.020 0.021 0.020 0.016 0.012 0.013 0.017 0.021 0.025 0.033 0.047 0.053
0.000 0.000 0.000 0.000 0.000 0.000 0.000 0.000 0.000 0.000 0.000 0.000 0.000 0.000 0.000 0.000 0.000 0.000 0.000 0.000 0.000 0.000 0.000 0.000 0.000 0.000 0.000 0.000 0.000 0.000 0.000 0.000 0.000 0.000 0.000 0.000 0.000 0.000 0.000 0.000 0.000 0.000 0.000 0.000 0.000 0.000 0.000 0.000 0.000 0.000 0.000 0.000 0.001 0.002 0.005 0.007 0.009 0.010 0.010 0.008 0.007 0.007 0.010 0.016 0.020 0.022 0.023 0.024 0.022 0.017 0.015 0.018 0.021 0.023 0.027 0.037 0.047
0.000 0.000 0.000 0.000 0.000 0.000 0.000 0.000 0.000 0.000 0.000 0.000 0.000 0.000 0.000 0.000 0.000 0.000 0.000 0.000 0.000 0.000 0.000 0.000 0.000 0.000 0.000 0.000 0.000 0.000 0.000 0.000 0.000 0.000 0.000 0.000 0.000 0.000 0.000 0.000 0.000 0.000 0.000 0.000 0.000 0.000 0.000 0.000 0.000 0.000 0.000 0.000 0.001 0.001 0.003 0.006 0.008 0.010 0.012 0.012 0.009 0.006 0.006 0.011 0.018 0.024 0.027 0.028 0.028 0.024 0.022 0.021 0.022 0.022 0.025 0.030 0.038
0.000 0.000 0.000 0.000 0.000 0.000 0.000 0.000 0.000 0.000 0.000 0.000 0.000 0.000 0.000 0.000 0.000 0.000 0.000 0.000 0.000 0.000 0.000 0.000 0.000 0.000 0.000 0.000 0.000 0.000 0.000 0.000 0.000 0.000 0.000 0.000 0.000 0.000 0.000 0.000 0.000 0.000 0.000 0.000 0.000 0.000 0.000 0.000 0.000 0.000 0.000 0.000 0.000 0.001 0.002 0.004 0.006 0.009 0.012 0.015 0.015 0.008 0.005 0.005 0.008 0.018 0.027 0.031 0.032 0.031 0.029 0.028 0.026 0.024 0.025 0.027 0.031
0.000 0.000 0.000 0.000 0.000 0.000 0.000 0.000 0.000 0.000 0.000 0.000 0.000 0.000 0.000 0.000 0.000 0.000 0.000 0.000 0.000 0.000 0.000 0.000 0.000 0.000 0.000 0.000 0.000 0.000 0.000 0.000 0.000 0.000 0.000 0.000 0.000 0.000 0.000 0.000 0.000 0.000 0.000 0.000 0.000 0.000 0.000 0.000 0.000 0.000 0.000 0.000 0.000 0.000 0.001 0.002 0.004 0.006 0.010 0.015 0.018 0.014 0.007 0.004 0.004 0.006 0.013 0.024 0.031 0.033 0.032 0.032 0.032 0.029 0.027 0.027 0.029
