AvaFrame/avaframe/data/avaGar/Avaflow_Input_Output_sss/gar_results/alr_ascii/alr_hflow0012.asc
ncols 130
nrows 97
xllcenter 247320.75
yllcenter 350697.47
cellsize 20.00
NODATA_value -9999.000
[rows 34 to 67 of 97, columns 0 to 76 of 130]
0.000 0.000 0.000 0.000 0.000 0.000 0.000 0.000 0.000 0.000 0.000 0.000 0.000 0.000 0.000 0.000 0.000 0.000 0.000 0.000 0.000 0.000 0.000 0.000 0.000 0.000 0.000 0.001 0.001 0.000 0.000 0.000 0.001 0.001 0.001 0.001 0.002 0.002 0.002 0.003 0.004 0.007 0.010 0.011 0.010 0.011 0.015 0.028 0.053 0.076 0.090 0.096 0.101 0.108 0.119 0.124 0.111 0.076 0.045 0.026 0.010 0.004 0.003 0.003 0.003 0.003 0.003 0.004 0.004 0.003 0.003 0.002 0.002 0.001 0.001 0.001 0.000
0.000 0.000 0.000 0.000 0.000 0.000 0.000 0.000 0.000 0.000 0.000 0.000 0.000 0.000 0.000 0.000 0.000 0.000 0.000 0.001 0.001 0.001 0.001 0.001 0.000 0.000 0.000 0.000 0.000 0.000 0.000 0.000 0.000 0.001 0.001 0.002 0.002 0.002 0.002 0.002 0.002 0.003 0.004 0.005 0.008 0.012 0.019 0.028 0.037 0.045 0.058 0.078 0.092 0.095 0.094 0.103 0.123 0.136 0.113 0.070 0.034 0.010 0.004 0.003 0.003 0.003 0.004 0.004 0.004 0.004 0.004 0.003 0.003 0.002 0.002 0.001 0.001
0.000 0.000 0.000 0.000 0.000 0.000 0.000 0.000 0.000 0.000 0.000 0.000 0.000 0.000 0.000 0.000 0.000 0.000 0.001 0.001 0.001 0.002 0.002 0.002 0.001 0.001 0.000 0.000 0.000 0.000 0.000 0.000 0.000 0.000 0.001 0.002 0.002 0.003 0.002 0.002 0.002 0.002 0.003 0.004 0.008 0.013 0.020 0.023 0.020 0.017 0.015 0.019 0.024 0.024 0.022 0.023 0.040 0.086 0.127 0.127 0.097 0.045 0.008 0.003 0.003 0.003 0.003 0.004 0.004 0.005 0.005 0.005 0.004 0.003 0.003 0.002 0.001
0.000 0.000 0.000 0.000 0.000 0.000 0.000 0.000 0.000 0.000 0.000 0.000 0.000 0.000 0.001 0.001 0.001 0.001 0.001 0.001 0.001 0.003 0.004 0.004 0.002 0.001 0.001 0.001 0.000 0.000 0.000 0.000 0.000 0.000 0.001 0.001 0.002 0.003 0.003 0.002 0.002 0.002 0.003 0.005 0.008 0.009 0.011 0.012 0.011 0.009 0.007 0.007 0.007 0.008 0.007 0.007 0.008 0.015 0.056 0.114 0.141 0.114 0.046 0.006 0.003 0.003 0.003 0.004 0.004 0.005 0.006 0.006 0.005 0.005 0.004 0.003 0.002
0.000 0.000 0.000 0.000 0.000 0.000 0.000 0.000 0.000 0.000 0.000 0.000 0.000 0.001 0.001 0.002 0.001 0.001 0.001 0.001 0.001 0.002 0.004 0.005 0.006 0.005 0.003 0.002 0.001 0.001 0.001 0.001 0.000 0.001 0.001 0.001 0.002 0.002 0.003 0.003 0.003 0.004 0.005 0.007 0.008 0.008 0.006 0.006 0.006 0.005 0.005 0.004 0.004 0.004 0.004 0.004 0.004 0.005 0.011 0.042 0.099 0.143 0.119 0.034 0.004 0.002 0.002 0.003 0.004 0.005 0.006 0.006 0.006 0.005 0.005 0.004 0.003
0.000 0.000 0.000 0.000 0.000 0.000 0.000 0.000 0.000 0.000 0.000 0.000 0.000 0.000 0.001 0.003 0.002 0.001 0.001 0.001 0.001 0.001 0.002 0.004 0.007 0.008 0.008 0.006 0.004 0.002 0.001 0.001 0.001 0.001 0.001 0.001 0.001 0.002 0.002 0.003 0.004 0.005 0.006 0.007 0.008 0.007 0.005 0.004 0.004 0.004 0.004 0.003 0.003 0.003 0.003 0.003 0.003 0.004 0.005 0.011 0.036 0.096 0.158 0.108 0.022 0.003 0.002 0.002 0.003 0.004 0.005 0.006 0.006 0.006 0.006 0.005 0.004
0.000 0.000 0.000 0.000 0.000 0.000 0.000 0.000 0.000 0.000 0.000 0.000 0.000 0.000 0.001 0.003 0.003 0.001 0.001 0.001 0.001 0.001 0.001 0.002 0.003 0.005 0.008 0.010 0.009 0.007 0.003 0.002 0.001 0.001 0.001 0.001 0.001 0.002 0.003 0.003 0.004 0.005 0.005 0.006 0.007 0.007 0.005 0.004 0.004 0.004 0.004 0.004 0.004 0.003 0.003 0.003 0.003 0.003 0.003 0.005 0.014 0.045 0.123 0.172 0.102 0.026 0.003 0.002 0.002 0.003 0.005 0.006 0.007 0.007 0.007 0.006 0.004
0.000 0.000 0.000 0.000 0.000 0.000 0.000 0.000 0.000 0.000 0.000 0.000 0.000 0.000 0.001 0.002 0.003 0.002 0.001 0.001 0.001 0.001 0.001 0.001 0.002 0.002 0.004 0.007 0.009 0.010 0.008 0.006 0.003 0.001 0.001 0.001 0.001 0.002 0.003 0.004 0.004 0.005 0.004 0.004 0.004 0.005 0.005 0.004 0.004 0.005 0.005 0.006 0.006 0.006 0.006 0.005 0.004 0.004 0.004 0.005 0.009 0.020 0.063 0.145 0.185 0.128 0.042 0.006 0.003 0.003 0.004 0.006 0.008 0.008 0.008 0.006 0.005
0.000 0.000 0.000 0.000 0.000 0.000 0.000 0.000 0.000 0.000 0.000 0.000 0.000 0.001 0.001 0.002 0.003 0.002 0.001 0.001 0.001 0.001 0.001 0.001 0.001 0.002 0.002 0.003 0.005 0.007 0.009 0.011 0.008 0.004 0.002 0.001 0.001 0.002 0.003 0.004 0.005 0.005 0.004 0.004 0.003 0.004 0.004 0.004 0.004 0.004 0.005 0.006 0.007 0.008 0.009 0.009 0.008 0.007 0.007 0.008 0.010 0.013 0.023 0.060 0.140 0.208 0.161 0.065 0.009 0.004 0.005 0.006 0.008 0.009 0.009 0.008 0.006
0.000 0.000 0.000 0.000 0.000 0.000 0.000 0.000 0.000 0.000 0.000 0.000 0.000 0.000 0.001 0.002 0.003 0.002 0.001 0.001 0.001 0.001 0.001 0.001 0.001 0.002 0.002 0.003 0.003 0.005 0.007 0.010 0.012 0.009 0.004 0.002 0.002 0.002 0.003 0.004 0.005 0.005 0.005 0.004 0.004 0.004 0.004 0.004 0.004 0.004 0.004 0.005 0.005 0.006 0.008 0.010 0.011 0.011 0.011 0.011 0.011 0.012 0.013 0.019 0.043 0.117 0.199 0.181 0.068 0.012 0.007 0.007 0.008 0.010 0.010 0.010 0.008
0.000 0.000 0.000 0.000 0.000 0.000 0.000 0.000 0.000 0.000 0.000 0.000 0.000 0.000 0.000 0.001 0.002 0.002 0.001 0.001 0.000 0.001 0.001 0.001 0.001 0.001 0.002 0.002 0.003 0.004 0.006 0.008 0.011 0.013 0.010 0.005 0.003 0.003 0.003 0.004 0.005 0.005 0.005 0.005 0.004 0.004 0.004 0.004 0.004 0.004 0.004 0.004 0.004 0.004 0.004 0.005 0.008 0.010 0.010 0.010 0.010 0.009 0.008 0.008 0.012 0.028 0.102 0.206 0.173 0.053 0.018 0.012 0.011 0.011 0.012 0.011 0.011
0.000 0.000 0.000 0.000 0.000 0.000 0.000 0.000 0.000 0.000 0.000 0.000 0.000 0.000 0.000 0.000 0.001 0.001 0.001 0.000 0.000 0.000 0.000 0.001 0.001 0.002 0.002 0.003 0.003 0.004 0.005 0.007 0.009 0.012 0.015 0.012 0.006 0.004 0.003 0.004 0.005 0.006 0.006 0.006 0.006 0.005 0.004 0.004 0.004 0.004 0.004 0.004 0.004 0.004 0.004 0.004 0.004 0.005 0.007 0.007 0.007 0.005 0.005 0.005 0.005 0.010 0.034 0.129 0.214 0.128 0.046 0.025 0.017 0.015 0.014 0.015 0.015
0.000 0.000 0.000 0.000 0.000 0.000 0.000 0.000 0.000 0.000 0.000 0.000 0.000 0.000 0.000 0.000 0.000 0.000 0.000 0.000 0.000 0.000 0.000 0.001 0.001 0.002 0.002 0.003 0.004 0.005 0.005 0.007 0.008 0.010 0.014 0.017 0.012 0.005 0.004 0.004 0.004 0.006 0.006 0.007 0.007 0.008 0.006 0.004 0.004 0.004 0.004 0.004 0.004 0.004 0.004 0.004 0.004 0.004 0.005 0.006 0.006 0.005 0.004 0.004 0.004 0.006 0.016 0.062 0.171 0.181 0.099 0.049 0.030 0.023 0.022 0.025 0.027
0.000 0.000 0.000 0.000 0.000 0.000 0.000 0.000 0.000 0.000 0.000 0.000 0.000 0.000 0.000 0.000 0.000 0.000 0.000 0.000 0.000 0.000 0.000 0.000 0.001 0.001 0.002 0.003 0.004 0.005 0.005 0.006 0.008 0.008 0.011 0.018 0.018 0.009 0.005 0.004 0.004 0.005 0.006 0.007 0.008 0.010 0.010 0.006 0.004 0.004 0.004 0.004 0.004 0.004 0.004 0.004 0.004 0.004 0.005 0.005 0.006 0.005 0.004 0.004 0.005 0.006 0.010 0.027 0.100 0.183 0.153 0.086 0.053 0.036 0.029 0.028 0.030
0.000 0.000 0.000 0.000 0.000 0.000 0.000 0.000 0.000 0.000 0.000 0.000 0.000 0.000 0.000 0.000 0.000 0.000 0.000 0.000 0.000 0.000 0.000 0.000 0.000 0.001 0.001 0.002 0.004 0.005 0.006 0.006 0.008 0.008 0.008 0.014 0.019 0.014 0.007 0.005 0.004 0.004 0.005 0.006 0.007 0.010 0.012 0.008 0.005 0.004 0.004 0.004 0.004 0.004 0.004 0.004 0.004 0.004 0.004 0.004 0.005 0.005 0.005 0.005 0.005 0.005 0.007 0.015 0.047 0.141 0.175 0.128 0.084 0.057 0.040 0.027 0.026
0.000 0.000 0.000 0.000 0.000 0.000 0.000 0.000 0.000 0.000 0.000 0.000 0.000 0.000 0.000 0.000 0.000 0.000 0.000 0.000 0.000 0.000 0.000 0.000 0.000 0.000 0.001 0.001 0.002 0.004 0.006 0.007 0.008 0.010 0.010 0.011 0.015 0.016 0.012 0.008 0.005 0.004 0.004 0.005 0.006 0.009 0.012 0.011 0.008 0.005 0.004 0.004 0.004 0.004 0.004 0.004 0.004 0.004 0.004 0.004 0.005 0.005 0.005 0.005 0.004 0.005 0.006 0.010 0.026 0.083 0.159 0.154 0.115 0.086 0.062 0.037 0.024
0.000 0.000 0.000 0.000 0.000 0.000 0.000 0.000 0.000 0.000 0.000 0.000 0.000 0.000 0.000 0.000 0.000 0.000 0.000 0.000 0.000 0.000 0.000 0.000 0.000 0.000 0.000 0.000 0.001 0.002 0.004 0.006 0.008 0.011 0.015 0.015 0.011 0.012 0.013 0.011 0.007 0.004 0.004 0.004 0.005 0.007 0.010 0.012 0.012 0.008 0.005 0.004 0.004 0.004 0.004 0.004 0.004 0.004 0.003 0.003 0.004 0.005 0.005 0.005 0.004 0.004 0.005 0.008 0.017 0.043 0.111 0.155 0.140 0.115 0.091 0.062 0.034
0.000 0.000 0.000 0.000 0.000 0.000 0.000 0.000 0.000 0.000 0.000 0.000 0.000 0.000 0.000 0.000 0.000 0.000 0.000 0.000 0.000 0.000 0.000 0.000 0.000 0.000 0.000 0.000 0.000 0.001 0.002 0.003 0.005 0.009 0.015 0.021 0.015 0.009 0.010 0.011 0.009 0.005 0.004 0.004 0.004 0.005 0.007 0.011 0.013 0.011 0.007 0.006 0.006 0.005 0.004 0.004 0.004 0.004 0.003 0.003 0.003 0.004 0.004 0.004 0.004 0.004 0.005 0.007 0.013 0.028 0.064 0.126 0.147 0.134 0.118 0.096 0.061
0.000 0.000 0.000 0.000 0.000 0.000 0.000 0.000 0.000 0.000 0.000 0.000 0.000 0.000 0.000 0.000 0.000 0.000 0.000 0.000 0.000 0.000 0.000 0.000 0.000 0.000 0.000 0.000 0.000 0.000 0.001 0.001 0.002 0.005 0.011 0.020 0.021 0.013 0.008 0.008 0.008 0.006 0.004 0.004 0.004 0.005 0.006 0.009 0.012 0.012 0.010 0.010 0.009 0.007 0.005 0.004 0.004 0.003 0.003 0.003 0.003 0.003 0.004 0.004 0.005 0.006 0.006 0.007 0.012 0.021 0.039 0.081 0.131 0.142 0.134 0.122 0.097
0.000 0.000 0.000 0.000 0.000 0.000 0.000 0.000 0.000 0.000 0.000 0.000 0.000 0.000 0.000 0.000 0.000 0.000 0.000 0.000 0.000 0.000 0.000 0.000 0.000 0.000 0.000 0.000 0.000 0.000 0.000 0.000 0.001 0.002 0.005 0.014 0.020 0.018 0.010 0.007 0.007 0.007 0.005 0.003 0.004 0.004 0.005 0.007 0.009 0.012 0.013 0.013 0.013 0.011 0.008 0.005 0.004 0.004 0.003 0.003 0.003 0.003 0.003 0.004 0.006 0.007 0.008 0.008 0.011 0.019 0.030 0.048 0.094 0.132 0.140 0.138 0.125
0.000 0.000 0.000 0.000 0.000 0.000 0.000 0.000 0.000 0.000 0.000 0.000 0.000 0.000 0.000 0.000 0.000 0.000 0.000 0.000 0.000 0.000 0.000 0.000 0.000 0.000 0.000 0.000 0.000 0.000 0.000 0.000 0.000 0.001 0.002 0.007 0.015 0.018 0.013 0.008 0.006 0.006 0.005 0.004 0.003 0.004 0.005 0.006 0.009 0.012 0.013 0.015 0.016 0.015 0.012 0.007 0.005 0.004 0.003 0.003 0.003 0.003 0.003 0.004 0.005 0.006 0.008 0.009 0.012 0.020 0.028 0.035 0.057 0.101 0.132 0.140 0.138
0.000 0.000 0.000 0.000 0.000 0.000 0.000 0.000 0.000 0.000 0.000 0.000 0.000 0.000 0.000 0.000 0.000 0.000 0.000 0.000 0.000 0.000 0.000 0.000 0.000 0.000 0.000 0.000 0.000 0.000 0.000 0.000 0.000 0.000 0.001 0.002 0.007 0.012 0.013 0.009 0.006 0.004 0.004 0.004 0.003 0.004 0.004 0.006 0.008 0.011 0.014 0.016 0.017 0.016 0.013 0.008 0.005 0.004 0.003 0.003 0.003 0.003 0.004 0.004 0.005 0.005 0.006 0.008 0.011 0.019 0.027 0.030 0.038 0.064 0.104 0.130 0.138
0.000 0.000 0.000 0.000 0.000 0.000 0.000 0.000 0.000 0.000 0.000 0.000 0.000 0.000 0.000 0.000 0.000 0.000 0.000 0.000 0.000 0.000 0.000 0.000 0.000 0.000 0.000 0.000 0.000 0.000 0.000 0.000 0.000 0.000 0.000 0.001 0.002 0.004 0.006 0.006 0.005 0.004 0.003 0.003 0.003 0.003 0.004 0.006 0.007 0.009 0.012 0.016 0.017 0.016 0.014 0.009 0.006 0.006 0.005 0.005 0.005 0.005 0.005 0.005 0.005 0.005 0.006 0.007 0.010 0.017 0.027 0.029 0.032 0.043 0.070 0.104 0.130
0.000 0.000 0.000 0.000 0.000 0.000 0.000 0.000 0.000 0.000 0.000 0.000 0.000 0.000 0.000 0.000 0.000 0.000 0.000 0.000 0.000 0.000 0.000 0.000 0.000 0.000 0.000 0.000 0.000 0.000 0.000 0.000 0.000 0.000 0.000 0.000 0.000 0.001 0.001 0.002 0.002 0.002 0.001 0.001 0.001 0.002 0.003 0.004 0.005 0.006 0.008 0.012 0.015 0.015 0.013 0.010 0.009 0.008 0.008 0.007 0.007 0.006 0.006 0.006 0.006 0.005 0.005 0.006 0.008 0.014 0.024 0.028 0.031 0.037 0.050 0.074 0.107
0.000 0.000 0.000 0.000 0.000 0.000 0.000 0.000 0.000 0.000 0.000 0.000 0.000 0.000 0.000 0.000 0.000 0.000 0.000 0.000 0.000 0.000 0.000 0.000 0.000 0.000 0.000 0.000 0.000 0.000 0.000 0.000 0.000 0.000 0.000 0.000 0.000 0.000 0.000 0.000 0.000 0.000 0.000 0.000 0.000 0.001 0.001 0.002 0.003 0.004 0.005 0.007 0.010 0.011 0.012 0.011 0.010 0.010 0.010 0.009 0.009 0.008 0.007 0.007 0.007 0.006 0.005 0.006 0.007 0.011 0.019 0.026 0.031 0.037 0.042 0.053 0.078
0.000 0.000 0.000 0.000 0.000 0.000 0.000 0.000 0.000 0.000 0.000 0.000 0.000 0.000 0.000 0.000 0.000 0.000 0.000 0.000 0.000 0.000 0.000 0.000 0.000 0.000 0.000 0.000 0.000 0.000 0.000 0.000 0.000 0.000 0.000 0.000 0.000 0.000 0.000 0.000 0.000 0.000 0.000 0.000 0.000 0.000 0.000 0.001 0.002 0.002 0.003 0.004 0.005 0.008 0.011 0.011 0.010 0.009 0.009 0.009 0.010 0.010 0.009 0.009 0.009 0.007 0.006 0.006 0.007 0.009 0.014 0.021 0.030 0.039 0.041 0.044 0.057
0.000 0.000 0.000 0.000 0.000 0.000 0.000 0.000 0.000 0.000 0.000 0.000 0.000 0.000 0.000 0.000 0.000 0.000 0.000 0.000 0.000 0.000 0.000 0.000 0.000 0.000 0.000 0.000 0.000 0.000 0.000 0.000 0.000 0.000 0.000 0.000 0.000 0.000 0.000 0.000 0.000 0.000 0.000 0.000 0.000 0.000 0.000 0.000 0.001 0.001 0.002 0.002 0.004 0.006 0.009 0.010 0.009 0.008 0.008 0.009 0.010 0.010 0.011 0.011 0.011 0.010 0.007 0.006 0.007 0.008 0.011 0.017 0.025 0.039 0.044 0.042 0.045
0.000 0.000 0.000 0.000 0.000 0.000 0.000 0.000 0.000 0.000 0.000 0.000 0.000 0.000 0.000 0.000 0.000 0.000 0.000 0.000 0.000 0.000 0.000 0.000 0.000 0.000 0.000 0.000 0.000 0.000 0.000 0.000 0.000 0.000 0.000 0.000 0.000 0.000 0.000 0.000 0.000 0.000 0.000 0.000 0.000 0.000 0.000 0.000 0.000 0.001 0.001 0.001 0.003 0.005 0.008 0.009 0.008 0.007 0.007 0.008 0.009 0.011 0.012 0.012 0.013 0.013 0.011 0.008 0.007 0.008 0.010 0.014 0.021 0.033 0.045 0.045 0.042
0.000 0.000 0.000 0.000 0.000 0.000 0.000 0.000 0.000 0.000 0.000 0.000 0.000 0.000 0.000 0.000 0.000 0.000 0.000 0.000 0.000 0.000 0.000 0.000 0.000 0.000 0.000 0.000 0.000 0.000 0.000 0.000 0.000 0.000 0.000 0.000 0.000 0.000 0.000 0.000 0.000 0.000 0.000 0.000 0.000 0.000 0.000 0.000 0.000 0.000 0.001 0.001 0.002 0.004 0.007 0.008 0.008 0.007 0.006 0.006 0.008 0.010 0.012 0.013 0.014 0.015 0.015 0.012 0.009 0.008 0.010 0.014 0.019 0.026 0.040 0.047 0.044
0.000 0.000 0.000 0.000 0.000 0.000 0.000 0.000 0.000 0.000 0.000 0.000 0.000 0.000 0.000 0.000 0.000 0.000 0.000 0.000 0.000 0.000 0.000 0.000 0.000 0.000 0.000 0.000 0.000 0.000 0.000 0.000 0.000 0.000 0.000 0.000 0.000 0.000 0.000 0.000 0.000 0.000 0.000 0.000 0.000 0.000 0.000 0.000 0.000 0.000 0.000 0.001 0.002 0.004 0.006 0.008 0.008 0.008 0.007 0.006 0.006 0.008 0.011 0.014 0.015 0.016 0.017 0.016 0.012 0.010 0.010 0.014 0.018 0.022 0.031 0.043 0.046
0.000 0.000 0.000 0.000 0.000 0.000 0.000 0.000 0.000 0.000 0.000 0.000 0.000 0.000 0.000 0.000 0.000 0.000 0.000 0.000 0.000 0.000 0.000 0.000 0.000 0.000 0.000 0.000 0.000 0.000 0.000 0.000 0.000 0.000 0.000 0.000 0.000 0.000 0.000 0.000 0.000 0.000 0.000 0.000 0.000 0.000 0.000 0.000 0.000 0.000 0.000 0.000 0.001 0.003 0.005 0.007 0.008 0.009 0.008 0.007 0.006 0.006 0.008 0.013 0.016 0.018 0.019 0.019 0.017 0.013 0.012 0.014 0.017 0.019 0.024 0.034 0.042
0.000 0.000 0.000 0.000 0.000 0.000 0.000 0.000 0.000 0.000 0.000 0.000 0.000 0.000 0.000 0.000 0.000 0.000 0.000 0.000 0.000 0.000 0.000 0.000 0.000 0.000 0.000 0.000 0.000 0.000 0.000 0.000 0.000 0.000 0.000 0.000 0.000 0.000 0.000 0.000 0.000 0.000 0.000 0.000 0.000 0.000 0.000 0.000 0.000 0.000 0.000 0.000 0.001 0.001 0.003 0.005 0.007 0.009 0.010 0.010 0.008 0.005 0.005 0.008 0.014 0.019 0.022 0.023 0.023 0.020 0.017 0.017 0.018 0.018 0.021 0.026 0.034
0.000 0.000 0.000 0.000 0.000 0.000 0.000 0.000 0.000 0.000 0.000 0.000 0.000 0.000 0.000 0.000 0.000 0.000 0.000 0.000 0.000 0.000 0.000 0.000 0.000 0.000 0.000 0.000 0.000 0.000 0.000 0.000 0.000 0.000 0.000 0.000 0.000 0.000 0.000 0.000 0.000 0.000 0.000 0.000 0.000 0.000 0.000 0.000 0.000 0.000 0.000 0.000 0.000 0.001 0.002 0.003 0.006 0.008 0.010 0.013 0.012 0.007 0.004 0.004 0.007 0.014 0.022 0.025 0.026 0.025 0.024 0.022 0.021 0.020 0.020 0.023 0.027
0.000 0.000 0.000 0.000 0.000 0.000 0.000 0.000 0.000 0.000 0.000 0.000 0.000 0.000 0.000 0.000 0.000 0.000 0.000 0.000 0.000 0.000 0.000 0.000 0.000 0.000 0.000 0.000 0.000 0.000 0.000 0.000 0.000 0.000 0.000 0.000 0.000 0.000 0.000 0.000 0.000 0.000 0.000 0.000 0.000 0.000 0.000 0.000 0.000 0.000 0.000 0.000 0.000 0.000 0.001 0.002 0.004 0.006 0.009 0.013 0.015 0.012 0.006 0.004 0.004 0.005 0.011 0.019 0.025 0.027 0.026 0.027 0.026 0.023 0.022 0.022 0.024
