AvaFrame/avaframe/data/avaGar/Avaflow_Input_Output_sss/gar_results/alr_ascii/alr_hflow0004.asc
ncols 130
nrows 97
xllcenter 247320.75
yllcenter 350697.47
cellsize 20.00
NODATA_value -9999.000
[rows 34 to 67 of 97, columns 0 to 76 of 130]
0.000 0.000 0.000 0.000 0.000 0.000 0.000 0.000 0.000 0.000 0.000 0.000 0.002 0.003 0.003 0.003 0.003 0.005 0.009 0.012 0.011 0.010 0.008 0.005 0.004 0.003 0.003 0.004 0.004 0.005 0.006 0.006 0.006 0.007 0.009 0.013 0.016 0.019 0.024 0.034 0.050 0.079 0.113 0.127 0.122 0.129 0.167 0.276 0.441 0.601 0.747 0.879 0.972 1.061 1.169 1.260 1.345 1.723 2.515 2.915 2.470 1.275 0.249 0.038 0.014 0.012 0.011 0.009 0.008 0.006 0.004 0.002 0.001 0.001 0.000 0.000 0.000
0.000 0.000 0.000 0.000 0.000 0.000 0.000 0.000 0.000 0.000 0.000 0.000 0.001 0.003 0.003 0.003 0.003 0.005 0.009 0.015 0.018 0.018 0.015 0.008 0.004 0.003 0.003 0.004 0.005 0.006 0.007 0.008 0.008 0.009 0.011 0.015 0.017 0.017 0.017 0.018 0.020 0.028 0.044 0.063 0.091 0.132 0.193 0.300 0.457 0.631 0.836 1.004 1.066 1.066 0.998 0.921 0.984 1.493 2.705 4.190 4.508 2.988 0.616 0.074 0.021 0.017 0.015 0.014 0.012 0.009 0.007 0.005 0.003 0.002 0.001 0.000 0.000
0.000 0.000 0.000 0.000 0.000 0.000 0.000 0.000 0.000 0.000 0.000 0.000 0.001 0.002 0.003 0.003 0.003 0.005 0.008 0.015 0.024 0.029 0.027 0.017 0.007 0.004 0.004 0.004 0.005 0.006 0.007 0.008 0.010 0.012 0.014 0.017 0.020 0.021 0.019 0.017 0.018 0.022 0.031 0.049 0.083 0.139 0.219 0.310 0.375 0.419 0.461 0.479 0.465 0.428 0.348 0.278 0.258 0.492 1.585 3.923 5.030 3.977 0.966 0.098 0.025 0.021 0.020 0.019 0.017 0.014 0.011 0.008 0.005 0.003 0.002 0.001 0.000
0.000 0.000 0.000 0.000 0.000 0.000 0.000 0.000 0.000 0.000 0.000 0.000 0.000 0.001 0.003 0.003 0.003 0.004 0.007 0.012 0.021 0.031 0.035 0.030 0.018 0.009 0.006 0.006 0.006 0.006 0.006 0.007 0.008 0.010 0.012 0.015 0.019 0.021 0.022 0.021 0.020 0.024 0.032 0.053 0.084 0.116 0.155 0.185 0.181 0.165 0.148 0.132 0.126 0.124 0.119 0.117 0.117 0.121 0.325 2.032 3.929 3.658 1.101 0.118 0.026 0.021 0.022 0.023 0.022 0.021 0.017 0.013 0.009 0.006 0.003 0.002 0.001
0.000 0.000 0.000 0.000 0.000 0.000 0.000 0.000 0.000 0.000 0.000 0.000 0.000 0.000 0.001 0.003 0.003 0.003 0.004 0.006 0.011 0.021 0.031 0.034 0.030 0.020 0.013 0.011 0.009 0.006 0.006 0.007 0.008 0.009 0.010 0.012 0.015 0.018 0.022 0.024 0.026 0.030 0.041 0.060 0.078 0.079 0.070 0.067 0.066 0.062 0.058 0.054 0.053 0.055 0.059 0.066 0.074 0.084 0.121 0.487 1.383 1.653 0.759 0.159 0.032 0.020 0.021 0.024 0.025 0.025 0.023 0.019 0.014 0.009 0.006 0.003 0.002
0.000 0.000 0.000 0.000 0.000 0.000 0.000 0.000 0.000 0.000 0.000 0.000 0.000 0.000 0.001 0.001 0.002 0.002 0.002 0.003 0.005 0.009 0.018 0.026 0.029 0.025 0.020 0.017 0.013 0.009 0.007 0.008 0.009 0.008 0.009 0.012 0.015 0.018 0.022 0.026 0.030 0.036 0.046 0.060 0.066 0.055 0.037 0.031 0.030 0.029 0.029 0.030 0.032 0.035 0.040 0.045 0.048 0.051 0.063 0.131 0.290 0.402 0.345 0.201 0.082 0.027 0.020 0.022 0.026 0.028 0.028 0.025 0.021 0.015 0.010 0.006 0.003
0.000 0.000 0.000 0.000 0.000 0.000 0.000 0.000 0.000 0.000 0.000 0.000 0.000 0.000 0.000 0.000 0.001 0.001 0.001 0.002 0.003 0.005 0.009 0.013 0.016 0.018 0.019 0.018 0.016 0.013 0.011 0.010 0.009 0.008 0.009 0.011 0.015 0.018 0.022 0.027 0.032 0.037 0.042 0.046 0.044 0.036 0.024 0.019 0.018 0.019 0.021 0.025 0.030 0.032 0.035 0.035 0.032 0.026 0.026 0.037 0.067 0.115 0.181 0.209 0.165 0.080 0.028 0.023 0.027 0.031 0.032 0.031 0.028 0.023 0.016 0.010 0.006
0.000 0.000 0.000 0.000 0.000 0.000 0.000 0.000 0.000 0.000 0.000 0.000 0.000 0.000 0.000 0.000 0.000 0.000 0.001 0.001 0.002 0.003 0.005 0.006 0.008 0.009 0.011 0.013 0.014 0.014 0.013 0.013 0.010 0.008 0.009 0.011 0.014 0.018 0.022 0.028 0.033 0.037 0.035 0.028 0.024 0.020 0.016 0.013 0.013 0.014 0.018 0.025 0.032 0.036 0.035 0.032 0.024 0.018 0.016 0.020 0.033 0.058 0.107 0.172 0.207 0.173 0.085 0.037 0.032 0.035 0.037 0.037 0.036 0.032 0.024 0.016 0.010
0.000 0.000 0.000 0.000 0.000 0.000 0.000 0.000 0.000 0.000 0.000 0.000 0.000 0.000 0.000 0.000 0.000 0.000 0.000 0.000 0.001 0.001 0.002 0.003 0.004 0.005 0.006 0.007 0.008 0.010 0.012 0.013 0.011 0.008 0.008 0.009 0.012 0.016 0.022 0.028 0.033 0.035 0.030 0.019 0.015 0.012 0.011 0.010 0.010 0.011 0.014 0.020 0.028 0.034 0.037 0.034 0.027 0.021 0.019 0.021 0.029 0.047 0.080 0.136 0.197 0.224 0.182 0.102 0.053 0.045 0.045 0.045 0.044 0.041 0.035 0.026 0.016
0.000 0.000 0.000 0.000 0.000 0.000 0.000 0.000 0.000 0.000 0.000 0.000 0.000 0.000 0.000 0.000 0.000 0.000 0.000 0.000 0.000 0.000 0.001 0.001 0.002 0.002 0.003 0.003 0.004 0.006 0.008 0.010 0.010 0.008 0.007 0.007 0.010 0.014 0.019 0.025 0.027 0.028 0.022 0.014 0.011 0.009 0.009 0.009 0.009 0.010 0.011 0.014 0.017 0.022 0.027 0.031 0.030 0.028 0.026 0.027 0.033 0.045 0.066 0.104 0.165 0.215 0.230 0.195 0.118 0.072 0.061 0.057 0.054 0.052 0.047 0.039 0.027
0.000 0.000 0.000 0.000 0.000 0.000 0.000 0.000 0.000 0.000 0.000 0.000 0.000 0.000 0.000 0.000 0.000 0.000 0.000 0.000 0.000 0.000 0.000 0.000 0.001 0.001 0.001 0.002 0.002 0.003 0.004 0.005 0.005 0.006 0.005 0.005 0.006 0.009 0.013 0.015 0.016 0.016 0.014 0.011 0.009 0.008 0.008 0.009 0.009 0.010 0.011 0.012 0.013 0.014 0.016 0.021 0.025 0.028 0.029 0.030 0.034 0.039 0.048 0.064 0.100 0.160 0.214 0.231 0.198 0.134 0.094 0.078 0.070 0.065 0.060 0.053 0.042
0.000 0.000 0.000 0.000 0.000 0.000 0.000 0.000 0.000 0.000 0.000 0.000 0.000 0.000 0.000 0.000 0.000 0.000 0.000 0.000 0.000 0.000 0.000 0.000 0.000 0.000 0.000 0.000 0.001 0.001 0.001 0.002 0.002 0.002 0.002 0.003 0.003 0.005 0.006 0.007 0.008 0.009 0.009 0.009 0.009 0.009 0.009 0.009 0.010 0.011 0.012 0.013 0.013 0.014 0.015 0.016 0.019 0.024 0.029 0.032 0.033 0.035 0.038 0.046 0.062 0.100 0.167 0.221 0.232 0.202 0.154 0.116 0.095 0.084 0.076 0.069 0.059
0.000 0.000 0.000 0.000 0.000 0.000 0.000 0.000 0.000 0.000 0.000 0.000 0.000 0.000 0.000 0.000 0.000 0.000 0.000 0.000 0.000 0.000 0.000 0.000 0.000 0.000 0.000 0.000 0.000 0.000 0.000 0.000 0.001 0.001 0.001 0.001 0.001 0.002 0.003 0.003 0.004 0.005 0.006 0.007 0.009 0.011 0.011 0.011 0.011 0.013 0.014 0.015 0.016 0.016 0.017 0.017 0.019 0.024 0.030 0.034 0.036 0.036 0.038 0.044 0.055 0.077 0.121 0.185 0.229 0.232 0.210 0.172 0.135 0.112 0.100 0.091 0.080
0.000 0.000 0.000 0.000 0.000 0.000 0.000 0.000 0.000 0.000 0.000 0.000 0.000 0.000 0.000 0.000 0.000 0.000 0.000 0.000 0.000 0.000 0.000 0.000 0.000 0.000 0.000 0.000 0.000 0.000 0.000 0.000 0.000 0.000 0.000 0.000 0.000 0.001 0.001 0.002 0.003 0.004 0.005 0.006 0.008 0.012 0.015 0.013 0.013 0.014 0.016 0.018 0.019 0.019 0.020 0.021 0.022 0.025 0.031 0.037 0.040 0.041 0.042 0.046 0.054 0.068 0.094 0.141 0.202 0.237 0.237 0.219 0.188 0.155 0.132 0.117 0.104
0.000 0.000 0.000 0.000 0.000 0.000 0.000 0.000 0.000 0.000 0.000 0.000 0.000 0.000 0.000 0.000 0.000 0.000 0.000 0.000 0.000 0.000 0.000 0.000 0.000 0.000 0.000 0.000 0.000 0.000 0.000 0.000 0.000 0.000 0.000 0.000 0.000 0.000 0.001 0.001 0.002 0.003 0.004 0.006 0.008 0.012 0.016 0.016 0.015 0.017 0.018 0.020 0.021 0.022 0.024 0.025 0.026 0.028 0.032 0.038 0.043 0.047 0.048 0.050 0.055 0.065 0.082 0.110 0.162 0.220 0.244 0.244 0.233 0.208 0.177 0.149 0.130
0.000 0.000 0.000 0.000 0.000 0.000 0.000 0.000 0.000 0.000 0.000 0.000 0.000 0.000 0.000 0.000 0.000 0.000 0.000 0.000 0.000 0.000 0.000 0.000 0.000 0.000 0.000 0.000 0.000 0.000 0.000 0.000 0.000 0.000 0.000 0.000 0.000 0.000 0.000 0.001 0.001 0.002 0.003 0.005 0.007 0.011 0.016 0.019 0.020 0.021 0.021 0.022 0.024 0.026 0.028 0.030 0.031 0.033 0.035 0.039 0.045 0.051 0.054 0.056 0.059 0.065 0.076 0.096 0.129 0.183 0.235 0.253 0.256 0.250 0.231 0.197 0.161
0.000 0.000 0.000 0.000 0.000 0.000 0.000 0.000 0.000 0.000 0.000 0.000 0.000 0.000 0.000 0.000 0.000 0.000 0.000 0.000 0.000 0.000 0.000 0.000 0.000 0.000 0.000 0.000 0.000 0.000 0.000 0.000 0.000 0.000 0.000 0.000 0.000 0.000 0.000 0.000 0.001 0.002 0.003 0.004 0.007 0.010 0.014 0.019 0.023 0.024 0.023 0.025 0.027 0.029 0.032 0.035 0.037 0.039 0.040 0.043 0.048 0.055 0.060 0.062 0.064 0.066 0.075 0.090 0.113 0.149 0.205 0.248 0.265 0.271 0.268 0.248 0.209
0.000 0.000 0.000 0.000 0.000 0.000 0.000 0.000 0.000 0.000 0.000 0.000 0.000 0.000 0.000 0.000 0.000 0.000 0.000 0.000 0.000 0.000 0.000 0.000 0.000 0.000 0.000 0.000 0.000 0.000 0.000 0.000 0.000 0.000 0.000 0.000 0.000 0.000 0.000 0.000 0.000 0.001 0.002 0.003 0.005 0.008 0.012 0.018 0.023 0.025 0.026 0.030 0.033 0.034 0.036 0.039 0.043 0.045 0.046 0.048 0.052 0.058 0.066 0.070 0.070 0.072 0.077 0.088 0.105 0.131 0.170 0.225 0.262 0.278 0.286 0.282 0.260
0.000 0.000 0.000 0.000 0.000 0.000 0.000 0.000 0.000 0.000 0.000 0.000 0.000 0.000 0.000 0.000 0.000 0.000 0.000 0.000 0.000 0.000 0.000 0.000 0.000 0.000 0.000 0.000 0.000 0.000 0.000 0.000 0.000 0.000 0.000 0.000 0.000 0.000 0.000 0.000 0.000 0.000 0.001 0.002 0.004 0.006 0.010 0.016 0.021 0.025 0.027 0.032 0.036 0.037 0.040 0.043 0.047 0.051 0.053 0.055 0.058 0.062 0.070 0.078 0.082 0.083 0.086 0.091 0.104 0.122 0.146 0.188 0.240 0.273 0.291 0.301 0.299
0.000 0.000 0.000 0.000 0.000 0.000 0.000 0.000 0.000 0.000 0.000 0.000 0.000 0.000 0.000 0.000 0.000 0.000 0.000 0.000 0.000 0.000 0.000 0.000 0.000 0.000 0.000 0.000 0.000 0.000 0.000 0.000 0.000 0.000 0.000 0.000 0.000 0.000 0.000 0.000 0.000 0.000 0.000 0.001 0.002 0.004 0.007 0.012 0.017 0.023 0.027 0.032 0.036 0.039 0.042 0.046 0.050 0.056 0.060 0.063 0.066 0.068 0.073 0.081 0.090 0.095 0.096 0.098 0.105 0.119 0.135 0.159 0.202 0.249 0.284 0.310 0.324
0.000 0.000 0.000 0.000 0.000 0.000 0.000 0.000 0.000 0.000 0.000 0.000 0.000 0.000 0.000 0.000 0.000 0.000 0.000 0.000 0.000 0.000 0.000 0.000 0.000 0.000 0.000 0.000 0.000 0.000 0.000 0.000 0.000 0.000 0.000 0.000 0.000 0.000 0.000 0.000 0.000 0.000 0.000 0.000 0.001 0.002 0.004 0.007 0.012 0.018 0.024 0.030 0.035 0.039 0.043 0.047 0.052 0.058 0.064 0.069 0.075 0.077 0.080 0.084 0.091 0.098 0.103 0.106 0.111 0.120 0.132 0.147 0.172 0.214 0.263 0.306 0.337
0.000 0.000 0.000 0.000 0.000 0.000 0.000 0.000 0.000 0.000 0.000 0.000 0.000 0.000 0.000 0.000 0.000 0.000 0.000 0.000 0.000 0.000 0.000 0.000 0.000 0.000 0.000 0.000 0.000 0.000 0.000 0.000 0.000 0.000 0.000 0.000 0.000 0.000 0.000 0.000 0.000 0.000 0.000 0.000 0.000 0.001 0.002 0.004 0.007 0.011 0.017 0.024 0.031 0.036 0.041 0.046 0.051 0.058 0.064 0.072 0.079 0.086 0.090 0.092 0.095 0.101 0.108 0.113 0.118 0.125 0.134 0.144 0.160 0.189 0.237 0.295 0.336
0.000 0.000 0.000 0.000 0.000 0.000 0.000 0.000 0.000 0.000 0.000 0.000 0.000 0.000 0.000 0.000 0.000 0.000 0.000 0.000 0.000 0.000 0.000 0.000 0.000 0.000 0.000 0.000 0.000 0.000 0.000 0.000 0.000 0.000 0.000 0.000 0.000 0.000 0.000 0.000 0.000 0.000 0.000 0.000 0.000 0.000 0.001 0.002 0.003 0.005 0.009 0.014 0.021 0.029 0.035 0.042 0.049 0.056 0.063 0.072 0.080 0.088 0.097 0.103 0.104 0.107 0.112 0.118 0.125 0.133 0.140 0.147 0.158 0.177 0.212 0.269 0.320
0.000 0.000 0.000 0.000 0.000 0.000 0.000 0.000 0.000 0.000 0.000 0.000 0.000 0.000 0.000 0.000 0.000 0.000 0.000 0.000 0.000 0.000 0.000 0.000 0.000 0.000 0.000 0.000 0.000 0.000 0.000 0.000 0.000 0.000 0.000 0.000 0.000 0.000 0.000 0.000 0.000 0.000 0.000 0.000 0.000 0.000 0.000 0.001 0.001 0.002 0.004 0.007 0.011 0.017 0.024 0.032 0.041 0.051 0.060 0.071 0.080 0.089 0.099 0.110 0.115 0.115 0.118 0.124 0.131 0.142 0.151 0.154 0.161 0.173 0.193 0.224 0.265
0.000 0.000 0.000 0.000 0.000 0.000 0.000 0.000 0.000 0.000 0.000 0.000 0.000 0.000 0.000 0.000 0.000 0.000 0.000 0.000 0.000 0.000 0.000 0.000 0.000 0.000 0.000 0.000 0.000 0.000 0.000 0.000 0.000 0.000 0.000 0.000 0.000 0.000 0.000 0.000 0.000 0.000 0.000 0.000 0.000 0.000 0.000 0.000 0.000 0.001 0.002 0.003 0.005 0.008 0.013 0.019 0.028 0.039 0.052 0.066 0.079 0.089 0.099 0.113 0.124 0.125 0.125 0.130 0.138 0.149 0.161 0.166 0.169 0.176 0.186 0.201 0.221
0.000 0.000 0.000 0.000 0.000 0.000 0.000 0.000 0.000 0.000 0.000 0.000 0.000 0.000 0.000 0.000 0.000 0.000 0.000 0.000 0.000 0.000 0.000 0.000 0.000 0.000 0.000 0.000 0.000 0.000 0.000 0.000 0.000 0.000 0.000 0.000 0.000 0.000 0.000 0.000 0.000 0.000 0.000 0.000 0.000 0.000 0.000 0.000 0.000 0.000 0.000 0.001 0.002 0.004 0.006 0.010 0.015 0.024 0.037 0.053 0.071 0.086 0.099 0.113 0.130 0.135 0.133 0.135 0.142 0.152 0.164 0.174 0.180 0.185 0.189 0.196 0.208
0.000 0.000 0.000 0.000 0.000 0.000 0.000 0.000 0.000 0.000 0.000 0.000 0.000 0.000 0.000 0.000 0.000 0.000 0.000 0.000 0.000 0.000 0.000 0.000 0.000 0.000 0.000 0.000 0.000 0.000 0.000 0.000 0.000 0.000 0.000 0.000 0.000 0.000 0.000 0.000 0.000 0.000 0.000 0.000 0.000 0.000 0.000 0.000 0.000 0.000 0.000 0.000 0.001 0.001 0.003 0.005 0.008 0.012 0.020 0.034 0.053 0.072 0.091 0.109 0.129 0.140 0.140 0.141 0.145 0.154 0.165 0.177 0.185 0.193 0.198 0.200 0.207
0.000 0.000 0.000 0.000 0.000 0.000 0.000 0.000 0.000 0.000 0.000 0.000 0.000 0.000 0.000 0.000 0.000 0.000 0.000 0.000 0.000 0.000 0.000 0.000 0.000 0.000 0.000 0.000 0.000 0.000 0.000 0.000 0.000 0.000 0.000 0.000 0.000 0.000 0.000 0.000 0.000 0.000 0.000 0.000 0.000 0.000 0.000 0.000 0.000 0.000 0.000 0.000 0.000 0.000 0.001 0.002 0.003 0.006 0.010 0.017 0.030 0.049 0.071 0.095 0.120 0.138 0.145 0.147 0.149 0.155 0.165 0.178 0.187 0.195 0.203 0.210 0.217
0.000 0.000 0.000 0.000 0.000 0.000 0.000 0.000 0.000 0.000 0.000 0.000 0.000 0.000 0.000 0.000 0.000 0.000 0.000 0.000 0.000 0.000 0.000 0.000 0.000 0.000 0.000 0.000 0.000 0.000 0.000 0.000 0.000 0.000 0.000 0.000 0.000 0.000 0.000 0.000 0.000 0.000 0.000 0.000 0.000 0.000 0.000 0.000 0.000 0.000 0.000 0.000 0.000 0.000 0.000 0.001 0.001 0.003 0.004 0.008 0.014 0.025 0.043 0.067 0.096 0.125 0.144 0.150 0.152 0.156 0.165 0.180 0.189 0.194 0.202 0.213 0.224
0.000 0.000 0.000 0.000 0.000 0.000 0.000 0.000 0.000 0.000 0.000 0.000 0.000 0.000 0.000 0.000 0.000 0.000 0.000 0.000 0.000 0.000 0.000 0.000 0.000 0.000 0.000 0.000 0.000 0.000 0.000 0.000 0.000 0.000 0.000 0.000 0.000 0.000 0.000 0.000 0.000 0.000 0.000 0.000 0.000 0.000 0.000 0.000 0.000 0.000 0.000 0.000 0.000 0.000 0.000 0.000 0.000 0.001 0.002 0.003 0.006 0.011 0.020 0.036 0.060 0.094 0.128 0.148 0.153 0.155 0.162 0.178 0.188 0.193 0.199 0.210 0.225
0.000 0.000 0.000 0.000 0.000 0.000 0.000 0.000 0.000 0.000 0.000 0.000 0.000 0.000 0.000 0.000 0.000 0.000 0.000 0.000 0.000 0.000 0.000 0.000 0.000 0.000 0.000 0.000 0.000 0.000 0.000 0.000 0.000 0.000 0.000 0.000 0.000 0.000 0.000 0.000 0.000 0.000 0.000 0.000 0.000 0.000 0.000 0.000 0.000 0.000 0.000 0.000 0.000 0.000 0.000 0.000 0.000 0.000 0.001 0.001 0.002 0.004 0.008 0.016 0.030 0.053 0.093 0.132 0.148 0.150 0.154 0.167 0.177 0.182 0.189 0.200 0.213
0.000 0.000 0.000 0.000 0.000 0.000 0.000 0.000 0.000 0.000 0.000 0.000 0.000 0.000 0.000 0.000 0.000 0.000 0.000 0.000 0.000 0.000 0.000 0.000 0.000 0.000 0.000 0.000 0.000 0.000 0.000 0.000 0.000 0.000 0.000 0.000 0.000 0.000 0.000 0.000 0.000 0.000 0.000 0.000 0.000 0.000 0.000 0.000 0.000 0.000 0.000 0.000 0.000 0.000 0.000 0.000 0.000 0.000 0.000 0.000 0.001 0.001 0.003 0.006 0.012 0.023 0.045 0.077 0.102 0.117 0.128 0.139 0.148 0.157 0.170 0.183 0.197
0.000 0.000 0.000 0.000 0.000 0.000 0.000 0.000 0.000 0.000 0.000 0.000 0.000 0.000 0.000 0.000 0.000 0.000 0.000 0.000 0.000 0.000 0.000 0.000 0.000 0.000 0.000 0.000 0.000 0.000 0.000 0.000 0.000 0.000 0.000 0.000 0.000 0.000 0.000 0.000 0.000 0.000 0.000 0.000 0.000 0.000 0.000 0.000 0.000 0.000 0.000 0.000 0.000 0.000 0.000 0.000 0.000 0.000 0.000 0.000 0.000 0.000 0.001 0.002 0.004 0.007 0.015 0.026 0.038 0.049 0.063 0.080 0.099 0.118 0.141 0.163 0.182
0.000 0.000 0.000 0.000 0.000 0.000 0.000 0.000 0.000 0.000 0.000 0.000 0.000 0.000 0.000 0.000 0.000 0.000 0.000 0.000 0.000 0.000 0.000 0.000 0.000 0.000 0.000 0.000 0.000 0.000 0.000 0.000 0.000 0.000 0.000 0.000 0.000 0.000 0.000 0.000 0.000 0.000 0.000 0.000 0.000 0.000 0.000 0.000 0.000 0.000 0.000 0.000 0.000 0.000 0.000 0.000 0.000 0.000 0.000 0.000 0.000 0.000 0.000 0.000 0.001 0.002 0.004 0.007 0.011 0.016 0.022 0.033 0.049 0.070 0.099 0.130 0.157
