AvaFrame/avaframe/data/avaGar/Avaflow_Input_Output_sss/gar_results/alr_ascii/alr_hflow0008.asc
ncols 130
nrows 97
xllcenter 247320.75
yllcenter 350697.47
cellsize 20.00
NODATA_value -9999.000
[rows 34 to 67 of 97, columns 0 to 76 of 130]
0.000 0.000 0.000 0.000 0.000 0.000 0.000 0.000 0.000 0.000 0.000 0.000 0.001 0.001 0.002 0.001 0.001 0.002 0.003 0.003 0.003 0.003 0.002 0.001 0.001 0.001 0.001 0.001 0.001 0.002 0.002 0.002 0.002 0.002 0.003 0.004 0.005 0.006 0.007 0.009 0.013 0.021 0.028 0.030 0.027 0.030 0.041 0.070 0.120 0.168 0.199 0.216 0.226 0.241 0.265 0.280 0.265 0.201 0.126 0.075 0.036 0.017 0.012 0.010 0.010 0.010 0.009 0.009 0.007 0.005 0.004 0.003 0.002 0.001 0.001 0.001 0.000
0.000 0.000 0.000 0.000 0.000 0.000 0.000 0.000 0.000 0.000 0.000 0.000 0.001 0.002 0.002 0.002 0.001 0.002 0.003 0.004 0.005 0.005 0.004 0.003 0.001 0.001 0.001 0.001 0.002 0.002 0.002 0.003 0.003 0.003 0.004 0.005 0.006 0.005 0.005 0.005 0.006 0.008 0.011 0.015 0.022 0.035 0.054 0.079 0.104 0.123 0.145 0.181 0.210 0.219 0.224 0.240 0.273 0.299 0.265 0.188 0.108 0.039 0.017 0.012 0.012 0.012 0.011 0.011 0.010 0.008 0.006 0.004 0.003 0.003 0.002 0.001 0.001
0.000 0.000 0.000 0.000 0.000 0.000 0.000 0.000 0.000 0.000 0.000 0.000 0.001 0.002 0.003 0.003 0.002 0.002 0.003 0.004 0.007 0.009 0.009 0.006 0.003 0.002 0.001 0.002 0.002 0.002 0.002 0.003 0.003 0.004 0.004 0.005 0.006 0.007 0.006 0.005 0.005 0.007 0.009 0.014 0.023 0.038 0.058 0.072 0.066 0.054 0.050 0.057 0.068 0.070 0.069 0.069 0.099 0.184 0.268 0.295 0.250 0.136 0.036 0.015 0.013 0.013 0.012 0.012 0.012 0.011 0.009 0.007 0.006 0.004 0.003 0.002 0.001
0.000 0.000 0.000 0.000 0.000 0.000 0.000 0.000 0.000 0.000 0.000 0.000 0.001 0.002 0.004 0.004 0.002 0.002 0.002 0.004 0.006 0.010 0.012 0.011 0.008 0.004 0.003 0.003 0.003 0.002 0.002 0.002 0.002 0.003 0.003 0.004 0.006 0.007 0.007 0.006 0.006 0.007 0.010 0.017 0.024 0.030 0.036 0.037 0.034 0.027 0.023 0.021 0.022 0.023 0.023 0.023 0.024 0.040 0.118 0.237 0.316 0.289 0.137 0.026 0.013 0.012 0.013 0.013 0.013 0.013 0.012 0.011 0.009 0.007 0.005 0.004 0.003
0.000 0.000 0.000 0.000 0.000 0.000 0.000 0.000 0.000 0.000 0.000 0.001 0.001 0.002 0.004 0.004 0.003 0.002 0.002 0.002 0.003 0.006 0.011 0.014 0.015 0.012 0.008 0.007 0.005 0.003 0.002 0.002 0.002 0.002 0.003 0.003 0.004 0.005 0.007 0.008 0.009 0.010 0.014 0.019 0.022 0.021 0.018 0.018 0.017 0.015 0.013 0.011 0.011 0.011 0.011 0.011 0.012 0.015 0.031 0.089 0.212 0.335 0.302 0.105 0.018 0.012 0.012 0.013 0.014 0.014 0.014 0.014 0.012 0.010 0.008 0.006 0.004
0.000 0.000 0.000 0.000 0.000 0.000 0.000 0.000 0.000 0.000 0.000 0.000 0.001 0.001 0.003 0.004 0.004 0.002 0.001 0.001 0.002 0.003 0.006 0.011 0.016 0.018 0.018 0.016 0.011 0.006 0.004 0.003 0.003 0.002 0.003 0.003 0.004 0.005 0.006 0.008 0.009 0.011 0.014 0.019 0.020 0.018 0.013 0.012 0.011 0.011 0.010 0.009 0.008 0.008 0.008 0.008 0.008 0.010 0.014 0.030 0.082 0.219 0.389 0.278 0.066 0.016 0.011 0.011 0.013 0.014 0.015 0.016 0.016 0.014 0.011 0.008 0.006
0.000 0.000 0.000 0.000 0.000 0.000 0.000 0.000 0.000 0.000 0.000 0.000 0.000 0.001 0.002 0.003 0.003 0.002 0.001 0.001 0.001 0.002 0.003 0.006 0.009 0.013 0.018 0.022 0.020 0.015 0.009 0.006 0.003 0.003 0.003 0.003 0.004 0.005 0.007 0.008 0.009 0.011 0.012 0.014 0.015 0.015 0.012 0.010 0.010 0.011 0.011 0.010 0.009 0.009 0.008 0.008 0.008 0.008 0.009 0.015 0.037 0.111 0.307 0.412 0.243 0.068 0.018 0.012 0.013 0.015 0.016 0.018 0.019 0.018 0.015 0.012 0.009
0.000 0.000 0.000 0.000 0.000 0.000 0.000 0.000 0.000 0.000 0.000 0.000 0.000 0.000 0.001 0.002 0.003 0.002 0.001 0.001 0.001 0.002 0.003 0.004 0.005 0.007 0.011 0.016 0.020 0.021 0.017 0.014 0.007 0.004 0.003 0.004 0.005 0.006 0.007 0.008 0.010 0.011 0.010 0.009 0.010 0.011 0.011 0.010 0.011 0.011 0.012 0.013 0.014 0.013 0.012 0.010 0.009 0.008 0.008 0.012 0.024 0.058 0.168 0.357 0.444 0.304 0.114 0.026 0.016 0.017 0.018 0.019 0.022 0.023 0.020 0.016 0.012
0.000 0.000 0.000 0.000 0.000 0.000 0.000 0.000 0.000 0.000 0.000 0.000 0.000 0.000 0.000 0.001 0.001 0.001 0.001 0.001 0.001 0.002 0.003 0.004 0.005 0.006 0.008 0.010 0.013 0.017 0.019 0.019 0.015 0.007 0.004 0.004 0.005 0.005 0.007 0.008 0.010 0.011 0.011 0.009 0.009 0.009 0.010 0.010 0.010 0.011 0.012 0.014 0.015 0.016 0.017 0.016 0.014 0.012 0.012 0.015 0.022 0.036 0.068 0.175 0.370 0.516 0.405 0.179 0.038 0.022 0.022 0.023 0.025 0.027 0.026 0.022 0.017
0.000 0.000 0.000 0.000 0.000 0.000 0.000 0.000 0.000 0.000 0.000 0.000 0.000 0.000 0.000 0.000 0.000 0.000 0.000 0.001 0.001 0.001 0.002 0.003 0.004 0.006 0.007 0.009 0.010 0.013 0.016 0.018 0.019 0.014 0.008 0.006 0.005 0.006 0.007 0.008 0.010 0.012 0.011 0.010 0.009 0.009 0.010 0.010 0.010 0.010 0.010 0.010 0.011 0.012 0.014 0.017 0.018 0.017 0.018 0.019 0.022 0.026 0.036 0.061 0.142 0.341 0.511 0.464 0.205 0.046 0.033 0.030 0.029 0.031 0.032 0.029 0.023
0.000 0.000 0.000 0.000 0.000 0.000 0.000 0.000 0.000 0.000 0.000 0.000 0.000 0.000 0.000 0.000 0.000 0.000 0.000 0.000 0.000 0.001 0.002 0.003 0.004 0.004 0.006 0.008 0.009 0.011 0.014 0.016 0.017 0.017 0.014 0.008 0.006 0.006 0.007 0.008 0.010 0.012 0.012 0.012 0.011 0.010 0.010 0.010 0.010 0.010 0.009 0.008 0.007 0.007 0.007 0.009 0.013 0.016 0.016 0.017 0.017 0.017 0.019 0.025 0.043 0.095 0.277 0.522 0.449 0.164 0.064 0.046 0.039 0.038 0.038 0.035 0.029
0.000 0.000 0.000 0.000 0.000 0.000 0.000 0.000 0.000 0.000 0.000 0.000 0.000 0.000 0.000 0.000 0.000 0.000 0.000 0.000 0.000 0.000 0.001 0.001 0.003 0.003 0.004 0.006 0.008 0.010 0.012 0.013 0.015 0.016 0.016 0.013 0.008 0.007 0.007 0.008 0.010 0.012 0.013 0.013 0.014 0.013 0.012 0.011 0.010 0.010 0.009 0.007 0.006 0.005 0.005 0.006 0.007 0.009 0.012 0.012 0.012 0.011 0.011 0.013 0.018 0.035 0.090 0.330 0.533 0.355 0.142 0.084 0.061 0.050 0.046 0.044 0.039
0.000 0.000 0.000 0.000 0.000 0.000 0.000 0.000 0.000 0.000 0.000 0.000 0.000 0.000 0.000 0.000 0.000 0.000 0.000 0.000 0.000 0.000 0.000 0.001 0.001 0.002 0.003 0.004 0.006 0.007 0.009 0.011 0.012 0.013 0.015 0.015 0.011 0.007 0.007 0.007 0.009 0.011 0.013 0.014 0.016 0.019 0.016 0.012 0.010 0.009 0.008 0.006 0.005 0.005 0.005 0.005 0.006 0.007 0.010 0.011 0.011 0.010 0.010 0.011 0.014 0.022 0.048 0.150 0.407 0.444 0.267 0.148 0.099 0.074 0.066 0.068 0.067
0.000 0.000 0.000 0.000 0.000 0.000 0.000 0.000 0.000 0.000 0.000 0.000 0.000 0.000 0.000 0.000 0.000 0.000 0.000 0.000 0.000 0.000 0.000 0.000 0.000 0.001 0.001 0.002 0.003 0.004 0.006 0.007 0.009 0.009 0.011 0.013 0.012 0.008 0.006 0.006 0.007 0.009 0.012 0.014 0.017 0.022 0.023 0.014 0.010 0.008 0.007 0.006 0.005 0.005 0.005 0.005 0.005 0.006 0.008 0.010 0.011 0.011 0.010 0.011 0.013 0.019 0.032 0.075 0.242 0.411 0.357 0.227 0.157 0.113 0.088 0.083 0.086
0.000 0.000 0.000 0.000 0.000 0.000 0.000 0.000 0.000 0.000 0.000 0.000 0.000 0.000 0.000 0.000 0.000 0.000 0.000 0.000 0.000 0.000 0.000 0.000 0.000 0.000 0.000 0.001 0.001 0.002 0.003 0.004 0.006 0.006 0.007 0.009 0.011 0.008 0.006 0.006 0.007 0.008 0.010 0.012 0.015 0.021 0.024 0.017 0.010 0.008 0.006 0.006 0.005 0.005 0.005 0.005 0.006 0.006 0.007 0.009 0.011 0.012 0.012 0.012 0.013 0.016 0.024 0.046 0.124 0.318 0.383 0.304 0.223 0.168 0.123 0.090 0.082
0.000 0.000 0.000 0.000 0.000 0.000 0.000 0.000 0.000 0.000 0.000 0.000 0.000 0.000 0.000 0.000 0.000 0.000 0.000 0.000 0.000 0.000 0.000 0.000 0.000 0.000 0.000 0.000 0.000 0.001 0.001 0.002 0.003 0.004 0.005 0.005 0.007 0.007 0.006 0.006 0.006 0.006 0.008 0.010 0.013 0.018 0.022 0.020 0.015 0.010 0.007 0.006 0.005 0.005 0.005 0.006 0.006 0.006 0.007 0.008 0.010 0.012 0.012 0.013 0.013 0.014 0.019 0.033 0.073 0.197 0.350 0.343 0.278 0.230 0.181 0.124 0.085
0.000 0.000 0.000 0.000 0.000 0.000 0.000 0.000 0.000 0.000 0.000 0.000 0.000 0.000 0.000 0.000 0.000 0.000 0.000 0.000 0.000 0.000 0.000 0.000 0.000 0.000 0.000 0.000 0.000 0.000 0.000 0.001 0.001 0.002 0.003 0.003 0.003 0.004 0.005 0.005 0.005 0.005 0.006 0.008 0.010 0.014 0.018 0.020 0.019 0.012 0.008 0.007 0.006 0.006 0.006 0.006 0.006 0.006 0.007 0.008 0.010 0.012 0.013 0.013 0.013 0.014 0.017 0.026 0.050 0.110 0.258 0.342 0.316 0.276 0.241 0.192 0.126
0.000 0.000 0.000 0.000 0.000 0.000 0.000 0.000 0.000 0.000 0.000 0.000 0.000 0.000 0.000 0.000 0.000 0.000 0.000 0.000 0.000 0.000 0.000 0.000 0.000 0.000 0.000 0.000 0.000 0.000 0.000 0.000 0.000 0.001 0.001 0.001 0.002 0.002 0.002 0.003 0.003 0.003 0.004 0.005 0.007 0.009 0.012 0.016 0.018 0.014 0.010 0.008 0.008 0.006 0.006 0.006 0.006 0.007 0.007 0.008 0.009 0.011 0.014 0.015 0.015 0.015 0.017 0.023 0.038 0.074 0.160 0.291 0.324 0.299 0.281 0.259 0.207
0.000 0.000 0.000 0.000 0.000 0.000 0.000 0.000 0.000 0.000 0.000 0.000 0.000 0.000 0.000 0.000 0.000 0.000 0.000 0.000 0.000 0.000 0.000 0.000 0.000 0.000 0.000 0.000 0.000 0.000 0.000 0.000 0.000 0.000 0.000 0.000 0.000 0.001 0.001 0.001 0.001 0.002 0.002 0.003 0.004 0.006 0.008 0.011 0.013 0.013 0.011 0.010 0.009 0.008 0.007 0.007 0.007 0.008 0.008 0.008 0.009 0.011 0.013 0.015 0.017 0.018 0.019 0.023 0.033 0.055 0.098 0.199 0.298 0.309 0.300 0.299 0.276
0.000 0.000 0.000 0.000 0.000 0.000 0.000 0.000 0.000 0.000 0.000 0.000 0.000 0.000 0.000 0.000 0.000 0.000 0.000 0.000 0.000 0.000 0.000 0.000 0.000 0.000 0.000 0.000 0.000 0.000 0.000 0.000 0.000 0.000 0.000 0.000 0.000 0.000 0.000 0.000 0.000 0.001 0.001 0.002 0.003 0.004 0.005 0.007 0.009 0.010 0.010 0.010 0.010 0.009 0.009 0.009 0.009 0.009 0.009 0.010 0.010 0.011 0.012 0.014 0.017 0.019 0.020 0.023 0.030 0.046 0.071 0.120 0.222 0.295 0.307 0.315 0.301
0.000 0.000 0.000 0.000 0.000 0.000 0.000 0.000 0.000 0.000 0.000 0.000 0.000 0.000 0.000 0.000 0.000 0.000 0.000 0.000 0.000 0.000 0.000 0.000 0.000 0.000 0.000 0.000 0.000 0.000 0.000 0.000 0.000 0.000 0.000 0.000 0.000 0.000 0.000 0.000 0.000 0.000 0.000 0.001 0.002 0.003 0.004 0.005 0.007 0.008 0.009 0.009 0.011 0.011 0.011 0.011 0.011 0.011 0.011 0.011 0.012 0.012 0.012 0.014 0.015 0.018 0.020 0.023 0.029 0.042 0.060 0.084 0.143 0.243 0.296 0.308 0.298
0.000 0.000 0.000 0.000 0.000 0.000 0.000 0.000 0.000 0.000 0.000 0.000 0.000 0.000 0.000 0.000 0.000 0.000 0.000 0.000 0.000 0.000 0.000 0.000 0.000 0.000 0.000 0.000 0.000 0.000 0.000 0.000 0.000 0.000 0.000 0.000 0.000 0.000 0.000 0.000 0.000 0.000 0.000 0.000 0.001 0.002 0.003 0.004 0.005 0.007 0.008 0.009 0.011 0.012 0.012 0.012 0.013 0.013 0.013 0.013 0.013 0.013 0.014 0.014 0.015 0.017 0.019 0.022 0.028 0.038 0.054 0.067 0.094 0.158 0.229 0.263 0.271
0.000 0.000 0.000 0.000 0.000 0.000 0.000 0.000 0.000 0.000 0.000 0.000 0.000 0.000 0.000 0.000 0.000 0.000 0.000 0.000 0.000 0.000 0.000 0.000 0.000 0.000 0.000 0.000 0.000 0.000 0.000 0.000 0.000 0.000 0.000 0.000 0.000 0.000 0.000 0.000 0.000 0.000 0.000 0.000 0.000 0.001 0.002 0.003 0.004 0.005 0.007 0.009 0.011 0.012 0.013 0.013 0.014 0.015 0.015 0.015 0.015 0.015 0.016 0.016 0.016 0.017 0.019 0.021 0.026 0.035 0.049 0.060 0.073 0.102 0.149 0.196 0.231
0.000 0.000 0.000 0.000 0.000 0.000 0.000 0.000 0.000 0.000 0.000 0.000 0.000 0.000 0.000 0.000 0.000 0.000 0.000 0.000 0.000 0.000 0.000 0.000 0.000 0.000 0.000 0.000 0.000 0.000 0.000 0.000 0.000 0.000 0.000 0.000 0.000 0.000 0.000 0.000 0.000 0.000 0.000 0.000 0.000 0.000 0.001 0.002 0.003 0.004 0.005 0.008 0.010 0.012 0.013 0.014 0.015 0.017 0.018 0.018 0.018 0.017 0.017 0.018 0.018 0.018 0.019 0.021 0.025 0.033 0.043 0.055 0.067 0.086 0.118 0.166 0.253
0.000 0.000 0.000 0.000 0.000 0.000 0.000 0.000 0.000 0.000 0.000 0.000 0.000 0.000 0.000 0.000 0.000 0.000 0.000 0.000 0.000 0.000 0.000 0.000 0.000 0.000 0.000 0.000 0.000 0.000 0.000 0.000 0.000 0.000 0.000 0.000 0.000 0.000 0.000 0.000 0.000 0.000 0.000 0.000 0.000 0.000 0.001 0.001 0.002 0.003 0.004 0.006 0.009 0.012 0.013 0.014 0.015 0.017 0.019 0.020 0.021 0.021 0.021 0.021 0.021 0.020 0.020 0.021 0.024 0.030 0.039 0.049 0.063 0.083 0.114 0.175 0.274
0.000 0.000 0.000 0.000 0.000 0.000 0.000 0.000 0.000 0.000 0.000 0.000 0.000 0.000 0.000 0.000 0.000 0.000 0.000 0.000 0.000 0.000 0.000 0.000 0.000 0.000 0.000 0.000 0.000 0.000 0.000 0.000 0.000 0.000 0.000 0.000 0.000 0.000 0.000 0.000 0.000 0.000 0.000 0.000 0.000 0.000 0.000 0.001 0.001 0.002 0.003 0.005 0.008 0.011 0.013 0.014 0.015 0.017 0.019 0.021 0.023 0.024 0.025 0.025 0.026 0.024 0.022 0.022 0.024 0.028 0.035 0.044 0.056 0.077 0.103 0.136 0.174
0.000 0.000 0.000 0.000 0.000 0.000 0.000 0.000 0.000 0.000 0.000 0.000 0.000 0.000 0.000 0.000 0.000 0.000 0.000 0.000 0.000 0.000 0.000 0.000 0.000 0.000 0.000 0.000 0.000 0.000 0.000 0.000 0.000 0.000 0.000 0.000 0.000 0.000 0.000 0.000 0.000 0.000 0.000 0.000 0.000 0.000 0.000 0.000 0.001 0.001 0.002 0.004 0.006 0.010 0.012 0.014 0.015 0.016 0.018 0.021 0.023 0.025 0.027 0.029 0.031 0.030 0.026 0.024 0.025 0.027 0.033 0.040 0.049 0.066 0.086 0.097 0.113
0.000 0.000 0.000 0.000 0.000 0.000 0.000 0.000 0.000 0.000 0.000 0.000 0.000 0.000 0.000 0.000 0.000 0.000 0.000 0.000 0.000 0.000 0.000 0.000 0.000 0.000 0.000 0.000 0.000 0.000 0.000 0.000 0.000 0.000 0.000 0.000 0.000 0.000 0.000 0.000 0.000 0.000 0.000 0.000 0.000 0.000 0.000 0.000 0.000 0.001 0.002 0.003 0.005 0.008 0.011 0.014 0.015 0.015 0.016 0.019 0.023 0.026 0.028 0.031 0.033 0.034 0.032 0.028 0.027 0.028 0.032 0.038 0.046 0.058 0.077 0.093 0.105
0.000 0.000 0.000 0.000 0.000 0.000 0.000 0.000 0.000 0.000 0.000 0.000 0.000 0.000 0.000 0.000 0.000 0.000 0.000 0.000 0.000 0.000 0.000 0.000 0.000 0.000 0.000 0.000 0.000 0.000 0.000 0.000 0.000 0.000 0.000 0.000 0.000 0.000 0.000 0.000 0.000 0.000 0.000 0.000 0.000 0.000 0.000 0.000 0.000 0.000 0.001 0.002 0.003 0.006 0.009 0.012 0.014 0.015 0.015 0.017 0.021 0.025 0.029 0.031 0.034 0.037 0.038 0.035 0.031 0.030 0.033 0.039 0.045 0.054 0.071 0.095 0.118
0.000 0.000 0.000 0.000 0.000 0.000 0.000 0.000 0.000 0.000 0.000 0.000 0.000 0.000 0.000 0.000 0.000 0.000 0.000 0.000 0.000 0.000 0.000 0.000 0.000 0.000 0.000 0.000 0.000 0.000 0.000 0.000 0.000 0.000 0.000 0.000 0.000 0.000 0.000 0.000 0.000 0.000 0.000 0.000 0.000 0.000 0.000 0.000 0.000 0.000 0.000 0.001 0.002 0.004 0.007 0.010 0.013 0.015 0.015 0.016 0.018 0.022 0.027 0.032 0.035 0.038 0.040 0.041 0.037 0.034 0.035 0.040 0.046 0.053 0.065 0.090 0.123
0.000 0.000 0.000 0.000 0.000 0.000 0.000 0.000 0.000 0.000 0.000 0.000 0.000 0.000 0.000 0.000 0.000 0.000 0.000 0.000 0.000 0.000 0.000 0.000 0.000 0.000 0.000 0.000 0.000 0.000 0.000 0.000 0.000 0.000 0.000 0.000 0.000 0.000 0.000 0.000 0.000 0.000 0.000 0.000 0.000 0.000 0.000 0.000 0.000 0.000 0.000 0.000 0.001 0.002 0.004 0.006 0.010 0.013 0.015 0.015 0.015 0.017 0.023 0.030 0.035 0.039 0.042 0.045 0.044 0.041 0.039 0.042 0.047 0.052 0.061 0.077 0.100
0.000 0.000 0.000 0.000 0.000 0.000 0.000 0.000 0.000 0.000 0.000 0.000 0.000 0.000 0.000 0.000 0.000 0.000 0.000 0.000 0.000 0.000 0.000 0.000 0.000 0.000 0.000 0.000 0.000 0.000 0.000 0.000 0.000 0.000 0.000 0.000 0.000 0.000 0.000 0.000 0.000 0.000 0.000 0.000 0.000 0.000 0.000 0.000 0.000 0.000 0.000 0.000 0.000 0.001 0.002 0.003 0.006 0.009 0.013 0.015 0.015 0.014 0.016 0.024 0.033 0.040 0.044 0.048 0.049 0.048 0.048 0.048 0.050 0.053 0.060 0.070 0.088
0.000 0.000 0.000 0.000 0.000 0.000 0.000 0.000 0.000 0.000 0.000 0.000 0.000 0.000 0.000 0.000 0.000 0.000 0.000 0.000 0.000 0.000 0.000 0.000 0.000 0.000 0.000 0.000 0.000 0.000 0.000 0.000 0.000 0.000 0.000 0.000 0.000 0.000 0.000 0.000 0.000 0.000 0.000 0.000 0.000 0.000 0.000 0.000 0.000 0.000 0.000 0.000 0.000 0.000 0.001 0.002 0.003 0.005 0.009 0.014 0.014 0.012 0.011 0.014 0.021 0.033 0.043 0.049 0.051 0.051 0.053 0.055 0.056 0.057 0.062 0.072 0.087
0.000 0.000 0.000 0.000 0.000 0.000 0.000 0.000 0.000 0.000 0.000 0.000 0.000 0.000 0.000 0.000 0.000 0.000 0.000 0.000 0.000 0.000 0.000 0.000 0.000 0.000 0.000 0.000 0.000 0.000 0.000 0.000 0.000 0.000 0.000 0.000 0.000 0.000 0.000 0.000 0.000 0.000 0.000 0.000 0.000 0.000 0.000 0.000 0.000 0.000 0.000 0.000 0.000 0.000 0.000 0.001 0.001 0.003 0.005 0.009 0.012 0.011 0.009 0.009 0.011 0.017 0.028 0.041 0.049 0.052 0.053 0.057 0.060 0.062 0.065 0.074 0.091
