AvaFrame/avaframe/data/avaGar/Avaflow_Input_Output_sss/gar_results/alr_ascii/alr_hflow0009.asc
ncols 130
nrows 97
xllcenter 247320.75
yllcenter 350697.47
cellsize 20.00
NODATA_value -9999.000
[rows 34 to 67 of 97, columns 0 to 76 of 130]
0.000 0.000 0.000 0.000 0.000 0.000 0.000 0.000 0.000 0.000 0.000 0.000 0.000 0.001 0.001 0.001 0.001 0.001 0.002 0.002 0.002 0.001 0.001 0.001 0.001 0.001 0.001 0.001 0.001 0.001 0.001 0.001 0.001 0.001 0.002 0.003 0.004 0.004 0.005 0.006 0.009 0.016 0.023 0.024 0.021 0.021 0.028 0.052 0.098 0.146 0.175 0.188 0.195 0.208 0.228 0.241 0.220 0.150 0.087 0.051 0.022 0.010 0.007 0.007 0.007 0.007 0.008 0.008 0.007 0.005 0.004 0.003 0.002 0.001 0.001 0.001 0.000
0.000 0.000 0.000 0.000 0.000 0.000 0.000 0.000 0.000 0.000 0.000 0.000 0.001 0.001 0.002 0.001 0.001 0.001 0.002 0.003 0.004 0.004 0.003 0.001 0.001 0.001 0.001 0.001 0.001 0.001 0.002 0.002 0.002 0.002 0.003 0.004 0.004 0.004 0.003 0.003 0.004 0.005 0.007 0.010 0.016 0.026 0.040 0.060 0.079 0.092 0.111 0.146 0.177 0.186 0.183 0.196 0.232 0.257 0.217 0.138 0.071 0.021 0.009 0.008 0.008 0.008 0.009 0.009 0.008 0.007 0.006 0.004 0.003 0.002 0.002 0.001 0.001
0.000 0.000 0.000 0.000 0.000 0.000 0.000 0.000 0.000 0.000 0.000 0.000 0.001 0.002 0.003 0.002 0.001 0.001 0.002 0.004 0.006 0.008 0.007 0.004 0.001 0.001 0.001 0.001 0.001 0.001 0.002 0.002 0.002 0.003 0.004 0.005 0.005 0.005 0.004 0.003 0.003 0.004 0.006 0.009 0.017 0.029 0.045 0.056 0.050 0.036 0.030 0.034 0.045 0.047 0.044 0.042 0.068 0.148 0.230 0.241 0.188 0.091 0.017 0.008 0.008 0.008 0.009 0.009 0.009 0.009 0.008 0.007 0.005 0.003 0.002 0.002 0.001
0.000 0.000 0.000 0.000 0.000 0.000 0.000 0.000 0.000 0.000 0.000 0.000 0.001 0.002 0.004 0.004 0.002 0.001 0.001 0.003 0.005 0.008 0.010 0.009 0.005 0.002 0.001 0.001 0.001 0.001 0.001 0.002 0.002 0.002 0.003 0.003 0.005 0.006 0.006 0.005 0.004 0.005 0.007 0.012 0.018 0.022 0.026 0.027 0.025 0.019 0.015 0.013 0.014 0.015 0.014 0.014 0.014 0.024 0.089 0.199 0.264 0.229 0.094 0.011 0.007 0.008 0.009 0.009 0.010 0.010 0.010 0.009 0.007 0.005 0.004 0.003 0.002
0.000 0.000 0.000 0.000 0.000 0.000 0.000 0.000 0.000 0.000 0.000 0.001 0.001 0.002 0.004 0.005 0.003 0.001 0.001 0.001 0.002 0.005 0.009 0.012 0.012 0.010 0.006 0.004 0.003 0.002 0.001 0.002 0.002 0.002 0.002 0.002 0.003 0.004 0.005 0.006 0.007 0.008 0.011 0.015 0.017 0.016 0.013 0.013 0.013 0.011 0.009 0.008 0.007 0.007 0.007 0.007 0.008 0.010 0.019 0.065 0.171 0.276 0.243 0.068 0.007 0.007 0.007 0.009 0.010 0.011 0.011 0.011 0.009 0.007 0.006 0.004 0.004
0.000 0.000 0.000 0.000 0.000 0.000 0.000 0.000 0.000 0.000 0.000 0.000 0.001 0.001 0.003 0.005 0.004 0.002 0.001 0.001 0.001 0.002 0.004 0.009 0.014 0.016 0.015 0.013 0.008 0.004 0.002 0.002 0.002 0.002 0.002 0.002 0.003 0.004 0.005 0.006 0.008 0.009 0.012 0.015 0.017 0.015 0.010 0.008 0.008 0.008 0.007 0.006 0.006 0.006 0.006 0.006 0.006 0.007 0.009 0.019 0.057 0.169 0.316 0.219 0.037 0.007 0.006 0.007 0.009 0.011 0.012 0.011 0.011 0.010 0.008 0.007 0.005
0.000 0.000 0.000 0.000 0.000 0.000 0.000 0.000 0.000 0.000 0.000 0.000 0.000 0.001 0.002 0.004 0.004 0.002 0.001 0.001 0.001 0.001 0.002 0.004 0.007 0.011 0.016 0.019 0.017 0.013 0.007 0.004 0.002 0.002 0.002 0.002 0.003 0.004 0.005 0.007 0.007 0.009 0.010 0.011 0.013 0.012 0.009 0.008 0.008 0.008 0.008 0.008 0.007 0.007 0.006 0.006 0.006 0.006 0.006 0.009 0.024 0.076 0.232 0.346 0.192 0.041 0.008 0.006 0.008 0.010 0.011 0.012 0.012 0.013 0.011 0.009 0.007
0.000 0.000 0.000 0.000 0.000 0.000 0.000 0.000 0.000 0.000 0.000 0.000 0.000 0.000 0.001 0.002 0.003 0.002 0.001 0.001 0.001 0.001 0.002 0.003 0.003 0.005 0.008 0.013 0.018 0.020 0.016 0.012 0.006 0.002 0.002 0.003 0.004 0.004 0.005 0.007 0.008 0.009 0.008 0.007 0.008 0.009 0.009 0.008 0.008 0.009 0.010 0.011 0.012 0.012 0.010 0.009 0.007 0.006 0.006 0.008 0.015 0.037 0.114 0.286 0.369 0.230 0.070 0.012 0.008 0.010 0.012 0.013 0.014 0.015 0.014 0.011 0.009
0.000 0.000 0.000 0.000 0.000 0.000 0.000 0.000 0.000 0.000 0.000 0.000 0.000 0.000 0.000 0.001 0.002 0.002 0.001 0.001 0.001 0.001 0.002 0.003 0.003 0.004 0.006 0.007 0.010 0.014 0.018 0.019 0.015 0.006 0.003 0.003 0.004 0.004 0.005 0.007 0.008 0.009 0.008 0.007 0.006 0.007 0.007 0.008 0.008 0.009 0.010 0.012 0.015 0.016 0.017 0.015 0.012 0.009 0.009 0.011 0.016 0.024 0.042 0.116 0.293 0.430 0.325 0.128 0.017 0.012 0.013 0.015 0.016 0.017 0.018 0.016 0.013
0.000 0.000 0.000 0.000 0.000 0.000 0.000 0.000 0.000 0.000 0.000 0.000 0.000 0.000 0.000 0.000 0.001 0.001 0.001 0.001 0.001 0.001 0.002 0.003 0.003 0.004 0.006 0.006 0.007 0.010 0.014 0.018 0.020 0.015 0.007 0.005 0.004 0.005 0.005 0.007 0.008 0.010 0.009 0.007 0.007 0.007 0.007 0.007 0.007 0.008 0.008 0.009 0.010 0.012 0.014 0.015 0.015 0.015 0.015 0.016 0.017 0.020 0.024 0.036 0.088 0.251 0.420 0.384 0.145 0.023 0.018 0.018 0.019 0.020 0.021 0.020 0.018
0.000 0.000 0.000 0.000 0.000 0.000 0.000 0.000 0.000 0.000 0.000 0.000 0.000 0.000 0.000 0.000 0.000 0.000 0.000 0.000 0.000 0.001 0.002 0.003 0.003 0.004 0.005 0.006 0.007 0.009 0.012 0.015 0.018 0.020 0.015 0.008 0.005 0.005 0.005 0.007 0.008 0.010 0.010 0.009 0.008 0.008 0.007 0.007 0.008 0.008 0.008 0.008 0.007 0.006 0.006 0.008 0.011 0.013 0.014 0.014 0.014 0.013 0.013 0.015 0.023 0.053 0.204 0.430 0.364 0.101 0.036 0.028 0.025 0.024 0.025 0.025 0.023
0.000 0.000 0.000 0.000 0.000 0.000 0.000 0.000 0.000 0.000 0.000 0.000 0.000 0.000 0.000 0.000 0.000 0.000 0.000 0.000 0.000 0.000 0.001 0.002 0.003 0.003 0.004 0.006 0.007 0.009 0.011 0.013 0.015 0.018 0.020 0.015 0.008 0.006 0.006 0.006 0.008 0.010 0.010 0.011 0.011 0.010 0.008 0.008 0.008 0.008 0.008 0.008 0.007 0.005 0.005 0.005 0.005 0.007 0.009 0.010 0.009 0.008 0.008 0.008 0.010 0.019 0.057 0.246 0.460 0.280 0.090 0.053 0.039 0.032 0.030 0.031 0.031
0.000 0.000 0.000 0.000 0.000 0.000 0.000 0.000 0.000 0.000 0.000 0.000 0.000 0.000 0.000 0.000 0.000 0.000 0.000 0.000 0.000 0.000 0.000 0.001 0.002 0.003 0.004 0.005 0.007 0.008 0.010 0.012 0.013 0.014 0.018 0.019 0.013 0.007 0.006 0.006 0.007 0.009 0.010 0.011 0.013 0.015 0.012 0.008 0.008 0.009 0.009 0.008 0.006 0.005 0.005 0.004 0.004 0.005 0.007 0.009 0.009 0.008 0.007 0.007 0.008 0.013 0.029 0.103 0.347 0.382 0.201 0.099 0.065 0.048 0.045 0.051 0.056
0.000 0.000 0.000 0.000 0.000 0.000 0.000 0.000 0.000 0.000 0.000 0.000 0.000 0.000 0.000 0.000 0.000 0.000 0.000 0.000 0.000 0.000 0.000 0.000 0.001 0.001 0.002 0.004 0.005 0.007 0.008 0.010 0.012 0.011 0.013 0.018 0.017 0.009 0.006 0.006 0.006 0.008 0.010 0.011 0.013 0.019 0.020 0.011 0.008 0.008 0.008 0.007 0.006 0.005 0.004 0.004 0.004 0.005 0.007 0.008 0.009 0.008 0.008 0.008 0.009 0.012 0.020 0.050 0.193 0.368 0.303 0.165 0.107 0.075 0.060 0.059 0.067
0.000 0.000 0.000 0.000 0.000 0.000 0.000 0.000 0.000 0.000 0.000 0.000 0.000 0.000 0.000 0.000 0.000 0.000 0.000 0.000 0.000 0.000 0.000 0.000 0.000 0.000 0.001 0.002 0.003 0.004 0.006 0.007 0.010 0.009 0.009 0.013 0.015 0.011 0.006 0.006 0.006 0.007 0.008 0.010 0.012 0.018 0.024 0.016 0.009 0.009 0.007 0.005 0.004 0.004 0.003 0.004 0.004 0.005 0.006 0.007 0.009 0.009 0.009 0.009 0.010 0.011 0.016 0.030 0.088 0.276 0.341 0.242 0.161 0.116 0.083 0.059 0.057
0.000 0.000 0.000 0.000 0.000 0.000 0.000 0.000 0.000 0.000 0.000 0.000 0.000 0.000 0.000 0.000 0.000 0.000 0.000 0.000 0.000 0.000 0.000 0.000 0.000 0.000 0.000 0.000 0.001 0.002 0.003 0.004 0.006 0.008 0.008 0.008 0.010 0.010 0.008 0.006 0.006 0.006 0.007 0.008 0.010 0.015 0.023 0.020 0.015 0.010 0.006 0.004 0.004 0.003 0.004 0.004 0.004 0.005 0.005 0.006 0.008 0.010 0.010 0.010 0.010 0.011 0.013 0.022 0.051 0.157 0.308 0.290 0.212 0.166 0.126 0.080 0.054
0.000 0.000 0.000 0.000 0.000 0.000 0.000 0.000 0.000 0.000 0.000 0.000 0.000 0.000 0.000 0.000 0.000 0.000 0.000 0.000 0.000 0.000 0.000 0.000 0.000 0.000 0.000 0.000 0.000 0.000 0.001 0.002 0.003 0.005 0.007 0.007 0.006 0.007 0.008 0.007 0.005 0.005 0.006 0.007 0.009 0.013 0.019 0.021 0.020 0.013 0.007 0.005 0.004 0.004 0.004 0.005 0.005 0.005 0.005 0.006 0.007 0.009 0.011 0.011 0.010 0.010 0.012 0.018 0.035 0.080 0.214 0.297 0.258 0.211 0.176 0.131 0.077
0.000 0.000 0.000 0.000 0.000 0.000 0.000 0.000 0.000 0.000 0.000 0.000 0.000 0.000 0.000 0.000 0.000 0.000 0.000 0.000 0.000 0.000 0.000 0.000 0.000 0.000 0.000 0.000 0.000 0.000 0.000 0.000 0.001 0.002 0.004 0.005 0.004 0.004 0.005 0.006 0.005 0.004 0.004 0.005 0.007 0.009 0.014 0.018 0.021 0.016 0.010 0.008 0.007 0.005 0.005 0.005 0.005 0.006 0.006 0.006 0.007 0.009 0.011 0.012 0.011 0.011 0.012 0.016 0.028 0.054 0.122 0.242 0.274 0.241 0.215 0.185 0.130
0.000 0.000 0.000 0.000 0.000 0.000 0.000 0.000 0.000 0.000 0.000 0.000 0.000 0.000 0.000 0.000 0.000 0.000 0.000 0.000 0.000 0.000 0.000 0.000 0.000 0.000 0.000 0.000 0.000 0.000 0.000 0.000 0.000 0.000 0.001 0.002 0.002 0.002 0.002 0.003 0.004 0.003 0.003 0.004 0.005 0.007 0.009 0.013 0.017 0.017 0.014 0.012 0.010 0.007 0.006 0.006 0.006 0.006 0.006 0.006 0.007 0.008 0.010 0.012 0.013 0.014 0.014 0.017 0.024 0.041 0.073 0.156 0.248 0.255 0.237 0.220 0.186
0.000 0.000 0.000 0.000 0.000 0.000 0.000 0.000 0.000 0.000 0.000 0.000 0.000 0.000 0.000 0.000 0.000 0.000 0.000 0.000 0.000 0.000 0.000 0.000 0.000 0.000 0.000 0.000 0.000 0.000 0.000 0.000 0.000 0.000 0.000 0.000 0.001 0.001 0.001 0.001 0.002 0.002 0.002 0.002 0.003 0.005 0.006 0.009 0.012 0.014 0.015 0.013 0.012 0.009 0.008 0.007 0.006 0.007 0.007 0.007 0.007 0.008 0.009 0.011 0.013 0.015 0.016 0.017 0.023 0.036 0.054 0.090 0.177 0.238 0.243 0.237 0.222
0.000 0.000 0.000 0.000 0.000 0.000 0.000 0.000 0.000 0.000 0.000 0.000 0.000 0.000 0.000 0.000 0.000 0.000 0.000 0.000 0.000 0.000 0.000 0.000 0.000 0.000 0.000 0.000 0.000 0.000 0.000 0.000 0.000 0.000 0.000 0.000 0.000 0.000 0.000 0.000 0.000 0.001 0.001 0.001 0.002 0.003 0.004 0.006 0.008 0.011 0.012 0.013 0.012 0.010 0.009 0.008 0.008 0.008 0.008 0.008 0.008 0.008 0.009 0.010 0.011 0.013 0.015 0.017 0.022 0.034 0.049 0.063 0.104 0.181 0.228 0.240 0.242
0.000 0.000 0.000 0.000 0.000 0.000 0.000 0.000 0.000 0.000 0.000 0.000 0.000 0.000 0.000 0.000 0.000 0.000 0.000 0.000 0.000 0.000 0.000 0.000 0.000 0.000 0.000 0.000 0.000 0.000 0.000 0.000 0.000 0.000 0.000 0.000 0.000 0.000 0.000 0.000 0.000 0.000 0.000 0.000 0.001 0.002 0.003 0.004 0.006 0.008 0.009 0.010 0.011 0.010 0.010 0.009 0.010 0.010 0.010 0.010 0.010 0.010 0.010 0.010 0.011 0.012 0.014 0.016 0.021 0.031 0.046 0.053 0.070 0.116 0.182 0.226 0.245
0.000 0.000 0.000 0.000 0.000 0.000 0.000 0.000 0.000 0.000 0.000 0.000 0.000 0.000 0.000 0.000 0.000 0.000 0.000 0.000 0.000 0.000 0.000 0.000 0.000 0.000 0.000 0.000 0.000 0.000 0.000 0.000 0.000 0.000 0.000 0.000 0.000 0.000 0.000 0.000 0.000 0.000 0.000 0.000 0.000 0.001 0.002 0.003 0.004 0.005 0.007 0.009 0.009 0.010 0.010 0.010 0.011 0.011 0.011 0.011 0.011 0.011 0.011 0.012 0.011 0.012 0.013 0.015 0.019 0.028 0.042 0.049 0.057 0.080 0.130 0.193 0.234
0.000 0.000 0.000 0.000 0.000 0.000 0.000 0.000 0.000 0.000 0.000 0.000 0.000 0.000 0.000 0.000 0.000 0.000 0.000 0.000 0.000 0.000 0.000 0.000 0.000 0.000 0.000 0.000 0.000 0.000 0.000 0.000 0.000 0.000 0.000 0.000 0.000 0.000 0.000 0.000 0.000 0.000 0.000 0.000 0.000 0.001 0.001 0.002 0.003 0.004 0.005 0.006 0.009 0.010 0.010 0.011 0.011 0.013 0.013 0.013 0.013 0.012 0.012 0.013 0.013 0.012 0.013 0.015 0.018 0.025 0.036 0.046 0.052 0.066 0.090 0.136 0.186
0.000 0.000 0.000 0.000 0.000 0.000 0.000 0.000 0.000 0.000 0.000 0.000 0.000 0.000 0.000 0.000 0.000 0.000 0.000 0.000 0.000 0.000 0.000 0.000 0.000 0.000 0.000 0.000 0.000 0.000 0.000 0.000 0.000 0.000 0.000 0.000 0.000 0.000 0.000 0.000 0.000 0.000 0.000 0.000 0.000 0.000 0.000 0.001 0.002 0.003 0.003 0.005 0.007 0.010 0.011 0.011 0.012 0.013 0.015 0.016 0.016 0.016 0.015 0.016 0.016 0.014 0.013 0.015 0.017 0.022 0.031 0.040 0.050 0.062 0.074 0.095 0.131
0.000 0.000 0.000 0.000 0.000 0.000 0.000 0.000 0.000 0.000 0.000 0.000 0.000 0.000 0.000 0.000 0.000 0.000 0.000 0.000 0.000 0.000 0.000 0.000 0.000 0.000 0.000 0.000 0.000 0.000 0.000 0.000 0.000 0.000 0.000 0.000 0.000 0.000 0.000 0.000 0.000 0.000 0.000 0.000 0.000 0.000 0.000 0.000 0.001 0.002 0.003 0.004 0.006 0.009 0.011 0.011 0.011 0.013 0.015 0.016 0.018 0.019 0.019 0.019 0.019 0.018 0.015 0.015 0.016 0.020 0.027 0.034 0.045 0.060 0.070 0.080 0.109
0.000 0.000 0.000 0.000 0.000 0.000 0.000 0.000 0.000 0.000 0.000 0.000 0.000 0.000 0.000 0.000 0.000 0.000 0.000 0.000 0.000 0.000 0.000 0.000 0.000 0.000 0.000 0.000 0.000 0.000 0.000 0.000 0.000 0.000 0.000 0.000 0.000 0.000 0.000 0.000 0.000 0.000 0.000 0.000 0.000 0.000 0.000 0.000 0.001 0.001 0.002 0.004 0.005 0.008 0.010 0.011 0.011 0.012 0.014 0.016 0.018 0.020 0.021 0.022 0.023 0.022 0.018 0.016 0.017 0.019 0.024 0.030 0.038 0.054 0.070 0.074 0.091
0.000 0.000 0.000 0.000 0.000 0.000 0.000 0.000 0.000 0.000 0.000 0.000 0.000 0.000 0.000 0.000 0.000 0.000 0.000 0.000 0.000 0.000 0.000 0.000 0.000 0.000 0.000 0.000 0.000 0.000 0.000 0.000 0.000 0.000 0.000 0.000 0.000 0.000 0.000 0.000 0.000 0.000 0.000 0.000 0.000 0.000 0.000 0.000 0.000 0.001 0.001 0.003 0.005 0.007 0.010 0.012 0.012 0.011 0.012 0.014 0.018 0.020 0.022 0.024 0.025 0.026 0.024 0.019 0.018 0.019 0.023 0.029 0.035 0.045 0.064 0.072 0.074
0.000 0.000 0.000 0.000 0.000 0.000 0.000 0.000 0.000 0.000 0.000 0.000 0.000 0.000 0.000 0.000 0.000 0.000 0.000 0.000 0.000 0.000 0.000 0.000 0.000 0.000 0.000 0.000 0.000 0.000 0.000 0.000 0.000 0.000 0.000 0.000 0.000 0.000 0.000 0.000 0.000 0.000 0.000 0.000 0.000 0.000 0.000 0.000 0.000 0.000 0.001 0.002 0.003 0.006 0.009 0.011 0.012 0.012 0.012 0.012 0.016 0.020 0.023 0.025 0.026 0.029 0.030 0.026 0.021 0.021 0.023 0.029 0.034 0.040 0.053 0.070 0.075
0.000 0.000 0.000 0.000 0.000 0.000 0.000 0.000 0.000 0.000 0.000 0.000 0.000 0.000 0.000 0.000 0.000 0.000 0.000 0.000 0.000 0.000 0.000 0.000 0.000 0.000 0.000 0.000 0.000 0.000 0.000 0.000 0.000 0.000 0.000 0.000 0.000 0.000 0.000 0.000 0.000 0.000 0.000 0.000 0.000 0.000 0.000 0.000 0.000 0.000 0.000 0.001 0.002 0.004 0.007 0.010 0.012 0.013 0.012 0.012 0.013 0.017 0.022 0.026 0.028 0.030 0.032 0.032 0.027 0.023 0.024 0.030 0.034 0.038 0.046 0.063 0.078
0.000 0.000 0.000 0.000 0.000 0.000 0.000 0.000 0.000 0.000 0.000 0.000 0.000 0.000 0.000 0.000 0.000 0.000 0.000 0.000 0.000 0.000 0.000 0.000 0.000 0.000 0.000 0.000 0.000 0.000 0.000 0.000 0.000 0.000 0.000 0.000 0.000 0.000 0.000 0.000 0.000 0.000 0.000 0.000 0.000 0.000 0.000 0.000 0.000 0.000 0.000 0.000 0.001 0.002 0.005 0.008 0.011 0.013 0.014 0.013 0.012 0.013 0.018 0.025 0.030 0.032 0.034 0.036 0.034 0.030 0.028 0.031 0.035 0.037 0.042 0.052 0.070
0.000 0.000 0.000 0.000 0.000 0.000 0.000 0.000 0.000 0.000 0.000 0.000 0.000 0.000 0.000 0.000 0.000 0.000 0.000 0.000 0.000 0.000 0.000 0.000 0.000 0.000 0.000 0.000 0.000 0.000 0.000 0.000 0.000 0.000 0.000 0.000 0.000 0.000 0.000 0.000 0.000 0.000 0.000 0.000 0.000 0.000 0.000 0.000 0.000 0.000 0.000 0.000 0.000 0.001 0.003 0.005 0.008 0.011 0.014 0.016 0.014 0.011 0.012 0.019 0.028 0.035 0.039 0.040 0.041 0.038 0.036 0.036 0.037 0.037 0.039 0.044 0.054
0.000 0.000 0.000 0.000 0.000 0.000 0.000 0.000 0.000 0.000 0.000 0.000 0.000 0.000 0.000 0.000 0.000 0.000 0.000 0.000 0.000 0.000 0.000 0.000 0.000 0.000 0.000 0.000 0.000 0.000 0.000 0.000 0.000 0.000 0.000 0.000 0.000 0.000 0.000 0.000 0.000 0.000 0.000 0.000 0.000 0.000 0.000 0.000 0.000 0.000 0.000 0.000 0.000 0.000 0.001 0.002 0.005 0.008 0.013 0.017 0.018 0.012 0.009 0.010 0.016 0.028 0.039 0.044 0.045 0.044 0.043 0.043 0.042 0.040 0.040 0.043 0.047
0.000 0.000 0.000 0.000 0.000 0.000 0.000 0.000 0.000 0.000 0.000 0.000 0.000 0.000 0.000 0.000 0.000 0.000 0.000 0.000 0.000 0.000 0.000 0.000 0.000 0.000 0.000 0.000 0.000 0.000 0.000 0.000 0.000 0.000 0.000 0.000 0.000 0.000 0.000 0.000 0.000 0.000 0.000 0.000 0.000 0.000 0.000 0.000 0.000 0.000 0.000 0.000 0.000 0.000 0.000 0.001 0.002 0.005 0.008 0.014 0.018 0.015 0.010 0.008 0.009 0.013 0.023 0.035 0.044 0.046 0.045 0.047 0.048 0.046 0.044 0.044 0.046
