AvaFrame/avaframe/data/avaGar/Avaflow_Input_Output_sss/gar_results/alr_ascii/alr_hflow0017.asc
ncols 130
nrows 97
xllcenter 247320.75
yllcenter 350697.47
cellsize 20.00
NODATA_value -9999.000
[rows 34 to 67 of 97, columns 0 to 76 of 130]
0.000 0.000 0.000 0.000 0.000 0.000 0.000 0.000 0.000 0.000 0.000 0.000 0.000 0.000 0.000 0.000 0.000 0.000 0.000 0.000 0.000 0.000 0.000 0.000 0.000 0.000 0.000 0.001 0.001 0.000 0.000 0.000 0.000 0.000 0.001 0.001 0.001 0.001 0.001 0.001 0.002 0.003 0.004 0.004 0.004 0.004 0.006 0.011 0.022 0.033 0.040 0.043 0.044 0.047 0.053 0.056 0.048 0.031 0.017 0.010 0.004 0.002 0.001 0.001 0.000 0.000 0.000 0.000 0.000 0.000 0.000 0.000 0.000 0.000 0.000 0.000 0.000
0.000 0.000 0.000 0.000 0.000 0.000 0.000 0.000 0.000 0.000 0.000 0.000 0.000 0.000 0.000 0.000 0.000 0.000 0.000 0.000 0.000 0.000 0.000 0.000 0.000 0.000 0.000 0.000 0.000 0.000 0.000 0.000 0.000 0.000 0.000 0.000 0.000 0.001 0.001 0.001 0.001 0.002 0.002 0.002 0.003 0.005 0.007 0.010 0.012 0.015 0.023 0.032 0.038 0.038 0.038 0.044 0.056 0.063 0.050 0.030 0.014 0.003 0.002 0.001 0.001 0.000 0.000 0.000 0.000 0.000 0.000 0.000 0.000 0.000 0.000 0.000 0.000
0.000 0.000 0.000 0.000 0.000 0.000 0.000 0.000 0.000 0.000 0.000 0.000 0.000 0.000 0.000 0.000 0.000 0.000 0.000 0.000 0.000 0.000 0.000 0.000 0.000 0.000 0.000 0.000 0.000 0.000 0.000 0.000 0.000 0.000 0.000 0.000 0.000 0.000 0.001 0.001 0.001 0.001 0.002 0.002 0.003 0.005 0.007 0.008 0.007 0.006 0.006 0.008 0.009 0.009 0.009 0.009 0.016 0.038 0.058 0.058 0.043 0.018 0.002 0.001 0.001 0.000 0.000 0.000 0.000 0.000 0.000 0.000 0.001 0.001 0.001 0.001 0.001
0.000 0.000 0.000 0.000 0.000 0.000 0.000 0.000 0.000 0.000 0.000 0.000 0.000 0.000 0.000 0.000 0.000 0.000 0.000 0.000 0.000 0.000 0.000 0.000 0.000 0.000 0.000 0.000 0.000 0.000 0.000 0.000 0.000 0.000 0.000 0.000 0.000 0.000 0.001 0.000 0.001 0.001 0.001 0.002 0.003 0.003 0.004 0.004 0.004 0.004 0.003 0.003 0.003 0.003 0.003 0.003 0.004 0.006 0.023 0.051 0.065 0.050 0.016 0.002 0.001 0.001 0.000 0.000 0.000 0.000 0.000 0.001 0.001 0.002 0.002 0.002 0.001
0.000 0.000 0.000 0.000 0.000 0.000 0.000 0.000 0.000 0.000 0.000 0.000 0.000 0.000 0.000 0.000 0.000 0.000 0.000 0.000 0.000 0.000 0.000 0.000 0.000 0.001 0.001 0.001 0.000 0.000 0.000 0.000 0.000 0.000 0.000 0.000 0.000 0.000 0.000 0.000 0.000 0.001 0.001 0.002 0.003 0.003 0.002 0.003 0.003 0.002 0.002 0.002 0.002 0.002 0.002 0.002 0.002 0.002 0.004 0.016 0.044 0.066 0.052 0.012 0.001 0.001 0.001 0.000 0.000 0.000 0.001 0.002 0.002 0.002 0.002 0.002 0.002
0.000 0.000 0.000 0.000 0.000 0.000 0.000 0.000 0.000 0.000 0.000 0.000 0.000 0.000 0.000 0.000 0.000 0.000 0.000 0.000 0.000 0.000 0.000 0.000 0.000 0.001 0.001 0.001 0.001 0.001 0.000 0.000 0.000 0.000 0.000 0.000 0.000 0.000 0.000 0.000 0.000 0.000 0.001 0.002 0.003 0.003 0.002 0.002 0.002 0.002 0.002 0.002 0.002 0.002 0.002 0.002 0.002 0.002 0.002 0.004 0.014 0.044 0.074 0.048 0.007 0.001 0.001 0.001 0.000 0.000 0.001 0.002 0.002 0.002 0.002 0.002 0.002
0.000 0.000 0.000 0.000 0.000 0.000 0.000 0.000 0.000 0.000 0.000 0.000 0.000 0.000 0.000 0.000 0.000 0.000 0.000 0.000 0.000 0.000 0.000 0.000 0.000 0.001 0.002 0.003 0.003 0.002 0.001 0.001 0.000 0.000 0.000 0.000 0.000 0.000 0.000 0.000 0.000 0.000 0.001 0.002 0.002 0.003 0.002 0.002 0.002 0.002 0.002 0.002 0.002 0.002 0.002 0.002 0.002 0.002 0.002 0.002 0.005 0.020 0.057 0.079 0.044 0.010 0.001 0.001 0.001 0.001 0.001 0.002 0.002 0.003 0.003 0.003 0.003
0.000 0.000 0.000 0.000 0.000 0.000 0.000 0.000 0.000 0.000 0.000 0.000 0.000 0.000 0.000 0.000 0.000 0.000 0.000 0.000 0.001 0.000 0.000 0.000 0.000 0.001 0.001 0.002 0.003 0.003 0.003 0.002 0.001 0.001 0.000 0.000 0.000 0.000 0.000 0.000 0.000 0.000 0.001 0.002 0.002 0.002 0.002 0.002 0.002 0.002 0.002 0.003 0.003 0.003 0.003 0.002 0.002 0.002 0.002 0.002 0.004 0.008 0.025 0.061 0.085 0.061 0.017 0.001 0.001 0.001 0.002 0.002 0.002 0.003 0.003 0.003 0.003
0.000 0.000 0.000 0.000 0.000 0.000 0.000 0.000 0.000 0.000 0.000 0.000 0.000 0.001 0.000 0.000 0.000 0.000 0.000 0.000 0.001 0.001 0.000 0.000 0.000 0.001 0.001 0.001 0.001 0.002 0.003 0.004 0.003 0.001 0.001 0.001 0.001 0.000 0.000 0.000 0.000 0.000 0.001 0.002 0.002 0.002 0.002 0.002 0.002 0.002 0.002 0.003 0.003 0.004 0.004 0.004 0.003 0.003 0.003 0.003 0.004 0.006 0.009 0.022 0.060 0.100 0.074 0.027 0.002 0.002 0.002 0.002 0.002 0.003 0.003 0.003 0.003
0.000 0.000 0.000 0.000 0.000 0.000 0.000 0.000 0.000 0.000 0.000 0.000 0.000 0.000 0.000 0.000 0.000 0.000 0.000 0.000 0.001 0.001 0.000 0.000 0.000 0.001 0.001 0.001 0.001 0.001 0.002 0.004 0.005 0.004 0.002 0.001 0.001 0.001 0.001 0.000 0.000 0.000 0.001 0.002 0.002 0.002 0.002 0.002 0.002 0.002 0.002 0.002 0.002 0.003 0.003 0.004 0.004 0.004 0.004 0.004 0.005 0.005 0.006 0.008 0.015 0.050 0.095 0.086 0.027 0.004 0.003 0.003 0.003 0.004 0.004 0.004 0.004
0.000 0.000 0.000 0.000 0.000 0.000 0.000 0.000 0.000 0.000 0.000 0.000 0.000 0.000 0.000 0.000 0.001 0.001 0.001 0.000 0.000 0.001 0.000 0.000 0.000 0.000 0.001 0.001 0.001 0.001 0.002 0.002 0.004 0.006 0.004 0.002 0.001 0.001 0.001 0.001 0.000 0.000 0.000 0.002 0.002 0.002 0.002 0.002 0.002 0.002 0.002 0.002 0.002 0.002 0.002 0.002 0.003 0.004 0.004 0.004 0.004 0.004 0.004 0.004 0.005 0.011 0.046 0.097 0.076 0.019 0.007 0.005 0.004 0.004 0.005 0.005 0.005
0.000 0.000 0.000 0.000 0.000 0.000 0.000 0.000 0.000 0.000 0.000 0.000 0.000 0.000 0.000 0.000 0.001 0.001 0.001 0.001 0.000 0.000 0.000 0.000 0.000 0.000 0.000 0.000 0.001 0.001 0.001 0.002 0.003 0.005 0.007 0.005 0.002 0.001 0.001 0.001 0.001 0.000 0.002 0.002 0.002 0.002 0.002 0.002 0.002 0.002 0.002 0.002 0.002 0.002 0.002 0.002 0.002 0.002 0.003 0.003 0.003 0.003 0.003 0.003 0.003 0.005 0.015 0.062 0.104 0.054 0.019 0.011 0.007 0.006 0.006 0.007 0.007
0.000 0.000 0.000 0.000 0.000 0.000 0.000 0.000 0.000 0.000 0.000 0.000 0.000 0.000 0.000 0.000 0.001 0.001 0.001 0.001 0.000 0.000 0.000 0.000 0.000 0.000 0.000 0.000 0.001 0.001 0.001 0.002 0.003 0.004 0.006 0.008 0.005 0.002 0.001 0.001 0.002 0.002 0.002 0.002 0.002 0.003 0.002 0.002 0.002 0.002 0.002 0.002 0.002 0.002 0.002 0.002 0.002 0.002 0.002 0.003 0.003 0.002 0.002 0.002 0.003 0.003 0.007 0.030 0.084 0.086 0.043 0.022 0.014 0.011 0.011 0.012 0.013
0.000 0.000 0.000 0.000 0.000 0.000 0.000 0.000 0.000 0.000 0.000 0.000 0.000 0.000 0.000 0.000 0.000 0.001 0.001 0.001 0.000 0.000 0.000 0.000 0.000 0.000 0.000 0.000 0.000 0.001 0.001 0.002 0.003 0.003 0.004 0.008 0.008 0.004 0.002 0.002 0.002 0.002 0.002 0.002 0.003 0.004 0.004 0.002 0.002 0.002 0.002 0.002 0.002 0.002 0.002 0.002 0.002 0.002 0.002 0.002 0.003 0.003 0.002 0.002 0.003 0.003 0.005 0.013 0.049 0.092 0.070 0.037 0.024 0.017 0.014 0.013 0.014
0.000 0.000 0.000 0.000 0.000 0.000 0.000 0.000 0.000 0.000 0.000 0.000 0.000 0.000 0.000 0.000 0.000 0.000 0.000 0.000 0.000 0.000 0.000 0.000 0.000 0.000 0.000 0.000 0.000 0.001 0.001 0.002 0.003 0.003 0.003 0.006 0.008 0.006 0.003 0.002 0.002 0.002 0.002 0.002 0.003 0.004 0.005 0.003 0.002 0.002 0.002 0.002 0.002 0.002 0.002 0.002 0.002 0.002 0.002 0.002 0.002 0.003 0.003 0.003 0.003 0.003 0.004 0.007 0.023 0.070 0.083 0.056 0.037 0.027 0.019 0.012 0.012
0.000 0.000 0.000 0.000 0.000 0.000 0.000 0.000 0.000 0.000 0.000 0.000 0.000 0.000 0.000 0.000 0.000 0.000 0.000 0.000 0.000 0.000 0.000 0.000 0.000 0.000 0.000 0.000 0.000 0.001 0.002 0.002 0.003 0.004 0.004 0.004 0.006 0.007 0.005 0.003 0.002 0.002 0.002 0.002 0.002 0.004 0.005 0.005 0.003 0.002 0.002 0.002 0.002 0.002 0.002 0.002 0.002 0.002 0.002 0.002 0.002 0.003 0.003 0.003 0.003 0.003 0.003 0.006 0.013 0.040 0.076 0.070 0.051 0.039 0.029 0.017 0.011
0.000 0.000 0.000 0.000 0.000 0.000 0.000 0.000 0.000 0.000 0.000 0.000 0.000 0.000 0.000 0.000 0.000 0.000 0.000 0.000 0.000 0.000 0.000 0.000 0.000 0.000 0.000 0.000 0.000 0.001 0.001 0.002 0.003 0.005 0.007 0.007 0.004 0.005 0.006 0.005 0.003 0.002 0.002 0.002 0.002 0.003 0.004 0.005 0.005 0.003 0.002 0.002 0.002 0.002 0.002 0.002 0.002 0.002 0.002 0.002 0.002 0.003 0.003 0.003 0.003 0.003 0.003 0.005 0.010 0.022 0.053 0.073 0.063 0.052 0.042 0.029 0.015
0.000 0.000 0.000 0.000 0.000 0.000 0.000 0.000 0.000 0.000 0.000 0.000 0.000 0.000 0.000 0.000 0.000 0.000 0.000 0.000 0.000 0.000 0.000 0.000 0.000 0.000 0.000 0.000 0.000 0.000 0.001 0.001 0.002 0.004 0.008 0.011 0.007 0.004 0.005 0.006 0.004 0.002 0.002 0.002 0.002 0.002 0.003 0.005 0.006 0.004 0.002 0.002 0.002 0.002 0.002 0.002 0.002 0.002 0.002 0.002 0.002 0.003 0.004 0.004 0.003 0.003 0.003 0.005 0.008 0.016 0.031 0.059 0.068 0.061 0.054 0.045 0.028
0.000 0.000 0.000 0.000 0.000 0.000 0.000 0.000 0.000 0.000 0.000 0.000 0.000 0.000 0.000 0.000 0.000 0.000 0.000 0.000 0.000 0.000 0.000 0.000 0.000 0.000 0.000 0.000 0.000 0.000 0.000 0.001 0.001 0.002 0.005 0.011 0.011 0.006 0.004 0.004 0.005 0.004 0.002 0.002 0.002 0.002 0.003 0.004 0.005 0.005 0.004 0.003 0.003 0.002 0.002 0.002 0.002 0.002 0.002 0.002 0.002 0.003 0.003 0.004 0.004 0.004 0.004 0.005 0.008 0.013 0.020 0.038 0.061 0.066 0.062 0.057 0.045
0.000 0.000 0.000 0.000 0.000 0.000 0.000 0.000 0.000 0.000 0.000 0.000 0.000 0.000 0.000 0.000 0.000 0.000 0.000 0.000 0.000 0.000 0.000 0.000 0.000 0.000 0.000 0.000 0.000 0.000 0.000 0.000 0.001 0.001 0.003 0.007 0.012 0.011 0.006 0.004 0.004 0.005 0.003 0.002 0.002 0.002 0.003 0.003 0.004 0.005 0.005 0.005 0.005 0.003 0.002 0.002 0.002 0.002 0.002 0.002 0.002 0.002 0.003 0.004 0.004 0.005 0.005 0.005 0.007 0.013 0.017 0.024 0.044 0.062 0.064 0.064 0.059
0.000 0.000 0.000 0.000 0.000 0.000 0.000 0.000 0.000 0.000 0.000 0.000 0.000 0.000 0.000 0.000 0.000 0.000 0.000 0.000 0.000 0.000 0.000 0.000 0.000 0.000 0.000 0.000 0.000 0.000 0.000 0.000 0.000 0.001 0.002 0.004 0.010 0.015 0.012 0.006 0.005 0.005 0.004 0.003 0.002 0.002 0.003 0.003 0.004 0.005 0.006 0.006 0.006 0.005 0.004 0.003 0.003 0.003 0.003 0.003 0.003 0.003 0.003 0.003 0.003 0.004 0.004 0.005 0.007 0.013 0.016 0.018 0.027 0.048 0.061 0.065 0.066
0.000 0.000 0.000 0.000 0.000 0.000 0.000 0.000 0.000 0.000 0.000 0.000 0.000 0.000 0.000 0.000 0.000 0.000 0.000 0.000 0.000 0.000 0.000 0.000 0.000 0.000 0.000 0.000 0.000 0.000 0.000 0.000 0.000 0.000 0.001 0.002 0.006 0.015 0.019 0.015 0.011 0.006 0.004 0.003 0.002 0.002 0.003 0.004 0.004 0.005 0.006 0.007 0.007 0.007 0.006 0.004 0.004 0.004 0.004 0.004 0.003 0.003 0.003 0.003 0.003 0.003 0.003 0.004 0.006 0.013 0.016 0.016 0.019 0.032 0.050 0.062 0.066
0.000 0.000 0.000 0.000 0.000 0.000 0.000 0.000 0.000 0.000 0.000 0.000 0.000 0.000 0.000 0.000 0.000 0.000 0.000 0.000 0.000 0.000 0.000 0.000 0.000 0.000 0.000 0.000 0.000 0.000 0.000 0.000 0.000 0.000 0.000 0.001 0.002 0.006 0.015 0.021 0.022 0.016 0.008 0.002 0.002 0.002 0.003 0.004 0.004 0.004 0.005 0.007 0.008 0.008 0.007 0.006 0.006 0.005 0.005 0.004 0.004 0.004 0.004 0.003 0.003 0.002 0.002 0.003 0.005 0.012 0.016 0.016 0.017 0.022 0.035 0.052 0.063
0.000 0.000 0.000 0.000 0.000 0.000 0.000 0.000 0.000 0.000 0.000 0.000 0.000 0.000 0.000 0.000 0.000 0.000 0.000 0.000 0.000 0.000 0.000 0.000 0.000 0.000 0.000 0.000 0.000 0.000 0.000 0.000 0.000 0.000 0.000 0.000 0.001 0.001 0.004 0.012 0.022 0.029 0.028 0.013 0.001 0.001 0.003 0.004 0.004 0.004 0.004 0.005 0.007 0.008 0.008 0.007 0.007 0.007 0.006 0.006 0.005 0.004 0.004 0.004 0.003 0.002 0.002 0.002 0.004 0.009 0.016 0.016 0.017 0.020 0.025 0.037 0.052
0.000 0.000 0.000 0.000 0.000 0.000 0.000 0.000 0.000 0.000 0.000 0.000 0.000 0.000 0.000 0.000 0.000 0.000 0.000 0.000 0.000 0.000 0.000 0.000 0.000 0.000 0.000 0.000 0.000 0.000 0.000 0.000 0.000 0.000 0.000 0.000 0.000 0.001 0.001 0.003 0.008 0.020 0.035 0.035 0.014 0.000 0.001 0.003 0.004 0.004 0.003 0.004 0.006 0.008 0.008 0.008 0.007 0.008 0.008 0.008 0.007 0.007 0.006 0.005 0.004 0.002 0.002 0.002 0.003 0.006 0.013 0.016 0.018 0.020 0.022 0.026 0.036
0.000 0.000 0.000 0.000 0.000 0.000 0.000 0.000 0.000 0.000 0.000 0.000 0.000 0.000 0.000 0.000 0.000 0.000 0.000 0.000 0.000 0.000 0.000 0.000 0.000 0.000 0.000 0.000 0.000 0.000 0.000 0.000 0.000 0.000 0.000 0.000 0.000 0.000 0.001 0.001 0.002 0.004 0.015 0.032 0.032 0.012 0.001 0.002 0.003 0.004 0.004 0.004 0.005 0.008 0.009 0.008 0.007 0.008 0.009 0.010 0.010 0.010 0.010 0.008 0.005 0.003 0.002 0.002 0.002 0.004 0.008 0.013 0.018 0.021 0.021 0.021 0.026
0.000 0.000 0.000 0.000 0.000 0.000 0.000 0.000 0.000 0.000 0.000 0.000 0.000 0.000 0.000 0.000 0.000 0.000 0.000 0.000 0.000 0.000 0.000 0.000 0.000 0.000 0.000 0.000 0.000 0.000 0.000 0.000 0.000 0.000 0.000 0.000 0.000 0.000 0.000 0.000 0.001 0.002 0.004 0.013 0.028 0.031 0.010 0.002 0.002 0.003 0.004 0.005 0.006 0.008 0.009 0.009 0.008 0.007 0.008 0.010 0.012 0.012 0.012 0.011 0.007 0.003 0.002 0.002 0.002 0.003 0.005 0.010 0.016 0.021 0.022 0.020 0.021
0.000 0.000 0.000 0.000 0.000 0.000 0.000 0.000 0.000 0.000 0.000 0.000 0.000 0.000 0.000 0.000 0.000 0.000 0.000 0.000 0.000 0.000 0.000 0.000 0.000 0.000 0.000 0.000 0.000 0.000 0.000 0.000 0.000 0.000 0.000 0.000 0.000 0.000 0.000 0.000 0.000 0.001 0.002 0.007 0.021 0.040 0.027 0.005 0.002 0.002 0.003 0.005 0.006 0.008 0.010 0.010 0.009 0.007 0.007 0.009 0.012 0.013 0.013 0.011 0.007 0.004 0.002 0.002 0.002 0.002 0.004 0.007 0.013 0.019 0.022 0.021 0.020
0.000 0.000 0.000 0.000 0.000 0.000 0.000 0.000 0.000 0.000 0.000 0.000 0.000 0.000 0.000 0.000 0.000 0.000 0.000 0.000 0.000 0.000 0.000 0.000 0.000 0.000 0.000 0.000 0.000 0.000 0.000 0.000 0.000 0.000 0.000 0.000 0.000 0.000 0.000 0.000 0.000 0.000 0.001 0.004 0.015 0.035 0.035 0.011 0.003 0.002 0.002 0.003 0.005 0.008 0.011 0.012 0.012 0.009 0.006 0.007 0.010 0.013 0.013 0.010 0.006 0.004 0.003 0.002 0.002 0.002 0.003 0.006 0.010 0.015 0.019 0.021 0.020
0.000 0.000 0.000 0.000 0.000 0.000 0.000 0.000 0.000 0.000 0.000 0.000 0.000 0.000 0.000 0.000 0.000 0.000 0.000 0.000 0.000 0.000 0.000 0.000 0.000 0.000 0.000 0.000 0.000 0.000 0.000 0.000 0.000 0.000 0.000 0.000 0.000 0.000 0.000 0.000 0.000 0.000 0.000 0.001 0.004 0.014 0.022 0.012 0.003 0.001 0.001 0.002 0.004 0.007 0.011 0.013 0.014 0.013 0.008 0.005 0.005 0.006 0.007 0.007 0.005 0.004 0.004 0.003 0.003 0.002 0.002 0.005 0.008 0.011 0.015 0.020 0.020
0.000 0.000 0.000 0.000 0.000 0.000 0.000 0.000 0.000 0.000 0.000 0.000 0.000 0.000 0.000 0.000 0.000 0.000 0.000 0.000 0.000 0.000 0.000 0.000 0.000 0.000 0.000 0.000 0.000 0.000 0.000 0.000 0.000 0.000 0.000 0.000 0.000 0.000 0.000 0.000 0.000 0.000 0.000 0.000 0.001 0.002 0.005 0.005 0.002 0.001 0.001 0.001 0.003 0.005 0.010 0.014 0.015 0.015 0.012 0.006 0.003 0.003 0.003 0.003 0.004 0.005 0.006 0.006 0.005 0.003 0.003 0.005 0.008 0.009 0.012 0.016 0.019
0.000 0.000 0.000 0.000 0.000 0.000 0.000 0.000 0.000 0.000 0.000 0.000 0.000 0.000 0.000 0.000 0.000 0.000 0.000 0.000 0.000 0.000 0.000 0.000 0.000 0.000 0.000 0.000 0.000 0.000 0.000 0.000 0.000 0.000 0.000 0.000 0.000 0.000 0.000 0.000 0.000 0.000 0.000 0.000 0.000 0.000 0.001 0.001 0.000 0.000 0.000 0.001 0.001 0.003 0.008 0.013 0.015 0.015 0.014 0.007 0.003 0.002 0.002 0.002 0.003 0.006 0.008 0.009 0.009 0.007 0.006 0.007 0.009 0.010 0.012 0.014 0.017
0.000 0.000 0.000 0.000 0.000 0.000 0.000 0.000 0.000 0.000 0.000 0.000 0.000 0.000 0.000 0.000 0.000 0.000 0.000 0.000 0.000 0.000 0.000 0.000 0.000 0.000 0.000 0.000 0.000 0.000 0.000 0.000 0.000 0.000 0.000 0.000 0.000 0.000 0.000 0.000 0.000 0.000 0.000 0.000 0.000 0.000 0.000 0.000 0.000 0.000 0.000 0.000 0.001 0.002 0.004 0.008 0.011 0.012 0.011 0.008 0.004 0.002 0.001 0.001 0.002 0.004 0.008 0.011 0.011 0.011 0.010 0.011 0.012 0.012 0.012 0.013 0.014
0.000 0.000 0.000 0.000 0.000 0.000 0.000 0.000 0.000 0.000 0.000 0.000 0.000 0.000 0.000 0.000 0.000 0.000 0.000 0.000 0.000 0.000 0.000 0.000 0.000 0.000 0.000 0.000 0.000 0.000 0.000 0.000 0.000 0.000 0.000 0.000 0.000 0.000 0.000 0.000 0.000 0.000 0.000 0.000 0.000 0.000 0.000 0.000 0.000 0.000 0.000 0.000 0.000 0.001 0.002 0.004 0.005 0.005 0.006 0.007 0.006 0.004 0.002 0.001 0.001 0.001 0.003 0.007 0.011 0.012 0.012 0.013 0.015 0.015 0.013 0.012 0.012
