AvaFrame/avaframe/data/avaGar/Avaflow_Input_Output_sss/gar_results/alr_ascii/alr_hflow0005.asc
ncols 130
nrows 97
xllcenter 247320.75
yllcenter 350697.47
cellsize 20.00
NODATA_value -9999.000
[rows 34 to 67 of 97, columns 0 to 76 of 130]
0.000 0.000 0.000 0.000 0.000 0.000 0.000 0.000 0.000 0.000 0.001 0.001 0.002 0.003 0.003 0.003 0.003 0.004 0.006 0.008 0.008 0.007 0.006 0.004 0.003 0.002 0.002 0.003 0.003 0.004 0.004 0.004 0.005 0.005 0.007 0.009 0.012 0.014 0.018 0.024 0.035 0.054 0.072 0.078 0.077 0.084 0.113 0.183 0.290 0.402 0.495 0.558 0.599 0.642 0.708 0.774 0.793 0.726 0.525 0.302 0.146 0.073 0.049 0.041 0.038 0.033 0.025 0.016 0.010 0.006 0.004 0.003 0.002 0.001 0.000 0.000 0.000
0.000 0.000 0.000 0.000 0.000 0.000 0.000 0.000 0.000 0.000 0.000 0.001 0.001 0.003 0.003 0.003 0.003 0.004 0.006 0.010 0.012 0.013 0.011 0.006 0.004 0.003 0.003 0.003 0.003 0.004 0.005 0.005 0.006 0.007 0.008 0.010 0.012 0.013 0.013 0.013 0.016 0.021 0.032 0.044 0.061 0.089 0.131 0.200 0.290 0.376 0.454 0.524 0.570 0.597 0.621 0.663 0.750 0.861 0.873 0.728 0.450 0.177 0.084 0.060 0.053 0.050 0.044 0.029 0.017 0.010 0.006 0.004 0.003 0.002 0.001 0.000 0.000
0.000 0.000 0.000 0.000 0.000 0.000 0.000 0.000 0.000 0.000 0.000 0.000 0.001 0.003 0.004 0.003 0.003 0.003 0.006 0.010 0.016 0.020 0.020 0.014 0.007 0.004 0.003 0.003 0.004 0.004 0.005 0.005 0.006 0.008 0.009 0.012 0.014 0.014 0.014 0.013 0.014 0.017 0.023 0.035 0.057 0.093 0.143 0.194 0.219 0.209 0.201 0.212 0.228 0.230 0.221 0.220 0.287 0.500 0.749 0.923 0.865 0.535 0.178 0.088 0.070 0.071 0.071 0.053 0.030 0.017 0.010 0.007 0.005 0.003 0.002 0.001 0.001
0.000 0.000 0.000 0.000 0.000 0.000 0.000 0.000 0.000 0.000 0.000 0.000 0.001 0.002 0.003 0.004 0.003 0.003 0.005 0.008 0.015 0.022 0.026 0.025 0.017 0.009 0.006 0.005 0.005 0.004 0.004 0.005 0.006 0.007 0.008 0.010 0.013 0.015 0.015 0.015 0.015 0.017 0.024 0.037 0.057 0.077 0.100 0.111 0.104 0.086 0.073 0.068 0.069 0.069 0.067 0.066 0.072 0.114 0.292 0.636 0.939 0.919 0.524 0.156 0.089 0.083 0.086 0.071 0.042 0.025 0.015 0.011 0.008 0.006 0.004 0.002 0.001
0.000 0.000 0.000 0.000 0.000 0.000 0.000 0.000 0.000 0.000 0.000 0.000 0.001 0.001 0.003 0.003 0.003 0.003 0.003 0.005 0.008 0.016 0.025 0.030 0.029 0.022 0.015 0.011 0.007 0.005 0.005 0.005 0.006 0.006 0.007 0.008 0.010 0.013 0.015 0.017 0.018 0.021 0.029 0.041 0.053 0.055 0.051 0.048 0.046 0.040 0.034 0.030 0.028 0.028 0.028 0.028 0.030 0.040 0.080 0.207 0.577 0.955 0.904 0.431 0.130 0.087 0.082 0.071 0.046 0.029 0.019 0.015 0.012 0.009 0.006 0.004 0.002
0.000 0.000 0.000 0.000 0.000 0.000 0.000 0.000 0.000 0.000 0.000 0.000 0.000 0.001 0.002 0.003 0.003 0.003 0.002 0.003 0.004 0.008 0.016 0.025 0.029 0.029 0.025 0.020 0.013 0.008 0.006 0.006 0.006 0.006 0.006 0.008 0.010 0.012 0.015 0.018 0.020 0.024 0.030 0.041 0.047 0.044 0.035 0.028 0.025 0.022 0.020 0.018 0.017 0.017 0.017 0.017 0.019 0.023 0.036 0.077 0.197 0.595 1.053 0.853 0.315 0.109 0.073 0.060 0.044 0.030 0.022 0.018 0.015 0.013 0.010 0.007 0.004
0.000 0.000 0.000 0.000 0.000 0.000 0.000 0.000 0.000 0.000 0.000 0.000 0.000 0.000 0.001 0.002 0.002 0.002 0.002 0.002 0.003 0.005 0.008 0.014 0.019 0.023 0.025 0.023 0.019 0.014 0.010 0.009 0.007 0.006 0.006 0.008 0.010 0.012 0.015 0.018 0.021 0.024 0.027 0.032 0.036 0.034 0.027 0.021 0.018 0.017 0.016 0.016 0.016 0.017 0.017 0.017 0.017 0.017 0.022 0.040 0.097 0.263 0.807 1.228 0.861 0.295 0.102 0.059 0.045 0.032 0.024 0.021 0.019 0.017 0.014 0.010 0.007
0.000 0.000 0.000 0.000 0.000 0.000 0.000 0.000 0.000 0.000 0.000 0.000 0.000 0.000 0.000 0.000 0.001 0.001 0.001 0.001 0.002 0.003 0.005 0.008 0.010 0.013 0.015 0.018 0.018 0.016 0.014 0.013 0.009 0.007 0.007 0.008 0.010 0.012 0.015 0.018 0.022 0.025 0.025 0.024 0.024 0.024 0.021 0.016 0.014 0.014 0.015 0.017 0.020 0.022 0.022 0.021 0.020 0.019 0.020 0.031 0.065 0.158 0.483 1.192 1.606 1.161 0.455 0.148 0.075 0.043 0.029 0.024 0.023 0.022 0.019 0.015 0.010
0.000 0.000 0.000 0.000 0.000 0.000 0.000 0.000 0.000 0.000 0.000 0.000 0.000 0.000 0.000 0.000 0.000 0.000 0.000 0.001 0.001 0.002 0.003 0.005 0.006 0.008 0.009 0.010 0.012 0.013 0.014 0.014 0.012 0.009 0.007 0.008 0.009 0.012 0.014 0.018 0.024 0.027 0.026 0.023 0.020 0.018 0.015 0.012 0.011 0.011 0.012 0.016 0.021 0.027 0.031 0.032 0.029 0.026 0.025 0.032 0.054 0.112 0.257 0.784 1.722 2.351 1.976 1.069 0.327 0.099 0.043 0.030 0.028 0.027 0.025 0.021 0.016
0.000 0.000 0.000 0.000 0.000 0.000 0.000 0.000 0.000 0.000 0.000 0.000 0.000 0.000 0.000 0.000 0.000 0.000 0.000 0.000 0.000 0.001 0.002 0.003 0.004 0.005 0.005 0.006 0.007 0.009 0.011 0.013 0.013 0.010 0.008 0.008 0.009 0.010 0.013 0.018 0.024 0.027 0.027 0.024 0.019 0.015 0.012 0.010 0.009 0.009 0.010 0.011 0.015 0.021 0.028 0.033 0.034 0.032 0.031 0.034 0.047 0.087 0.180 0.415 1.164 2.516 3.740 3.543 1.862 0.366 0.079 0.039 0.034 0.033 0.031 0.028 0.023
0.000 0.000 0.000 0.000 0.000 0.000 0.000 0.000 0.000 0.000 0.000 0.000 0.000 0.000 0.000 0.000 0.000 0.000 0.000 0.000 0.000 0.000 0.001 0.001 0.002 0.002 0.003 0.003 0.004 0.005 0.007 0.009 0.010 0.010 0.008 0.007 0.008 0.009 0.012 0.017 0.023 0.026 0.026 0.024 0.019 0.013 0.010 0.009 0.008 0.009 0.009 0.009 0.010 0.012 0.015 0.020 0.025 0.027 0.027 0.028 0.035 0.060 0.121 0.264 0.631 1.868 3.976 4.770 3.333 0.719 0.127 0.054 0.043 0.040 0.038 0.036 0.031
0.000 0.000 0.000 0.000 0.000 0.000 0.000 0.000 0.000 0.000 0.000 0.000 0.000 0.000 0.000 0.000 0.000 0.000 0.000 0.000 0.000 0.000 0.000 0.000 0.001 0.001 0.001 0.002 0.002 0.003 0.004 0.005 0.006 0.007 0.007 0.007 0.006 0.007 0.010 0.014 0.019 0.022 0.022 0.022 0.018 0.012 0.009 0.008 0.008 0.009 0.009 0.009 0.009 0.009 0.010 0.012 0.015 0.018 0.021 0.023 0.026 0.038 0.074 0.167 0.400 1.350 3.395 4.348 3.075 0.742 0.160 0.078 0.059 0.052 0.048 0.045 0.041
0.000 0.000 0.000 0.000 0.000 0.000 0.000 0.000 0.000 0.000 0.000 0.000 0.000 0.000 0.000 0.000 0.000 0.000 0.000 0.000 0.000 0.000 0.000 0.000 0.000 0.000 0.000 0.000 0.001 0.001 0.002 0.002 0.003 0.003 0.004 0.004 0.004 0.005 0.006 0.009 0.012 0.013 0.014 0.015 0.014 0.012 0.010 0.008 0.008 0.009 0.009 0.010 0.010 0.010 0.010 0.011 0.013 0.015 0.019 0.022 0.024 0.029 0.046 0.096 0.242 0.704 1.518 1.832 1.236 0.391 0.163 0.108 0.083 0.069 0.062 0.057 0.052
0.000 0.000 0.000 0.000 0.000 0.000 0.000 0.000 0.000 0.000 0.000 0.000 0.000 0.000 0.000 0.000 0.000 0.000 0.000 0.000 0.000 0.000 0.000 0.000 0.000 0.000 0.000 0.000 0.000 0.000 0.000 0.001 0.001 0.001 0.001 0.002 0.002 0.002 0.003 0.005 0.006 0.007 0.008 0.009 0.010 0.011 0.011 0.009 0.009 0.009 0.010 0.010 0.011 0.011 0.011 0.012 0.013 0.015 0.018 0.021 0.023 0.026 0.031 0.048 0.092 0.188 0.282 0.317 0.274 0.199 0.157 0.133 0.114 0.094 0.080 0.072 0.066
0.000 0.000 0.000 0.000 0.000 0.000 0.000 0.000 0.000 0.000 0.000 0.000 0.000 0.000 0.000 0.000 0.000 0.000 0.000 0.000 0.000 0.000 0.000 0.000 0.000 0.000 0.000 0.000 0.000 0.000 0.000 0.000 0.000 0.000 0.000 0.000 0.001 0.001 0.002 0.002 0.003 0.004 0.005 0.006 0.007 0.010 0.011 0.010 0.010 0.010 0.011 0.011 0.012 0.012 0.013 0.013 0.014 0.016 0.018 0.021 0.024 0.026 0.028 0.032 0.040 0.053 0.069 0.088 0.114 0.139 0.150 0.146 0.138 0.124 0.106 0.089 0.080
0.000 0.000 0.000 0.000 0.000 0.000 0.000 0.000 0.000 0.000 0.000 0.000 0.000 0.000 0.000 0.000 0.000 0.000 0.000 0.000 0.000 0.000 0.000 0.000 0.000 0.000 0.000 0.000 0.000 0.000 0.000 0.000 0.000 0.000 0.000 0.000 0.000 0.000 0.001 0.001 0.002 0.002 0.003 0.004 0.006 0.008 0.011 0.012 0.012 0.012 0.012 0.012 0.013 0.014 0.015 0.016 0.016 0.017 0.019 0.022 0.025 0.028 0.030 0.032 0.034 0.039 0.046 0.059 0.080 0.112 0.140 0.150 0.151 0.147 0.135 0.114 0.096
0.000 0.000 0.000 0.000 0.000 0.000 0.000 0.000 0.000 0.000 0.000 0.000 0.000 0.000 0.000 0.000 0.000 0.000 0.000 0.000 0.000 0.000 0.000 0.000 0.000 0.000 0.000 0.000 0.000 0.000 0.000 0.000 0.000 0.000 0.000 0.000 0.000 0.000 0.000 0.000 0.001 0.001 0.002 0.003 0.005 0.007 0.010 0.013 0.015 0.014 0.014 0.015 0.015 0.016 0.017 0.018 0.019 0.020 0.021 0.023 0.027 0.031 0.034 0.035 0.036 0.038 0.044 0.054 0.069 0.093 0.124 0.147 0.156 0.159 0.156 0.144 0.122
0.000 0.000 0.000 0.000 0.000 0.000 0.000 0.000 0.000 0.000 0.000 0.000 0.000 0.000 0.000 0.000 0.000 0.000 0.000 0.000 0.000 0.000 0.000 0.000 0.000 0.000 0.000 0.000 0.000 0.000 0.000 0.000 0.000 0.000 0.000 0.000 0.000 0.000 0.000 0.000 0.000 0.001 0.002 0.003 0.004 0.006 0.009 0.013 0.015 0.016 0.016 0.018 0.019 0.019 0.019 0.021 0.022 0.024 0.025 0.026 0.029 0.033 0.037 0.040 0.040 0.042 0.046 0.053 0.065 0.081 0.106 0.135 0.154 0.163 0.168 0.166 0.152
0.000 0.000 0.000 0.000 0.000 0.000 0.000 0.000 0.000 0.000 0.000 0.000 0.000 0.000 0.000 0.000 0.000 0.000 0.000 0.000 0.000 0.000 0.000 0.000 0.000 0.000 0.000 0.000 0.000 0.000 0.000 0.000 0.000 0.000 0.000 0.000 0.000 0.000 0.000 0.000 0.000 0.000 0.001 0.002 0.003 0.005 0.007 0.011 0.014 0.016 0.018 0.021 0.023 0.023 0.023 0.024 0.026 0.028 0.029 0.030 0.032 0.035 0.039 0.044 0.047 0.049 0.051 0.055 0.064 0.076 0.092 0.117 0.145 0.163 0.173 0.177 0.174
0.000 0.000 0.000 0.000 0.000 0.000 0.000 0.000 0.000 0.000 0.000 0.000 0.000 0.000 0.000 0.000 0.000 0.000 0.000 0.000 0.000 0.000 0.000 0.000 0.000 0.000 0.000 0.000 0.000 0.000 0.000 0.000 0.000 0.000 0.000 0.000 0.000 0.000 0.000 0.000 0.000 0.000 0.001 0.001 0.002 0.004 0.006 0.009 0.013 0.016 0.019 0.022 0.025 0.026 0.028 0.029 0.031 0.033 0.034 0.035 0.036 0.038 0.041 0.045 0.051 0.054 0.057 0.059 0.065 0.075 0.087 0.103 0.128 0.155 0.172 0.183 0.187
0.000 0.000 0.000 0.000 0.000 0.000 0.000 0.000 0.000 0.000 0.000 0.000 0.000 0.000 0.000 0.000 0.000 0.000 0.000 0.000 0.000 0.000 0.000 0.000 0.000 0.000 0.000 0.000 0.000 0.000 0.000 0.000 0.000 0.000 0.000 0.000 0.000 0.000 0.000 0.000 0.000 0.000 0.000 0.001 0.001 0.003 0.005 0.007 0.011 0.014 0.018 0.022 0.025 0.028 0.030 0.032 0.035 0.038 0.040 0.041 0.043 0.043 0.044 0.046 0.051 0.055 0.059 0.063 0.068 0.076 0.086 0.097 0.113 0.139 0.164 0.182 0.194
0.000 0.000 0.000 0.000 0.000 0.000 0.000 0.000 0.000 0.000 0.000 0.000 0.000 0.000 0.000 0.000 0.000 0.000 0.000 0.000 0.000 0.000 0.000 0.000 0.000 0.000 0.000 0.000 0.000 0.000 0.000 0.000 0.000 0.000 0.000 0.000 0.000 0.000 0.000 0.000 0.000 0.000 0.000 0.000 0.001 0.002 0.003 0.005 0.008 0.012 0.016 0.021 0.025 0.028 0.030 0.033 0.036 0.040 0.043 0.045 0.047 0.048 0.049 0.050 0.052 0.056 0.061 0.066 0.072 0.079 0.087 0.095 0.106 0.124 0.149 0.175 0.193
0.000 0.000 0.000 0.000 0.000 0.000 0.000 0.000 0.000 0.000 0.000 0.000 0.000 0.000 0.000 0.000 0.000 0.000 0.000 0.000 0.000 0.000 0.000 0.000 0.000 0.000 0.000 0.000 0.000 0.000 0.000 0.000 0.000 0.000 0.000 0.000 0.000 0.000 0.000 0.000 0.000 0.000 0.000 0.000 0.000 0.001 0.002 0.003 0.005 0.008 0.012 0.018 0.023 0.027 0.030 0.033 0.036 0.040 0.044 0.047 0.050 0.052 0.055 0.056 0.057 0.058 0.062 0.068 0.075 0.083 0.090 0.096 0.105 0.117 0.135 0.161 0.187
0.000 0.000 0.000 0.000 0.000 0.000 0.000 0.000 0.000 0.000 0.000 0.000 0.000 0.000 0.000 0.000 0.000 0.000 0.000 0.000 0.000 0.000 0.000 0.000 0.000 0.000 0.000 0.000 0.000 0.000 0.000 0.000 0.000 0.000 0.000 0.000 0.000 0.000 0.000 0.000 0.000 0.000 0.000 0.000 0.000 0.000 0.001 0.002 0.003 0.005 0.008 0.012 0.018 0.024 0.028 0.032 0.036 0.040 0.044 0.049 0.052 0.055 0.059 0.063 0.064 0.064 0.065 0.070 0.077 0.086 0.094 0.100 0.106 0.115 0.128 0.147 0.174
0.000 0.000 0.000 0.000 0.000 0.000 0.000 0.000 0.000 0.000 0.000 0.000 0.000 0.000 0.000 0.000 0.000 0.000 0.000 0.000 0.000 0.000 0.000 0.000 0.000 0.000 0.000 0.000 0.000 0.000 0.000 0.000 0.000 0.000 0.000 0.000 0.000 0.000 0.000 0.000 0.000 0.000 0.000 0.000 0.000 0.000 0.000 0.001 0.001 0.002 0.004 0.007 0.012 0.017 0.023 0.028 0.033 0.038 0.043 0.048 0.053 0.058 0.062 0.069 0.072 0.071 0.070 0.073 0.079 0.088 0.097 0.104 0.109 0.116 0.125 0.138 0.159
0.000 0.000 0.000 0.000 0.000 0.000 0.000 0.000 0.000 0.000 0.000 0.000 0.000 0.000 0.000 0.000 0.000 0.000 0.000 0.000 0.000 0.000 0.000 0.000 0.000 0.000 0.000 0.000 0.000 0.000 0.000 0.000 0.000 0.000 0.000 0.000 0.000 0.000 0.000 0.000 0.000 0.000 0.000 0.000 0.000 0.000 0.000 0.000 0.000 0.001 0.002 0.004 0.006 0.010 0.015 0.020 0.026 0.032 0.039 0.046 0.052 0.058 0.064 0.072 0.079 0.080 0.077 0.078 0.082 0.089 0.098 0.106 0.113 0.119 0.126 0.135 0.148
0.000 0.000 0.000 0.000 0.000 0.000 0.000 0.000 0.000 0.000 0.000 0.000 0.000 0.000 0.000 0.000 0.000 0.000 0.000 0.000 0.000 0.000 0.000 0.000 0.000 0.000 0.000 0.000 0.000 0.000 0.000 0.000 0.000 0.000 0.000 0.000 0.000 0.000 0.000 0.000 0.000 0.000 0.000 0.000 0.000 0.000 0.000 0.000 0.000 0.000 0.001 0.002 0.003 0.005 0.008 0.012 0.017 0.022 0.030 0.039 0.048 0.056 0.063 0.072 0.082 0.087 0.085 0.084 0.086 0.091 0.099 0.108 0.115 0.122 0.128 0.135 0.144
0.000 0.000 0.000 0.000 0.000 0.000 0.000 0.000 0.000 0.000 0.000 0.000 0.000 0.000 0.000 0.000 0.000 0.000 0.000 0.000 0.000 0.000 0.000 0.000 0.000 0.000 0.000 0.000 0.000 0.000 0.000 0.000 0.000 0.000 0.000 0.000 0.000 0.000 0.000 0.000 0.000 0.000 0.000 0.000 0.000 0.000 0.000 0.000 0.000 0.000 0.000 0.001 0.001 0.002 0.004 0.006 0.009 0.013 0.018 0.027 0.038 0.049 0.059 0.070 0.081 0.091 0.094 0.093 0.092 0.095 0.101 0.110 0.118 0.124 0.131 0.137 0.144
0.000 0.000 0.000 0.000 0.000 0.000 0.000 0.000 0.000 0.000 0.000 0.000 0.000 0.000 0.000 0.000 0.000 0.000 0.000 0.000 0.000 0.000 0.000 0.000 0.000 0.000 0.000 0.000 0.000 0.000 0.000 0.000 0.000 0.000 0.000 0.000 0.000 0.000 0.000 0.000 0.000 0.000 0.000 0.000 0.000 0.000 0.000 0.000 0.000 0.000 0.000 0.000 0.000 0.001 0.002 0.003 0.005 0.007 0.010 0.016 0.025 0.037 0.050 0.063 0.077 0.091 0.100 0.102 0.101 0.101 0.105 0.114 0.121 0.127 0.134 0.141 0.147
0.000 0.000 0.000 0.000 0.000 0.000 0.000 0.000 0.000 0.000 0.000 0.000 0.000 0.000 0.000 0.000 0.000 0.000 0.000 0.000 0.000 0.000 0.000 0.000 0.000 0.000 0.000 0.000 0.000 0.000 0.000 0.000 0.000 0.000 0.000 0.000 0.000 0.000 0.000 0.000 0.000 0.000 0.000 0.000 0.000 0.000 0.000 0.000 0.000 0.000 0.000 0.000 0.000 0.000 0.001 0.001 0.002 0.004 0.006 0.009 0.014 0.022 0.036 0.051 0.068 0.085 0.099 0.108 0.109 0.109 0.111 0.118 0.126 0.131 0.137 0.145 0.153
0.000 0.000 0.000 0.000 0.000 0.000 0.000 0.000 0.000 0.000 0.000 0.000 0.000 0.000 0.000 0.000 0.000 0.000 0.000 0.000 0.000 0.000 0.000 0.000 0.000 0.000 0.000 0.000 0.000 0.000 0.000 0.000 0.000 0.000 0.000 0.000 0.000 0.000 0.000 0.000 0.000 0.000 0.000 0.000 0.000 0.000 0.000 0.000 0.000 0.000 0.000 0.000 0.000 0.000 0.000 0.000 0.001 0.002 0.003 0.005 0.007 0.012 0.020 0.034 0.052 0.072 0.092 0.107 0.113 0.116 0.118 0.124 0.131 0.136 0.141 0.149 0.158
0.000 0.000 0.000 0.000 0.000 0.000 0.000 0.000 0.000 0.000 0.000 0.000 0.000 0.000 0.000 0.000 0.000 0.000 0.000 0.000 0.000 0.000 0.000 0.000 0.000 0.000 0.000 0.000 0.000 0.000 0.000 0.000 0.000 0.000 0.000 0.000 0.000 0.000 0.000 0.000 0.000 0.000 0.000 0.000 0.000 0.000 0.000 0.000 0.000 0.000 0.000 0.000 0.000 0.000 0.000 0.000 0.000 0.001 0.001 0.002 0.004 0.006 0.010 0.017 0.031 0.051 0.075 0.097 0.111 0.117 0.123 0.131 0.136 0.140 0.146 0.153 0.162
0.000 0.000 0.000 0.000 0.000 0.000 0.000 0.000 0.000 0.000 0.000 0.000 0.000 0.000 0.000 0.000 0.000 0.000 0.000 0.000 0.000 0.000 0.000 0.000 0.000 0.000 0.000 0.000 0.000 0.000 0.000 0.000 0.000 0.000 0.000 0.000 0.000 0.000 0.000 0.000 0.000 0.000 0.000 0.000 0.000 0.000 0.000 0.000 0.000 0.000 0.000 0.000 0.000 0.000 0.000 0.000 0.000 0.000 0.000 0.001 0.002 0.003 0.004 0.008 0.015 0.027 0.049 0.076 0.098 0.112 0.123 0.134 0.142 0.147 0.152 0.159 0.165
0.000 0.000 0.000 0.000 0.000 0.000 0.000 0.000 0.000 0.000 0.000 0.000 0.000 0.000 0.000 0.000 0.000 0.000 0.000 0.000 0.000 0.000 0.000 0.000 0.000 0.000 0.000 0.000 0.000 0.000 0.000 0.000 0.000 0.000 0.000 0.000 0.000 0.000 0.000 0.000 0.000 0.000 0.000 0.000 0.000 0.000 0.000 0.000 0.000 0.000 0.000 0.000 0.000 0.000 0.000 0.000 0.000 0.000 0.000 0.000 0.001 0.001 0.002 0.003 0.006 0.012 0.024 0.044 0.071 0.095 0.114 0.132 0.145 0.152 0.157 0.162 0.167
