AvaFrame/avaframe/data/avaGar/Avaflow_Input_Output_sss/gar_results/alr_ascii/alr_hflow0007.asc
ncols 130
nrows 97
xllcenter 247320.75
yllcenter 350697.47
cellsize 20.00
NODATA_value -9999.000
[rows 34 to 67 of 97, columns 0 to 76 of 130]
0.000 0.000 0.000 0.000 0.000 0.000 0.000 0.000 0.000 0.000 0.000 0.000 0.001 0.002 0.002 0.002 0.002 0.002 0.003 0.004 0.004 0.004 0.003 0.002 0.001 0.001 0.001 0.001 0.002 0.002 0.003 0.003 0.003 0.003 0.004 0.005 0.007 0.008 0.010 0.013 0.018 0.028 0.036 0.039 0.037 0.041 0.057 0.095 0.155 0.211 0.249 0.273 0.286 0.305 0.336 0.356 0.343 0.278 0.182 0.107 0.055 0.026 0.017 0.014 0.013 0.012 0.011 0.010 0.008 0.006 0.005 0.003 0.002 0.002 0.001 0.000 0.000
0.000 0.000 0.000 0.000 0.000 0.000 0.000 0.000 0.000 0.000 0.000 0.000 0.001 0.003 0.003 0.002 0.002 0.002 0.004 0.005 0.007 0.007 0.006 0.004 0.002 0.001 0.002 0.002 0.002 0.003 0.003 0.003 0.003 0.004 0.005 0.006 0.007 0.007 0.007 0.007 0.009 0.011 0.016 0.022 0.031 0.047 0.071 0.105 0.139 0.167 0.196 0.236 0.267 0.280 0.291 0.310 0.342 0.374 0.347 0.261 0.158 0.064 0.028 0.019 0.017 0.016 0.015 0.014 0.012 0.010 0.008 0.006 0.004 0.003 0.002 0.001 0.000
0.000 0.000 0.000 0.000 0.000 0.000 0.000 0.000 0.000 0.000 0.000 0.000 0.001 0.003 0.004 0.003 0.002 0.002 0.003 0.006 0.009 0.011 0.011 0.008 0.004 0.002 0.002 0.002 0.002 0.002 0.003 0.003 0.004 0.004 0.005 0.007 0.008 0.008 0.008 0.007 0.007 0.009 0.013 0.019 0.031 0.050 0.075 0.094 0.091 0.079 0.075 0.083 0.096 0.100 0.099 0.102 0.139 0.237 0.334 0.380 0.337 0.199 0.062 0.026 0.019 0.018 0.017 0.017 0.016 0.015 0.012 0.009 0.007 0.005 0.003 0.002 0.001
0.000 0.000 0.000 0.000 0.000 0.000 0.000 0.000 0.000 0.000 0.000 0.000 0.001 0.003 0.004 0.004 0.003 0.002 0.003 0.005 0.008 0.012 0.015 0.014 0.010 0.006 0.004 0.004 0.003 0.003 0.003 0.003 0.003 0.004 0.004 0.005 0.007 0.008 0.009 0.008 0.008 0.010 0.014 0.021 0.031 0.040 0.049 0.051 0.046 0.038 0.033 0.030 0.032 0.033 0.033 0.032 0.036 0.060 0.151 0.297 0.404 0.384 0.201 0.050 0.022 0.018 0.018 0.018 0.019 0.019 0.018 0.015 0.011 0.008 0.006 0.004 0.002
0.000 0.000 0.000 0.000 0.000 0.000 0.000 0.000 0.000 0.000 0.000 0.000 0.001 0.002 0.004 0.004 0.003 0.002 0.002 0.003 0.004 0.008 0.014 0.018 0.019 0.015 0.011 0.009 0.006 0.004 0.003 0.003 0.003 0.003 0.003 0.004 0.005 0.007 0.008 0.010 0.011 0.013 0.017 0.024 0.028 0.028 0.025 0.024 0.023 0.020 0.017 0.015 0.014 0.014 0.014 0.014 0.016 0.022 0.044 0.118 0.273 0.433 0.402 0.161 0.034 0.018 0.017 0.018 0.020 0.022 0.023 0.021 0.017 0.012 0.009 0.006 0.003
0.000 0.000 0.000 0.000 0.000 0.000 0.000 0.000 0.000 0.000 0.000 0.000 0.000 0.001 0.003 0.004 0.003 0.002 0.002 0.002 0.002 0.004 0.008 0.015 0.020 0.022 0.021 0.019 0.014 0.007 0.004 0.004 0.003 0.003 0.003 0.004 0.005 0.007 0.008 0.010 0.012 0.014 0.018 0.023 0.025 0.023 0.018 0.016 0.015 0.014 0.013 0.011 0.010 0.010 0.010 0.010 0.010 0.012 0.020 0.043 0.112 0.292 0.505 0.376 0.106 0.028 0.017 0.018 0.020 0.023 0.025 0.026 0.023 0.018 0.013 0.009 0.005
0.000 0.000 0.000 0.000 0.000 0.000 0.000 0.000 0.000 0.000 0.000 0.000 0.000 0.001 0.002 0.003 0.003 0.002 0.002 0.001 0.002 0.003 0.005 0.008 0.013 0.017 0.022 0.025 0.022 0.017 0.010 0.007 0.004 0.003 0.004 0.004 0.006 0.007 0.009 0.010 0.012 0.014 0.015 0.018 0.019 0.019 0.016 0.014 0.014 0.014 0.013 0.012 0.011 0.010 0.010 0.009 0.009 0.009 0.011 0.021 0.053 0.152 0.406 0.534 0.328 0.099 0.032 0.019 0.021 0.024 0.027 0.030 0.030 0.025 0.018 0.013 0.008
0.000 0.000 0.000 0.000 0.000 0.000 0.000 0.000 0.000 0.000 0.000 0.000 0.000 0.000 0.001 0.002 0.002 0.002 0.001 0.001 0.002 0.002 0.004 0.005 0.007 0.010 0.014 0.019 0.022 0.022 0.018 0.014 0.008 0.004 0.004 0.005 0.006 0.007 0.009 0.010 0.012 0.014 0.013 0.012 0.013 0.014 0.014 0.014 0.014 0.014 0.014 0.014 0.015 0.015 0.014 0.012 0.011 0.010 0.011 0.016 0.034 0.083 0.237 0.478 0.570 0.393 0.153 0.045 0.028 0.027 0.029 0.033 0.035 0.032 0.024 0.017 0.012
0.000 0.000 0.000 0.000 0.000 0.000 0.000 0.000 0.000 0.000 0.000 0.000 0.000 0.000 0.000 0.001 0.001 0.001 0.001 0.001 0.001 0.002 0.003 0.004 0.006 0.008 0.010 0.013 0.015 0.018 0.019 0.018 0.014 0.008 0.005 0.005 0.006 0.007 0.008 0.010 0.013 0.014 0.013 0.012 0.012 0.012 0.013 0.013 0.013 0.013 0.013 0.014 0.016 0.018 0.019 0.019 0.017 0.015 0.015 0.019 0.030 0.051 0.103 0.266 0.505 0.652 0.505 0.242 0.067 0.039 0.036 0.037 0.040 0.038 0.030 0.022 0.016
0.000 0.000 0.000 0.000 0.000 0.000 0.000 0.000 0.000 0.000 0.000 0.000 0.000 0.000 0.000 0.000 0.000 0.000 0.000 0.000 0.001 0.002 0.002 0.004 0.005 0.006 0.008 0.010 0.012 0.014 0.016 0.017 0.017 0.013 0.008 0.006 0.006 0.007 0.008 0.010 0.013 0.015 0.014 0.013 0.012 0.012 0.013 0.012 0.012 0.011 0.010 0.011 0.012 0.014 0.017 0.020 0.021 0.021 0.021 0.023 0.027 0.035 0.053 0.098 0.235 0.475 0.663 0.605 0.303 0.080 0.055 0.048 0.047 0.044 0.036 0.027 0.021
0.000 0.000 0.000 0.000 0.000 0.000 0.000 0.000 0.000 0.000 0.000 0.000 0.000 0.000 0.000 0.000 0.000 0.000 0.000 0.000 0.000 0.001 0.001 0.002 0.003 0.004 0.006 0.008 0.009 0.011 0.013 0.014 0.015 0.015 0.012 0.008 0.007 0.007 0.008 0.010 0.013 0.015 0.016 0.015 0.015 0.014 0.013 0.012 0.011 0.009 0.008 0.008 0.008 0.008 0.009 0.012 0.016 0.019 0.020 0.021 0.021 0.023 0.027 0.040 0.074 0.164 0.402 0.689 0.613 0.264 0.106 0.075 0.061 0.053 0.043 0.033 0.026
0.000 0.000 0.000 0.000 0.000 0.000 0.000 0.000 0.000 0.000 0.000 0.000 0.000 0.000 0.000 0.000 0.000 0.000 0.000 0.000 0.000 0.000 0.000 0.001 0.002 0.003 0.004 0.005 0.006 0.008 0.009 0.011 0.012 0.013 0.013 0.011 0.008 0.007 0.008 0.009 0.012 0.015 0.016 0.017 0.018 0.017 0.015 0.012 0.010 0.009 0.008 0.007 0.006 0.006 0.006 0.007 0.009 0.012 0.015 0.016 0.015 0.015 0.016 0.019 0.030 0.060 0.138 0.445 0.683 0.489 0.223 0.132 0.092 0.070 0.055 0.045 0.037
0.000 0.000 0.000 0.000 0.000 0.000 0.000 0.000 0.000 0.000 0.000 0.000 0.000 0.000 0.000 0.000 0.000 0.000 0.000 0.000 0.000 0.000 0.000 0.000 0.001 0.001 0.002 0.003 0.004 0.005 0.006 0.007 0.009 0.010 0.012 0.012 0.009 0.007 0.007 0.008 0.010 0.014 0.016 0.018 0.020 0.021 0.018 0.012 0.009 0.008 0.007 0.007 0.006 0.006 0.006 0.006 0.007 0.009 0.013 0.014 0.014 0.013 0.013 0.015 0.020 0.034 0.071 0.199 0.509 0.574 0.386 0.226 0.149 0.105 0.082 0.071 0.062
0.000 0.000 0.000 0.000 0.000 0.000 0.000 0.000 0.000 0.000 0.000 0.000 0.000 0.000 0.000 0.000 0.000 0.000 0.000 0.000 0.000 0.000 0.000 0.000 0.000 0.000 0.001 0.001 0.002 0.002 0.003 0.004 0.005 0.006 0.008 0.010 0.009 0.007 0.006 0.007 0.009 0.012 0.015 0.017 0.020 0.022 0.023 0.014 0.009 0.008 0.007 0.007 0.006 0.006 0.006 0.006 0.007 0.008 0.011 0.013 0.014 0.014 0.013 0.014 0.018 0.026 0.046 0.102 0.303 0.517 0.478 0.330 0.232 0.165 0.122 0.100 0.093
0.000 0.000 0.000 0.000 0.000 0.000 0.000 0.000 0.000 0.000 0.000 0.000 0.000 0.000 0.000 0.000 0.000 0.000 0.000 0.000 0.000 0.000 0.000 0.000 0.000 0.000 0.000 0.000 0.001 0.001 0.001 0.002 0.003 0.004 0.004 0.006 0.007 0.006 0.005 0.006 0.007 0.009 0.012 0.015 0.017 0.021 0.024 0.016 0.010 0.008 0.007 0.006 0.006 0.006 0.006 0.006 0.007 0.008 0.010 0.012 0.013 0.014 0.015 0.015 0.017 0.022 0.034 0.064 0.165 0.400 0.492 0.417 0.318 0.247 0.194 0.132 0.105
0.000 0.000 0.000 0.000 0.000 0.000 0.000 0.000 0.000 0.000 0.000 0.000 0.000 0.000 0.000 0.000 0.000 0.000 0.000 0.000 0.000 0.000 0.000 0.000 0.000 0.000 0.000 0.000 0.000 0.000 0.000 0.001 0.001 0.002 0.002 0.003 0.003 0.004 0.004 0.004 0.005 0.006 0.008 0.010 0.013 0.016 0.020 0.017 0.012 0.009 0.007 0.007 0.006 0.006 0.006 0.007 0.007 0.008 0.009 0.011 0.013 0.015 0.016 0.016 0.017 0.020 0.027 0.047 0.099 0.253 0.451 0.457 0.394 0.349 0.316 0.205 0.121
0.000 0.000 0.000 0.000 0.000 0.000 0.000 0.000 0.000 0.000 0.000 0.000 0.000 0.000 0.000 0.000 0.000 0.000 0.000 0.000 0.000 0.000 0.000 0.000 0.000 0.000 0.000 0.000 0.000 0.000 0.000 0.000 0.000 0.000 0.001 0.001 0.001 0.002 0.002 0.002 0.003 0.004 0.005 0.006 0.008 0.010 0.013 0.014 0.013 0.010 0.007 0.007 0.007 0.007 0.007 0.007 0.008 0.009 0.009 0.011 0.013 0.015 0.017 0.017 0.018 0.019 0.025 0.038 0.070 0.151 0.350 0.472 0.462 0.440 0.417 0.295 0.169
0.000 0.000 0.000 0.000 0.000 0.000 0.000 0.000 0.000 0.000 0.000 0.000 0.000 0.000 0.000 0.000 0.000 0.000 0.000 0.000 0.000 0.000 0.000 0.000 0.000 0.000 0.000 0.000 0.000 0.000 0.000 0.000 0.000 0.000 0.000 0.000 0.000 0.000 0.001 0.001 0.002 0.002 0.003 0.004 0.005 0.006 0.009 0.011 0.011 0.009 0.008 0.008 0.009 0.008 0.008 0.008 0.009 0.010 0.010 0.011 0.013 0.015 0.018 0.019 0.020 0.021 0.025 0.033 0.054 0.104 0.231 0.431 0.495 0.482 0.444 0.346 0.233
0.000 0.000 0.000 0.000 0.000 0.000 0.000 0.000 0.000 0.000 0.000 0.000 0.000 0.000 0.000 0.000 0.000 0.000 0.000 0.000 0.000 0.000 0.000 0.000 0.000 0.000 0.000 0.000 0.000 0.000 0.000 0.000 0.000 0.000 0.000 0.000 0.000 0.000 0.000 0.000 0.001 0.001 0.002 0.002 0.003 0.004 0.006 0.008 0.009 0.009 0.009 0.010 0.011 0.010 0.010 0.010 0.010 0.011 0.011 0.012 0.013 0.015 0.017 0.020 0.023 0.025 0.027 0.033 0.046 0.077 0.145 0.317 0.466 0.474 0.430 0.358 0.294
0.000 0.000 0.000 0.000 0.000 0.000 0.000 0.000 0.000 0.000 0.000 0.000 0.000 0.000 0.000 0.000 0.000 0.000 0.000 0.000 0.000 0.000 0.000 0.000 0.000 0.000 0.000 0.000 0.000 0.000 0.000 0.000 0.000 0.000 0.000 0.000 0.000 0.000 0.000 0.000 0.000 0.000 0.001 0.001 0.002 0.003 0.004 0.006 0.007 0.009 0.010 0.011 0.012 0.012 0.012 0.012 0.012 0.013 0.013 0.014 0.014 0.015 0.017 0.020 0.023 0.026 0.029 0.033 0.043 0.062 0.097 0.170 0.302 0.369 0.366 0.354 0.482
0.000 0.000 0.000 0.000 0.000 0.000 0.000 0.000 0.000 0.000 0.000 0.000 0.000 0.000 0.000 0.000 0.000 0.000 0.000 0.000 0.000 0.000 0.000 0.000 0.000 0.000 0.000 0.000 0.000 0.000 0.000 0.000 0.000 0.000 0.000 0.000 0.000 0.000 0.000 0.000 0.000 0.000 0.000 0.001 0.001 0.002 0.003 0.005 0.006 0.008 0.010 0.012 0.013 0.014 0.014 0.015 0.015 0.015 0.016 0.016 0.016 0.017 0.017 0.019 0.022 0.025 0.028 0.032 0.040 0.056 0.078 0.108 0.169 0.244 0.313 0.495 0.739
0.000 0.000 0.000 0.000 0.000 0.000 0.000 0.000 0.000 0.000 0.000 0.000 0.000 0.000 0.000 0.000 0.000 0.000 0.000 0.000 0.000 0.000 0.000 0.000 0.000 0.000 0.000 0.000 0.000 0.000 0.000 0.000 0.000 0.000 0.000 0.000 0.000 0.000 0.000 0.000 0.000 0.000 0.000 0.000 0.001 0.002 0.003 0.004 0.006 0.008 0.009 0.012 0.014 0.015 0.016 0.017 0.018 0.018 0.019 0.019 0.019 0.019 0.019 0.020 0.022 0.024 0.027 0.031 0.039 0.052 0.071 0.089 0.124 0.193 0.366 0.627 0.793
0.000 0.000 0.000 0.000 0.000 0.000 0.000 0.000 0.000 0.000 0.000 0.000 0.000 0.000 0.000 0.000 0.000 0.000 0.000 0.000 0.000 0.000 0.000 0.000 0.000 0.000 0.000 0.000 0.000 0.000 0.000 0.000 0.000 0.000 0.000 0.000 0.000 0.000 0.000 0.000 0.000 0.000 0.000 0.000 0.000 0.001 0.002 0.003 0.005 0.006 0.008 0.011 0.013 0.015 0.017 0.018 0.019 0.021 0.021 0.022 0.022 0.022 0.022 0.023 0.023 0.024 0.026 0.030 0.037 0.049 0.066 0.084 0.115 0.203 0.387 0.518 0.499
0.000 0.000 0.000 0.000 0.000 0.000 0.000 0.000 0.000 0.000 0.000 0.000 0.000 0.000 0.000 0.000 0.000 0.000 0.000 0.000 0.000 0.000 0.000 0.000 0.000 0.000 0.000 0.000 0.000 0.000 0.000 0.000 0.000 0.000 0.000 0.000 0.000 0.000 0.000 0.000 0.000 0.000 0.000 0.000 0.000 0.000 0.001 0.002 0.003 0.005 0.007 0.009 0.013 0.015 0.017 0.018 0.020 0.022 0.024 0.025 0.025 0.025 0.025 0.026 0.026 0.026 0.027 0.030 0.035 0.046 0.061 0.080 0.108 0.164 0.231 0.256 0.238
0.000 0.000 0.000 0.000 0.000 0.000 0.000 0.000 0.000 0.000 0.000 0.000 0.000 0.000 0.000 0.000 0.000 0.000 0.000 0.000 0.000 0.000 0.000 0.000 0.000 0.000 0.000 0.000 0.000 0.000 0.000 0.000 0.000 0.000 0.000 0.000 0.000 0.000 0.000 0.000 0.000 0.000 0.000 0.000 0.000 0.000 0.000 0.001 0.002 0.003 0.005 0.007 0.011 0.014 0.016 0.018 0.020 0.022 0.025 0.027 0.029 0.030 0.030 0.030 0.031 0.029 0.029 0.030 0.035 0.043 0.058 0.076 0.099 0.136 0.167 0.179 0.175
0.000 0.000 0.000 0.000 0.000 0.000 0.000 0.000 0.000 0.000 0.000 0.000 0.000 0.000 0.000 0.000 0.000 0.000 0.000 0.000 0.000 0.000 0.000 0.000 0.000 0.000 0.000 0.000 0.000 0.000 0.000 0.000 0.000 0.000 0.000 0.000 0.000 0.000 0.000 0.000 0.000 0.000 0.000 0.000 0.000 0.000 0.000 0.001 0.001 0.002 0.004 0.006 0.009 0.013 0.016 0.018 0.019 0.022 0.024 0.028 0.030 0.033 0.034 0.036 0.037 0.035 0.032 0.032 0.035 0.041 0.054 0.073 0.100 0.139 0.173 0.186 0.193
0.000 0.000 0.000 0.000 0.000 0.000 0.000 0.000 0.000 0.000 0.000 0.000 0.000 0.000 0.000 0.000 0.000 0.000 0.000 0.000 0.000 0.000 0.000 0.000 0.000 0.000 0.000 0.000 0.000 0.000 0.000 0.000 0.000 0.000 0.000 0.000 0.000 0.000 0.000 0.000 0.000 0.000 0.000 0.000 0.000 0.000 0.000 0.000 0.001 0.001 0.002 0.004 0.007 0.011 0.014 0.017 0.018 0.020 0.023 0.027 0.030 0.033 0.036 0.039 0.042 0.041 0.037 0.035 0.036 0.040 0.050 0.071 0.106 0.171 0.265 0.373 0.544
0.000 0.000 0.000 0.000 0.000 0.000 0.000 0.000 0.000 0.000 0.000 0.000 0.000 0.000 0.000 0.000 0.000 0.000 0.000 0.000 0.000 0.000 0.000 0.000 0.000 0.000 0.000 0.000 0.000 0.000 0.000 0.000 0.000 0.000 0.000 0.000 0.000 0.000 0.000 0.000 0.000 0.000 0.000 0.000 0.000 0.000 0.000 0.000 0.000 0.001 0.001 0.002 0.005 0.008 0.012 0.015 0.017 0.019 0.021 0.025 0.029 0.033 0.036 0.040 0.044 0.046 0.044 0.041 0.039 0.041 0.049 0.068 0.110 0.205 0.382 0.594 0.842
0.000 0.000 0.000 0.000 0.000 0.000 0.000 0.000 0.000 0.000 0.000 0.000 0.000 0.000 0.000 0.000 0.000 0.000 0.000 0.000 0.000 0.000 0.000 0.000 0.000 0.000 0.000 0.000 0.000 0.000 0.000 0.000 0.000 0.000 0.000 0.000 0.000 0.000 0.000 0.000 0.000 0.000 0.000 0.000 0.000 0.000 0.000 0.000 0.000 0.000 0.001 0.001 0.003 0.005 0.008 0.012 0.015 0.017 0.018 0.021 0.026 0.032 0.036 0.040 0.044 0.048 0.050 0.048 0.044 0.044 0.047 0.059 0.087 0.147 0.258 0.385 0.477
0.000 0.000 0.000 0.000 0.000 0.000 0.000 0.000 0.000 0.000 0.000 0.000 0.000 0.000 0.000 0.000 0.000 0.000 0.000 0.000 0.000 0.000 0.000 0.000 0.000 0.000 0.000 0.000 0.000 0.000 0.000 0.000 0.000 0.000 0.000 0.000 0.000 0.000 0.000 0.000 0.000 0.000 0.000 0.000 0.000 0.000 0.000 0.000 0.000 0.000 0.000 0.001 0.001 0.002 0.004 0.007 0.011 0.014 0.016 0.017 0.021 0.027 0.033 0.039 0.043 0.048 0.052 0.054 0.051 0.047 0.048 0.054 0.063 0.075 0.095 0.118 0.130
0.000 0.000 0.000 0.000 0.000 0.000 0.000 0.000 0.000 0.000 0.000 0.000 0.000 0.000 0.000 0.000 0.000 0.000 0.000 0.000 0.000 0.000 0.000 0.000 0.000 0.000 0.000 0.000 0.000 0.000 0.000 0.000 0.000 0.000 0.000 0.000 0.000 0.000 0.000 0.000 0.000 0.000 0.000 0.000 0.000 0.000 0.000 0.000 0.000 0.000 0.000 0.000 0.000 0.001 0.002 0.004 0.006 0.009 0.012 0.014 0.016 0.019 0.027 0.035 0.042 0.047 0.052 0.057 0.058 0.055 0.053 0.055 0.059 0.063 0.068 0.074 0.080
0.000 0.000 0.000 0.000 0.000 0.000 0.000 0.000 0.000 0.000 0.000 0.000 0.000 0.000 0.000 0.000 0.000 0.000 0.000 0.000 0.000 0.000 0.000 0.000 0.000 0.000 0.000 0.000 0.000 0.000 0.000 0.000 0.000 0.000 0.000 0.000 0.000 0.000 0.000 0.000 0.000 0.000 0.000 0.000 0.000 0.000 0.000 0.000 0.000 0.000 0.000 0.000 0.000 0.000 0.001 0.002 0.003 0.005 0.008 0.011 0.012 0.013 0.017 0.025 0.035 0.045 0.052 0.057 0.061 0.062 0.062 0.062 0.062 0.063 0.066 0.069 0.074
0.000 0.000 0.000 0.000 0.000 0.000 0.000 0.000 0.000 0.000 0.000 0.000 0.000 0.000 0.000 0.000 0.000 0.000 0.000 0.000 0.000 0.000 0.000 0.000 0.000 0.000 0.000 0.000 0.000 0.000 0.000 0.000 0.000 0.000 0.000 0.000 0.000 0.000 0.000 0.000 0.000 0.000 0.000 0.000 0.000 0.000 0.000 0.000 0.000 0.000 0.000 0.000 0.000 0.000 0.000 0.001 0.001 0.002 0.004 0.007 0.009 0.009 0.010 0.014 0.021 0.035 0.048 0.056 0.061 0.063 0.067 0.070 0.070 0.068 0.068 0.071 0.074
0.000 0.000 0.000 0.000 0.000 0.000 0.000 0.000 0.000 0.000 0.000 0.000 0.000 0.000 0.000 0.000 0.000 0.000 0.000 0.000 0.000 0.000 0.000 0.000 0.000 0.000 0.000 0.000 0.000 0.000 0.000 0.000 0.000 0.000 0.000 0.000 0.000 0.000 0.000 0.000 0.000 0.000 0.000 0.000 0.000 0.000 0.000 0.000 0.000 0.000 0.000 0.000 0.000 0.000 0.000 0.000 0.000 0.001 0.002 0.004 0.006 0.007 0.007 0.008 0.012 0.019 0.031 0.046 0.058 0.063 0.067 0.072 0.076 0.075 0.075 0.075 0.076
