AvaFrame/avaframe/data/avaGar/Avaflow_Input_Output_sss/gar_results/alr_ascii/alr_hillshade0011.asc
ncols 130
nrows 97
xllcenter 247320.75
yllcenter 350697.47
cellsize 20.00
NODATA_value -9999.000
[rows 0 to 41 of 97, columns 0 to 95 of 130]
180 180 180 180 180 180 180 180 180 180 180 180 180 180 180 180 180 180 180 180 180 180 180 180 180 180 180 180 180 180 180 180 180 180 180 180 180 180 180 180 180 180 180 180 180 180 180 180 180 180 180 180 180 180 180 180 180 180 180 180 180 180 180 180 180 180 180 180 180 180 180 180 180 180 180 180 180 180 180 180 180 180 180 180 180 180 180 180 180 180 180 180 180 180 180 180
180 180 180 180 180 180 180 180 180 180 180 180 180 180 180 180 180 180 180 180 180 180 180 180 180 180 0 127 127 127 129 129 128 128 128 86 42 143 179 176 178 186 193 128 180 180 180 180 180 180 180 180 180 180 180 180 180 180 180 180 180 180 180 180 180 180 180 180 180 180 180 180 180 180 180 180 180 180 180 180 180 180 180 180 180 180 180 180 180 180 180 180 180 180 180 180
180 180 180 180 180 180 180 180 180 180 180 180 180 180 180 180 180 180 0 126 128 128 128 128 128 129 125 -66 -25 19 11 49 46 6 40 95 174 215 210 204 196 191 188 192 196 128 180 180 180 180 180 180 180 180 180 180 180 180 180 180 180 180 180 180 180 180 180 180 180 180 180 180 180 180 180 180 180 180 180 180 180 180 180 180 180 180 180 180 180 180 180 180 180 180 180 180
180 180 180 180 180 180 180 180 180 180 180 180 180 180 180 180 0 126 37 -49 36 211 149 -21 38 135 149 70 -44 42 87 144 160 73 57 143 222 222 223 221 218 213 207 205 207 207 210 128 180 180 180 180 180 180 180 180 180 180 180 180 180 180 180 180 180 180 180 180 180 180 180 180 180 180 180 180 180 180 180 180 180 180 180 180 180 180 180 180 180 180 180 180 180 180 180 180
180 180 180 180 180 180 180 180 180 180 180 180 180 0 127 127 -40 -33 132 -54 18 199 126 89 -57 76 147 111 101 101 190 194 192 158 184 217 217 217 216 217 218 220 223 222 221 221 221 222 224 128 180 180 180 180 180 180 180 180 180 180 180 180 180 180 180 180 180 180 180 180 180 180 180 180 180 180 180 180 180 180 180 180 180 180 180 180 180 180 180 180 180 180 180 180 180 180
180 180 180 180 180 180 180 180 180 180 0 127 127 120 114 -59 -47 -83 192 64 -63 141 125 155 1 17 104 119 166 182 194 201 207 209 210 212 214 215 217 216 217 215 217 220 221 222 223 225 229 226 222 128 180 180 180 180 180 180 180 180 180 180 180 180 180 180 180 180 180 180 180 180 180 180 180 180 180 180 180 180 180 180 180 180 180 180 180 180 180 180 180 180 180 180 180 180
180 180 180 180 180 180 180 180 0 127 113 136 143 120 114 -54 -80 -75 43 205 -52 28 154 151 144 74 95 123 137 158 169 183 191 197 202 206 208 208 208 208 211 212 211 211 211 213 215 221 229 223 224 218 216 128 180 180 180 180 180 180 180 180 180 180 180 180 180 180 180 180 180 180 180 180 180 180 180 180 180 180 180 180 180 180 180 180 180 180 180 180 180 180 180 180 180 180
180 180 180 180 180 0 127 127 142 100 88 110 149 135 113 -40 -64 -43 14 174 129 -44 170 156 184 93 61 118 129 144 159 166 176 181 186 193 199 200 199 201 201 207 212 212 212 212 212 217 223 221 222 232 230 226 224 128 180 180 180 180 180 180 180 180 180 180 180 180 180 180 180 180 180 180 180 180 180 180 180 180 180 180 180 180 180 180 180 180 180 180 180 180 180 180 180 180
180 180 180 180 180 -126 111 130 170 152 115 99 119 137 88 10 -58 -13 59 147 181 10 20 97 140 133 39 79 136 135 149 157 164 171 176 178 187 193 198 200 201 198 203 207 212 214 215 219 216 218 233 238 234 232 226 226 233 128 180 180 180 180 180 180 180 180 180 180 180 180 180 180 180 180 180 180 180 180 180 180 180 180 180 180 180 180 180 180 180 180 180 180 180 180 180 180
180 180 180 180 180 -126 127 108 142 172 166 134 121 123 -20 6 -18 -6 -8 191 194 207 50 78 85 115 81 28 127 145 139 153 160 169 174 176 177 186 195 198 202 202 201 202 204 208 213 214 205 226 235 231 226 226 232 226 232 224 180 128 180 180 180 180 180 180 180 180 180 180 180 180 180 180 180 180 180 180 180 180 180 180 180 180 180 180 180 180 180 180 180 180 180 180 180 180
180 180 180 180 0 93 120 154 137 153 173 177 157 135 -10 -57 -37 -38 -56 -36 105 178 147 193 189 125 99 27 80 153 159 149 159 170 178 184 183 185 189 196 199 205 205 206 206 206 205 203 214 224 230 229 222 226 227 223 225 133 112 120 129 128 180 180 180 180 180 180 180 180 180 180 180 180 180 180 180 180 180 180 180 180 180 180 180 180 180 180 180 180 180 180 180 180 180 180
180 180 180 180 -126 82 92 140 141 136 165 182 109 135 46 -29 70 -41 -50 -76 -72 22 139 196 194 173 114 36 21 141 183 157 155 164 176 186 196 197 187 193 200 204 205 207 209 211 207 214 232 224 216 226 225 223 214 194 144 116 109 184 241 219 254 128 180 180 180 180 180 180 180 180 180 180 180 180 180 180 180 180 180 180 180 180 180 180 180 180 180 180 180 180 180 180 180 180
180 180 180 180 -126 29 84 120 139 136 154 171 112 77 33 -70 32 65 -28 -36 -27 -13 69 146 163 189 185 94 11 75 126 150 151 168 177 182 203 208 213 197 196 209 212 215 215 219 222 226 231 237 229 221 224 215 157 97 84 190 245 250 232 191 163 192 226 128 180 180 180 180 180 180 180 180 180 180 180 180 180 180 180 180 180 180 180 180 180 180 180 180 180 180 180 180 180 180
180 180 180 0 95 82 117 127 121 115 144 114 154 128 80 -9 -19 113 83 11 -5 67 109 116 153 218 180 121 6 90 87 89 173 186 186 174 164 192 212 195 204 219 223 230 233 235 235 228 227 233 240 233 235 221 148 186 215 226 252 249 243 205 169 167 206 169 205 128 180 180 180 180 180 180 180 180 180 180 180 180 180 180 180 180 180 180 180 180 180 180 180 180 180 180 180 180
180 180 180 -126 80 113 95 110 171 151 116 180 122 119 122 119 127 152 180 155 39 12 106 113 94 116 118 114 16 50 100 30 125 177 192 179 130 133 176 204 203 213 227 233 238 238 235 228 224 236 242 237 241 186 243 235 236 253 252 243 248 244 251 253 242 225 206 238 192 128 180 180 180 180 180 180 180 180 180 180 180 180 180 180 180 180 180 180 180 180 180 180 180 180 180 180
180 180 180 -126 35 112 121 105 151 157 164 182 168 185 183 169 159 155 166 180 181 64 36 78 85 73 103 101 4 8 99 17 -25 78 191 191 169 104 109 172 156 150 222 224 230 233 229 225 224 222 238 227 215 248 204 229 250 254 235 228 213 227 221 252 245 233 220 187 180 170 154 128 180 180 180 180 180 180 180 180 180 180 180 180 180 180 180 180 180 180 180 180 180 180 180 180
180 180 0 49 -5 50 139 135 146 177 209 194 211 220 220 209 199 181 170 150 170 170 67 88 89 108 129 138 68 -25 17 51 -29 -50 5 138 199 172 98 84 99 58 108 163 221 182 199 224 222 226 237 249 237 202 231 254 241 236 206 229 216 229 164 81 117 168 199 165 181 153 159 137 59 180 180 180 180 180 180 180 180 180 180 180 180 180 180 180 180 180 180 180 180 180 180 180
180 180 -126 73 21 60 139 160 138 208 216 223 221 225 225 231 229 187 159 171 141 180 169 138 143 133 149 134 157 107 48 44 28 -4 -42 25 188 203 165 108 77 56 25 32 116 119 49 158 198 229 230 226 234 223 98 110 174 145 171 191 211 210 208 163 172 88 163 203 217 198 174 151 101 17 127 180 180 180 180 180 180 180 180 180 180 180 180 180 180 180 180 180 180 180 180 180
180 180 -126 70 36 61 129 170 188 215 232 235 228 224 231 241 232 192 148 138 161 172 183 161 146 141 162 164 158 158 128 104 68 47 -8 19 121 200 202 190 138 51 0 -6 -23 21 -28 -43 128 189 202 102 31 32 10 -40 25 53 39 57 90 71 133 222 207 195 137 172 214 221 205 156 132 31 -1 3 128 180 180 180 180 180 180 180 180 180 180 180 180 180 180 180 180 180 180 180
180 0 160 9 11 129 150 146 213 223 235 235 233 232 231 239 141 158 173 155 155 175 172 150 146 150 139 166 162 162 156 131 92 57 -24 -30 25 167 200 216 197 145 40 14 -1 -38 -59 -103 -98 -50 20 30 7 -10 0 -20 -49 42 33 25 58 86 51 44 86 128 138 116 144 210 198 164 144 55 -22 22 29 125 128 180 180 180 180 180 180 180 180 180 180 180 180 180 180 180 180 180
180 -126 169 63 -44 55 148 200 220 230 233 236 235 241 184 153 155 184 190 191 165 155 162 149 137 158 153 145 160 163 169 155 131 88 16 -40 -22 88 144 167 142 151 110 30 72 41 -41 -77 -78 -64 -65 38 69 55 44 19 0 4 69 65 55 27 46 1 7 56 106 145 121 134 171 191 162 107 -19 -21 47 48 156 194 128 180 180 180 180 180 180 180 180 180 180 180 180 180 180 180
180 -126 156 144 -26 0 142 192 234 234 234 237 238 239 186 129 218 217 219 218 216 187 154 189 175 154 165 158 156 153 164 176 159 123 64 -26 -62 -26 77 108 129 78 89 37 63 71 -7 3 -23 0 -71 9 147 139 119 47 47 0 27 -7 28 23 14 35 4 28 121 136 143 134 145 189 184 134 29 -38 7 4 100 197 219 220 180 180 180 180 180 180 180 180 180 180 180 180 180 180
180 127 118 168 25 -47 41 112 172 216 234 235 240 224 201 217 218 217 233 236 230 205 181 195 191 181 169 175 170 163 152 167 178 175 131 61 -12 -63 -43 13 85 79 74 55 36 101 -23 -15 6 8 -47 -91 72 188 178 173 98 32 33 39 25 85 91 106 104 65 94 158 136 167 167 142 159 165 91 17 0 6 11 145 201 216 218 128 180 180 180 180 180 180 180 180 180 180 180 180
180 161 99 197 169 10 -17 15 35 98 124 193 229 173 199 223 217 223 224 218 189 180 201 201 195 189 182 174 179 184 181 155 161 176 182 147 96 63 2 0 47 120 129 144 76 114 60 -30 11 -34 -12 -98 -110 13 206 160 123 117 52 113 157 173 177 175 166 102 40 134 132 158 182 168 146 176 155 87 49 48 11 51 146 191 201 211 214 180 180 180 180 180 180 180 180 180 180 180
180 152 97 190 221 144 69 44 3 33 8 12 144 177 202 194 191 184 198 181 181 195 218 219 212 205 198 190 184 196 205 206 183 159 170 183 156 117 134 90 90 186 216 225 216 200 221 72 94 73 45 -5 -114 -120 -27 114 110 177 181 143 116 118 141 163 172 176 80 58 131 116 136 175 177 169 162 142 91 58 36 21 65 170 184 192 207 205 180 180 180 180 180 180 180 180 180 180
180 155 125 180 252 166 82 44 42 64 27 9 24 180 200 183 173 151 161 164 193 213 217 216 220 221 218 215 205 195 195 211 215 204 185 177 186 170 145 123 96 94 219 233 239 244 239 208 196 206 240 231 81 -78 -110 30 96 137 190 173 149 120 94 104 109 140 162 78 109 120 142 155 178 172 163 168 138 77 51 28 8 92 136 146 156 153 185 180 180 180 180 180 180 180 180 180
180 -126 136 166 183 199 143 73 -2 26 32 -4 36 79 172 181 184 189 178 204 202 212 217 220 219 220 220 218 214 202 192 188 205 219 226 204 189 193 172 159 123 22 32 126 235 241 220 211 221 75 245 214 197 114 -75 -53 58 58 183 198 192 176 182 144 107 117 155 143 112 122 143 172 177 176 175 162 162 119 78 48 17 31 96 96 103 107 107 154 180 180 180 180 180 180 180 180
180 -126 207 120 61 113 133 160 96 4 19 4 24 58 142 182 212 245 237 240 233 226 224 229 222 218 217 213 209 208 205 201 198 209 228 231 228 216 209 206 188 147 43 -24 -3 163 180 206 198 145 -9 187 191 167 31 -40 37 -29 56 200 198 163 153 139 151 165 165 186 182 167 147 140 154 176 175 160 161 149 114 70 54 32 85 91 93 110 91 99 149 180 180 180 180 180 180 180
180 -179 201 154 137 94 107 98 149 100 -2 -6 38 33 122 165 186 197 241 236 240 242 244 245 246 239 236 229 226 220 215 211 205 202 210 241 240 245 231 229 234 240 226 135 -28 -22 193 210 190 211 8 16 203 229 127 -23 110 53 -49 91 173 178 127 107 139 156 164 186 201 198 195 179 167 174 177 173 176 163 147 105 68 54 64 102 108 125 123 113 120 153 128 180 180 180 180 180
180 180 -127 183 219 215 188 135 102 114 26 -48 -32 -30 20 98 149 86 157 229 240 250 252 248 250 249 247 246 245 242 234 233 230 225 206 216 239 239 234 245 244 244 223 215 158 -60 33 212 197 203 205 -18 73 201 186 20 -28 166 -4 -18 97 149 138 142 130 133 128 141 167 183 195 203 203 187 190 198 196 185 165 149 107 84 74 95 112 124 147 140 133 140 148 149 180 180 180 180
180 180 -126 217 226 225 220 209 179 173 151 26 -24 -55 -41 99 146 146 25 134 235 245 249 248 247 250 250 253 253 250 248 247 243 232 219 199 197 208 226 223 237 238 231 227 194 73 -85 40 142 152 159 113 -22 73 137 142 -22 10 62 -14 26 70 100 111 120 126 140 124 136 154 172 178 182 181 192 193 187 188 177 163 151 130 116 103 108 108 141 161 155 148 155 158 157 180 180 180
180 180 -179 213 212 209 216 216 230 234 226 189 85 14 -57 15 122 114 57 3 110 200 228 248 251 253 254 254 254 251 253 249 239 231 220 198 151 141 136 113 110 169 213 173 193 219 54 -49 1 78 156 164 49 31 91 127 99 20 42 34 63 89 118 127 116 117 151 147 134 135 151 173 172 171 173 173 179 187 191 183 171 166 161 133 121 105 107 156 169 164 159 159 136 136 180 180
180 180 180 -126 218 221 223 230 234 231 213 218 175 35 -24 -25 40 98 54 14 5 43 85 158 233 249 251 245 243 252 253 248 246 246 238 223 232 225 210 212 173 100 81 141 212 228 205 104 16 0 117 183 185 110 105 107 107 83 77 42 108 149 180 179 158 147 134 144 149 139 134 156 176 177 161 166 177 190 207 195 183 181 181 175 161 144 107 123 159 166 157 159 125 133 146 180
180 180 180 -126 233 230 233 236 231 213 213 229 202 89 -11 92 64 79 51 -14 18 21 17 29 79 184 190 198 171 134 165 231 248 251 241 228 253 254 253 254 243 207 177 228 183 169 177 183 202 127 78 141 162 167 140 98 102 81 82 31 78 138 175 196 191 183 162 138 151 151 147 135 157 175 178 160 159 162 197 211 196 172 172 185 177 178 154 121 141 164 159 157 135 123 150 149
180 180 180 -179 222 225 236 238 222 204 217 198 168 133 -46 36 205 142 116 -2 -36 -11 -16 0 57 122 133 145 149 121 53 47 97 121 143 128 126 211 233 235 233 242 252 228 142 146 180 197 237 241 226 211 205 217 225 203 144 97 82 40 5 100 137 177 199 190 194 184 176 162 155 145 141 150 175 181 161 152 129 172 192 186 168 173 176 174 178 159 139 150 170 157 143 106 149 148
180 180 180 180 -127 146 222 229 192 194 182 147 164 156 -17 -50 114 206 198 159 39 -12 -37 -63 -31 75 191 184 219 239 224 135 104 79 101 129 34 15 130 216 206 178 143 125 168 209 192 226 250 247 250 253 253 254 254 247 230 194 125 92 3 4 85 140 171 191 199 204 183 172 158 149 155 157 159 180 180 175 142 123 143 166 171 167 176 178 177 184 172 162 176 168 150 106 139 152
180 180 180 180 -127 -39 48 199 194 213 161 158 157 174 28 -61 19 181 207 208 191 114 -3 -59 -73 -54 8 31 85 160 206 234 238 234 232 226 167 81 -16 47 102 95 115 120 219 238 242 247 248 249 253 254 253 251 252 247 245 240 212 153 89 -3 12 82 163 167 181 182 165 166 167 165 165 172 167 175 189 191 204 186 168 155 161 154 155 169 175 180 184 185 181 183 161 116 135 151
180 180 180 180 -179 -40 -84 75 222 226 159 165 175 208 178 -38 -34 79 230 239 246 230 162 9 -70 -75 -19 -27 -46 10 133 85 199 231 227 213 222 215 111 36 66 106 174 214 233 247 251 249 246 251 252 252 253 252 250 243 241 228 226 225 165 59 -15 9 100 181 183 182 175 171 162 166 160 166 165 172 181 189 205 218 227 222 203 184 156 150 163 174 187 184 180 192 170 124 136 155
180 180 180 180 180 -127 -57 -96 -8 127 145 168 211 223 207 52 -30 -8 186 249 242 229 216 195 120 -34 -50 -22 -35 -60 61 15 36 115 134 87 138 144 141 151 149 184 201 208 217 233 251 251 251 246 248 246 248 248 235 237 220 211 217 218 201 168 17 -22 -3 82 180 190 183 171 159 149 138 144 156 150 162 168 170 191 216 233 234 230 218 182 152 150 175 188 183 191 180 131 138 164
180 180 180 180 180 -127 156 -15 -74 -37 86 187 187 227 212 126 -16 -28 5 161 181 194 217 235 241 223 110 3 -51 -58 -27 -4 -24 35 69 56 38 83 128 144 206 213 227 227 218 198 233 239 229 219 221 197 213 217 217 209 211 237 234 222 209 197 156 -6 -26 -23 62 160 165 172 162 135 123 123 147 161 151 151 159 166 157 178 209 219 223 224 206 164 146 170 182 187 199 143 127 160
180 180 180 180 180 -179 211 206 134 15 0 26 36 49 199 183 3 -28 -7 11 89 129 190 216 232 238 236 221 95 -4 -54 -21 -38 37 81 104 95 111 149 135 164 177 214 240 227 195 188 212 199 193 184 159 133 149 178 201 217 229 220 199 204 209 214 148 6 -43 -19 75 129 146 149 138 119 106 114 146 144 134 159 171 172 145 148 178 187 198 217 216 179 153 165 183 200 155 129 153
180 180 180 180 180 180 -126 244 247 235 198 98 97 -28 23 164 41 -24 -8 38 29 54 65 127 135 162 207 218 239 207 72 -7 -53 11 90 140 137 156 153 147 128 147 153 205 222 213 190 209 215 215 202 208 172 153 137 140 187 170 172 176 211 223 225 225 183 22 -44 -4 105 124 127 142 132 108 89 104 125 103 127 167 186 177 152 143 169 161 168 199 209 190 156 160 186 171 124 161
