AvaFrame/avaframe/data/avaGar/Avaflow_Input_Output_sss/gar_results/alr_ascii/alr_hflow1_max.asc
ncols 130
nrows 97
xllcenter 247320.75
yllcenter 350697.47
cellsize 20.00
NODATA_value -9999.000
[rows 34 to 67 of 97, columns 0 to 76 of 130]
0.000 0.000 0.000 0.000 0.000 0.000 0.000 0.000 0.000 0.000 0.001 0.001 0.002 0.003 0.003 0.004 0.008 0.018 0.030 0.035 0.031 0.026 0.028 0.034 0.040 0.052 0.064 0.068 0.063 0.058 0.073 0.225 0.258 0.219 0.165 0.135 0.116 0.118 0.161 0.227 0.319 0.445 0.602 0.703 0.751 0.904 2.228 4.665 6.264 6.518 6.025 5.292 4.788 4.842 5.016 5.089 5.089 4.963 4.688 4.212 2.986 1.211 0.348 0.121 0.058 0.032 0.019 0.012 0.007 0.005 0.003 0.002 0.001 0.001 0.001 0.000 0.000
0.000 0.000 0.000 0.000 0.000 0.000 0.000 0.000 0.000 0.000 0.001 0.001 0.002 0.003 0.003 0.004 0.006 0.012 0.023 0.031 0.034 0.032 0.025 0.025 0.024 0.023 0.029 0.037 0.044 0.048 0.049 0.063 0.084 0.089 0.089 0.089 0.083 0.071 0.070 0.076 0.099 0.147 0.227 0.343 0.540 0.720 1.395 2.775 4.707 5.801 6.087 5.800 5.382 5.225 5.118 5.057 4.989 4.941 4.830 4.747 4.478 3.048 1.122 0.287 0.111 0.059 0.037 0.022 0.013 0.008 0.005 0.004 0.003 0.002 0.001 0.001 0.000
0.000 0.000 0.000 0.000 0.000 0.000 0.000 0.000 0.000 0.000 0.000 0.001 0.002 0.003 0.004 0.003 0.004 0.007 0.015 0.027 0.035 0.037 0.033 0.020 0.017 0.015 0.017 0.023 0.030 0.034 0.038 0.042 0.056 0.067 0.074 0.077 0.077 0.069 0.058 0.047 0.047 0.060 0.093 0.171 0.309 0.493 0.822 1.515 2.580 3.610 4.415 4.597 4.616 4.336 3.891 3.348 2.947 2.910 3.434 4.245 4.825 4.420 2.587 0.668 0.210 0.095 0.060 0.038 0.025 0.015 0.009 0.006 0.004 0.003 0.002 0.001 0.001
0.000 0.000 0.000 0.000 0.000 0.000 0.000 0.000 0.000 0.000 0.000 0.001 0.002 0.003 0.004 0.004 0.004 0.005 0.008 0.016 0.027 0.035 0.036 0.030 0.020 0.011 0.011 0.016 0.021 0.024 0.026 0.029 0.035 0.044 0.052 0.057 0.061 0.061 0.057 0.049 0.048 0.053 0.072 0.110 0.177 0.262 0.429 0.718 1.147 1.617 2.042 2.202 2.141 1.917 1.537 1.145 0.854 0.754 1.053 2.120 4.131 4.944 4.163 1.707 0.386 0.130 0.075 0.051 0.036 0.024 0.015 0.009 0.006 0.004 0.003 0.002 0.001
0.000 0.000 0.000 0.000 0.000 0.000 0.000 0.000 0.000 0.000 0.000 0.001 0.001 0.002 0.004 0.005 0.003 0.003 0.004 0.007 0.013 0.023 0.031 0.035 0.031 0.024 0.018 0.014 0.016 0.016 0.017 0.020 0.023 0.024 0.029 0.035 0.042 0.047 0.050 0.051 0.049 0.052 0.061 0.076 0.096 0.109 0.135 0.212 0.350 0.500 0.604 0.643 0.620 0.555 0.436 0.312 0.221 0.177 0.226 0.504 2.180 4.693 4.904 3.234 0.814 0.188 0.070 0.050 0.040 0.031 0.023 0.015 0.009 0.006 0.004 0.003 0.002
0.000 0.000 0.000 0.000 0.000 0.000 0.000 0.000 0.000 0.000 0.000 0.000 0.001 0.001 0.003 0.005 0.004 0.003 0.002 0.003 0.005 0.010 0.018 0.027 0.031 0.029 0.026 0.023 0.016 0.012 0.012 0.015 0.016 0.016 0.019 0.024 0.031 0.038 0.044 0.047 0.048 0.049 0.054 0.063 0.063 0.053 0.037 0.047 0.078 0.120 0.151 0.163 0.157 0.135 0.112 0.087 0.065 0.052 0.053 0.183 1.005 3.596 4.939 4.437 1.946 0.386 0.087 0.045 0.039 0.033 0.027 0.020 0.014 0.009 0.005 0.004 0.003
0.000 0.000 0.000 0.000 0.000 0.000 0.000 0.000 0.000 0.000 0.000 0.000 0.000 0.001 0.002 0.004 0.004 0.002 0.002 0.002 0.003 0.005 0.009 0.014 0.019 0.023 0.026 0.026 0.023 0.017 0.012 0.012 0.012 0.012 0.013 0.018 0.024 0.031 0.038 0.042 0.043 0.044 0.045 0.044 0.042 0.036 0.026 0.020 0.019 0.030 0.042 0.047 0.048 0.044 0.038 0.032 0.024 0.017 0.027 0.087 0.461 2.235 4.585 4.939 3.492 1.074 0.191 0.053 0.039 0.034 0.030 0.025 0.019 0.013 0.008 0.005 0.004
0.000 0.000 0.000 0.000 0.000 0.000 0.000 0.000 0.000 0.000 0.000 0.000 0.000 0.001 0.001 0.003 0.004 0.002 0.001 0.001 0.002 0.003 0.005 0.008 0.010 0.013 0.017 0.020 0.023 0.022 0.018 0.015 0.010 0.009 0.010 0.013 0.019 0.025 0.031 0.035 0.037 0.038 0.034 0.027 0.025 0.023 0.020 0.016 0.014 0.014 0.015 0.020 0.024 0.025 0.024 0.021 0.017 0.014 0.019 0.048 0.196 1.077 3.331 4.695 4.648 2.831 0.754 0.210 0.082 0.043 0.034 0.029 0.024 0.018 0.012 0.007 0.005
0.000 0.000 0.000 0.000 0.000 0.000 0.000 0.000 0.000 0.000 0.000 0.000 0.000 0.001 0.001 0.003 0.003 0.003 0.001 0.001 0.001 0.002 0.004 0.005 0.007 0.009 0.011 0.013 0.016 0.018 0.019 0.020 0.015 0.009 0.008 0.009 0.013 0.019 0.025 0.029 0.032 0.034 0.030 0.023 0.019 0.017 0.015 0.014 0.012 0.012 0.012 0.013 0.018 0.021 0.021 0.019 0.016 0.015 0.017 0.026 0.083 0.387 1.762 3.741 4.582 4.350 3.019 1.422 0.444 0.143 0.066 0.036 0.029 0.023 0.017 0.011 0.007
0.000 0.000 0.000 0.000 0.000 0.000 0.000 0.000 0.000 0.000 0.000 0.000 0.000 0.001 0.001 0.002 0.003 0.002 0.001 0.001 0.001 0.002 0.003 0.004 0.005 0.007 0.008 0.010 0.012 0.014 0.017 0.018 0.020 0.015 0.008 0.008 0.009 0.013 0.019 0.024 0.028 0.029 0.027 0.023 0.019 0.016 0.014 0.012 0.011 0.010 0.009 0.010 0.010 0.013 0.016 0.017 0.017 0.016 0.016 0.019 0.037 0.139 0.601 1.998 3.721 4.346 4.285 3.589 2.072 0.739 0.272 0.135 0.072 0.037 0.023 0.017 0.011
0.000 0.000 0.000 0.000 0.000 0.000 0.000 0.000 0.000 0.000 0.000 0.000 0.000 0.000 0.001 0.002 0.002 0.002 0.002 0.001 0.000 0.001 0.002 0.003 0.004 0.005 0.006 0.008 0.010 0.012 0.014 0.016 0.018 0.020 0.015 0.008 0.007 0.009 0.013 0.019 0.023 0.025 0.025 0.023 0.019 0.016 0.014 0.012 0.010 0.009 0.008 0.007 0.006 0.006 0.007 0.009 0.012 0.014 0.014 0.014 0.015 0.046 0.168 0.656 2.029 3.354 4.077 4.240 3.759 2.475 1.186 0.550 0.282 0.142 0.073 0.039 0.021
0.000 0.000 0.000 0.000 0.000 0.000 0.000 0.000 0.000 0.000 0.000 0.000 0.000 0.000 0.000 0.001 0.002 0.002 0.002 0.001 0.000 0.000 0.001 0.002 0.003 0.003 0.005 0.007 0.008 0.010 0.012 0.014 0.015 0.018 0.021 0.015 0.008 0.007 0.009 0.014 0.018 0.021 0.022 0.022 0.020 0.018 0.014 0.011 0.010 0.009 0.008 0.007 0.006 0.005 0.004 0.004 0.006 0.008 0.009 0.009 0.009 0.017 0.053 0.178 0.602 1.697 3.058 3.969 4.178 3.764 2.682 1.587 0.909 0.473 0.250 0.139 0.078
0.000 0.000 0.000 0.000 0.000 0.000 0.000 0.000 0.000 0.000 0.000 0.000 0.000 0.000 0.000 0.000 0.001 0.002 0.002 0.001 0.000 0.000 0.000 0.001 0.002 0.003 0.004 0.006 0.007 0.008 0.010 0.012 0.013 0.015 0.020 0.022 0.014 0.007 0.007 0.009 0.014 0.017 0.019 0.019 0.020 0.021 0.017 0.012 0.009 0.009 0.008 0.007 0.006 0.005 0.004 0.003 0.004 0.005 0.006 0.007 0.007 0.008 0.021 0.062 0.188 0.562 1.500 2.782 3.780 3.988 3.575 2.720 1.809 1.158 0.657 0.391 0.238
0.000 0.000 0.000 0.000 0.000 0.000 0.000 0.000 0.000 0.000 0.000 0.000 0.000 0.000 0.000 0.000 0.000 0.001 0.001 0.001 0.000 0.000 0.000 0.000 0.001 0.002 0.003 0.004 0.006 0.007 0.008 0.011 0.012 0.012 0.015 0.022 0.021 0.009 0.006 0.006 0.009 0.013 0.016 0.017 0.019 0.023 0.022 0.014 0.009 0.008 0.007 0.006 0.005 0.005 0.004 0.003 0.003 0.003 0.004 0.006 0.006 0.006 0.010 0.027 0.080 0.222 0.554 1.353 2.725 3.737 3.729 3.351 2.655 1.904 1.210 0.748 0.478
0.000 0.000 0.000 0.000 0.000 0.000 0.000 0.000 0.000 0.000 0.000 0.000 0.000 0.000 0.000 0.000 0.000 0.000 0.000 0.000 0.000 0.000 0.000 0.000 0.000 0.001 0.002 0.003 0.004 0.006 0.008 0.009 0.011 0.011 0.010 0.016 0.022 0.015 0.007 0.006 0.006 0.009 0.012 0.014 0.017 0.022 0.024 0.017 0.009 0.008 0.006 0.005 0.005 0.004 0.004 0.003 0.003 0.003 0.003 0.004 0.005 0.005 0.006 0.013 0.034 0.102 0.262 0.618 1.570 2.877 3.501 3.488 3.146 2.486 1.848 1.203 0.730
0.000 0.000 0.000 0.000 0.000 0.000 0.000 0.000 0.000 0.000 0.000 0.000 0.000 0.000 0.000 0.000 0.000 0.000 0.000 0.000 0.000 0.000 0.000 0.000 0.000 0.000 0.001 0.001 0.002 0.004 0.007 0.008 0.011 0.014 0.013 0.011 0.015 0.017 0.011 0.007 0.005 0.006 0.008 0.010 0.013 0.018 0.022 0.020 0.015 0.009 0.006 0.005 0.004 0.004 0.003 0.003 0.003 0.003 0.003 0.003 0.004 0.005 0.005 0.006 0.015 0.045 0.132 0.335 0.893 2.051 2.970 3.353 3.284 2.866 2.421 1.652 1.097
0.000 0.000 0.000 0.000 0.000 0.000 0.000 0.000 0.000 0.000 0.000 0.000 0.000 0.000 0.000 0.000 0.000 0.000 0.000 0.000 0.000 0.000 0.000 0.000 0.000 0.000 0.000 0.000 0.001 0.002 0.004 0.006 0.009 0.014 0.019 0.016 0.011 0.012 0.013 0.012 0.006 0.004 0.005 0.007 0.009 0.013 0.018 0.021 0.020 0.013 0.007 0.006 0.004 0.004 0.003 0.003 0.003 0.003 0.003 0.003 0.004 0.004 0.005 0.005 0.007 0.020 0.062 0.182 0.520 1.294 2.254 2.968 3.161 2.986 2.764 2.193 1.580
0.000 0.000 0.000 0.000 0.000 0.000 0.000 0.000 0.000 0.000 0.000 0.000 0.000 0.000 0.000 0.000 0.000 0.000 0.000 0.000 0.000 0.000 0.000 0.000 0.000 0.000 0.000 0.000 0.000 0.001 0.002 0.003 0.005 0.009 0.019 0.023 0.015 0.009 0.010 0.012 0.009 0.004 0.004 0.005 0.006 0.009 0.013 0.019 0.021 0.017 0.011 0.010 0.006 0.004 0.004 0.003 0.003 0.003 0.003 0.003 0.003 0.004 0.004 0.004 0.004 0.010 0.030 0.100 0.310 0.780 1.727 2.528 2.943 3.017 2.923 2.549 2.008
0.000 0.000 0.000 0.000 0.000 0.000 0.000 0.000 0.000 0.000 0.000 0.000 0.000 0.000 0.000 0.000 0.000 0.000 0.000 0.000 0.000 0.000 0.000 0.000 0.000 0.000 0.000 0.000 0.000 0.000 0.001 0.001 0.003 0.005 0.013 0.022 0.022 0.013 0.008 0.008 0.009 0.006 0.003 0.003 0.005 0.006 0.009 0.014 0.018 0.018 0.015 0.014 0.011 0.007 0.005 0.004 0.004 0.003 0.003 0.003 0.003 0.003 0.004 0.004 0.004 0.005 0.015 0.053 0.178 0.486 1.161 1.915 2.643 2.907 2.908 2.712 2.329
0.000 0.000 0.000 0.000 0.000 0.000 0.000 0.000 0.000 0.000 0.000 0.000 0.000 0.000 0.000 0.000 0.000 0.000 0.000 0.000 0.000 0.000 0.000 0.000 0.000 0.000 0.000 0.000 0.000 0.000 0.000 0.001 0.001 0.003 0.006 0.015 0.024 0.020 0.011 0.007 0.007 0.007 0.004 0.003 0.003 0.005 0.007 0.010 0.015 0.017 0.017 0.016 0.015 0.011 0.008 0.005 0.005 0.004 0.003 0.003 0.003 0.002 0.003 0.003 0.004 0.004 0.008 0.027 0.101 0.298 0.714 1.440 2.128 2.575 2.812 2.754 2.531
0.000 0.000 0.000 0.000 0.000 0.000 0.000 0.000 0.000 0.000 0.000 0.000 0.000 0.000 0.000 0.000 0.000 0.000 0.000 0.000 0.000 0.000 0.000 0.000 0.000 0.000 0.000 0.000 0.000 0.000 0.000 0.000 0.000 0.001 0.003 0.009 0.021 0.028 0.021 0.013 0.008 0.007 0.006 0.004 0.003 0.004 0.006 0.009 0.013 0.015 0.016 0.016 0.016 0.015 0.011 0.009 0.007 0.005 0.005 0.004 0.003 0.003 0.002 0.002 0.003 0.003 0.004 0.014 0.055 0.176 0.424 0.935 1.604 2.239 2.596 2.661 2.618
0.000 0.000 0.000 0.000 0.000 0.000 0.000 0.000 0.000 0.000 0.000 0.000 0.000 0.000 0.000 0.000 0.000 0.000 0.000 0.000 0.000 0.000 0.000 0.000 0.000 0.000 0.000 0.000 0.000 0.000 0.000 0.000 0.000 0.000 0.001 0.003 0.011 0.025 0.032 0.028 0.019 0.008 0.005 0.004 0.003 0.003 0.004 0.007 0.010 0.013 0.015 0.016 0.017 0.016 0.014 0.012 0.010 0.008 0.006 0.005 0.004 0.003 0.003 0.002 0.002 0.002 0.002 0.007 0.029 0.100 0.258 0.569 1.132 1.681 2.220 2.507 2.625
0.000 0.000 0.000 0.000 0.000 0.000 0.000 0.000 0.000 0.000 0.000 0.000 0.000 0.000 0.000 0.000 0.000 0.000 0.000 0.000 0.000 0.000 0.000 0.000 0.000 0.000 0.000 0.000 0.000 0.000 0.000 0.000 0.000 0.000 0.000 0.001 0.003 0.010 0.023 0.033 0.037 0.029 0.014 0.003 0.003 0.003 0.005 0.005 0.006 0.009 0.012 0.015 0.016 0.016 0.015 0.014 0.012 0.011 0.008 0.006 0.004 0.003 0.003 0.003 0.002 0.002 0.002 0.004 0.015 0.054 0.153 0.350 0.701 1.245 1.747 2.141 2.404
0.000 0.000 0.000 0.000 0.000 0.000 0.000 0.000 0.000 0.000 0.000 0.000 0.000 0.000 0.000 0.000 0.000 0.000 0.000 0.000 0.000 0.000 0.000 0.000 0.000 0.000 0.000 0.000 0.000 0.000 0.000 0.000 0.000 0.000 0.000 0.000 0.001 0.002 0.005 0.017 0.033 0.044 0.041 0.016 0.002 0.002 0.004 0.005 0.005 0.006 0.008 0.012 0.016 0.016 0.016 0.015 0.013 0.013 0.012 0.010 0.007 0.005 0.004 0.003 0.002 0.001 0.001 0.002 0.007 0.027 0.086 0.213 0.446 0.800 1.263 1.716 2.003
0.000 0.000 0.000 0.000 0.000 0.000 0.000 0.000 0.000 0.000 0.000 0.000 0.000 0.000 0.000 0.000 0.000 0.000 0.000 0.000 0.000 0.000 0.000 0.000 0.000 0.000 0.000 0.000 0.000 0.000 0.000 0.000 0.000 0.000 0.000 0.000 0.000 0.001 0.001 0.003 0.011 0.027 0.044 0.042 0.015 0.002 0.002 0.004 0.004 0.004 0.005 0.008 0.014 0.016 0.016 0.015 0.014 0.014 0.013 0.012 0.011 0.009 0.006 0.005 0.004 0.002 0.001 0.001 0.004 0.013 0.045 0.125 0.285 0.519 0.859 1.232 1.620
0.000 0.000 0.000 0.000 0.000 0.000 0.000 0.000 0.000 0.000 0.000 0.000 0.000 0.000 0.000 0.000 0.000 0.000 0.000 0.000 0.000 0.000 0.000 0.000 0.000 0.000 0.000 0.000 0.000 0.000 0.000 0.000 0.000 0.000 0.000 0.000 0.000 0.000 0.001 0.001 0.002 0.005 0.018 0.037 0.036 0.013 0.002 0.002 0.003 0.004 0.004 0.006 0.011 0.015 0.016 0.015 0.013 0.013 0.014 0.013 0.012 0.012 0.010 0.009 0.006 0.003 0.001 0.001 0.002 0.006 0.022 0.069 0.176 0.352 0.581 0.877 1.194
0.000 0.000 0.000 0.000 0.000 0.000 0.000 0.000 0.000 0.000 0.000 0.000 0.000 0.000 0.000 0.000 0.000 0.000 0.000 0.000 0.000 0.000 0.000 0.000 0.000 0.000 0.000 0.000 0.000 0.000 0.000 0.000 0.000 0.000 0.000 0.000 0.000 0.000 0.000 0.000 0.001 0.002 0.006 0.019 0.036 0.034 0.010 0.002 0.002 0.003 0.004 0.006 0.010 0.014 0.016 0.016 0.013 0.011 0.012 0.013 0.013 0.013 0.012 0.011 0.010 0.006 0.002 0.001 0.001 0.003 0.011 0.036 0.097 0.219 0.398 0.598 0.829
0.000 0.000 0.000 0.000 0.000 0.000 0.000 0.000 0.000 0.000 0.000 0.000 0.000 0.000 0.000 0.000 0.000 0.000 0.000 0.000 0.000 0.000 0.000 0.000 0.000 0.000 0.000 0.000 0.000 0.000 0.000 0.000 0.000 0.000 0.000 0.000 0.000 0.000 0.000 0.000 0.000 0.001 0.003 0.011 0.031 0.044 0.028 0.005 0.002 0.002 0.003 0.005 0.009 0.014 0.016 0.016 0.014 0.009 0.008 0.010 0.012 0.014 0.014 0.013 0.013 0.011 0.006 0.002 0.002 0.002 0.006 0.019 0.054 0.136 0.276 0.438 0.616
0.000 0.000 0.000 0.000 0.000 0.000 0.000 0.000 0.000 0.000 0.000 0.000 0.000 0.000 0.000 0.000 0.000 0.000 0.000 0.000 0.000 0.000 0.000 0.000 0.000 0.000 0.000 0.000 0.000 0.000 0.000 0.000 0.000 0.000 0.000 0.000 0.000 0.000 0.000 0.000 0.000 0.000 0.001 0.004 0.017 0.043 0.046 0.018 0.005 0.003 0.003 0.004 0.006 0.012 0.015 0.016 0.015 0.010 0.006 0.006 0.009 0.013 0.014 0.015 0.014 0.014 0.012 0.006 0.002 0.002 0.005 0.010 0.029 0.076 0.172 0.310 0.454
0.000 0.000 0.000 0.000 0.000 0.000 0.000 0.000 0.000 0.000 0.000 0.000 0.000 0.000 0.000 0.000 0.000 0.000 0.000 0.000 0.000 0.000 0.000 0.000 0.000 0.000 0.000 0.000 0.000 0.000 0.000 0.000 0.000 0.000 0.000 0.000 0.000 0.000 0.000 0.000 0.000 0.000 0.000 0.001 0.005 0.022 0.044 0.041 0.023 0.011 0.008 0.007 0.007 0.010 0.014 0.015 0.015 0.013 0.007 0.005 0.004 0.007 0.011 0.015 0.015 0.015 0.015 0.012 0.006 0.004 0.006 0.010 0.015 0.041 0.099 0.202 0.331
0.000 0.000 0.000 0.000 0.000 0.000 0.000 0.000 0.000 0.000 0.000 0.000 0.000 0.000 0.000 0.000 0.000 0.000 0.000 0.000 0.000 0.000 0.000 0.000 0.000 0.000 0.000 0.000 0.000 0.000 0.000 0.000 0.000 0.000 0.000 0.000 0.000 0.000 0.000 0.000 0.000 0.000 0.000 0.000 0.001 0.006 0.029 0.045 0.044 0.033 0.021 0.014 0.011 0.011 0.012 0.014 0.015 0.015 0.012 0.006 0.003 0.003 0.005 0.010 0.014 0.016 0.017 0.016 0.013 0.009 0.009 0.010 0.010 0.020 0.053 0.117 0.219
0.000 0.000 0.000 0.000 0.000 0.000 0.000 0.000 0.000 0.000 0.000 0.000 0.000 0.000 0.000 0.000 0.000 0.000 0.000 0.000 0.000 0.000 0.000 0.000 0.000 0.000 0.000 0.000 0.000 0.000 0.000 0.000 0.000 0.000 0.000 0.000 0.000 0.000 0.000 0.000 0.000 0.000 0.000 0.000 0.001 0.003 0.010 0.030 0.044 0.048 0.045 0.035 0.023 0.016 0.014 0.014 0.015 0.017 0.017 0.011 0.004 0.002 0.002 0.004 0.008 0.014 0.017 0.018 0.016 0.014 0.015 0.014 0.011 0.010 0.026 0.063 0.130
0.000 0.000 0.000 0.000 0.000 0.000 0.000 0.000 0.000 0.000 0.000 0.000 0.000 0.000 0.000 0.000 0.000 0.000 0.000 0.000 0.000 0.000 0.000 0.000 0.000 0.000 0.000 0.000 0.000 0.000 0.000 0.000 0.000 0.000 0.000 0.000 0.000 0.000 0.000 0.000 0.000 0.000 0.000 0.000 0.000 0.001 0.003 0.009 0.022 0.036 0.045 0.046 0.043 0.039 0.036 0.032 0.024 0.017 0.019 0.018 0.011 0.003 0.001 0.001 0.002 0.006 0.013 0.017 0.018 0.016 0.018 0.020 0.016 0.013 0.013 0.032 0.072
0.000 0.000 0.000 0.000 0.000 0.000 0.000 0.000 0.000 0.000 0.000 0.000 0.000 0.000 0.000 0.000 0.000 0.000 0.000 0.000 0.000 0.000 0.000 0.000 0.000 0.000 0.000 0.000 0.000 0.000 0.000 0.000 0.000 0.000 0.000 0.000 0.000 0.000 0.000 0.000 0.000 0.000 0.000 0.000 0.000 0.000 0.001 0.002 0.005 0.009 0.017 0.030 0.041 0.044 0.050 0.054 0.051 0.038 0.024 0.021 0.018 0.010 0.003 0.001 0.001 0.002 0.004 0.009 0.014 0.015 0.018 0.028 0.029 0.025 0.019 0.017 0.037
