AvaFrame/avaframe/data/avaGar/Avaflow_Input_Output_sss/gar_results/alr_ascii/alr_hflow_max0004.asc
ncols 130
nrows 97
xllcenter 247320.75
yllcenter 350697.47
cellsize 20.00
NODATA_value -9999.000
[rows 34 to 67 of 97, columns 0 to 76 of 130]
0.000 0.000 0.000 0.000 0.000 0.000 0.000 0.000 0.000 0.000 0.000 0.001 0.002 0.003 0.003 0.004 0.008 0.018 0.030 0.035 0.031 0.026 0.028 0.034 0.040 0.052 0.064 0.068 0.063 0.058 0.073 0.225 0.258 0.219 0.165 0.135 0.116 0.119 0.161 0.228 0.320 0.447 0.606 0.712 0.782 1.004 2.478 5.177 7.085 7.579 7.277 6.689 6.303 6.423 6.608 6.612 6.623 6.540 6.237 5.658 4.180 1.917 0.531 0.169 0.076 0.041 0.024 0.015 0.009 0.006 0.004 0.003 0.001 0.001 0.000 0.000 0.000
0.000 0.000 0.000 0.000 0.000 0.000 0.000 0.000 0.000 0.000 0.000 0.001 0.002 0.003 0.003 0.004 0.006 0.012 0.023 0.031 0.034 0.032 0.025 0.025 0.024 0.023 0.029 0.037 0.044 0.048 0.049 0.063 0.084 0.089 0.089 0.090 0.083 0.072 0.070 0.077 0.101 0.173 0.284 0.455 0.790 1.232 2.242 3.819 5.804 6.912 7.230 7.010 6.658 6.486 6.240 6.057 5.960 5.962 6.148 6.195 5.832 4.002 1.234 0.376 0.164 0.085 0.048 0.029 0.017 0.011 0.007 0.005 0.003 0.002 0.001 0.000 0.000
0.000 0.000 0.000 0.000 0.000 0.000 0.000 0.000 0.000 0.000 0.000 0.000 0.001 0.002 0.003 0.003 0.004 0.007 0.015 0.027 0.035 0.037 0.033 0.020 0.017 0.015 0.017 0.023 0.030 0.034 0.038 0.042 0.056 0.067 0.074 0.077 0.077 0.069 0.059 0.050 0.087 0.310 0.593 0.710 1.059 1.493 1.852 2.621 3.695 4.693 5.454 5.599 5.616 5.336 4.891 4.348 3.947 3.910 4.340 5.354 6.178 5.096 1.960 0.722 0.325 0.174 0.099 0.058 0.034 0.020 0.012 0.008 0.005 0.003 0.002 0.001 0.000
0.000 0.000 0.000 0.000 0.000 0.000 0.000 0.000 0.000 0.000 0.000 0.000 0.000 0.001 0.003 0.003 0.004 0.005 0.008 0.016 0.027 0.035 0.036 0.030 0.019 0.011 0.011 0.016 0.021 0.024 0.026 0.029 0.035 0.044 0.052 0.057 0.062 0.062 0.062 0.108 0.357 0.803 1.072 1.110 1.177 1.262 1.433 1.767 2.211 2.617 3.043 3.202 3.141 2.918 2.537 2.145 1.854 1.754 2.053 3.059 4.720 4.826 2.363 1.178 0.592 0.310 0.182 0.115 0.071 0.041 0.024 0.014 0.009 0.006 0.003 0.002 0.001
0.000 0.000 0.000 0.000 0.000 0.000 0.000 0.000 0.000 0.000 0.000 0.000 0.000 0.001 0.001 0.003 0.003 0.003 0.004 0.007 0.013 0.023 0.031 0.034 0.030 0.020 0.016 0.014 0.016 0.016 0.017 0.021 0.023 0.025 0.029 0.036 0.043 0.050 0.075 0.301 0.799 1.052 1.061 1.145 1.158 1.109 1.135 1.213 1.353 1.500 1.604 1.643 1.620 1.555 1.436 1.312 1.221 1.199 1.231 1.489 2.189 2.645 2.145 1.559 0.983 0.476 0.270 0.175 0.117 0.077 0.046 0.026 0.015 0.009 0.006 0.003 0.002
0.000 0.000 0.000 0.000 0.000 0.000 0.000 0.000 0.000 0.000 0.000 0.000 0.000 0.000 0.001 0.001 0.002 0.002 0.002 0.003 0.005 0.010 0.018 0.026 0.029 0.025 0.020 0.017 0.013 0.012 0.012 0.015 0.017 0.016 0.019 0.025 0.032 0.042 0.074 0.297 1.048 1.049 1.054 1.067 1.133 1.078 1.037 1.047 1.078 1.120 1.151 1.163 1.157 1.135 1.112 1.087 1.065 1.059 1.067 1.102 1.211 1.271 1.710 1.734 1.404 0.709 0.330 0.204 0.149 0.110 0.076 0.047 0.027 0.016 0.010 0.006 0.003
0.000 0.000 0.000 0.000 0.000 0.000 0.000 0.000 0.000 0.000 0.000 0.000 0.000 0.000 0.000 0.000 0.001 0.001 0.001 0.002 0.003 0.005 0.009 0.013 0.016 0.018 0.019 0.018 0.016 0.013 0.012 0.012 0.012 0.012 0.014 0.018 0.026 0.036 0.057 0.106 0.229 0.439 1.045 1.044 1.041 1.034 1.020 1.016 1.023 1.041 1.066 1.100 1.048 1.044 1.038 1.032 1.024 1.017 1.014 1.019 1.033 1.105 1.246 1.797 1.728 1.217 0.652 0.218 0.160 0.130 0.102 0.072 0.046 0.027 0.016 0.010 0.006
0.000 0.000 0.000 0.000 0.000 0.000 0.000 0.000 0.000 0.000 0.000 0.000 0.000 0.000 0.000 0.000 0.000 0.000 0.001 0.001 0.002 0.003 0.005 0.006 0.008 0.009 0.011 0.013 0.014 0.014 0.013 0.013 0.010 0.009 0.010 0.014 0.020 0.029 0.042 0.067 0.117 0.186 0.248 0.377 1.021 1.016 1.012 1.010 1.010 1.028 1.091 1.256 1.428 1.508 1.435 1.234 1.013 1.007 1.004 1.018 1.068 1.137 1.227 1.440 1.819 2.065 1.832 1.021 0.323 0.141 0.118 0.094 0.068 0.045 0.027 0.016 0.010
0.000 0.000 0.000 0.000 0.000 0.000 0.000 0.000 0.000 0.000 0.000 0.000 0.000 0.000 0.000 0.000 0.000 0.000 0.000 0.000 0.001 0.001 0.002 0.003 0.004 0.005 0.006 0.007 0.008 0.010 0.012 0.013 0.011 0.008 0.008 0.010 0.014 0.022 0.032 0.048 0.078 0.121 0.157 0.162 0.184 0.288 0.411 1.005 1.005 1.005 1.008 1.092 1.302 1.509 1.611 1.641 1.570 1.392 1.214 1.171 1.223 1.264 1.293 1.331 1.586 1.984 2.341 2.086 1.151 0.401 0.168 0.111 0.088 0.065 0.044 0.027 0.016
0.000 0.000 0.000 0.000 0.000 0.000 0.000 0.000 0.000 0.000 0.000 0.000 0.000 0.000 0.000 0.000 0.000 0.000 0.000 0.000 0.000 0.000 0.001 0.001 0.002 0.002 0.003 0.003 0.004 0.006 0.008 0.010 0.010 0.008 0.007 0.007 0.010 0.015 0.024 0.035 0.052 0.078 0.103 0.114 0.123 0.135 0.160 0.284 1.002 1.003 1.003 1.004 1.005 1.024 1.232 1.455 1.577 1.574 1.493 1.420 1.350 1.318 1.307 1.294 1.250 1.602 1.951 2.405 2.058 1.120 0.451 0.204 0.108 0.085 0.063 0.042 0.027
0.000 0.000 0.000 0.000 0.000 0.000 0.000 0.000 0.000 0.000 0.000 0.000 0.000 0.000 0.000 0.000 0.000 0.000 0.000 0.000 0.000 0.000 0.000 0.000 0.001 0.001 0.001 0.002 0.002 0.003 0.004 0.005 0.005 0.006 0.005 0.005 0.006 0.010 0.015 0.021 0.029 0.044 0.063 0.081 0.094 0.109 0.128 0.154 0.192 0.371 1.001 1.001 1.002 1.002 1.001 1.001 1.002 1.247 1.396 1.416 1.406 1.377 1.367 1.367 1.332 1.206 1.556 1.804 2.280 1.817 1.034 0.550 0.276 0.140 0.083 0.061 0.042
0.000 0.000 0.000 0.000 0.000 0.000 0.000 0.000 0.000 0.000 0.000 0.000 0.000 0.000 0.000 0.000 0.000 0.000 0.000 0.000 0.000 0.000 0.000 0.000 0.000 0.000 0.000 0.000 0.001 0.001 0.001 0.002 0.002 0.002 0.002 0.003 0.003 0.005 0.008 0.011 0.015 0.023 0.036 0.054 0.070 0.085 0.101 0.121 0.148 0.179 0.229 0.385 1.000 1.000 1.000 1.000 1.000 1.000 1.000 1.037 1.135 1.203 1.237 1.280 1.237 1.078 1.222 1.551 1.704 1.958 1.567 1.160 0.789 0.437 0.237 0.123 0.065
0.000 0.000 0.000 0.000 0.000 0.000 0.000 0.000 0.000 0.000 0.000 0.000 0.000 0.000 0.000 0.000 0.000 0.000 0.000 0.000 0.000 0.000 0.000 0.000 0.000 0.000 0.000 0.000 0.000 0.000 0.000 0.000 0.001 0.001 0.001 0.001 0.001 0.002 0.004 0.005 0.008 0.013 0.020 0.032 0.049 0.067 0.081 0.094 0.114 0.142 0.176 0.207 0.245 0.340 0.380 0.365 0.324 0.322 0.375 0.585 0.754 0.797 0.923 1.023 1.073 1.030 1.000 1.287 1.568 1.640 1.716 1.616 1.501 1.069 0.622 0.350 0.199
0.000 0.000 0.000 0.000 0.000 0.000 0.000 0.000 0.000 0.000 0.000 0.000 0.000 0.000 0.000 0.000 0.000 0.000 0.000 0.000 0.000 0.000 0.000 0.000 0.000 0.000 0.000 0.000 0.000 0.000 0.000 0.000 0.000 0.000 0.000 0.000 0.000 0.001 0.002 0.003 0.004 0.007 0.012 0.020 0.033 0.053 0.067 0.074 0.085 0.106 0.137 0.170 0.198 0.257 0.322 0.341 0.329 0.314 0.332 0.410 0.547 0.692 0.814 0.931 1.030 1.067 1.000 1.000 1.346 1.565 1.519 1.727 1.950 1.710 1.199 0.734 0.455
0.000 0.000 0.000 0.000 0.000 0.000 0.000 0.000 0.000 0.000 0.000 0.000 0.000 0.000 0.000 0.000 0.000 0.000 0.000 0.000 0.000 0.000 0.000 0.000 0.000 0.000 0.000 0.000 0.000 0.000 0.000 0.000 0.000 0.000 0.000 0.000 0.000 0.000 0.001 0.001 0.003 0.004 0.007 0.013 0.022 0.039 0.054 0.059 0.064 0.079 0.102 0.133 0.166 0.192 0.263 0.311 0.328 0.326 0.338 0.390 0.519 0.696 0.849 0.997 1.138 1.199 1.134 1.001 0.946 1.379 1.536 1.637 2.240 2.438 1.954 1.287 0.822
0.000 0.000 0.000 0.000 0.000 0.000 0.000 0.000 0.000 0.000 0.000 0.000 0.000 0.000 0.000 0.000 0.000 0.000 0.000 0.000 0.000 0.000 0.000 0.000 0.000 0.000 0.000 0.000 0.000 0.000 0.000 0.000 0.000 0.000 0.000 0.000 0.000 0.000 0.000 0.001 0.002 0.003 0.005 0.008 0.014 0.026 0.039 0.047 0.053 0.062 0.075 0.098 0.129 0.162 0.198 0.265 0.304 0.320 0.333 0.372 0.467 0.638 0.836 1.013 1.155 1.276 1.323 1.239 1.058 1.056 1.390 1.513 2.389 2.817 2.592 1.974 1.326
0.000 0.000 0.000 0.000 0.000 0.000 0.000 0.000 0.000 0.000 0.000 0.000 0.000 0.000 0.000 0.000 0.000 0.000 0.000 0.000 0.000 0.000 0.000 0.000 0.000 0.000 0.000 0.000 0.000 0.000 0.000 0.000 0.000 0.000 0.000 0.000 0.000 0.000 0.000 0.000 0.001 0.002 0.003 0.005 0.009 0.016 0.026 0.038 0.046 0.051 0.057 0.072 0.096 0.127 0.161 0.204 0.262 0.295 0.318 0.343 0.411 0.536 0.734 0.933 1.107 1.260 1.330 1.348 1.248 1.116 1.147 1.447 2.266 2.840 2.880 2.533 1.979
0.000 0.000 0.000 0.000 0.000 0.000 0.000 0.000 0.000 0.000 0.000 0.000 0.000 0.000 0.000 0.000 0.000 0.000 0.000 0.000 0.000 0.000 0.000 0.000 0.000 0.000 0.000 0.000 0.000 0.000 0.000 0.000 0.000 0.000 0.000 0.000 0.000 0.000 0.000 0.000 0.000 0.001 0.002 0.004 0.006 0.010 0.017 0.028 0.037 0.042 0.046 0.057 0.073 0.096 0.128 0.159 0.206 0.252 0.283 0.311 0.353 0.444 0.599 0.781 0.964 1.137 1.268 1.327 1.326 1.217 1.099 1.224 1.931 2.614 2.898 2.851 2.514
0.000 0.000 0.000 0.000 0.000 0.000 0.000 0.000 0.000 0.000 0.000 0.000 0.000 0.000 0.000 0.000 0.000 0.000 0.000 0.000 0.000 0.000 0.000 0.000 0.000 0.000 0.000 0.000 0.000 0.000 0.000 0.000 0.000 0.000 0.000 0.000 0.000 0.000 0.000 0.000 0.000 0.000 0.001 0.002 0.004 0.007 0.011 0.018 0.027 0.033 0.039 0.046 0.057 0.072 0.096 0.129 0.158 0.200 0.238 0.271 0.303 0.353 0.458 0.626 0.799 0.971 1.130 1.242 1.277 1.241 1.110 1.041 1.615 2.231 2.702 2.919 2.873
0.000 0.000 0.000 0.000 0.000 0.000 0.000 0.000 0.000 0.000 0.000 0.000 0.000 0.000 0.000 0.000 0.000 0.000 0.000 0.000 0.000 0.000 0.000 0.000 0.000 0.000 0.000 0.000 0.000 0.000 0.000 0.000 0.000 0.000 0.000 0.000 0.000 0.000 0.000 0.000 0.000 0.000 0.000 0.001 0.002 0.004 0.007 0.012 0.018 0.025 0.031 0.038 0.046 0.056 0.071 0.097 0.131 0.157 0.189 0.222 0.254 0.288 0.344 0.460 0.625 0.796 0.938 1.068 1.163 1.177 1.085 0.962 1.315 1.841 2.374 2.835 3.090
0.000 0.000 0.000 0.000 0.000 0.000 0.000 0.000 0.000 0.000 0.000 0.000 0.000 0.000 0.000 0.000 0.000 0.000 0.000 0.000 0.000 0.000 0.000 0.000 0.000 0.000 0.000 0.000 0.000 0.000 0.000 0.000 0.000 0.000 0.000 0.000 0.000 0.000 0.000 0.000 0.000 0.000 0.000 0.000 0.001 0.002 0.004 0.007 0.012 0.018 0.024 0.031 0.038 0.045 0.054 0.072 0.099 0.131 0.155 0.176 0.207 0.236 0.271 0.335 0.446 0.581 0.745 0.891 1.011 1.078 1.052 0.931 1.040 1.539 2.119 2.666 3.226
0.000 0.000 0.000 0.000 0.000 0.000 0.000 0.000 0.000 0.000 0.000 0.000 0.000 0.000 0.000 0.000 0.000 0.000 0.000 0.000 0.000 0.000 0.000 0.000 0.000 0.000 0.000 0.000 0.000 0.000 0.000 0.000 0.000 0.000 0.000 0.000 0.000 0.000 0.000 0.000 0.000 0.000 0.000 0.000 0.000 0.001 0.002 0.004 0.007 0.011 0.017 0.024 0.031 0.037 0.043 0.054 0.072 0.100 0.130 0.154 0.170 0.194 0.222 0.259 0.318 0.413 0.553 0.693 0.848 0.955 0.994 0.898 0.835 1.290 1.912 2.520 3.102
0.000 0.000 0.000 0.000 0.000 0.000 0.000 0.000 0.000 0.000 0.000 0.000 0.000 0.000 0.000 0.000 0.000 0.000 0.000 0.000 0.000 0.000 0.000 0.000 0.000 0.000 0.000 0.000 0.000 0.000 0.000 0.000 0.000 0.000 0.000 0.000 0.000 0.000 0.000 0.000 0.000 0.000 0.000 0.000 0.000 0.000 0.001 0.002 0.003 0.005 0.009 0.014 0.021 0.029 0.035 0.042 0.053 0.073 0.100 0.129 0.150 0.166 0.183 0.213 0.248 0.306 0.398 0.524 0.670 0.815 0.906 0.893 0.957 1.215 1.673 2.293 2.895
0.000 0.000 0.000 0.000 0.000 0.000 0.000 0.000 0.000 0.000 0.000 0.000 0.000 0.000 0.000 0.000 0.000 0.000 0.000 0.000 0.000 0.000 0.000 0.000 0.000 0.000 0.000 0.000 0.000 0.000 0.000 0.000 0.000 0.000 0.000 0.000 0.000 0.000 0.000 0.000 0.000 0.000 0.000 0.000 0.000 0.000 0.000 0.001 0.001 0.002 0.004 0.007 0.011 0.017 0.024 0.032 0.041 0.053 0.074 0.100 0.126 0.146 0.164 0.180 0.203 0.231 0.287 0.371 0.485 0.654 0.799 0.905 1.039 1.256 1.602 2.074 2.578
0.000 0.000 0.000 0.000 0.000 0.000 0.000 0.000 0.000 0.000 0.000 0.000 0.000 0.000 0.000 0.000 0.000 0.000 0.000 0.000 0.000 0.000 0.000 0.000 0.000 0.000 0.000 0.000 0.000 0.000 0.000 0.000 0.000 0.000 0.000 0.000 0.000 0.000 0.000 0.000 0.000 0.000 0.000 0.000 0.000 0.000 0.000 0.000 0.000 0.001 0.002 0.003 0.005 0.008 0.013 0.019 0.028 0.039 0.053 0.074 0.099 0.122 0.145 0.168 0.178 0.191 0.214 0.267 0.348 0.485 0.658 0.826 1.025 1.242 1.477 1.885 2.312
0.000 0.000 0.000 0.000 0.000 0.000 0.000 0.000 0.000 0.000 0.000 0.000 0.000 0.000 0.000 0.000 0.000 0.000 0.000 0.000 0.000 0.000 0.000 0.000 0.000 0.000 0.000 0.000 0.000 0.000 0.000 0.000 0.000 0.000 0.000 0.000 0.000 0.000 0.000 0.000 0.000 0.000 0.000 0.000 0.000 0.000 0.000 0.000 0.000 0.000 0.000 0.001 0.002 0.004 0.006 0.010 0.015 0.024 0.037 0.053 0.074 0.097 0.121 0.151 0.169 0.173 0.173 0.193 0.246 0.329 0.487 0.686 0.942 1.166 1.366 1.682 2.021
0.000 0.000 0.000 0.000 0.000 0.000 0.000 0.000 0.000 0.000 0.000 0.000 0.000 0.000 0.000 0.000 0.000 0.000 0.000 0.000 0.000 0.000 0.000 0.000 0.000 0.000 0.000 0.000 0.000 0.000 0.000 0.000 0.000 0.000 0.000 0.000 0.000 0.000 0.000 0.000 0.000 0.000 0.000 0.000 0.000 0.000 0.000 0.000 0.000 0.000 0.000 0.000 0.001 0.001 0.003 0.005 0.008 0.012 0.020 0.034 0.053 0.073 0.095 0.125 0.152 0.166 0.167 0.168 0.173 0.222 0.324 0.498 0.740 1.002 1.233 1.422 1.703
0.000 0.000 0.000 0.000 0.000 0.000 0.000 0.000 0.000 0.000 0.000 0.000 0.000 0.000 0.000 0.000 0.000 0.000 0.000 0.000 0.000 0.000 0.000 0.000 0.000 0.000 0.000 0.000 0.000 0.000 0.000 0.000 0.000 0.000 0.000 0.000 0.000 0.000 0.000 0.000 0.000 0.000 0.000 0.000 0.000 0.000 0.000 0.000 0.000 0.000 0.000 0.000 0.000 0.000 0.001 0.002 0.003 0.006 0.010 0.017 0.030 0.049 0.071 0.096 0.126 0.151 0.162 0.163 0.165 0.172 0.207 0.338 0.540 0.812 1.025 1.236 1.434
0.000 0.000 0.000 0.000 0.000 0.000 0.000 0.000 0.000 0.000 0.000 0.000 0.000 0.000 0.000 0.000 0.000 0.000 0.000 0.000 0.000 0.000 0.000 0.000 0.000 0.000 0.000 0.000 0.000 0.000 0.000 0.000 0.000 0.000 0.000 0.000 0.000 0.000 0.000 0.000 0.000 0.000 0.000 0.000 0.000 0.000 0.000 0.000 0.000 0.000 0.000 0.000 0.000 0.000 0.000 0.001 0.001 0.003 0.004 0.008 0.014 0.025 0.043 0.067 0.096 0.128 0.151 0.158 0.159 0.163 0.175 0.225 0.375 0.590 0.882 1.096 1.306
0.000 0.000 0.000 0.000 0.000 0.000 0.000 0.000 0.000 0.000 0.000 0.000 0.000 0.000 0.000 0.000 0.000 0.000 0.000 0.000 0.000 0.000 0.000 0.000 0.000 0.000 0.000 0.000 0.000 0.000 0.000 0.000 0.000 0.000 0.000 0.000 0.000 0.000 0.000 0.000 0.000 0.000 0.000 0.000 0.000 0.000 0.000 0.000 0.000 0.000 0.000 0.000 0.000 0.000 0.000 0.000 0.000 0.001 0.002 0.003 0.006 0.011 0.020 0.036 0.060 0.094 0.132 0.151 0.155 0.156 0.166 0.180 0.241 0.401 0.607 0.871 1.091
0.000 0.000 0.000 0.000 0.000 0.000 0.000 0.000 0.000 0.000 0.000 0.000 0.000 0.000 0.000 0.000 0.000 0.000 0.000 0.000 0.000 0.000 0.000 0.000 0.000 0.000 0.000 0.000 0.000 0.000 0.000 0.000 0.000 0.000 0.000 0.000 0.000 0.000 0.000 0.000 0.000 0.000 0.000 0.000 0.000 0.000 0.000 0.000 0.000 0.000 0.000 0.000 0.000 0.000 0.000 0.000 0.000 0.000 0.001 0.001 0.002 0.004 0.008 0.016 0.030 0.053 0.093 0.132 0.148 0.150 0.154 0.167 0.177 0.262 0.427 0.633 0.878
0.000 0.000 0.000 0.000 0.000 0.000 0.000 0.000 0.000 0.000 0.000 0.000 0.000 0.000 0.000 0.000 0.000 0.000 0.000 0.000 0.000 0.000 0.000 0.000 0.000 0.000 0.000 0.000 0.000 0.000 0.000 0.000 0.000 0.000 0.000 0.000 0.000 0.000 0.000 0.000 0.000 0.000 0.000 0.000 0.000 0.000 0.000 0.000 0.000 0.000 0.000 0.000 0.000 0.000 0.000 0.000 0.000 0.000 0.000 0.000 0.001 0.001 0.003 0.006 0.012 0.023 0.045 0.077 0.102 0.117 0.128 0.139 0.148 0.162 0.291 0.453 0.664
0.000 0.000 0.000 0.000 0.000 0.000 0.000 0.000 0.000 0.000 0.000 0.000 0.000 0.000 0.000 0.000 0.000 0.000 0.000 0.000 0.000 0.000 0.000 0.000 0.000 0.000 0.000 0.000 0.000 0.000 0.000 0.000 0.000 0.000 0.000 0.000 0.000 0.000 0.000 0.000 0.000 0.000 0.000 0.000 0.000 0.000 0.000 0.000 0.000 0.000 0.000 0.000 0.000 0.000 0.000 0.000 0.000 0.000 0.000 0.000 0.000 0.000 0.001 0.002 0.004 0.007 0.015 0.026 0.038 0.049 0.063 0.080 0.099 0.118 0.182 0.313 0.470
0.000 0.000 0.000 0.000 0.000 0.000 0.000 0.000 0.000 0.000 0.000 0.000 0.000 0.000 0.000 0.000 0.000 0.000 0.000 0.000 0.000 0.000 0.000 0.000 0.000 0.000 0.000 0.000 0.000 0.000 0.000 0.000 0.000 0.000 0.000 0.000 0.000 0.000 0.000 0.000 0.000 0.000 0.000 0.000 0.000 0.000 0.000 0.000 0.000 0.000 0.000 0.000 0.000 0.000 0.000 0.000 0.000 0.000 0.000 0.000 0.000 0.000 0.000 0.000 0.001 0.002 0.004 0.007 0.011 0.016 0.022 0.033 0.049 0.070 0.103 0.197 0.327
