AvaFrame/avaframe/data/avaBowl/Outputs/r_avaflow_sss_paramflag0/bo_results/bo_ascii/bo_(null).asc
ncols 200
nrows 200
xllcenter 997.50
yllcenter -4997.50
cellsize 25.00
NODATA_value -9999.000
[rows 87 to 115 of 200, columns 66 to 131 of 200]
0.002 0.004 0.010 0.013 0.012 0.007 0.002 0.002 0.001 0.001 0.001 0.001 0.001 0.001 0.001 0.001 0.001 0.001 0.001 0.001 0.001 0.001 0.001 0.001 0.001 0.000 0.000 0.000 0.000 0.000 0.000 0.000 0.000 -9999.000 -9999.000 -9999.000 -9999.000 -9999.000 -9999.000 -9999.000 -9999.000 -9999.000 -9999.000 -9999.000 -9999.000 -9999.000 -9999.000 -9999.000 -9999.000 -9999.000 -9999.000 -9999.000 -9999.000 -9999.000 -9999.000 -9999.000 -9999.000 -9999.000 -9999.000 -9999.000 -9999.000 -9999.000 -9999.000 -9999.000 -9999.000 -9999.000
0.004 0.012 0.019 0.018 0.014 0.004 0.004 0.005 0.003 0.002 0.002 0.002 0.002 0.002 0.002 0.001 0.001 0.001 0.001 0.001 0.001 0.001 0.001 0.001 0.001 0.001 0.001 0.001 0.001 0.000 0.000 0.000 0.000 0.000 0.000 0.000 0.000 -9999.000 -9999.000 -9999.000 -9999.000 -9999.000 -9999.000 -9999.000 -9999.000 -9999.000 -9999.000 -9999.000 -9999.000 -9999.000 -9999.000 -9999.000 -9999.000 -9999.000 -9999.000 -9999.000 -9999.000 -9999.000 -9999.000 -9999.000 -9999.000 -9999.000 -9999.000 -9999.000 -9999.000 -9999.000
0.011 0.024 0.029 0.025 0.011 0.010 0.009 0.012 0.009 0.008 0.007 0.007 0.006 0.005 0.004 0.004 0.003 0.002 0.002 0.002 0.002 0.002 0.002 0.002 0.001 0.001 0.001 0.001 0.001 0.001 0.001 0.001 0.001 0.001 0.000 0.000 0.000 0.000 0.000 0.000 0.000 -9999.000 -9999.000 -9999.000 -9999.000 -9999.000 -9999.000 -9999.000 -9999.000 -9999.000 -9999.000 -9999.000 -9999.000 -9999.000 -9999.000 -9999.000 -9999.000 -9999.000 -9999.000 -9999.000 -9999.000 -9999.000 -9999.000 -9999.000 -9999.000 -9999.000
0.026 0.041 0.036 0.025 0.023 0.034 0.032 0.023 0.018 0.017 0.016 0.015 0.014 0.011 0.010 0.008 0.006 0.005 0.005 0.004 0.004 0.004 0.003 0.003 0.003 0.002 0.002 0.002 0.002 0.002 0.002 0.002 0.002 0.002 0.001 0.001 0.001 0.001 0.001 0.000 0.000 0.000 0.000 0.000 -9999.000 -9999.000 -9999.000 -9999.000 -9999.000 -9999.000 -9999.000 -9999.000 -9999.000 -9999.000 -9999.000 -9999.000 -9999.000 -9999.000 -9999.000 -9999.000 -9999.000 -9999.000 -9999.000 -9999.000 -9999.000 -9999.000
0.121 0.140 0.158 0.172 0.177 0.175 0.165 0.145 0.119 0.097 0.074 0.055 0.038 0.027 0.020 0.018 0.015 0.012 0.010 0.009 0.007 0.007 0.006 0.006 0.005 0.005 0.004 0.004 0.004 0.004 0.005 0.005 0.006 0.006 0.004 0.002 0.001 0.001 0.001 0.001 0.001 0.000 0.000 0.000 0.000 -9999.000 -9999.000 -9999.000 -9999.000 -9999.000 -9999.000 -9999.000 -9999.000 -9999.000 -9999.000 -9999.000 -9999.000 -9999.000 -9999.000 -9999.000 -9999.000 -9999.000 -9999.000 -9999.000 -9999.000 -9999.000
0.584 0.725 0.839 0.937 1.017 1.047 1.031 0.946 0.806 0.682 0.523 0.408 0.293 0.212 0.139 0.093 0.060 0.040 0.028 0.025 0.022 0.020 0.018 0.017 0.015 0.013 0.011 0.009 0.008 0.012 0.019 0.021 0.018 0.017 0.016 0.008 0.004 0.004 0.004 0.004 0.003 0.001 0.000 0.000 0.000 0.000 -9999.000 -9999.000 -9999.000 -9999.000 -9999.000 -9999.000 -9999.000 -9999.000 -9999.000 -9999.000 -9999.000 -9999.000 -9999.000 -9999.000 -9999.000 -9999.000 -9999.000 -9999.000 -9999.000 -9999.000
3.149 3.816 4.348 4.894 5.030 5.219 5.023 4.662 4.248 3.722 2.950 2.396 1.820 1.253 0.901 0.610 0.401 0.277 0.184 0.120 0.115 0.107 0.097 0.087 0.075 0.065 0.054 0.044 0.034 0.053 0.096 0.109 0.104 0.081 0.073 0.045 0.037 0.039 0.040 0.040 0.037 0.022 0.003 0.000 0.000 0.000 0.000 -9999.000 -9999.000 -9999.000 -9999.000 -9999.000 -9999.000 -9999.000 -9999.000 -9999.000 -9999.000 -9999.000 -9999.000 -9999.000 -9999.000 -9999.000 -9999.000 -9999.000 -9999.000 -9999.000
10.939 11.800 12.633 13.074 13.185 13.322 12.633 12.501 11.362 10.427 9.266 7.847 6.472 5.152 3.924 3.014 2.094 1.555 1.032 0.687 0.560 0.534 0.497 0.449 0.397 0.344 0.293 0.247 0.203 0.203 0.328 0.489 0.579 0.597 0.558 0.516 0.518 0.533 0.543 0.511 0.432 0.275 0.086 0.005 0.001 0.000 0.000 0.000 -9999.000 -9999.000 -9999.000 -9999.000 -9999.000 -9999.000 -9999.000 -9999.000 -9999.000 -9999.000 -9999.000 -9999.000 -9999.000 -9999.000 -9999.000 -9999.000 -9999.000 -9999.000
21.074 21.227 22.065 22.283 22.604 22.314 21.982 21.428 20.218 19.417 17.954 16.432 14.540 12.461 10.524 8.505 6.789 5.350 4.051 3.089 2.679 2.566 2.341 2.099 1.820 1.556 1.332 1.137 0.956 0.787 0.916 1.857 2.489 2.788 2.880 2.857 2.774 2.612 2.405 2.109 1.613 0.995 0.390 0.091 0.005 0.000 0.000 0.000 0.000 -9999.000 -9999.000 -9999.000 -9999.000 -9999.000 -9999.000 -9999.000 -9999.000 -9999.000 -9999.000 -9999.000 -9999.000 -9999.000 -9999.000 -9999.000 -9999.000 -9999.000
28.729 29.389 28.816 29.099 28.637 28.198 27.663 27.313 26.110 26.182 24.810 23.301 22.604 20.562 18.530 16.672 14.297 12.211 10.483 10.634 10.348 9.895 9.368 8.418 7.330 6.404 5.304 4.329 3.676 3.148 2.656 4.136 5.432 6.158 6.526 6.550 6.324 5.863 5.118 4.270 3.221 2.037 1.062 0.361 0.055 0.003 0.000 0.000 0.000 -9999.000 -9999.000 -9999.000 -9999.000 -9999.000 -9999.000 -9999.000 -9999.000 -9999.000 -9999.000 -9999.000 -9999.000 -9999.000 -9999.000 -9999.000 -9999.000 -9999.000
32.015 31.327 31.107 31.082 30.097 30.032 29.226 29.177 28.252 28.007 27.259 27.166 26.603 25.267 24.309 22.958 20.966 19.605 18.504 18.462 17.943 17.370 17.083 16.036 14.963 14.067 12.581 11.497 9.713 8.125 7.102 7.442 8.248 9.236 10.043 10.619 10.637 10.269 9.358 7.818 5.648 3.517 1.825 0.778 0.187 0.014 0.001 0.000 0.000 -9999.000 -9999.000 -9999.000 -9999.000 -9999.000 -9999.000 -9999.000 -9999.000 -9999.000 -9999.000 -9999.000 -9999.000 -9999.000 -9999.000 -9999.000 -9999.000 -9999.000
31.988 31.779 30.140 29.441 29.027 27.836 28.019 27.537 27.222 27.835 27.309 27.640 27.397 26.698 26.203 25.515 24.918 23.392 22.379 20.413 19.087 18.534 18.404 17.568 17.150 16.413 15.722 15.153 14.645 14.304 15.364 16.574 17.618 18.058 18.173 17.568 16.305 14.670 12.530 10.399 8.037 5.255 2.317 1.031 0.300 0.027 0.002 0.000 0.000 -9999.000 -9999.000 -9999.000 -9999.000 -9999.000 -9999.000 -9999.000 -9999.000 -9999.000 -9999.000 -9999.000 -9999.000 -9999.000 -9999.000 -9999.000 -9999.000 -9999.000
32.849 31.737 30.955 30.634 29.912 30.406 30.761 31.121 31.582 30.615 29.672 28.442 27.534 26.093 25.545 25.441 25.100 24.633 23.714 22.820 21.671 21.154 20.597 19.469 19.123 18.156 17.286 16.764 16.126 17.941 20.385 21.670 22.242 22.114 21.565 20.347 18.717 16.865 14.678 11.984 8.930 5.762 2.572 1.089 0.312 0.030 0.003 0.000 0.000 -9999.000 -9999.000 -9999.000 -9999.000 -9999.000 -9999.000 -9999.000 -9999.000 -9999.000 -9999.000 -9999.000 -9999.000 -9999.000 -9999.000 -9999.000 -9999.000 -9999.000
33.129 31.815 31.763 31.051 30.246 30.962 30.923 31.853 31.830 30.540 28.781 27.117 25.119 23.163 21.336 22.214 22.591 22.886 22.914 22.556 22.141 21.862 21.504 21.141 20.579 20.313 19.722 19.316 19.046 19.560 21.451 22.516 22.868 22.895 22.540 21.498 19.723 17.427 14.599 11.718 8.465 5.195 2.419 1.043 0.276 0.026 0.003 0.000 0.000 -9999.000 -9999.000 -9999.000 -9999.000 -9999.000 -9999.000 -9999.000 -9999.000 -9999.000 -9999.000 -9999.000 -9999.000 -9999.000 -9999.000 -9999.000 -9999.000 -9999.000
28.002 27.916 27.457 27.275 27.654 27.473 28.015 27.457 25.897 23.866 21.799 19.860 18.101 16.755 15.486 16.666 17.856 18.425 19.280 19.546 20.158 20.386 20.553 20.666 20.497 20.317 19.977 19.632 19.428 19.327 20.322 21.529 22.275 22.351 21.547 19.861 17.979 15.575 12.640 9.766 6.892 3.924 2.023 0.802 0.140 0.014 0.002 0.000 0.000 -9999.000 -9999.000 -9999.000 -9999.000 -9999.000 -9999.000 -9999.000 -9999.000 -9999.000 -9999.000 -9999.000 -9999.000 -9999.000 -9999.000 -9999.000 -9999.000 -9999.000
17.668 17.659 17.659 17.741 17.652 17.487 17.006 16.171 15.119 14.375 13.586 12.723 12.086 11.371 10.624 10.586 11.682 12.561 13.757 14.525 15.571 16.192 16.948 17.205 17.655 17.627 17.768 17.847 17.700 17.665 17.949 18.275 18.309 17.619 16.547 14.934 13.121 10.936 8.653 6.370 4.063 2.599 1.317 0.389 0.038 0.008 0.001 0.000 0.000 -9999.000 -9999.000 -9999.000 -9999.000 -9999.000 -9999.000 -9999.000 -9999.000 -9999.000 -9999.000 -9999.000 -9999.000 -9999.000 -9999.000 -9999.000 -9999.000 -9999.000
12.111 10.665 8.898 7.522 7.390 7.214 7.101 6.960 6.834 6.707 6.604 6.406 6.253 6.022 5.804 5.535 5.703 6.758 7.745 8.895 9.760 10.428 11.273 11.780 12.297 12.611 12.894 12.781 12.697 12.448 11.834 11.128 10.534 9.886 9.010 7.920 6.666 5.385 4.071 2.852 2.277 1.367 0.510 0.077 0.012 0.002 0.000 0.000 0.000 -9999.000 -9999.000 -9999.000 -9999.000 -9999.000 -9999.000 -9999.000 -9999.000 -9999.000 -9999.000 -9999.000 -9999.000 -9999.000 -9999.000 -9999.000 -9999.000 -9999.000
6.670 5.184 3.848 2.701 2.470 2.456 2.447 2.394 2.380 2.337 2.298 2.282 2.231 2.211 2.155 2.117 2.107 2.577 3.083 3.692 4.241 4.909 5.514 6.005 6.424 6.538 6.679 6.557 6.366 5.969 5.410 4.872 4.450 3.983 3.489 2.935 2.371 1.820 1.270 1.097 0.831 0.381 0.080 0.014 0.002 0.000 0.000 0.000 0.000 -9999.000 -9999.000 -9999.000 -9999.000 -9999.000 -9999.000 -9999.000 -9999.000 -9999.000 -9999.000 -9999.000 -9999.000 -9999.000 -9999.000 -9999.000 -9999.000 -9999.000
2.443 1.693 1.085 0.701 0.688 0.676 0.662 0.645 0.635 0.625 0.614 0.610 0.602 0.593 0.582 0.567 0.555 0.709 0.884 1.083 1.311 1.541 1.756 1.986 2.182 2.320 2.407 2.382 2.281 2.112 1.900 1.669 1.457 1.236 1.042 0.851 0.662 0.472 0.316 0.297 0.174 0.056 0.010 0.002 0.000 0.000 0.000 0.000 -9999.000 -9999.000 -9999.000 -9999.000 -9999.000 -9999.000 -9999.000 -9999.000 -9999.000 -9999.000 -9999.000 -9999.000 -9999.000 -9999.000 -9999.000 -9999.000 -9999.000 -9999.000
0.599 0.387 0.248 0.198 0.188 0.180 0.171 0.164 0.158 0.153 0.150 0.148 0.146 0.145 0.143 0.142 0.141 0.166 0.207 0.252 0.304 0.356 0.408 0.460 0.506 0.533 0.552 0.547 0.530 0.497 0.450 0.392 0.328 0.273 0.225 0.179 0.127 0.075 0.050 0.033 0.016 0.006 0.001 0.000 0.000 0.000 0.000 0.000 -9999.000 -9999.000 -9999.000 -9999.000 -9999.000 -9999.000 -9999.000 -9999.000 -9999.000 -9999.000 -9999.000 -9999.000 -9999.000 -9999.000 -9999.000 -9999.000 -9999.000 -9999.000
0.134 0.092 0.064 0.056 0.051 0.046 0.042 0.041 0.044 0.039 0.037 0.038 0.039 0.041 0.036 0.036 0.036 0.036 0.040 0.049 0.059 0.070 0.080 0.090 0.099 0.105 0.106 0.105 0.100 0.091 0.079 0.067 0.056 0.045 0.036 0.027 0.016 0.011 0.007 0.004 0.002 0.001 0.000 0.000 0.000 0.000 0.000 -9999.000 -9999.000 -9999.000 -9999.000 -9999.000 -9999.000 -9999.000 -9999.000 -9999.000 -9999.000 -9999.000 -9999.000 -9999.000 -9999.000 -9999.000 -9999.000 -9999.000 -9999.000 -9999.000
0.034 0.035 0.030 0.017 0.015 0.017 0.017 0.017 0.021 0.017 0.014 0.017 0.015 0.014 0.011 0.011 0.009 0.009 0.009 0.010 0.011 0.013 0.015 0.017 0.018 0.019 0.020 0.020 0.019 0.018 0.016 0.013 0.011 0.009 0.006 0.004 0.003 0.002 0.001 0.001 0.000 0.000 0.000 0.000 0.000 0.000 -9999.000 -9999.000 -9999.000 -9999.000 -9999.000 -9999.000 -9999.000 -9999.000 -9999.000 -9999.000 -9999.000 -9999.000 -9999.000 -9999.000 -9999.000 -9999.000 -9999.000 -9999.000 -9999.000 -9999.000
0.009 0.019 0.023 0.012 0.005 0.006 0.007 0.007 0.008 0.007 0.006 0.005 0.004 0.003 0.004 0.004 0.004 0.004 0.004 0.004 0.004 0.004 0.004 0.004 0.004 0.004 0.004 0.004 0.004 0.004 0.003 0.003 0.002 0.002 0.001 0.001 0.001 0.000 0.000 0.000 0.000 0.000 0.000 0.000 -9999.000 -9999.000 -9999.000 -9999.000 -9999.000 -9999.000 -9999.000 -9999.000 -9999.000 -9999.000 -9999.000 -9999.000 -9999.000 -9999.000 -9999.000 -9999.000 -9999.000 -9999.000 -9999.000 -9999.000 -9999.000 -9999.000
0.003 0.009 0.014 0.012 0.003 0.002 0.002 0.002 0.001 0.001 0.001 0.001 0.001 0.002 0.002 0.002 0.002 0.002 0.002 0.002 0.002 0.002 0.002 0.002 0.002 0.001 0.001 0.001 0.001 0.001 0.001 0.001 0.000 0.000 0.000 0.000 0.000 0.000 0.000 0.000 0.000 0.000 -9999.000 -9999.000 -9999.000 -9999.000 -9999.000 -9999.000 -9999.000 -9999.000 -9999.000 -9999.000 -9999.000 -9999.000 -9999.000 -9999.000 -9999.000 -9999.000 -9999.000 -9999.000 -9999.000 -9999.000 -9999.000 -9999.000 -9999.000 -9999.000
0.001 0.002 0.007 0.008 0.004 0.000 0.000 0.000 0.000 0.000 0.000 0.001 0.001 0.001 0.001 0.001 0.001 0.001 0.001 0.001 0.001 0.001 0.001 0.001 0.001 0.000 0.000 0.000 0.000 0.000 0.000 0.000 0.000 0.000 0.000 0.000 0.000 0.000 0.000 -9999.000 -9999.000 -9999.000 -9999.000 -9999.000 -9999.000 -9999.000 -9999.000 -9999.000 -9999.000 -9999.000 -9999.000 -9999.000 -9999.000 -9999.000 -9999.000 -9999.000 -9999.000 -9999.000 -9999.000 -9999.000 -9999.000 -9999.000 -9999.000 -9999.000 -9999.000 -9999.000
0.000 0.001 0.002 0.004 0.003 0.001 0.000 0.000 0.000 0.000 0.000 0.000 0.000 0.000 0.000 0.000 0.000 0.000 0.000 0.000 0.000 0.000 0.000 0.000 0.000 0.000 0.000 0.000 0.000 0.000 0.000 0.000 0.000 0.000 -9999.000 -9999.000 -9999.000 -9999.000 -9999.000 -9999.000 -9999.000 -9999.000 -9999.000 -9999.000 -9999.000 -9999.000 -9999.000 -9999.000 -9999.000 -9999.000 -9999.000 -9999.000 -9999.000 -9999.000 -9999.000 -9999.000 -9999.000 -9999.000 -9999.000 -9999.000 -9999.000 -9999.000 -9999.000 -9999.000 -9999.000 -9999.000
0.000 0.000 0.000 0.001 0.001 0.001 0.000 0.000 0.000 0.000 0.000 0.000 0.000 0.000 0.000 0.000 0.000 0.000 0.000 0.000 0.000 0.000 0.000 0.000 0.000 0.000 0.000 0.000 0.000 -9999.000 -9999.000 -9999.000 -9999.000 -9999.000 -9999.000 -9999.000 -9999.000 -9999.000 -9999.000 -9999.000 -9999.000 -9999.000 -9999.000 -9999.000 -9999.000 -9999.000 -9999.000 -9999.000 -9999.000 -9999.000 -9999.000 -9999.000 -9999.000 -9999.000 -9999.000 -9999.000 -9999.000 -9999.000 -9999.000 -9999.000 -9999.000 -9999.000 -9999.000 -9999.000 -9999.000 -9999.000
0.000 0.000 0.000 0.000 0.000 0.000 0.000 0.000 0.000 0.000 0.000 0.000 0.000 0.000 0.000 0.000 0.000 0.000 0.000 0.000 0.000 0.000 0.000 0.000 0.000 -9999.000 -9999.000 -9999.000 -9999.000 -9999.000 -9999.000 -9999.000 -9999.000 -9999.000 -9999.000 -9999.000 -9999.000 -9999.000 -9999.000 -9999.000 -9999.000 -9999.000 -9999.000 -9999.000 -9999.000 -9999.000 -9999.000 -9999.000 -9999.000 -9999.000 -9999.000 -9999.000 -9999.000 -9999.000 -9999.000 -9999.000 -9999.000 -9999.000 -9999.000 -9999.000 -9999.000 -9999.000 -9999.000 -9999.000 -9999.000 -9999.000
-9999.000 0.000 0.000 0.000 0.000 0.000 0.000 0.000 0.000 0.000 0.000 0.000 0.000 0.000 0.000 0.000 0.000 -9999.000 -9999.000 -9999.000 -9999.000 -9999.000 -9999.000 -9999.000 -9999.000 -9999.000 -9999.000 -9999.000 -9999.000 -9999.000 -9999.000 -9999.000 -9999.000 -9999.000 -9999.000 -9999.000 -9999.000 -9999.000 -9999.000 -9999.000 -9999.000 -9999.000 -9999.000 -9999.000 -9999.000 -9999.000 -9999.000 -9999.000 -9999.000 -9999.000 -9999.000 -9999.000 -9999.000 -9999.000 -9999.000 -9999.000 -9999.000 -9999.000 -9999.000 -9999.000 -9999.000 -9999.000 -9999.000 -9999.000 -9999.000 -9999.000
