AvaFrame/avaframe/data/avaBowl/Outputs/r_avaflow_sss_paramflag0/bo_results/bo_ascii/bo_(null).asc
ncols 200
nrows 200
xllcenter 997.50
yllcenter -4997.50
cellsize 25.00
NODATA_value -9999.000
[rows 87 to 115 of 200, columns 0 to 65 of 200]
-9999.000 -9999.000 -9999.000 -9999.000 -9999.000 -9999.000 -9999.000 -9999.000 -9999.000 -9999.000 0.000 0.001 0.001 0.001 0.001 0.002 0.007 0.013 0.019 0.023 0.027 0.031 0.034 0.035 0.036 0.036 0.034 0.031 0.027 0.024 0.179 0.621 0.900 1.043 1.060 0.992 0.822 0.569 0.362 0.208 0.114 0.064 0.036 0.020 0.011 0.007 0.005 0.004 0.003 0.003 0.002 0.002 0.002 0.002 0.002 0.002 0.002 0.002 0.002 0.002 0.002 0.002 0.002 0.002 0.001 0.002
-9999.000 -9999.000 -9999.000 -9999.000 -9999.000 -9999.000 -9999.000 -9999.000 -9999.000 0.000 0.000 0.001 0.001 0.001 0.004 0.026 0.070 0.110 0.139 0.159 0.172 0.181 0.187 0.192 0.192 0.183 0.162 0.134 0.109 0.254 2.328 5.153 7.128 7.524 6.566 5.729 4.741 3.689 2.490 1.521 0.793 0.384 0.192 0.098 0.052 0.027 0.014 0.011 0.009 0.007 0.007 0.006 0.006 0.005 0.005 0.005 0.005 0.005 0.005 0.004 0.004 0.004 0.004 0.004 0.004 0.004
-9999.000 -9999.000 -9999.000 -9999.000 -9999.000 -9999.000 -9999.000 -9999.000 0.000 0.000 0.001 0.001 0.001 0.006 0.142 0.494 0.743 0.905 0.972 1.016 1.036 1.054 1.067 1.099 1.137 1.017 0.840 0.652 0.505 1.908 7.120 13.183 16.234 18.147 17.859 17.689 17.514 15.710 11.721 7.167 3.917 2.044 1.069 0.525 0.249 0.123 0.061 0.033 0.028 0.023 0.019 0.017 0.015 0.014 0.013 0.013 0.012 0.012 0.011 0.011 0.011 0.011 0.010 0.010 0.010 0.010
-9999.000 -9999.000 -9999.000 -9999.000 -9999.000 -9999.000 -9999.000 -9999.000 0.000 0.001 0.001 0.001 0.004 0.097 1.265 4.098 5.721 6.440 6.560 6.581 6.487 6.311 6.144 6.285 5.976 5.299 4.081 3.278 2.549 3.797 10.127 16.464 21.848 22.758 23.473 25.669 28.772 28.893 25.347 19.408 12.778 7.261 4.088 2.294 1.125 0.574 0.274 0.129 0.104 0.088 0.075 0.063 0.054 0.047 0.042 0.038 0.035 0.032 0.031 0.030 0.029 0.028 0.027 0.027 0.025 0.024
-9999.000 -9999.000 -9999.000 -9999.000 -9999.000 -9999.000 -9999.000 -9999.000 0.000 0.001 0.001 0.002 0.011 0.255 3.207 8.035 11.909 14.443 15.206 15.153 14.755 14.759 14.691 15.953 16.733 15.805 14.150 12.185 10.245 8.161 10.715 16.719 22.177 24.350 24.896 27.998 31.155 33.685 33.637 29.826 23.926 16.852 10.766 6.731 3.863 2.028 1.089 0.535 0.424 0.372 0.322 0.276 0.235 0.205 0.179 0.159 0.142 0.128 0.115 0.106 0.097 0.090 0.084 0.080 0.082 0.101
-9999.000 -9999.000 -9999.000 -9999.000 -9999.000 -9999.000 -9999.000 -9999.000 0.000 0.001 0.001 0.003 0.014 0.278 3.574 9.821 14.560 18.025 18.993 19.786 20.047 19.942 19.797 22.826 25.989 27.274 27.568 25.860 23.816 21.294 18.906 16.587 18.515 19.706 21.120 24.478 28.356 31.770 34.544 34.433 31.261 26.265 20.184 14.273 9.551 5.738 3.240 2.304 2.078 1.872 1.667 1.457 1.264 1.084 0.969 0.864 0.762 0.661 0.593 0.530 0.466 0.423 0.378 0.339 0.367 0.471
-9999.000 -9999.000 -9999.000 -9999.000 -9999.000 -9999.000 -9999.000 -9999.000 0.000 0.001 0.001 0.003 0.015 0.278 3.606 10.067 15.595 18.767 20.858 21.681 21.926 21.951 21.668 25.759 30.785 34.279 36.522 36.737 37.782 37.298 35.842 33.801 31.232 28.522 26.429 24.642 22.703 26.214 30.428 33.680 33.740 31.275 27.386 21.635 16.626 11.964 10.025 9.264 8.461 7.752 7.031 6.321 5.715 5.152 4.585 4.182 3.775 3.369 2.976 2.630 2.401 2.172 1.928 1.666 1.955 2.532
-9999.000 -9999.000 -9999.000 -9999.000 -9999.000 -9999.000 -9999.000 -9999.000 0.000 0.001 0.001 0.003 0.015 0.277 3.598 10.073 15.783 18.877 21.387 22.190 22.709 23.250 23.131 26.700 32.781 37.962 40.679 44.748 48.824 49.890 51.115 51.311 50.142 48.292 46.540 44.494 42.179 39.979 37.855 35.366 33.102 31.512 29.729 27.935 26.554 24.982 23.299 21.641 20.086 18.598 17.175 15.914 14.721 13.618 12.817 11.881 10.815 9.743 8.753 8.062 7.563 6.965 6.302 6.612 8.289 9.494
-9999.000 -9999.000 -9999.000 -9999.000 -9999.000 -9999.000 -9999.000 -9999.000 0.000 0.001 0.001 0.003 0.014 0.277 3.588 10.044 15.775 18.839 21.434 22.236 22.902 23.687 23.802 26.938 33.439 39.592 44.958 51.738 56.891 58.550 61.166 61.693 61.141 60.896 59.618 58.254 56.614 54.976 52.765 51.081 49.544 48.027 46.237 44.632 42.679 41.040 38.679 36.400 34.354 32.265 30.265 28.568 27.109 26.021 24.620 23.129 21.492 19.715 18.231 17.027 16.043 14.990 15.089 16.761 18.725 19.312
-9999.000 -9999.000 -9999.000 -9999.000 -9999.000 -9999.000 -9999.000 -9999.000 0.000 0.001 0.001 0.003 0.013 0.277 3.581 10.023 15.751 18.777 21.317 22.152 22.765 23.422 23.409 27.027 33.603 39.439 48.073 53.494 57.499 62.197 64.156 65.095 65.426 64.169 63.482 62.969 62.238 61.157 59.728 58.274 56.935 55.532 54.163 52.782 51.368 50.007 48.353 47.062 45.408 43.721 42.134 40.577 38.870 37.168 35.266 33.301 31.246 29.063 27.916 26.590 25.450 24.297 25.805 26.876 28.509 28.797
-9999.000 -9999.000 -9999.000 -9999.000 -9999.000 -9999.000 -9999.000 -9999.000 0.000 0.000 0.001 0.003 0.011 0.277 3.575 9.990 15.627 18.639 20.969 21.728 22.100 22.309 22.640 26.688 32.404 38.539 44.948 50.226 55.166 60.629 60.980 62.028 63.004 61.878 61.634 61.620 61.514 60.935 60.077 59.220 58.231 56.976 55.912 54.633 53.675 52.354 50.889 50.041 48.694 47.310 46.054 44.728 43.307 41.844 40.625 39.358 37.901 36.567 35.129 33.713 33.137 34.131 34.029 33.868 33.537 32.734
-9999.000 -9999.000 -9999.000 -9999.000 -9999.000 -9999.000 -9999.000 -9999.000 0.000 0.000 0.001 0.002 0.011 0.277 3.539 9.769 14.855 17.929 19.750 20.274 20.384 20.543 21.290 24.566 28.328 33.045 39.647 44.404 49.481 51.255 52.181 53.732 53.110 52.805 53.148 53.742 53.804 53.530 53.242 52.753 52.127 52.207 51.754 51.523 51.316 50.421 49.379 48.606 47.519 46.552 45.943 45.761 45.063 43.951 42.725 41.542 40.286 39.693 39.761 38.838 37.988 37.192 36.557 35.850 34.623 32.920
-9999.000 -9999.000 -9999.000 -9999.000 -9999.000 -9999.000 -9999.000 -9999.000 0.000 0.000 0.001 0.002 0.010 0.256 3.205 8.200 11.933 15.050 15.901 16.277 16.364 16.429 16.961 18.665 21.364 24.993 28.431 33.297 34.928 37.908 39.159 39.475 39.885 39.834 39.721 39.435 39.200 39.003 38.990 39.090 39.098 40.162 41.414 41.767 41.824 41.462 40.799 40.881 40.767 40.565 41.388 42.692 45.632 45.704 46.595 45.525 44.021 42.911 40.807 41.118 39.465 37.592 34.998 34.704 33.670 32.837
-9999.000 -9999.000 -9999.000 -9999.000 -9999.000 -9999.000 -9999.000 -9999.000 -9999.000 0.000 0.001 0.001 0.007 0.100 1.481 3.745 6.839 7.709 8.000 8.260 8.520 8.788 9.284 10.244 12.070 14.126 16.210 18.225 20.163 21.771 23.599 24.203 24.429 25.235 25.271 24.983 24.600 24.319 24.096 23.853 23.964 24.652 25.243 25.881 26.609 27.516 30.877 38.930 48.308 52.117 53.712 52.250 51.765 50.739 49.308 45.785 44.882 43.319 40.388 36.239 35.291 35.535 35.310 34.458 33.510 33.834
-9999.000 -9999.000 -9999.000 -9999.000 -9999.000 -9999.000 -9999.000 -9999.000 -9999.000 0.000 0.000 0.001 0.003 0.016 0.160 0.608 1.230 1.768 2.244 2.661 3.013 3.286 3.563 4.007 4.713 5.796 7.019 8.263 9.198 9.999 10.967 11.469 11.823 12.316 12.499 12.489 12.336 12.174 12.061 11.983 11.930 17.689 23.759 26.161 27.798 29.596 38.689 48.227 53.867 54.531 54.053 53.659 51.915 47.359 44.733 41.800 38.181 33.869 30.231 26.810 27.813 28.710 28.547 28.917 29.183 28.722
-9999.000 -9999.000 -9999.000 -9999.000 -9999.000 -9999.000 -9999.000 -9999.000 -9999.000 0.000 0.000 0.000 0.001 0.004 0.016 0.070 0.178 0.347 0.538 0.721 0.889 1.036 1.170 1.315 1.530 1.860 2.344 2.904 3.472 3.986 4.413 4.860 5.169 5.329 5.481 5.600 5.635 5.610 5.569 5.528 10.873 17.543 23.574 26.265 29.214 35.620 43.778 47.070 52.241 50.292 49.353 44.557 41.274 37.380 33.068 28.853 24.187 20.247 16.693 15.902 16.476 16.934 17.263 17.670 17.747 17.477
-9999.000 -9999.000 -9999.000 -9999.000 -9999.000 -9999.000 -9999.000 -9999.000 -9999.000 0.000 0.000 0.000 0.000 0.001 0.004 0.012 0.032 0.069 0.119 0.176 0.236 0.292 0.345 0.397 0.458 0.544 0.664 0.837 1.050 1.276 1.509 1.734 1.919 2.076 2.210 2.294 2.349 2.375 2.371 3.533 9.985 16.619 21.975 25.773 31.808 36.318 39.638 42.500 39.881 38.597 33.766 29.954 25.946 21.641 17.531 14.111 14.182 14.449 14.747 14.779 14.453 14.407 14.096 14.025 13.657 13.007
-9999.000 -9999.000 -9999.000 -9999.000 -9999.000 -9999.000 -9999.000 -9999.000 -9999.000 -9999.000 0.000 0.000 0.000 0.000 0.001 0.003 0.007 0.015 0.028 0.044 0.062 0.080 0.098 0.116 0.136 0.159 0.187 0.225 0.277 0.342 0.417 0.500 0.585 0.662 0.733 0.794 0.837 0.870 0.884 2.243 7.575 14.257 18.850 24.570 27.435 30.711 30.854 28.339 25.071 21.373 17.502 14.395 11.391 8.787 8.596 9.392 10.082 10.652 11.117 11.350 11.256 11.245 10.772 10.291 9.309 8.089
-9999.000 -9999.000 -9999.000 -9999.000 -9999.000 -9999.000 -9999.000 -9999.000 -9999.000 -9999.000 -9999.000 0.000 0.000 0.000 0.000 0.001 0.002 0.004 0.007 0.012 0.017 0.023 0.029 0.035 0.042 0.049 0.057 0.066 0.077 0.091 0.109 0.130 0.154 0.178 0.202 0.224 0.243 0.257 0.267 0.563 4.222 10.631 15.138 20.003 20.939 19.582 16.559 13.831 11.168 8.695 6.801 5.170 3.818 4.266 4.907 5.468 5.955 6.363 6.669 6.793 6.636 6.437 5.895 5.192 4.289 3.392
-9999.000 -9999.000 -9999.000 -9999.000 -9999.000 -9999.000 -9999.000 -9999.000 -9999.000 -9999.000 -9999.000 -9999.000 0.000 0.000 0.000 0.000 0.000 0.001 0.002 0.003 0.005 0.007 0.009 0.011 0.014 0.016 0.019 0.022 0.025 0.028 0.032 0.037 0.043 0.049 0.056 0.063 0.069 0.075 0.079 0.107 2.112 5.916 10.139 10.570 9.554 7.981 6.399 5.003 3.780 2.804 2.037 1.442 1.501 1.827 2.167 2.473 2.758 2.960 3.057 3.022 2.874 2.620 2.224 1.755 1.324 0.922
-9999.000 -9999.000 -9999.000 -9999.000 -9999.000 -9999.000 -9999.000 -9999.000 -9999.000 -9999.000 -9999.000 -9999.000 -9999.000 -9999.000 0.000 0.000 0.000 0.000 0.000 0.001 0.001 0.002 0.003 0.004 0.005 0.006 0.007 0.008 0.009 0.010 0.011 0.012 0.014 0.015 0.017 0.019 0.022 0.024 0.026 0.027 0.336 2.069 3.301 2.937 2.621 2.246 1.804 1.392 0.986 0.679 0.468 0.329 0.424 0.534 0.643 0.754 0.840 0.896 0.912 0.876 0.800 0.686 0.526 0.390 0.279 0.194
-9999.000 -9999.000 -9999.000 -9999.000 -9999.000 -9999.000 -9999.000 -9999.000 -9999.000 -9999.000 -9999.000 -9999.000 -9999.000 -9999.000 -9999.000 0.000 0.000 0.000 0.000 0.000 0.000 0.000 0.001 0.001 0.001 0.001 0.002 0.002 0.003 0.003 0.004 0.004 0.005 0.006 0.006 0.007 0.008 0.008 0.009 0.010 0.037 0.213 0.475 0.582 0.590 0.504 0.395 0.296 0.216 0.157 0.113 0.081 0.093 0.115 0.138 0.159 0.174 0.182 0.182 0.170 0.150 0.125 0.102 0.081 0.061 0.045
-9999.000 -9999.000 -9999.000 -9999.000 -9999.000 -9999.000 -9999.000 -9999.000 -9999.000 -9999.000 -9999.000 -9999.000 -9999.000 -9999.000 -9999.000 -9999.000 -9999.000 0.000 0.000 0.000 0.000 0.000 0.000 0.000 0.000 0.000 0.000 0.000 0.001 0.001 0.001 0.001 0.001 0.001 0.002 0.002 0.002 0.003 0.004 0.004 0.005 0.025 0.064 0.093 0.100 0.094 0.081 0.066 0.052 0.040 0.030 0.022 0.021 0.024 0.028 0.031 0.033 0.034 0.034 0.033 0.030 0.026 0.022 0.018 0.015 0.012
-9999.000 -9999.000 -9999.000 -9999.000 -9999.000 -9999.000 -9999.000 -9999.000 -9999.000 -9999.000 -9999.000 -9999.000 -9999.000 -9999.000 -9999.000 -9999.000 -9999.000 -9999.000 -9999.000 -9999.000 -9999.000 0.000 0.000 0.000 0.000 0.000 0.000 0.000 0.000 0.000 0.000 0.000 0.000 0.000 0.000 0.000 0.001 0.001 0.001 0.001 0.001 0.004 0.009 0.015 0.019 0.019 0.018 0.016 0.013 0.011 0.009 0.007 0.006 0.006 0.007 0.007 0.007 0.007 0.007 0.007 0.007 0.006 0.006 0.005 0.004 0.003
-9999.000 -9999.000 -9999.000 -9999.000 -9999.000 -9999.000 -9999.000 -9999.000 -9999.000 -9999.000 -9999.000 -9999.000 -9999.000 -9999.000 -9999.000 -9999.000 -9999.000 -9999.000 -9999.000 -9999.000 -9999.000 -9999.000 -9999.000 -9999.000 -9999.000 -9999.000 -9999.000 0.000 0.000 0.000 0.000 0.000 0.000 0.000 0.000 0.000 0.000 0.000 0.000 0.000 0.000 0.001 0.002 0.003 0.004 0.004 0.004 0.004 0.004 0.003 0.002 0.002 0.001 0.001 0.001 0.001 0.001 0.002 0.002 0.002 0.001 0.001 0.001 0.001 0.001 0.001
-9999.000 -9999.000 -9999.000 -9999.000 -9999.000 -9999.000 -9999.000 -9999.000 -9999.000 -9999.000 -9999.000 -9999.000 -9999.000 -9999.000 -9999.000 -9999.000 -9999.000 -9999.000 -9999.000 -9999.000 -9999.000 -9999.000 -9999.000 -9999.000 -9999.000 -9999.000 -9999.000 -9999.000 -9999.000 -9999.000 -9999.000 -9999.000 -9999.000 -9999.000 -9999.000 0.000 0.000 0.000 0.000 0.000 0.000 0.000 0.000 0.000 0.001 0.001 0.001 0.001 0.001 0.001 0.001 0.000 0.000 0.000 0.000 0.000 0.000 0.000 0.000 0.000 0.000 0.000 0.000 0.000 0.000 0.000
-9999.000 -9999.000 -9999.000 -9999.000 -9999.000 -9999.000 -9999.000 -9999.000 -9999.000 -9999.000 -9999.000 -9999.000 -9999.000 -9999.000 -9999.000 -9999.000 -9999.000 -9999.000 -9999.000 -9999.000 -9999.000 -9999.000 -9999.000 -9999.000 -9999.000 -9999.000 -9999.000 -9999.000 -9999.000 -9999.000 -9999.000 -9999.000 -9999.000 -9999.000 -9999.000 -9999.000 -9999.000 -9999.000 -9999.000 -9999.000 0.000 0.000 0.000 0.000 0.000 0.000 0.000 0.000 0.000 0.000 0.000 0.000 0.000 0.000 0.000 0.000 0.000 0.000 0.000 0.000 0.000 0.000 0.000 0.000 0.000 0.000
-9999.000 -9999.000 -9999.000 -9999.000 -9999.000 -9999.000 -9999.000 -9999.000 -9999.000 -9999.000 -9999.000 -9999.000 -9999.000 -9999.000 -9999.000 -9999.000 -9999.000 -9999.000 -9999.000 -9999.000 -9999.000 -9999.000 -9999.000 -9999.000 -9999.000 -9999.000 -9999.000 -9999.000 -9999.000 -9999.000 -9999.000 -9999.000 -9999.000 -9999.000 -9999.000 -9999.000 -9999.000 -9999.000 -9999.000 -9999.000 -9999.000 -9999.000 0.000 0.000 0.000 0.000 0.000 0.000 0.000 0.000 0.000 0.000 0.000 0.000 -9999.000 -9999.000 -9999.000 -9999.000 -9999.000 -9999.000 -9999.000 -9999.000 -9999.000 -9999.000 -9999.000 -9999.000
-9999.000 -9999.000 -9999.000 -9999.000 -9999.000 -9999.000 -9999.000 -9999.000 -9999.000 -9999.000 -9999.000 -9999.000 -9999.000 -9999.000 -9999.000 -9999.000 -9999.000 -9999.000 -9999.000 -9999.000 -9999.000 -9999.000 -9999.000 -9999.000 -9999.000 -9999.000 -9999.000 -9999.000 -9999.000 -9999.000 -9999.000 -9999.000 -9999.000 -9999.000 -9999.000 -9999.000 -9999.000 -9999.000 -9999.000 -9999.000 -9999.000 -9999.000 -9999.000 -9999.000 -9999.000 -9999.000 -9999.000 -9999.000 -9999.000 -9999.000 -9999.000 -9999.000 -9999.000 -9999.000 -9999.000 -9999.000 -9999.000 -9999.000 -9999.000 -9999.000 -9999.000 -9999.000 -9999.000 -9999.000 -9999.000 -9999.000
