AvaFrame/avaframe/data/avaBowl/Outputs/r_avaflow_sss_paramflag0/bo_results/bo_ascii/bo_elev.asc
ncols 200
nrows 200
xllcenter 997.50
yllcenter -4997.50
cellsize 25.00
NODATA_value -9999.000
[rows 30 to 59 of 200, columns 0 to 66 of 200]
2500.000 2500.000 2500.000 2500.000 2500.000 2500.000 2500.000 2500.000 2500.000 2500.000 2500.000 2500.000 2500.000 2500.000 2500.000 2500.000 2500.000 2500.000 2500.000 2500.000 2500.000 2500.000 2500.000 2500.000 2500.000 2500.000 2500.000 2500.000 2364.722 2172.624 2058.638 1969.741 1894.773 1829.049 1770.068 1716.307 1666.753 1620.696 1577.612 1537.101 1498.851 1462.611 1428.179 1395.385 1364.086 1334.163 1305.513 1278.045 1251.681 1226.354 1202.002 1178.571 1156.013 1134.286 1113.349 1093.168 1073.711 1054.948 1036.853 1019.400 1002.569 986.337 970.686 955.599 941.058 927.049 913.557
2500.000 2500.000 2500.000 2500.000 2500.000 2500.000 2500.000 2500.000 2500.000 2500.000 2500.000 2500.000 2500.000 2500.000 2500.000 2500.000 2500.000 2500.000 2500.000 2500.000 2500.000 2500.000 2500.000 2500.000 2500.000 2500.000 2500.000 2379.377 2176.465 2060.057 1969.741 1893.741 1827.189 1767.504 1713.123 1663.011 1616.442 1572.881 1531.922 1493.248 1456.604 1421.784 1388.616 1356.956 1326.682 1297.690 1269.888 1243.198 1217.551 1192.885 1169.145 1146.283 1124.255 1103.021 1082.546 1062.798 1043.746 1025.365 1007.628 990.513 974.000 958.069 942.703 927.884 913.597 899.828 886.564
2500.000 2500.000 2500.000 2500.000 2500.000 2500.000 2500.000 2500.000 2500.000 2500.000 2500.000 2500.000 2500.000 2500.000 2500.000 2500.000 2500.000 2500.000 2500.000 2500.000 2500.000 2500.000 2500.000 2500.000 2500.000 2500.000 2408.896 2184.287 2064.340 1972.103 1894.773 1827.189 1766.651 1711.536 1660.774 1613.617 1569.516 1528.056 1488.911 1451.823 1416.579 1383.006 1350.957 1320.307 1290.951 1262.796 1235.761 1209.777 1184.781 1160.719 1137.539 1115.199 1093.657 1072.879 1052.830 1033.482 1014.806 996.778 979.375 962.575 946.359 930.709 915.607 901.039 886.990 873.447 860.396
2500.000 2500.000 2500.000 2500.000 2500.000 2500.000 2500.000 2500.000 2500.000 2500.000 2500.000 2500.000 2500.000 2500.000 2500.000 2500.000 2500.000 2500.000 2500.000 2500.000 2500.000 2500.000 2500.000 2500.000 2500.000 2500.000 2196.397 2071.573 1976.860 1897.879 1829.049 1767.504 1711.536 1660.030 1612.208 1567.503 1525.487 1485.825 1448.251 1412.549 1378.539 1346.072 1315.021 1285.278 1256.748 1229.351 1203.013 1177.672 1153.272 1129.763 1107.098 1085.239 1064.147 1043.789 1024.136 1005.159 986.833 969.134 952.042 935.535 919.597 904.209 889.356 875.023 861.197 847.865 835.015
2500.000 2500.000 2500.000 2500.000 2500.000 2500.000 2500.000 2500.000 2500.000 2500.000 2500.000 2500.000 2500.000 2500.000 2500.000 2500.000 2500.000 2500.000 2500.000 2500.000 2500.000 2500.000 2500.000 2500.000 2500.000 2213.338 2081.909 1984.078 1903.091 1832.786 1770.068 1713.123 1660.774 1612.208 1566.833 1524.205 1483.978 1445.877 1409.679 1375.200 1342.287 1310.809 1280.656 1251.731 1223.951 1197.243 1171.542 1146.791 1122.938 1099.938 1077.748 1056.333 1035.657 1015.690 996.404 977.773 959.773 942.382 925.579 909.348 893.669 878.527 863.907 849.795 836.179 823.046 810.385
2500.000 2500.000 2500.000 2500.000 2500.000 2500.000 2500.000 2500.000 2500.000 2500.000 2500.000 2500.000 2500.000 2500.000 2500.000 2500.000 2500.000 2500.000 2500.000 2500.000 2500.000 2500.000 2500.000 2500.000 2236.040 2095.587 1993.863 1910.466 1838.430 1774.362 1716.307 1663.011 1613.617 1567.503 1524.205 1483.363 1444.692 1407.961 1372.980 1339.591 1307.660 1277.073 1247.732 1219.551 1192.455 1166.377 1141.260 1117.050 1093.702 1071.172 1049.422 1028.419 1008.130 988.527 969.583 951.275 933.579 916.475 899.945 883.971 868.536 853.625 839.225 825.321 811.902 798.956 786.473
2500.000 2500.000 2500.000 2500.000 2500.000 2500.000 2500.000 2500.000 2500.000 2500.000 2500.000 2500.000 2500.000 2500.000 2500.000 2500.000 2500.000 2500.000 2500.000 2500.000 2500.000 2500.000 2500.000 2266.173 2112.960 2006.365 1920.086 1846.031 1780.417 1721.107 1666.753 1616.442 1569.516 1525.487 1483.978 1444.692 1407.388 1371.871 1337.976 1305.565 1274.521 1244.741 1216.139 1188.636 1162.166 1136.668 1112.088 1088.379 1065.497 1043.403 1022.062 1001.442 981.514 962.250 943.626 925.619 908.209 891.375 875.100 859.367 844.162 829.469 815.274 801.567 788.334 775.565 763.250
2500.000 2500.000 2500.000 2500.000 2500.000 2500.000 2500.000 2500.000 2500.000 2500.000 2500.000 2500.000 2500.000 2500.000 2500.000 2500.000 2500.000 2500.000 2500.000 2500.000 2500.000 2500.000 2307.192 2134.555 2021.800 1932.065 1855.659 1788.277 1727.553 1672.021 1620.696 1572.881 1528.056 1485.825 1445.877 1407.961 1371.871 1337.438 1304.519 1272.991 1242.751 1213.707 1185.780 1158.900 1133.005 1108.041 1083.958 1060.712 1038.263 1016.575 995.615 975.352 955.761 936.814 918.490 900.766 883.623 867.043 851.008 835.503 820.513 806.025 792.026 778.504 765.447 752.845 740.689
2500.000 2500.000 2500.000 2500.000 2500.000 2500.000 2500.000 2500.000 2500.000 2500.000 2500.000 2500.000 2500.000 2500.000 2500.000 2500.000 2500.000 2500.000 2500.000 2500.000 2500.000 2368.947 2161.178 2040.462 1946.556 1867.406 1798.003 1735.687 1678.842 1626.401 1577.612 1531.922 1488.911 1448.251 1409.679 1372.980 1337.976 1304.519 1272.482 1241.757 1212.250 1183.879 1156.572 1130.265 1104.901 1080.431 1056.809 1033.994 1011.948 990.638 970.033 950.105 930.828 912.179 894.136 876.678 859.787 843.445 827.636 812.346 797.561 783.266 769.451 756.104 743.213 730.770 718.764
2500.000 2500.000 2500.000 2500.000 2500.000 2500.000 2500.000 2500.000 2500.000 2500.000 2500.000 2500.000 2500.000 2500.000 2500.000 2500.000 2500.000 2500.000 2500.000 2500.000 2500.000 2194.141 2062.764 1963.763 1881.393 1809.674 1745.563 1687.258 1633.585 1583.730 1537.101 1493.248 1451.823 1412.549 1375.200 1339.591 1305.565 1272.991 1241.757 1211.765 1182.929 1155.177 1128.441 1102.663 1077.792 1053.781 1030.587 1008.172 986.502 965.546 945.273 925.659 906.678 888.308 870.529 853.322 836.667 820.551 804.956 789.868 775.275 761.164 747.523 734.341 721.609 709.316 697.453
2500.000 2500.000 2500.000 2500.000 2500.000 2500.000 2500.000 2500.000 2500.000 2500.000 2500.000 2500.000 2500.000 2500.000 2500.000 2500.000 2500.000 2500.000 2500.000 2500.000 2235.803 2089.299 1983.957 1897.775 1823.391 1757.252 1697.317 1642.285 1591.265 1543.614 1498.851 1456.604 1416.579 1378.539 1342.287 1307.660 1274.521 1242.751 1212.250 1182.929 1154.712 1127.530 1101.322 1076.036 1051.622 1028.037 1005.242 983.202 961.884 941.259 921.298 901.978 883.275 865.168 847.638 830.666 814.236 798.332 782.939 768.043 753.632 739.695 726.219 713.194 700.611 688.461 676.734
2500.000 2500.000 2500.000 2500.000 2500.000 2500.000 2500.000 2500.000 2500.000 2500.000 2500.000 2500.000 2500.000 2500.000 2500.000 2500.000 2500.000 2500.000 2500.000 2291.314 2120.955 2007.506 1916.755 1839.281 1770.839 1709.083 1652.548 1600.250 1551.488 1505.741 1462.611 1421.784 1383.006 1346.072 1310.809 1277.073 1244.741 1213.707 1183.879 1155.177 1127.530 1100.875 1075.158 1050.328 1026.340 1003.153 980.732 959.042 938.054 917.739 898.071 879.028 860.587 842.728 825.433 808.684 792.465 776.762 761.560 746.846 732.608 718.835 705.515 692.640 680.199 668.184 656.586
2500.000 2500.000 2500.000 2500.000 2500.000 2500.000 2500.000 2500.000 2500.000 2500.000 2500.000 2500.000 2500.000 2500.000 2500.000 2500.000 2500.000 2500.000 2378.345 2159.156 2034.919 1938.595 1857.505 1786.435 1722.633 1664.431 1610.731 1560.758 1513.947 1469.866 1428.179 1388.616 1350.957 1315.021 1280.656 1247.732 1216.139 1185.780 1156.572 1128.441 1101.322 1075.158 1049.897 1025.492 1001.901 979.087 957.016 935.655 914.976 894.953 875.562 856.779 838.585 820.960 803.887 787.349 771.330 755.817 740.796 726.254 712.180 698.563 685.393 672.659 660.353 648.467 636.992
2500.000 2500.000 2500.000 2500.000 2500.000 2500.000 2500.000 2500.000 2500.000 2500.000 2500.000 2500.000 2500.000 2500.000 2500.000 2500.000 2500.000 2500.000 2206.444 2066.930 1963.647 1878.269 1804.173 1738.062 1678.005 1622.760 1571.466 1523.501 1478.396 1435.787 1395.385 1356.956 1320.307 1285.278 1251.731 1219.551 1188.636 1158.900 1130.265 1102.663 1076.036 1050.328 1025.492 1001.484 978.266 955.801 934.058 913.006 892.619 872.871 853.739 835.203 817.242 799.838 782.975 766.636 750.807 735.475 720.625 706.247 692.329 678.860 665.831 653.233 641.055 629.292 617.933
2500.000 2500.000 2500.000 2500.000 2500.000 2500.000 2500.000 2500.000 2500.000 2500.000 2500.000 2500.000 2500.000 2500.000 2500.000 2500.000 2500.000 2268.321 2104.652 1992.383 1901.836 1824.223 1755.487 1693.356 1636.403 1583.662 1534.443 1488.232 1444.633 1403.335 1364.086 1326.682 1290.951 1256.748 1223.951 1192.455 1162.166 1133.005 1104.901 1077.792 1051.622 1026.340 1001.901 978.266 955.396 933.260 911.825 891.064 870.951 851.463 832.577 814.273 796.533 779.339 762.674 746.525 730.876 715.714 701.028 686.805 673.035 659.708 646.814 634.343 622.289 610.642 599.395
2500.000 2500.000 2500.000 2500.000 2500.000 2500.000 2500.000 2500.000 2500.000 2500.000 2500.000 2500.000 2500.000 2500.000 2500.000 2500.000 2363.344 2149.928 2025.474 1928.554 1846.796 1775.052 1710.586 1651.737 1597.406 1546.821 1499.413 1454.749 1412.491 1372.370 1334.163 1297.690 1262.796 1229.351 1197.243 1166.377 1136.668 1108.041 1080.431 1053.781 1028.037 1003.153 979.087 955.801 933.260 911.431 890.287 869.801 849.947 830.704 812.050 793.967 776.435 759.440 742.964 726.994 711.516 696.517 681.986 667.911 654.282 641.089 628.323 615.975 604.037 592.502 581.361
2500.000 2500.000 2500.000 2500.000 2500.000 2500.000 2500.000 2500.000 2500.000 2500.000 2500.000 2500.000 2500.000 2500.000 2500.000 2500.000 2206.231 2063.909 1958.890 1872.166 1796.935 1729.821 1668.856 1612.771 1560.692 1511.984 1466.172 1422.886 1381.832 1342.773 1305.513 1269.888 1235.761 1203.013 1171.542 1141.260 1112.088 1083.958 1056.809 1030.587 1005.242 980.732 957.016 934.058 911.825 890.287 869.417 849.190 829.581 810.570 792.136 774.261 756.928 740.121 723.824 708.025 692.709 677.865 663.482 649.547 636.053 622.988 610.344 598.113 586.286 574.857 563.818
2500.000 2500.000 2500.000 2500.000 2500.000 2500.000 2500.000 2500.000 2500.000 2500.000 2500.000 2500.000 2500.000 2500.000 2500.000 2281.940 2109.263 1993.492 1900.688 1821.362 1751.218 1687.873 1629.842 1576.122 1526.000 1478.947 1434.554 1392.503 1352.535 1314.441 1278.045 1243.198 1209.777 1177.672 1146.791 1117.050 1088.379 1060.712 1033.994 1008.172 983.202 959.042 935.655 913.006 891.064 869.801 849.190 829.207 809.830 791.038 772.813 755.136 737.991 721.363 705.237 689.599 674.438 659.742 645.499 631.699 618.332 605.389 592.862 580.742 569.022 557.695 546.753
2500.000 2500.000 2500.000 2500.000 2500.000 2500.000 2500.000 2500.000 2500.000 2500.000 2500.000 2500.000 2500.000 2500.000 2420.627 2164.329 2033.310 1932.836 1848.617 1774.966 1708.925 1648.722 1593.192 1541.525 1493.124 1447.539 1404.418 1363.481 1324.500 1287.286 1251.681 1217.551 1184.781 1153.272 1122.938 1093.702 1065.497 1038.263 1011.948 986.502 961.884 938.054 914.976 892.619 870.951 849.947 829.581 809.830 790.673 772.089 754.062 736.573 719.607 703.149 687.185 671.702 656.688 642.132 628.022 614.350 601.106 588.280 575.864 563.850 552.232 541.002 530.152
2500.000 2500.000 2500.000 2500.000 2500.000 2500.000 2500.000 2500.000 2500.000 2500.000 2500.000 2500.000 2500.000 2500.000 2235.094 2079.822 1969.269 1879.073 1801.305 1732.178 1669.533 1611.997 1558.631 1508.763 1461.889 1417.618 1375.645 1335.719 1297.638 1261.230 1226.354 1192.885 1160.719 1129.763 1099.938 1071.172 1043.403 1016.575 990.638 965.546 941.259 917.739 894.953 872.871 851.463 830.704 810.570 791.038 772.089 753.704 735.864 718.554 701.758 685.461 669.652 654.316 639.442 625.020 611.039 597.489 584.360 571.646 559.336 547.425 535.904 524.766 514.005
2500.000 2500.000 2500.000 2500.000 2500.000 2500.000 2500.000 2500.000 2500.000 2500.000 2500.000 2500.000 2500.000 2341.334 2135.583 2010.945 1913.229 1830.541 1757.841 1692.427 1632.648 1577.409 1525.936 1477.662 1432.152 1389.066 1348.132 1309.128 1271.871 1236.206 1202.002 1169.145 1137.539 1107.098 1077.748 1049.422 1022.062 995.615 970.033 945.273 921.298 898.071 875.562 853.739 832.577 812.050 792.136 772.813 754.062 735.864 718.203 701.063 684.428 668.286 652.623 637.428 622.688 608.394 594.534 581.101 568.084 555.476 543.268 531.454 520.025 508.976 498.301
2500.000 2500.000 2500.000 2500.000 2500.000 2500.000 2500.000 2500.000 2500.000 2500.000 2500.000 2500.000 2500.000 2205.806 2059.347 1951.776 1863.074 1786.172 1717.584 1655.281 1597.961 1544.725 1494.925 1448.073 1403.791 1361.778 1321.792 1283.632 1247.133 1212.153 1178.571 1146.283 1115.199 1085.239 1056.333 1028.419 1001.442 975.352 950.105 925.659 901.978 879.028 856.779 835.203 814.273 793.967 774.261 755.136 736.573 718.554 701.063 684.084 667.604 651.609 636.086 621.024 606.412 592.240 578.497 565.174 552.264 539.758 527.647 515.926 504.587 493.623 483.028
2500.000 2500.000 2500.000 2500.000 2500.000 2500.000 2500.000 2500.000 2500.000 2500.000 2500.000 2500.000 2305.578 2117.018 1995.718 1899.438 1817.505 1745.232 1680.061 1620.412 1565.227 1513.757 1465.447 1419.873 1376.701 1335.665 1296.547 1259.164 1223.364 1189.018 1156.013 1124.255 1093.657 1064.147 1035.657 1008.130 981.514 955.761 930.828 906.678 883.275 860.587 838.585 817.242 796.533 776.435 756.928 737.991 719.607 701.758 684.428 667.604 651.271 635.416 620.027 605.092 590.602 576.546 562.915 549.699 536.890 524.481 512.464 500.831 489.577 478.695 468.178
2500.000 2500.000 2500.000 2500.000 2500.000 2500.000 2500.000 2500.000 2500.000 2500.000 2500.000 2500.000 2189.074 2046.624 1940.380 1852.273 1775.656 1707.189 1644.912 1587.558 1534.249 1484.348 1437.374 1392.954 1350.794 1310.651 1272.329 1235.662 1200.510 1166.752 1134.286 1103.021 1072.879 1043.789 1015.690 988.527 962.250 936.814 912.179 888.308 865.168 842.728 820.960 799.838 779.339 759.440 740.121 721.363 703.149 685.461 668.286 651.609 635.416 619.694 604.433 589.620 575.247 561.302 547.777 534.663 521.952 509.636 497.708 486.160 474.988 464.183 453.741
2500.000 2500.000 2500.000 2500.000 2500.000 2500.000 2500.000 2500.000 2500.000 2500.000 2500.000 2289.822 2107.190 1986.994 1891.067 1809.221 1736.914 1671.643 1611.856 1556.509 1504.862 1456.365 1410.596 1367.227 1325.990 1286.668 1249.080 1213.075 1178.524 1145.314 1113.349 1082.546 1052.830 1024.136 996.404 969.583 943.626 918.490 894.136 870.529 847.638 825.433 803.887 782.975 762.674 742.964 723.824 705.237 687.185 669.652 652.623 636.086 620.027 604.433 589.293 574.597 560.335 546.497 533.073 520.057 507.439 495.212 483.369 471.904 460.809 450.079 439.709
2500.000 2500.000 2500.000 2500.000 2500.000 2500.000 2500.000 2500.000 2500.000 2500.000 2500.000 2182.904 2041.007 1934.712 1846.414 1769.555 1700.829 1638.287 1580.666 1527.092 1476.929 1429.696 1385.022 1342.611 1302.221 1263.655 1226.746 1191.356 1157.363 1124.664 1093.168 1062.798 1033.482 1005.159 977.773 951.275 925.619 900.766 876.678 853.322 830.666 808.684 787.349 766.636 746.525 726.994 708.025 689.599 671.702 654.316 637.428 621.024 605.092 589.620 574.597 560.013 545.857 532.120 518.795 505.871 493.342 481.201 469.440 458.052 447.033 436.375 426.073
2500.000 2500.000 2500.000 2500.000 2500.000 2500.000 2500.000 2500.000 2500.000 2500.000 2289.524 2105.443 1984.442 1887.893 1805.522 1732.748 1667.053 1606.873 1551.159 1499.163 1450.333 1404.247 1360.570 1319.036 1279.426 1241.558 1205.280 1170.461 1136.989 1104.767 1073.711 1043.746 1014.806 986.833 959.773 933.579 908.209 883.623 859.787 836.667 814.236 792.465 771.330 750.807 730.876 711.516 692.709 674.438 656.688 639.442 622.688 606.412 590.602 575.247 560.335 545.857 531.803 518.164 504.931 492.097 479.654 467.594 455.911 444.599 433.651 423.061 412.825
2500.000 2500.000 2500.000 2500.000 2500.000 2500.000 2500.000 2500.000 2500.000 2500.000 2186.671 2042.234 1934.602 1845.363 1767.760 1698.408 1635.318 1577.205 1523.181 1472.600 1424.977 1379.933 1337.169 1296.443 1257.553 1220.332 1184.639 1150.352 1117.367 1085.592 1054.948 1025.365 996.778 969.134 942.382 916.475 891.375 867.043 843.445 820.551 798.332 776.762 755.817 735.475 715.714 696.517 677.865 659.742 642.132 625.020 608.394 592.240 576.546 561.302 546.497 532.120 518.164 504.618 491.474 478.726 466.364 454.383 442.775 431.534 420.655 410.132 399.958
2500.000 2500.000 2500.000 2500.000 2500.000 2500.000 2500.000 2500.000 2500.000 2304.616 2111.670 1987.970 1889.836 1806.332 1732.667 1666.228 1605.405 1549.119 1496.606 1447.301 1400.773 1356.682 1314.757 1274.776 1236.552 1199.933 1164.785 1130.995 1098.465 1067.110 1036.853 1007.628 979.375 952.042 925.579 899.945 875.100 851.008 827.636 804.956 782.939 761.560 740.796 720.625 701.028 681.986 663.482 645.499 628.022 611.039 594.534 578.497 562.915 547.777 533.073 518.795 504.931 491.474 478.416 465.750 453.466 441.560 430.024 418.852 408.039 397.579 387.466
2500.000 2500.000 2500.000 2500.000 2500.000 2500.000 2500.000 2500.000 2500.000 2200.751 2050.361 1940.045 1849.097 1770.240 1699.891 1635.969 1577.138 1522.478 1471.324 1423.176 1377.648 1334.432 1293.279 1253.986 1216.382 1180.322 1145.683 1112.358 1080.255 1049.293 1019.400 990.513 962.575 935.535 909.348 883.971 859.367 835.503 812.346 789.868 768.043 746.846 726.254 706.247 686.805 667.911 649.547 631.699 614.350 597.489 581.101 565.174 549.699 534.663 520.057 505.871 492.097 478.726 465.750 453.161 440.953 429.119 417.652 406.546 395.796 385.396 375.341
