AvaFrame/avaframe/data/avaBowl/Outputs/r_avaflow_sss_paramflag0/bo_results/bo_ascii/bo_elev.asc
ncols 200
nrows 200
xllcenter 997.50
yllcenter -4997.50
cellsize 25.00
NODATA_value -9999.000
[rows 90 to 119 of 200, columns 0 to 66 of 200]
2500.000 2159.156 2011.328 1899.854 1806.963 1725.936 1653.360 1587.216 1526.193 1469.381 1416.118 1365.903 1318.349 1273.144 1230.039 1188.827 1149.333 1111.413 1074.939 1039.803 1005.912 973.181 941.539 910.920 881.266 852.525 824.649 797.597 771.330 745.812 721.012 696.898 673.446 650.628 628.423 606.808 585.764 565.271 545.313 525.874 506.937 488.489 470.517 453.008 435.951 419.333 403.145 387.377 372.020 357.064 342.501 328.324 314.525 301.097 288.033 275.326 262.971 250.961 239.292 227.958 216.954 206.275 195.917 185.875 176.145 166.724 157.608
2439.378 2142.859 1999.825 1890.451 1798.805 1718.623 1646.668 1581.006 1520.370 1463.877 1410.883 1360.900 1313.545 1268.517 1225.569 1184.496 1145.129 1107.323 1070.953 1035.913 1002.110 969.461 937.894 907.345 877.756 849.076 821.258 794.260 768.043 742.573 717.817 693.747 670.335 647.556 625.387 603.806 582.795 562.334 542.406 522.995 504.085 485.664 467.717 450.232 433.197 416.601 400.435 384.687 369.349 354.411 339.867 325.707 311.924 298.512 285.463 272.771 260.430 248.434 236.778 225.456 214.464 203.797 193.450 183.418 173.699 164.288 155.181
2382.527 2128.954 1989.804 1882.202 1791.622 1712.171 1640.756 1575.514 1515.216 1459.003 1406.245 1356.464 1309.286 1264.413 1221.603 1180.654 1141.398 1103.692 1067.415 1032.460 998.734 966.157 934.657 904.169 874.638 846.012 818.245 791.294 765.122 739.695 714.979 690.946 667.570 644.825 622.688 601.138 580.156 559.723 539.821 520.436 501.551 483.152 465.227 447.763 430.749 414.173 398.025 382.295 366.974 352.053 337.525 323.380 309.612 296.214 283.178 270.499 258.170 246.187 234.542 223.231 212.250 201.593 191.256 181.234 171.524 162.122 153.023
2349.418 2117.181 1981.179 1875.060 1785.385 1706.558 1635.607 1570.726 1510.720 1454.749 1402.195 1352.590 1305.565 1260.827 1218.136 1177.294 1138.135 1100.518 1064.321 1029.439 995.781 963.266 931.824 901.391 871.911 843.332 815.608 788.699 762.567 737.176 712.495 688.495 665.150 642.434 620.326 598.803 577.846 557.437 537.559 518.195 499.331 480.953 463.048 445.602 428.606 412.046 395.915 380.200 364.895 349.988 335.473 321.342 307.587 294.201 281.177 268.509 256.192 244.219 232.584 221.283 210.311 199.663 189.335 179.321 169.619 160.224 151.133
2325.931 2107.349 1973.882 1868.989 1780.069 1701.768 1631.208 1566.632 1506.874 1451.108 1398.728 1349.272 1302.377 1257.754 1215.165 1174.415 1135.339 1097.796 1061.668 1026.849 993.249 960.788 929.395 899.008 869.571 841.032 813.346 786.473 760.374 735.014 710.363 686.392 663.073 640.383 618.299 596.799 575.864 555.476 535.617 516.272 497.427 479.066 461.177 443.747 426.766 410.221 394.104 378.403 363.110 348.216 333.713 319.593 305.849 292.473 279.460 266.802 254.493 242.529 230.903 219.611 208.647 198.006 187.685 177.679 167.984 158.596 149.511
2308.493 2099.313 1967.858 1863.958 1775.656 1697.784 1627.547 1563.224 1503.669 1448.073 1395.837 1346.505 1299.719 1255.191 1212.687 1172.013 1133.005 1095.525 1059.453 1024.687 991.135 958.718 927.367 897.018 867.617 839.112 811.458 784.614 758.542 733.209 708.583 684.635 661.339 638.670 616.605 595.125 574.208 553.837 533.995 514.666 495.836 477.489 459.614 442.198 425.229 408.697 392.590 376.901 361.619 346.735 332.242 318.132 304.396 291.030 278.025 265.375 253.074 241.118 229.499 218.213 207.256 196.622 186.307 176.307 166.617 157.235 148.155
2295.550 2092.968 1963.064 1859.941 1772.126 1694.596 1624.614 1560.492 1501.101 1445.640 1393.519 1344.286 1297.586 1253.134 1210.698 1170.085 1131.132 1093.702 1057.676 1022.951 989.437 957.056 925.738 895.421 866.048 837.570 809.941 783.121 757.071 731.759 707.153 683.224 659.946 637.294 615.245 593.780 572.878 552.521 532.692 513.376 494.557 476.223 458.358 440.953 423.994 407.472 391.375 375.694 360.421 345.545 331.060 316.957 303.230 289.870 276.872 264.228 251.934 239.983 228.371 217.091 206.139 195.510 185.200 175.204 165.519 156.141 147.066
2286.283 2088.236 1959.468 1856.922 1769.469 1692.194 1622.404 1558.432 1499.163 1443.804 1391.769 1342.611 1295.975 1251.581 1209.196 1168.629 1129.717 1092.325 1056.333 1021.639 988.155 955.801 924.508 894.214 864.862 836.404 808.795 781.992 755.960 730.664 706.073 682.158 658.893 636.254 614.218 592.764 571.873 551.526 531.708 512.401 493.592 475.265 457.410 440.012 423.061 406.546 390.456 374.782 359.515 344.646 330.167 316.070 302.348 288.993 276.000 263.362 251.072 239.126 227.518 216.242 205.294 194.669 184.363 174.371 164.690 155.315 146.242
2280.227 2085.060 1957.045 1854.884 1767.675 1690.571 1620.910 1557.039 1497.852 1442.562 1390.586 1341.477 1294.886 1250.530 1208.180 1167.643 1128.760 1091.393 1055.424 1020.752 987.287 954.951 923.675 893.396 864.060 835.616 808.019 781.229 755.208 729.922 705.341 681.436 658.180 635.550 613.522 592.076 571.192 550.853 531.041 511.741 492.937 474.617 456.767 439.375 422.429 405.919 389.834 374.165 358.902 344.037 329.562 315.469 301.751 288.400 275.410 262.775 250.489 238.546 226.940 215.667 204.722 194.100 183.796 173.807 164.128 154.755 145.685
2277.121 2083.407 1955.780 1853.819 1766.737 1689.722 1620.128 1556.310 1497.167 1441.912 1389.966 1340.884 1294.316 1249.980 1207.647 1167.127 1128.258 1090.905 1054.948 1020.287 986.833 954.507 923.239 892.969 863.640 835.203 807.613 780.829 754.814 729.534 704.958 681.058 657.807 635.181 613.157 591.715 570.836 550.500 530.692 511.395 492.595 474.278 456.431 439.041 422.098 405.591 389.508 373.841 358.581 343.718 329.246 315.154 301.438 288.089 275.101 262.468 250.183 238.242 226.638 215.367 204.423 193.802 183.499 173.511 163.833 154.462 145.393
2276.841 2083.257 1955.666 1853.722 1766.651 1689.645 1620.057 1556.244 1497.104 1441.853 1389.910 1340.830 1294.264 1249.930 1207.599 1167.080 1128.213 1090.860 1054.905 1020.245 986.792 954.466 923.199 892.930 863.602 835.165 807.576 780.792 754.778 729.499 704.923 681.024 657.773 635.147 613.124 591.683 570.803 550.468 530.660 511.364 492.564 474.247 456.400 439.011 422.068 405.561 389.479 373.812 358.552 343.689 329.217 315.126 301.410 288.061 275.073 262.440 250.156 238.214 226.610 215.339 204.396 193.775 183.472 173.484 163.807 154.435 145.366
2279.376 2084.609 1956.700 1854.593 1767.419 1690.340 1620.696 1556.840 1497.665 1442.385 1390.417 1341.315 1294.730 1250.380 1208.034 1167.502 1128.623 1091.259 1055.294 1020.625 987.163 954.830 923.556 893.280 863.945 835.503 807.908 781.120 755.100 729.816 705.237 681.333 658.078 635.449 613.422 591.977 571.095 550.757 530.946 511.646 492.844 474.525 456.676 439.284 422.339 405.830 389.745 374.077 358.815 343.950 329.476 315.383 301.665 288.315 275.326 262.691 250.406 238.463 226.858 215.585 204.641 194.019 183.715 173.726 164.047 154.675 145.605
2284.826 2087.477 1958.890 1856.436 1769.042 1691.808 1622.048 1558.100 1498.851 1443.508 1391.487 1342.341 1295.716 1251.331 1208.954 1168.394 1129.489 1092.103 1056.116 1021.428 987.948 955.599 924.310 894.019 864.671 836.217 808.610 781.811 755.781 730.487 705.899 681.986 658.723 636.086 614.052 592.600 571.711 551.366 531.549 512.244 493.436 475.111 457.257 439.860 422.911 406.397 390.308 374.635 359.369 344.501 330.023 315.927 302.206 288.852 275.860 263.222 250.934 238.988 227.380 216.105 205.158 194.534 184.228 174.237 164.556 155.181 146.110
2293.421 2091.895 1962.250 1859.258 1771.526 1694.053 1624.115 1560.027 1500.663 1445.225 1393.124 1343.907 1297.222 1252.783 1210.359 1169.756 1130.812 1093.391 1057.372 1022.654 989.148 956.773 925.460 895.148 865.780 837.306 809.682 782.866 756.820 731.512 706.909 682.983 659.708 637.059 615.013 593.550 572.651 552.296 532.470 513.156 494.339 476.006 458.144 440.740 423.783 407.263 391.167 375.488 360.216 345.342 330.858 316.757 303.030 289.672 276.675 264.033 251.740 239.790 228.178 216.899 205.948 195.320 185.011 175.016 165.332 155.954 146.880
2305.578 2097.912 1966.802 1863.074 1774.879 1697.083 1626.902 1562.623 1503.105 1447.539 1395.328 1346.018 1299.250 1254.739 1212.250 1171.589 1132.594 1095.125 1059.063 1024.305 990.762 958.353 927.009 896.668 867.272 838.773 811.125 784.286 758.219 732.891 708.269 684.325 661.033 638.368 616.307 594.829 573.916 553.548 533.709 514.383 495.555 477.211 459.338 441.924 424.958 408.428 392.324 376.636 361.356 346.474 331.982 317.874 304.140 290.775 277.771 265.123 252.824 240.869 229.251 217.967 207.011 196.378 186.064 176.065 166.376 156.994 147.916
2322.025 2105.602 1972.577 1867.900 1779.115 1700.907 1630.417 1565.896 1506.182 1450.453 1398.104 1348.675 1301.803 1257.201 1214.630 1173.897 1134.835 1097.306 1061.190 1026.382 992.792 960.341 928.957 898.579 869.149 840.618 812.939 786.072 759.978 734.625 709.979 686.013 662.699 640.013 617.933 596.438 575.507 555.122 535.267 515.926 497.083 478.726 460.840 443.413 426.434 409.892 393.777 378.079 362.788 347.896 333.396 319.278 305.535 292.162 279.150 266.494 254.187 242.225 230.600 219.309 208.347 197.708 187.388 177.383 167.689 158.302 149.218
2344.115 2115.065 1979.615 1873.761 1784.249 1705.535 1634.668 1569.852 1509.899 1453.972 1401.456 1351.882 1304.885 1260.171 1217.502 1176.680 1137.539 1099.938 1063.755 1028.886 995.241 962.738 931.306 900.883 871.412 842.841 815.126 788.225 762.099 736.715 712.040 688.047 664.707 641.997 619.894 598.376 577.424 557.019 537.145 517.785 498.925 480.551 462.649 445.207 428.213 411.657 395.529 379.817 364.514 349.611 335.098 320.969 307.216 293.833 280.811 268.145 255.830 243.858 232.226 220.927 209.956 199.310 188.983 178.971 169.270 159.877 150.787
2374.800 2126.436 1987.970 1880.686 1790.299 1710.982 1639.666 1574.500 1514.264 1458.103 1405.388 1355.644 1308.499 1263.655 1220.869 1179.943 1140.708 1103.021 1066.761 1031.821 998.109 965.546 934.058 903.582 874.062 845.446 817.688 790.746 764.582 739.162 714.454 690.428 667.058 644.320 622.189 600.645 579.668 559.240 539.343 519.962 501.082 482.687 464.767 447.307 430.296 413.723 397.579 381.852 366.535 351.617 337.091 322.949 309.184 295.788 282.755 270.078 257.752 245.771 234.128 222.820 211.840 201.185 190.850 180.830 171.122 161.721 152.624
2423.842 2139.896 1997.705 1888.710 1797.291 1717.264 1645.424 1579.851 1519.286 1462.852 1409.908 1359.967 1312.650 1267.655 1224.735 1183.689 1144.345 1106.560 1070.210 1035.188 1001.401 968.767 937.214 906.678 877.101 848.433 820.625 793.637 767.430 741.968 717.221 693.159 669.754 646.982 624.820 603.246 582.241 561.786 541.863 522.457 503.553 485.136 467.194 449.713 432.683 416.091 399.929 384.185 368.850 353.916 339.375 325.218 311.439 298.029 284.983 272.294 259.955 247.962 236.308 224.989 213.999 203.334 192.989 182.960 173.243 163.833 154.728
2500.000 2155.689 2008.904 1897.879 1805.252 1724.403 1651.958 1585.916 1524.974 1468.230 1415.023 1364.857 1317.344 1272.177 1229.105 1187.922 1148.455 1110.558 1074.106 1038.990 1005.117 972.404 940.777 910.173 880.532 851.804 823.941 796.900 770.643 745.135 720.344 696.240 672.796 649.987 627.789 606.181 585.144 564.658 544.706 525.272 506.341 487.899 469.932 452.428 435.375 418.762 402.579 386.815 371.462 356.510 341.951 327.778 313.982 300.557 287.496 274.792 262.440 250.433 238.767 227.435 216.434 205.757 195.401 185.362 175.634 166.216 157.101
2500.000 2174.155 2021.670 1908.244 1814.216 1732.423 1659.286 1592.710 1531.341 1474.244 1420.741 1370.321 1322.588 1277.227 1233.983 1192.646 1153.040 1115.018 1078.452 1043.231 1009.262 976.460 944.751 914.070 884.358 855.562 827.636 800.537 774.225 748.665 723.824 699.674 676.185 653.334 631.097 609.451 588.378 567.857 547.873 528.408 509.447 490.977 472.982 455.452 438.374 421.738 405.531 389.745 374.371 359.398 344.820 330.628 316.814 303.372 290.294 277.575 265.207 253.186 241.505 230.160 219.145 208.456 198.088 188.037 178.298 168.868 159.744
2500.000 2195.780 2036.130 1919.871 1824.223 1741.350 1667.429 1600.250 1538.400 1480.907 1427.072 1376.368 1328.388 1282.811 1239.375 1197.867 1158.108 1119.946 1083.252 1047.915 1013.839 980.938 949.137 918.371 888.580 859.710 831.715 804.550 778.177 752.559 727.664 703.462 679.924 657.027 634.745 613.058 591.945 571.387 551.366 531.866 512.873 494.370 476.346 458.787 441.682 425.018 408.786 392.976 377.578 362.583 347.983 333.771 319.937 306.475 293.379 280.642 268.257 256.220 244.523 233.163 222.134 211.431 201.049 190.985 181.234 171.793 162.656
2500.000 2221.298 2052.451 1932.836 1835.320 1751.218 1676.410 1608.555 1546.166 1488.232 1434.026 1383.006 1334.753 1288.936 1245.289 1203.592 1163.662 1125.345 1088.511 1053.046 1018.852 985.842 953.940 923.081 893.202 864.251 836.179 808.943 782.502 756.820 731.865 707.606 684.015 661.067 638.737 617.004 595.847 575.247 555.186 535.649 516.619 498.082 480.025 462.434 445.298 428.606 412.346 396.509 381.085 366.066 351.442 337.207 323.351 309.869 296.752 283.996 271.592 259.537 247.823 236.446 225.401 214.683 204.287 194.208 184.444 174.989 165.841
2500.000 2251.907 2070.844 1947.234 1847.562 1762.064 1686.259 1617.645 1554.656 1496.232 1441.617 1390.248 1341.693 1295.612 1251.731 1209.826 1169.709 1131.223 1094.235 1058.629 1024.305 991.176 959.164 928.202 898.228 869.187 841.032 813.717 787.203 761.452 736.431 712.110 688.461 665.456 643.074 621.290 600.086 579.440 559.336 539.758 520.688 502.114 484.020 466.395 449.226 432.502 416.211 400.345 384.894 369.847 355.198 340.938 327.058 313.553 300.415 287.637 275.214 263.138 251.406 240.011 228.948 218.213 207.801 197.708 187.928 178.460 169.297
2500.000 2289.822 2091.588 1963.181 1861.016 1773.932 1697.006 1627.547 1563.891 1504.925 1449.857 1398.104 1349.218 1302.847 1258.710 1216.577 1176.255 1137.585 1100.429 1064.669 1030.204 996.945 964.813 933.739 903.660 874.523 846.277 818.877 792.282 766.456 741.364 716.976 693.263 670.198 647.758 625.920 604.664 583.969 563.818 544.195 525.082 506.467 488.334 470.671 453.466 436.708 420.385 404.487 389.005 373.930 359.252 344.965 331.060 317.530 304.368 291.567 279.122 267.026 255.273 243.858 232.777 222.024 211.594 201.484 191.689 182.205 173.028
2500.000 2340.156 2115.065 1980.818 1875.760 1786.873 1708.688 1638.287 1573.893 1514.328 1458.763 1406.588 1357.339 1310.651 1266.235 1223.854 1183.309 1144.437 1107.098 1071.172 1036.554 1003.153 970.891 939.696 909.505 880.262 851.918 824.425 797.744 771.836 746.667 722.206 698.424 675.295 652.793 630.896 609.583 588.835 568.634 548.962 529.803 511.144 492.969 475.265 458.022 441.226 424.867 408.936 393.421 378.314 363.607 349.291 335.358 321.801 308.613 295.788 283.319 271.200 259.425 247.990 236.888 226.116 215.667 205.539 195.727 186.226 177.033
2500.000 2424.667 2141.810 2000.325 1891.888 1800.947 1721.347 1649.897 1584.686 1524.462 1468.351 1415.714 1366.069 1319.036 1274.317 1231.664 1190.878 1151.788 1114.251 1078.144 1043.360 1009.807 977.404 946.078 915.765 886.409 857.959 830.367 803.592 777.596 752.344 727.805 703.949 680.749 658.180 636.220 614.847 594.042 573.786 554.062 534.854 516.146 497.926 480.179 462.894 446.059 429.662 413.693 398.144 383.003 368.264 353.916 339.954 326.368 313.153 300.301 287.807 275.663 263.865 252.407 241.284 230.490 220.022 209.874 200.043 190.525 181.315
2500.000 2500.000 2172.624 2021.931 1909.513 1816.224 1735.033 1662.414 1596.299 1535.350 1478.641 1425.500 1375.422 1328.015 1282.965 1240.020 1198.972 1159.646 1121.894 1085.592 1050.629 1016.912 984.357 952.890 922.447 892.969 864.404 836.705 809.830 783.740 758.399 733.775 709.839 686.564 663.924 641.896 620.459 599.592 579.277 559.497 540.236 521.478 503.209 485.416 468.086 451.208 434.770 418.762 403.175 387.999 373.224 358.844 344.849 331.233 317.988 305.108 292.586 280.417 268.594 257.111 245.965 235.149 224.659 214.491 204.641 195.103 185.875
2500.000 2500.000 2208.796 2045.935 1928.773 1832.786 1749.800 1675.879 1608.765 1547.018 1489.654 1435.963 1385.415 1337.599 1292.192 1248.930 1207.599 1168.018 1130.036 1093.524 1058.369 1024.475 991.756 960.138 929.554 899.945 871.258 843.445 816.462 790.271 764.834 740.121 716.100 692.744 670.027 647.927 626.421 605.488 585.111 565.271 545.953 527.140 508.819 490.977 473.599 456.676 440.194 424.145 408.517 393.302 378.491 364.075 350.047 336.398 323.121 310.211 297.660 285.463 273.613 262.105 250.934 240.094 229.582 219.392 209.520 199.962 190.714
2500.000 2500.000 2252.664 2072.741 1949.841 1850.731 1765.715 1690.340 1622.119 1559.495 1501.413 1447.123 1396.064 1347.806 1302.012 1258.408 1216.772 1176.917 1138.686 1101.948 1066.586 1032.502 999.608 967.828 937.094 907.345 878.527 850.591 823.493 797.193 771.655 746.846 722.734 699.292 676.494 654.316 632.736 611.734 591.290 571.387 552.007 533.137 514.761 496.865 479.437 462.465 445.937 429.843 414.173 398.917 384.066 369.613 355.548 341.864 328.555 315.612 303.030 290.803 278.925 267.389 256.192 245.327 234.790 224.577 214.683 205.103 195.835
