AvaFrame/avaframe/data/avaBowl/Outputs/r_avaflow_sss_paramflag0/bo_results/bo_ascii/bo_elev.asc
ncols 200
nrows 200
xllcenter 997.50
yllcenter -4997.50
cellsize 25.00
NODATA_value -9999.000
[rows 60 to 89 of 200, columns 67 to 133 of 200]
353.916 344.588 335.589 326.915 318.561 310.525 302.803 295.391 288.287 281.487 274.989 268.790 262.887 257.278 251.962 246.935 242.197 237.744 233.577 229.692 226.088 222.765 219.720 216.954 214.464 212.250 210.311 208.647 207.256 206.139 205.294 204.722 204.423 204.396 204.641 205.158 205.948 207.011 208.347 209.956 211.840 213.999 216.434 219.145 222.134 225.401 228.948 232.777 236.888 241.284 245.965 250.934 256.192 261.742 267.585 273.725 280.163 286.903 293.946 301.296 308.956 316.929 325.218 333.828 342.762 352.024 361.619
342.559 333.280 324.328 315.698 307.387 299.392 291.709 284.334 277.265 270.499 264.033 257.864 251.990 246.408 241.118 236.115 231.399 226.968 222.820 218.953 215.367 212.059 209.029 206.275 203.797 201.593 199.663 198.006 196.622 195.510 194.669 194.100 193.802 193.775 194.019 194.534 195.320 196.378 197.708 199.310 201.185 203.334 205.757 208.456 211.431 214.683 218.213 222.024 226.116 230.490 235.149 240.094 245.327 250.850 256.665 262.775 269.182 275.888 282.896 290.209 297.831 305.763 314.011 322.576 331.464 340.677 350.221
331.550 322.318 313.410 304.823 296.554 288.598 280.952 273.613 266.578 259.844 253.408 247.268 241.422 235.867 230.600 225.621 220.927 216.516 212.387 208.538 204.967 201.675 198.658 195.917 193.450 191.256 189.335 187.685 186.307 185.200 184.363 183.796 183.499 183.472 183.715 184.228 185.011 186.064 187.388 188.983 190.850 192.989 195.401 198.088 201.049 204.287 207.801 211.594 215.667 220.022 224.659 229.582 234.790 240.288 246.076 252.157 258.533 265.207 272.182 279.460 287.044 294.938 303.144 311.667 320.510 329.677 339.173
320.883 311.696 302.831 294.286 286.056 278.137 270.527 263.222 256.220 249.517 243.111 236.999 231.179 225.648 220.406 215.449 210.775 206.384 202.273 198.441 194.886 191.608 188.604 185.875 183.418 181.234 179.321 177.679 176.307 175.204 174.371 173.807 173.511 173.484 173.726 174.237 175.016 176.065 177.383 178.971 180.830 182.960 185.362 188.037 190.985 194.208 197.708 201.484 205.539 209.874 214.491 219.392 224.577 230.050 235.811 241.865 248.212 254.855 261.798 269.042 276.590 284.447 292.615 301.097 309.897 319.020 328.468
310.554 301.410 292.586 284.080 275.888 268.005 260.430 253.158 246.187 239.513 233.135 227.050 221.256 215.750 210.530 205.594 200.940 196.568 192.474 188.658 185.119 181.854 178.863 176.145 173.699 171.524 169.619 167.984 166.617 165.519 164.690 164.128 163.833 163.807 164.047 164.556 165.332 166.376 167.689 169.270 171.122 173.243 175.634 178.298 181.234 184.444 187.928 191.689 195.727 200.043 204.641 209.520 214.683 220.132 225.868 231.895 238.214 244.828 251.740 258.951 266.466 274.287 282.417 290.860 299.619 308.699 318.103
300.557 291.454 282.671 274.202 266.046 258.198 250.656 243.415 236.474 229.829 223.479 217.419 211.649 206.166 200.968 196.052 191.418 187.064 182.987 179.187 175.661 172.410 169.431 166.724 164.288 162.122 160.224 158.596 157.235 156.141 155.315 154.755 154.462 154.435 154.675 155.181 155.954 156.994 158.302 159.877 161.721 163.833 166.216 168.868 171.793 174.989 178.460 182.205 186.226 190.525 195.103 199.962 205.103 210.530 216.242 222.243 228.536 235.121 242.003 249.183 256.665 264.452 272.546 280.952 289.672 298.711 308.072
290.888 281.825 273.079 264.648 256.526 248.711 241.201 233.990 227.078 220.461 214.136 208.101 202.354 196.893 191.716 186.820 182.205 177.867 173.807 170.021 166.510 163.272 160.305 157.608 155.181 153.023 151.133 149.511 148.155 147.066 146.242 145.685 145.393 145.366 145.605 146.110 146.880 147.916 149.218 150.787 152.624 154.728 157.101 159.744 162.656 165.841 169.297 173.028 177.033 181.315 185.875 190.714 195.835 201.239 206.929 212.906 219.172 225.731 232.584 239.735 247.185 254.939 262.999 271.368 280.051 289.050 298.370
281.543 272.518 263.809 255.412 247.324 239.541 232.060 224.879 217.994 211.403 205.103 199.093 193.368 187.928 182.771 177.894 173.296 168.976 164.930 161.159 157.661 154.435 151.479 148.793 146.375 144.225 142.342 140.726 139.375 138.290 137.470 136.914 136.623 136.597 136.835 137.337 138.105 139.137 140.434 141.998 143.827 145.924 148.288 150.920 153.822 156.994 160.438 164.154 168.145 172.410 176.952 181.773 186.874 192.258 197.925 203.878 210.120 216.653 223.479 230.600 238.021 245.743 253.770 262.105 270.751 279.713 288.993
272.518 263.530 254.855 246.492 238.435 230.683 223.231 216.078 209.220 202.654 196.378 190.390 184.687 179.267 174.129 169.270 164.690 160.385 156.354 152.597 149.112 145.897 142.952 140.275 137.866 135.724 133.848 132.237 130.892 129.810 128.993 128.439 128.149 128.123 128.360 128.861 129.626 130.654 131.947 133.505 135.328 137.417 139.772 142.395 145.287 148.447 151.878 155.581 159.557 163.807 168.332 173.135 178.217 183.580 189.226 195.157 201.375 207.883 214.683 221.777 229.169 236.861 244.856 253.158 261.770 270.695 279.938
263.809 254.855 246.214 237.883 229.857 222.134 214.710 207.583 200.750 194.208 187.955 181.989 176.307 170.907 165.787 160.946 156.381 152.091 148.075 144.331 140.858 137.655 134.720 132.053 129.652 127.517 125.647 124.042 122.701 121.623 120.809 120.257 119.968 119.942 120.179 120.678 121.440 122.465 123.753 125.305 127.122 129.204 131.551 134.165 137.046 140.196 143.615 147.305 151.266 155.501 160.011 164.797 169.861 175.204 180.830 186.739 192.935 199.419 206.193 213.261 220.625 228.288 236.253 244.523 253.102 261.993 271.200
255.412 246.492 237.883 229.582 221.585 213.890 206.493 199.391 192.583 186.064 179.833 173.887 168.225 162.844 157.741 152.917 148.368 144.093 140.090 136.359 132.897 129.705 126.780 124.121 121.729 119.601 117.737 116.138 114.801 113.727 112.915 112.365 112.077 112.051 112.287 112.784 113.543 114.565 115.849 117.396 119.207 121.282 123.621 126.227 129.098 132.237 135.645 139.322 143.270 147.491 151.985 156.754 161.801 167.126 172.732 178.621 184.795 191.256 198.006 205.049 212.387 220.022 227.958 236.198 244.745 253.603 262.775
247.324 238.435 229.857 221.585 213.616 205.948 198.577 191.499 184.714 178.217 172.007 166.082 160.438 155.075 149.989 145.180 140.646 136.385 132.396 128.677 125.226 122.044 119.128 116.478 114.093 111.973 110.115 108.520 107.188 106.117 105.308 104.760 104.473 104.447 104.682 105.177 105.934 106.953 108.233 109.775 111.580 113.648 115.980 118.577 121.440 124.568 127.965 131.630 135.566 139.772 144.252 149.006 154.035 159.343 164.930 170.799 176.952 183.391 190.119 197.138 204.450 212.059 219.967 228.178 236.695 245.521 254.660
239.541 230.683 222.134 213.890 205.948 198.305 190.958 183.904 177.141 170.665 164.475 158.569 152.943 147.597 142.528 137.734 133.214 128.966 124.989 121.282 117.842 114.670 111.763 109.121 106.744 104.629 102.778 101.188 99.859 98.792 97.985 97.439 97.153 97.127 97.361 97.855 98.610 99.625 100.901 102.439 104.238 106.300 108.625 111.214 114.067 117.187 120.573 124.226 128.149 132.343 136.808 141.547 146.561 151.852 157.421 163.272 169.405 175.823 182.528 189.524 196.812 204.396 212.277 220.461 228.948 237.744 246.852
232.060 223.231 214.710 206.493 198.577 190.958 183.634 176.603 169.861 163.405 157.235 151.346 145.738 140.408 135.354 130.575 126.069 121.834 117.869 114.172 110.743 107.580 104.682 102.048 99.677 97.569 95.723 94.137 92.813 91.749 90.944 90.399 90.114 90.088 90.322 90.814 91.567 92.579 93.852 95.385 97.179 99.234 101.553 104.134 106.979 110.089 113.465 117.108 121.019 125.200 129.652 134.376 139.375 144.650 150.202 156.034 162.148 168.547 175.231 182.205 189.470 197.029 204.886 213.042 221.503 230.270 239.347
224.879 216.078 207.583 199.391 191.499 183.904 176.603 169.592 162.870 156.434 150.282 144.411 138.819 133.505 128.466 123.700 119.207 114.984 111.031 107.345 103.925 100.771 97.881 95.255 92.891 90.789 88.947 87.367 86.046 84.984 84.182 83.639 83.355 83.329 83.562 84.053 84.803 85.813 87.082 88.610 90.399 92.449 94.761 97.335 100.172 103.273 106.639 110.272 114.172 118.341 122.780 127.491 132.475 137.734 143.270 149.085 155.181 161.560 168.225 175.177 182.420 189.957 197.789 205.921 214.355 223.094 232.143
217.994 209.220 200.750 192.583 184.714 177.141 169.861 162.870 156.168 149.750 143.615 137.761 132.185 126.885 121.860 117.108 112.627 108.416 104.473 100.797 97.387 94.241 91.359 88.740 86.382 84.286 82.450 80.873 79.556 78.497 77.697 77.156 76.872 76.846 77.078 77.568 78.317 79.323 80.589 82.114 83.898 85.942 88.248 90.814 93.644 96.737 100.094 103.716 107.606 111.763 116.190 120.888 125.858 131.103 136.623 142.422 148.500 154.861 161.507 168.439 175.661 183.176 190.985 199.093 207.501 216.215 225.236
211.403 202.654 194.208 186.064 178.217 170.665 163.405 156.434 149.750 143.350 137.231 131.393 125.832 120.546 115.535 110.795 106.326 102.126 98.193 94.527 91.126 87.988 85.114 82.501 80.150 78.059 76.227 74.655 73.341 72.285 71.487 70.947 70.664 70.638 70.869 71.358 72.105 73.109 74.371 75.892 77.672 79.711 82.010 84.570 87.392 90.477 93.826 97.439 101.318 105.465 109.880 114.565 119.522 124.753 130.258 136.041 142.104 148.447 155.075 161.988 169.190 176.683 184.471 192.556 200.940 209.629 218.624
205.103 196.378 187.955 179.833 172.007 164.475 157.235 150.282 143.615 137.231 131.129 125.305 119.758 114.486 109.488 104.760 100.302 96.113 92.190 88.533 85.140 82.010 79.143 76.537 74.191 72.105 70.278 68.709 67.399 66.345 65.549 65.010 64.728 64.702 64.933 65.421 66.166 67.167 68.426 69.943 71.719 73.753 76.047 78.601 81.416 84.493 87.833 91.437 95.307 99.443 103.847 108.520 113.465 118.682 124.174 129.942 135.989 142.316 148.926 155.821 163.004 170.478 178.244 186.307 194.669 203.334 212.305
199.093 190.390 181.989 173.887 166.082 158.569 151.346 144.411 137.761 131.393 125.305 119.496 113.962 108.703 103.716 99.000 94.553 90.373 86.460 82.812 79.427 76.304 73.444 70.844 68.504 66.422 64.600 63.035 61.727 60.676 59.882 59.344 59.063 59.037 59.268 59.754 60.497 61.496 62.753 64.266 66.037 68.067 70.355 72.903 75.711 78.781 82.114 85.709 89.570 93.696 98.089 102.752 107.684 112.889 118.367 124.121 130.153 136.465 143.058 149.936 157.101 164.556 172.303 180.345 188.685 197.328 206.275
193.368 184.687 176.307 168.225 160.438 152.943 145.738 138.819 132.185 125.832 119.758 113.962 108.442 103.195 98.219 93.514 89.077 84.907 81.002 77.362 73.985 70.869 68.015 65.421 63.086 61.009 59.191 57.629 56.324 55.276 54.484 53.947 53.666 53.640 53.870 54.356 55.097 56.094 57.348 58.858 60.625 62.650 64.933 67.476 70.278 73.341 76.666 80.253 84.105 88.222 92.605 97.257 102.178 107.371 112.836 118.577 124.595 130.892 137.470 144.331 151.479 158.916 166.644 174.667 182.987 191.608 200.533
187.928 179.267 170.907 162.844 155.075 147.597 140.408 133.505 126.885 120.546 114.486 108.703 103.195 97.959 92.995 88.299 83.872 79.711 75.815 72.182 68.812 65.703 62.855 60.266 57.936 55.864 54.049 52.491 51.189 50.143 49.352 48.817 48.536 48.511 48.740 49.225 49.964 50.959 52.210 53.717 55.481 57.501 59.780 62.317 65.113 68.169 71.487 75.067 78.910 83.018 87.392 92.034 96.945 102.126 107.580 113.308 119.312 125.595 132.158 139.004 146.136 153.556 161.266 169.270 177.571 186.172 195.076
182.771 174.129 165.787 157.741 149.989 142.528 135.354 128.466 121.860 115.535 109.488 103.716 98.219 92.995 88.040 83.355 78.936 74.784 70.895 67.270 63.907 60.804 57.962 55.378 53.053 50.985 49.174 47.619 46.319 45.275 44.486 43.951 43.671 43.646 43.875 44.359 45.097 46.090 47.338 48.842 50.602 52.619 54.893 57.425 60.215 63.266 66.576 70.149 73.985 78.084 82.450 87.082 91.982 97.153 102.595 108.311 114.303 120.573 127.122 133.954 141.070 148.474 156.168 164.154 172.437 181.019 189.903
177.894 169.270 160.946 152.917 145.180 137.734 130.575 123.700 117.108 110.795 104.760 99.000 93.514 88.299 83.355 78.678 74.268 70.123 66.243 62.624 59.268 56.171 53.334 50.755 48.434 46.370 44.562 43.010 41.713 40.671 39.883 39.350 39.070 39.045 39.273 39.756 40.493 41.484 42.730 44.231 45.988 48.001 50.270 52.798 55.583 58.627 61.932 65.498 69.326 73.418 77.775 82.398 87.289 92.449 97.881 103.586 109.566 115.823 122.359 129.177 136.279 143.668 151.346 159.316 167.582 176.145 185.011
173.296 164.690 156.381 148.368 140.646 133.214 126.069 119.207 112.627 106.326 100.302 94.553 89.077 83.872 78.936 74.268 69.866 65.729 61.855 58.243 54.893 51.802 48.970 46.396 44.079 42.018 40.213 38.664 37.369 36.329 35.543 35.010 34.731 34.706 34.934 35.416 36.151 37.141 38.385 39.883 41.637 43.646 45.912 48.434 51.215 54.254 57.552 61.112 64.933 69.018 73.367 77.981 82.863 88.014 93.436 99.130 105.099 111.345 117.869 124.674 131.762 139.137 146.800 154.755 163.004 171.551 180.399
168.976 160.385 152.091 144.093 136.385 128.966 121.834 114.984 108.416 102.126 96.113 90.373 84.907 79.711 74.784 70.123 65.729 61.599 57.732 54.126 50.781 47.695 44.868 42.298 39.985 37.928 36.126 34.579 33.287 32.248 31.463 30.931 30.653 30.628 30.855 31.336 32.071 33.059 34.300 35.796 37.547 39.553 41.815 44.333 47.109 50.143 53.436 56.990 60.804 64.882 69.223 73.830 78.704 83.846 89.258 94.943 100.901 107.136 113.648 120.441 127.517 134.878 142.528 150.468 158.702 167.233 176.065
164.930 156.354 148.075 140.090 132.396 124.989 117.869 111.031 104.473 98.193 92.190 86.460 81.002 75.815 70.895 66.243 61.855 57.732 53.870 50.270 46.930 43.850 41.027 38.461 36.151 34.098 32.299 30.754 29.464 28.427 27.643 27.112 26.834 26.809 27.036 27.516 28.250 29.236 30.476 31.969 33.717 35.720 37.978 40.493 43.264 46.294 49.582 53.130 56.938 61.009 65.344 69.943 74.809 79.943 85.347 91.022 96.971 103.195 109.697 116.478 123.543 130.892 138.528 146.455 154.675 163.191 172.007
161.159 152.597 144.331 136.359 128.677 121.282 114.172 107.345 100.797 94.527 88.533 82.812 77.362 72.182 67.270 62.624 58.243 54.126 50.270 46.676 43.341 40.264 37.445 34.883 32.577 30.526 28.730 27.188 25.899 24.864 24.081 23.551 23.273 23.248 23.475 23.955 24.687 25.672 26.910 28.401 30.147 32.147 34.402 36.913 39.680 42.705 45.988 49.531 53.334 57.399 61.727 66.320 71.178 76.304 81.700 87.367 93.306 99.521 106.013 112.784 119.837 127.175 134.799 142.713 150.920 159.423 168.225
157.661 149.112 140.858 132.897 125.226 117.842 110.743 103.925 97.387 91.126 85.140 79.427 73.985 68.812 63.907 59.268 54.893 50.781 46.930 43.341 40.010 36.938 34.123 31.564 29.261 27.213 25.419 23.879 22.592 21.558 20.776 20.247 19.970 19.945 20.171 20.650 21.381 22.365 23.601 25.091 26.834 28.831 31.083 33.591 36.354 39.375 42.654 46.192 49.990 54.049 58.371 62.958 67.810 72.929 78.317 83.975 89.907 96.113 102.595 109.357 116.400 123.727 131.340 139.243 147.438 155.928 164.716
154.435 145.897 137.655 129.705 122.044 114.670 107.580 100.771 94.241 87.988 82.010 76.304 70.869 65.703 60.804 56.171 51.802 47.695 43.850 40.264 36.938 33.869 31.058 28.502 26.202 24.157 22.365 20.827 19.541 18.509 17.728 17.199 16.922 16.897 17.124 17.602 18.332 19.315 20.549 22.037 23.778 25.773 28.022 30.526 33.287 36.304 39.578 43.112 46.905 50.959 55.276 59.857 64.702 69.815 75.196 80.847 86.771 92.969 99.443 106.195 113.229 120.546 128.149 136.041 144.225 152.704 161.480
151.479 142.952 134.720 126.780 119.128 111.763 104.682 97.881 91.359 85.114 79.143 73.444 68.015 62.855 57.962 53.334 48.970 44.868 41.027 37.445 34.123 31.058 28.250 25.697 23.400 21.356 19.567 18.030 16.746 15.714 14.935 14.407 14.130 14.105 14.331 14.809 15.538 16.520 17.753 19.239 20.978 22.971 25.217 27.719 30.476 33.489 36.760 40.290 44.079 48.128 52.440 57.015 61.855 66.962 72.337 77.981 83.898 90.088 96.555 103.299 110.324 117.632 125.226 133.109 141.282 149.750 158.515
