AvaFrame/avaframe/data/avaBowl/Outputs/r_avaflow_sss_paramflag0/bo_results/bo_ascii/bo_elev.asc
ncols 200
nrows 200
xllcenter 997.50
yllcenter -4997.50
cellsize 25.00
NODATA_value -9999.000
[rows 150 to 179 of 200, columns 67 to 133 of 200]
500.456 490.448 480.798 471.503 462.557 453.955 445.694 437.768 430.175 422.911 415.971 409.354 403.056 397.073 391.405 386.046 380.997 376.253 371.814 367.677 363.841 360.304 357.064 354.120 351.471 349.116 347.054 345.284 343.805 342.617 341.719 341.111 340.793 340.764 341.025 341.575 342.415 343.545 344.965 346.677 348.681 350.977 353.567 356.452 359.632 363.110 366.886 370.963 375.341 380.024 385.012 390.308 395.915 401.834 408.069 414.622 421.497 428.696 436.223 444.082 452.276 460.809 469.686 478.911 488.489 498.426 508.725
516.430 506.341 496.615 487.247 478.231 469.563 461.238 453.253 445.602 438.283 431.293 424.627 418.282 412.256 406.546 401.149 396.063 391.286 386.815 382.649 378.786 375.224 371.961 368.997 366.329 363.958 361.882 360.099 358.610 357.414 356.510 355.898 355.577 355.548 355.810 356.364 357.210 358.348 359.778 361.502 363.519 365.832 368.440 371.344 374.547 378.049 381.852 385.958 390.367 395.083 400.107 405.442 411.089 417.051 423.332 429.934 436.859 444.112 451.696 459.614 467.871 476.470 485.416 494.713 504.367 514.383 524.766
532.851 522.679 512.873 503.428 494.339 485.602 477.211 469.163 461.453 454.077 447.033 440.316 433.923 427.851 422.098 416.661 411.538 406.725 402.221 398.025 394.133 390.545 387.259 384.273 381.587 379.198 377.107 375.312 373.812 372.607 371.697 371.080 370.757 370.728 370.992 371.550 372.402 373.548 374.988 376.724 378.756 381.085 383.712 386.638 389.864 393.391 397.222 401.358 405.800 410.550 415.612 420.986 426.675 432.683 439.011 445.663 452.642 459.951 467.594 475.574 483.896 492.564 501.582 510.955 520.688 530.787 541.257
549.731 539.471 529.581 520.057 510.892 502.082 493.623 485.509 477.736 470.302 463.201 456.431 449.988 443.869 438.071 432.592 427.429 422.580 418.042 413.813 409.892 406.277 402.966 399.958 397.252 394.846 392.739 390.930 389.420 388.206 387.288 386.667 386.342 386.312 386.579 387.141 387.999 389.153 390.604 392.353 394.400 396.747 399.393 402.341 405.591 409.145 413.005 417.171 421.647 426.434 431.534 436.950 442.684 448.738 455.116 461.821 468.855 476.223 483.927 491.972 500.363 509.102 518.195 527.647 537.463 547.649 558.210
567.081 556.730 546.753 537.145 527.901 519.015 510.484 502.301 494.464 486.967 479.808 472.982 466.487 460.319 454.474 448.951 443.747 438.860 434.286 430.024 426.073 422.429 419.093 416.061 413.334 410.909 408.786 406.964 405.442 404.219 403.294 402.668 402.341 402.311 402.579 403.145 404.010 405.173 406.635 408.398 410.461 412.825 415.492 418.462 421.738 425.319 429.209 433.409 437.920 442.745 447.885 453.344 459.124 465.227 471.657 478.416 485.509 492.937 500.706 508.819 517.281 526.095 535.267 544.802 554.704 564.981 575.636
584.915 574.468 564.399 554.704 545.377 536.413 527.806 519.552 511.646 504.085 496.865 489.981 483.431 477.211 471.318 465.750 460.503 455.575 450.964 446.667 442.684 439.011 435.648 432.592 429.843 427.399 425.259 423.422 421.888 420.655 419.724 419.093 418.762 418.732 419.003 419.573 420.445 421.617 423.091 424.867 426.947 429.330 432.018 435.012 438.314 441.924 445.846 450.079 454.627 459.491 464.674 470.179 476.006 482.161 488.645 495.461 502.614 510.107 517.943 526.127 534.663 543.556 552.810 562.431 572.424 582.795 593.550
603.246 592.698 582.534 572.748 563.334 554.287 545.601 537.272 529.296 521.667 514.383 507.439 500.831 494.557 488.614 482.997 477.706 472.736 468.086 463.753 459.737 456.033 452.642 449.561 446.789 444.325 442.167 440.316 438.769 437.526 436.587 435.951 435.618 435.587 435.860 436.435 437.314 438.496 439.982 441.773 443.869 446.272 448.982 452.001 455.330 458.971 462.925 467.194 471.780 476.686 481.913 487.464 493.342 499.550 506.091 512.967 520.183 527.742 535.649 543.907 552.521 561.495 570.836 580.547 590.635 601.106 611.965
622.089 611.436 601.171 591.290 581.785 572.651 563.883 555.476 547.425 539.726 532.375 525.367 518.700 512.370 506.373 500.706 495.368 490.355 485.664 481.294 477.242 473.507 470.086 466.979 464.183 461.698 459.522 457.655 456.094 454.841 453.894 453.253 452.917 452.886 453.161 453.741 454.627 455.819 457.318 459.124 461.238 463.661 466.395 469.440 472.797 476.470 480.458 484.764 489.391 494.339 499.613 505.213 511.144 517.407 524.007 530.946 538.228 545.857 553.837 562.173 570.868 579.928 589.359 599.165 609.352 619.927 630.896
641.459 630.695 620.326 610.344 600.744 591.519 582.665 574.175 566.047 558.274 550.853 543.779 537.049 530.660 524.608 518.889 513.502 508.443 503.710 499.300 495.212 491.443 487.992 484.857 482.037 479.530 477.335 475.451 473.877 472.613 471.657 471.010 470.671 470.641 470.918 471.503 472.397 473.599 475.111 476.933 479.066 481.510 484.268 487.340 490.728 494.433 498.457 502.802 507.470 512.464 517.785 523.437 529.423 535.744 542.406 549.410 556.762 564.464 572.521 580.938 589.719 598.869 608.394 618.299 628.590 639.274 650.358
661.373 650.493 640.013 629.926 620.226 610.906 601.962 593.387 585.176 577.326 569.832 562.689 555.893 549.442 543.332 537.559 532.120 527.014 522.236 517.785 513.659 509.856 506.373 503.209 500.363 497.832 495.617 493.716 492.128 490.852 489.888 489.235 488.893 488.862 489.142 489.733 490.634 491.848 493.373 495.212 497.364 499.831 502.614 505.714 509.133 512.873 516.934 521.320 526.032 531.073 536.445 542.150 548.193 554.576 561.302 568.375 575.799 583.578 591.715 600.217 609.088 618.332 627.956 637.965 648.366 659.165 670.369
681.848 670.847 660.251 650.054 640.249 630.829 621.789 613.124 604.828 596.897 589.326 582.111 575.247 568.731 562.560 556.730 551.238 546.081 541.257 536.763 532.597 528.757 525.241 522.047 519.173 516.619 514.383 512.464 510.861 509.573 508.600 507.941 507.596 507.564 507.847 508.443 509.353 510.578 512.118 513.974 516.146 518.637 521.446 524.576 528.028 531.803 535.904 540.332 545.090 550.180 555.604 561.366 567.469 573.916 580.710 587.855 595.354 603.213 611.436 620.027 628.991 638.334 648.062 658.180 668.696 679.615 690.946
702.905 691.776 681.058 670.745 660.829 651.305 642.165 633.406 625.020 617.004 609.352 602.060 595.125 588.541 582.306 576.416 570.868 565.659 560.786 556.247 552.040 548.161 544.610 541.384 538.483 535.904 533.646 531.708 530.089 528.788 527.806 527.140 526.792 526.760 527.045 527.647 528.567 529.803 531.358 533.232 535.426 537.941 540.778 543.939 547.425 551.238 555.379 559.852 564.658 569.799 575.279 581.101 587.266 593.780 600.645 607.865 615.444 623.387 631.699 640.383 649.446 658.893 668.730 678.963 689.599 700.646 712.110
724.563 713.299 702.453 692.018 681.986 672.351 663.107 654.248 645.768 637.663 629.926 622.555 615.544 608.889 602.587 596.635 591.028 585.764 580.840 576.254 572.002 568.084 564.496 561.237 558.306 555.701 553.420 551.462 549.827 548.513 547.521 546.849 546.497 546.465 546.753 547.361 548.289 549.539 551.109 553.002 555.219 557.759 560.625 563.818 567.340 571.192 575.377 579.896 584.752 589.948 595.486 601.369 607.601 614.185 621.124 628.423 636.086 644.117 652.522 661.305 670.471 680.027 689.979 700.333 711.097 722.277 733.881
746.846 735.439 724.458 713.894 703.740 693.989 684.635 675.671 667.092 658.893 651.068 643.612 636.522 629.793 623.421 617.402 611.734 606.412 601.435 596.799 592.502 588.541 584.915 581.622 578.659 576.026 573.721 571.743 570.091 568.763 567.760 567.081 566.726 566.693 566.984 567.599 568.537 569.799 571.387 573.299 575.539 578.106 581.003 584.230 587.789 591.683 595.912 600.480 605.389 610.642 616.240 622.189 628.490 635.147 642.165 649.547 657.298 665.422 673.925 682.811 692.087 701.758 711.831 722.312 733.209 744.530 756.283
769.776 758.219 747.095 736.396 726.113 716.240 706.770 697.696 689.013 680.714 672.796 665.252 658.078 651.271 644.825 638.737 633.004 627.622 622.588 617.900 613.555 609.550 605.884 602.554 599.559 596.897 594.567 592.567 590.897 589.555 588.541 587.855 587.495 587.462 587.757 588.378 589.326 590.602 592.207 594.141 596.405 599.000 601.929 605.191 608.790 612.727 617.004 621.623 626.587 631.899 637.562 643.579 649.953 656.688 663.788 671.257 679.101 687.322 695.928 704.923 714.314 724.106 734.306 744.922 755.960 767.430 779.339
793.381 781.665 770.390 759.547 749.129 739.127 729.534 720.344 711.551 703.149 695.132 687.495 680.234 673.343 666.820 660.659 654.858 649.412 644.320 639.577 635.181 631.130 627.422 624.054 621.024 618.332 615.975 613.953 612.263 610.906 609.881 609.187 608.823 608.790 609.088 609.716 610.675 611.965 613.588 615.544 617.834 620.459 623.421 626.721 630.361 634.343 638.670 643.343 648.366 653.740 659.470 665.559 672.009 678.826 686.013 693.574 701.515 709.839 718.554 727.664 737.176 747.095 757.430 768.187 779.375 791.002 803.076
817.688 805.804 794.370 783.375 772.813 762.674 752.953 743.640 734.731 726.219 718.098 710.363 703.009 696.032 689.427 683.190 677.317 671.804 666.649 661.849 657.400 653.300 649.547 646.139 643.074 640.349 637.965 635.918 634.209 632.836 631.799 631.097 630.729 630.695 630.996 631.632 632.602 633.908 635.550 637.529 639.845 642.502 645.499 648.838 652.522 656.552 660.931 665.661 670.745 676.185 681.986 688.150 694.681 701.584 708.862 716.520 724.563 732.997 741.826 751.057 760.697 770.752 781.229 792.136 803.482 815.274 827.524
842.728 830.666 819.063 807.908 797.193 786.911 777.052 767.610 758.578 749.950 741.720 733.881 726.430 719.361 712.670 706.352 700.403 694.820 689.599 684.738 680.234 676.083 672.283 668.832 665.729 662.971 660.557 658.486 656.756 655.366 654.316 653.605 653.233 653.199 653.503 654.147 655.129 656.450 658.112 660.115 662.461 665.150 668.184 671.565 675.295 679.375 683.809 688.599 693.747 699.257 705.132 711.376 717.993 724.986 732.360 740.121 748.272 756.820 765.771 775.130 784.905 795.103 805.730 816.796 828.309 840.279 852.714
868.536 856.285 844.502 833.177 822.301 811.865 801.861 792.282 783.121 774.370 766.023 758.076 750.521 743.355 736.573 730.169 724.141 718.484 713.194 708.269 703.705 699.500 695.651 692.156 689.013 686.219 683.775 681.677 679.924 678.517 677.454 676.734 676.357 676.322 676.631 677.282 678.277 679.615 681.299 683.327 685.703 688.426 691.499 694.924 698.702 702.836 707.327 712.180 717.397 722.980 728.934 735.262 741.968 749.057 756.534 764.402 772.668 781.338 790.417 799.912 809.830 820.179 830.966 842.200 853.891 866.048 878.681
895.148 882.695 870.721 859.215 848.168 837.570 827.412 817.688 808.388 799.507 791.038 782.975 775.312 768.043 761.164 754.671 748.558 742.822 737.459 732.466 727.840 723.578 719.677 716.135 712.949 710.119 707.641 705.515 703.740 702.314 701.237 700.507 700.125 700.090 700.403 701.063 702.071 703.427 705.132 707.188 709.595 712.355 715.469 718.940 722.769 726.959 731.512 736.431 741.720 747.381 753.418 759.835 766.636 773.826 781.410 789.393 797.781 806.579 815.794 825.433 835.503 846.012 856.969 868.383 880.262 892.619 905.462
922.605 909.937 897.759 886.061 874.831 864.060 853.739 843.860 834.414 825.396 816.796 808.610 800.831 793.454 786.473 779.884 773.682 767.863 762.423 757.358 752.666 748.344 744.388 740.796 737.566 734.695 732.184 730.028 728.228 726.783 725.690 724.951 724.563 724.528 724.845 725.514 726.536 727.911 729.640 731.724 734.164 736.963 740.121 743.640 747.523 751.772 756.390 761.380 766.744 772.487 778.612 785.124 792.026 799.324 807.022 815.126 823.642 832.577 841.936 851.728 861.960 872.640 883.778 895.382 907.463 920.032 933.100
950.952 938.054 925.659 913.754 902.330 891.375 880.880 870.836 861.235 852.069 843.332 835.015 827.113 819.621 812.531 805.841 799.544 793.637 788.115 782.975 778.213 773.826 769.812 766.168 762.890 759.978 757.430 755.244 753.418 751.951 750.843 750.093 749.700 749.664 749.986 750.664 751.701 753.096 754.850 756.964 759.440 762.279 765.483 769.054 772.994 777.306 781.992 787.057 792.502 798.332 804.550 811.162 818.171 825.582 833.402 841.635 850.288 859.367 868.881 878.835 889.239 900.102 911.431 923.239 935.535 948.332 961.641
980.239 967.094 954.466 942.341 930.709 919.557 908.876 898.657 888.890 879.568 870.683 862.227 854.195 846.579 839.375 832.577 826.180 820.179 814.570 809.349 804.513 800.059 795.983 792.282 788.955 785.999 783.412 781.192 779.339 777.850 776.726 775.964 775.565 775.529 775.855 776.544 777.596 779.012 780.792 782.939 785.452 788.334 791.587 795.213 799.213 803.592 808.351 813.495 819.026 824.948 831.265 837.983 845.106 852.638 860.587 868.957 877.756 886.990 896.668 906.796 917.383 928.440 939.976 952.001 964.528 977.568 991.135
1010.520 997.111 984.233 971.872 960.016 948.654 937.774 927.367 917.423 907.934 898.891 890.287 882.116 874.369 867.043 860.130 853.625 847.525 841.823 836.517 831.603 827.076 822.934 819.174 815.794 812.791 810.163 807.908 806.025 804.513 803.371 802.598 802.193 802.156 802.487 803.187 804.255 805.693 807.502 809.682 812.235 815.163 818.468 822.152 826.217 830.666 835.503 840.731 846.353 852.373 858.796 865.627 872.871 880.532 888.619 897.135 906.090 915.489 925.341 935.655 946.440 957.705 969.461 981.720 994.493 1007.795 1021.639
1041.859 1028.164 1015.017 1002.402 990.306 978.718 967.624 957.016 946.882 937.214 928.003 919.241 910.920 903.034 895.576 888.541 881.922 875.716 869.916 864.518 859.520 854.916 850.705 846.882 843.445 840.392 837.720 835.428 833.514 831.977 830.816 830.030 829.618 829.581 829.918 830.629 831.715 833.177 835.015 837.231 839.827 842.804 846.164 849.909 854.043 858.568 863.487 868.804 874.523 880.648 887.184 894.136 901.509 909.308 917.541 926.215 935.336 944.912 954.951 965.464 976.460 987.948 999.942 1012.452 1025.492 1039.076 1053.219
1074.325 1060.321 1046.883 1033.994 1021.639 1009.807 998.484 987.659 977.321 967.461 958.069 949.137 940.657 932.622 925.024 917.857 911.117 904.796 898.891 893.396 888.308 883.623 879.337 875.446 871.949 868.842 866.124 863.792 861.846 860.282 859.101 858.301 857.882 857.844 858.187 858.910 860.015 861.502 863.372 865.627 868.268 871.297 874.715 878.527 882.734 887.339 892.346 897.759 903.582 909.819 916.475 923.556 931.067 939.015 947.405 956.246 965.546 975.312 985.553 996.280 1007.502 1019.232 1031.480 1044.261 1057.589 1071.478 1085.946
1107.996 1093.657 1079.903 1066.717 1054.083 1041.988 1030.417 1019.358 1008.801 998.734 989.148 980.033 971.381 963.185 955.437 948.130 941.259 934.816 928.798 923.199 918.016 913.242 908.876 904.914 901.352 898.189 895.421 893.046 891.064 889.472 888.270 887.455 887.029 886.990 887.339 888.076 889.201 890.714 892.619 894.914 897.603 900.688 904.169 908.052 912.337 917.028 922.130 927.645 933.579 939.936 946.721 953.940 961.600 969.706 978.266 987.287 996.778 1006.749 1017.207 1028.164 1039.632 1051.622 1064.147 1077.221 1090.860 1105.081 1119.900
1142.963 1128.258 1114.161 1100.652 1087.715 1075.333 1063.494 1052.183 1041.388 1031.097 1021.301 1011.990 1003.153 994.784 986.874 979.416 972.404 965.831 959.692 953.981 948.694 943.827 939.375 935.336 931.705 928.480 925.659 923.239 921.219 919.597 918.371 917.541 917.107 917.068 917.423 918.174 919.320 920.863 922.803 925.143 927.884 931.027 934.577 938.534 942.903 947.687 952.890 958.515 964.568 971.054 977.978 985.347 993.166 1001.442 1010.185 1019.400 1029.099 1039.290 1049.983 1061.190 1072.923 1085.194 1098.019 1111.413 1125.391 1139.972 1155.177
1179.328 1164.223 1149.750 1135.889 1122.620 1109.928 1097.796 1086.211 1075.158 1064.625 1054.602 1045.077 1036.041 1027.485 1019.400 1011.780 1004.615 997.901 991.632 985.801 980.403 975.435 970.891 966.768 963.063 959.773 956.894 954.426 952.365 950.710 949.460 948.614 948.170 948.130 948.493 949.258 950.427 952.001 953.981 956.368 959.164 962.372 965.994 970.033 974.492 979.375 984.687 990.431 996.612 1003.237 1010.310 1017.839 1025.831 1034.292 1043.231 1052.658 1062.580 1073.010 1083.958 1095.436 1107.457 1120.036 1133.188 1146.929 1161.279 1176.255 1191.881
1217.210 1201.665 1186.779 1172.531 1158.900 1145.867 1133.417 1121.532 1110.198 1099.402 1089.131 1079.375 1070.122 1061.364 1053.089 1045.292 1037.964 1031.097 1024.687 1018.725 1013.208 1008.130 1003.487 999.275 995.490 992.129 989.189 986.668 984.563 982.873 981.596 980.732 980.280 980.239 980.609 981.390 982.584 984.192 986.213 988.651 991.507 994.784 998.484 1002.611 1007.167 1012.158 1017.586 1023.458 1029.779 1036.554 1043.789 1051.492 1059.670 1068.331 1077.485 1087.139 1097.306 1107.996 1119.221 1130.995 1143.331 1156.246 1169.756 1183.879 1198.635 1214.047 1230.138
