AvaFrame/avaframe/data/avaBowl/Outputs/r_avaflow_sss_paramflag0/bo_results/bo_ascii/bo_hillshade0021.asc
ncols 200
nrows 200
xllcenter 997.50
yllcenter -4997.50
cellsize 25.00
NODATA_value -9999.000
[rows 86 to 128 of 200, columns 96 to 191 of 200]
165 164 163 162 160 159 158 156 155 154 152 151 149 148 147 145 144 142 141 139 137 136 134 133 131 129 128 126 124 122 121 119 117 115 113 112 110 108 106 104 102 100 98 96 94 92 90 87 85 83 81 79 76 74 72 69 67 65 62 60 57 55 52 49 47 44 41 39 36 33 30 27 24 21 18 15 12 9 5 2 -1 -4 -8 -11 -15 -19 -23 -27 -31 -35 -40 -44 -49 -54 -59 -65
167 166 164 163 162 161 159 158 157 155 154 152 151 150 148 147 145 144 142 141 139 137 136 134 132 131 129 127 126 124 122 120 119 117 115 113 111 109 107 105 103 101 99 97 95 93 91 89 87 85 82 80 78 76 73 71 69 66 64 61 59 56 54 51 48 46 43 40 37 35 32 29 26 23 20 17 13 10 7 4 0 -2 -6 -10 -13 -17 -21 -25 -29 -33 -38 -42 -47 -52 -57 -63
168 167 166 165 163 162 161 159 158 157 155 154 152 151 150 148 147 145 144 142 140 139 137 136 134 132 131 129 127 125 124 122 120 118 116 115 113 111 109 107 105 103 101 99 97 95 93 90 88 86 84 82 79 77 75 72 70 68 65 63 60 58 55 53 50 47 44 42 39 36 33 30 27 24 21 18 15 12 8 5 2 -1 -4 -8 -12 -15 -19 -23 -28 -32 -36 -41 -45 -50 -55 -61
170 169 167 166 165 163 162 161 159 158 157 155 154 152 151 150 148 147 145 143 142 140 139 137 135 134 132 130 129 127 125 123 122 120 118 116 114 112 110 108 106 104 102 100 98 96 94 92 90 88 85 83 81 79 76 74 72 69 67 64 62 59 57 54 51 49 46 43 40 38 35 32 29 26 23 20 17 13 10 7 3 0 -3 -6 -10 -14 -18 -22 -26 -30 -34 -39 -44 -49 -54 -59
171 170 169 168 166 165 164 162 161 160 158 157 155 154 152 151 150 148 146 145 143 142 140 139 137 135 134 132 130 128 127 125 123 121 119 118 116 114 112 110 108 106 104 102 100 98 96 93 91 89 87 85 82 80 78 75 73 71 68 66 63 61 58 56 53 50 48 45 42 39 36 33 30 27 24 21 18 15 12 8 5 1 -1 -5 -8 -12 -16 -20 -24 -28 -33 -37 -42 -47 -52 -57
173 171 170 169 168 166 165 164 162 161 160 158 157 155 154 152 151 149 148 146 145 143 142 140 138 137 135 133 132 130 128 126 125 123 121 119 117 115 113 111 109 107 105 103 101 99 97 95 93 91 88 86 84 82 79 77 75 72 70 67 65 62 60 57 54 52 49 46 43 41 38 35 32 29 26 23 20 16 13 10 6 3 0 -3 -7 -11 -15 -19 -23 -27 -31 -36 -40 -45 -50 -56
174 173 172 170 169 168 166 165 164 162 161 160 158 157 155 154 152 151 149 148 146 145 143 141 140 138 136 135 133 131 130 128 126 124 122 120 119 117 115 113 111 109 107 105 103 101 98 96 94 92 90 88 85 83 81 78 76 74 71 69 66 64 61 58 56 53 50 48 45 42 39 36 33 30 27 24 21 18 15 11 8 4 1 -2 -5 -9 -13 -17 -21 -25 -30 -34 -39 -44 -49 -54
175 174 173 172 170 169 168 167 165 164 162 161 160 158 157 155 154 152 151 149 148 146 144 143 141 140 138 136 134 133 131 129 127 126 124 122 120 118 116 114 112 110 108 106 104 102 100 98 96 93 91 89 87 84 82 80 77 75 73 70 68 65 62 60 57 55 52 49 46 44 41 38 35 32 29 26 23 19 16 13 9 6 2 0 -4 -8 -12 -16 -20 -24 -28 -33 -37 -42 -47 -52
177 176 174 173 172 171 169 168 167 165 164 162 161 160 158 157 155 154 152 151 149 147 146 144 143 141 139 138 136 134 132 131 129 127 125 123 121 119 118 116 114 112 110 108 105 103 101 99 97 95 93 90 88 86 84 81 79 76 74 71 69 66 64 61 59 56 53 51 48 45 42 39 36 33 30 27 24 21 18 14 11 7 4 0 -2 -6 -10 -14 -18 -22 -27 -31 -36 -41 -46 -51
178 177 176 175 173 172 171 169 168 167 165 164 162 161 160 158 157 155 154 152 150 149 147 146 144 142 141 139 137 135 134 132 130 128 126 125 123 121 119 117 115 113 111 109 107 105 103 101 98 96 94 92 89 87 85 83 80 78 75 73 70 68 65 63 60 57 55 52 49 46 44 41 38 35 32 29 25 22 19 16 12 9 5 2 -1 -5 -9 -13 -17 -21 -25 -30 -34 -39 -44 -49
180 178 177 176 175 173 172 171 169 168 167 165 164 162 161 159 158 156 155 153 152 150 149 147 145 144 142 140 139 137 135 133 131 130 128 126 124 122 120 118 116 114 112 110 108 106 104 102 100 98 95 93 91 89 86 84 82 79 77 74 72 69 67 64 61 59 56 53 51 48 45 42 39 36 33 30 27 24 20 17 14 10 7 3 0 -3 -7 -11 -15 -19 -24 -28 -33 -38 -43 -48
181 180 178 177 176 175 173 172 171 169 168 167 165 164 162 161 159 158 156 155 153 151 150 148 147 145 143 142 140 138 136 135 133 131 129 127 125 123 122 120 118 116 114 112 110 107 105 103 101 99 97 94 92 90 88 85 83 80 78 76 73 71 68 65 63 60 57 55 52 49 46 43 40 37 34 31 28 25 22 18 15 12 8 4 1 -2 -6 -10 -14 -18 -22 -27 -31 -36 -41 -46
182 181 180 179 177 176 175 173 172 171 169 168 166 165 164 162 161 159 158 156 154 153 151 150 148 146 145 143 141 139 138 136 134 132 130 129 127 125 123 121 119 117 115 113 111 109 107 105 102 100 98 96 94 91 89 87 84 82 79 77 74 72 69 67 64 61 59 56 53 50 48 45 42 39 36 33 29 26 23 20 16 13 9 6 2 -1 -5 -8 -13 -17 -21 -25 -30 -35 -40 -45
184 182 181 180 179 177 176 175 173 172 171 169 168 166 165 163 162 160 159 157 156 154 153 151 149 148 146 144 142 141 139 137 135 134 132 130 128 126 124 122 120 118 116 114 112 110 108 106 104 101 99 97 95 93 90 88 85 83 81 78 76 73 71 68 65 63 60 57 55 52 49 46 43 40 37 34 31 28 24 21 18 14 11 7 3 0 -3 -7 -11 -15 -20 -24 -29 -34 -39 -44
185 184 182 181 180 179 177 176 175 173 172 170 169 168 166 165 163 162 160 159 157 155 154 152 151 149 147 145 144 142 140 138 137 135 133 131 129 127 125 124 122 120 118 115 113 111 109 107 105 103 101 98 96 94 91 89 87 84 82 79 77 74 72 69 67 64 61 59 56 53 50 47 44 41 38 35 32 29 26 22 19 15 12 8 5 1 -2 -6 -10 -14 -18 -23 -28 -32 -37 -43
186 185 184 182 181 180 178 177 176 174 173 172 170 169 167 166 164 163 161 160 158 157 155 153 152 150 148 147 145 143 142 140 138 136 134 132 131 129 127 125 123 121 119 117 115 113 111 108 106 104 102 100 97 95 93 90 88 86 83 81 78 76 73 71 68 65 63 60 57 54 51 49 46 43 40 36 33 30 27 24 20 17 13 10 6 2 -1 -5 -9 -13 -17 -22 -26 -31 -36 -41
187 186 185 184 182 181 180 178 177 176 174 173 171 170 169 167 166 164 163 161 159 158 156 155 153 151 150 148 146 145 143 141 139 137 136 134 132 130 128 126 124 122 120 118 116 114 112 110 107 105 103 101 99 96 94 92 89 87 84 82 79 77 74 72 69 67 64 61 58 55 53 50 47 44 41 38 35 31 28 25 21 18 14 11 7 3 0 -3 -7 -12 -16 -20 -25 -30 -35 -40
189 187 186 185 184 182 181 180 178 177 176 174 173 171 170 168 167 165 164 162 161 159 158 156 154 153 151 149 147 146 144 142 140 139 137 135 133 131 129 127 125 123 121 119 117 115 113 111 109 106 104 102 100 97 95 93 90 88 86 83 81 78 76 73 70 68 65 62 60 57 54 51 48 45 42 39 36 33 29 26 23 19 16 12 8 5 1 -2 -6 -11 -15 -19 -24 -29 -34 -39
190 189 187 186 185 183 182 181 179 178 177 175 174 172 171 170 168 167 165 163 162 160 159 157 155 154 152 150 149 147 145 143 142 140 138 136 134 132 130 128 126 124 122 120 118 116 114 112 110 108 105 103 101 99 96 94 92 89 87 84 82 79 77 74 72 69 66 63 61 58 55 52 49 46 43 40 37 34 30 27 24 20 17 13 9 6 2 -1 -5 -9 -14 -18 -23 -28 -33 -38
191 190 188 187 186 185 183 182 181 179 178 177 175 174 172 171 169 168 166 165 163 161 160 158 157 155 153 152 150 148 146 145 143 141 139 137 135 133 132 130 128 126 124 122 120 117 115 113 111 109 107 104 102 100 98 95 93 90 88 86 83 81 78 75 73 70 67 65 62 59 56 53 50 47 44 41 38 35 32 28 25 21 18 14 11 7 3 0 -4 -8 -13 -17 -22 -27 -32 -37
192 191 190 188 187 186 184 183 182 180 179 178 176 175 173 172 170 169 167 166 164 163 161 159 158 156 154 153 151 149 148 146 144 142 140 138 137 135 133 131 129 127 125 123 121 119 116 114 112 110 108 106 103 101 99 96 94 92 89 87 84 82 79 77 74 71 69 66 63 60 57 54 51 48 45 42 39 36 33 29 26 23 19 15 12 8 4 0 -3 -7 -12 -16 -21 -25 -31 -36
193 192 191 190 188 187 186 184 183 182 180 179 177 176 175 173 172 170 169 167 165 164 162 161 159 157 156 154 152 150 149 147 145 143 141 140 138 136 134 132 130 128 126 124 122 120 118 115 113 111 109 107 104 102 100 97 95 93 90 88 85 83 80 78 75 72 70 67 64 61 58 56 53 50 47 43 40 37 34 30 27 24 20 16 13 9 5 1 -2 -6 -11 -15 -20 -24 -30 -35
194 193 192 191 189 188 187 185 184 183 181 180 179 177 176 174 173 171 170 168 167 165 163 162 160 158 157 155 153 152 150 148 146 144 143 141 139 137 135 133 131 129 127 125 123 121 119 117 114 112 110 108 106 103 101 99 96 94 91 89 86 84 81 79 76 73 71 68 65 62 60 57 54 51 48 44 41 38 35 32 28 25 21 17 14 10 6 2 -1 -5 -10 -14 -19 -24 -29 -34
195 194 193 192 190 189 188 187 185 184 182 181 180 178 177 175 174 172 171 169 168 166 164 163 161 160 158 156 154 153 151 149 147 146 144 142 140 138 136 134 132 130 128 126 124 122 120 118 116 113 111 109 107 104 102 100 97 95 92 90 87 85 82 80 77 74 72 69 66 63 61 58 55 52 49 46 42 39 36 33 29 26 22 19 15 11 7 3 0 -4 -9 -13 -18 -23 -28 -33
197 195 194 193 192 190 189 188 186 185 184 182 181 179 178 176 175 173 172 170 169 167 166 164 162 161 159 157 156 154 152 150 148 147 145 143 141 139 137 135 133 131 129 127 125 123 121 119 117 114 112 110 108 105 103 101 98 96 94 91 89 86 83 81 78 76 73 70 67 64 62 59 56 53 50 47 43 40 37 34 30 27 23 19 16 12 8 4 0 -3 -8 -12 -17 -22 -27 -32
198 196 195 194 193 191 190 189 187 186 185 183 182 180 179 177 176 174 173 171 170 168 167 165 163 162 160 158 157 155 153 151 149 148 146 144 142 140 138 136 134 132 130 128 126 124 122 120 118 115 113 111 109 106 104 102 99 97 95 92 90 87 84 82 79 77 74 71 68 65 63 60 57 54 51 48 44 41 38 35 31 28 24 20 17 13 9 5 1 -2 -7 -11 -16 -21 -26 -31
199 197 196 195 194 192 191 190 188 187 186 184 183 181 180 179 177 176 174 172 171 169 168 166 164 163 161 159 158 156 154 152 151 149 147 145 143 141 139 137 135 133 131 129 127 125 123 121 119 117 114 112 110 107 105 103 100 98 96 93 91 88 85 83 80 78 75 72 69 66 64 61 58 55 52 49 45 42 39 35 32 29 25 21 18 14 10 6 2 -2 -6 -11 -15 -20 -25 -31
200 199 197 196 195 193 192 191 189 188 187 185 184 182 181 180 178 177 175 173 172 170 169 167 165 164 162 160 159 157 155 153 152 150 148 146 144 142 140 138 136 134 132 130 128 126 124 122 120 118 115 113 111 108 106 104 101 99 97 94 92 89 86 84 81 79 76 73 70 67 65 62 59 56 53 49 46 43 40 36 33 29 26 22 18 15 11 7 3 -1 -5 -10 -14 -19 -25 -30
201 200 198 197 196 194 193 192 191 189 188 186 185 184 182 181 179 178 176 174 173 171 170 168 166 165 163 161 160 158 156 154 153 151 149 147 145 143 141 139 137 135 133 131 129 127 125 123 121 119 116 114 112 109 107 105 102 100 98 95 93 90 87 85 82 79 77 74 71 68 65 63 60 57 53 50 47 44 41 37 34 30 27 23 19 15 12 8 3 0 -4 -9 -14 -19 -24 -29
202 201 199 198 197 195 194 193 192 190 189 187 186 185 183 182 180 179 177 175 174 172 171 169 167 166 164 162 161 159 157 155 154 152 150 148 146 144 142 140 138 136 134 132 130 128 126 124 122 119 117 115 113 110 108 106 103 101 98 96 94 91 88 86 83 80 78 75 72 69 66 63 60 57 54 51 48 45 41 38 35 31 28 24 20 16 12 8 4 0 -4 -8 -13 -18 -23 -29
203 202 200 199 198 196 195 194 192 191 190 188 187 185 184 183 181 180 178 176 175 173 172 170 168 167 165 163 162 160 158 156 155 153 151 149 147 145 143 141 139 137 135 133 131 129 127 125 123 120 118 116 114 111 109 107 104 102 99 97 94 92 89 87 84 81 79 76 73 70 67 64 61 58 55 52 49 46 42 39 35 32 28 25 21 17 13 9 5 0 -3 -8 -12 -18 -23 -28
204 203 201 200 199 197 196 195 193 192 191 189 188 186 185 184 182 181 179 177 176 174 173 171 169 168 166 164 163 161 159 157 155 154 152 150 148 146 144 142 140 138 136 134 132 130 128 126 124 121 119 117 115 112 110 108 105 103 100 98 95 93 90 88 85 82 79 77 74 71 68 65 62 59 56 53 50 46 43 40 36 33 29 25 22 18 14 10 5 1 -2 -7 -12 -17 -22 -28
205 203 202 201 200 198 197 196 194 193 192 190 189 187 186 184 183 181 180 178 177 175 174 172 170 169 167 165 164 162 160 158 156 155 153 151 149 147 145 143 141 139 137 135 133 131 129 127 124 122 120 118 116 113 111 108 106 104 101 99 96 94 91 88 86 83 80 78 75 72 69 66 63 60 57 54 50 47 44 40 37 33 30 26 22 18 14 10 6 2 -2 -7 -11 -17 -22 -28
206 204 203 202 201 199 198 197 195 194 193 191 190 188 187 185 184 182 181 179 178 176 175 173 171 170 168 166 164 163 161 159 157 156 154 152 150 148 146 144 142 140 138 136 134 132 130 128 125 123 121 119 116 114 112 109 107 105 102 100 97 94 92 89 87 84 81 78 76 73 70 67 64 61 58 54 51 48 45 41 38 34 31 27 23 19 15 11 7 2 -1 -6 -11 -16 -22 -27
207 205 204 203 202 200 199 198 196 195 193 192 191 189 188 186 185 183 182 180 179 177 175 174 172 170 169 167 165 164 162 160 158 156 155 153 151 149 147 145 143 141 139 137 135 133 131 128 126 124 122 120 117 115 113 110 108 105 103 100 98 95 93 90 87 85 82 79 76 73 71 68 65 62 58 55 52 49 45 42 38 35 31 27 24 20 16 12 7 3 -1 -6 -11 -16 -21 -27
207 206 205 204 202 201 200 198 197 196 194 193 192 190 189 187 186 184 183 181 180 178 176 175 173 171 170 168 166 164 163 161 159 157 155 154 152 150 148 146 144 142 140 138 136 134 131 129 127 125 123 120 118 116 113 111 109 106 104 101 99 96 94 91 88 85 83 80 77 74 71 68 65 62 59 56 53 49 46 43 39 36 32 28 24 20 16 12 8 3 0 -5 -10 -15 -21 -27
208 207 206 205 203 202 201 199 198 197 195 194 192 191 190 188 187 185 184 182 180 179 177 176 174 172 171 169 167 165 164 162 160 158 156 154 152 151 149 147 145 143 141 139 136 134 132 130 128 126 123 121 119 117 114 112 109 107 104 102 99 97 94 92 89 86 83 81 78 75 72 69 66 63 60 57 53 50 47 43 40 36 32 29 25 21 17 13 8 4 0 -5 -10 -15 -21 -27
209 208 207 205 204 203 202 200 199 197 196 195 193 192 190 189 187 186 184 183 181 180 178 176 175 173 171 170 168 166 164 163 161 159 157 155 153 151 149 147 145 143 141 139 137 135 133 131 129 126 124 122 120 117 115 113 110 108 105 103 100 98 95 92 90 87 84 81 79 76 73 70 67 64 60 57 54 51 47 44 40 37 33 29 25 21 17 13 9 4 0 -4 -10 -15 -21 -27
210 209 207 206 205 204 202 201 200 198 197 196 194 193 191 190 188 187 185 184 182 180 179 177 176 174 172 170 169 167 165 163 162 160 158 156 154 152 150 148 146 144 142 140 138 136 134 132 129 127 125 123 120 118 116 113 111 108 106 103 101 98 96 93 90 88 85 82 79 76 73 70 67 64 61 58 55 51 48 44 41 37 34 30 26 22 18 13 9 4 0 -4 -9 -15 -21 -27
211 210 208 207 206 204 203 202 200 199 198 196 195 193 192 191 189 188 186 184 183 181 180 178 176 175 173 171 170 168 166 164 162 161 159 157 155 153 151 149 147 145 143 141 139 137 135 132 130 128 126 123 121 119 116 114 112 109 107 104 102 99 96 94 91 88 86 83 80 77 74 71 68 65 62 58 55 52 48 45 41 38 34 30 26 22 18 14 9 5 0 -4 -9 -15 -21 -27
212 210 209 208 207 205 204 203 201 200 199 197 196 194 193 191 190 188 187 185 184 182 180 179 177 175 174 172 170 169 167 165 163 161 159 158 156 154 152 150 148 146 144 142 140 137 135 133 131 129 126 124 122 120 117 115 112 110 107 105 102 100 97 94 92 89 86 83 81 78 75 72 69 65 62 59 56 52 49 45 42 38 34 31 27 23 18 14 10 5 0 -4 -9 -15 -21 -27
212 211 210 209 207 206 205 203 202 201 199 198 196 195 194 192 191 189 188 186 184 183 181 180 178 176 175 173 171 169 168 166 164 162 160 158 156 154 153 151 149 147 144 142 140 138 136 134 132 129 127 125 123 120 118 115 113 111 108 106 103 100 98 95 92 90 87 84 81 78 75 72 69 66 63 60 56 53 49 46 42 39 35 31 27 23 19 14 10 5 0 -4 -9 -15 -21 -28
213 212 211 209 208 207 205 204 203 201 200 199 197 196 194 193 191 190 188 187 185 184 182 180 179 177 175 174 172 170 168 166 165 163 161 159 157 155 153 151 149 147 145 143 141 139 137 135 132 130 128 126 123 121 119 116 114 111 109 106 104 101 98 96 93 90 87 85 82 79 76 73 70 66 63 60 57 53 50 46 43 39 35 31 27 23 19 15 10 5 0 -4 -9 -15 -21 -28
