AvaFrame/avaframe/data/avaBowl/Outputs/r_avaflow_sss_paramflag0/bo_results/bo_ascii/bo_hillshade0021.asc
ncols 200
nrows 200
xllcenter 997.50
yllcenter -4997.50
cellsize 25.00
NODATA_value -9999.000
[rows 0 to 42 of 200, columns 0 to 95 of 200]
180 180 180 180 180 180 180 180 180 180 180 180 180 180 180 180 180 180 180 180 180 180 180 180 180 180 180 180 180 180 180 180 180 180 180 180 180 180 180 180 180 180 180 180 180 180 180 180 180 180 180 180 180 180 180 180 180 180 180 180 180 180 180 180 180 180 180 180 180 180 180 180 180 180 180 180 180 180 180 180 180 180 180 180 180 180 180 180 180 180 180 180 180 180 180 180
180 180 180 180 180 180 180 180 180 180 180 180 180 180 180 180 180 180 180 180 180 180 180 180 180 180 180 180 180 180 180 180 180 180 180 180 180 180 180 180 180 180 180 180 180 180 180 180 180 180 180 180 180 180 180 180 180 180 180 180 180 180 180 180 180 180 180 180 180 180 180 180 180 180 180 180 180 180 2 -73 -87 -94 -82 -44 -45 -73 -83 -89 -93 -96 -99 -97 -95 -94 -94 -94
180 180 180 180 180 180 180 180 180 180 180 180 180 180 180 180 180 180 180 180 180 180 180 180 180 180 180 180 180 180 180 180 180 180 180 180 180 180 180 180 180 180 180 180 180 180 180 180 180 180 180 180 180 180 180 180 180 180 180 180 180 180 180 180 180 180 180 180 180 180 180 180 180 180 -24 -79 -91 -68 -34 -45 -71 -81 -88 -89 -83 -81 -79 -79 -78 -78 -78 -79 -79 -80 -80 -81
180 180 180 180 180 180 180 180 180 180 180 180 180 180 180 180 180 180 180 180 180 180 180 180 180 180 180 180 180 180 180 180 180 180 180 180 180 180 180 180 180 180 180 180 180 180 180 180 180 180 180 180 180 180 180 180 180 180 180 180 180 180 180 180 180 180 180 180 180 180 180 -69 -89 -57 -27 -45 -70 -81 -81 -74 -71 -70 -69 -68 -67 -67 -67 -67 -67 -68 -68 -69 -69 -70 -71 -72
180 180 180 180 180 180 180 180 180 180 180 180 180 180 180 180 180 180 180 180 180 180 180 180 180 180 180 180 180 180 180 180 180 180 180 180 180 180 180 180 180 180 180 180 180 180 180 180 180 180 180 180 180 180 180 180 180 180 180 180 180 180 180 180 180 180 180 180 -74 -92 -33 -17 -58 -75 -74 -67 -64 -62 -60 -59 -59 -58 -58 -58 -58 -58 -58 -58 -59 -59 -60 -60 -61 -62 -63 -64
180 180 180 180 180 180 180 180 180 180 180 180 180 180 180 180 180 180 180 180 180 180 180 180 180 180 180 180 180 180 180 180 180 180 180 180 180 180 180 180 180 180 180 180 180 180 180 180 180 180 180 180 180 180 180 180 180 180 180 180 180 180 180 180 180 -68 -91 -26 -13 -59 -75 -64 -59 -56 -54 -52 -51 -51 -50 -50 -49 -49 -49 -49 -50 -50 -50 -51 -51 -52 -52 -53 -54 -55 -56 -57
180 180 180 180 180 180 180 180 180 180 180 180 180 180 180 180 180 180 180 180 180 180 180 180 180 180 180 180 180 180 180 180 180 180 180 180 180 180 180 180 180 180 180 180 180 180 180 180 180 180 180 180 180 180 180 180 180 180 180 180 180 180 -18 -86 -29 -12 -51 -72 -58 -53 -50 -47 -46 -45 -44 -43 -42 -42 -42 -42 -42 -42 -42 -42 -42 -43 -43 -44 -44 -45 -46 -47 -47 -48 -49 -50
180 180 180 180 180 180 180 180 180 180 180 180 180 180 180 180 180 180 180 180 180 180 180 180 180 180 180 180 180 180 180 180 180 180 180 180 180 180 180 180 180 180 180 180 180 180 180 180 180 180 180 180 180 180 180 180 180 180 180 180 -68 -51 -14 -29 -64 -55 -48 -44 -42 -40 -39 -38 -37 -36 -36 -35 -35 -35 -35 -35 -35 -35 -35 -36 -36 -36 -37 -38 -38 -39 -40 -41 -41 -42 -43 -44
180 180 180 180 180 180 180 180 180 180 180 180 180 180 180 180 180 180 180 180 180 180 180 180 180 180 180 180 180 180 180 180 180 180 180 180 180 180 180 180 180 180 180 180 180 180 180 180 180 180 180 180 180 180 180 180 180 180 -78 -25 -8 -46 -57 -45 -41 -38 -36 -34 -32 -31 -30 -30 -29 -29 -28 -28 -28 -28 -28 -28 -28 -29 -29 -30 -30 -31 -31 -32 -32 -33 -34 -35 -36 -37 -38 -39
180 180 180 180 180 180 180 180 180 180 180 180 180 180 180 180 180 180 180 180 180 180 180 180 180 180 180 180 180 180 180 180 180 180 180 180 180 180 180 180 180 180 180 180 180 180 180 180 180 180 180 180 180 180 180 180 -82 -16 -4 -52 -46 -39 -35 -32 -30 -28 -27 -26 -25 -24 -23 -23 -22 -22 -22 -22 -22 -22 -22 -22 -23 -23 -23 -24 -24 -25 -26 -26 -27 -28 -29 -29 -30 -31 -32 -33
180 180 180 180 180 180 180 180 180 180 180 180 180 180 180 180 180 180 180 180 180 180 180 180 180 180 180 180 180 180 180 180 180 180 180 180 180 180 180 180 180 180 180 180 180 180 180 180 180 180 180 180 180 180 -82 -11 -2 -54 -40 -33 -29 -27 -24 -23 -21 -20 -19 -18 -18 -17 -17 -16 -16 -16 -16 -16 -16 -16 -16 -17 -17 -17 -18 -18 -19 -20 -20 -21 -22 -23 -23 -24 -25 -26 -27 -28
180 180 180 180 180 180 180 180 180 180 180 180 180 180 180 180 180 180 180 180 180 180 180 180 180 180 180 180 180 180 180 180 180 180 180 180 180 180 180 180 180 180 180 180 180 180 180 180 180 180 180 180 -78 -10 -1 -52 -35 -28 -25 -22 -20 -18 -16 -15 -14 -13 -12 -12 -11 -11 -11 -10 -10 -10 -10 -10 -11 -11 -11 -11 -12 -12 -13 -13 -14 -15 -15 -16 -17 -18 -19 -19 -20 -21 -22 -24
180 180 180 180 180 180 180 180 180 180 180 180 180 180 180 180 180 180 180 180 180 180 180 180 180 180 180 180 180 180 180 180 180 180 180 180 180 180 180 180 180 180 180 180 180 180 180 180 180 180 -67 -10 0 -47 -31 -24 -20 -17 -15 -13 -12 -10 -9 -8 -7 -7 -6 -6 -5 -5 -5 -5 -5 -5 -5 -5 -5 -6 -6 -6 -7 -7 -8 -8 -9 -10 -11 -11 -12 -13 -14 -15 -16 -17 -18 -19
180 180 180 180 180 180 180 180 180 180 180 180 180 180 180 180 180 180 180 180 180 180 180 180 180 180 180 180 180 180 180 180 180 180 180 180 180 180 180 180 180 180 180 180 180 180 180 180 -11 -14 0 -37 -28 -21 -17 -14 -11 -9 -7 -6 -5 -4 -3 -2 -1 -1 -1 0 0 0 0 0 0 0 0 0 0 -1 -1 -2 -2 -3 -3 -4 -4 -5 -6 -7 -8 -8 -9 -10 -11 -12 -13 -14
180 180 180 180 180 180 180 180 180 180 180 180 180 180 180 180 180 180 180 180 180 180 180 180 180 180 180 180 180 180 180 180 180 180 180 180 180 180 180 180 180 180 180 180 180 180 180 -36 0 -16 -28 -18 -14 -10 -8 -5 -4 -2 -1 0 0 1 2 3 3 4 4 4 4 4 4 4 4 4 4 4 3 3 2 2 2 1 0 0 0 -1 -1 -2 -3 -4 -5 -6 -7 -8 -9 -10
180 180 180 180 180 180 180 180 180 180 180 180 180 180 180 180 180 180 180 180 180 180 180 180 180 180 180 180 180 180 180 180 180 180 180 180 180 180 180 180 180 180 180 180 180 -57 -1 3 -33 -17 -11 -7 -4 -2 0 1 2 3 4 5 6 7 8 8 8 9 9 9 9 9 9 9 9 9 9 8 8 7 7 6 6 5 5 4 3 3 2 1 0 0 -1 -2 -3 -4 -5 -6
180 180 180 180 180 180 180 180 180 180 180 180 180 180 180 180 180 180 180 180 180 180 180 180 180 180 180 180 180 180 180 180 180 180 180 180 180 180 180 180 180 180 180 180 -11 3 -27 -16 -9 -5 -2 0 2 4 6 7 8 9 10 11 12 12 13 13 13 14 14 14 14 14 14 14 14 13 13 13 12 12 11 11 10 10 9 8 8 7 6 5 4 3 3 2 1 0 -1 -2
180 180 180 180 180 180 180 180 180 180 180 180 180 180 180 180 180 180 180 180 180 180 180 180 180 180 180 180 180 180 180 180 180 180 180 180 180 180 180 180 180 180 -49 2 6 -20 -8 -3 0 3 5 7 9 10 12 13 14 15 16 16 17 17 18 18 18 18 19 19 19 18 18 18 18 18 17 17 17 16 16 15 14 14 13 12 12 11 10 9 8 7 7 6 5 3 2 1
180 180 180 180 180 180 180 180 180 180 180 180 180 180 180 180 180 180 180 180 180 180 180 180 180 180 180 180 180 180 180 180 180 180 180 180 180 180 180 180 180 -8 6 -21 -9 -2 2 5 8 10 12 14 15 16 17 18 19 20 21 21 22 22 22 23 23 23 23 23 23 23 23 22 22 22 21 21 21 20 20 19 18 18 17 16 16 15 14 13 12 11 10 9 8 7 6 5
180 180 180 180 180 180 180 180 180 180 180 180 180 180 180 180 180 180 180 180 180 180 180 180 180 180 180 180 180 180 180 180 180 180 180 180 180 180 180 180 5 8 -14 -2 3 7 10 12 14 16 18 19 21 22 23 24 24 25 26 26 26 27 27 27 27 27 27 27 27 27 27 27 26 26 26 25 25 24 24 23 22 22 21 20 20 19 18 17 16 15 14 13 12 11 10 9
180 180 180 180 180 180 180 180 180 180 180 180 180 180 180 180 180 180 180 180 180 180 180 180 180 180 180 180 180 180 180 180 180 180 180 180 180 180 -54 9 8 -4 3 8 11 14 17 19 21 22 24 25 26 27 28 29 29 30 30 31 31 31 31 32 32 32 32 31 31 31 31 31 30 30 29 29 29 28 27 27 26 26 25 24 23 22 22 21 20 19 18 17 16 15 14 13
180 180 180 180 180 180 180 180 180 180 180 180 180 180 180 180 180 180 180 180 180 180 180 180 180 180 180 180 180 180 180 180 180 180 180 180 180 4 10 -21 2 8 12 16 18 21 23 25 26 28 29 30 31 32 33 33 34 34 35 35 35 35 36 36 36 36 36 36 35 35 35 35 34 34 33 33 32 32 31 31 30 29 29 28 27 26 25 24 24 23 22 21 20 18 17 16
180 180 180 180 180 180 180 180 180 180 180 180 180 180 180 180 180 180 180 180 180 180 180 180 180 180 180 180 180 180 180 180 180 180 180 180 12 11 -4 7 13 17 20 22 25 27 29 30 32 33 34 35 36 37 37 38 38 39 39 39 39 40 40 40 40 40 40 39 39 39 39 38 38 38 37 37 36 36 35 34 34 33 32 31 31 30 29 28 27 26 25 24 23 22 21 20
180 180 180 180 180 180 180 180 180 180 180 180 180 180 180 180 180 180 180 180 180 180 180 180 180 180 180 180 180 180 180 180 180 180 180 14 11 3 12 17 21 24 26 29 31 32 34 35 37 38 39 40 40 41 42 42 43 43 43 43 44 44 44 44 44 44 43 43 43 43 42 42 42 41 41 40 40 39 39 38 37 36 36 35 34 33 32 32 31 30 29 28 27 26 24 23
180 180 180 180 180 180 180 180 180 180 180 180 180 180 180 180 180 180 180 180 180 180 180 180 180 180 180 180 180 180 180 180 180 180 15 12 9 16 21 24 27 30 32 34 36 38 39 40 41 42 43 44 45 45 46 46 47 47 47 47 48 48 48 48 47 47 47 47 47 46 46 46 45 45 44 44 43 43 42 41 41 40 39 38 38 37 36 35 34 33 32 31 30 29 28 27
180 180 180 180 180 180 180 180 180 180 180 180 180 180 180 180 180 180 180 180 180 180 180 180 180 180 180 180 180 180 180 180 -25 16 12 14 20 24 28 31 34 36 38 40 41 43 44 45 46 47 48 48 49 50 50 50 51 51 51 51 51 51 51 51 51 51 51 51 50 50 50 49 49 48 48 47 47 46 45 45 44 43 43 42 41 40 39 38 37 36 35 34 33 32 31 30
180 180 180 180 180 180 180 180 180 180 180 180 180 180 180 180 180 180 180 180 180 180 180 180 180 180 180 180 180 180 180 32 16 -7 18 24 28 32 35 37 39 41 43 45 46 47 48 49 50 51 52 53 53 54 54 54 55 55 55 55 55 55 55 55 55 55 54 54 54 54 53 53 52 52 51 51 50 50 49 48 47 47 46 45 44 43 43 42 41 40 39 38 37 36 34 33
180 180 180 180 180 180 180 180 180 180 180 180 180 180 180 180 180 180 180 180 180 180 180 180 180 180 180 180 180 180 38 17 9 21 27 31 35 38 40 43 45 46 48 49 51 52 53 54 55 55 56 57 57 57 58 58 58 59 59 59 59 59 59 59 58 58 58 58 57 57 57 56 56 55 55 54 53 53 52 51 51 50 49 48 48 47 46 45 44 43 42 41 40 39 38 36
180 180 180 180 180 180 180 180 180 180 180 180 180 180 180 180 180 180 180 180 180 180 180 180 180 180 180 180 180 41 18 14 25 30 34 38 41 44 46 48 50 51 53 54 55 56 57 58 59 59 60 60 61 61 62 62 62 62 62 62 62 62 62 62 62 62 61 61 61 60 60 59 59 58 58 57 57 56 55 55 54 53 52 52 51 50 49 48 47 46 45 44 43 42 41 40
180 180 180 180 180 180 180 180 180 180 180 180 180 180 180 180 180 180 180 180 180 180 180 180 180 180 180 180 47 19 19 28 33 37 41 44 47 49 51 53 54 56 57 58 59 60 61 62 63 63 64 64 65 65 65 66 66 66 66 66 66 66 66 65 65 65 65 64 64 64 63 63 62 62 61 61 60 59 59 58 57 56 56 55 54 53 52 51 50 49 48 47 46 45 44 43
180 180 180 180 180 180 180 180 180 180 180 180 180 180 180 180 180 180 180 180 180 180 180 180 180 180 180 57 20 22 30 36 40 44 47 49 52 54 56 57 59 60 61 63 64 64 65 66 67 67 68 68 68 69 69 69 69 69 69 69 69 69 69 69 69 68 68 68 67 67 66 66 65 65 64 64 63 62 62 61 60 60 59 58 57 56 55 54 53 52 51 50 49 48 47 46
180 180 180 180 180 180 180 180 180 180 180 180 180 180 180 180 180 180 180 180 180 180 180 180 180 180 80 22 25 33 39 43 47 50 52 55 57 59 60 62 63 64 66 67 67 68 69 70 70 71 71 72 72 72 72 73 73 73 73 73 73 72 72 72 72 72 71 71 70 70 70 69 69 68 67 67 66 66 65 64 63 63 62 61 60 59 58 57 56 55 54 53 52 51 50 49
180 180 180 180 180 180 180 180 180 180 180 180 180 180 180 180 180 180 180 180 180 180 180 180 180 198 23 29 35 41 45 49 52 55 57 59 61 63 65 66 67 69 70 71 71 72 73 73 74 74 75 75 75 76 76 76 76 76 76 76 76 76 75 75 75 75 74 74 74 73 73 72 72 71 71 70 69 69 68 67 66 66 65 64 63 62 61 60 59 58 57 56 55 54 53 52
180 180 180 180 180 180 180 180 180 180 180 180 180 180 180 180 180 180 180 180 180 180 180 180 180 26 40 38 43 48 52 55 58 60 62 64 66 67 69 70 71 72 73 74 75 76 76 77 77 78 78 79 79 79 79 79 79 79 79 79 79 79 79 78 78 78 77 77 77 76 76 75 75 74 74 73 72 72 71 70 69 69 68 67 66 65 64 63 62 61 60 59 58 57 56 55
180 180 180 180 180 180 180 180 180 180 180 180 180 180 180 180 180 180 180 180 180 180 180 180 30 18 40 45 50 54 57 60 62 65 67 69 70 72 73 74 75 76 77 78 79 79 80 80 81 81 82 82 82 82 82 82 83 82 82 82 82 82 82 82 81 81 81 80 80 79 79 78 78 77 77 76 75 75 74 73 72 71 71 70 69 68 67 66 65 64 63 62 61 60 59 58
180 180 180 180 180 180 180 180 180 180 180 180 180 180 180 180 180 180 180 180 180 180 180 36 19 41 47 52 56 59 62 65 67 69 71 73 74 76 77 78 79 80 81 82 82 83 83 84 84 85 85 85 85 86 86 86 86 86 86 85 85 85 85 85 84 84 84 83 83 82 82 81 81 80 79 79 78 77 77 76 75 74 73 73 72 71 70 69 68 67 66 65 64 63 62 60
180 180 180 180 180 180 180 180 180 180 180 180 180 180 180 180 180 180 180 180 180 180 46 22 43 49 54 58 61 64 67 70 72 74 75 77 78 80 81 82 83 84 84 85 86 86 87 87 88 88 88 88 89 89 89 89 89 89 89 88 88 88 88 88 87 87 86 86 86 85 85 84 84 83 82 82 81 80 80 79 78 77 76 75 75 74 73 72 71 70 69 68 67 65 64 63
180 180 180 180 180 180 180 180 180 180 180 180 180 180 180 180 180 180 180 180 180 70 24 45 51 56 60 63 67 69 72 74 76 78 79 81 82 83 84 85 86 87 88 89 89 90 90 91 91 91 91 92 92 92 92 92 92 92 92 91 91 91 91 90 90 90 89 89 89 88 87 87 86 86 85 84 84 83 82 82 81 80 79 78 77 76 75 74 74 72 71 70 69 68 67 66
180 180 180 180 180 180 180 180 180 180 180 180 180 180 180 180 180 180 180 180 183 28 47 52 57 62 65 69 71 74 76 78 80 82 83 85 86 87 88 89 90 91 91 92 92 93 93 94 94 94 95 95 95 95 95 95 95 95 95 94 94 94 94 93 93 93 92 92 91 91 90 90 89 89 88 87 87 86 85 84 84 83 82 81 80 79 78 77 76 75 74 73 72 71 70 69
180 180 180 180 180 180 180 180 180 180 180 180 180 180 180 180 180 180 180 180 35 55 53 59 63 67 70 73 76 78 80 82 84 86 87 88 89 91 91 92 93 94 95 95 96 96 97 97 97 97 98 98 98 98 98 98 98 98 98 97 97 97 97 96 96 95 95 95 94 94 93 93 92 91 91 90 89 89 88 87 86 85 85 84 83 82 81 80 79 78 77 76 75 74 72 71
180 180 180 180 180 180 180 180 180 180 180 180 180 180 180 180 180 180 180 47 23 54 60 65 69 72 75 78 80 82 84 86 88 89 91 92 93 94 95 96 97 97 98 98 99 99 100 100 100 100 101 101 101 101 101 101 101 101 100 100 100 100 99 99 99 98 98 97 97 96 96 95 95 94 93 93 92 91 90 90 89 88 87 86 85 84 84 83 82 81 79 78 77 76 75 74
180 180 180 180 180 180 180 180 180 180 180 180 180 180 180 180 180 180 81 27 55 61 66 70 74 77 80 82 84 86 88 90 92 93 94 95 96 97 98 99 100 100 101 101 102 102 103 103 103 103 104 104 104 104 104 104 104 103 103 103 103 102 102 102 101 101 101 100 100 99 99 98 97 97 96 95 95 94 93 92 92 91 90 89 88 87 86 85 84 83 82 81 80 79 78 77
180 180 180 180 180 180 180 180 180 180 180 180 180 180 180 180 180 186 33 58 62 67 71 75 78 81 84 86 88 90 92 94 95 96 98 99 100 101 101 102 103 104 104 105 105 105 106 106 106 106 106 107 107 107 107 106 106 106 106 106 105 105 105 105 104 104 103 103 102 102 101 101 100 99 99 98 97 97 96 95 94 93 92 92 91 90 89 88 87 86 85 84 82 81 80 79
