AvaFrame/avaframe/data/avaBowl/Outputs/r_avaflow_sss_paramflag0/bo_results/bo_ascii/bo_hillshade0021.asc
ncols 200
nrows 200
xllcenter 997.50
yllcenter -4997.50
cellsize 25.00
NODATA_value -9999.000
[rows 86 to 128 of 200, columns 0 to 95 of 200]
180 124 137 145 151 156 160 164 167 170 173 175 177 179 181 183 185 186 187 189 190 191 192 193 194 195 196 196 197 197 198 199 199 199 200 200 200 200 201 201 201 201 201 201 201 201 201 201 200 200 200 200 200 199 199 199 198 198 197 197 196 196 195 195 194 194 193 192 192 191 190 190 189 188 187 187 186 185 184 183 182 181 180 179 178 177 176 175 174 173 172 171 170 169 168 166
180 129 139 147 153 158 162 166 169 172 174 177 179 181 183 185 186 188 189 190 192 193 194 195 196 196 197 198 199 199 200 200 201 201 201 202 202 202 202 202 202 202 203 203 202 202 202 202 202 202 202 201 201 201 200 200 200 199 199 198 198 197 197 196 196 195 195 194 193 193 192 191 190 190 189 188 187 186 186 185 184 183 182 181 180 179 178 177 176 175 174 173 171 170 169 168
180 132 142 149 155 160 164 167 171 174 176 179 181 183 185 186 188 189 191 192 193 194 195 196 197 198 199 199 200 201 201 202 202 202 203 203 203 204 204 204 204 204 204 204 204 204 204 204 204 203 203 203 203 202 202 202 201 201 200 200 199 199 198 198 197 197 196 195 195 194 193 193 192 191 190 190 189 188 187 186 185 184 183 182 181 180 179 178 177 176 175 174 173 172 171 169
180 134 144 151 157 162 166 169 172 175 178 180 182 184 186 188 190 191 192 194 195 196 197 198 199 200 200 201 202 202 203 203 204 204 204 205 205 205 205 205 205 206 206 206 206 205 205 205 205 205 205 204 204 204 203 203 203 202 202 201 201 200 200 199 199 198 198 197 196 196 195 194 193 193 192 191 190 189 189 188 187 186 185 184 183 182 181 180 179 178 177 176 174 173 172 171
180 135 146 153 159 164 168 171 174 177 180 182 184 186 188 190 191 193 194 195 196 198 199 200 200 201 202 203 203 204 204 205 205 206 206 206 206 207 207 207 207 207 207 207 207 207 207 207 207 206 206 206 206 205 205 205 204 204 203 203 202 202 201 201 200 200 199 198 198 197 196 196 195 194 193 193 192 191 190 189 188 187 186 185 184 183 182 181 180 179 178 177 176 175 174 172
180 138 148 155 161 165 169 173 176 179 181 184 186 188 190 191 193 194 196 197 198 199 200 201 202 203 203 204 205 205 206 206 207 207 207 208 208 208 208 208 208 209 209 209 208 208 208 208 208 208 208 207 207 207 206 206 206 205 205 204 204 203 203 202 202 201 200 200 199 199 198 197 196 196 195 194 193 192 191 191 190 189 188 187 186 185 184 183 182 181 180 178 177 176 175 174
180 140 150 157 163 167 171 174 178 180 183 185 187 189 191 193 194 196 197 198 200 201 202 203 203 204 205 206 206 207 207 208 208 209 209 209 209 210 210 210 210 210 210 210 210 210 210 210 209 209 209 209 208 208 208 207 207 207 206 206 205 205 204 204 203 203 202 201 201 200 199 199 198 197 196 195 195 194 193 192 191 190 189 188 187 186 185 184 183 182 181 180 179 178 176 175
180 142 152 159 164 169 173 176 179 182 184 187 189 191 193 194 196 197 199 200 201 202 203 204 205 206 206 207 208 208 209 209 210 210 210 211 211 211 211 211 211 211 211 211 211 211 211 211 211 211 210 210 210 210 209 209 209 208 208 207 207 206 206 205 205 204 203 203 202 201 201 200 199 198 198 197 196 195 194 193 192 192 191 190 189 188 187 186 185 184 182 181 180 179 178 177
180 144 154 161 166 170 174 178 181 183 186 188 190 192 194 196 197 199 200 201 203 204 205 205 206 207 208 209 209 210 210 211 211 211 212 212 212 212 213 213 213 213 213 213 213 213 213 212 212 212 212 212 211 211 211 210 210 209 209 209 208 208 207 207 206 205 205 204 203 203 202 201 201 200 199 198 197 197 196 195 194 193 192 191 190 189 188 187 186 185 184 183 182 180 179 178
180 146 156 162 168 172 176 179 182 185 187 190 192 194 196 197 199 200 202 203 204 205 206 207 208 209 209 210 211 211 212 212 212 213 213 213 214 214 214 214 214 214 214 214 214 214 214 214 214 213 213 213 213 212 212 212 211 211 210 210 209 209 208 208 207 207 206 205 205 204 203 203 202 201 200 200 199 198 197 196 195 194 193 192 191 190 189 188 187 186 185 184 183 182 181 179
180 148 157 164 169 173 177 181 184 186 189 191 193 195 197 199 200 202 203 204 205 206 207 208 209 210 211 211 212 212 213 213 214 214 214 215 215 215 215 215 216 216 216 216 216 215 215 215 215 215 215 214 214 214 213 213 213 212 212 211 211 210 210 209 209 208 207 207 206 205 205 204 203 203 202 201 200 199 198 198 197 196 195 194 193 192 191 190 189 188 187 185 184 183 182 181
180 150 159 165 171 175 179 182 185 188 190 193 195 197 198 200 202 203 204 206 207 208 209 210 211 211 212 213 213 214 214 215 215 216 216 216 216 217 217 217 217 217 217 217 217 217 217 217 216 216 216 216 215 215 215 214 214 214 213 213 212 212 211 211 210 209 209 208 207 207 206 205 205 204 203 202 201 201 200 199 198 197 196 195 194 193 192 191 190 189 188 187 186 184 183 182
180 151 160 167 172 176 180 183 186 189 192 194 196 198 200 201 203 204 206 207 208 209 210 211 212 213 213 214 215 215 216 216 216 217 217 217 218 218 218 218 218 218 218 218 218 218 218 218 218 217 217 217 217 216 216 216 215 215 214 214 213 213 212 212 211 211 210 209 209 208 207 207 206 205 204 204 203 202 201 200 199 198 197 196 195 194 193 192 191 190 189 188 187 186 185 183
180 152 162 168 173 178 181 185 188 190 193 195 197 199 201 203 204 206 207 208 209 210 211 212 213 214 215 215 216 216 217 217 218 218 218 219 219 219 219 219 220 220 220 220 219 219 219 219 219 219 219 218 218 218 217 217 217 216 216 215 215 214 214 213 213 212 211 211 210 209 209 208 207 206 206 205 204 203 202 201 201 200 199 198 197 196 195 194 193 192 190 189 188 187 186 185
180 154 163 169 175 179 183 186 189 192 194 197 199 201 202 204 206 207 208 209 211 212 213 214 214 215 216 217 217 218 218 219 219 219 220 220 220 220 221 221 221 221 221 221 221 221 221 220 220 220 220 220 219 219 219 218 218 217 217 217 216 216 215 214 214 213 213 212 211 211 210 209 209 208 207 206 205 204 204 203 202 201 200 199 198 197 196 195 194 193 192 191 189 188 187 186
180 155 164 171 176 180 184 187 190 193 195 198 200 202 204 205 207 208 210 211 212 213 214 215 216 216 217 218 218 219 219 220 220 221 221 221 221 222 222 222 222 222 222 222 222 222 222 222 222 221 221 221 221 220 220 220 219 219 218 218 217 217 216 216 215 215 214 213 213 212 211 211 210 209 208 207 207 206 205 204 203 202 201 200 199 198 197 196 195 194 193 192 191 190 188 187
180 156 165 172 177 181 185 188 191 194 197 199 201 203 205 206 208 209 211 212 213 214 215 216 217 218 218 219 220 220 221 221 222 222 222 222 223 223 223 223 223 223 223 223 223 223 223 223 223 223 222 222 222 221 221 221 220 220 220 219 219 218 218 217 216 216 215 215 214 213 212 212 211 210 209 209 208 207 206 205 204 203 202 201 201 200 198 197 196 195 194 193 192 191 190 188
180 156 166 173 178 182 186 190 193 195 198 200 202 204 206 208 209 211 212 213 214 215 216 217 218 219 220 220 221 221 222 222 223 223 223 224 224 224 224 224 224 225 225 225 224 224 224 224 224 224 224 223 223 223 222 222 222 221 221 220 220 219 219 218 218 217 216 216 215 214 214 213 212 211 211 210 209 208 207 206 206 205 204 203 202 201 200 199 198 197 195 194 193 192 191 190
180 157 167 174 179 183 187 191 194 196 199 201 203 205 207 209 210 212 213 214 215 217 217 218 219 220 221 221 222 223 223 224 224 224 225 225 225 225 225 226 226 226 226 226 226 226 225 225 225 225 225 224 224 224 224 223 223 222 222 221 221 220 220 219 219 218 218 217 216 216 215 214 213 213 212 211 210 209 209 208 207 206 205 204 203 202 201 200 199 198 197 196 194 193 192 191
180 157 168 175 180 184 188 192 195 198 200 202 204 206 208 210 211 213 214 215 217 218 219 220 220 221 222 223 223 224 224 225 225 225 226 226 226 226 227 227 227 227 227 227 227 227 227 226 226 226 226 226 225 225 225 224 224 224 223 223 222 222 221 221 220 219 219 218 217 217 216 215 215 214 213 212 211 211 210 209 208 207 206 205 204 203 202 201 200 199 198 197 196 194 193 192
180 157 169 175 181 185 189 193 196 199 201 203 206 207 209 211 212 214 215 217 218 219 220 221 222 222 223 224 224 225 225 226 226 227 227 227 227 228 228 228 228 228 228 228 228 228 228 228 227 227 227 227 227 226 226 225 225 225 224 224 223 223 222 222 221 221 220 219 219 218 217 217 216 215 214 213 213 212 211 210 209 208 207 206 205 204 203 202 201 200 199 198 197 196 194 193
180 157 169 176 182 186 190 194 197 200 202 204 207 208 210 212 214 215 216 218 219 220 221 222 223 223 224 225 225 226 226 227 227 228 228 228 229 229 229 229 229 229 229 229 229 229 229 229 229 228 228 228 228 227 227 227 226 226 225 225 224 224 223 223 222 222 221 220 220 219 218 218 217 216 215 215 214 213 212 211 210 209 208 207 206 205 204 203 202 201 200 199 198 197 196 194
180 155 170 177 182 187 191 195 198 200 203 205 207 209 211 213 215 216 217 219 220 221 222 223 224 224 225 226 226 227 228 228 228 229 229 229 230 230 230 230 230 230 230 230 230 230 230 230 230 230 229 229 229 228 228 228 227 227 227 226 226 225 225 224 223 223 222 222 221 220 220 219 218 217 216 216 215 214 213 212 211 210 210 209 208 207 206 205 203 202 201 200 199 198 197 196
180 153 170 177 183 188 192 195 198 201 204 206 208 210 212 214 216 217 218 220 221 222 223 224 225 225 226 227 228 228 229 229 229 230 230 230 231 231 231 231 231 231 231 231 231 231 231 231 231 231 230 230 230 230 229 229 228 228 228 227 227 226 226 225 225 224 223 223 222 221 221 220 219 218 218 217 216 215 214 213 212 212 211 210 209 208 207 206 205 203 202 201 200 199 198 197
180 155 170 178 184 188 193 196 199 202 205 207 209 211 213 215 216 218 219 221 222 223 224 225 226 226 227 228 229 229 230 230 230 231 231 231 232 232 232 232 232 232 232 232 232 232 232 232 232 232 231 231 231 231 230 230 230 229 229 228 228 227 227 226 226 225 224 224 223 222 222 221 220 219 219 218 217 216 215 214 214 213 212 211 210 209 208 207 206 205 203 202 201 200 199 198
180 158 170 178 184 189 193 197 200 203 206 208 210 212 214 216 217 219 220 222 223 224 225 226 227 227 228 229 230 230 231 231 231 232 232 232 233 233 233 233 233 233 233 233 233 233 233 233 233 233 232 232 232 232 231 231 231 230 230 229 229 228 228 227 227 226 225 225 224 223 223 222 221 221 220 219 218 217 216 216 215 214 213 212 211 210 209 208 207 206 205 203 202 201 200 199
180 161 170 179 185 190 194 198 201 204 206 209 211 213 215 217 218 220 221 222 224 225 226 227 228 228 229 230 230 231 232 232 232 233 233 233 234 234 234 234 234 234 234 234 234 234 234 234 234 234 234 233 233 233 232 232 232 231 231 230 230 229 229 228 228 227 227 226 225 225 224 223 222 222 221 220 219 218 217 217 216 215 214 213 212 211 210 209 208 207 206 205 203 202 201 200
180 165 169 179 185 190 194 198 201 204 207 210 212 214 216 217 219 221 222 223 224 226 227 228 228 229 230 231 231 232 233 233 233 234 234 234 235 235 235 235 235 235 235 235 235 235 235 235 235 235 235 234 234 234 233 233 233 232 232 231 231 230 230 229 229 228 228 227 226 226 225 224 223 223 222 221 220 219 219 218 217 216 215 214 213 212 211 210 209 208 207 206 204 203 202 201
180 171 168 179 185 190 195 199 202 205 208 210 212 215 216 218 220 221 223 224 225 226 228 228 229 230 231 232 232 233 233 234 234 235 235 235 236 236 236 236 236 236 236 236 236 236 236 236 236 236 236 235 235 235 234 234 234 233 233 232 232 231 231 230 230 229 229 228 227 227 226 225 224 224 223 222 221 220 220 219 218 217 216 215 214 213 212 211 210 209 208 207 205 204 203 202
180 183 167 179 185 191 195 199 203 206 208 211 213 215 217 219 221 222 224 225 226 227 228 229 230 231 232 233 233 234 234 235 235 236 236 236 237 237 237 237 237 237 237 237 237 237 237 237 237 237 236 236 236 236 235 235 235 234 234 233 233 232 232 231 231 230 230 229 228 228 227 226 225 225 224 223 222 221 221 220 219 218 217 216 215 214 213 212 211 210 209 208 206 205 204 203
180 189 163 178 185 191 196 200 203 206 209 212 214 216 218 220 221 223 224 226 227 228 229 230 231 232 233 233 234 235 235 236 236 237 237 237 237 238 238 238 238 238 238 238 238 238 238 238 238 238 237 237 237 237 236 236 236 235 235 234 234 233 233 232 232 231 230 230 229 229 228 227 226 226 225 224 223 222 222 221 220 219 218 217 216 215 214 213 212 211 210 209 207 206 205 204
180 177 161 178 185 191 196 200 204 207 210 212 214 217 219 220 222 224 225 226 228 229 230 231 232 233 233 234 235 235 236 237 237 237 238 238 238 239 239 239 239 239 239 239 239 239 239 239 239 239 238 238 238 238 237 237 236 236 236 235 235 234 234 233 233 232 231 231 230 229 229 228 227 227 226 225 224 223 222 222 221 220 219 218 217 216 215 214 213 212 211 210 208 207 206 205
180 156 166 177 185 191 196 200 204 207 210 213 215 217 219 221 223 224 226 227 228 230 231 232 233 233 234 235 236 236 237 237 238 238 239 239 239 239 240 240 240 240 240 240 240 240 240 240 240 239 239 239 239 238 238 238 237 237 237 236 236 235 235 234 234 233 232 232 231 230 230 229 228 227 227 226 225 224 223 223 222 221 220 219 218 217 216 215 214 213 212 210 209 208 207 206
180 160 172 175 185 191 196 200 204 207 210 213 215 218 220 222 223 225 226 228 229 230 231 232 233 234 235 236 236 237 238 238 239 239 239 240 240 240 240 241 241 241 241 241 241 241 241 241 240 240 240 240 240 239 239 239 238 238 237 237 237 236 236 235 234 234 233 233 232 231 231 230 229 228 228 227 226 225 224 223 223 222 221 220 219 218 217 216 215 214 213 211 210 209 208 207
180 169 183 173 184 191 196 201 204 208 211 213 216 218 220 222 224 226 227 228 230 231 232 233 234 235 236 236 237 238 238 239 239 240 240 241 241 241 241 241 242 242 242 242 242 242 242 241 241 241 241 241 240 240 240 240 239 239 238 238 237 237 236 236 235 235 234 234 233 232 232 231 230 229 229 228 227 226 225 224 223 223 222 221 220 219 218 217 216 215 213 212 211 210 209 208
180 194 192 169 183 191 196 201 205 208 211 214 216 219 221 223 224 226 228 229 230 232 233 234 235 236 236 237 238 239 239 240 240 241 241 241 242 242 242 242 242 242 242 243 242 242 242 242 242 242 242 242 241 241 241 240 240 240 239 239 238 238 237 237 236 236 235 234 234 233 232 232 231 230 229 229 228 227 226 225 224 223 222 222 221 220 219 218 216 215 214 213 212 211 210 209
180 180 184 166 182 190 196 201 205 208 211 214 217 219 221 223 225 227 228 230 231 232 233 234 235 236 237 238 239 239 240 240 241 241 242 242 242 243 243 243 243 243 243 243 243 243 243 243 243 243 243 242 242 242 242 241 241 240 240 240 239 239 238 238 237 236 236 235 235 234 233 233 232 231 230 229 229 228 227 226 225 224 223 222 221 220 219 218 217 216 215 214 213 212 211 209
180 180 157 173 181 189 196 200 205 208 212 214 217 219 222 224 225 227 229 230 231 233 234 235 236 237 238 238 239 240 240 241 242 242 242 243 243 243 244 244 244 244 244 244 244 244 244 244 244 244 243 243 243 243 242 242 242 241 241 240 240 239 239 238 238 237 237 236 235 235 234 233 233 232 231 230 229 229 228 227 226 225 224 223 222 221 220 219 218 217 216 215 214 213 211 210
180 180 165 183 178 189 195 200 205 208 212 215 217 220 222 224 226 228 229 231 232 233 234 236 237 237 238 239 240 241 241 242 242 243 243 243 244 244 244 244 245 245 245 245 245 245 245 245 244 244 244 244 244 243 243 243 242 242 242 241 241 240 240 239 239 238 237 237 236 236 235 234 233 233 232 231 230 229 229 228 227 226 225 224 223 222 221 220 219 218 217 216 215 213 212 211
180 180 186 194 174 187 194 200 204 208 212 215 217 220 222 224 226 228 230 231 232 234 235 236 237 238 239 240 240 241 242 242 243 243 244 244 244 245 245 245 245 245 245 245 245 245 245 245 245 245 245 245 244 244 244 244 243 243 242 242 241 241 241 240 239 239 238 238 237 236 236 235 234 233 233 232 231 230 229 229 228 227 226 225 224 223 222 221 220 219 218 217 215 214 213 212
180 180 180 188 170 186 194 199 204 208 212 215 218 220 222 225 226 228 230 231 233 234 235 236 238 239 239 240 241 242 242 243 243 244 244 245 245 245 246 246 246 246 246 246 246 246 246 246 246 246 246 245 245 245 245 244 244 244 243 243 242 242 241 241 240 240 239 238 238 237 236 236 235 234 233 233 232 231 230 229 228 228 227 226 225 224 223 222 221 220 218 217 216 215 214 213
180 180 180 159 178 184 193 199 204 208 212 215 218 220 223 225 227 229 230 232 233 235 236 237 238 239 240 241 241 242 243 243 244 244 245 245 246 246 246 246 247 247 247 247 247 247 247 247 247 246 246 246 246 246 245 245 245 244 244 243 243 242 242 241 241 240 240 239 239 238 237 236 236 235 234 233 233 232 231 230 229 228 227 226 225 224 223 222 221 220 219 218 217 216 215 214
180 180 180 170 194 180 191 198 203 208 211 215 218 220 223 225 227 229 231 232 234 235 236 237 238 239 240 241 242 243 243 244 245 245 245 246 246 246 247 247 247 247 247 247 247 247 247 247 247 247 247 247 246 246 246 246 245 245 245 244 244 243 243 242 242 241 240 240 239 239 238 237 236 236 235 234 233 233 232 231 230 229 228 227 226 225 224 223 222 221 220 219 218 217 215 214
