AvaFrame/avaframe/data/avaBowl/Outputs/r_avaflow_sss_paramflag0/bo_results/bo_ascii/bo_hillshade0021.asc
ncols 200
nrows 200
xllcenter 997.50
yllcenter -4997.50
cellsize 25.00
NODATA_value -9999.000
[rows 129 to 171 of 200, columns 0 to 95 of 200]
180 180 180 180 194 169 190 197 203 207 211 214 218 220 223 225 227 229 231 232 234 235 237 238 239 240 241 242 242 243 244 244 245 246 246 246 247 247 247 248 248 248 248 248 248 248 248 248 248 248 248 247 247 247 247 246 246 246 245 245 244 244 243 243 242 242 241 241 240 239 239 238 237 236 236 235 234 233 232 232 231 230 229 228 227 226 225 224 223 222 221 220 218 217 216 215
180 180 180 180 157 178 187 196 202 207 211 214 217 220 223 225 227 229 231 233 234 236 237 238 239 240 241 242 243 244 244 245 245 246 246 247 247 248 248 248 248 248 249 249 249 249 249 249 248 248 248 248 248 248 247 247 247 246 246 245 245 245 244 244 243 242 242 241 241 240 239 239 238 237 236 236 235 234 233 232 231 230 230 229 228 227 226 225 224 222 221 220 219 218 217 216
180 180 180 180 167 194 184 194 201 206 210 214 217 220 223 225 227 229 231 233 234 236 237 238 239 241 242 242 243 244 245 245 246 246 247 247 248 248 248 249 249 249 249 249 249 249 249 249 249 249 249 249 248 248 248 248 247 247 246 246 246 245 245 244 244 243 242 242 241 241 240 239 239 238 237 236 235 235 234 233 232 231 230 229 228 227 226 225 224 223 222 221 220 219 218 216
180 180 180 180 218 195 173 192 200 205 210 213 217 220 223 225 227 229 231 233 234 236 237 239 240 241 242 243 244 244 245 246 246 247 247 248 248 249 249 249 249 249 250 250 250 250 250 250 250 249 249 249 249 249 248 248 248 247 247 247 246 246 245 245 244 244 243 243 242 241 241 240 239 238 238 237 236 235 234 234 233 232 231 230 229 228 227 226 225 224 223 222 221 219 218 217
180 180 180 180 180 168 181 190 198 204 209 213 216 219 222 225 227 229 231 233 235 236 237 239 240 241 242 243 244 245 245 246 247 247 248 248 249 249 249 250 250 250 250 250 250 250 250 250 250 250 250 250 249 249 249 249 248 248 248 247 247 246 246 245 245 244 244 243 242 242 241 240 240 239 238 238 237 236 235 234 233 232 231 231 230 229 228 227 226 224 223 222 221 220 219 218
180 180 180 180 180 169 195 185 196 203 208 212 216 219 222 225 227 229 231 233 235 236 238 239 240 241 242 243 244 245 246 246 247 248 248 249 249 249 250 250 250 250 251 251 251 251 251 251 251 250 250 250 250 250 250 249 249 249 248 248 247 247 246 246 245 245 244 244 243 242 242 241 240 240 239 238 237 237 236 235 234 233 232 231 230 229 228 227 226 225 224 223 222 221 220 218
180 180 180 180 180 180 196 175 194 201 207 211 215 219 222 224 227 229 231 233 235 236 238 239 240 241 243 243 244 245 246 247 247 248 248 249 249 250 250 250 251 251 251 251 251 251 251 251 251 251 251 251 250 250 250 250 249 249 249 248 248 247 247 246 246 245 245 244 244 243 242 242 241 240 239 239 238 237 236 235 235 234 233 232 231 230 229 228 227 226 225 224 222 221 220 219
180 180 180 180 180 180 160 188 190 199 206 210 214 218 221 224 226 229 231 233 235 236 238 239 240 242 243 244 245 245 246 247 248 248 249 249 250 250 250 251 251 251 251 251 252 252 252 252 252 251 251 251 251 251 250 250 250 250 249 249 248 248 248 247 246 246 245 245 244 244 243 242 242 241 240 239 238 238 237 236 235 234 233 232 231 230 229 228 227 226 225 224 223 222 221 220
180 180 180 180 180 180 184 196 184 197 204 209 214 217 221 223 226 228 231 233 234 236 238 239 240 242 243 244 245 246 246 247 248 248 249 250 250 250 251 251 251 252 252 252 252 252 252 252 252 252 252 252 251 251 251 251 250 250 250 249 249 248 248 248 247 246 246 245 245 244 243 243 242 241 241 240 239 238 237 237 236 235 234 233 232 231 230 229 228 227 226 225 224 222 221 220
180 180 180 180 180 180 180 194 183 194 202 208 212 216 220 223 226 228 230 232 234 236 238 239 240 242 243 244 245 246 247 247 248 249 249 250 250 251 251 251 252 252 252 252 252 252 252 252 252 252 252 252 252 252 251 251 251 250 250 250 249 249 248 248 247 247 246 246 245 245 244 243 243 242 241 240 240 239 238 237 236 235 234 233 232 231 230 229 228 227 226 225 224 223 222 221
180 180 180 180 180 180 180 169 196 189 200 206 211 215 219 222 225 228 230 232 234 236 237 239 240 242 243 244 245 246 247 247 248 249 249 250 250 251 251 252 252 252 252 252 253 253 253 253 253 253 252 252 252 252 252 252 251 251 251 250 250 249 249 248 248 247 247 246 246 245 244 244 243 242 242 241 240 239 238 238 237 236 235 234 233 232 231 230 229 228 227 226 225 223 222 221
180 180 180 180 180 180 180 180 197 180 197 204 210 214 218 221 224 227 230 232 234 236 237 239 240 242 243 244 245 246 247 248 248 249 250 250 251 251 251 252 252 252 253 253 253 253 253 253 253 253 253 253 253 252 252 252 252 251 251 251 250 250 249 249 248 248 247 247 246 245 245 244 243 243 242 241 240 240 239 238 237 236 235 234 233 232 231 230 229 228 227 226 225 224 223 222
180 180 180 180 180 180 180 180 164 195 192 202 208 213 217 221 224 226 229 231 233 235 237 239 240 241 243 244 245 246 247 248 248 249 250 250 251 251 252 252 252 253 253 253 253 253 253 253 253 253 253 253 253 253 252 252 252 252 251 251 251 250 250 249 249 248 248 247 247 246 245 245 244 243 242 242 241 240 239 238 238 237 236 235 234 233 232 231 230 229 228 227 226 224 223 222
180 180 180 180 180 180 180 180 180 198 180 199 206 211 216 220 223 226 228 231 233 235 237 238 240 241 243 244 245 246 247 248 248 249 250 250 251 251 252 252 253 253 253 253 253 253 254 254 254 254 253 253 253 253 253 253 252 252 252 251 251 251 250 250 249 249 248 247 247 246 246 245 244 244 243 242 241 241 240 239 238 237 236 235 234 233 232 231 230 229 228 227 226 225 224 223
180 180 180 180 180 180 180 180 180 162 195 195 204 210 214 218 222 225 228 230 232 234 236 238 240 241 242 244 245 246 247 248 248 249 250 250 251 251 252 252 253 253 253 253 254 254 254 254 254 254 254 254 253 253 253 253 253 252 252 252 251 251 250 250 249 249 248 248 247 247 246 245 245 244 243 242 242 241 240 239 238 237 237 236 235 234 233 232 231 230 229 228 226 225 224 223
180 180 180 180 180 180 180 180 180 212 198 182 200 207 213 217 221 224 227 229 232 234 236 238 239 241 242 243 245 246 247 248 248 249 250 250 251 252 252 252 253 253 253 254 254 254 254 254 254 254 254 254 254 254 253 253 253 253 252 252 252 251 251 250 250 249 249 248 248 247 246 246 245 244 244 243 242 241 240 240 239 238 237 236 235 234 233 232 231 230 229 228 227 226 225 223
180 180 180 180 180 180 180 180 180 180 170 195 196 205 211 215 219 223 226 229 231 233 235 237 239 240 242 243 244 245 246 247 248 249 250 250 251 252 252 252 253 253 253 254 254 254 254 254 254 254 254 254 254 254 254 253 253 253 252 252 252 251 251 251 250 250 249 248 248 247 247 246 245 245 244 243 242 242 241 240 239 238 237 236 235 234 234 232 231 230 229 228 227 226 225 224
180 180 180 180 180 180 180 180 180 180 180 198 182 201 208 214 218 222 225 228 230 232 235 237 238 240 241 243 244 245 246 247 248 249 250 250 251 251 252 252 253 253 253 254 254 254 254 254 254 254 254 254 254 254 254 254 253 253 253 252 252 252 251 251 250 250 249 249 248 248 247 246 246 245 244 243 243 242 241 240 239 239 238 237 236 235 234 233 232 231 230 229 227 226 225 224
180 180 180 180 180 180 180 180 180 180 180 163 196 196 205 211 216 220 223 227 229 232 234 236 238 239 241 242 244 245 246 247 248 249 249 250 251 251 252 252 253 253 253 254 254 254 254 254 254 254 254 254 254 254 254 254 253 253 253 253 252 252 251 251 251 250 250 249 248 248 247 247 246 245 244 244 243 242 241 241 240 239 238 237 236 235 234 233 232 231 230 229 228 227 226 224
180 180 180 180 180 180 180 180 180 180 180 180 199 185 202 209 214 218 222 225 228 231 233 235 237 239 240 242 243 244 246 247 248 248 249 250 251 251 252 252 253 253 253 254 254 254 254 254 254 254 254 254 254 254 254 254 254 253 253 253 252 252 252 251 251 250 250 249 249 248 247 247 246 245 245 244 243 242 242 241 240 239 238 237 236 235 234 233 232 231 230 229 228 227 226 225
180 180 180 180 180 180 180 180 180 180 180 180 168 196 196 206 212 216 220 224 227 230 232 234 236 238 240 241 243 244 245 246 247 248 249 250 250 251 252 252 253 253 253 254 254 254 254 254 254 254 254 254 254 254 254 254 254 253 253 253 253 252 252 251 251 250 250 249 249 248 248 247 246 246 245 244 243 243 242 241 240 239 238 238 237 236 235 234 233 232 231 229 228 227 226 225
180 180 180 180 180 180 180 180 180 180 180 180 180 200 190 201 209 214 219 222 226 228 231 233 235 237 239 241 242 243 245 246 247 248 249 249 250 251 251 252 252 253 253 254 254 254 254 254 254 254 254 254 254 254 254 254 254 254 253 253 253 252 252 251 251 251 250 250 249 248 248 247 247 246 245 244 244 243 242 241 240 240 239 238 237 236 235 234 233 232 231 230 229 227 226 225
180 180 180 180 180 180 180 180 180 180 180 180 180 181 197 194 205 212 216 221 224 227 230 232 234 236 238 240 241 243 244 245 246 247 248 249 250 251 251 252 252 253 253 253 254 254 254 254 254 254 254 254 254 254 254 254 254 254 253 253 253 252 252 252 251 251 250 250 249 249 248 247 247 246 245 245 244 243 242 241 241 240 239 238 237 236 235 234 233 232 231 230 229 228 227 225
180 180 180 180 180 180 180 180 180 180 180 180 180 180 202 195 200 208 214 218 222 226 228 231 233 235 237 239 241 242 244 245 246 247 248 249 250 250 251 251 252 252 253 253 254 254 254 254 254 254 254 254 254 254 254 254 254 254 253 253 253 252 252 252 251 251 250 250 249 249 248 247 247 246 245 245 244 243 242 242 241 240 239 238 237 236 235 234 233 232 231 230 229 228 227 226
180 180 180 180 180 180 180 180 180 180 180 180 180 180 180 199 188 204 211 216 220 224 227 230 232 234 236 238 240 241 243 244 245 246 247 248 249 250 251 251 252 252 253 253 253 254 254 254 254 254 254 254 254 254 254 254 254 254 253 253 253 252 252 252 251 251 250 250 249 249 248 248 247 246 246 245 244 243 243 242 241 240 239 238 237 236 235 234 233 232 231 230 229 228 227 226
180 180 180 180 180 180 180 180 180 180 180 180 180 180 180 171 197 198 207 213 218 222 225 228 231 233 235 237 239 241 242 243 245 246 247 248 249 249 250 251 251 252 252 253 253 253 254 254 254 254 254 254 254 254 254 254 254 254 253 253 253 252 252 252 251 251 250 250 249 249 248 248 247 246 246 245 244 243 243 242 241 240 239 238 237 236 235 235 233 232 231 230 229 228 227 226
180 180 180 180 180 180 180 180 180 180 180 180 180 180 180 180 203 195 202 210 215 220 223 226 229 232 234 236 238 240 241 243 244 245 246 247 248 249 250 250 251 251 252 252 253 253 253 254 254 254 254 254 254 254 254 254 254 253 253 253 253 252 252 252 251 251 250 250 249 249 248 248 247 246 246 245 244 243 243 242 241 240 239 238 237 237 236 235 234 233 231 230 229 228 227 226
180 180 180 180 180 180 180 180 180 180 180 180 180 180 180 180 180 199 189 206 212 217 221 225 228 230 233 235 237 239 240 242 243 244 245 247 247 248 249 250 250 251 252 252 252 253 253 253 253 254 254 254 254 254 254 254 253 253 253 253 253 252 252 252 251 251 250 250 249 249 248 248 247 246 246 245 244 243 243 242 241 240 239 238 238 237 236 235 234 233 232 230 229 228 227 226
180 180 180 180 180 180 180 180 180 180 180 180 180 180 180 180 180 173 197 199 208 214 219 222 226 229 231 233 236 237 239 241 242 243 245 246 247 248 248 249 250 251 251 252 252 252 253 253 253 253 253 253 254 254 253 253 253 253 253 253 252 252 252 251 251 251 250 250 249 249 248 248 247 246 246 245 244 243 243 242 241 240 239 238 238 237 236 235 234 233 232 230 229 228 227 226
180 180 180 180 180 180 180 180 180 180 180 180 180 180 180 180 180 180 205 196 203 210 216 220 224 227 229 232 234 236 238 240 241 243 244 245 246 247 248 249 249 250 251 251 251 252 252 253 253 253 253 253 253 253 253 253 253 253 253 252 252 252 252 251 251 250 250 250 249 249 248 247 247 246 246 245 244 243 243 242 241 240 239 238 237 237 236 235 234 233 232 230 229 228 227 226
180 180 180 180 180 180 180 180 180 180 180 180 180 180 180 180 180 180 180 201 193 205 212 217 221 225 228 230 233 235 237 238 240 241 243 244 245 246 247 248 249 249 250 250 251 251 252 252 252 253 253 253 253 253 253 253 253 253 252 252 252 252 251 251 251 250 250 249 249 248 248 247 247 246 245 245 244 243 243 242 241 240 239 238 237 236 236 235 234 233 231 230 229 228 227 226
180 180 180 180 180 180 180 180 180 180 180 180 180 180 180 180 180 180 180 195 199 197 207 213 218 222 225 228 231 233 235 237 239 240 242 243 244 245 246 247 248 249 249 250 250 251 251 252 252 252 252 252 252 253 253 252 252 252 252 252 252 251 251 251 250 250 250 249 249 248 248 247 247 246 245 245 244 243 242 242 241 240 239 238 237 236 235 234 233 232 231 230 229 228 227 226
180 180 180 180 180 180 180 180 180 180 180 180 180 180 180 180 180 180 180 180 210 197 201 209 215 219 223 226 229 231 234 236 237 239 241 242 243 244 245 246 247 248 249 249 250 250 251 251 251 252 252 252 252 252 252 252 252 252 252 252 251 251 251 251 250 250 249 249 248 248 247 247 246 246 245 244 244 243 242 241 241 240 239 238 237 236 235 234 233 232 231 230 229 228 227 226
180 180 180 180 180 180 180 180 180 180 180 180 180 180 180 180 180 180 180 180 180 206 196 203 211 216 220 224 227 229 232 234 236 238 239 241 242 243 244 245 246 247 248 248 249 249 250 250 251 251 251 251 251 252 252 252 252 251 251 251 251 251 251 250 250 250 249 249 248 248 247 247 246 245 245 244 243 243 242 241 240 240 239 238 237 236 235 234 233 232 231 230 229 228 227 226
180 180 180 180 180 180 180 180 180 180 180 180 180 180 180 180 180 180 180 180 180 180 203 195 205 212 217 221 224 227 230 232 234 236 238 239 241 242 243 244 245 246 247 248 248 249 249 250 250 250 251 251 251 251 251 251 251 251 251 251 251 250 250 250 250 249 249 248 248 247 247 246 246 245 245 244 243 243 242 241 240 239 239 238 237 236 235 234 233 232 231 230 229 228 227 225
180 180 180 180 180 180 180 180 180 180 180 180 180 180 180 180 180 180 180 180 180 180 180 201 194 206 213 217 221 225 228 230 232 234 236 238 239 241 242 243 244 245 246 247 247 248 248 249 249 250 250 250 250 250 251 251 251 250 250 250 250 250 250 249 249 249 248 248 248 247 247 246 245 245 244 244 243 242 241 241 240 239 238 237 237 236 235 234 233 232 231 230 229 227 226 225
180 180 180 180 180 180 180 180 180 180 180 180 180 180 180 180 180 180 180 180 180 180 180 209 199 197 207 213 218 222 225 228 230 232 234 236 238 239 241 242 243 244 245 246 246 247 247 248 248 249 249 249 250 250 250 250 250 250 250 250 250 249 249 249 249 248 248 248 247 247 246 246 245 244 244 243 243 242 241 240 240 239 238 237 236 235 234 233 232 231 230 229 228 227 226 225
180 180 180 180 180 180 180 180 180 180 180 180 180 180 180 180 180 180 180 180 180 180 180 180 222 198 199 208 214 218 222 225 228 230 232 234 236 238 239 240 242 243 244 244 245 246 246 247 248 248 248 249 249 249 249 249 249 249 249 249 249 249 249 248 248 248 247 247 247 246 246 245 245 244 243 243 242 241 241 240 239 238 238 237 236 235 234 233 232 231 230 229 228 227 226 225
180 180 180 180 180 180 180 180 180 180 180 180 180 180 180 180 180 180 180 180 180 180 180 180 180 217 198 201 209 214 219 222 225 228 230 232 234 236 237 239 240 241 242 243 244 245 245 246 247 247 247 248 248 248 248 248 249 249 249 248 248 248 248 248 248 247 247 247 246 246 245 245 244 244 243 242 242 241 240 240 239 238 237 236 236 235 234 233 232 231 230 229 228 227 225 224
180 180 180 180 180 180 180 180 180 180 180 180 180 180 180 180 180 180 180 180 180 180 180 180 180 180 213 197 201 209 214 219 222 225 228 230 232 234 236 237 239 240 241 242 243 244 244 245 245 246 246 247 247 247 248 248 248 248 248 248 248 248 247 247 247 247 246 246 246 245 245 244 244 243 243 242 241 241 240 239 238 238 237 236 235 234 233 232 231 230 229 228 227 226 225 224
180 180 180 180 180 180 180 180 180 180 180 180 180 180 180 180 180 180 180 180 180 180 180 180 180 180 180 211 197 202 209 215 219 222 225 228 230 232 234 235 237 238 239 240 241 242 243 244 244 245 245 246 246 246 247 247 247 247 247 247 247 247 247 246 246 246 246 245 245 245 244 244 243 243 242 241 241 240 239 239 238 237 236 235 235 234 233 232 231 230 229 228 227 226 225 223
180 180 180 180 180 180 180 180 180 180 180 180 180 180 180 180 180 180 180 180 180 180 180 180 180 180 180 180 210 197 202 209 214 218 222 225 227 229 231 233 235 236 238 239 240 241 242 242 243 244 244 245 245 245 246 246 246 246 246 246 246 246 246 246 245 245 245 245 244 244 243 243 242 242 241 241 240 239 239 238 237 237 236 235 234 233 232 231 230 229 228 227 226 225 224 223
180 180 180 180 180 180 180 180 180 180 180 180 180 180 180 180 180 180 180 180 180 180 180 180 180 180 180 180 180 210 197 201 209 214 218 221 224 227 229 231 233 234 236 237 238 239 240 241 242 242 243 243 244 244 244 245 245 245 245 245 245 245 245 245 245 244 244 244 243 243 243 242 242 241 241 240 239 239 238 237 237 236 235 234 233 233 232 231 230 229 228 227 226 225 224 222
