AvaFrame/avaframe/data/avaBowl/Outputs/r_avaflow_sss_paramflag0/bo_results/bo_ascii/bo_pflow1_max.asc
ncols 200
nrows 200
xllcenter 997.50
yllcenter -4997.50
cellsize 25.00
NODATA_value -9999.000
[rows 90 to 119 of 200, columns 0 to 67 of 200]
0.000 0.000 0.000 0.000 0.000 0.000 0.000 0.000 0.000 0.000 0.000 1243.096 5430.696 63786.906 88269.758 161612.234 238553.938 257359.734 260202.016 260452.484 253985.047 253803.812 250091.000 255482.594 249780.562 232186.141 196633.578 172989.219 150941.312 125979.617 111679.023 99190.242 90063.945 81184.352 76215.516 71531.547 67208.992 64003.305 60912.145 57676.852 54102.004 50863.309 47667.902 44228.613 40437.914 37631.051 34324.227 31334.402 28332.623 25396.318 22771.092 20323.898 18086.559 16249.737 14738.039 13479.450 12356.709 11283.833 10360.801 9941.822 10186.229 10147.115 9988.232 9683.450 9788.122 9193.815 7381.913 6389.816
0.000 0.000 0.000 0.000 0.000 0.000 0.000 0.000 0.000 0.000 1093.177 2638.870 10389.586 82157.039 157441.672 298179.531 368726.875 440087.875 465334.438 474510.719 468864.375 451529.750 445697.375 469928.875 488351.562 466494.531 419631.188 388360.062 353757.375 307563.219 265029.781 228818.781 197844.359 171511.594 150345.516 137381.781 124801.828 120242.875 110425.953 103479.766 97460.367 91566.109 85738.375 79424.680 71957.484 67000.711 62461.512 57850.094 53404.688 48997.973 44021.691 39659.242 35647.773 32240.004 29159.211 26595.604 24460.754 22462.225 20712.205 19047.297 17571.025 16442.119 15685.359 15297.035 14526.680 14044.857 13592.612 13109.464
0.000 0.000 0.000 0.000 0.000 0.000 0.000 0.000 0.000 0.000 0.000 2838.044 12272.686 97215.398 172785.469 325352.562 442387.062 549856.875 562045.125 566985.062 570657.750 567135.125 578208.938 604911.375 599638.688 638284.125 566573.750 530556.688 506306.812 487620.375 467927.688 445937.125 423777.531 391143.750 360850.281 334483.781 308998.406 286630.531 266072.312 247657.906 230425.734 214328.734 199797.062 186310.859 172686.516 158928.484 145043.016 131778.672 123032.062 114756.883 106201.547 97080.969 88280.938 80018.906 74313.703 68760.805 63151.918 57807.918 53775.047 49882.770 45900.125 43109.465 40038.789 37423.719 35271.496 33258.379 31441.086 29823.137
0.000 0.000 0.000 0.000 0.000 0.000 0.000 0.000 0.000 0.000 1104.320 2947.356 12112.240 97094.047 172366.953 322526.375 462085.812 563031.812 575672.250 587380.938 595229.812 601254.750 599835.438 675751.625 690590.688 695277.188 683997.312 673593.000 679320.438 685217.500 671406.250 644118.750 597991.000 563190.438 532954.375 499325.969 478970.531 452318.906 425061.281 406843.719 395480.188 383783.656 375114.812 359121.969 347651.688 336163.531 323115.094 304655.562 282652.688 265270.688 245637.344 232359.438 225152.609 214171.156 203936.312 187806.953 171898.703 156675.016 147703.484 140299.125 132752.766 124165.109 114653.914 104017.977 96495.117 88459.023 80286.422 73618.820
0.000 0.000 0.000 0.000 0.000 0.000 0.000 0.000 0.000 0.000 1146.907 2982.651 11899.529 96733.680 170896.656 320154.938 464499.250 564321.000 578686.062 592330.938 605924.062 617031.875 618863.438 701830.688 749528.938 741293.812 748452.438 799538.188 795815.250 747363.375 699102.250 665121.750 662580.750 656816.688 643579.625 632046.312 619606.688 609244.125 607174.812 604280.375 596336.125 587781.125 571931.000 536511.500 504863.500 480998.250 443104.250 414264.250 380898.094 362582.656 362822.812 357073.344 347737.125 330643.531 307080.000 285718.250 268499.219 265431.938 257375.969 247695.422 230691.500 223102.000 219363.219 213338.141 208512.844 201799.750 192885.641 180531.125
0.000 0.000 0.000 0.000 0.000 0.000 0.000 0.000 0.000 0.000 1159.062 2876.839 11541.647 96426.266 169534.609 318022.062 463121.469 561907.312 575721.188 589991.938 604922.250 616922.875 620652.938 707386.125 778442.312 757006.562 800840.188 807571.062 798974.375 816634.125 802093.000 756323.688 709392.625 690326.375 680023.812 670341.875 655426.000 643077.875 642135.938 637352.812 630173.062 622567.875 612263.875 608256.875 601063.125 581431.250 559751.312 534395.500 506932.812 489967.281 474188.562 447942.750 433375.844 410795.281 383118.125 364672.406 356342.125 341658.750 329388.469 314660.250 303115.031 294742.406 290126.688 287912.875 283701.969 281007.875 277155.500 270479.719
0.000 0.000 0.000 0.000 0.000 0.000 0.000 0.000 0.000 0.000 1117.003 2650.079 10878.478 96187.719 168331.562 316283.750 461755.250 558377.938 571556.375 582689.500 594284.375 603379.875 604476.062 705873.500 772488.875 787267.188 804640.312 824567.062 811623.062 809223.875 816475.938 773655.750 755691.875 728908.688 714025.875 705008.500 699428.438 691870.688 683491.875 674216.250 664437.125 652687.188 638330.188 632940.500 608527.875 609595.750 606934.375 593944.188 569502.938 546953.688 530896.938 507408.125 483441.156 470301.062 453027.031 432456.594 417365.375 393867.844 378589.281 376919.688 371101.094 369403.406 366563.344 364161.594 361502.750 357497.094 353570.906 352337.531
0.000 0.000 0.000 0.000 0.000 0.000 0.000 0.000 0.000 0.000 681.104 2415.739 10292.617 96011.219 167412.953 314992.094 458698.250 547074.250 559903.250 571508.875 578314.875 582461.750 591975.625 712060.375 728434.062 757359.812 815386.438 831070.188 803269.312 817037.625 774636.000 752391.875 722278.688 726157.188 739027.875 741027.188 742627.438 736716.375 724995.562 713404.438 704821.500 685354.062 658744.562 643115.562 629685.062 616011.312 596680.062 587304.938 571729.312 562150.375 551612.438 532508.188 511358.781 499161.969 481092.750 459794.000 447391.906 432353.844 422566.969 422647.531 425088.719 422907.469 419365.125 415456.625 408290.438 407204.438 410470.906 414040.562
0.000 0.000 0.000 0.000 0.000 0.000 0.000 0.000 0.000 0.000 0.000 2038.211 9746.531 93823.453 166719.422 314139.906 443151.375 505069.688 534625.000 545031.250 547041.875 545669.812 562326.125 658545.688 703571.125 729671.500 730142.312 763001.500 733275.500 749568.125 719197.000 693445.688 674977.438 657678.250 667335.062 672580.125 672947.312 671440.812 683964.312 675721.375 680037.312 684566.188 691008.875 673664.375 649683.125 634918.312 603757.938 592091.062 577540.000 565673.125 551932.312 532633.000 510559.875 494978.125 481531.781 474755.469 468635.719 466231.906 460729.594 455519.188 456267.562 446551.344 442317.312 440046.219 442187.938 445719.531 454774.906 465178.688
0.000 0.000 0.000 0.000 0.000 0.000 0.000 0.000 0.000 0.000 0.000 1670.176 8082.649 75541.359 165665.250 287239.969 376037.031 384379.812 391456.438 392494.156 392367.406 399347.375 433176.469 488053.969 556555.250 620148.188 666346.000 615833.500 638776.062 605979.250 597964.500 599092.000 595989.875 584951.125 578953.500 577577.625 579290.688 585758.375 593874.062 590907.312 595528.125 601953.812 608399.000 607394.062 598778.938 591580.250 579748.938 573035.625 546729.250 536241.625 528648.625 523506.406 517201.844 509286.375 498823.625 500916.844 490660.281 484425.062 480302.406 477802.656 474774.031 463833.281 466822.469 473976.719 473926.656 480886.750 487266.156 491889.562
0.000 0.000 0.000 0.000 0.000 0.000 0.000 0.000 0.000 0.000 0.000 1201.006 4024.488 21661.332 95257.617 137027.234 156713.156 174955.031 191012.594 203398.656 211825.844 219744.797 234118.125 270716.188 315369.688 364060.125 415655.281 442496.594 472436.875 474705.750 477530.656 478876.156 476774.000 470910.656 466476.250 468691.906 478225.438 481216.094 480977.469 479576.969 476951.031 480446.281 490236.531 493688.625 501738.969 507568.000 496151.688 501077.969 490001.719 488481.281 492180.969 490241.938 489956.812 491964.094 494930.312 494184.906 473540.125 482840.031 487696.344 491133.438 490943.375 487893.969 483141.844 492382.844 493467.000 492286.188 496597.750 500476.812
0.000 0.000 0.000 0.000 0.000 0.000 0.000 0.000 0.000 0.000 0.000 724.663 1721.520 4820.756 21601.154 48348.879 65205.777 72818.547 84827.867 96735.406 105353.523 112166.992 118315.492 128359.961 145810.312 175081.047 206802.266 236605.703 263528.219 286164.656 306275.438 316747.531 326457.500 332233.438 333411.375 332497.188 330368.688 327222.188 325724.781 319337.531 319024.938 319571.938 318986.500 324501.000 330837.188 338295.750 352768.625 364941.438 372766.219 392985.125 408401.438 412947.469 423324.094 425395.562 430477.250 445168.375 447597.406 444638.781 457403.625 474727.000 469716.906 470193.594 474234.406 480031.906 472454.688 474411.250 476102.188 473512.219
0.000 0.000 0.000 0.000 0.000 0.000 0.000 0.000 0.000 0.000 0.000 0.000 1013.207 2058.645 4866.523 12477.225 23304.982 34641.637 44559.711 49826.836 53631.082 57815.797 62257.258 67438.992 73007.391 79170.258 88847.297 105579.234 121619.086 137114.844 151561.562 163465.297 172018.656 180374.766 185487.547 187433.828 186873.922 184716.547 181441.641 177264.703 173523.828 170451.406 168551.812 168270.484 170676.953 175329.094 183148.500 194305.094 204560.531 217759.125 231203.062 246225.344 259861.062 275975.000 291822.812 306607.938 324585.844 338625.000 352654.250 366554.938 367277.031 377711.281 380056.906 373821.000 368732.094 372577.812 372054.656 372818.438
0.000 0.000 0.000 0.000 0.000 0.000 0.000 0.000 0.000 0.000 0.000 0.000 0.000 1228.092 2105.938 3990.676 7566.165 12214.040 17053.805 21733.395 25944.699 29546.334 32788.824 36059.211 39583.316 43558.652 48165.801 52312.691 56326.559 61350.996 65551.625 72561.938 79059.547 84469.938 89250.453 92377.188 93771.672 94376.266 93607.266 91877.383 89614.008 87140.664 84256.930 86459.195 105816.570 117470.445 122900.297 126667.031 134219.125 136122.641 137345.578 143344.453 151438.219 162522.484 169362.422 176171.938 183051.969 187312.922 189959.750 193640.281 204634.203 215022.859 230220.656 240833.625 252968.953 272193.688 285564.094 294885.281
0.000 0.000 0.000 0.000 0.000 0.000 0.000 0.000 0.000 0.000 0.000 0.000 0.000 0.000 1108.915 1733.987 3013.150 4736.120 6762.879 8899.216 10952.957 12829.021 14536.676 16184.674 17918.385 19803.090 22204.154 25475.109 28936.369 32038.896 34584.395 37399.555 39331.387 41429.527 43011.793 44121.227 44766.465 45125.742 45158.953 45035.695 44765.230 44670.391 44481.496 44044.801 56425.453 73698.430 96769.867 109380.359 118054.039 127083.445 134035.188 138955.938 144037.297 149550.203 158871.891 163172.203 165988.156 170248.641 184148.031 192756.875 199881.953 207983.344 215150.719 223262.516 235626.922 216346.328 179193.766 140859.375
0.000 0.000 0.000 0.000 0.000 0.000 0.000 0.000 0.000 0.000 0.000 0.000 0.000 0.000 0.000 0.000 1503.178 2196.985 3029.291 4001.906 4978.576 5900.145 6768.819 7613.177 8458.195 9319.102 10231.925 11242.296 12530.483 14131.716 15963.187 17875.580 19724.543 21443.252 22795.682 23768.516 24527.961 24887.369 25377.508 25607.043 25634.275 25547.006 25779.564 25725.488 25663.854 29657.426 40030.074 50622.520 60659.996 75786.016 84683.867 91741.781 105900.914 112191.266 116503.688 119935.211 122631.719 124454.500 140569.734 142200.844 143554.016 142424.156 137470.516 125849.508 118796.555 105098.398 91263.406 73624.766
0.000 0.000 0.000 0.000 0.000 0.000 0.000 0.000 0.000 0.000 0.000 0.000 0.000 0.000 0.000 0.000 0.000 777.599 1553.185 2044.824 2486.316 2940.376 3386.245 3852.550 4309.342 4742.011 5179.764 5628.585 6092.683 6592.775 7165.333 7851.572 8613.808 9424.438 10231.392 10981.943 11668.313 12239.495 12636.547 12895.968 13076.400 13302.562 13671.484 14035.469 14417.718 14800.969 18001.744 22131.012 26252.158 30434.289 35108.004 38810.992 44446.469 48545.832 51102.832 51664.504 60558.805 58373.555 56151.781 53981.004 51896.297 49827.551 47537.438 51003.793 45671.375 39858.473 33931.344 28448.639
0.000 0.000 0.000 0.000 0.000 0.000 0.000 0.000 0.000 0.000 0.000 0.000 0.000 0.000 0.000 0.000 0.000 0.000 0.000 541.393 1090.096 1312.155 1656.065 2122.553 2346.744 2565.365 2784.281 3003.556 3229.780 3483.213 3766.888 4044.144 4317.875 4607.366 4920.702 5256.523 5606.175 5937.247 6224.894 6452.241 6599.050 6683.880 6759.477 7021.179 7352.206 7707.830 8058.519 9623.770 10900.694 12027.633 13768.949 14633.989 15336.329 16976.980 17381.037 17632.586 17794.250 19144.619 19120.123 18976.641 18695.641 18270.502 18759.584 17718.615 16515.650 15001.763 13448.453 11823.434
0.000 0.000 0.000 0.000 0.000 0.000 0.000 0.000 0.000 0.000 0.000 0.000 0.000 0.000 0.000 0.000 0.000 0.000 0.000 0.000 0.000 0.000 0.000 525.679 1038.325 1149.910 1278.047 1337.021 1614.655 2032.816 2193.415 2325.478 2452.674 2582.142 2716.466 2862.389 3031.659 3212.781 3426.887 3622.014 3761.429 3852.977 3946.434 4273.466 4691.773 4929.235 5280.864 5563.786 5700.911 5936.770 6078.752 6105.662 6299.578 6523.353 6702.346 6660.496 6801.871 6938.413 7059.049 7146.492 7174.630 7091.225 6846.411 6625.589 6408.881 6277.746 6133.151 5968.100
0.000 0.000 0.000 0.000 0.000 0.000 0.000 0.000 0.000 0.000 0.000 0.000 0.000 0.000 0.000 0.000 0.000 0.000 0.000 0.000 0.000 0.000 0.000 0.000 0.000 0.000 0.000 0.000 0.000 497.379 542.735 1064.167 1132.039 1203.659 1272.308 1393.417 1540.125 1896.580 2025.710 2120.265 2219.371 2359.311 2585.083 2818.688 3050.400 3257.116 3422.748 3538.162 3664.473 3761.948 3796.036 3817.137 3821.477 3769.400 3644.529 3475.480 3523.131 3467.386 3411.810 3395.435 3388.699 3408.144 3391.625 3189.711 3043.201 2989.154 3274.875 2836.308
0.000 0.000 0.000 0.000 0.000 0.000 0.000 0.000 0.000 0.000 0.000 0.000 0.000 0.000 0.000 0.000 0.000 0.000 0.000 0.000 0.000 0.000 0.000 0.000 0.000 0.000 0.000 0.000 0.000 0.000 0.000 0.000 0.000 0.000 0.000 0.000 0.000 484.674 547.487 638.102 807.138 1333.039 1448.397 1589.691 1685.878 1747.403 1738.848 1638.678 1818.999 1846.705 1864.581 1812.585 1845.112 1844.380 1945.610 1896.465 1817.327 1743.224 1689.837 1652.327 1522.303 1324.583 1315.156 1259.244 1187.465 1010.311 1530.428 2846.548
0.000 0.000 0.000 0.000 0.000 0.000 0.000 0.000 0.000 0.000 0.000 0.000 0.000 0.000 0.000 0.000 0.000 0.000 0.000 0.000 0.000 0.000 0.000 0.000 0.000 0.000 0.000 0.000 0.000 0.000 0.000 0.000 0.000 0.000 0.000 0.000 0.000 0.000 0.000 0.000 0.000 0.000 0.000 0.000 0.000 0.000 0.000 0.000 0.000 0.000 0.000 0.000 0.000 0.000 0.000 0.000 0.000 0.000 0.000 0.000 0.000 0.000 0.000 0.000 0.000 0.000 652.880 1255.955
0.000 0.000 0.000 0.000 0.000 0.000 0.000 0.000 0.000 0.000 0.000 0.000 0.000 0.000 0.000 0.000 0.000 0.000 0.000 0.000 0.000 0.000 0.000 0.000 0.000 0.000 0.000 0.000 0.000 0.000 0.000 0.000 0.000 0.000 0.000 0.000 0.000 0.000 0.000 0.000 0.000 0.000 0.000 0.000 0.000 0.000 0.000 0.000 0.000 0.000 0.000 0.000 0.000 0.000 0.000 0.000 0.000 0.000 0.000 0.000 0.000 0.000 0.000 0.000 0.000 0.000 0.000 0.000
0.000 0.000 0.000 0.000 0.000 0.000 0.000 0.000 0.000 0.000 0.000 0.000 0.000 0.000 0.000 0.000 0.000 0.000 0.000 0.000 0.000 0.000 0.000 0.000 0.000 0.000 0.000 0.000 0.000 0.000 0.000 0.000 0.000 0.000 0.000 0.000 0.000 0.000 0.000 0.000 0.000 0.000 0.000 0.000 0.000 0.000 0.000 0.000 0.000 0.000 0.000 0.000 0.000 0.000 0.000 0.000 0.000 0.000 0.000 0.000 0.000 0.000 0.000 0.000 0.000 0.000 0.000 0.000
0.000 0.000 0.000 0.000 0.000 0.000 0.000 0.000 0.000 0.000 0.000 0.000 0.000 0.000 0.000 0.000 0.000 0.000 0.000 0.000 0.000 0.000 0.000 0.000 0.000 0.000 0.000 0.000 0.000 0.000 0.000 0.000 0.000 0.000 0.000 0.000 0.000 0.000 0.000 0.000 0.000 0.000 0.000 0.000 0.000 0.000 0.000 0.000 0.000 0.000 0.000 0.000 0.000 0.000 0.000 0.000 0.000 0.000 0.000 0.000 0.000 0.000 0.000 0.000 0.000 0.000 0.000 0.000
0.000 0.000 0.000 0.000 0.000 0.000 0.000 0.000 0.000 0.000 0.000 0.000 0.000 0.000 0.000 0.000 0.000 0.000 0.000 0.000 0.000 0.000 0.000 0.000 0.000 0.000 0.000 0.000 0.000 0.000 0.000 0.000 0.000 0.000 0.000 0.000 0.000 0.000 0.000 0.000 0.000 0.000 0.000 0.000 0.000 0.000 0.000 0.000 0.000 0.000 0.000 0.000 0.000 0.000 0.000 0.000 0.000 0.000 0.000 0.000 0.000 0.000 0.000 0.000 0.000 0.000 0.000 0.000
0.000 0.000 0.000 0.000 0.000 0.000 0.000 0.000 0.000 0.000 0.000 0.000 0.000 0.000 0.000 0.000 0.000 0.000 0.000 0.000 0.000 0.000 0.000 0.000 0.000 0.000 0.000 0.000 0.000 0.000 0.000 0.000 0.000 0.000 0.000 0.000 0.000 0.000 0.000 0.000 0.000 0.000 0.000 0.000 0.000 0.000 0.000 0.000 0.000 0.000 0.000 0.000 0.000 0.000 0.000 0.000 0.000 0.000 0.000 0.000 0.000 0.000 0.000 0.000 0.000 0.000 0.000 0.000
0.000 0.000 0.000 0.000 0.000 0.000 0.000 0.000 0.000 0.000 0.000 0.000 0.000 0.000 0.000 0.000 0.000 0.000 0.000 0.000 0.000 0.000 0.000 0.000 0.000 0.000 0.000 0.000 0.000 0.000 0.000 0.000 0.000 0.000 0.000 0.000 0.000 0.000 0.000 0.000 0.000 0.000 0.000 0.000 0.000 0.000 0.000 0.000 0.000 0.000 0.000 0.000 0.000 0.000 0.000 0.000 0.000 0.000 0.000 0.000 0.000 0.000 0.000 0.000 0.000 0.000 0.000 0.000
0.000 0.000 0.000 0.000 0.000 0.000 0.000 0.000 0.000 0.000 0.000 0.000 0.000 0.000 0.000 0.000 0.000 0.000 0.000 0.000 0.000 0.000 0.000 0.000 0.000 0.000 0.000 0.000 0.000 0.000 0.000 0.000 0.000 0.000 0.000 0.000 0.000 0.000 0.000 0.000 0.000 0.000 0.000 0.000 0.000 0.000 0.000 0.000 0.000 0.000 0.000 0.000 0.000 0.000 0.000 0.000 0.000 0.000 0.000 0.000 0.000 0.000 0.000 0.000 0.000 0.000 0.000 0.000
0.000 0.000 0.000 0.000 0.000 0.000 0.000 0.000 0.000 0.000 0.000 0.000 0.000 0.000 0.000 0.000 0.000 0.000 0.000 0.000 0.000 0.000 0.000 0.000 0.000 0.000 0.000 0.000 0.000 0.000 0.000 0.000 0.000 0.000 0.000 0.000 0.000 0.000 0.000 0.000 0.000 0.000 0.000 0.000 0.000 0.000 0.000 0.000 0.000 0.000 0.000 0.000 0.000 0.000 0.000 0.000 0.000 0.000 0.000 0.000 0.000 0.000 0.000 0.000 0.000 0.000 0.000 0.000
