AvaFrame/avaframe/data/avaBowl/Outputs/r_avaflow_sss_paramflag0/bo_results/bo_ascii/bo_pflow_max.asc
ncols 200
nrows 200
xllcenter 997.50
yllcenter -4997.50
cellsize 25.00
NODATA_value -9999.000
[rows 90 to 119 of 200, columns 0 to 66 of 200]
0.000 0.000 0.000 0.000 0.000 0.000 0.000 0.000 0.000 0.000 0.000 1243.096 5430.696 63786.906 88269.758 161612.234 238553.938 257359.734 260202.016 260452.484 253985.047 253803.812 250091.000 255482.594 249757.438 231997.391 196124.766 172510.047 150145.484 124543.688 233867.922 307671.844 401515.406 423175.531 433854.031 472448.594 472305.938 458725.344 405905.469 348957.750 296233.906 220096.328 162755.000 113636.641 83249.750 55779.078 35484.098 26558.004 24192.057 21880.684 19827.012 17879.307 16154.231 14678.861 13472.094 12407.023 11443.615 10586.523 9822.006 9214.272 8789.666 8519.423 8441.469 8285.909 8369.571 7853.045 8463.564
0.000 0.000 0.000 0.000 0.000 0.000 0.000 0.000 0.000 0.000 1093.177 2638.870 10389.586 82157.039 157441.672 298179.531 368726.875 440087.875 465334.438 474510.719 468864.375 451529.750 445697.375 469928.875 488316.094 466284.031 419140.438 387522.125 351914.938 304181.750 259918.391 321392.969 407768.969 424899.281 451273.969 496651.438 504820.938 500925.219 472010.906 415419.719 366085.281 324777.438 278376.969 203734.797 149498.781 117552.281 81848.836 52539.027 47765.422 44038.262 40376.777 36714.172 33523.355 30544.156 27801.811 25624.059 23642.404 21895.545 20266.193 18701.607 17384.980 16194.181 15172.751 15435.271 17129.746 18870.119 20607.498
0.000 0.000 0.000 0.000 0.000 0.000 0.000 0.000 0.000 0.000 0.000 2838.044 12272.686 97215.398 172785.469 325352.562 442387.062 549856.875 562045.125 566985.062 570657.750 567135.125 578208.938 604911.375 599593.938 638075.562 566228.438 530208.438 505715.719 486238.062 464759.062 440199.188 414535.688 379276.312 414964.594 462754.031 495615.281 494047.906 487148.812 460582.969 425865.438 393788.250 355415.344 296027.750 242207.688 184902.891 143243.438 117965.773 110029.445 102550.336 94867.664 86724.953 78896.508 71886.891 66887.000 61980.113 56954.469 52332.816 48723.977 45167.410 41647.969 39083.238 36246.711 33939.797 32027.723 32936.852 36357.023
0.000 0.000 0.000 0.000 0.000 0.000 0.000 0.000 0.000 0.000 1104.320 2947.356 12112.240 97094.047 172366.953 322526.375 462085.812 563031.812 575672.250 587380.938 595229.812 601254.750 599835.438 675751.438 690565.500 695112.188 683659.500 673180.688 678955.688 684678.250 670202.625 641643.938 593996.625 557068.688 524990.750 489838.281 467201.250 465456.719 473483.500 474225.438 449608.469 442907.312 414357.125 352089.094 322726.375 311198.312 298670.375 282037.344 261959.656 245600.797 227422.906 212146.062 204563.422 194496.438 185226.531 171619.953 157930.891 144591.703 134389.766 127622.609 120642.539 112657.891 103877.562 94259.945 87385.523 91386.797 105442.898
0.000 0.000 0.000 0.000 0.000 0.000 0.000 0.000 0.000 0.000 1146.907 2982.651 11899.529 96733.680 170896.656 320154.938 464499.250 564321.000 578686.062 592330.938 605924.062 617031.875 618863.125 701830.625 749515.188 741183.000 748167.438 799136.375 795341.750 746697.188 698109.062 664260.500 661087.875 654058.125 639368.875 626074.375 611646.375 599040.312 594340.438 588769.500 578324.938 567273.938 550297.312 515455.750 483259.656 458427.562 422031.906 393112.688 360440.781 338368.875 337514.250 332094.812 324579.562 311865.969 290498.094 270190.625 250388.203 245908.094 240199.156 232828.391 217496.234 206289.484 202985.859 197236.578 193494.922 193209.703 220573.047
0.000 0.000 0.000 0.000 0.000 0.000 0.000 0.000 0.000 0.000 1159.062 2876.839 11541.647 96426.266 169534.609 318022.062 463121.469 561907.312 575721.188 589991.938 604922.250 616922.875 620652.875 707386.125 778438.000 756975.125 800620.375 807270.188 798539.000 816155.250 801388.562 755445.000 707966.688 687770.188 676289.750 665074.438 648834.875 638489.250 636055.312 629619.062 620667.750 611080.688 598778.062 592464.375 583477.438 563776.062 542744.938 517487.906 489711.312 471937.375 455715.156 430036.625 413409.812 390751.562 363836.719 348727.469 340072.156 325766.312 313807.375 299324.656 288071.688 279381.656 276725.062 279191.312 277770.969 316401.156 287649.312
0.000 0.000 0.000 0.000 0.000 0.000 0.000 0.000 0.000 0.000 1117.003 2650.079 10878.478 96187.719 168331.562 316283.750 461755.250 558377.938 571556.375 582689.500 594284.375 603379.875 604476.062 705873.500 772487.875 787250.125 804578.125 824300.188 811305.188 808759.562 816039.562 772913.062 754177.188 726450.750 712071.562 702251.188 695352.750 687850.375 676737.125 666035.188 654760.625 641536.250 625842.500 618130.625 596437.375 597131.500 592817.750 579147.000 555384.312 533908.438 516856.000 491134.469 467861.406 453670.031 436318.625 415568.938 400721.375 377685.781 364409.125 361919.750 356062.250 354556.781 361967.781 348981.875 346959.188 355678.281 338750.281
0.000 0.000 0.000 0.000 0.000 0.000 0.000 0.000 0.000 0.000 681.104 2415.739 10292.617 96011.219 167412.953 314992.094 458698.250 547074.250 559903.250 571508.875 578314.875 582461.750 591975.625 712060.375 728433.938 757353.625 815359.125 830921.875 803042.312 816644.250 774306.125 751728.062 721405.562 725140.938 737765.500 739567.812 740562.812 733820.062 721293.750 708800.875 699856.562 679311.125 649155.875 632277.062 617570.750 602453.625 582524.188 571978.688 556623.375 548612.625 537445.688 517963.656 497064.812 486347.094 468055.656 446850.062 431812.375 418084.531 407641.688 407135.000 408830.281 407025.031 404861.969 401104.344 392748.688 388779.781 389854.188
0.000 0.000 0.000 0.000 0.000 0.000 0.000 0.000 0.000 0.000 0.000 2038.211 9746.531 93823.453 166719.422 314139.906 443151.375 505069.688 534625.000 545031.250 547041.875 545669.812 562326.125 658545.688 703571.000 729670.188 730127.438 762944.312 733060.438 749228.250 718867.875 693135.188 674490.375 657097.625 665795.938 670510.750 670085.812 667782.438 679041.750 670992.750 672896.125 675894.438 683334.938 665347.188 640404.688 624619.375 591546.312 578681.125 563418.125 550765.750 536525.125 516591.969 495619.562 480861.719 467289.875 460031.406 453335.688 449734.188 444404.406 438604.781 439996.719 427611.062 422750.656 421852.938 422247.062 422449.812 429054.031
0.000 0.000 0.000 0.000 0.000 0.000 0.000 0.000 0.000 0.000 0.000 1670.176 8082.649 75541.359 165665.250 287239.969 376037.031 384379.812 391456.438 392494.156 392367.406 399347.375 433176.469 488053.969 556555.188 620147.562 666340.812 615803.875 638686.562 605787.000 597610.000 598713.562 595713.250 584493.250 578101.625 576311.938 577370.250 582786.562 589789.062 586004.375 589544.000 594583.625 600120.750 597906.625 588569.688 580591.625 568594.250 561376.312 533846.938 522215.562 514238.031 508241.812 501573.062 493674.469 483433.688 482808.406 472463.938 465957.000 462504.062 458154.594 455927.250 443055.656 445922.625 452761.094 450319.250 453884.031 461482.688
0.000 0.000 0.000 0.000 0.000 0.000 0.000 0.000 0.000 0.000 0.000 1201.006 4024.488 21661.332 95257.617 137027.234 156713.156 174955.031 191012.594 203398.656 211825.844 219744.797 234118.125 270716.188 315369.656 364059.719 415651.156 442483.938 472394.562 474598.438 477253.125 478495.281 476374.125 470657.094 466014.125 467868.844 476807.844 479110.656 478153.719 475851.375 472370.250 475010.656 481264.719 483119.062 490092.281 494268.250 491930.281 537272.938 504453.719 511444.094 496409.656 478844.656 486626.719 471955.312 474136.406 472645.781 450622.969 461318.562 466905.812 468306.219 465583.281 461407.625 460686.906 462669.594 461672.188 464257.531 463775.719
0.000 0.000 0.000 0.000 0.000 0.000 0.000 0.000 0.000 0.000 0.000 724.663 1721.520 4820.756 21601.154 48348.879 65205.777 72818.547 84827.867 96735.406 105353.523 112166.992 118315.484 128359.922 145810.281 175080.766 206800.562 236598.312 263503.375 286096.250 306080.688 316405.312 326000.094 331757.500 332888.750 332185.281 329900.781 326630.938 324753.594 317928.594 316520.188 316270.812 404154.156 449730.125 461666.469 514872.875 560198.438 560580.312 549951.375 513355.781 496852.438 466874.875 451022.062 441454.156 430646.781 427283.688 421310.250 417588.969 429308.312 444536.094 438135.125 437730.938 440931.406 442739.781 433991.562 435086.750 434469.219
0.000 0.000 0.000 0.000 0.000 0.000 0.000 0.000 0.000 0.000 0.000 0.000 1013.207 2058.645 4866.523 12477.225 23304.982 34641.637 44559.711 49826.836 53631.082 57815.797 62257.258 67438.984 73007.367 79169.961 88845.789 105576.531 121609.984 137084.000 151486.891 163307.391 171720.781 179973.125 185030.484 186989.062 186679.531 184452.297 181031.781 176590.375 197759.938 297603.062 402577.188 451484.562 501794.531 550262.062 553436.812 569530.750 507203.156 485435.125 461375.188 422953.906 416619.344 398223.312 378878.188 345315.812 314445.750 298566.906 307841.031 317841.094 314952.281 322345.219 323571.219 318600.688 310578.969 312508.875 312207.406
0.000 0.000 0.000 0.000 0.000 0.000 0.000 0.000 0.000 0.000 0.000 0.000 0.000 1228.092 2105.938 3990.676 7566.165 12214.040 17053.805 21733.395 25944.699 29546.334 32788.824 36059.207 39583.285 43558.512 48165.223 52310.441 56320.438 61333.324 65513.031 72493.172 78924.477 84243.883 88942.445 92027.734 93393.289 93967.664 93412.641 94875.914 178174.969 288607.344 384708.688 459801.562 515089.625 534086.250 520952.688 453387.438 438721.344 405044.188 377505.125 348613.812 327315.438 302818.344 268872.875 270819.000 270964.031 270561.844 265796.375 258964.422 257757.172 253507.281 253422.047 250347.250 247238.375 242982.797 240057.922
0.000 0.000 0.000 0.000 0.000 0.000 0.000 0.000 0.000 0.000 0.000 0.000 0.000 0.000 1108.915 1733.987 3013.150 4736.120 6762.879 8899.216 10952.957 12829.021 14536.675 16184.669 17918.365 19803.014 22203.994 25474.523 28934.215 32032.225 34566.457 37355.934 39237.895 41251.090 42727.609 43752.230 44334.195 44672.707 44697.480 92535.469 167799.250 267602.312 345785.469 448707.594 475388.875 443038.750 395715.750 357296.219 332192.750 298981.875 254535.172 212581.828 179494.297 196793.109 207697.250 215106.781 217833.672 224568.969 227304.547 239569.484 233401.875 234502.391 224707.797 208109.469 183398.000 154715.375 127059.625
0.000 0.000 0.000 0.000 0.000 0.000 0.000 0.000 0.000 0.000 0.000 0.000 0.000 0.000 0.000 0.000 1503.178 2196.985 3029.291 4001.906 4978.576 5900.145 6768.818 7613.171 8458.172 9319.027 10231.713 11241.812 12529.427 14129.150 15956.431 17857.279 19679.805 21347.199 22617.812 23489.033 24153.307 24443.135 24896.570 43631.977 123986.141 218901.531 312064.656 329960.969 309754.000 277100.750 241019.969 205220.594 172767.672 145845.438 123361.797 103406.086 102861.742 115189.289 126794.781 137472.031 145510.609 150743.547 152469.125 150040.562 144741.844 134417.797 120020.023 105415.508 91279.875 78746.820 64994.508
0.000 0.000 0.000 0.000 0.000 0.000 0.000 0.000 0.000 0.000 0.000 0.000 0.000 0.000 0.000 0.000 0.000 777.599 1553.185 2044.824 2486.316 2940.375 3386.243 3852.540 4309.308 4741.905 5179.530 5627.957 6091.249 6589.619 7160.133 7840.447 8589.113 9373.621 10135.573 10814.532 11402.696 11864.669 12178.555 20033.143 82592.672 142588.562 165629.797 150315.125 135480.281 122544.992 110076.781 98786.188 86330.586 72163.953 58589.633 47693.332 52756.453 58301.922 62283.086 66025.148 69920.602 72609.078 74081.938 74346.109 71986.750 66764.898 60850.641 52569.715 43733.840 34498.645 26444.432
0.000 0.000 0.000 0.000 0.000 0.000 0.000 0.000 0.000 0.000 0.000 0.000 0.000 0.000 0.000 0.000 0.000 0.000 0.000 541.393 1090.096 1312.154 1656.062 2122.545 2346.711 2565.260 2784.012 3003.014 3228.498 3479.866 3759.883 4031.611 4295.992 4570.046 4854.720 5150.031 5430.620 5672.340 5861.079 7300.866 25644.689 56715.137 61761.160 63777.797 64490.746 61377.297 54719.672 46501.230 37501.859 29752.139 24823.170 25239.111 28881.779 32355.963 35206.641 37134.625 37913.938 37803.074 37028.355 34848.105 31740.410 27764.480 23882.141 20588.080 17314.010 14554.972 12234.032
0.000 0.000 0.000 0.000 0.000 0.000 0.000 0.000 0.000 0.000 0.000 0.000 0.000 0.000 0.000 0.000 0.000 0.000 0.000 0.000 0.000 0.000 0.000 525.676 1038.302 1149.862 1277.811 1335.562 1613.386 2029.660 2187.849 2315.000 2433.997 2552.087 2668.815 2784.382 2911.063 3033.872 3163.516 3269.278 8401.177 19445.869 27589.824 29402.078 28321.887 25941.752 23101.459 20181.979 16919.480 13983.404 11443.289 10109.534 11454.018 12780.535 13895.409 14819.767 15413.214 15601.588 15402.638 14713.476 13540.471 12128.238 10702.107 9247.466 7827.276 6547.186 5450.300
0.000 0.000 0.000 0.000 0.000 0.000 0.000 0.000 0.000 0.000 0.000 0.000 0.000 0.000 0.000 0.000 0.000 0.000 0.000 0.000 0.000 0.000 0.000 0.000 0.000 0.000 0.000 0.000 0.000 496.810 541.781 1058.610 1122.129 1187.948 1247.500 1346.859 1437.238 1768.791 1846.438 1875.397 2194.948 6159.070 9069.092 10357.403 10651.407 10275.549 9411.732 8367.449 7231.020 6192.823 5247.068 4567.774 4909.383 5219.717 5501.812 5708.937 5849.978 5900.164 5822.559 5601.530 5290.430 4904.325 4456.840 3982.486 3517.698 3071.255 3035.788
0.000 0.000 0.000 0.000 0.000 0.000 0.000 0.000 0.000 0.000 0.000 0.000 0.000 0.000 0.000 0.000 0.000 0.000 0.000 0.000 0.000 0.000 0.000 0.000 0.000 0.000 0.000 0.000 0.000 0.000 0.000 0.000 0.000 0.000 0.000 0.000 0.000 453.066 501.030 567.190 743.155 1853.685 3213.417 3866.648 4110.424 4131.773 4005.799 3743.512 3394.044 3018.073 2669.255 2315.119 2264.526 2377.325 2451.092 2517.436 2563.856 2578.298 2555.288 2492.792 2392.364 2267.146 2112.710 1939.666 1745.144 1539.866 1388.383
0.000 0.000 0.000 0.000 0.000 0.000 0.000 0.000 0.000 0.000 0.000 0.000 0.000 0.000 0.000 0.000 0.000 0.000 0.000 0.000 0.000 0.000 0.000 0.000 0.000 0.000 0.000 0.000 0.000 0.000 0.000 0.000 0.000 0.000 0.000 0.000 0.000 0.000 0.000 0.000 0.000 0.000 1069.121 1424.089 1661.101 1785.690 1802.468 1747.280 1623.406 1459.579 1287.339 1085.086 882.920 867.762 869.559 886.082 901.856 911.271 910.700 898.588 867.489 831.613 784.804 725.969 323.438 283.002 586.912
0.000 0.000 0.000 0.000 0.000 0.000 0.000 0.000 0.000 0.000 0.000 0.000 0.000 0.000 0.000 0.000 0.000 0.000 0.000 0.000 0.000 0.000 0.000 0.000 0.000 0.000 0.000 0.000 0.000 0.000 0.000 0.000 0.000 0.000 0.000 0.000 0.000 0.000 0.000 0.000 0.000 0.000 0.000 0.000 319.251 334.442 334.162 322.388 299.260 269.451 230.884 168.700 0.000 0.000 0.000 0.000 0.000 0.000 0.000 0.000 0.000 0.000 0.000 0.000 0.000 0.000 0.000
0.000 0.000 0.000 0.000 0.000 0.000 0.000 0.000 0.000 0.000 0.000 0.000 0.000 0.000 0.000 0.000 0.000 0.000 0.000 0.000 0.000 0.000 0.000 0.000 0.000 0.000 0.000 0.000 0.000 0.000 0.000 0.000 0.000 0.000 0.000 0.000 0.000 0.000 0.000 0.000 0.000 0.000 0.000 0.000 0.000 0.000 0.000 0.000 0.000 0.000 0.000 0.000 0.000 0.000 0.000 0.000 0.000 0.000 0.000 0.000 0.000 0.000 0.000 0.000 0.000 0.000 0.000
0.000 0.000 0.000 0.000 0.000 0.000 0.000 0.000 0.000 0.000 0.000 0.000 0.000 0.000 0.000 0.000 0.000 0.000 0.000 0.000 0.000 0.000 0.000 0.000 0.000 0.000 0.000 0.000 0.000 0.000 0.000 0.000 0.000 0.000 0.000 0.000 0.000 0.000 0.000 0.000 0.000 0.000 0.000 0.000 0.000 0.000 0.000 0.000 0.000 0.000 0.000 0.000 0.000 0.000 0.000 0.000 0.000 0.000 0.000 0.000 0.000 0.000 0.000 0.000 0.000 0.000 0.000
0.000 0.000 0.000 0.000 0.000 0.000 0.000 0.000 0.000 0.000 0.000 0.000 0.000 0.000 0.000 0.000 0.000 0.000 0.000 0.000 0.000 0.000 0.000 0.000 0.000 0.000 0.000 0.000 0.000 0.000 0.000 0.000 0.000 0.000 0.000 0.000 0.000 0.000 0.000 0.000 0.000 0.000 0.000 0.000 0.000 0.000 0.000 0.000 0.000 0.000 0.000 0.000 0.000 0.000 0.000 0.000 0.000 0.000 0.000 0.000 0.000 0.000 0.000 0.000 0.000 0.000 0.000
0.000 0.000 0.000 0.000 0.000 0.000 0.000 0.000 0.000 0.000 0.000 0.000 0.000 0.000 0.000 0.000 0.000 0.000 0.000 0.000 0.000 0.000 0.000 0.000 0.000 0.000 0.000 0.000 0.000 0.000 0.000 0.000 0.000 0.000 0.000 0.000 0.000 0.000 0.000 0.000 0.000 0.000 0.000 0.000 0.000 0.000 0.000 0.000 0.000 0.000 0.000 0.000 0.000 0.000 0.000 0.000 0.000 0.000 0.000 0.000 0.000 0.000 0.000 0.000 0.000 0.000 0.000
0.000 0.000 0.000 0.000 0.000 0.000 0.000 0.000 0.000 0.000 0.000 0.000 0.000 0.000 0.000 0.000 0.000 0.000 0.000 0.000 0.000 0.000 0.000 0.000 0.000 0.000 0.000 0.000 0.000 0.000 0.000 0.000 0.000 0.000 0.000 0.000 0.000 0.000 0.000 0.000 0.000 0.000 0.000 0.000 0.000 0.000 0.000 0.000 0.000 0.000 0.000 0.000 0.000 0.000 0.000 0.000 0.000 0.000 0.000 0.000 0.000 0.000 0.000 0.000 0.000 0.000 0.000
0.000 0.000 0.000 0.000 0.000 0.000 0.000 0.000 0.000 0.000 0.000 0.000 0.000 0.000 0.000 0.000 0.000 0.000 0.000 0.000 0.000 0.000 0.000 0.000 0.000 0.000 0.000 0.000 0.000 0.000 0.000 0.000 0.000 0.000 0.000 0.000 0.000 0.000 0.000 0.000 0.000 0.000 0.000 0.000 0.000 0.000 0.000 0.000 0.000 0.000 0.000 0.000 0.000 0.000 0.000 0.000 0.000 0.000 0.000 0.000 0.000 0.000 0.000 0.000 0.000 0.000 0.000
0.000 0.000 0.000 0.000 0.000 0.000 0.000 0.000 0.000 0.000 0.000 0.000 0.000 0.000 0.000 0.000 0.000 0.000 0.000 0.000 0.000 0.000 0.000 0.000 0.000 0.000 0.000 0.000 0.000 0.000 0.000 0.000 0.000 0.000 0.000 0.000 0.000 0.000 0.000 0.000 0.000 0.000 0.000 0.000 0.000 0.000 0.000 0.000 0.000 0.000 0.000 0.000 0.000 0.000 0.000 0.000 0.000 0.000 0.000 0.000 0.000 0.000 0.000 0.000 0.000 0.000 0.000
