AvaFrame/avaframe/data/avaBowl/Outputs/r_avaflow_sss_paramflag0/bo_results/bo_ascii/bo_vhmax.asc
ncols 200
nrows 200
xllcenter 997.50
yllcenter -4997.50
cellsize 25.00
NODATA_value -9999.000
[rows 87 to 115 of 200, columns 66 to 131 of 200]
0.971 1.188 1.310 0.895 0.873 0.389 0.825 0.813 0.709 0.677 0.106 0.100 0.127 0.157 0.183 0.209 0.202 0.229 0.248 0.270 0.267 0.278 0.281 0.292 0.302 0.301 0.287 0.329 0.292 0.287 0.293 0.242 -nan -9999.000 -9999.000 -9999.000 -9999.000 -9999.000 -9999.000 -9999.000 -9999.000 -9999.000 -9999.000 -9999.000 -9999.000 -9999.000 -9999.000 -9999.000 -9999.000 -9999.000 -9999.000 -9999.000 -9999.000 -9999.000 -9999.000 -9999.000 -9999.000 -9999.000 -9999.000 -9999.000 -9999.000 -9999.000 -9999.000 -9999.000 -9999.000 -9999.000
1.285 1.504 1.118 0.699 0.544 1.044 0.968 1.049 0.635 0.703 0.697 0.828 0.926 0.952 0.935 0.188 0.189 0.215 0.217 0.243 0.269 0.286 0.303 0.321 0.331 0.307 0.307 0.360 0.339 0.338 0.401 0.451 0.362 0.339 0.231 -nan -nan -9999.000 -9999.000 -9999.000 -9999.000 -9999.000 -9999.000 -9999.000 -9999.000 -9999.000 -9999.000 -9999.000 -9999.000 -9999.000 -9999.000 -9999.000 -9999.000 -9999.000 -9999.000 -9999.000 -9999.000 -9999.000 -9999.000 -9999.000 -9999.000 -9999.000 -9999.000 -9999.000 -9999.000 -9999.000
1.625 1.364 0.822 0.765 0.255 0.886 1.227 1.271 0.652 1.067 1.027 1.052 1.078 1.139 1.125 1.093 1.103 0.192 0.216 0.239 0.260 0.277 0.289 0.296 0.288 0.283 0.330 0.351 0.362 0.370 0.370 0.511 0.488 0.437 0.410 0.434 0.388 -nan -nan -nan -nan -9999.000 -9999.000 -9999.000 -9999.000 -9999.000 -9999.000 -9999.000 -9999.000 -9999.000 -9999.000 -9999.000 -9999.000 -9999.000 -9999.000 -9999.000 -9999.000 -9999.000 -9999.000 -9999.000 -9999.000 -9999.000 -9999.000 -9999.000 -9999.000 -9999.000
1.661 1.137 0.961 0.419 2.640 1.443 1.135 0.915 0.832 1.105 1.102 1.097 1.216 1.284 1.290 1.318 1.285 1.262 1.317 0.265 0.288 0.307 0.322 0.331 0.323 0.319 0.323 0.335 0.353 0.348 0.407 0.647 0.690 0.661 0.581 0.871 0.869 0.839 0.771 0.637 0.405 -nan -nan -nan -9999.000 -9999.000 -9999.000 -9999.000 -9999.000 -9999.000 -9999.000 -9999.000 -9999.000 -9999.000 -9999.000 -9999.000 -9999.000 -9999.000 -9999.000 -9999.000 -9999.000 -9999.000 -9999.000 -9999.000 -9999.000 -9999.000
4.433 4.491 4.751 4.961 5.093 5.114 5.092 4.882 4.562 4.260 3.889 3.520 3.127 2.796 1.397 1.504 1.526 1.472 1.429 1.441 1.429 1.482 0.359 0.369 0.362 0.366 0.375 0.389 0.406 0.958 1.096 0.623 0.744 0.876 0.972 0.794 0.969 0.936 0.936 0.891 0.744 0.569 0.365 -nan -nan -9999.000 -9999.000 -9999.000 -9999.000 -9999.000 -9999.000 -9999.000 -9999.000 -9999.000 -9999.000 -9999.000 -9999.000 -9999.000 -9999.000 -9999.000 -9999.000 -9999.000 -9999.000 -9999.000 -9999.000 -9999.000
6.164 6.629 6.969 7.248 7.551 7.702 7.742 7.597 7.417 7.093 6.612 6.381 5.827 5.532 4.804 4.199 3.641 3.170 2.646 2.533 2.514 2.511 2.448 2.383 2.296 2.186 2.061 1.945 0.686 1.049 1.705 1.957 1.883 1.098 1.527 1.356 1.435 1.471 1.470 1.483 1.366 1.037 0.639 0.390 -nan -nan -9999.000 -9999.000 -9999.000 -9999.000 -9999.000 -9999.000 -9999.000 -9999.000 -9999.000 -9999.000 -9999.000 -9999.000 -9999.000 -9999.000 -9999.000 -9999.000 -9999.000 -9999.000 -9999.000 -9999.000
10.824 11.527 11.939 12.510 12.183 12.804 12.121 11.522 11.839 11.259 10.417 10.300 9.490 8.650 7.845 7.169 6.347 5.839 5.279 4.543 4.480 4.380 4.251 4.093 3.909 3.716 3.508 3.273 3.008 1.630 2.467 2.766 2.871 2.958 2.200 2.388 3.063 3.125 3.147 3.166 3.098 2.606 1.577 0.727 0.425 -nan -nan -9999.000 -9999.000 -9999.000 -9999.000 -9999.000 -9999.000 -9999.000 -9999.000 -9999.000 -9999.000 -9999.000 -9999.000 -9999.000 -9999.000 -9999.000 -9999.000 -9999.000 -9999.000 -9999.000
15.212 14.670 15.255 14.581 15.088 14.499 13.561 14.330 13.237 13.969 13.035 12.169 12.552 11.512 11.641 10.628 10.053 9.178 8.227 7.386 6.406 6.326 6.266 6.152 6.004 5.843 5.656 5.488 5.337 1.848 2.406 3.895 5.279 6.330 6.782 6.599 6.737 6.692 6.714 6.292 5.633 5.005 4.096 1.758 0.782 0.421 -nan -nan -9999.000 -9999.000 -9999.000 -9999.000 -9999.000 -9999.000 -9999.000 -9999.000 -9999.000 -9999.000 -9999.000 -9999.000 -9999.000 -9999.000 -9999.000 -9999.000 -9999.000 -9999.000
16.474 15.662 16.204 15.644 16.118 15.462 15.931 15.321 15.671 14.994 14.221 14.613 13.716 13.919 12.861 13.062 11.817 11.930 10.619 10.548 10.262 10.129 9.845 9.521 9.113 8.720 8.354 8.068 7.746 7.435 2.356 4.016 5.493 6.648 7.497 7.983 8.316 8.440 7.584 7.325 5.728 4.806 4.141 3.513 1.319 0.726 0.342 -nan -nan -9999.000 -9999.000 -9999.000 -9999.000 -9999.000 -9999.000 -9999.000 -9999.000 -9999.000 -9999.000 -9999.000 -9999.000 -9999.000 -9999.000 -9999.000 -9999.000 -9999.000
16.709 17.256 17.534 16.596 17.292 16.155 17.092 16.130 15.269 16.391 15.412 16.071 15.525 14.534 14.840 14.008 13.986 12.971 16.110 16.178 16.028 15.775 15.520 14.989 14.341 13.732 12.925 12.120 11.510 11.000 10.476 4.095 5.201 6.068 6.712 7.295 7.504 7.738 6.987 6.585 6.264 5.706 4.935 4.182 2.770 1.086 0.544 0.211 -nan -9999.000 -9999.000 -9999.000 -9999.000 -9999.000 -9999.000 -9999.000 -9999.000 -9999.000 -9999.000 -9999.000 -9999.000 -9999.000 -9999.000 -9999.000 -9999.000 -9999.000
18.086 18.517 17.695 17.752 16.489 17.213 17.117 17.174 16.141 16.218 16.311 16.840 15.819 14.919 15.899 14.959 15.286 14.546 18.828 18.792 18.668 18.168 18.349 18.099 17.346 17.409 17.118 16.671 15.774 14.899 14.247 14.428 13.676 13.216 12.289 11.513 10.544 9.539 8.386 7.005 5.323 4.335 4.782 4.268 3.198 1.423 0.706 0.275 -nan -9999.000 -9999.000 -9999.000 -9999.000 -9999.000 -9999.000 -9999.000 -9999.000 -9999.000 -9999.000 -9999.000 -9999.000 -9999.000 -9999.000 -9999.000 -9999.000 -9999.000
17.259 17.983 18.439 16.712 17.884 16.092 17.642 16.244 15.452 16.871 20.359 15.351 16.439 15.539 15.684 15.751 15.746 14.519 15.164 13.972 14.190 18.341 18.713 18.229 18.186 18.023 17.750 18.194 17.986 17.763 17.320 15.665 14.844 13.809 12.963 11.858 10.855 9.753 8.544 8.042 6.604 4.896 2.975 3.622 3.074 1.491 0.803 0.300 -nan -9999.000 -9999.000 -9999.000 -9999.000 -9999.000 -9999.000 -9999.000 -9999.000 -9999.000 -9999.000 -9999.000 -9999.000 -9999.000 -9999.000 -9999.000 -9999.000 -9999.000
19.259 19.459 19.631 20.009 20.535 20.751 21.081 20.788 20.439 19.940 20.363 19.833 19.473 19.147 15.832 14.972 15.812 14.993 15.490 14.678 15.089 14.317 14.581 13.568 13.877 13.727 12.945 12.956 13.207 17.333 16.145 15.232 14.441 13.363 12.577 11.663 11.303 10.305 9.272 8.003 6.566 4.991 3.134 4.393 2.842 1.467 0.846 0.314 -nan -9999.000 -9999.000 -9999.000 -9999.000 -9999.000 -9999.000 -9999.000 -9999.000 -9999.000 -9999.000 -9999.000 -9999.000 -9999.000 -9999.000 -9999.000 -9999.000 -9999.000
19.372 19.679 19.652 19.999 19.971 20.557 20.827 20.501 20.128 19.494 18.377 17.798 17.319 16.961 14.139 15.178 14.545 15.214 14.589 14.942 14.206 14.510 14.806 14.313 13.409 13.632 13.644 12.930 12.970 14.987 15.187 14.441 13.727 13.489 12.780 11.954 10.965 9.912 8.723 7.484 5.974 4.749 4.921 4.222 2.590 1.474 0.816 0.310 -nan -9999.000 -9999.000 -9999.000 -9999.000 -9999.000 -9999.000 -9999.000 -9999.000 -9999.000 -9999.000 -9999.000 -9999.000 -9999.000 -9999.000 -9999.000 -9999.000 -9999.000
18.086 18.645 19.142 18.863 19.425 19.536 18.912 18.306 17.353 16.357 15.486 14.803 14.965 14.593 13.286 14.564 14.113 13.488 14.286 14.698 14.214 14.539 13.946 14.234 13.521 13.707 13.003 13.037 13.110 13.043 14.601 14.870 13.521 12.918 11.995 10.985 10.179 9.096 7.872 6.680 5.402 3.797 4.802 3.169 1.735 0.889 0.590 0.267 -nan -9999.000 -9999.000 -9999.000 -9999.000 -9999.000 -9999.000 -9999.000 -9999.000 -9999.000 -9999.000 -9999.000 -9999.000 -9999.000 -9999.000 -9999.000 -9999.000 -9999.000
15.667 16.163 15.848 16.051 16.057 15.850 15.245 14.384 13.441 13.885 13.214 13.483 13.054 12.592 12.170 12.958 12.570 13.525 13.135 13.827 13.424 13.971 13.461 12.817 13.260 13.475 12.829 13.029 13.055 13.082 12.455 12.422 12.232 11.297 10.358 9.640 8.657 7.603 6.501 5.366 4.008 4.851 3.927 2.405 1.150 0.827 0.454 0.161 -nan -9999.000 -9999.000 -9999.000 -9999.000 -9999.000 -9999.000 -9999.000 -9999.000 -9999.000 -9999.000 -9999.000 -9999.000 -9999.000 -9999.000 -9999.000 -9999.000 -9999.000
13.913 13.234 12.263 10.597 10.377 10.029 10.286 10.639 10.172 10.641 10.268 10.691 10.333 9.925 10.185 9.749 9.570 10.788 10.813 11.948 11.649 12.415 12.034 11.521 12.058 11.491 11.818 11.901 11.124 11.077 10.107 9.672 9.293 8.630 8.080 7.280 6.454 5.611 4.664 6.108 5.352 4.247 2.540 1.227 0.896 0.505 0.245 0.058 -nan -9999.000 -9999.000 -9999.000 -9999.000 -9999.000 -9999.000 -9999.000 -9999.000 -9999.000 -9999.000 -9999.000 -9999.000 -9999.000 -9999.000 -9999.000 -9999.000 -9999.000
10.418 9.660 8.894 7.604 7.113 7.252 7.070 6.831 7.040 6.849 7.091 6.928 6.731 6.943 6.736 6.871 6.888 7.177 8.079 8.334 8.467 9.483 9.459 10.249 9.835 9.234 9.529 8.837 8.779 8.095 7.660 7.166 6.870 6.467 5.937 5.292 4.605 3.867 3.006 4.815 3.566 2.301 1.327 0.920 0.546 0.320 0.113 -nan -nan -9999.000 -9999.000 -9999.000 -9999.000 -9999.000 -9999.000 -9999.000 -9999.000 -9999.000 -9999.000 -9999.000 -9999.000 -9999.000 -9999.000 -9999.000 -9999.000 -9999.000
7.731 6.777 5.636 5.291 5.150 5.093 4.946 4.942 4.823 4.715 4.775 4.695 4.608 4.663 4.579 4.472 4.506 4.822 5.043 5.635 5.861 6.033 6.142 6.715 6.706 7.125 6.961 7.079 6.672 6.251 6.121 5.736 5.584 5.044 4.768 4.197 3.581 2.858 2.800 3.286 2.397 1.453 0.818 0.546 0.338 0.153 0.041 -nan -9999.000 -9999.000 -9999.000 -9999.000 -9999.000 -9999.000 -9999.000 -9999.000 -9999.000 -9999.000 -9999.000 -9999.000 -9999.000 -9999.000 -9999.000 -9999.000 -9999.000 -9999.000
4.591 4.115 3.631 3.912 3.812 3.674 3.535 3.486 3.375 3.277 3.272 3.199 3.216 3.154 3.176 3.126 3.152 3.430 3.524 3.895 3.982 4.053 4.100 4.446 4.441 4.402 4.646 4.539 4.688 4.505 4.582 4.254 4.098 3.687 3.567 3.165 2.423 1.722 1.885 1.506 1.083 0.767 0.491 0.314 0.151 0.044 -nan -nan -9999.000 -9999.000 -9999.000 -9999.000 -9999.000 -9999.000 -9999.000 -9999.000 -9999.000 -9999.000 -9999.000 -9999.000 -9999.000 -9999.000 -9999.000 -9999.000 -9999.000 -9999.000
3.127 2.769 2.540 2.628 2.507 2.405 2.323 1.062 1.086 1.265 1.187 1.244 1.205 1.277 2.143 2.132 2.150 2.118 2.166 2.282 2.378 2.596 2.671 2.716 2.885 2.875 2.809 2.880 2.896 2.724 2.647 2.409 2.306 2.066 1.961 1.714 1.132 1.170 0.996 0.742 0.617 0.405 0.228 0.111 0.040 -nan -nan -9999.000 -9999.000 -9999.000 -9999.000 -9999.000 -9999.000 -9999.000 -9999.000 -9999.000 -9999.000 -9999.000 -9999.000 -9999.000 -9999.000 -9999.000 -9999.000 -9999.000 -9999.000 -9999.000
2.027 1.162 0.620 1.792 1.702 1.477 1.320 1.142 1.117 0.875 0.964 1.026 1.075 0.914 0.811 0.849 1.336 1.296 1.385 1.365 1.427 1.543 1.590 1.625 1.640 1.711 1.689 1.721 1.654 1.634 1.580 1.446 1.364 1.218 1.057 0.784 0.825 0.636 0.553 0.435 0.269 0.139 0.052 -nan -nan -nan -9999.000 -9999.000 -9999.000 -9999.000 -9999.000 -9999.000 -9999.000 -9999.000 -9999.000 -9999.000 -9999.000 -9999.000 -9999.000 -9999.000 -9999.000 -9999.000 -9999.000 -9999.000 -9999.000 -9999.000
1.522 1.417 0.886 0.349 0.858 1.031 0.906 1.003 1.086 0.910 0.919 0.671 0.861 0.280 0.257 0.266 0.282 0.295 0.314 0.300 0.313 0.325 0.341 0.360 0.341 1.018 1.029 1.050 1.018 0.995 0.927 0.865 0.732 0.642 0.564 0.543 0.428 0.276 0.209 0.150 0.060 -nan -nan -nan -9999.000 -9999.000 -9999.000 -9999.000 -9999.000 -9999.000 -9999.000 -9999.000 -9999.000 -9999.000 -9999.000 -9999.000 -9999.000 -9999.000 -9999.000 -9999.000 -9999.000 -9999.000 -9999.000 -9999.000 -9999.000 -9999.000
1.008 1.425 1.126 0.662 0.124 0.714 0.688 0.629 0.569 0.477 0.181 0.140 0.162 0.227 0.239 0.179 0.180 0.197 0.214 0.222 0.233 0.247 0.261 0.275 0.296 0.322 0.351 0.321 0.572 0.557 0.519 0.454 0.317 0.238 0.217 0.201 0.150 0.060 -nan -nan -nan -nan -9999.000 -9999.000 -9999.000 -9999.000 -9999.000 -9999.000 -9999.000 -9999.000 -9999.000 -9999.000 -9999.000 -9999.000 -9999.000 -9999.000 -9999.000 -9999.000 -9999.000 -9999.000 -9999.000 -9999.000 -9999.000 -9999.000 -9999.000 -9999.000
0.649 0.909 1.234 0.889 0.354 0.379 0.394 0.237 0.060 0.083 0.091 0.108 0.130 0.148 0.118 0.136 0.155 0.170 0.187 0.203 0.213 0.215 0.231 0.238 0.235 0.205 0.192 0.173 0.119 0.209 0.195 0.159 0.067 -nan -nan -nan -nan -nan -nan -9999.000 -9999.000 -9999.000 -9999.000 -9999.000 -9999.000 -9999.000 -9999.000 -9999.000 -9999.000 -9999.000 -9999.000 -9999.000 -9999.000 -9999.000 -9999.000 -9999.000 -9999.000 -9999.000 -9999.000 -9999.000 -9999.000 -9999.000 -9999.000 -9999.000 -9999.000 -9999.000
0.365 0.545 0.778 0.967 0.605 0.234 0.019 0.024 0.030 0.037 0.045 0.055 0.067 0.080 0.094 0.109 0.120 0.131 0.140 0.151 0.159 0.161 0.158 0.154 0.129 0.098 0.083 0.063 0.027 -nan -nan -nan -nan -nan -9999.000 -9999.000 -9999.000 -9999.000 -9999.000 -9999.000 -9999.000 -9999.000 -9999.000 -9999.000 -9999.000 -9999.000 -9999.000 -9999.000 -9999.000 -9999.000 -9999.000 -9999.000 -9999.000 -9999.000 -9999.000 -9999.000 -9999.000 -9999.000 -9999.000 -9999.000 -9999.000 -9999.000 -9999.000 -9999.000 -9999.000 -9999.000
0.142 0.266 0.413 0.532 0.585 0.389 0.172 0.019 0.024 0.029 0.036 0.043 0.050 0.056 0.059 0.052 0.051 0.054 0.056 0.059 0.060 0.062 0.061 0.057 0.043 0.018 -nan -nan -nan -9999.000 -9999.000 -9999.000 -9999.000 -9999.000 -9999.000 -9999.000 -9999.000 -9999.000 -9999.000 -9999.000 -9999.000 -9999.000 -9999.000 -9999.000 -9999.000 -9999.000 -9999.000 -9999.000 -9999.000 -9999.000 -9999.000 -9999.000 -9999.000 -9999.000 -9999.000 -9999.000 -9999.000 -9999.000 -9999.000 -9999.000 -9999.000 -9999.000 -9999.000 -9999.000 -9999.000 -9999.000
-nan -nan 0.156 0.199 0.216 0.216 0.203 0.015 0.011 0.013 0.016 0.019 0.021 0.022 0.020 0.010 -nan -nan -nan -nan -nan -nan -nan -nan -nan -9999.000 -9999.000 -9999.000 -9999.000 -9999.000 -9999.000 -9999.000 -9999.000 -9999.000 -9999.000 -9999.000 -9999.000 -9999.000 -9999.000 -9999.000 -9999.000 -9999.000 -9999.000 -9999.000 -9999.000 -9999.000 -9999.000 -9999.000 -9999.000 -9999.000 -9999.000 -9999.000 -9999.000 -9999.000 -9999.000 -9999.000 -9999.000 -9999.000 -9999.000 -9999.000 -9999.000 -9999.000 -9999.000 -9999.000 -9999.000 -9999.000
-9999.000 -nan -nan -nan -nan -nan -nan -nan -nan -nan -nan -nan -nan -nan -nan -nan -nan -9999.000 -9999.000 -9999.000 -9999.000 -9999.000 -9999.000 -9999.000 -9999.000 -9999.000 -9999.000 -9999.000 -9999.000 -9999.000 -9999.000 -9999.000 -9999.000 -9999.000 -9999.000 -9999.000 -9999.000 -9999.000 -9999.000 -9999.000 -9999.000 -9999.000 -9999.000 -9999.000 -9999.000 -9999.000 -9999.000 -9999.000 -9999.000 -9999.000 -9999.000 -9999.000 -9999.000 -9999.000 -9999.000 -9999.000 -9999.000 -9999.000 -9999.000 -9999.000 -9999.000 -9999.000 -9999.000 -9999.000 -9999.000 -9999.000
