AvaFrame/avaframe/data/avaBowl/Outputs/r_avaflow_sss_paramflag0/bo_results/bo_ascii/bo_vhmax.asc
ncols 200
nrows 200
xllcenter 997.50
yllcenter -4997.50
cellsize 25.00
NODATA_value -9999.000
[rows 87 to 115 of 200, columns 0 to 65 of 200]
-9999.000 -9999.000 -9999.000 -9999.000 -9999.000 -9999.000 -9999.000 -9999.000 -9999.000 -9999.000 -nan 0.855 0.887 0.897 1.315 1.255 1.742 2.185 2.463 2.650 2.792 2.910 2.993 3.047 3.061 3.046 2.992 2.901 2.784 2.664 5.233 6.855 7.710 8.205 8.218 8.337 8.504 7.693 6.616 5.497 4.505 3.712 3.053 2.522 2.095 1.770 1.611 1.484 1.375 1.310 1.248 1.212 1.203 1.183 1.132 1.062 1.081 1.064 1.040 1.049 1.035 1.004 1.009 1.002 0.975 0.983
-9999.000 -9999.000 -9999.000 -9999.000 -9999.000 -9999.000 -9999.000 -9999.000 -9999.000 -nan -nan 0.882 0.896 1.404 1.493 2.762 3.830 4.441 4.810 4.991 5.076 5.088 5.118 5.101 5.079 4.975 4.788 4.559 4.309 4.809 9.923 10.927 14.376 14.622 14.101 13.666 13.053 12.461 11.754 10.347 8.594 6.750 5.354 4.286 3.454 2.785 2.261 2.062 1.924 1.804 1.733 1.676 1.638 1.594 1.528 1.495 1.480 1.458 1.435 1.395 1.376 1.361 1.346 1.327 1.313 1.297
-9999.000 -9999.000 -9999.000 -9999.000 -9999.000 -9999.000 -9999.000 -9999.000 -nan -nan 0.865 0.876 1.428 1.672 4.838 6.220 7.003 7.488 7.754 7.830 7.947 7.953 7.953 7.991 8.082 7.840 7.473 6.945 6.496 9.280 10.997 16.255 18.885 19.577 19.468 19.512 19.691 19.299 17.580 15.009 12.740 11.147 9.200 7.489 5.836 4.615 3.657 2.989 2.814 2.644 2.489 2.346 2.234 2.094 2.049 2.006 1.979 1.945 1.904 1.870 1.846 1.819 1.797 1.776 1.752 1.731
-9999.000 -9999.000 -9999.000 -9999.000 -9999.000 -9999.000 -9999.000 -9999.000 -nan 0.845 0.867 0.960 1.492 3.452 8.086 10.535 13.293 13.807 13.883 13.890 13.671 13.345 13.611 13.757 13.601 13.107 12.050 11.317 10.449 11.258 16.120 16.223 20.560 20.407 21.411 22.147 22.908 22.576 21.237 19.454 17.001 14.262 13.448 11.237 9.093 7.641 6.030 4.692 4.226 3.999 3.766 3.550 3.342 3.166 3.019 2.886 2.756 2.679 2.584 2.542 2.497 2.458 2.433 2.404 2.357 2.321
-9999.000 -9999.000 -9999.000 -9999.000 -9999.000 -9999.000 -9999.000 -9999.000 -nan 0.870 0.900 1.173 2.079 4.703 10.799 14.862 15.131 18.055 18.357 18.150 18.214 18.206 18.170 18.657 18.201 18.583 17.622 16.947 16.160 15.047 16.422 16.197 20.230 21.671 21.946 22.668 22.755 22.569 22.234 20.973 19.581 17.533 15.208 14.971 12.412 10.315 9.090 7.530 5.977 5.719 5.447 5.170 4.921 4.693 4.478 4.309 4.143 4.008 3.870 3.760 3.652 3.552 3.472 3.406 3.941 4.182
-9999.000 -9999.000 -9999.000 -9999.000 -9999.000 -9999.000 -9999.000 -9999.000 -nan 0.875 0.879 1.270 2.231 4.838 10.740 15.524 18.102 18.849 19.794 20.054 20.133 20.089 20.035 21.023 21.038 20.694 20.012 19.157 18.557 18.024 17.531 17.021 17.953 18.084 19.751 21.994 20.726 20.771 22.535 20.540 19.782 18.911 17.383 18.136 15.959 13.399 12.514 9.911 9.578 9.251 8.899 8.509 8.114 7.705 7.445 7.161 6.864 6.569 6.336 6.104 5.851 5.680 5.475 5.297 5.279 5.737
-9999.000 -9999.000 -9999.000 -9999.000 -9999.000 -9999.000 -9999.000 -9999.000 -nan 0.877 0.904 1.325 2.279 4.831 10.696 15.457 18.501 18.776 20.395 20.651 20.721 20.793 21.079 21.863 21.769 21.581 20.835 20.043 19.791 19.433 21.068 20.560 19.936 19.310 18.902 18.595 18.193 21.776 19.315 20.028 19.939 18.665 18.196 16.904 18.112 16.585 15.561 15.154 14.629 14.186 13.667 13.112 12.636 12.172 12.299 11.847 11.377 10.897 10.398 9.993 9.925 9.599 9.225 8.788 9.275 10.077
-9999.000 -9999.000 -9999.000 -9999.000 -9999.000 -9999.000 -9999.000 -9999.000 -nan 0.874 1.026 1.356 2.261 4.821 10.654 15.400 18.549 18.712 20.537 20.785 20.971 21.185 21.188 22.101 21.987 21.905 20.812 22.199 22.261 21.892 21.648 21.383 21.018 20.637 20.368 20.068 19.729 19.451 19.174 18.728 18.287 18.083 17.744 18.732 18.381 17.954 17.419 16.871 16.327 15.799 15.255 14.776 14.287 15.305 14.871 14.379 13.766 13.155 12.562 13.240 12.950 12.603 12.167 13.808 14.663 14.468
-9999.000 -9999.000 -9999.000 -9999.000 -9999.000 -9999.000 -9999.000 -9999.000 -nan 0.855 1.025 1.286 2.075 4.814 10.618 15.348 18.522 18.660 20.522 20.770 21.014 21.267 21.337 22.138 21.959 21.802 22.593 22.653 22.272 21.366 20.847 20.334 22.469 22.182 21.842 21.602 21.368 21.214 20.896 20.674 20.496 20.305 19.988 19.688 19.270 19.039 18.489 17.945 17.450 16.931 16.475 16.109 16.864 16.507 15.980 15.444 14.879 14.252 13.765 14.684 14.299 14.049 16.558 16.890 16.606 15.648
-9999.000 -9999.000 -9999.000 -9999.000 -9999.000 -9999.000 -9999.000 -9999.000 -nan 0.796 0.910 1.175 1.892 4.808 10.590 15.306 18.494 18.606 20.461 20.722 20.933 21.141 21.160 22.140 21.776 22.100 22.196 21.181 22.114 21.228 22.029 21.306 19.960 19.600 22.074 21.899 21.752 21.596 21.383 21.151 20.975 20.793 20.573 20.368 20.128 19.928 19.617 19.401 19.074 18.707 18.418 18.063 17.617 17.161 16.641 16.088 15.510 14.914 15.873 15.550 15.393 15.385 17.306 17.652 17.435 17.711
-9999.000 -9999.000 -9999.000 -9999.000 -9999.000 -9999.000 -9999.000 -9999.000 -nan 0.624 0.710 1.073 1.752 4.804 10.568 15.275 18.433 18.569 20.334 20.575 20.697 20.505 20.932 22.039 21.653 20.916 21.516 22.138 21.745 22.476 20.834 20.222 19.716 22.438 21.999 21.856 21.781 21.691 21.597 21.545 21.469 21.326 21.163 20.990 20.854 20.578 20.258 20.145 19.861 19.584 19.035 18.734 18.381 18.001 17.706 17.363 17.018 16.742 16.464 16.321 18.062 18.517 18.787 17.465 17.684 18.020
-9999.000 -9999.000 -9999.000 -9999.000 -9999.000 -9999.000 -9999.000 -9999.000 -nan 0.445 0.653 0.981 1.663 4.801 10.555 15.254 18.118 18.476 19.556 19.609 19.579 19.609 20.409 21.350 22.176 21.028 22.498 20.954 22.304 20.537 22.301 21.624 20.561 19.916 19.821 19.970 20.076 20.158 20.244 20.269 20.224 20.362 20.380 20.437 20.493 20.329 20.106 20.061 19.830 19.662 17.422 17.480 17.359 17.129 16.865 16.626 16.364 19.116 19.535 18.053 18.004 18.259 18.436 18.599 18.921 17.104
-9999.000 -9999.000 -9999.000 -9999.000 -9999.000 -9999.000 -9999.000 -9999.000 -nan -nan 0.608 0.904 1.608 4.677 10.507 14.411 16.690 16.550 17.028 17.051 17.048 17.166 17.836 18.364 18.324 19.238 20.489 19.992 18.548 20.288 19.253 18.166 17.526 19.799 19.493 19.393 19.489 19.668 19.954 20.312 17.714 18.287 18.898 19.092 19.132 19.044 18.884 18.999 19.024 19.097 20.606 19.498 20.437 20.809 19.780 20.172 18.568 20.504 20.797 19.139 19.283 19.579 17.864 18.522 18.750 18.648
-9999.000 -9999.000 -9999.000 -9999.000 -9999.000 -9999.000 -9999.000 -9999.000 -9999.000 -nan 0.630 0.825 1.437 3.425 8.400 9.923 10.451 10.508 11.251 11.530 11.982 12.317 12.938 13.169 13.641 14.725 14.632 15.859 15.371 17.225 16.683 15.911 18.251 17.802 17.361 17.040 16.891 16.972 17.245 17.631 15.532 16.174 16.827 17.506 18.229 18.953 23.129 23.293 23.370 21.759 21.950 19.960 20.467 20.769 21.095 21.334 19.424 19.866 20.128 17.498 18.443 17.979 18.533 18.842 18.285 19.052
-9999.000 -9999.000 -9999.000 -9999.000 -9999.000 -9999.000 -9999.000 -9999.000 -9999.000 -nan 0.520 0.732 1.085 1.884 4.000 4.255 5.188 6.269 7.023 7.602 8.087 8.523 8.866 9.341 9.833 10.067 11.049 11.312 11.268 12.392 12.247 11.887 13.305 13.010 12.678 12.420 12.311 12.378 12.594 12.898 13.263 17.272 21.191 21.284 22.333 22.806 24.949 24.590 22.686 22.905 23.279 21.008 21.787 19.136 19.445 19.939 20.064 17.370 17.252 18.449 17.797 18.400 18.617 17.999 18.454 18.849
-9999.000 -9999.000 -9999.000 -9999.000 -9999.000 -9999.000 -9999.000 -9999.000 -9999.000 -nan 0.385 0.613 0.864 1.233 1.899 3.040 4.155 3.787 4.524 4.979 5.368 5.720 5.981 6.299 6.751 7.187 7.453 7.887 8.180 8.334 9.156 9.199 9.094 8.890 9.728 9.587 9.485 9.453 9.510 9.654 13.647 17.287 21.150 21.328 22.724 24.284 24.494 22.163 23.713 20.642 21.378 21.326 18.885 19.118 18.925 18.685 15.587 14.906 14.051 16.160 15.659 16.077 15.307 15.636 15.923 16.168
-9999.000 -9999.000 -9999.000 -9999.000 -9999.000 -9999.000 -9999.000 -9999.000 -9999.000 -nan -nan 0.371 0.642 0.954 1.248 1.550 1.981 2.336 2.832 3.171 3.466 3.735 3.995 4.253 4.446 4.750 5.010 5.156 5.442 5.981 6.228 6.399 6.463 6.951 6.939 6.879 7.324 7.268 7.235 9.334 13.686 17.298 20.675 21.310 23.394 22.526 23.593 21.901 19.053 19.893 19.529 16.958 16.741 16.088 15.199 12.587 14.420 16.901 16.613 15.970 14.962 16.313 14.879 15.683 16.071 14.144
-9999.000 -9999.000 -9999.000 -9999.000 -9999.000 -9999.000 -9999.000 -9999.000 -9999.000 -9999.000 -nan -nan 0.363 0.578 0.881 1.072 1.326 1.605 1.827 2.064 2.328 2.523 2.700 2.873 3.020 3.181 3.371 3.561 3.677 3.873 4.054 4.382 4.530 4.639 4.922 4.977 5.207 5.208 5.190 9.335 13.654 17.243 19.495 20.530 21.578 20.859 18.871 18.955 16.303 16.061 13.394 12.906 12.217 10.187 13.161 13.846 14.311 14.515 14.452 14.068 13.283 14.239 12.947 13.248 13.039 11.125
-9999.000 -9999.000 -9999.000 -9999.000 -9999.000 -9999.000 -9999.000 -9999.000 -9999.000 -9999.000 -9999.000 -nan -nan 0.238 0.460 0.729 0.943 1.161 1.315 1.444 1.607 1.766 1.891 2.009 2.124 2.222 2.323 2.431 2.526 2.611 2.740 2.859 2.962 3.151 3.232 3.396 3.441 3.564 3.583 6.121 9.083 13.542 16.014 18.497 17.566 15.440 14.842 12.638 12.111 10.175 9.733 9.214 8.655 9.046 9.853 10.508 10.932 11.146 11.140 10.846 10.205 10.750 9.674 9.598 8.453 8.156
-9999.000 -9999.000 -9999.000 -9999.000 -9999.000 -9999.000 -9999.000 -9999.000 -9999.000 -9999.000 -9999.000 -9999.000 -nan -nan -nan 0.367 0.557 0.746 0.951 1.129 1.217 1.295 1.380 1.444 1.536 1.615 1.691 1.757 1.824 1.894 1.956 2.026 2.107 2.145 2.211 2.265 2.362 2.444 2.470 3.613 9.230 11.565 13.566 12.289 11.730 10.095 9.600 9.176 8.708 7.631 7.268 6.812 6.345 7.020 7.197 7.122 7.475 7.672 7.701 7.557 7.924 7.513 7.011 7.007 6.427 5.587
-9999.000 -9999.000 -9999.000 -9999.000 -9999.000 -9999.000 -9999.000 -9999.000 -9999.000 -9999.000 -9999.000 -9999.000 -9999.000 -9999.000 -nan -nan 0.226 0.374 0.530 0.631 0.728 0.867 1.026 1.137 1.202 1.244 1.283 1.321 1.358 1.393 1.429 1.491 1.548 1.585 1.626 1.677 1.724 1.765 1.816 1.857 5.205 6.432 7.284 7.419 7.356 7.243 6.589 6.454 5.934 5.336 4.778 4.302 4.761 4.804 4.813 5.173 5.462 5.294 5.431 5.482 5.428 5.254 4.694 4.446 3.818 3.484
-9999.000 -9999.000 -9999.000 -9999.000 -9999.000 -9999.000 -9999.000 -9999.000 -9999.000 -9999.000 -9999.000 -9999.000 -9999.000 -9999.000 -9999.000 -nan -nan -nan 0.197 0.239 0.275 0.434 0.572 0.620 0.682 0.732 0.777 0.876 0.991 1.076 1.137 1.194 1.215 1.240 1.258 1.281 1.308 1.339 1.378 1.428 2.978 4.577 4.159 4.590 5.034 4.860 4.519 4.120 3.720 3.336 2.974 2.647 2.982 3.192 3.258 3.417 3.531 3.442 3.432 3.338 3.161 3.101 2.826 2.676 2.479 2.255
-9999.000 -9999.000 -9999.000 -9999.000 -9999.000 -9999.000 -9999.000 -9999.000 -9999.000 -9999.000 -9999.000 -9999.000 -9999.000 -9999.000 -9999.000 -9999.000 -9999.000 -nan -nan -nan -nan -nan 0.211 0.234 0.256 0.275 0.304 0.429 0.553 0.606 0.633 0.657 0.694 0.727 0.758 0.860 0.970 1.052 1.106 1.120 1.562 2.616 2.504 2.758 2.890 2.861 2.726 2.533 2.308 2.172 1.942 1.792 1.911 1.982 1.987 2.033 2.066 2.083 2.075 2.031 1.947 1.904 1.763 1.669 1.553 1.465
-9999.000 -9999.000 -9999.000 -9999.000 -9999.000 -9999.000 -9999.000 -9999.000 -9999.000 -9999.000 -9999.000 -9999.000 -9999.000 -9999.000 -9999.000 -9999.000 -9999.000 -9999.000 -9999.000 -9999.000 -9999.000 -nan -nan -nan -nan -nan -nan -nan 0.209 0.226 0.236 0.246 0.261 0.274 0.285 0.422 0.544 0.599 0.636 0.683 0.763 1.435 1.391 1.569 1.699 1.730 1.691 1.652 1.539 1.444 1.341 1.252 1.251 1.242 1.252 1.263 1.271 1.273 1.263 1.274 1.233 1.208 1.161 1.097 1.045 0.989
-9999.000 -9999.000 -9999.000 -9999.000 -9999.000 -9999.000 -9999.000 -9999.000 -9999.000 -9999.000 -9999.000 -9999.000 -9999.000 -9999.000 -9999.000 -9999.000 -9999.000 -9999.000 -9999.000 -9999.000 -9999.000 -9999.000 -9999.000 -9999.000 -9999.000 -9999.000 -9999.000 -nan -nan -nan -nan -nan -nan -nan -nan -nan 0.203 0.225 0.239 0.268 0.384 0.799 1.087 0.876 0.990 1.056 1.071 1.047 1.007 0.946 0.874 0.809 0.700 0.684 0.684 0.690 0.696 0.698 0.696 0.696 0.681 0.668 0.655 0.625 0.586 0.559
-9999.000 -9999.000 -9999.000 -9999.000 -9999.000 -9999.000 -9999.000 -9999.000 -9999.000 -9999.000 -9999.000 -9999.000 -9999.000 -9999.000 -9999.000 -9999.000 -9999.000 -9999.000 -9999.000 -9999.000 -9999.000 -9999.000 -9999.000 -9999.000 -9999.000 -9999.000 -9999.000 -9999.000 -9999.000 -9999.000 -9999.000 -9999.000 -9999.000 -9999.000 -9999.000 -nan -nan -nan -nan -nan -nan 0.258 0.412 0.531 0.585 0.602 0.603 0.592 0.567 0.536 0.498 0.433 0.295 0.259 0.258 0.261 0.263 0.264 0.264 0.261 0.258 0.249 0.244 0.238 0.222 0.209
-9999.000 -9999.000 -9999.000 -9999.000 -9999.000 -9999.000 -9999.000 -9999.000 -9999.000 -9999.000 -9999.000 -9999.000 -9999.000 -9999.000 -9999.000 -9999.000 -9999.000 -9999.000 -9999.000 -9999.000 -9999.000 -9999.000 -9999.000 -9999.000 -9999.000 -9999.000 -9999.000 -9999.000 -9999.000 -9999.000 -9999.000 -9999.000 -9999.000 -9999.000 -9999.000 -9999.000 -9999.000 -9999.000 -9999.000 -9999.000 -nan -nan -nan 0.202 0.221 0.226 0.227 0.222 0.214 0.203 0.187 0.152 0.063 -nan -nan -nan -nan -nan -nan -nan -nan -nan -nan -nan -nan -nan
-9999.000 -9999.000 -9999.000 -9999.000 -9999.000 -9999.000 -9999.000 -9999.000 -9999.000 -9999.000 -9999.000 -9999.000 -9999.000 -9999.000 -9999.000 -9999.000 -9999.000 -9999.000 -9999.000 -9999.000 -9999.000 -9999.000 -9999.000 -9999.000 -9999.000 -9999.000 -9999.000 -9999.000 -9999.000 -9999.000 -9999.000 -9999.000 -9999.000 -9999.000 -9999.000 -9999.000 -9999.000 -9999.000 -9999.000 -9999.000 -9999.000 -9999.000 -nan -nan -nan -nan -nan -nan -nan -nan -nan -nan -nan -nan -9999.000 -9999.000 -9999.000 -9999.000 -9999.000 -9999.000 -9999.000 -9999.000 -9999.000 -9999.000 -9999.000 -9999.000
-9999.000 -9999.000 -9999.000 -9999.000 -9999.000 -9999.000 -9999.000 -9999.000 -9999.000 -9999.000 -9999.000 -9999.000 -9999.000 -9999.000 -9999.000 -9999.000 -9999.000 -9999.000 -9999.000 -9999.000 -9999.000 -9999.000 -9999.000 -9999.000 -9999.000 -9999.000 -9999.000 -9999.000 -9999.000 -9999.000 -9999.000 -9999.000 -9999.000 -9999.000 -9999.000 -9999.000 -9999.000 -9999.000 -9999.000 -9999.000 -9999.000 -9999.000 -9999.000 -9999.000 -9999.000 -9999.000 -9999.000 -9999.000 -9999.000 -9999.000 -9999.000 -9999.000 -9999.000 -9999.000 -9999.000 -9999.000 -9999.000 -9999.000 -9999.000 -9999.000 -9999.000 -9999.000 -9999.000 -9999.000 -9999.000 -9999.000
