AvaFrame/avaframe/data/avaSalk/Avaflow_Input_Output/sk_elev.asc
ncols         296
nrows         144
xllcorner     761600
yllcorner     8523000
cellsize      12.5
NODATA_value  -9999
[rows 28 to 55 of 144, columns 63 to 125 of 296]
4481.263 4490.964 4490.23 4487.937 4484.917 4482.28 4481.015 4481.593 4481.944 4483.664 4488.202 4493.549 4498.106 4503.579 4508.306 4513.203 4516.583 4517.274 4515.971 4514.672 4513.278 4512.387 4512.619 4512.133 4512.536 4513.739 4516.092 4519.577 4523.995 4533.163 4548.139 4553.1 4558.575 4561.307 4563.508 4567.035 4572.47 4576.996 4579.098 4581.242 4584.526 4589.797 4595.779 4601.941 4608.923 4616.906 4622.889 4628.729 4633.714 4637.7 4641.774 4646.786 4650.778 4656.772 4661.801 4668.798 4678.796 4689.795 4700.795 4711.795 4721.796 4730.798 4736.801
4479.904 4484.715 4483.594 4481.922 4479.46 4476.845 4475.9 4477.02 4478.086 4480.95 4485.828 4491.364 4496.734 4500.008 4502.101 4506.667 4510.217 4508.695 4506.537 4503.942 4501.675 4500.3 4499.562 4500.04 4501.347 4504.837 4508.729 4512.198 4517.413 4526.593 4537.416 4546.453 4551.43 4555.943 4559.161 4563.112 4567.378 4571.232 4573.546 4576.151 4577.516 4582.785 4586.766 4592.926 4598.907 4606.889 4613.872 4620.713 4625.698 4630.77 4634.757 4638.746 4642.759 4647.752 4653.783 4660.78 4668.778 4677.776 4686.776 4695.776 4703.778 4711.78 4718.783
4475.652 4476.87 4476.467 4475.621 4474.134 4471.999 4470.615 4472.285 4475.996 4479.34 4483.375 4489.218 4494.321 4498.124 4498.41 4497.7 4499.488 4499.733 4498.115 4495.397 4492.768 4490.615 4489.47 4489.569 4492.207 4496.322 4501.392 4506.449 4510.287 4523.416 4535.793 4543.294 4547.213 4552.588 4556.567 4561.908 4565.351 4567.417 4569.262 4571.482 4572.792 4575.772 4578.93 4582.91 4588.891 4595.873 4602.854 4610.696 4617.766 4623.752 4628.739 4632.727 4635.74 4640.768 4646.764 4652.76 4658.758 4665.757 4671.756 4679.757 4686.758 4694.761 4701.764
4470.973 4470.662 4469.35 4467.825 4465.279 4463.139 4462.352 4464.432 4470.305 4474.249 4479.654 4485.768 4491.42 4494.712 4495.54 4495.275 4494.036 4492.385 4490.153 4487.285 4484.795 4482.23 4480.91 4481.915 4486.182 4490.459 4494.312 4496.134 4496.967 4511.152 4538.624 4542.985 4545.625 4550.001 4552.819 4557.982 4561.239 4562.658 4564.254 4566.447 4566.78 4568.759 4570.914 4573.894 4579.874 4585.855 4593.836 4602.763 4610.749 4616.734 4622.721 4626.708 4629.753 4634.748 4639.744 4645.74 4649.738 4654.737 4659.736 4665.737 4672.738 4680.741 4687.999
4459.704 4459.038 4459.005 4458.126 4456.438 4455.843 4455.868 4457.265 4461.716 4468.721 4475.13 4482.226 4488.956 4492.195 4492.396 4491.672 4489.649 4486.176 4482.712 4479.996 4478.069 4476.639 4474.985 4476.256 4479.936 4483.667 4485.483 4482.429 4488.029 4520.991 4530.29 4539.02 4542.422 4545.126 4545.754 4547.422 4552.073 4556.269 4558.319 4560.644 4560.767 4562.746 4564.898 4567.877 4571.856 4577.837 4585.818 4595.746 4604.73 4612.716 4618.702 4622.689 4624.733 4628.728 4633.723 4638.72 4642.717 4646.983 4651.951 4657.142 4662.894 4670.56 4676.633
4448.3 4450.892 4452.714 4452.649 4452.208 4450.731 4450.291 4451.489 4455.231 4462.142 4471.1 4478.661 4483.24 4485.181 4486.324 4485.42 4483.339 4481.333 4477.258 4473.672 4470.754 4468.065 4469.181 4471.107 4474.69 4476.558 4478.216 4477.472 4486.274 4513.698 4520.26 4529.93 4534.165 4535.778 4537.607 4539.091 4541.975 4546.29 4550.591 4554.436 4556.511 4557.732 4558.882 4561.86 4565.839 4570.818 4578.799 4589.728 4598.711 4606.696 4613.682 4617.668 4619.712 4623.707 4627.702 4631.698 4635.145 4640.461 4646.403 4650.156 4654.377 4660.216 4666.066
4438.808 4444.939 4449.237 4448.835 4450.005 4449.291 4448.527 4448.937 4449.664 4454.536 4464.152 4474.715 4479.108 4480.492 4482.396 4481.557 4478.979 4475.756 4472.376 4466.012 4456.635 4452.946 4453.969 4457.081 4463.53 4470.089 4472.29 4473.999 4480.695 4499.201 4511.023 4518.945 4526.552 4528.835 4530.351 4532.229 4535.575 4538.784 4542.939 4547.193 4549.901 4552.638 4553.865 4556.842 4560.82 4565.799 4572.779 4582.709 4591.692 4599.676 4606.661 4610.647 4613.69 4616.684 4617.745 4622.484 4626.475 4632.231 4636.025 4641.23 4645.697 4650.082 4655.881
4432.096 4439.148 4446.154 4446.656 4447.941 4447.649 4447.776 4448.461 4448.548 4451.612 4459.484 4470.568 4474.99 4477.732 4479.687 4478.134 4474.137 4468.615 4458.173 4447.513 4441.895 4440.212 4440.985 4443.764 4445.846 4451.843 4459.3 4470.363 4476.005 4482.809 4491.78 4501.285 4510.82 4518.948 4521.172 4524.383 4529.435 4533.465 4537.146 4541.131 4544.686 4546.525 4549.442 4553.77 4557.141 4560.779 4567.708 4576.689 4584.672 4591.655 4598.64 4599.386 4602.659 4606.57 4609.607 4610.767 4614.899 4619.712 4623.6 4630.573 4635.938 4640.35 4648.445
4427.671 4434.97 4441.866 4444.708 4446.963 4447.646 4448.85 4448.437 4447.909 4451.781 4458.874 4467.874 4472.725 4473.832 4473.156 4471.666 4465.945 4455.568 4444.71 4435.26 4429.626 4426.626 4428.453 4431.947 4436.702 4443.06 4450.171 4463.048 4474.593 4480.745 4486.444 4494.046 4501.28 4507.994 4513.761 4517.832 4522.265 4527.523 4531.134 4535.321 4538.019 4540.766 4544.522 4548.144 4551.936 4555.774 4560.74 4566.786 4572.03 4578.282 4583.945 4587.468 4589.912 4594.65 4598.637 4600.965 4604.89 4610.585 4616.986 4623.75 4629.802 4635.634 4642.785
4423.325 4430.541 4438.949 4444.539 4448.332 4449.468 4451.27 4451.096 4449.124 4449.259 4453.368 4464.02 4470.68 4470.331 4465.556 4459.683 4449.473 4440.673 4430.87 4421.853 4416.236 4415.516 4417.684 4421.164 4426.005 4433.56 4441.892 4451.028 4468.862 4479.211 4483.94 4491.094 4496.882 4501.083 4506.267 4510.628 4513.558 4518.119 4522.528 4526.785 4531.614 4535.149 4538.668 4541.324 4545.226 4549.803 4553.139 4556.826 4560.845 4565.921 4570.939 4575.482 4578.894 4583.557 4591.131 4595.31 4600.436 4608.184 4616.856 4621.925 4627.187 4632.428 4637.879
4418.919 4425.306 4434.646 4444.19 4449.491 4452.135 4453.607 4453.527 4450.71 4448.753 4449.808 4458.038 4462.725 4460.612 4457.669 4450.575 4440.281 4428.834 4418.792 4409.635 4404.359 4403.362 4406.465 4409.252 4414.871 4422.208 4433.288 4444.788 4463.346 4477.584 4481.587 4487.434 4493.032 4495.36 4499.116 4504.084 4508.206 4511.749 4514.338 4517.027 4523.464 4528.899 4532.514 4534.081 4537.455 4542.746 4546.374 4549.151 4552.428 4556.756 4562.607 4569.429 4573.798 4578.476 4587.076 4594.058 4600.894 4609.325 4614.999 4619.471 4623.86 4629.478 4635.997
4412.825 4418.962 4429.319 4440.803 4448.181 4452.532 4454.13 4454.013 4451.392 4446.334 4442.168 4448.097 4451.427 4448.073 4444.529 4438.099 4428.376 4416.831 4406.195 4398.091 4393.087 4391.934 4395.398 4398.578 4405.931 4414.937 4425.298 4438.065 4452.16 4470.643 4477.711 4482.527 4487.362 4491.071 4495.234 4499.665 4503.979 4508 4510.121 4514.037 4518.54 4523.992 4525.515 4527.694 4531.099 4536.681 4540.59 4543.233 4546.153 4547.792 4551.124 4569.7 4572.961 4577.121 4585.992 4592.896 4599.657 4606.977 4611.866 4616.766 4620.669 4626.833 4634.151
4409.145 4414.363 4425.831 4437.421 4444.78 4450.954 4453.562 4455.541 4453.586 4446.566 4441.104 4442.624 4442.308 4436.941 4429.753 4421.78 4411.671 4403.472 4393.949 4386.671 4382.233 4381.556 4384.036 4391.158 4397.547 4406.713 4413.79 4427.879 4445.914 4464.537 4473.878 4478.357 4482.141 4485.91 4491.896 4495.979 4499.43 4503.799 4506.948 4512.183 4514.864 4518.33 4520.625 4522.912 4525.921 4530.528 4535.667 4539.152 4540.558 4541.596 4553.967 4568.094 4570.75 4575.473 4582.321 4589.819 4596.978 4603.613 4608.754 4613.372 4617.742 4624.517 4630.524
4407.172 4411.602 4422.045 4434.174 4442.093 4451.165 4454.962 4455.139 4453.965 4447.899 4441.656 4438.516 4434.216 4427.127 4418.126 4406.991 4397.938 4389.581 4383.198 4376.331 4372.595 4372.993 4375.113 4383.66 4390.846 4400.907 4409.768 4422.135 4435.229 4450.854 4466.745 4472.996 4477.073 4481.408 4486.783 4491.529 4496.157 4500.045 4503.102 4507.182 4511.365 4514.812 4516.21 4517.8 4522.069 4525.927 4531.947 4535.99 4538.995 4541.878 4553.503 4564.441 4568.559 4573.524 4579.544 4585.941 4593.44 4600.131 4605.254 4609.478 4615.481 4621.486 4628.494
4404.509 4409.243 4417.673 4429.85 4440.725 4450.086 4455.438 4456.05 4453.173 4447.363 4440.396 4434.995 4428.726 4419.21 4409.975 4399.425 4388.393 4379.482 4371.959 4367.169 4366.021 4368.781 4370.869 4377.935 4385.26 4392.385 4402.848 4415.191 4428.043 4441.55 4456.071 4468.049 4472.414 4478.138 4484.396 4489.343 4492.943 4496.238 4498.626 4499.904 4502.548 4508.841 4512.133 4514.555 4518.179 4524.332 4529.273 4533.264 4537.757 4537.478 4553.415 4560.8 4565.959 4571.308 4577.064 4583.864 4591.77 4597.442 4602.442 4607.444 4613.448 4619.454 4626.461
4400.539 4405.756 4412.969 4424.408 4437.09 4448.635 4454.958 4456.351 4453.628 4446.996 4438.308 4431.015 4422.368 4412.224 4403.208 4393.489 4382.85 4373.051 4363.936 4359.395 4359.549 4360.95 4363.24 4369.34 4376.688 4385.046 4396.799 4408.212 4418.972 4433.293 4450.564 4463.883 4471.319 4477.015 4482.804 4486.967 4489.808 4491.874 4492.762 4494.052 4495.735 4500.427 4506.987 4510.013 4514.408 4520.128 4524.11 4527.136 4533.828 4539.969 4548.366 4555.672 4560.624 4567.276 4574.034 4581.644 4587.41 4593.407 4599.407 4604.409 4610.413 4617.419 4625.428
4398.369 4402.988 4408.782 4419.403 4432.726 4445.099 4454.739 4458.497 4454.637 4446.345 4436.06 4425.616 4415.908 4406.142 4397.598 4390.265 4381.732 4370.623 4358.726 4352.378 4351.402 4352.066 4356.626 4363.029 4370.863 4379.459 4389.923 4402.006 4415.09 4431.548 4449.014 4462.068 4471.129 4475.412 4479.274 4482.552 4484.516 4485.496 4486.438 4488.19 4491.363 4493.81 4499.804 4505.775 4512.678 4517.3 4520.433 4523.339 4526.629 4535.858 4541.752 4551.04 4554.738 4560.886 4568.541 4575.377 4582.372 4588.369 4595.369 4601.371 4608.376 4615.383 4622.393
4397.633 4402.645 4408.705 4418.243 4430.942 4441.923 4453.103 4459.349 4452.868 4442.324 4431.552 4419.464 4409.298 4399.823 4392.618 4388.217 4381.363 4370.25 4357.832 4349.772 4345.867 4344.4 4349.221 4356.151 4365.351 4375.536 4386.903 4398.877 4413.39 4428.419 4445.733 4458.833 4468.598 4472.715 4475.194 4477.684 4479.319 4479.566 4481.107 4482.052 4484.708 4487.272 4492.286 4499.33 4508.597 4513.914 4516.026 4518.911 4524.326 4533.68 4540.192 4545.037 4549.699 4555.13 4561.215 4569.338 4576.332 4583.329 4590.329 4597.332 4604.337 4611.345 4619.356
4395.855 4402.592 4411.065 4419.819 4430.729 4441.994 4451.424 4454.477 4447.803 4435.644 4425.025 4413.583 4403.465 4394.449 4388.419 4383.024 4382.921 4371.592 4358.387 4349.301 4344.714 4344.627 4346.637 4355.548 4364.46 4375.621 4386.781 4400.19 4411.351 4428.776 4446.419 4457.199 4464.358 4468.987 4470.894 4472.19 4473.892 4474.683 4476.538 4478.799 4478.775 4481.823 4487.198 4493.585 4497.32 4507.065 4511.848 4514.016 4516.439 4523.363 4537.111 4540.678 4543.736 4549.171 4554.988 4561.296 4569.29 4576.286 4583.287 4590.29 4598.296 4605.305 4613.317
4394.435 4404.13 4412.328 4419.786 4429.092 4441.356 4449.37 4450.775 4442.527 4427.758 4414.888 4404.374 4395.494 4390.631 4383.551 4385.271 4378.441 4367.485 4356.15 4347.063 4342.475 4342.386 4346.646 4355.557 4364.466 4377.876 4391.285 4402.444 4415.852 4431.465 4445.261 4455.52 4460.957 4462.691 4463.629 4465.366 4467.929 4470.509 4470.876 4471.963 4473.74 4477.109 4482.593 4486.902 4491.823 4498.423 4506.717 4509.464 4510.978 4517.316 4530.46 4535.923 4537.282 4541.832 4546.883 4553.251 4560.244 4568.241 4575.241 4582.245 4589.252 4597.262 4605.275
4391.34 4405.657 4414.597 4421.769 4427.655 4436.585 4446.947 4446.44 4435.165 4419.03 4406.626 4397.719 4389.075 4387.704 4385.374 4380.793 4374.338 4365.251 4353.914 4344.825 4340.236 4342.396 4346.806 4355.567 4368.975 4382.384 4395.792 4409.198 4420.41 4431.593 4445.544 4453.969 4456.977 4455.731 4452.337 4451.369 4453.688 4454.739 4456.587 4460.13 4465.475 4471.227 4477.207 4482.058 4485.877 4487.761 4501.861 4505.128 4506.969 4509.337 4514.94 4527.781 4532.854 4536.379 4541.867 4547.203 4554.196 4561.192 4568.193 4574.197 4581.206 4588.217 4596.232
4387.583 4404.099 4415.778 4423.332 4428.05 4433.666 4440.394 4440.629 4427.348 4415.453 4404.029 4392.706 4385.881 4383.229 4380.898 4374.443 4367.605 4360.768 4349.428 4342.589 4340.249 4340.158 4346.816 4360.079 4373.486 4389.143 4404.799 4418.26 4429.417 4438.347 4446.91 4453.921 4453.463 4450.163 4446.488 4446.199 4445.675 4446.137 4448.18 4450.127 4453.86 4463.563 4472.088 4476.497 4483.738 4487.229 4499.501 4501.363 4501.612 4503.713 4505.411 4513.466 4527.979 4533.771 4539.294 4545.414 4550.144 4555.14 4561.141 4566.146 4572.156 4578.169 4584.186
4384.953 4401.864 4415.596 4424.991 4429.1 4432.22 4434.944 4432.048 4422.188 4413.131 4401.808 4390.483 4383.657 4381.331 4376.801 4369.963 4363.125 4356.285 4347.195 4342.604 4340.263 4342.42 4349.077 4362.342 4377.998 4398.154 4416.06 4427.27 4438.426 4447.036 4450.893 4452.731 4450.958 4446.888 4443.78 4443.73 4441.206 4442.991 4445.013 4446.391 4449.371 4455.764 4464.691 4472.431 4477.68 4486.161 4492.38 4495.023 4497.312 4499.453 4503.135 4513.742 4530.005 4532.212 4538.23 4543.235 4547.772 4551.084 4556.086 4560.092 4565.103 4569.118 4574.137
4383.604 4399.757 4413.364 4425.312 4430.066 4431.576 4429.835 4422.323 4415.487 4408.663 4401.839 4390.513 4383.685 4379.107 4374.573 4367.735 4358.645 4351.805 4347.213 4342.621 4340.278 4342.435 4351.34 4364.607 4382.512 4404.916 4425.126 4438.532 4445.188 4453.062 4453.68 4451.882 4449.152 4446.11 4443.065 4442.054 4441.576 4442.592 4442.981 4445.688 4447.146 4449.825 4460.061 4468.736 4472.465 4479.063 4486.342 4487.729 4492.209 4497.281 4503.485 4509.917 4518.573 4528.921 4535.099 4540.521 4545.168 4549.212 4554.026 4558.033 4562.046 4565.063 4568.085
4382.533 4397.469 4414.048 4427.025 4429.596 4427.973 4419.418 4413.323 4411.02 4404.195 4397.369 4388.292 4381.463 4379.134 4374.597 4365.507 4356.417 4349.574 4344.982 4342.639 4342.544 4344.7 4353.604 4369.312 4387.027 4413.986 4436.392 4449.796 4454.201 4458.727 4456.3 4452.178 4448.606 4446.5 4445.124 4443.512 4444.408 4444.854 4445.141 4447.191 4448.411 4449.537 4456.516 4465.495 4470.892 4475.974 4480.785 4484.788 4488.383 4494.043 4502.086 4508.1 4515.98 4523.754 4531.073 4537.376 4542.152 4547.599 4552.787 4556.846 4560.985 4562.005 4564.03
4383.139 4397.108 4414.976 4427.665 4424.337 4417.26 4408.405 4403.88 4400.627 4399.728 4392.901 4386.073 4379.244 4374.663 4370.122 4361.031 4351.94 4347.347 4347.253 4344.909 4344.813 4346.967 4358.121 4376.077 4398.35 4425.254 4447.659 4458.812 4466.412 4466.138 4461.19 4455.962 4452.219 4450.231 4448.402 4445.631 4445.19 4444.801 4445.584 4448.901 4451.198 4454.734 4461.024 4463.972 4473.023 4475.878 4480.199 4484.211 4489.104 4494.945 4500.739 4506.102 4512.69 4521.185 4528.539 4535.231 4540.645 4546.645 4551.463 4555.615 4558.998 4559.943 4560.972
4383.622 4397.328 4412.17 4420.607 4414.984 4404.78 4396.576 4390.902 4389.906 4390.763 4386.184 4379.355 4372.525 4367.942 4363.398 4356.558 4349.714 4347.37 4347.275 4349.43 4349.333 4353.736 4367.19 4387.343 4409.62 4436.524 4456.679 4470.037 4472.674 4472.251 4466.951 4461.605 4456.877 4455.226 4453.213 4448.732 4446.313 4445.994 4450.023 4450.885 4455.146 4463.442 4468.609 4472.332 4476.169 4478.741 4483.973 4487.498 4492.987 4497.085 4503.454 4509.417 4514.791 4521.153 4527.845 4534.512 4542.116 4547.918 4551.309 4553.675 4556.658 4558.014 4560.069
4391.413 4399.63 4408.338 4409.908 4404.089 4391.95 4382.28 4378.551 4377.309 4375.487 4377.219 4372.639 4368.058 4363.519 4358.927 4354.334 4349.74 4349.645 4354.049 4356.203 4360.604 4365.007 4380.71 4400.864 4423.144 4447.797 4467.951 4474.046 4476.976 4476.17 4473.156 4469.466 4464.473 4461.531 4459.267 4455.587 4453.617 4455.212 4461.096 4463.088 4469.74 4473.071 4476.994 4478.069 4482.331 4485.137 4489.901 4493.78 4498.028 4503.298 4510.876 4514.431 4519.762 4529.239 4535.553 4539.186 4542.993 4547.773 4550.738 4552.5 4554.151 4555.733 4556.704
