AvaFrame/avaframe/data/avaSalk/Avaflow_Input_Output/sk_elev.asc
ncols         296
nrows         144
xllcorner     761600
yllcorner     8523000
cellsize      12.5
NODATA_value  -9999
[rows 112 to 139 of 144, columns 0 to 62 of 296]
4433.973 4425.003 4420.534 4422.815 4431.847 4435.979 4431.036 4422.687 4423.111 4422.834 4424.06 4432.472 4446.423 4455.191 4453.137 4448.711 4443.902 4440.55 4439.881 4444.185 4448.792 4449.077 4447.73 4445.601 4442.556 4442.032 4449.03 4454.303 4457.336 4460.032 4463.566 4466.365 4470.289 4468.388 4468.375 4468.361 4468.346 4463.882 4459.364 4450.347 4439.079 4429.8 4416.028 4402.029 4383.553 4364.682 4347.713 4339.771 4336.621 4336.41 4336.123 4336.471 4340.063 4351.251 4367.379 4373.64 4387.04 4397.324 4413.543 4421.727 4432.128 4439.822 4448.019
4449.724 4443.002 4436.282 4436.312 4440.842 4445.373 4441.375 4438.019 4433.131 4434.034 4436.036 4439.956 4465.642 4462.27 4461.583 4455.567 4449.251 4446.944 4448.255 4450.466 4450.97 4450.821 4448.5 4445.772 4443.688 4441.543 4444.037 4451.841 4456.728 4459.173 4463.938 4468.844 4471.276 4471.272 4471.268 4472.262 4472.281 4470.275 4461.603 4452.589 4441.325 4427.811 4417.719 4405.228 4389.816 4372.366 4355.19 4347.046 4345.939 4348.568 4349.453 4348.946 4354.89 4370.917 4384.113 4394.845 4407.391 4414.647 4424.588 4434.985 4445.618 4458.603 4459.998
4465.474 4458.752 4452.031 4449.81 4447.588 4447.616 4447.646 4442.974 4440.561 4441.778 4445.986 4455.275 4470.61 4469.267 4466.648 4461.271 4457.282 4455.499 4454.892 4455.064 4453.091 4453.506 4456.587 4458.267 4456.53 4451.239 4445.084 4446.148 4453.766 4458.089 4463.69 4469.096 4471.265 4472.262 4472.258 4473.279 4473.274 4471.269 4466.094 4454.832 4443.57 4430.059 4420.281 4407.765 4393.132 4377.928 4362.679 4355.307 4355.266 4359.821 4361.644 4361.428 4365.585 4382.966 4395.689 4409.126 4422.624 4428.54 4436.076 4454.203 4461.255 4468.965 4470.758
4474.989 4471 4465.528 4461.056 4456.583 4454.361 4452.14 4449.745 4447.659 4450.414 4457.292 4464.968 4473.074 4471.773 4469.646 4466.239 4463.524 4461.202 4458.64 4457.871 4456.622 4456.223 4456.502 4456.759 4455.061 4451.78 4448.221 4446.535 4451.379 4456.718 4463.213 4467.344 4471.254 4472.252 4473.275 4474.271 4473.268 4471.264 4466.085 4457.076 4445.817 4435.997 4423.97 4410.859 4396.794 4381.638 4367.91 4362.812 4365.009 4369.727 4372.19 4374.764 4376.463 4393.105 4408.354 4424.653 4435.294 4445.311 4451.753 4469.516 4472.861 4473.335 4478.034
4479.989 4476 4473.012 4470.023 4467.829 4465.605 4463.383 4463.409 4460.524 4462.25 4468.285 4472.366 4475.256 4473.275 4470.963 4469.766 4469.149 4466.273 4463.469 4463.896 4464.185 4459.529 4455.086 4453.152 4452.165 4450.415 4449.792 4449.907 4452.624 4458.066 4463.346 4469.153 4471.245 4473.27 4474.268 4474.265 4473.263 4471.26 4468.327 4459.32 4450.313 4442.146 4430.65 4415.98 4400.506 4384.672 4372.188 4369.863 4373.743 4378.687 4383.429 4387.536 4391.33 4404.817 4415.399 4437.338 4452.729 4463.925 4463.588 4475.538 4478.959 4477.643 4483.866
4484.989 4481 4477.011 4475.022 4474.033 4474.045 4473.056 4472.067 4471.372 4472.543 4473.91 4476.211 4476.884 4474.452 4472.328 4472.393 4473.057 4473.061 4473.139 4472.242 4470.48 4465.75 4460.413 4465.518 4468.401 4465.165 4461.061 4456.693 4455.691 4460.675 4464.605 4469.49 4472.236 4473.262 4474.261 4474.259 4472.257 4471.255 4466.07 4461.564 4454.811 4447.846 4437.181 4422.05 4405.329 4387.217 4377.432 4376.578 4382.005 4388.026 4396.105 4400.553 4402.229 4418.346 4419.839 4433.262 4467.962 4476.728 4478.174 4483.123 4485.264 4484.035 4489.405
4488.989 4485 4481.01 4478.021 4478.032 4479.042 4478.053 4478.064 4477.895 4478.575 4479.135 4478.958 4477.934 4475.399 4473.878 4475.025 4475.52 4475.564 4474.962 4473.291 4472.064 4471.794 4472.966 4473.885 4472.714 4471.385 4469.524 4464.638 4463.389 4464.15 4468.076 4471.275 4472.745 4474.255 4474.255 4473.254 4472.253 4470.251 4466.062 4461.559 4457.057 4451.981 4442.237 4426.593 4410.397 4392.943 4384.113 4382.878 4388.945 4394.368 4405.032 4413.913 4417.572 4427.981 4429.62 4440.827 4475.553 4482.001 4481.368 4487.771 4492.546 4493.698 4496.754
4493.989 4488.999 4484.009 4482.02 4482.03 4483.041 4483.051 4482.659 4483.096 4483.404 4483.191 4482.238 4479.678 4476.971 4476.429 4477.653 4477.712 4476.919 4475.788 4474.363 4474.327 4475.025 4475.286 4475.117 4474.104 4473.124 4471.826 4470.202 4468.878 4468.195 4470.645 4472.399 4473.611 4475.25 4475.25 4473.249 4471.249 4470.248 4466.057 4463.805 4459.304 4456.513 4447.106 4434.881 4420.196 4402.878 4390.885 4389.339 4396.242 4403.216 4417.238 4427.542 4433.046 4440.004 4443.347 4460.182 4479.255 4480.231 4487.192 4490.928 4500.912 4502.964 4506.474
4496.989 4491.999 4488.008 4486.019 4485.028 4486.038 4486.048 4486.667 4487.312 4487.66 4486.448 4483.743 4480.212 4478.109 4478.589 4479.729 4479.047 4477.957 4476.504 4475.031 4474.844 4475.829 4476.698 4477.519 4477.649 4477.021 4475.65 4473.388 4471.479 4471.232 4472.491 4473.926 4475.525 4476.244 4475.244 4473.245 4471.245 4470.245 4468.3 4466.05 4461.55 4461.097 4453.477 4441.339 4426.942 4411.994 4400.174 4398.932 4403.387 4410.37 4420.807 4435.231 4444.94 4452.508 4458.476 4466.104 4481.073 4488.322 4489.287 4493.715 4505.992 4507.588 4513.581
4498.989 4495.998 4493.008 4490.017 4487.027 4485.036 4486.046 4488.341 4489.863 4489.72 4487.717 4484.133 4480.958 4479.621 4480.728 4480.545 4479.212 4477.332 4475.497 4473.712 4473.207 4474.891 4477.418 4478.555 4478.752 4477.959 4476.37 4475.164 4474.624 4474.709 4474.417 4475.346 4476.229 4476.239 4475.24 4473.241 4471.241 4470.242 4470.242 4468.296 4466.048 4463.8 4458.369 4447.721 4432.377 4416.487 4409.969 4407.111 4407.279 4414.453 4428.447 4441.2 4452.848 4462.921 4470.033 4473.201 4478.909 4486.305 4487.932 4500.689 4503.266 4514.487 4518.015
4501.989 4498.998 4497.007 4494.016 4489.025 4486.204 4487.017 4488.996 4491.207 4490.565 4487.973 4483.959 4481.256 4481.123 4481.83 4480.958 4478.822 4476.174 4473.733 4471.25 4468.87 4471.312 4475.662 4477.83 4477.069 4475.129 4473.952 4474.473 4475.695 4476.578 4476.311 4476.13 4476.959 4477.234 4476.235 4474.237 4472.238 4472.239 4472.24 4472.241 4471.242 4470.244 4464.622 4453.854 4439.014 4428.629 4421.677 4418.448 4419.857 4424.726 4437.809 4447.716 4457.695 4473.181 4476.593 4480.096 4481.179 4484.21 4493.078 4498.789 4508.901 4514.824 4520.083
4505.258 4502.326 4501.006 4497.988 4491.64 4488.58 4489.1 4490.608 4491.663 4491.143 4487.889 4483.329 4481.09 4481.429 4481.737 4479.678 4477.047 4474.119 4470.875 4464.589 4459.558 4464.897 4473.538 4476.592 4475.454 4472.684 4471.397 4473.387 4475.734 4477.105 4476.836 4476.858 4477.868 4478.229 4476.231 4475.233 4475.235 4475.236 4476.238 4476.239 4475.241 4474.243 4470.369 4458.449 4449.518 4440.177 4433.636 4429.082 4429.367 4434.914 4446.72 4453.742 4465.96 4477.266 4480.648 4486.573 4486.479 4489.022 4496.394 4503.198 4512.664 4515.096 4526.311
4507.553 4505.82 4503.764 4500.961 4494.844 4492.009 4491.298 4492.16 4493.295 4491.801 4488.08 4483.824 4480.997 4480.961 4480.885 4477.886 4474.343 4470.917 4464.125 4456.518 4450.859 4458.49 4471.424 4474.825 4474.359 4472.134 4471.413 4472.043 4474.649 4477.415 4477.96 4477.575 4478.228 4478.226 4478.228 4478.23 4478.232 4479.234 4481.236 4481.238 4480.24 4478.242 4474.552 4468.237 4459.646 4452.29 4447.458 4441.514 4440.54 4446.15 4455.746 4465.56 4474.128 4480.929 4486.29 4491.768 4493.192 4494.575 4500.454 4507.022 4521.271 4523.902 4532.648
4508.936 4507.662 4507.568 4503.623 4497.535 4494.407 4493.185 4493.896 4494.137 4492.023 4487.724 4483.381 4480.528 4479.711 4478.35 4474.815 4471.045 4465.15 4458.781 4452.828 4446.784 4448.542 4465.019 4472.97 4473.246 4471.826 4470.97 4470.705 4474.52 4477.324 4479.208 4479.183 4479.461 4479.222 4479.224 4480.227 4482.229 4483.231 4485.233 4486.236 4484.239 4482.241 4478.617 4474.001 4472.333 4468.628 4464.137 4455.584 4456.312 4461.124 4468.542 4475.203 4482.731 4487.671 4491.783 4495.815 4503.181 4502.6 4506.403 4514.646 4522.05 4525.5 4532.378
4510.137 4507.761 4506 4501.519 4498.209 4495.595 4494.865 4495.528 4493.949 4490.272 4485.994 4481.669 4478.713 4476.822 4473.995 4470.593 4465.095 4461.444 4458.491 4454.9 4449.564 4444.529 4448.011 4465.496 4472.261 4472.16 4471.255 4470.542 4474.202 4477.614 4480.904 4480.297 4479.722 4479.218 4480.221 4482.224 4485.227 4488.229 4490.231 4491.234 4488.237 4485.32 4483.325 4480.33 4477.335 4476.394 4474.397 4472.402 4472.408 4473.414 4476.201 4481.526 4487.718 4492.704 4498.182 4501.566 4509.582 4513.451 4516.201 4519.413 4523.735 4527.22 4533.283
4512.2 4508.854 4505.056 4501.816 4498.377 4495.771 4496.026 4494.484 4491.581 4487.634 4483.116 4478.869 4475.769 4473.481 4470.828 4466.122 4462.752 4462.205 4461.761 4461.997 4460.698 4453.836 4448.893 4459.895 4470.844 4473.643 4475.109 4474.333 4475.887 4478.677 4481.742 4480.891 4481.212 4481.215 4482.218 4485.221 4488.224 4492.227 4495.229 4496.233 4493.236 4490.322 4488.327 4486.332 4484.338 4482.396 4481.401 4479.406 4478.411 4479.417 4482.424 4486.432 4492.847 4499.057 4505.38 4510.873 4515.293 4521.505 4524.203 4525.908 4528.677 4531.22 4536.36
4515.321 4511.844 4508.09 4504.799 4499.637 4496.325 4495.643 4492.724 4488.798 4484.928 4480.438 4476.521 4473.464 4471.171 4467.216 4464.552 4464.877 4466.669 4467.778 4467.904 4464.857 4458.449 4452.711 4455.296 4465.727 4472.511 4475.119 4476.664 4478.597 4480.234 4482.081 4482.263 4482.208 4483.212 4485.215 4488.218 4492.222 4496.225 4499.228 4500.231 4499.318 4498.323 4497.328 4495.334 4492.395 4488.399 4485.403 4484.409 4483.415 4485.421 4488.428 4492.435 4498.557 4504.562 4511.482 4516.88 4526.13 4530.023 4532.307 4533.656 4533.62 4538.877 4545.143
4518.52 4516.542 4513.374 4508.272 4501.83 4497.828 4495.434 4491.955 4487.739 4483.255 4478.919 4475.61 4472.756 4470.169 4464.913 4463.448 4466.519 4470.253 4470.669 4469.663 4465.609 4460.235 4457.976 4461.306 4466.434 4472.129 4475.435 4476.979 4480.405 4482.093 4482.923 4483.219 4484.206 4485.209 4488.212 4492.216 4496.219 4499.223 4503.226 4505.314 4506.319 4506.324 4505.33 4504.335 4501.396 4494.401 4490.406 4489.411 4489.417 4491.423 4495.43 4499.438 4504.562 4510.566 4518.571 4525.144 4534.147 4536.855 4542.422 4543.641 4542.097 4547.008 4553.014
4523.717 4520.478 4515.571 4509.814 4504.569 4501.317 4497.776 4493.093 4488.376 4483.494 4479.678 4476.997 4473.751 4470.528 4465.256 4464.684 4470.008 4471.603 4471.61 4471.354 4470.536 4467.526 4468.684 4471.64 4473.957 4475.405 4477.563 4477.822 4481.034 4484.129 4485.441 4486.115 4487.203 4489.206 4491.21 4495.213 4498.217 4502.221 4506.309 4509.314 4511.32 4512.325 4512.331 4511.337 4508.398 4502.403 4498.408 4497.414 4497.419 4500.426 4504.433 4509.44 4513.565 4519.57 4526.575 4534.58 4541.453 4546.928 4551.156 4552.408 4554.429 4555.477 4558.839
4529.51 4524.325 4518.479 4512.829 4508.77 4506.081 4501.8 4496.584 4491.687 4486.859 4482.884 4479.435 4475.562 4471.683 4467.556 4467.536 4471.367 4472.744 4473.634 4475.266 4476.459 4476.89 4477.281 4478.074 4479.714 4479.636 4479.207 4478.56 4481.297 4485.446 4488.562 4489.699 4491.12 4493.204 4495.208 4498.211 4501.215 4505.219 4509.31 4512.315 4515.32 4516.326 4517.332 4517.338 4515.4 4511.405 4508.41 4506.416 4507.422 4510.428 4516.435 4521.442 4524.569 4528.573 4534.578 4541.583 4548.888 4553.569 4558.202 4561.141 4562.888 4563.474 4566.209
4538.872 4534.069 4528.015 4521.333 4515.557 4511.441 4506.646 4501.874 4496.576 4490.933 4485.78 4481.547 4477.248 4473.003 4470.231 4470.775 4473.802 4475.922 4479.095 4482.768 4484.142 4484.021 4483.904 4485.713 4486.749 4485.295 4483.222 4481.377 4483.684 4487.968 4490.228 4492.584 4494.585 4497.201 4499.205 4501.209 4503.213 4507.305 4512.31 4515.315 4518.321 4520.327 4522.333 4522.397 4520.402 4517.407 4515.412 4516.417 4518.423 4523.43 4528.437 4533.444 4536.572 4539.576 4544.598 4550.892 4556.897 4561.904 4564.894 4568.335 4570.286 4571.797 4574.728
4550.398 4547.182 4541.623 4534.385 4527.031 4520.431 4514.159 4507.89 4500.847 4494.526 4489.125 4484.384 4479.198 4474.781 4472.082 4473.265 4477.438 4480.824 4483.252 4485.597 4487.957 4489.274 4490.045 4491.036 4490.904 4490.811 4489.247 4487.616 4489.188 4491.138 4492.761 4495.727 4498.192 4501.199 4502.203 4504.207 4506.299 4510.305 4515.311 4518.316 4521.322 4523.328 4524.334 4525.398 4523.403 4520.408 4520.414 4525.419 4532.425 4536.432 4540.438 4543.445 4547.575 4551.597 4555.601 4560.901 4564.906 4568.913 4571.92 4574.806 4576.368 4578.927 4581.745
4559.075 4555.888 4550.958 4545.478 4539.412 4532.376 4524.125 4515.888 4507.308 4499.669 4492.721 4486.247 4480.287 4475.378 4472.975 4475.023 4480.539 4484.139 4486.896 4489.736 4492.79 4496.05 4497.567 4497.551 4499.085 4499.431 4497.985 4495.725 4493.911 4494.652 4496.395 4498.708 4501.895 4505.196 4506.201 4508.294 4509.299 4513.305 4518.311 4521.316 4525.322 4527.329 4528.335 4528.4 4527.404 4525.41 4528.415 4538.42 4548.427 4553.433 4554.439 4556.592 4560.596 4565.599 4568.603 4572.91 4574.915 4577.921 4579.928 4581.935 4582.629 4585.688 4589.007
4566.009 4561.955 4557.393 4552.835 4548.033 4542.271 4533.18 4524.259 4515.067 4505.916 4496.875 4488.263 4481.474 4476.787 4476.012 4479.619 4484.093 4488.13 4492.781 4496.215 4500.086 4503.036 4503.977 4504.74 4505.857 4505.482 4504.491 4502.952 4500.507 4499.309 4500.568 4503.209 4505.661 4509.194 4511.198 4512.294 4513.3 4516.305 4521.311 4525.317 4530.323 4533.329 4534.335 4533.401 4535.406 4538.411 4544.416 4557.422 4569.428 4573.434 4573.441 4575.595 4580.598 4584.602 4587.605 4589.918 4590.924 4590.93 4590.936 4590.943 4591.95 4593.397 4594.935
4571.999 4566.938 4561.788 4557.049 4552.348 4546 4537.095 4528.404 4518.908 4509.368 4499.991 4491.167 4483.431 4479.496 4481.355 4486.304 4489.118 4494.193 4499.313 4501.886 4504.279 4505.643 4506.322 4507.808 4509.965 4509.777 4508.368 4508.205 4506.566 4504.422 4504.808 4506.546 4509.54 4513.215 4516.289 4517.294 4518.3 4520.306 4524.312 4529.317 4536.323 4541.33 4541.397 4540.401 4545.407 4554.412 4564.417 4578.423 4590.429 4595.435 4595.441 4597.597 4601.6 4604.604 4607.607 4609.926 4608.932 4606.938 4604.944 4601.951 4599.958 4599.965 4600.992
4577.061 4571.657 4566.628 4561.545 4556.682 4549.179 4539.556 4531.069 4521.761 4511.467 4501.049 4492.208 4485.199 4481.722 4484.445 4490.033 4493.78 4498.973 4502.997 4504.539 4506.311 4507.287 4508.792 4510.602 4511.801 4512.532 4511.463 4511.164 4509.567 4508.354 4507.893 4508.868 4512.747 4517.139 4521.289 4521.294 4522.3 4525.306 4529.312 4535.318 4542.324 4548.33 4550.397 4551.402 4558.407 4571.413 4584.418 4596.424 4606.43 4610.436 4611.597 4614.599 4618.602 4622.605 4625.93 4626.935 4625.939 4622.945 4619.951 4614.958 4610.965 4609.972 4609.98
4581.023 4576.448 4571.674 4566.322 4561.573 4557.292 4551.508 4537.929 4527.892 4518.125 4508.372 4499.896 4491.014 4485.727 4487.875 4493.918 4498.894 4503.533 4506.595 4508.137 4509.438 4509.979 4511.721 4513.091 4513.066 4514.004 4513.345 4513.103 4511.854 4510.723 4511.266 4512.896 4516.73 4520.494 4524.289 4525.294 4528.3 4531.306 4536.312 4542.318 4549.324 4556.331 4561.398 4566.403 4576.408 4591.414 4604.419 4612.424 4617.431 4621.437 4624.599 4628.601 4633.604 4638.607 4641.938 4642.942 4642.947 4639.953 4636.958 4630.965 4624.972 4621.979 4619.986
4587.938 4584.733 4582.608 4579.74 4574.832 4571.57 4568.698 4549.797 4537.036 4525.35 4518.485 4515.436 4501.995 4493.806 4494.933 4498.217 4502.78 4507.007 4509.297 4511.542 4513.435 4514.078 4514.467 4514.876 4514.987 4515.817 4515.437 4514.649 4514.913 4515.519 4516.274 4518.021 4520.79 4524.822 4527.289 4529.294 4532.3 4536.306 4541.312 4547.318 4554.325 4562.331 4569.399 4576.404 4588.409 4604.414 4616.419 4621.425 4624.431 4628.598 4632.6 4637.603 4643.605 4648.608 4652.945 4655.95 4655.955 4654.96 4650.966 4644.972 4637.979 4634.985 4632.993
