AvaFrame/avaframe/data/avaSalk/Avaflow_Input_Output/sk_elev.asc
ncols         296
nrows         144
xllcorner     761600
yllcorner     8523000
cellsize      12.5
NODATA_value  -9999
[rows 84 to 111 of 144, columns 126 to 188 of 296]
4447.5 4447.5 4447.5 4447.5 4447.5 4447.5 4447.5 4447.5 4447.5 4447.562 4448.338 4449.834 4451.323 4452.716 4454.259 4455.883 4457.362 4458.293 4460.398 4463.983 4467.971 4469.03 4468.803 4472.147 4473.678 4474.106 4475.809 4478.672 4480.71 4482.288 4483.738 4484.989 4487.223 4489.139 4490.998 4493.195 4496.958 4500.436 4504.218 4506.859 4508.581 4510.154 4513.167 4515.99 4518.927 4523.944 4530.655 4534.618 4537.986 4543.854 4550.165 4555.89 4558.932 4562.165 4564.96 4567.239 4568.899 4570.336 4571.361 4573.081 4575.461 4578.398 4582.314
4447.5 4447.5 4447.5 4447.5 4447.5 4447.5 4447.5 4447.5 4447.5 4447.5 4447.5 4447.5 4447.769 4448.649 4450.353 4452.131 4453.802 4455.15 4456.445 4457.811 4459.759 4459.062 4463.822 4469.845 4470.078 4471.532 4473.28 4474.753 4477.106 4479.113 4480.835 4482.336 4483.726 4486.619 4487.9 4489.914 4492.271 4497.265 4500.213 4502.416 4504.689 4506.973 4511.108 4513.365 4517.155 4523.622 4529.532 4533.607 4538.138 4544.402 4550.314 4554.324 4557.699 4560.689 4562.898 4564.886 4566.494 4567.043 4567.959 4570.554 4573.583 4576.772 4581.076
4447.5 4447.5 4447.5 4447.5 4447.5 4447.5 4447.5 4447.5 4447.5 4447.5 4447.5 4447.5 4447.5 4447.5 4447.5 4448.609 4450.672 4452.395 4454.014 4455.482 4456.641 4457.549 4458.603 4461.884 4464.597 4469.448 4471.472 4472.941 4474.408 4476.331 4478.252 4479.98 4481.676 4483.497 4486.841 4488.364 4491.867 4494.302 4496.957 4499.717 4502.216 4505.206 4508.677 4513.1 4517.271 4523.055 4529.3 4535.005 4539.455 4544.415 4549.78 4552.84 4555.541 4558.379 4560.729 4562.007 4564.269 4565.016 4565.974 4568.128 4571.752 4575.785 4580.751
4447.5 4447.5 4447.5 4447.5 4447.5 4447.5 4447.5 4447.5 4447.5 4447.5 4447.5 4447.5 4447.5 4447.5 4447.5 4447.5 4447.921 4449.965 4451.762 4453.229 4454.591 4455.792 4456.925 4457.978 4459.583 4464.509 4468.93 4471.191 4472.735 4474.242 4475.95 4477.819 4479.815 4481.882 4483.942 4486.375 4488.651 4491.677 4494.692 4496.924 4499.644 4503.93 4509.23 4513.684 4518.619 4525.167 4530.558 4536.445 4542.383 4545.266 4549.047 4551.861 4553.912 4556.548 4558.42 4560.293 4561.944 4563.305 4564.527 4567.297 4571.705 4575.92 4580.789
4449.051 4447.5 4447.5 4447.5 4447.5 4447.5 4447.5 4447.5 4447.5 4447.5 4447.5 4447.5 4447.5 4447.5 4447.5 4447.5 4447.5 4447.954 4449.799 4451.642 4453.271 4454.734 4456.026 4457.171 4458.143 4458.886 4462.863 4468.531 4471.125 4472.551 4473.995 4475.933 4478.25 4480.618 4482.907 4484.947 4486.906 4489.813 4492.677 4495.7 4499.205 4503.893 4509.167 4513.884 4520.231 4526.483 4532.599 4537.572 4542.09 4544.464 4547.506 4550.056 4552.224 4553.929 4555.81 4557.5 4559.482 4561.836 4564.654 4568.353 4572.658 4575.845 4579.869
4451.516 4449.261 4447.511 4447.5 4447.5 4447.5 4447.5 4447.5 4447.5 4447.5 4447.5 4447.5 4447.5 4447.5 4447.5 4447.5 4447.5 4447.5 4448.773 4450.822 4452.633 4454.188 4455.522 4456.693 4457.685 4458.463 4458.75 4465.505 4470.029 4470.933 4472.158 4474.575 4477.097 4479.733 4482.297 4484.713 4487.271 4489.998 4491.638 4495.152 4499.304 4505.67 4510.796 4515.85 4521.889 4526.935 4531.839 4537.259 4541.314 4543.911 4546.058 4547.545 4549.183 4551.307 4553.873 4554.837 4557.16 4560.146 4563.524 4567.91 4571.671 4575.045 4579.561
4454.167 4452.143 4450.278 4448.568 4447.518 4447.5 4447.5 4447.5 4447.5 4447.5 4447.5 4447.5 4447.5 4447.5 4447.5 4447.5 4447.5 4447.5 4448.802 4450.754 4452.509 4454.026 4455.343 4456.484 4457.449 4458.249 4458.749 4461.178 4467.317 4469.888 4470.318 4473.33 4476.479 4479.416 4482.237 4484.983 4487.582 4489.146 4492.177 4497.136 4501.082 4507.18 4514.925 4521.099 4524.968 4528.866 4532.832 4537.349 4540.176 4542.09 4543.145 4543.955 4545.43 4547.997 4550.675 4552.369 4554.642 4557.53 4561.491 4565.143 4568.222 4573.031 4579.45
4456.92 4454.914 4453.005 4451.278 4449.694 4448.288 4447.5 4447.5 4447.5 4447.5 4447.5 4447.5 4447.5 4447.5 4447.5 4447.5 4447.5 4447.829 4449.479 4451.216 4452.791 4454.19 4455.427 4456.502 4457.415 4458.195 4458.729 4458.75 4464.792 4468.69 4470.077 4473.862 4476.945 4479.774 4482.591 4485.43 4486.734 4489.201 4493.877 4498.968 4503.743 4509.678 4518.435 4522.215 4525.581 4529.01 4531.879 4535.44 4537.47 4538.711 4539.177 4541.308 4543.747 4545.941 4547.461 4549.714 4551.729 4555.02 4559.555 4563.455 4567.065 4572.602 4578.206
4462.186 4457.507 4455.605 4453.941 4452.51 4451.416 4450.616 4449.803 4449.428 4449.231 4448.231 4447.5 4447.5 4447.5 4447.5 4447.691 4448.634 4449.569 4450.666 4452.033 4453.383 4454.611 4455.721 4456.709 4457.557 4458.285 4458.742 4459.22 4465.557 4469.165 4471.162 4474.458 4477.325 4480.283 4483.031 4484.99 4487.289 4490.409 4495.829 4501.237 4507.004 4513.875 4518.418 4521.878 4524.929 4527.532 4530.247 4533.001 4534.525 4536.114 4536.736 4538.398 4541.019 4543.607 4545.209 4547.382 4550.087 4553.434 4557.133 4562.11 4566.656 4571.896 4576.782
4470.21 4462.868 4458.122 4456.607 4455.348 4454.562 4454.099 4453.702 4453.454 4453.252 4452.25 4451.015 4450.49 4450.181 4449.96 4450.243 4450.883 4451.482 4452.195 4453.149 4454.218 4455.251 4456.213 4457.093 4457.857 4458.481 4458.75 4463.255 4470.195 4471.083 4472.324 4474.366 4477.519 4480.943 4483.887 4485.377 4490.015 4493.62 4499.184 4504.831 4509.931 4513.523 4516.994 4520.48 4522.656 4524.952 4526.748 4528.865 4530.991 4533.525 4535.114 4536.914 4539.786 4542.065 4543.368 4545.767 4549.304 4553.51 4558.078 4562.819 4567.403 4572.497 4576.426
4475.904 4471.21 4466.945 4460.838 4458.039 4457.538 4457.722 4457.59 4457.48 4457.509 4456.186 4454.848 4454.009 4453.357 4452.921 4452.89 4453.212 4453.558 4453.984 4454.54 4455.296 4456.1 4456.899 4457.647 4458.267 4458.723 4461.352 4469.7 4472.028 4472.954 4473.858 4475.491 4478.788 4482.261 4485.435 4488.217 4493.136 4496.149 4501.36 4505.496 4509.006 4509.768 4511.691 4515.333 4517.109 4520.317 4523.275 4525.542 4528.42 4529.696 4532.625 4535.514 4538.059 4540.431 4543.243 4546.103 4549.818 4554.392 4559.017 4563.366 4566.819 4571.586 4576.004
4481.501 4477.691 4473.861 4471.005 4467.226 4464.082 4466.134 4466.085 4465.693 4466.62 4461.922 4458.651 4457.397 4456.444 4455.765 4455.501 4455.595 4455.797 4455.964 4456.224 4456.599 4457.134 4457.739 4458.295 4458.773 4463.494 4469.082 4472.541 4474.445 4474.685 4475.289 4478.408 4481.37 4484.311 4486.91 4490.255 4494.117 4495.724 4499.563 4502.605 4504.509 4505.724 4507.766 4510.606 4513.334 4517.414 4519.893 4522.386 4525.608 4526.68 4529.141 4532.487 4536.435 4539.727 4542.347 4544.739 4549.02 4553.572 4558.114 4562.443 4566.266 4570.78 4574.447
4486.529 4483.926 4480.554 4477.865 4475.193 4473.926 4474.302 4474.263 4473.921 4473.751 4470.657 4467.162 4465.504 4461.404 4458.435 4458.392 4458.128 4458.408 4458.152 4458.108 4458.273 4458.673 4460.249 4463.173 4467.335 4471.96 4475.368 4476.087 4476.872 4477.468 4478.444 4481.225 4484.28 4486.568 4488.608 4491.012 4493.717 4498.294 4498.133 4498.369 4500.233 4502.94 4505.434 4508.105 4510.754 4515.228 4516.898 4521.42 4523.629 4525.731 4528.171 4531.114 4534.662 4538.438 4541.492 4543.389 4546.734 4550.697 4554.854 4559.427 4563.103 4566.265 4568.91
4492.585 4488.04 4485.903 4483.897 4481.411 4480.027 4479.656 4479.468 4479.194 4478.799 4477.082 4475.282 4473.649 4471.933 4470.503 4469.515 4468.487 4468.571 4468.207 4467.468 4466.879 4469.565 4470.914 4472.716 4474.369 4476.441 4477.788 4478.738 4479.597 4480.485 4481.689 4483.972 4486.727 4489.032 4492.408 4493.676 4496.888 4496.792 4499.013 4498.054 4498.719 4500.616 4503.539 4506.322 4509.952 4513.898 4516.392 4519.309 4522.391 4525.183 4528.289 4532.005 4534.806 4537.645 4540.592 4542.156 4544.17 4546.91 4550.935 4555.516 4559.639 4561.618 4563.367
4502.222 4497.214 4490.802 4487.729 4485.95 4485 4484.687 4484.442 4484.153 4483.834 4482.539 4480.841 4479.535 4478.539 4477.605 4477.401 4477.182 4476.344 4475.225 4474.261 4474.561 4475.975 4476.994 4477.845 4478.52 4479.488 4480.519 4481.401 4482.267 4483.32 4484.614 4486.237 4490.26 4491.907 4495.206 4498.794 4501.869 4504.799 4503.667 4501.991 4499.848 4501.194 4505.17 4508.205 4511.875 4515.608 4518.677 4520.696 4523.227 4526.153 4529.526 4532.051 4534.587 4537.264 4541.794 4544.399 4547.102 4550.01 4553.324 4557.43 4560.146 4560.723 4561.575
4512.1 4506.031 4499.785 4494.714 4490.473 4489.395 4490.895 4490.313 4489.199 4488.626 4488.318 4485 4484.998 4484.281 4483.17 4482.604 4482.568 4481.816 4480.618 4479.508 4479.327 4480.236 4481.208 4481.956 4482.5 4482.827 4483.492 4484.073 4484.685 4486.126 4487.778 4489.41 4492.218 4494.765 4498.323 4501.333 4505.186 4508.724 4510.579 4509.028 4508.196 4509.243 4510.898 4514.214 4518.541 4521.885 4524.254 4526.512 4528.673 4529.938 4534.586 4536.746 4539.305 4543.735 4550.44 4552.808 4555.459 4558.472 4560.401 4563.814 4564.817 4564.748 4568.485
4519.918 4513.625 4508.944 4504.534 4499.831 4499.952 4501.611 4500.746 4498.717 4498.603 4497.447 4494.796 4493.55 4490.476 4488.607 4488.467 4486.281 4485.7 4484.965 4484.642 4483.875 4484.546 4485 4485.457 4487.032 4487.044 4488.68 4489.294 4490.586 4493.635 4494.819 4494.795 4497.218 4500.302 4503.579 4506.512 4509.75 4512.398 4512.782 4514.55 4515.897 4517.399 4520.644 4523.892 4526.497 4527.42 4533.318 4535.112 4538.099 4540.808 4543.484 4546.841 4549.291 4552.631 4557.187 4560.503 4565.127 4568.575 4569.321 4572.545 4574.985 4575.436 4576.639
4535.221 4523.519 4516.361 4513.373 4508.239 4510.467 4512.251 4510.181 4510.322 4506.896 4506.099 4503.236 4502.019 4498.328 4496.881 4495.586 4493.68 4492.243 4491.334 4491.861 4490.826 4492.072 4492.479 4496.628 4494.928 4495.659 4496.094 4498.324 4499.367 4502.423 4503.835 4504.09 4504.916 4507.844 4510.566 4513.088 4516.043 4516.854 4518.477 4520.782 4522.477 4525.458 4528.228 4531.021 4534.097 4537.297 4540.373 4543.516 4546.103 4548.51 4554.042 4557.306 4559.997 4563.223 4566.582 4569.999 4573.399 4576.027 4579.283 4581.709 4581.895 4581.096 4582.569
4550.095 4540.634 4531.641 4528.375 4525.086 4519.327 4520.646 4521.938 4522.471 4518.261 4516.796 4515.675 4511.871 4509.621 4506.149 4504.202 4501.586 4500.345 4501.25 4500.848 4500.346 4501.021 4503.539 4508.773 4508.539 4509.798 4508.964 4509.349 4508.863 4511.838 4513.086 4513.555 4513.81 4515.733 4517.986 4520.169 4522.504 4524.587 4527.033 4529.127 4530.604 4533.984 4536.12 4538.288 4542.224 4544.928 4548.64 4551.959 4555.97 4559.194 4562.603 4565.702 4568.438 4572.63 4574.585 4577.428 4581.585 4583.061 4584.582 4585.753 4586.217 4587.007 4590.37
4561.318 4557.593 4550.682 4549.482 4541.438 4532.868 4529.25 4530.09 4529.944 4529.269 4526.315 4524.216 4525.252 4521.377 4515.652 4512.236 4508.57 4507.775 4508.258 4510.065 4509.902 4512.262 4516.139 4518.684 4519.152 4519.206 4518.267 4518.052 4518.202 4520.52 4521.883 4522.323 4521.355 4523.252 4525.9 4527.451 4529.89 4532.023 4534.548 4537.292 4538.217 4540.765 4543.111 4545.035 4549.115 4552.098 4556.633 4559.875 4563.57 4566.207 4568.938 4572.199 4575.407 4578.946 4582.438 4585.944 4587.805 4589.004 4590.239 4592.237 4595.06 4598.581 4600.131
4575.854 4575.769 4569.698 4562.857 4555.268 4550.467 4539.993 4540.103 4539.301 4538.645 4538.958 4537.006 4535.051 4531.352 4526.678 4522.084 4520.061 4518.59 4519.671 4520.11 4525.927 4528.706 4528.91 4528.925 4528.67 4530.042 4528.991 4528.029 4527.585 4530.197 4531.998 4531.895 4531.381 4535.26 4534.881 4537.163 4538.459 4541.015 4543.512 4546.049 4548.398 4549.807 4551.356 4554.065 4557.48 4561.631 4564.74 4568.567 4572.192 4576.159 4579.375 4582.254 4585.83 4589.475 4593.519 4595.574 4596.618 4598.189 4601.272 4603.817 4604.894 4606.675 4607.285
4583.232 4583.63 4581.701 4573.169 4569.321 4562.025 4555.151 4550.346 4547.262 4547.166 4547.27 4546.171 4544.541 4538.693 4535.749 4533.258 4531.209 4529.279 4529.787 4529.401 4537.593 4538.264 4539.708 4540.694 4539.515 4538.787 4540.067 4538.59 4537.034 4538.383 4541.025 4540.845 4540.235 4543.496 4544.535 4546.242 4548.275 4550.613 4553.684 4556.044 4557.216 4558.893 4559.591 4562.678 4565.938 4569.204 4573.535 4576.833 4580.742 4584.963 4589.067 4592.944 4596.142 4598.749 4600.984 4604.265 4605.307 4609.129 4614.74 4614.277 4614.86 4615.935 4619.912
4591.959 4592.656 4594.176 4585.521 4581.711 4571.608 4567.831 4565.66 4561.991 4559.458 4556.938 4558.704 4554.857 4553.66 4554.654 4553.592 4547.895 4544.142 4544.175 4541.719 4545.457 4546.031 4548.896 4549.217 4548.333 4547.351 4546.429 4547.146 4548.913 4548.495 4550.861 4550.411 4550.691 4552.823 4554.301 4556.455 4559.531 4561.353 4565.366 4565.966 4567.954 4569.35 4570.286 4573.658 4577.46 4580.67 4585.253 4589.297 4593.703 4596.711 4599.415 4603.139 4605.525 4608.761 4610.966 4613.403 4615.547 4618 4620.448 4621.642 4623.252 4632.712 4640.583
4599.797 4599.158 4600.645 4597.534 4588.312 4580.983 4580.007 4581.44 4575.58 4572.174 4571.451 4570.812 4567.688 4566.811 4567.599 4568.265 4565.24 4560.476 4557.194 4555.987 4556.64 4556.392 4557.337 4558.046 4558.209 4555.123 4555.884 4558.98 4561.678 4560.902 4560.155 4562.213 4565.773 4561.499 4563.389 4565.31 4567.106 4570.056 4572.83 4575.383 4577.276 4578.526 4581.632 4588.9 4590.999 4594.646 4597.857 4604.148 4606.32 4611.129 4614.322 4616.516 4620.993 4621.674 4622.784 4622.821 4625.325 4627.624 4628.706 4632.232 4637.026 4641.327 4643.108
4597.063 4599.614 4602.313 4605.19 4598.05 4591.624 4592.518 4595.567 4589.475 4586.819 4585.002 4582.824 4579.504 4578.375 4579.55 4581.021 4579.214 4578.193 4572.77 4572.157 4572.02 4569.832 4569.794 4568.804 4568.594 4569.731 4572.452 4570.373 4572.725 4571.95 4571.597 4575.109 4582.384 4575.947 4573.521 4575.09 4578.882 4579.739 4582.532 4584.037 4586.101 4588.159 4592.203 4597.247 4602.599 4608.021 4612.716 4615.95 4619.672 4624.184 4627.981 4629.734 4630.589 4631.704 4632.321 4633.336 4635.479 4635.833 4637.489 4639.691 4642.131 4643.667 4644.498
4591.167 4594.529 4597.79 4599.875 4604.959 4604.287 4601.617 4605.261 4602.656 4600.253 4598.483 4595.915 4592.521 4591.97 4590.554 4595.093 4591.529 4591.153 4593.199 4588.663 4586.955 4581.56 4582.328 4581.29 4578.908 4582.184 4588.188 4581.183 4584.718 4583.604 4586.557 4592.176 4593.338 4586.951 4583.167 4584.187 4588.055 4590.414 4592.383 4593.189 4594.198 4598.371 4603.352 4610.439 4619.123 4622.557 4624.42 4625.746 4627.083 4628.689 4630.302 4632.535 4632.923 4633.917 4634.477 4635.398 4637.164 4637.877 4638.692 4640.105 4642.643 4644.713 4646.208
4584.082 4588.341 4593.009 4594.756 4597.306 4600.448 4604.422 4606.914 4606.981 4606.894 4611.5 4612.276 4606.188 4608.118 4608.114 4608.679 4608.398 4608.536 4608.298 4604.821 4605.441 4595.95 4597.846 4593.398 4590.921 4599.425 4603.271 4597.783 4598.053 4595.807 4599.786 4606.446 4608.43 4601.316 4597.877 4596.481 4599.878 4600.915 4602.919 4606.714 4608.08 4610.517 4621.099 4625.66 4627.147 4627.493 4628.482 4628.077 4628.587 4628.941 4629.857 4632.101 4635.685 4635.514 4637.94 4635.775 4637.162 4639.038 4640.114 4641.06 4642.9 4645.156 4646.37
4576.981 4581.398 4583.611 4585.936 4590.085 4593.493 4596.744 4600.654 4603.957 4606.741 4608.678 4611.419 4613.084 4613.373 4615.087 4611.837 4609.452 4609.222 4609.262 4609.771 4609.666 4609.917 4609.457 4603.831 4602.687 4607.447 4608.931 4610.47 4610.211 4609.771 4612.763 4612.937 4613.617 4612.298 4613.262 4616.449 4616.824 4619.313 4619.971 4621.459 4625.049 4626.398 4628.399 4629.46 4628.619 4629.091 4629.709 4628.5 4628.154 4629.477 4630.849 4631.541 4633.672 4634.715 4635.965 4636.194 4637.943 4639.551 4639.727 4640.324 4641.489 4643.604 4644.714
