AvaFrame/avaframe/data/avaSalk/Avaflow_Input_Output/sk_elev.asc
ncols         296
nrows         144
xllcorner     761600
yllcorner     8523000
cellsize      12.5
NODATA_value  -9999
[rows 28 to 55 of 144, columns 0 to 62 of 296]
3829.055 3840.468 3855.077 3867.69 3891.758 3910.495 3920.577 3937.509 3952.854 3967.92 3985.822 4004.031 4019.702 4037.468 4055.595 4073.969 4093.165 4112.204 4132.336 4150.66 4164.734 4178.601 4184.823 4187.387 4188.984 4188.319 4186.105 4184.051 4182.487 4180.699 4179.391 4178.175 4175.403 4174.172 4172.362 4170.3 4168.595 4168.774 4168.667 4170.244 4174.522 4180.717 4186.989 4192.515 4201.723 4213.463 4223.424 4232.79 4243.806 4256.305 4269.746 4286.495 4301.42 4316.977 4333.768 4349.395 4365.142 4393.837 4407.259 4419.973 4442.639 4471.021 4476.757
3823.604 3835.704 3850.672 3864.992 3883.387 3900.313 3913.939 3930.448 3948.612 3962.161 3979.028 3996.981 4014.33 4031.962 4049.375 4068.061 4087.829 4108.295 4126.944 4139.623 4149.21 4158.357 4163.937 4165.66 4166.137 4165.82 4164.734 4163.894 4163.176 4161.555 4160.104 4158.388 4156.128 4154.513 4153.466 4152.87 4151.674 4152.601 4153.481 4154.88 4159.355 4167.28 4175.285 4182.31 4190.314 4200.958 4212.458 4223.151 4235.167 4248.641 4263.901 4280.241 4295.766 4309.63 4328.581 4349.374 4366.903 4381.615 4403.622 4423.496 4436.839 4459.985 4473.902
3813.961 3830.686 3845.572 3859.948 3876.042 3891.564 3905.853 3923.497 3942.666 3956.71 3972.56 3988.62 4004.758 4024.439 4044.17 4061.189 4079.958 4096.811 4112.055 4123.909 4130.645 4136.77 4141.748 4143.752 4144.01 4143.837 4144.014 4143.802 4143.945 4142.923 4141.592 4139.341 4137.782 4136.427 4134.549 4133.381 4134.49 4136.367 4139.251 4142.503 4147.469 4154.605 4161.943 4171.76 4181.831 4191.808 4203.336 4215.679 4228.284 4243.509 4260.697 4276.66 4293.954 4305.329 4328.415 4346.636 4366.103 4379.069 4400.381 4428.938 4438.087 4454.31 4472.072
3806.758 3823.822 3839.778 3856.707 3871.692 3885.048 3899.596 3917.893 3934.57 3949.048 3964.675 3981.014 3997.789 4016.445 4035.834 4052.067 4069.692 4083.324 4094.782 4105.967 4112.768 4117.3 4120.769 4123.031 4124.07 4124.018 4123.803 4123.879 4124.279 4123.48 4123.687 4122.154 4120.303 4118.05 4116.335 4116.411 4117.977 4121.096 4124.65 4129.296 4135.543 4143.148 4150.795 4161.929 4174.041 4184.352 4196.725 4210.191 4223.158 4238.723 4256.838 4274.09 4295.172 4306.785 4324.771 4344.132 4370.364 4385.628 4399.297 4424.455 4436.562 4450.955 4467.567
3802.431 3818.24 3831.687 3849.236 3865.171 3880.302 3895.428 3910.17 3925.392 3941.987 3958.757 3974.347 3989.41 4005.634 4022.844 4041.859 4056.765 4066.849 4075.585 4085.646 4094.079 4098.746 4100.828 4103.021 4104.975 4105.336 4105.266 4104.706 4104.994 4104.355 4105.023 4104.6 4103.387 4101.439 4099.747 4100.046 4102.243 4106.114 4111.669 4117.33 4123.935 4131.122 4140.47 4152.944 4166.03 4177.839 4190.038 4205.099 4219.903 4237.064 4252.202 4270.984 4293.148 4312.503 4327.394 4342.377 4367.875 4386.374 4398.1 4419.643 4438.303 4449.718 4456.633
3798.454 3811.379 3823.963 3838.882 3856.99 3871.122 3885.106 3899.583 3914.896 3934.259 3951.598 3966.401 3980.622 3995.349 4011.536 4029.381 4042.744 4050.62 4058.434 4066.503 4073.904 4080.155 4082.678 4084.12 4085.483 4086.129 4086.052 4085.63 4086.248 4085.994 4087.076 4085.907 4084.675 4085.38 4085.476 4086.623 4089.117 4092.244 4099.942 4106.907 4114.179 4122.297 4132.495 4144.265 4157.559 4172.05 4185.248 4201.162 4218.309 4235.852 4250.554 4268.612 4290.652 4304.745 4326.256 4345.881 4365.331 4383.656 4394.957 4416.091 4434.07 4443.71 4446.502
3790.076 3804.062 3814.915 3828.725 3846.94 3859.827 3873.736 3889.915 3908.301 3926.208 3940.7 3954.294 3972.485 3988.68 4003.228 4015.443 4027.274 4035.951 4044.874 4051.456 4056.657 4061.904 4064.913 4066.952 4067.806 4068.27 4067.53 4066.616 4067.378 4068.211 4069.733 4069.414 4067.689 4068.988 4071.04 4074.301 4077.851 4082.554 4089.083 4096.927 4105.386 4115.69 4127.084 4139.125 4152.377 4168.446 4182.488 4197.891 4215.412 4233.221 4249.597 4268.269 4288.673 4302.132 4326.889 4343.757 4360.379 4377.453 4393.167 4408.46 4425.981 4434.141 4436.536
3782.332 3797.673 3810.183 3821.957 3836.278 3850.013 3864.537 3882.288 3901.381 3916.233 3928.447 3940.849 3962.224 3978.947 3992.555 4003.667 4012.687 4021.155 4029.381 4035.151 4041.379 4045.874 4048.553 4050.849 4051.842 4051.868 4050.881 4049.416 4049.942 4052.022 4053.139 4053.748 4054.143 4054.801 4057.368 4063.019 4067.928 4074.051 4079.361 4088.458 4098.419 4108.553 4120.466 4133.179 4147.621 4163.899 4179.188 4195.49 4213.046 4232.023 4250.595 4268.22 4288.551 4300.406 4324.014 4338.428 4354.165 4368.43 4385.337 4400.863 4417.121 4425.523 4429.402
3772.074 3789.03 3796.859 3812.211 3824.294 3838.515 3858.855 3872.515 3890.22 3904.797 3918.723 3935.829 3952.249 3965.281 3979.833 3990.617 3999.758 4006.61 4013.049 4018.784 4024.918 4030.024 4033.147 4035.361 4036.507 4035.588 4033.817 4033.949 4034.623 4036.266 4037.562 4039.887 4041.443 4043.771 4045.486 4051.751 4059.778 4065.941 4071.241 4079.606 4089.837 4100.964 4113.256 4126.595 4143.497 4159.328 4174.217 4194.401 4213.039 4231.399 4251.28 4265.957 4286.155 4298.597 4314.755 4333.327 4347.777 4362.052 4376.141 4393.338 4406.688 4415.813 4423.627
3762.818 3776.34 3788.877 3798.229 3810.278 3830.756 3845.574 3860.98 3875.991 3891.411 3905.839 3924.988 3940.513 3952.691 3965.376 3977.46 3985.929 3992.074 3997.899 4004.792 4011.156 4015.322 4017.931 4019.671 4020.675 4020.197 4018.809 4019.656 4020.501 4021.334 4023.314 4027.444 4028.83 4032.646 4035.2 4041.159 4051.35 4057.084 4063.984 4072.544 4082.955 4094.947 4107.181 4121.97 4138.739 4154.336 4169.765 4194.835 4211.833 4228.535 4245.863 4260.766 4280.231 4296.063 4308.656 4325.424 4340.875 4353.159 4368.002 4383.347 4397.833 4407.893 4418.173
3752.615 3767.121 3777.713 3788.036 3804.621 3815.61 3830.954 3849.627 3865.47 3878.123 3893.314 3909.603 3922.507 3933.997 3948.401 3964 3972.561 3979.167 3984.714 3991.575 3999.31 4004.331 4007.31 4007.652 4007.419 4006.633 4004.82 4005.547 4006.756 4008.87 4010.874 4016.03 4020.322 4022.016 4024.171 4029.939 4040.249 4047.928 4056.376 4065.792 4076.769 4089.449 4102.679 4119.185 4134.688 4149.59 4166.528 4190.087 4208.053 4223.133 4238.125 4255.668 4273.788 4289.056 4300.869 4317.272 4330.311 4344.606 4359.917 4374.831 4389.531 4402.345 4411.812
3742.993 3754.971 3765.179 3778.829 3794.005 3806.603 3815.404 3833.994 3853.751 3865.153 3879.609 3892.797 3904.479 3917.034 3931.546 3946.284 3957.091 3963.319 3969.676 3976.675 3987.157 3995.381 3998.645 3997.074 3995.264 3994.446 3992.284 3993.256 3994.837 3998.238 4000.754 4005.335 4010.332 4011.329 4015.085 4023.407 4032.157 4041.716 4050.676 4061.626 4073.427 4086.507 4100.993 4117.159 4134.921 4149.458 4164.326 4182.151 4201.034 4217.533 4230.942 4248.977 4264.793 4278.189 4292.37 4307.964 4320.221 4336.815 4352.64 4366.81 4379.754 4398.46 4407.295
3732.83 3744.111 3754.193 3767.265 3780.981 3801.385 3811.521 3825.059 3836.042 3850.613 3860.172 3875.422 3889.551 3901.625 3913.914 3929.04 3941.022 3948.062 3954.217 3963.387 3975.445 3983.292 3986.624 3985.49 3983.945 3983.118 3981.701 3982.473 3984.59 3988.757 3993.537 3994.816 3998.372 4002.052 4010.2 4020.299 4027.572 4037.46 4047.211 4059.651 4072.583 4085.777 4100.724 4115.481 4131.714 4147.585 4162.914 4178.133 4193.911 4209.688 4223.245 4238.89 4253.944 4267.432 4281.902 4299.31 4314.504 4329.93 4346.372 4359.323 4374.494 4394.23 4404.207
3723.565 3732.241 3744.363 3757.394 3769.719 3791.143 3802.263 3816.829 3824.053 3832.945 3844.923 3858.939 3874.333 3885.649 3896.25 3909.761 3922.611 3932.532 3941.505 3950.125 3961.566 3967.575 3972.247 3973.703 3973.007 3972.841 3972.263 3972.177 3973.816 3977.775 3983.349 3985.526 3989.217 3996.542 4004.886 4016.388 4023.545 4032.687 4044.034 4057.784 4070.595 4082.869 4096.62 4110.835 4125.943 4144.044 4159.95 4173.062 4186.03 4200.619 4214.396 4230.811 4243.964 4260.785 4275.054 4299.559 4311.947 4325.348 4341.492 4353.76 4370.053 4387.475 4401.958
3718.117 3723.171 3731.341 3748.616 3760.708 3770.074 3789.669 3802.265 3812.138 3817.687 3827.454 3841.478 3855.695 3868.876 3880.042 3891.797 3902.687 3914.588 3927.765 3936.614 3943.708 3950.607 3959.094 3962.25 3962.426 3963.411 3963.425 3965.565 3965.874 3968.686 3970.161 3976.449 3983.469 3991.511 3999.957 4012.729 4020.744 4029.299 4040.352 4054.288 4066.406 4078.056 4091.696 4105.896 4123.337 4139.774 4153.129 4165.836 4179.596 4193.931 4208.482 4226.934 4242.034 4259.887 4274.783 4298.095 4309.652 4322.402 4337.504 4351.121 4366.704 4382.292 4398.158
3713.649 3714.67 3717.481 3738.057 3745.489 3759.305 3772.291 3786.188 3799.731 3808.279 3814.67 3827.295 3840.112 3849.516 3864.271 3877.739 3887.075 3897.343 3907.597 3917.33 3926.236 3934.552 3942.906 3948.585 3950.538 3951.968 3953.335 3956.457 3957.913 3960.326 3964.173 3969.905 3980.626 3986.685 3995.773 4006.802 4017.357 4027.436 4036.406 4049.056 4061.605 4072.802 4086.455 4101.263 4117.921 4132.756 4145.53 4161.049 4177.046 4190.623 4207.216 4225.868 4242.232 4259.643 4275.33 4290.053 4306.616 4318.019 4332.566 4347.364 4361.88 4378.914 4393.974
3702.876 3704.029 3705.69 3710.226 3721.084 3730.695 3742.803 3768.322 3782.69 3798.019 3804.735 3814.911 3826.972 3837.654 3848.708 3860.999 3871.254 3882.07 3892.531 3900.619 3913.358 3923.984 3931.145 3935.97 3940.25 3942.806 3945.047 3947.011 3948.138 3949.302 3959.621 3965.818 3979.552 3984.005 3990.637 4000.447 4013.585 4025.774 4034.158 4045.203 4058.161 4068.487 4080.5 4096.558 4112.584 4127.89 4144.931 4160.409 4174.735 4187.382 4204.818 4225.639 4239.962 4256.786 4271.098 4286.784 4301.637 4311.789 4325.474 4340.976 4355.6 4372.688 4390.162
3687.502 3692.221 3695.38 3696.242 3700.998 3715.198 3722.498 3733.712 3760.412 3782.655 3791.509 3802.185 3816.567 3827.04 3836.655 3847.767 3858.389 3869.724 3881.111 3888.146 3897.307 3907.998 3919.182 3924.934 3930.123 3935.264 3938.307 3938.623 3939.933 3942.95 3954.603 3962.981 3975.04 3981.195 3987.935 3997.421 4010.609 4022.052 4030.838 4042.146 4054.998 4064.563 4076.772 4094.169 4109.688 4125.469 4144.902 4157.768 4170.094 4185.633 4201.875 4221.723 4235.553 4252.323 4266.711 4282.079 4295.468 4307.692 4320.529 4335.102 4352.292 4367.753 4385.148
3674.799 3679.266 3686.936 3689.994 3692.44 3696.371 3711.568 3723.347 3739.156 3758.268 3773.309 3787.224 3799.289 3810.546 3822.237 3835.058 3845.47 3856.365 3869.138 3878.117 3885.766 3896.126 3906.255 3917.339 3922.319 3926.264 3929.568 3930.917 3935.009 3942.409 3953.991 3962.076 3970.237 3978.291 3987.512 3996.269 4006.367 4017.387 4027.363 4038.13 4050.313 4061.536 4074.476 4090.65 4106.263 4122.966 4142.05 4154.031 4167.03 4182.945 4198.268 4215.3 4230.953 4247.478 4262.308 4278.728 4291.651 4305.774 4317.462 4332.3 4349.108 4364.275 4380.742
3671.493 3677.046 3680.832 3684.364 3688.901 3691.217 3701.069 3717.813 3731.777 3748.707 3760.591 3773.561 3786.417 3796.719 3811.383 3826.011 3836.097 3847.498 3858.324 3864.465 3869.83 3877.281 3892.783 3903.646 3910.597 3915.787 3920.707 3924.282 3935.062 3943.968 3953.053 3959.447 3966.607 3975.415 3984.446 3993.015 4001.046 4011.503 4023.441 4034.822 4046.714 4059.229 4070.785 4083.645 4101.258 4120.821 4137.65 4151.066 4164.663 4178.263 4194.186 4210.524 4229.498 4243.688 4256.875 4274.675 4288.842 4303.104 4315.709 4331.454 4347.533 4362.214 4377.138
3668.506 3674.053 3677.116 3680.627 3685.244 3693.157 3701.48 3717.096 3729.124 3739.441 3749.784 3764.573 3779.021 3788.065 3802.999 3818.093 3829.35 3842.617 3850.786 3856.769 3863.19 3868.357 3880.158 3891.58 3897.187 3904.241 3913.675 3920.993 3933.732 3942.222 3949.597 3956.242 3963.478 3971.204 3980.286 3990.236 3998.845 4008.146 4019.596 4031.113 4042.662 4055.31 4067.307 4079.785 4097.795 4117.008 4131.419 4147.86 4161.521 4173.758 4190.723 4206.597 4226.325 4242.94 4252.93 4269.433 4285.075 4298.688 4312.565 4328.441 4345.491 4360.941 4374.018
3668.632 3673.134 3674.699 3679.779 3683.69 3687.846 3701.962 3712.686 3727.199 3736.142 3746.164 3759.679 3770.172 3782.014 3799.166 3811.34 3823.261 3835.477 3843.94 3852.442 3860.448 3864.906 3873.372 3883.644 3891.746 3900.057 3909.092 3917.614 3929.396 3937.208 3945.15 3952.183 3959.474 3966.332 3975.897 3985.657 3995.483 4006.952 4016.772 4027.466 4039.477 4052.117 4065.097 4077.021 4101.404 4116.707 4132.368 4148.129 4160.47 4172.643 4188.099 4202.048 4219.124 4237.489 4250.191 4264.344 4281.61 4296.091 4309.904 4325.547 4340.898 4358.368 4372.981
3674.839 3674.942 3675.66 3680.492 3683.555 3692.494 3703.47 3713.25 3722.963 3734.527 3743.239 3755.04 3765.531 3779.497 3795.113 3802.288 3810.031 3819.922 3829.838 3837.82 3849.566 3859.701 3868.959 3875.14 3890.98 3897.351 3903.668 3912.428 3922.977 3927.808 3936.411 3945.574 3951.974 3960.573 3972.276 3982.797 3990.499 4002.255 4013.749 4024.408 4038.52 4050.642 4063.706 4076.13 4102.111 4116.773 4131.978 4145.696 4158.929 4172.346 4186.249 4199.445 4215.47 4230.836 4248.239 4260.329 4278.096 4294.161 4307.737 4323.081 4337.734 4355.075 4370.678
3674.65 3675.461 3675.065 3680.382 3688.132 3705.219 3711.505 3717.068 3724.343 3732.613 3738.21 3751.945 3766.158 3777.266 3789.968 3799.768 3808.085 3819.787 3830.611 3842.413 3853.578 3863.851 3871.29 3878.209 3887.152 3894.474 3899.77 3906.869 3913.37 3923.326 3932.575 3944.296 3951.832 3960.883 3972.464 3982.931 3991.816 4001.1 4012.304 4024.298 4038.307 4049.616 4065.196 4078.41 4096.085 4111.561 4126.061 4140.33 4157.97 4171.256 4184.624 4197.886 4214.447 4228.09 4246.583 4260.157 4277.327 4293.25 4305.129 4321.468 4338.252 4353.215 4369.112
3668.55 3673.98 3676.151 3681.493 3692.928 3706.899 3717.542 3723.534 3730.316 3737.869 3744.613 3750.576 3760.218 3774.105 3785.647 3793.241 3812.544 3825.021 3835.032 3846.789 3855.355 3862.953 3868.287 3876.402 3885.313 3889.798 3893.267 3899.17 3913.817 3921.078 3930.229 3938.608 3949.094 3958.925 3969.041 3980.372 3989.308 4000.249 4012.29 4023.845 4036.796 4050.797 4066.068 4078.391 4090.21 4106.29 4123.508 4136.98 4162.741 4175.328 4188.626 4199.621 4218.893 4231.552 4248.264 4261.93 4278.297 4293.814 4306.876 4322.081 4337.382 4352.336 4369.558
3671.665 3674.719 3680.468 3681.176 3694.492 3708.237 3726.646 3731.042 3736.104 3742.215 3745.465 3750.976 3759.723 3771.954 3786.135 3795.043 3805.401 3822.548 3835.208 3844.725 3852.266 3856.633 3858.76 3867.048 3880.036 3886.331 3894.903 3904.813 3913.034 3921.251 3932.229 3939.352 3947.75 3955.08 3966.519 3975.553 3988.413 3999.052 4010.802 4021.817 4034.9 4045.867 4061.092 4074.323 4087.743 4105.913 4122.067 4136.479 4162.906 4180.661 4191.366 4206.505 4223.738 4236.39 4253.535 4266.042 4281.08 4296.212 4311.097 4324.931 4338.543 4353.722 4370.318
3679.89 3681.617 3681.879 3684.9 3695.935 3715.503 3727.382 3735.785 3740.321 3742.571 3746.936 3753.157 3768.338 3785.463 3794.141 3799.621 3805.573 3815.06 3827.327 3837.992 3844.186 3848.859 3853.496 3865.877 3878.175 3885.697 3894.745 3904.458 3912.978 3920.873 3929.13 3939.256 3943.928 3954.149 3963.414 3976.132 3987.165 3995.93 4006.969 4018.441 4031.881 4044.859 4059.102 4072.24 4088.348 4105.376 4120.281 4139.478 4160.21 4176.476 4190.706 4214.101 4228.213 4243.449 4258.651 4274.069 4283.747 4299.388 4316.702 4332.212 4344.788 4357.139 4371.957
3686.633 3690.766 3689.39 3689.798 3697.003 3719.394 3734.941 3742.052 3749.145 3751.625 3755.381 3764.104 3776.349 3789.038 3798.175 3805.572 3811.431 3816.742 3825.45 3836.076 3843.322 3850.026 3855.052 3859.615 3866.655 3876.737 3884.76 3898.706 3907.509 3916.873 3925.967 3933.858 3944.901 3951.547 3962.443 3973.132 3983.858 3996.434 4007.178 4018.031 4030.776 4045.435 4058.298 4072.499 4088.224 4102.927 4121.138 4139.092 4157.938 4172.322 4190.429 4214.027 4232.114 4247.606 4263.596 4284.259 4290.113 4306.442 4324.515 4338.116 4351.525 4363.19 4378.542
