AvaFrame/avaframe/data/avaAlr/Outputs/r_avaflow_1511_s_paramflag1/alr_results/alr_ascii/alr_pflow_max.asc
ncols 104
nrows 229
xllcenter 255202.08
yllcenter 377301.00
cellsize 20.00
NODATA_value -9999.000
[rows 93 to 123 of 229, columns 0 to 70 of 104]
0.000 0.000 0.000 412.112 654.237 966.654 1375.796 1082.072 1656.125 3008.221 3985.180 4555.822 4821.978 5100.427 5410.305 5546.615 5048.361 4881.165 5088.879 6054.640 10162.414 19112.137 27896.711 28130.066 27107.939 20281.889 6162.333 2210.223 903.883 396.480 209.437 114.687 142.253 177.988 238.826 422.510 653.541 448.442 135.617 0.000 0.000 0.000 0.000 0.000 0.000 0.000 0.000 0.000 0.000 0.000 0.000 0.000 0.000 0.000 0.000 0.000 0.000 0.000 0.000 0.000 0.000 0.000 0.000 0.000 0.000 0.000 0.000 0.000 0.000 0.000 0.000
0.000 0.000 0.000 593.548 896.635 1287.802 1847.202 1951.279 1900.884 3117.551 4029.203 4372.190 4616.364 4798.271 5009.117 4677.785 4326.081 3923.374 3637.529 4583.945 8869.182 18445.039 26537.594 27754.428 28846.238 21017.055 6952.782 2740.977 1030.978 553.906 397.400 220.282 138.014 163.105 209.402 391.554 662.102 360.565 171.170 0.000 0.000 0.000 0.000 0.000 0.000 0.000 0.000 0.000 0.000 0.000 0.000 0.000 0.000 0.000 0.000 0.000 0.000 0.000 0.000 0.000 0.000 0.000 0.000 0.000 0.000 0.000 0.000 0.000 0.000 0.000 0.000
0.000 0.000 0.000 714.165 1180.781 1810.592 2437.227 2672.114 2947.031 3732.318 4004.033 4163.148 4303.376 4365.427 4322.939 4154.552 3748.281 3181.727 2513.922 3276.153 8310.568 19383.043 26648.965 27903.574 27456.785 20388.355 8307.734 3952.048 1875.525 1223.738 758.657 427.000 226.297 160.115 203.824 364.493 644.796 379.890 225.860 38.044 0.000 0.000 0.000 0.000 0.000 0.000 0.000 0.000 0.000 0.000 0.000 0.000 0.000 0.000 0.000 0.000 0.000 0.000 0.000 0.000 0.000 0.000 0.000 0.000 0.000 0.000 0.000 0.000 0.000 0.000 0.000
0.000 0.000 0.000 901.761 1505.816 2189.871 2788.952 3261.648 3630.577 3758.215 3809.121 3903.658 3848.566 3713.469 3507.751 3104.417 2588.704 2328.504 1685.353 2716.097 8687.444 23210.045 30432.961 32065.559 27450.131 20852.953 10292.376 6066.468 3745.966 2215.415 1516.745 796.612 428.135 227.367 194.534 372.137 669.669 410.369 251.395 38.627 0.000 0.000 0.000 0.000 0.000 0.000 0.000 0.000 0.000 0.000 0.000 0.000 0.000 0.000 0.000 0.000 0.000 0.000 0.000 0.000 0.000 0.000 0.000 0.000 0.000 0.000 0.000 0.000 0.000 0.000 0.000
0.000 0.000 0.000 1472.241 2016.907 2700.535 3019.588 3379.586 3561.701 3588.500 3626.671 3528.979 3233.032 3066.355 2662.996 2164.945 1781.516 1432.224 1229.391 2427.449 9906.035 23772.078 31793.529 32534.385 28440.062 20614.000 12293.550 8840.236 6098.233 4029.075 2632.823 1576.092 812.773 421.762 236.282 391.846 722.339 384.172 268.990 54.727 0.000 0.000 0.000 0.000 0.000 0.000 0.000 0.000 0.000 0.000 0.000 0.000 0.000 0.000 0.000 0.000 0.000 0.000 0.000 0.000 0.000 0.000 0.000 0.000 0.000 0.000 0.000 0.000 0.000 0.000 0.000
0.000 0.000 0.000 1951.054 2558.829 2990.347 3199.368 3322.132 3397.704 3338.244 3289.782 3066.625 2736.905 2384.497 1872.018 1431.948 1171.595 780.669 1054.786 2728.420 11741.556 29788.713 35463.895 32430.041 28852.641 20874.881 13940.315 11142.132 9119.412 6522.626 4277.116 2670.982 1603.845 820.883 422.139 357.646 754.187 364.703 279.150 58.785 0.000 0.000 0.000 0.000 0.000 0.000 0.000 0.000 0.000 0.000 0.000 0.000 0.000 0.000 0.000 0.000 0.000 0.000 0.000 0.000 0.000 0.000 0.000 0.000 0.000 0.000 0.000 0.000 0.000 0.000 0.000
0.000 0.000 0.000 2013.443 2739.469 2971.948 3097.197 3185.942 3146.853 3178.339 2918.375 2724.907 2150.319 1682.389 1330.846 963.617 684.673 616.432 1113.938 3617.683 12924.758 32551.721 38144.871 37353.062 33476.504 23259.342 14203.688 12121.647 11254.844 8603.475 5947.660 4012.049 2708.786 1616.591 824.070 452.644 729.883 539.498 287.092 78.624 0.000 0.000 0.000 0.000 0.000 0.000 0.000 0.000 0.000 0.000 0.000 0.000 0.000 0.000 0.000 0.000 0.000 0.000 0.000 0.000 0.000 0.000 0.000 0.000 0.000 0.000 0.000 0.000 0.000 0.000 0.000
0.000 0.000 0.000 1942.591 2641.752 2815.317 2711.277 2728.281 2951.984 2416.081 2329.093 2187.469 1673.348 1206.306 878.189 656.609 408.961 792.846 1119.100 4038.787 13160.968 34003.305 41071.535 42835.668 36932.566 23805.416 13621.174 11098.407 11200.682 9611.516 7188.604 5264.557 3895.459 2698.309 1589.281 858.758 719.712 646.992 310.708 95.061 0.000 0.000 0.000 0.000 0.000 0.000 0.000 0.000 0.000 0.000 0.000 0.000 0.000 0.000 0.000 0.000 0.000 0.000 0.000 0.000 0.000 0.000 0.000 0.000 0.000 0.000 0.000 0.000 0.000 0.000 0.000
0.000 0.000 0.000 1822.286 2459.390 2555.086 2397.265 2363.386 1993.995 1769.946 1826.338 1684.308 1046.732 787.180 583.705 410.553 481.075 605.840 1064.369 3498.796 11276.186 28668.834 47998.133 46307.801 32041.490 22269.980 13174.849 10312.830 10847.771 9875.819 7865.697 6219.607 4858.080 3709.298 2426.740 1488.739 922.596 621.231 394.394 110.035 20.941 0.000 0.000 0.000 0.000 0.000 0.000 0.000 0.000 0.000 0.000 0.000 0.000 0.000 0.000 0.000 0.000 0.000 0.000 0.000 0.000 0.000 0.000 0.000 0.000 0.000 0.000 0.000 0.000 0.000 0.000
0.000 0.000 0.000 1752.510 2099.103 2191.788 2029.503 1805.222 1321.211 1477.626 1565.698 1122.769 739.723 385.356 312.517 429.593 462.916 519.841 769.201 2477.047 7854.834 20680.314 51597.680 34111.762 30449.334 23494.449 12798.566 9672.627 10363.110 9776.148 8369.281 6825.883 5414.967 4063.822 2920.578 2090.693 1485.290 921.464 424.529 122.780 29.986 0.000 0.000 0.000 0.000 0.000 0.000 0.000 0.000 0.000 0.000 0.000 0.000 0.000 0.000 0.000 0.000 0.000 0.000 0.000 0.000 0.000 0.000 0.000 0.000 0.000 0.000 0.000 0.000 0.000 0.000
0.000 0.000 0.000 1610.157 1782.153 1756.080 1718.850 1490.279 1001.107 1227.171 1123.066 921.963 518.943 270.567 396.852 434.746 438.338 471.090 554.716 1463.303 4409.903 14927.690 34779.574 29297.322 28809.566 23917.330 11413.361 9363.922 10223.062 10419.943 9050.266 7435.681 5770.425 3982.219 2610.420 2449.460 2109.042 1242.045 534.877 178.684 96.573 0.000 0.000 0.000 0.000 0.000 0.000 0.000 0.000 0.000 0.000 0.000 0.000 0.000 0.000 0.000 0.000 0.000 0.000 0.000 0.000 0.000 0.000 0.000 0.000 0.000 0.000 0.000 0.000 0.000 0.000
0.000 0.000 0.000 1353.040 1502.758 1442.650 1304.754 1230.281 765.532 1323.860 1472.130 911.232 580.482 286.204 333.885 394.484 409.473 429.446 473.692 1029.649 3086.816 11294.693 28956.129 28052.773 29654.014 20889.357 9175.683 8503.971 10417.469 11092.960 9861.375 8398.431 6249.698 3775.197 2542.469 2643.648 2539.046 1077.271 617.810 227.614 147.689 0.000 0.000 0.000 0.000 0.000 0.000 0.000 0.000 0.000 0.000 0.000 0.000 0.000 0.000 0.000 0.000 0.000 0.000 0.000 0.000 0.000 0.000 0.000 0.000 0.000 0.000 0.000 0.000 0.000 0.000
0.000 0.000 0.000 1106.687 1247.563 1203.886 1091.835 943.453 779.970 680.198 1581.164 1635.432 809.718 420.586 277.400 366.527 373.847 393.999 424.866 832.937 2509.277 10596.295 25414.074 28329.223 28321.955 18185.193 7121.009 8010.345 11455.488 11904.812 10206.425 9484.944 6803.684 3668.558 2646.388 2814.600 2647.385 985.141 424.147 314.995 194.105 99.918 0.000 0.000 0.000 0.000 0.000 0.000 0.000 0.000 0.000 0.000 0.000 0.000 0.000 0.000 0.000 0.000 0.000 0.000 0.000 0.000 0.000 0.000 0.000 0.000 0.000 0.000 0.000 0.000 0.000
0.000 0.000 0.000 876.573 977.566 946.000 839.687 643.873 649.057 655.796 638.948 1343.843 1516.143 757.956 370.661 418.524 389.298 394.982 406.044 734.040 2180.680 9648.339 24529.939 24184.881 26984.145 17594.955 5804.400 7180.937 11501.927 11518.899 10730.306 9608.463 7242.104 4439.291 3265.873 3272.145 2314.290 1429.675 369.896 317.124 229.545 156.200 85.139 0.000 0.000 0.000 0.000 0.000 0.000 0.000 0.000 0.000 0.000 0.000 0.000 0.000 0.000 0.000 0.000 0.000 0.000 0.000 0.000 0.000 0.000 0.000 0.000 0.000 0.000 0.000 0.000
0.000 0.000 0.000 680.825 833.319 755.397 565.870 512.089 525.292 537.526 501.467 828.254 1183.447 1271.964 692.368 469.555 456.226 431.300 427.352 737.534 2074.721 9393.643 25012.416 23239.203 21927.203 19628.852 7051.247 5189.083 9957.896 11126.436 10903.269 9086.985 7308.308 5513.752 4633.567 4586.221 2079.963 1563.406 396.884 271.751 225.072 187.264 127.109 0.000 0.000 0.000 0.000 0.000 0.000 0.000 0.000 0.000 0.000 0.000 0.000 0.000 0.000 0.000 0.000 0.000 0.000 0.000 0.000 0.000 0.000 0.000 0.000 0.000 0.000 0.000 0.000
0.000 0.000 0.000 561.124 674.248 715.629 553.689 446.486 403.297 377.273 331.032 547.228 850.054 1058.375 1078.795 835.483 600.909 526.859 495.605 789.303 2369.677 9300.234 22138.094 24102.031 20598.170 18332.930 9374.321 3656.424 6840.362 10222.592 10596.885 8274.967 7797.991 6446.269 6431.859 6271.420 2833.352 1474.783 479.914 172.639 185.916 185.156 147.326 86.025 0.000 0.000 0.000 0.000 0.000 0.000 0.000 0.000 0.000 0.000 0.000 0.000 0.000 0.000 0.000 0.000 0.000 0.000 0.000 0.000 0.000 0.000 0.000 0.000 0.000 0.000 0.000
0.000 0.000 0.000 514.246 612.362 624.263 572.011 444.286 309.937 456.614 560.624 581.248 729.363 802.674 930.602 905.455 748.083 646.189 608.716 826.869 2418.384 8489.848 18142.650 24371.959 22398.525 20859.920 13795.076 4830.187 5342.244 9323.046 9725.401 8473.246 7652.510 7058.177 8348.484 7947.690 4559.878 1906.287 773.321 198.247 157.164 156.338 149.377 102.883 0.000 0.000 0.000 0.000 0.000 0.000 0.000 0.000 0.000 0.000 0.000 0.000 0.000 0.000 0.000 0.000 0.000 0.000 0.000 0.000 0.000 0.000 0.000 0.000 0.000 0.000 0.000
0.000 0.000 0.000 425.206 446.460 534.045 451.837 402.070 311.122 470.201 698.796 761.929 529.501 406.364 530.360 672.459 734.072 679.232 677.534 816.633 2184.584 7342.226 15628.045 22543.518 23393.242 22192.662 19029.547 8506.448 4762.224 7529.854 8728.730 8784.776 7659.840 6718.094 9097.961 10036.824 6984.620 2810.434 1052.584 309.369 157.706 134.373 132.636 105.260 0.000 0.000 0.000 0.000 0.000 0.000 0.000 0.000 0.000 0.000 0.000 0.000 0.000 0.000 0.000 0.000 0.000 0.000 0.000 0.000 0.000 0.000 0.000 0.000 0.000 0.000 0.000
0.000 0.000 0.000 177.784 253.414 262.489 273.806 311.975 395.138 623.411 789.425 553.022 667.785 524.518 332.449 324.194 560.266 614.458 654.789 714.387 1883.216 6467.910 13958.826 20211.330 23176.703 23178.533 21415.957 14222.308 7131.634 6353.057 9288.947 9687.809 7842.147 7232.328 8932.405 11176.689 9059.317 3754.785 1521.970 416.827 216.929 143.703 118.895 97.074 0.000 0.000 0.000 0.000 0.000 0.000 0.000 0.000 0.000 0.000 0.000 0.000 0.000 0.000 0.000 0.000 0.000 0.000 0.000 0.000 0.000 0.000 0.000 0.000 0.000 0.000 0.000
0.000 0.000 0.000 193.713 251.498 329.387 432.267 542.604 705.542 543.890 716.637 758.448 603.568 453.650 367.311 223.080 360.762 488.657 562.737 650.388 2046.161 5957.874 12735.998 17824.859 23791.992 25722.766 26535.805 21219.256 12738.013 6934.077 8149.621 9138.241 9044.904 8418.844 8691.767 11412.958 10206.673 5062.904 2124.031 765.404 506.725 181.127 124.883 83.957 0.000 0.000 0.000 0.000 0.000 0.000 0.000 0.000 0.000 0.000 0.000 0.000 0.000 0.000 0.000 0.000 0.000 0.000 0.000 0.000 0.000 0.000 0.000 0.000 0.000 0.000 0.000
0.000 0.000 0.000 77.586 181.647 346.403 637.315 989.320 761.810 901.842 821.079 628.285 458.728 362.895 234.251 174.012 226.575 369.906 437.097 536.990 1785.045 5221.506 10979.157 15772.099 23765.113 27792.834 31401.898 26297.145 18570.832 11476.208 9141.467 9408.979 9826.666 9299.204 8742.106 10149.669 10102.547 6970.629 3442.547 1072.910 748.368 368.001 129.324 78.714 0.000 0.000 0.000 0.000 0.000 0.000 0.000 0.000 0.000 0.000 0.000 0.000 0.000 0.000 0.000 0.000 0.000 0.000 0.000 0.000 0.000 0.000 0.000 0.000 0.000 0.000 0.000
0.000 0.000 0.000 0.000 154.892 431.333 1029.352 964.154 728.133 749.622 646.711 456.097 378.004 222.177 181.545 157.927 157.227 278.433 328.164 451.174 1365.107 4542.000 9708.979 13932.277 20297.637 26745.656 37495.609 31027.666 25572.371 18287.803 12582.365 11340.966 10636.224 9488.514 8518.688 9618.635 11320.890 9319.840 4858.375 1823.483 797.405 565.370 225.080 104.843 0.000 0.000 0.000 0.000 0.000 0.000 0.000 0.000 0.000 0.000 0.000 0.000 0.000 0.000 0.000 0.000 0.000 0.000 0.000 0.000 0.000 0.000 0.000 0.000 0.000 0.000 0.000
0.000 0.000 0.000 0.000 144.930 413.569 498.985 261.402 140.474 365.784 680.068 478.043 280.237 185.926 140.255 110.762 138.747 219.171 243.068 314.463 984.893 3334.489 8180.792 12506.662 17277.168 26870.523 38808.012 38940.672 31634.395 25262.824 18802.936 14974.616 12615.749 10309.781 8763.780 8519.052 9424.301 10265.414 7013.807 3238.903 990.758 727.075 404.389 194.947 85.139 0.000 0.000 0.000 0.000 0.000 0.000 0.000 0.000 0.000 0.000 0.000 0.000 0.000 0.000 0.000 0.000 0.000 0.000 0.000 0.000 0.000 0.000 0.000 0.000 0.000 0.000
0.000 0.000 0.000 48.383 146.028 287.579 138.051 42.420 8.972 20.516 160.086 307.442 180.624 122.815 55.893 117.968 181.606 178.425 185.846 229.950 684.466 2197.846 5946.583 10035.070 17087.354 27870.805 36151.434 39865.340 36099.977 28873.885 22394.689 20956.627 16819.154 13663.446 10087.754 7471.084 7499.907 9821.327 9052.892 5234.288 2186.020 769.121 598.210 324.635 157.704 0.000 0.000 0.000 0.000 0.000 0.000 0.000 0.000 0.000 0.000 0.000 0.000 0.000 0.000 0.000 0.000 0.000 0.000 0.000 0.000 0.000 0.000 0.000 0.000 0.000 0.000
0.000 0.000 0.000 0.000 133.283 246.700 84.464 40.643 3.520 5.745 24.954 44.929 103.528 113.163 111.510 147.046 142.449 146.363 152.410 164.886 458.031 1239.384 3359.299 7474.227 14342.172 21540.336 29226.521 34132.457 37314.012 27178.990 26043.949 23550.521 20761.992 17299.838 14927.408 8910.938 5994.023 8132.802 8824.689 6538.943 3663.927 1545.275 923.542 512.787 280.350 131.450 0.000 0.000 0.000 0.000 0.000 0.000 0.000 0.000 0.000 0.000 0.000 0.000 0.000 0.000 0.000 0.000 0.000 0.000 0.000 0.000 0.000 0.000 0.000 0.000 0.000
0.000 0.000 0.000 0.000 117.167 226.813 264.872 228.800 199.517 91.744 162.409 183.961 128.721 130.368 133.238 124.635 123.575 125.358 132.213 144.959 277.238 744.312 1827.488 4425.757 8253.705 17625.881 21181.600 24029.102 35243.609 34394.660 27744.789 27654.602 24669.807 20487.348 17955.230 14494.408 8856.649 6122.173 7209.331 6314.681 4766.571 3151.457 2007.312 1026.346 513.768 269.077 122.310 0.000 0.000 0.000 0.000 0.000 0.000 0.000 0.000 0.000 0.000 0.000 0.000 0.000 0.000 0.000 0.000 0.000 0.000 0.000 0.000 0.000 0.000 0.000 0.000
0.000 0.000 0.000 0.000 143.393 205.841 247.134 315.629 283.228 204.111 148.536 139.108 132.454 146.675 126.305 120.958 116.591 112.982 116.871 134.229 170.760 405.007 981.090 2231.741 5032.564 9672.454 13807.711 21364.385 26865.584 32846.328 26103.064 29904.412 29312.336 25295.658 19851.959 18193.729 14633.035 10371.681 5858.206 5383.794 5043.094 4581.901 3962.258 2398.340 1274.611 565.896 252.277 100.395 0.000 0.000 0.000 0.000 0.000 0.000 0.000 0.000 0.000 0.000 0.000 0.000 0.000 0.000 0.000 0.000 0.000 0.000 0.000 0.000 0.000 0.000 0.000
0.000 0.000 0.000 0.000 90.837 200.372 229.361 306.364 280.931 210.807 121.726 116.694 138.873 138.420 120.126 115.353 112.960 109.111 108.653 120.780 140.806 225.954 500.631 1168.902 2664.256 6185.200 10964.251 17526.328 22603.672 24981.805 28174.256 26727.711 29386.270 28984.879 24437.209 19806.254 17683.369 13936.397 8780.387 5291.978 4822.570 5091.428 5367.564 4381.804 2735.410 1217.927 384.895 133.858 42.819 0.000 0.000 0.000 0.000 0.000 0.000 0.000 0.000 0.000 0.000 0.000 0.000 0.000 0.000 0.000 0.000 0.000 0.000 0.000 0.000 0.000 0.000
0.000 0.000 0.000 0.000 92.865 221.971 225.580 276.526 260.720 203.200 105.424 131.258 158.340 134.654 114.702 108.096 107.643 104.996 104.218 106.908 117.685 140.528 287.075 594.059 1409.591 3513.249 7585.113 15534.259 20261.936 22309.418 25730.936 25568.297 23015.979 26568.021 26537.164 24762.797 21041.420 16780.912 12929.869 8554.373 5504.765 5451.414 5979.631 5283.715 4030.124 2193.961 631.341 208.917 88.253 0.000 0.000 0.000 0.000 0.000 0.000 0.000 0.000 0.000 0.000 0.000 0.000 0.000 0.000 0.000 0.000 0.000 0.000 0.000 0.000 0.000 0.000
0.000 0.000 0.000 0.000 80.917 201.581 217.450 214.860 196.163 168.538 139.747 173.698 160.953 140.264 116.737 104.665 101.308 102.584 96.777 98.997 96.019 102.441 184.500 366.268 758.224 1972.850 5046.026 9961.020 15370.333 17058.533 16355.358 15851.099 18289.797 21100.432 24079.123 24911.244 23949.627 22343.404 17929.096 12269.449 9134.927 6646.483 6631.826 5899.931 4981.396 3280.555 1150.234 372.232 153.664 80.382 0.000 0.000 0.000 0.000 0.000 0.000 0.000 0.000 0.000 0.000 0.000 0.000 0.000 0.000 0.000 0.000 0.000 0.000 0.000 0.000 0.000
0.000 0.000 0.000 0.000 89.140 170.341 201.364 197.245 193.909 226.727 188.072 173.780 168.834 151.073 118.431 103.885 100.654 98.476 93.939 93.646 103.731 102.133 127.432 244.834 443.998 1167.983 3309.941 7040.752 12515.342 11878.505 11920.002 13490.108 16939.041 19524.131 21894.715 22254.607 23112.297 22756.512 20964.664 17013.332 14073.552 10434.475 8114.825 6866.008 5762.126 4268.366 1854.942 523.544 232.692 113.904 0.000 0.000 0.000 0.000 0.000 0.000 0.000 0.000 0.000 0.000 0.000 0.000 0.000 0.000 0.000 0.000 0.000 0.000 0.000 0.000 0.000
