AvaFrame/avaframe/data/avaAlr/Outputs/r_avaflow_1511_s_paramflag1/alr_results/alr_ascii/alr_hflow0061.asc
ncols 104
nrows 229
xllcenter 255202.08
yllcenter 377301.00
cellsize 20.00
NODATA_value -9999.000
[rows 102 to 135 of 229, columns 0 to 76 of 104]
0.000 0.000 0.000 0.002 0.005 0.005 0.004 0.003 0.004 0.005 0.005 0.003 0.002 0.001 0.001 0.001 0.001 0.001 0.001 0.001 0.001 0.002 0.003 0.054 0.080 0.029 0.011 0.006 0.006 0.006 0.005 0.003 0.002 0.001 0.001 0.001 0.003 0.009 0.008 0.003 0.001 0.000 0.000 0.000 0.000 0.000 0.000 0.000 0.000 0.000 0.000 0.000 0.000 0.000 0.000 0.000 0.000 0.000 0.000 0.000 0.000 0.000 0.000 0.000 0.000 0.000 0.000 0.000 0.000 0.000 0.000 0.000 0.000 0.000 0.000 0.000 0.000
0.000 0.000 0.000 0.002 0.004 0.004 0.004 0.003 0.003 0.005 0.005 0.003 0.002 0.001 0.001 0.001 0.001 0.001 0.001 0.001 0.001 0.001 0.005 0.067 0.080 0.017 0.009 0.006 0.006 0.006 0.006 0.005 0.003 0.002 0.001 0.001 0.003 0.008 0.007 0.003 0.001 0.000 0.000 0.000 0.000 0.000 0.000 0.000 0.000 0.000 0.000 0.000 0.000 0.000 0.000 0.000 0.000 0.000 0.000 0.000 0.000 0.000 0.000 0.000 0.000 0.000 0.000 0.000 0.000 0.000 0.000 0.000 0.000 0.000 0.000 0.000 0.000
0.000 0.000 0.000 0.001 0.003 0.004 0.003 0.003 0.002 0.003 0.005 0.004 0.002 0.001 0.001 0.001 0.001 0.001 0.001 0.001 0.001 0.001 0.006 0.068 0.088 0.016 0.006 0.006 0.006 0.006 0.006 0.005 0.004 0.002 0.002 0.002 0.003 0.007 0.005 0.002 0.001 0.000 0.000 0.000 0.000 0.000 0.000 0.000 0.000 0.000 0.000 0.000 0.000 0.000 0.000 0.000 0.000 0.000 0.000 0.000 0.000 0.000 0.000 0.000 0.000 0.000 0.000 0.000 0.000 0.000 0.000 0.000 0.000 0.000 0.000 0.000 0.000
0.000 0.000 0.000 0.001 0.003 0.003 0.003 0.003 0.002 0.002 0.003 0.005 0.004 0.002 0.001 0.001 0.001 0.001 0.001 0.001 0.001 0.001 0.007 0.065 0.094 0.020 0.005 0.005 0.005 0.006 0.007 0.006 0.006 0.004 0.002 0.002 0.003 0.005 0.003 0.001 0.001 0.000 0.000 0.000 0.000 0.000 0.000 0.000 0.000 0.000 0.000 0.000 0.000 0.000 0.000 0.000 0.000 0.000 0.000 0.000 0.000 0.000 0.000 0.000 0.000 0.000 0.000 0.000 0.000 0.000 0.000 0.000 0.000 0.000 0.000 0.000 0.000
0.000 0.000 0.000 0.001 0.003 0.003 0.003 0.003 0.003 0.002 0.002 0.003 0.005 0.004 0.002 0.001 0.001 0.001 0.001 0.001 0.001 0.002 0.007 0.053 0.094 0.033 0.005 0.004 0.004 0.006 0.007 0.007 0.008 0.005 0.002 0.002 0.003 0.003 0.001 0.001 0.001 0.000 0.000 0.000 0.000 0.000 0.000 0.000 0.000 0.000 0.000 0.000 0.000 0.000 0.000 0.000 0.000 0.000 0.000 0.000 0.000 0.000 0.000 0.000 0.000 0.000 0.000 0.000 0.000 0.000 0.000 0.000 0.000 0.000 0.000 0.000 0.000
0.000 0.000 0.000 0.001 0.002 0.003 0.003 0.003 0.003 0.003 0.002 0.002 0.003 0.004 0.003 0.002 0.001 0.001 0.001 0.001 0.001 0.002 0.006 0.032 0.096 0.067 0.008 0.003 0.003 0.005 0.008 0.008 0.009 0.007 0.003 0.003 0.004 0.002 0.001 0.001 0.001 0.001 0.000 0.000 0.000 0.000 0.000 0.000 0.000 0.000 0.000 0.000 0.000 0.000 0.000 0.000 0.000 0.000 0.000 0.000 0.000 0.000 0.000 0.000 0.000 0.000 0.000 0.000 0.000 0.000 0.000 0.000 0.000 0.000 0.000 0.000 0.000
0.000 0.000 0.000 0.001 0.002 0.002 0.003 0.003 0.003 0.003 0.002 0.002 0.002 0.003 0.004 0.003 0.001 0.001 0.001 0.001 0.001 0.002 0.005 0.015 0.077 0.095 0.029 0.004 0.003 0.004 0.008 0.008 0.008 0.008 0.005 0.004 0.005 0.002 0.001 0.001 0.001 0.001 0.001 0.001 0.000 0.000 0.000 0.000 0.000 0.000 0.000 0.000 0.000 0.000 0.000 0.000 0.000 0.000 0.000 0.000 0.000 0.000 0.000 0.000 0.000 0.000 0.000 0.000 0.000 0.000 0.000 0.000 0.000 0.000 0.000 0.000 0.000
0.000 0.000 0.000 0.001 0.002 0.002 0.002 0.002 0.002 0.002 0.002 0.001 0.002 0.002 0.003 0.003 0.003 0.002 0.001 0.001 0.001 0.002 0.004 0.012 0.056 0.094 0.055 0.011 0.003 0.004 0.007 0.009 0.008 0.008 0.006 0.006 0.006 0.003 0.001 0.001 0.001 0.000 0.000 0.001 0.000 0.000 0.000 0.000 0.000 0.000 0.000 0.000 0.000 0.000 0.000 0.000 0.000 0.000 0.000 0.000 0.000 0.000 0.000 0.000 0.000 0.000 0.000 0.000 0.000 0.000 0.000 0.000 0.000 0.000 0.000 0.000 0.000
0.000 0.000 0.000 0.001 0.002 0.002 0.002 0.002 0.001 0.001 0.001 0.002 0.002 0.002 0.003 0.003 0.003 0.003 0.002 0.002 0.002 0.003 0.004 0.010 0.049 0.089 0.068 0.021 0.006 0.004 0.006 0.010 0.009 0.008 0.006 0.006 0.008 0.005 0.001 0.001 0.001 0.000 0.000 0.000 0.000 0.000 0.000 0.000 0.000 0.000 0.000 0.000 0.000 0.000 0.000 0.000 0.000 0.000 0.000 0.000 0.000 0.000 0.000 0.000 0.000 0.000 0.000 0.000 0.000 0.000 0.000 0.000 0.000 0.000 0.000 0.000 0.000
0.000 0.000 0.000 0.000 0.002 0.002 0.002 0.002 0.001 0.001 0.002 0.003 0.003 0.003 0.003 0.002 0.002 0.002 0.003 0.003 0.003 0.004 0.005 0.010 0.038 0.079 0.074 0.035 0.010 0.005 0.005 0.009 0.011 0.008 0.005 0.005 0.009 0.008 0.002 0.001 0.001 0.001 0.000 0.000 0.000 0.000 0.000 0.000 0.000 0.000 0.000 0.000 0.000 0.000 0.000 0.000 0.000 0.000 0.000 0.000 0.000 0.000 0.000 0.000 0.000 0.000 0.000 0.000 0.000 0.000 0.000 0.000 0.000 0.000 0.000 0.000 0.000
0.000 0.000 0.000 0.000 0.002 0.002 0.002 0.002 0.002 0.003 0.003 0.004 0.004 0.003 0.002 0.002 0.002 0.002 0.002 0.003 0.003 0.004 0.005 0.009 0.023 0.058 0.074 0.055 0.023 0.007 0.005 0.008 0.010 0.009 0.006 0.005 0.009 0.011 0.004 0.001 0.001 0.001 0.000 0.000 0.000 0.000 0.000 0.000 0.000 0.000 0.000 0.000 0.000 0.000 0.000 0.000 0.000 0.000 0.000 0.000 0.000 0.000 0.000 0.000 0.000 0.000 0.000 0.000 0.000 0.000 0.000 0.000 0.000 0.000 0.000 0.000 0.000
0.000 0.000 0.000 0.000 0.001 0.002 0.002 0.003 0.005 0.006 0.005 0.004 0.004 0.003 0.002 0.002 0.002 0.002 0.002 0.002 0.003 0.004 0.006 0.008 0.014 0.030 0.053 0.069 0.054 0.017 0.006 0.007 0.009 0.010 0.007 0.006 0.008 0.013 0.007 0.002 0.001 0.001 0.001 0.000 0.000 0.000 0.000 0.000 0.000 0.000 0.000 0.000 0.000 0.000 0.000 0.000 0.000 0.000 0.000 0.000 0.000 0.000 0.000 0.000 0.000 0.000 0.000 0.000 0.000 0.000 0.000 0.000 0.000 0.000 0.000 0.000 0.000
0.000 0.000 0.000 0.000 0.001 0.002 0.003 0.010 0.017 0.015 0.007 0.004 0.003 0.003 0.003 0.003 0.002 0.002 0.002 0.002 0.003 0.004 0.005 0.007 0.011 0.018 0.030 0.056 0.070 0.043 0.015 0.008 0.009 0.010 0.008 0.006 0.007 0.012 0.012 0.003 0.001 0.001 0.001 0.000 0.000 0.000 0.000 0.000 0.000 0.000 0.000 0.000 0.000 0.000 0.000 0.000 0.000 0.000 0.000 0.000 0.000 0.000 0.000 0.000 0.000 0.000 0.000 0.000 0.000 0.000 0.000 0.000 0.000 0.000 0.000 0.000 0.000
0.000 0.000 0.000 0.000 0.001 0.003 0.009 0.019 0.026 0.024 0.013 0.006 0.004 0.003 0.003 0.003 0.002 0.002 0.002 0.002 0.002 0.003 0.004 0.007 0.010 0.014 0.021 0.037 0.057 0.059 0.036 0.014 0.011 0.011 0.009 0.007 0.006 0.010 0.015 0.008 0.002 0.001 0.001 0.001 0.000 0.000 0.000 0.000 0.000 0.000 0.000 0.000 0.000 0.000 0.000 0.000 0.000 0.000 0.000 0.000 0.000 0.000 0.000 0.000 0.000 0.000 0.000 0.000 0.000 0.000 0.000 0.000 0.000 0.000 0.000 0.000 0.000
0.000 0.000 0.000 0.000 0.001 0.004 0.011 0.019 0.023 0.023 0.018 0.010 0.006 0.004 0.003 0.003 0.002 0.002 0.002 0.002 0.002 0.002 0.003 0.005 0.007 0.010 0.014 0.026 0.047 0.057 0.051 0.029 0.016 0.014 0.012 0.008 0.006 0.008 0.014 0.013 0.005 0.001 0.001 0.001 0.000 0.000 0.000 0.000 0.000 0.000 0.000 0.000 0.000 0.000 0.000 0.000 0.000 0.000 0.000 0.000 0.000 0.000 0.000 0.000 0.000 0.000 0.000 0.000 0.000 0.000 0.000 0.000 0.000 0.000 0.000 0.000 0.000
0.000 0.000 0.000 0.000 0.002 0.005 0.010 0.013 0.014 0.015 0.014 0.010 0.006 0.004 0.002 0.002 0.001 0.001 0.001 0.001 0.002 0.002 0.002 0.004 0.005 0.006 0.010 0.020 0.038 0.052 0.054 0.046 0.028 0.020 0.017 0.012 0.007 0.007 0.012 0.016 0.011 0.004 0.001 0.001 0.001 0.000 0.000 0.000 0.000 0.000 0.000 0.000 0.000 0.000 0.000 0.000 0.000 0.000 0.000 0.000 0.000 0.000 0.000 0.000 0.000 0.000 0.000 0.000 0.000 0.000 0.000 0.000 0.000 0.000 0.000 0.000 0.000
0.000 0.000 0.000 0.000 0.002 0.005 0.007 0.008 0.007 0.007 0.007 0.006 0.004 0.003 0.002 0.001 0.001 0.001 0.001 0.001 0.002 0.002 0.002 0.003 0.003 0.004 0.007 0.014 0.027 0.045 0.055 0.057 0.045 0.029 0.024 0.020 0.011 0.008 0.011 0.016 0.015 0.008 0.003 0.001 0.001 0.001 0.000 0.000 0.000 0.000 0.000 0.000 0.000 0.000 0.000 0.000 0.000 0.000 0.000 0.000 0.000 0.000 0.000 0.000 0.000 0.000 0.000 0.000 0.000 0.000 0.000 0.000 0.000 0.000 0.000 0.000 0.000
0.000 0.000 0.000 0.000 0.001 0.004 0.006 0.006 0.005 0.004 0.004 0.004 0.003 0.002 0.002 0.002 0.001 0.001 0.001 0.001 0.002 0.002 0.002 0.002 0.003 0.003 0.004 0.009 0.018 0.035 0.049 0.057 0.058 0.046 0.035 0.030 0.020 0.013 0.013 0.015 0.015 0.011 0.006 0.003 0.002 0.001 0.001 0.001 0.000 0.000 0.000 0.000 0.000 0.000 0.000 0.000 0.000 0.000 0.000 0.000 0.000 0.000 0.000 0.000 0.000 0.000 0.000 0.000 0.000 0.000 0.000 0.000 0.000 0.000 0.000 0.000 0.000
0.000 0.000 0.000 0.000 0.001 0.003 0.005 0.005 0.004 0.003 0.003 0.003 0.003 0.002 0.002 0.001 0.001 0.001 0.001 0.001 0.002 0.002 0.002 0.002 0.002 0.002 0.003 0.005 0.010 0.023 0.036 0.047 0.057 0.060 0.053 0.046 0.035 0.022 0.019 0.017 0.014 0.012 0.010 0.007 0.004 0.003 0.002 0.001 0.001 0.000 0.000 0.000 0.000 0.000 0.000 0.000 0.000 0.000 0.000 0.000 0.000 0.000 0.000 0.000 0.000 0.000 0.000 0.000 0.000 0.000 0.000 0.000 0.000 0.000 0.000 0.000 0.000
0.000 0.000 0.000 0.000 0.000 0.002 0.004 0.004 0.003 0.003 0.002 0.002 0.002 0.002 0.001 0.001 0.001 0.001 0.001 0.001 0.002 0.002 0.002 0.002 0.001 0.001 0.002 0.003 0.006 0.013 0.024 0.034 0.047 0.061 0.067 0.065 0.056 0.038 0.029 0.021 0.015 0.012 0.011 0.010 0.008 0.006 0.004 0.002 0.001 0.000 0.000 0.000 0.000 0.000 0.000 0.000 0.000 0.000 0.000 0.000 0.000 0.000 0.000 0.000 0.000 0.000 0.000 0.000 0.000 0.000 0.000 0.000 0.000 0.000 0.000 0.000 0.000
0.000 0.000 0.000 0.000 0.000 0.001 0.002 0.002 0.002 0.002 0.002 0.001 0.001 0.001 0.001 0.001 0.001 0.001 0.001 0.001 0.001 0.001 0.001 0.002 0.001 0.001 0.001 0.002 0.004 0.008 0.016 0.025 0.035 0.052 0.069 0.074 0.069 0.054 0.043 0.031 0.019 0.014 0.012 0.011 0.011 0.011 0.008 0.003 0.002 0.001 0.000 0.000 0.000 0.000 0.000 0.000 0.000 0.000 0.000 0.000 0.000 0.000 0.000 0.000 0.000 0.000 0.000 0.000 0.000 0.000 0.000 0.000 0.000 0.000 0.000 0.000 0.000
0.000 0.000 0.000 0.000 0.000 0.000 0.000 0.001 0.001 0.001 0.000 0.000 0.000 0.000 0.000 0.000 0.000 0.000 0.000 0.000 0.001 0.001 0.001 0.002 0.002 0.001 0.001 0.002 0.003 0.007 0.013 0.019 0.024 0.037 0.058 0.070 0.070 0.062 0.054 0.046 0.031 0.020 0.015 0.013 0.013 0.014 0.013 0.008 0.003 0.001 0.001 0.000 0.000 0.000 0.000 0.000 0.000 0.000 0.000 0.000 0.000 0.000 0.000 0.000 0.000 0.000 0.000 0.000 0.000 0.000 0.000 0.000 0.000 0.000 0.000 0.000 0.000
0.000 0.000 0.000 0.000 0.000 0.000 0.000 0.000 0.000 0.000 0.000 0.000 0.000 0.000 0.000 0.000 0.000 0.000 0.000 0.000 0.000 0.000 0.001 0.001 0.002 0.001 0.001 0.002 0.003 0.007 0.011 0.014 0.017 0.022 0.033 0.049 0.061 0.062 0.059 0.056 0.048 0.035 0.023 0.017 0.015 0.019 0.023 0.020 0.011 0.004 0.002 0.001 0.000 0.000 0.000 0.000 0.000 0.000 0.000 0.000 0.000 0.000 0.000 0.000 0.000 0.000 0.000 0.000 0.000 0.000 0.000 0.000 0.000 0.000 0.000 0.000 0.000
0.000 0.000 0.000 0.000 0.000 0.000 0.000 0.000 0.000 0.000 0.000 0.000 0.000 0.000 0.000 0.000 0.000 0.000 0.000 0.000 0.000 0.000 0.000 0.001 0.002 0.002 0.001 0.002 0.004 0.007 0.009 0.011 0.013 0.016 0.020 0.029 0.043 0.056 0.060 0.061 0.060 0.052 0.038 0.025 0.022 0.044 0.067 0.066 0.045 0.018 0.006 0.002 0.001 0.001 0.000 0.000 0.000 0.000 0.000 0.000 0.000 0.000 0.000 0.000 0.000 0.000 0.000 0.000 0.000 0.000 0.000 0.000 0.000 0.000 0.000 0.000 0.000
0.000 0.000 0.000 0.000 0.000 0.000 0.000 0.000 0.000 0.000 0.000 0.000 0.000 0.000 0.000 0.000 0.000 0.000 0.000 0.000 0.000 0.000 0.001 0.001 0.001 0.001 0.002 0.003 0.005 0.007 0.008 0.009 0.011 0.013 0.016 0.021 0.031 0.046 0.059 0.064 0.065 0.062 0.052 0.037 0.045 0.121 0.166 0.157 0.116 0.056 0.021 0.007 0.003 0.002 0.001 0.001 0.000 0.000 0.000 0.000 0.000 0.000 0.000 0.000 0.000 0.000 0.000 0.000 0.000 0.000 0.000 0.000 0.000 0.000 0.000 0.000 0.000
0.000 0.000 0.000 0.000 0.000 0.000 0.000 0.000 0.000 0.000 0.000 0.000 0.000 0.000 0.000 0.000 0.000 0.000 0.000 0.000 0.000 0.000 0.001 0.001 0.001 0.001 0.002 0.004 0.006 0.007 0.007 0.008 0.009 0.010 0.013 0.017 0.024 0.035 0.051 0.063 0.069 0.069 0.062 0.051 0.089 0.202 0.239 0.230 0.180 0.097 0.043 0.017 0.009 0.006 0.003 0.002 0.001 0.000 0.000 0.000 0.000 0.000 0.000 0.000 0.000 0.000 0.000 0.000 0.000 0.000 0.000 0.000 0.000 0.000 0.000 0.000 0.000
0.000 0.000 0.000 0.000 0.000 0.000 0.000 0.000 0.000 0.000 0.000 0.000 0.000 0.000 0.000 0.000 0.000 0.000 0.000 0.000 0.000 0.000 0.001 0.001 0.001 0.001 0.003 0.006 0.006 0.006 0.007 0.007 0.008 0.008 0.010 0.013 0.018 0.026 0.038 0.054 0.067 0.071 0.066 0.085 0.201 0.299 0.318 0.292 0.225 0.134 0.068 0.035 0.024 0.017 0.009 0.004 0.002 0.000 0.000 0.000 0.000 0.000 0.000 0.000 0.000 0.000 0.000 0.000 0.000 0.000 0.000 0.000 0.000 0.000 0.000 0.000 0.000
0.000 0.000 0.000 0.000 0.000 0.000 0.000 0.000 0.000 0.000 0.000 0.000 0.000 0.000 0.000 0.000 0.000 0.000 0.000 0.000 0.000 0.001 0.001 0.001 0.001 0.002 0.004 0.006 0.006 0.006 0.006 0.007 0.007 0.007 0.008 0.010 0.014 0.019 0.027 0.041 0.058 0.068 0.085 0.257 0.474 0.503 0.444 0.365 0.285 0.196 0.122 0.077 0.051 0.029 0.015 0.007 0.003 0.001 0.000 0.000 0.000 0.000 0.000 0.000 0.000 0.000 0.000 0.000 0.000 0.000 0.000 0.000 0.000 0.000 0.000 0.000 0.000
0.000 0.000 0.000 0.000 0.000 0.000 0.000 0.000 0.000 0.000 0.000 0.000 0.000 0.000 0.000 0.000 0.000 0.000 0.000 0.000 0.000 0.001 0.001 0.001 0.001 0.002 0.005 0.007 0.006 0.006 0.006 0.007 0.007 0.006 0.006 0.008 0.010 0.014 0.020 0.029 0.041 0.058 0.193 0.567 0.744 0.718 0.612 0.468 0.343 0.245 0.170 0.111 0.065 0.034 0.016 0.008 0.003 0.001 0.000 0.000 0.000 0.000 0.000 0.000 0.000 0.000 0.000 0.000 0.000 0.000 0.000 0.000 0.000 0.000 0.000 0.000 0.000
0.000 0.000 0.000 0.000 0.000 0.000 0.000 0.000 0.000 0.000 0.000 0.000 0.000 0.000 0.000 0.000 0.000 0.000 0.000 0.000 0.001 0.001 0.001 0.001 0.001 0.003 0.005 0.006 0.006 0.006 0.006 0.007 0.007 0.006 0.005 0.006 0.008 0.011 0.015 0.020 0.029 0.083 0.362 0.766 0.875 0.840 0.721 0.540 0.383 0.265 0.178 0.114 0.066 0.034 0.017 0.008 0.003 0.001 0.000 0.000 0.000 0.000 0.000 0.000 0.000 0.000 0.000 0.000 0.000 0.000 0.000 0.000 0.000 0.000 0.000 0.000 0.000
0.000 0.000 0.000 0.000 0.000 0.000 0.000 0.000 0.000 0.000 0.000 0.000 0.000 0.000 0.000 0.000 0.000 0.000 0.000 0.000 0.001 0.001 0.001 0.001 0.002 0.004 0.005 0.006 0.006 0.006 0.006 0.007 0.007 0.005 0.005 0.005 0.006 0.008 0.011 0.015 0.031 0.152 0.510 0.838 0.919 0.870 0.745 0.562 0.398 0.269 0.175 0.108 0.062 0.033 0.017 0.008 0.003 0.001 0.000 0.000 0.000 0.000 0.000 0.000 0.000 0.000 0.000 0.000 0.000 0.000 0.000 0.000 0.000 0.000 0.000 0.000 0.000
0.000 0.000 0.000 0.000 0.000 0.000 0.000 0.000 0.000 0.000 0.000 0.000 0.000 0.000 0.000 0.000 0.000 0.000 0.000 0.001 0.001 0.001 0.001 0.001 0.004 0.006 0.006 0.005 0.005 0.006 0.007 0.007 0.006 0.005 0.004 0.005 0.005 0.007 0.009 0.014 0.056 0.231 0.589 0.858 0.914 0.862 0.739 0.561 0.396 0.264 0.168 0.100 0.057 0.031 0.016 0.008 0.003 0.001 0.000 0.000 0.000 0.000 0.000 0.000 0.000 0.000 0.000 0.000 0.000 0.000 0.000 0.000 0.000 0.000 0.000 0.000 0.000
0.000 0.000 0.000 0.000 0.000 0.000 0.000 0.000 0.000 0.000 0.000 0.000 0.000 0.000 0.000 0.000 0.000 0.000 0.000 0.001 0.001 0.001 0.001 0.003 0.006 0.007 0.007 0.006 0.005 0.006 0.007 0.007 0.006 0.005 0.004 0.005 0.005 0.007 0.011 0.029 0.109 0.325 0.628 0.818 0.847 0.801 0.696 0.542 0.379 0.250 0.157 0.093 0.053 0.029 0.015 0.007 0.003 0.001 0.000 0.000 0.000 0.000 0.000 0.000 0.000 0.000 0.000 0.000 0.000 0.000 0.000 0.000 0.000 0.000 0.000 0.000 0.000
0.000 0.000 0.000 0.000 0.000 0.000 0.000 0.000 0.000 0.000 0.000 0.000 0.000 0.000 0.000 0.000 0.000 0.000 0.001 0.001 0.001 0.001 0.002 0.006 0.010 0.011 0.010 0.009 0.007 0.007 0.007 0.007 0.006 0.005 0.005 0.005 0.008 0.017 0.038 0.091 0.212 0.415 0.618 0.722 0.737 0.694 0.610 0.492 0.350 0.229 0.142 0.084 0.048 0.026 0.014 0.007 0.003 0.001 0.000 0.000 0.000 0.000 0.000 0.000 0.000 0.000 0.000 0.000 0.000 0.000 0.000 0.000 0.000 0.000 0.000 0.000 0.000
