AvaFrame/avaframe/data/avaAlr/Outputs/r_avaflow/bo_results/bo_ascii/bo_hflow0068.asc
ncols 104
nrows 229
xllcenter 255202.08
yllcenter 377301.00
cellsize 20.00
NODATA_value -9999.000
[rows 102 to 135 of 229, columns 0 to 76 of 104]
0.000 0.000 0.000 0.001 0.003 0.003 0.003 0.002 0.003 0.004 0.004 0.002 0.001 0.001 0.001 0.001 0.001 0.001 0.001 0.001 0.001 0.001 0.001 0.043 0.067 0.016 0.009 0.006 0.005 0.005 0.004 0.002 0.001 0.001 0.001 0.001 0.002 0.007 0.007 0.003 0.001 0.000 0.000 0.000 0.000 0.000 0.000 0.000 0.000 0.000 0.000 0.000 0.000 0.000 0.000 0.000 0.000 0.000 0.000 0.000 0.000 0.000 0.000 0.000 0.000 0.000 0.000 0.000 0.000 0.000 0.000 0.000 0.000 0.000 0.000 0.000 0.000
0.000 0.000 0.000 0.001 0.003 0.003 0.003 0.002 0.002 0.003 0.004 0.002 0.001 0.001 0.001 0.001 0.001 0.001 0.001 0.001 0.001 0.001 0.002 0.053 0.069 0.010 0.007 0.006 0.005 0.005 0.005 0.003 0.002 0.001 0.001 0.001 0.002 0.008 0.007 0.003 0.001 0.000 0.000 0.000 0.000 0.000 0.000 0.000 0.000 0.000 0.000 0.000 0.000 0.000 0.000 0.000 0.000 0.000 0.000 0.000 0.000 0.000 0.000 0.000 0.000 0.000 0.000 0.000 0.000 0.000 0.000 0.000 0.000 0.000 0.000 0.000 0.000
0.000 0.000 0.000 0.001 0.002 0.003 0.003 0.002 0.002 0.002 0.004 0.003 0.002 0.001 0.001 0.001 0.001 0.001 0.001 0.001 0.001 0.001 0.003 0.054 0.080 0.010 0.005 0.005 0.005 0.005 0.005 0.004 0.003 0.001 0.001 0.001 0.003 0.009 0.007 0.002 0.001 0.001 0.000 0.000 0.000 0.000 0.000 0.000 0.000 0.000 0.000 0.000 0.000 0.000 0.000 0.000 0.000 0.000 0.000 0.000 0.000 0.000 0.000 0.000 0.000 0.000 0.000 0.000 0.000 0.000 0.000 0.000 0.000 0.000 0.000 0.000 0.000
0.000 0.000 0.000 0.001 0.002 0.002 0.002 0.002 0.002 0.002 0.003 0.004 0.004 0.002 0.001 0.001 0.001 0.001 0.001 0.001 0.001 0.001 0.004 0.050 0.083 0.012 0.004 0.004 0.004 0.005 0.005 0.004 0.004 0.002 0.001 0.001 0.005 0.010 0.005 0.002 0.002 0.001 0.000 0.000 0.000 0.000 0.000 0.000 0.000 0.000 0.000 0.000 0.000 0.000 0.000 0.000 0.000 0.000 0.000 0.000 0.000 0.000 0.000 0.000 0.000 0.000 0.000 0.000 0.000 0.000 0.000 0.000 0.000 0.000 0.000 0.000 0.000
0.000 0.000 0.000 0.001 0.002 0.002 0.002 0.002 0.002 0.002 0.001 0.002 0.004 0.003 0.001 0.001 0.001 0.001 0.001 0.001 0.001 0.001 0.006 0.041 0.080 0.020 0.004 0.003 0.004 0.005 0.006 0.005 0.005 0.003 0.001 0.002 0.007 0.007 0.003 0.002 0.002 0.001 0.001 0.000 0.000 0.000 0.000 0.000 0.000 0.000 0.000 0.000 0.000 0.000 0.000 0.000 0.000 0.000 0.000 0.000 0.000 0.000 0.000 0.000 0.000 0.000 0.000 0.000 0.000 0.000 0.000 0.000 0.000 0.000 0.000 0.000 0.000
0.000 0.000 0.000 0.001 0.002 0.002 0.002 0.002 0.002 0.002 0.001 0.001 0.002 0.003 0.003 0.001 0.001 0.001 0.001 0.001 0.001 0.002 0.005 0.021 0.077 0.051 0.004 0.003 0.003 0.005 0.006 0.006 0.006 0.004 0.002 0.003 0.008 0.005 0.002 0.001 0.001 0.001 0.001 0.000 0.000 0.000 0.000 0.000 0.000 0.000 0.000 0.000 0.000 0.000 0.000 0.000 0.000 0.000 0.000 0.000 0.000 0.000 0.000 0.000 0.000 0.000 0.000 0.000 0.000 0.000 0.000 0.000 0.000 0.000 0.000 0.000 0.000
0.000 0.000 0.000 0.001 0.002 0.002 0.002 0.002 0.002 0.002 0.001 0.001 0.001 0.002 0.003 0.002 0.001 0.001 0.001 0.001 0.001 0.002 0.004 0.010 0.058 0.073 0.018 0.003 0.003 0.004 0.007 0.006 0.006 0.005 0.004 0.005 0.008 0.004 0.002 0.001 0.001 0.001 0.001 0.000 0.000 0.000 0.000 0.000 0.000 0.000 0.000 0.000 0.000 0.000 0.000 0.000 0.000 0.000 0.000 0.000 0.000 0.000 0.000 0.000 0.000 0.000 0.000 0.000 0.000 0.000 0.000 0.000 0.000 0.000 0.000 0.000 0.000
0.000 0.000 0.000 0.001 0.001 0.002 0.002 0.002 0.001 0.001 0.001 0.001 0.001 0.002 0.002 0.003 0.002 0.001 0.001 0.001 0.001 0.002 0.004 0.009 0.041 0.069 0.036 0.007 0.003 0.003 0.006 0.007 0.006 0.005 0.004 0.006 0.008 0.005 0.002 0.001 0.001 0.001 0.001 0.000 0.000 0.000 0.000 0.000 0.000 0.000 0.000 0.000 0.000 0.000 0.000 0.000 0.000 0.000 0.000 0.000 0.000 0.000 0.000 0.000 0.000 0.000 0.000 0.000 0.000 0.000 0.000 0.000 0.000 0.000 0.000 0.000 0.000
0.000 0.000 0.000 0.000 0.001 0.002 0.002 0.001 0.001 0.001 0.001 0.001 0.002 0.002 0.002 0.002 0.002 0.002 0.002 0.002 0.002 0.003 0.004 0.008 0.037 0.064 0.043 0.014 0.005 0.003 0.005 0.008 0.007 0.005 0.004 0.005 0.009 0.006 0.002 0.001 0.001 0.001 0.000 0.000 0.000 0.000 0.000 0.000 0.000 0.000 0.000 0.000 0.000 0.000 0.000 0.000 0.000 0.000 0.000 0.000 0.000 0.000 0.000 0.000 0.000 0.000 0.000 0.000 0.000 0.000 0.000 0.000 0.000 0.000 0.000 0.000 0.000
0.000 0.000 0.000 0.000 0.001 0.002 0.002 0.001 0.001 0.001 0.002 0.002 0.003 0.002 0.002 0.002 0.002 0.002 0.002 0.002 0.003 0.003 0.004 0.008 0.028 0.056 0.050 0.024 0.008 0.004 0.004 0.008 0.008 0.005 0.004 0.004 0.009 0.008 0.002 0.001 0.001 0.000 0.000 0.000 0.000 0.000 0.000 0.000 0.000 0.000 0.000 0.000 0.000 0.000 0.000 0.000 0.000 0.000 0.000 0.000 0.000 0.000 0.000 0.000 0.000 0.000 0.000 0.000 0.000 0.000 0.000 0.000 0.000 0.000 0.000 0.000 0.000
0.000 0.000 0.000 0.000 0.001 0.002 0.002 0.001 0.002 0.002 0.003 0.004 0.003 0.003 0.002 0.002 0.002 0.001 0.002 0.002 0.003 0.003 0.004 0.008 0.018 0.042 0.055 0.042 0.018 0.005 0.004 0.007 0.008 0.006 0.004 0.004 0.007 0.010 0.004 0.001 0.001 0.000 0.000 0.000 0.000 0.000 0.000 0.000 0.000 0.000 0.000 0.000 0.000 0.000 0.000 0.000 0.000 0.000 0.000 0.000 0.000 0.000 0.000 0.000 0.000 0.000 0.000 0.000 0.000 0.000 0.000 0.000 0.000 0.000 0.000 0.000 0.000
0.000 0.000 0.000 0.000 0.001 0.001 0.002 0.002 0.005 0.005 0.004 0.003 0.003 0.002 0.002 0.002 0.001 0.001 0.001 0.002 0.002 0.003 0.004 0.007 0.012 0.023 0.040 0.058 0.046 0.011 0.005 0.006 0.007 0.007 0.005 0.004 0.006 0.011 0.005 0.001 0.001 0.001 0.000 0.000 0.000 0.000 0.000 0.000 0.000 0.000 0.000 0.000 0.000 0.000 0.000 0.000 0.000 0.000 0.000 0.000 0.000 0.000 0.000 0.000 0.000 0.000 0.000 0.000 0.000 0.000 0.000 0.000 0.000 0.000 0.000 0.000 0.000
0.000 0.000 0.000 0.000 0.001 0.001 0.003 0.009 0.016 0.013 0.005 0.003 0.003 0.002 0.002 0.002 0.002 0.001 0.001 0.002 0.002 0.003 0.004 0.006 0.009 0.014 0.022 0.046 0.058 0.030 0.010 0.006 0.008 0.008 0.006 0.004 0.005 0.009 0.009 0.002 0.001 0.001 0.000 0.000 0.000 0.000 0.000 0.000 0.000 0.000 0.000 0.000 0.000 0.000 0.000 0.000 0.000 0.000 0.000 0.000 0.000 0.000 0.000 0.000 0.000 0.000 0.000 0.000 0.000 0.000 0.000 0.000 0.000 0.000 0.000 0.000 0.000
0.000 0.000 0.000 0.000 0.001 0.002 0.008 0.018 0.023 0.022 0.011 0.005 0.003 0.003 0.003 0.002 0.002 0.001 0.001 0.002 0.002 0.002 0.003 0.005 0.008 0.012 0.015 0.027 0.042 0.040 0.025 0.010 0.009 0.009 0.006 0.005 0.004 0.007 0.011 0.005 0.001 0.001 0.001 0.000 0.000 0.000 0.000 0.000 0.000 0.000 0.000 0.000 0.000 0.000 0.000 0.000 0.000 0.000 0.000 0.000 0.000 0.000 0.000 0.000 0.000 0.000 0.000 0.000 0.000 0.000 0.000 0.000 0.000 0.000 0.000 0.000 0.000
0.000 0.000 0.000 0.000 0.001 0.004 0.011 0.017 0.020 0.021 0.016 0.009 0.005 0.003 0.003 0.002 0.001 0.001 0.001 0.001 0.001 0.002 0.002 0.004 0.005 0.007 0.010 0.020 0.035 0.040 0.035 0.020 0.013 0.011 0.009 0.005 0.005 0.006 0.010 0.009 0.003 0.001 0.001 0.000 0.000 0.000 0.000 0.000 0.000 0.000 0.000 0.000 0.000 0.000 0.000 0.000 0.000 0.000 0.000 0.000 0.000 0.000 0.000 0.000 0.000 0.000 0.000 0.000 0.000 0.000 0.000 0.000 0.000 0.000 0.000 0.000 0.000
0.000 0.000 0.000 0.000 0.002 0.005 0.009 0.012 0.013 0.013 0.013 0.009 0.005 0.003 0.002 0.001 0.001 0.001 0.001 0.001 0.001 0.001 0.002 0.003 0.003 0.004 0.007 0.016 0.032 0.041 0.039 0.032 0.019 0.016 0.014 0.009 0.005 0.005 0.008 0.011 0.007 0.002 0.001 0.001 0.000 0.000 0.000 0.000 0.000 0.000 0.000 0.000 0.000 0.000 0.000 0.000 0.000 0.000 0.000 0.000 0.000 0.000 0.000 0.000 0.000 0.000 0.000 0.000 0.000 0.000 0.000 0.000 0.000 0.000 0.000 0.000 0.000
0.000 0.000 0.000 0.000 0.002 0.004 0.007 0.007 0.007 0.006 0.006 0.006 0.004 0.002 0.001 0.001 0.001 0.001 0.001 0.001 0.001 0.001 0.002 0.002 0.002 0.003 0.005 0.013 0.024 0.037 0.042 0.041 0.030 0.020 0.019 0.016 0.008 0.006 0.008 0.011 0.009 0.005 0.002 0.001 0.001 0.001 0.000 0.000 0.000 0.000 0.000 0.000 0.000 0.000 0.000 0.000 0.000 0.000 0.000 0.000 0.000 0.000 0.000 0.000 0.000 0.000 0.000 0.000 0.000 0.000 0.000 0.000 0.000 0.000 0.000 0.000 0.000
0.000 0.000 0.000 0.000 0.001 0.004 0.005 0.006 0.005 0.004 0.004 0.004 0.003 0.002 0.001 0.001 0.001 0.001 0.001 0.001 0.001 0.001 0.002 0.002 0.002 0.002 0.003 0.007 0.016 0.029 0.037 0.041 0.041 0.033 0.026 0.024 0.015 0.010 0.010 0.010 0.009 0.007 0.004 0.002 0.001 0.001 0.001 0.000 0.000 0.000 0.000 0.000 0.000 0.000 0.000 0.000 0.000 0.000 0.000 0.000 0.000 0.000 0.000 0.000 0.000 0.000 0.000 0.000 0.000 0.000 0.000 0.000 0.000 0.000 0.000 0.000 0.000
0.000 0.000 0.000 0.000 0.001 0.003 0.005 0.005 0.004 0.003 0.003 0.003 0.002 0.002 0.001 0.001 0.001 0.001 0.001 0.001 0.001 0.001 0.001 0.001 0.001 0.001 0.002 0.003 0.008 0.018 0.027 0.032 0.041 0.046 0.041 0.036 0.027 0.018 0.014 0.011 0.008 0.007 0.006 0.004 0.003 0.002 0.001 0.001 0.000 0.000 0.000 0.000 0.000 0.000 0.000 0.000 0.000 0.000 0.000 0.000 0.000 0.000 0.000 0.000 0.000 0.000 0.000 0.000 0.000 0.000 0.000 0.000 0.000 0.000 0.000 0.000 0.000
0.000 0.000 0.000 0.000 0.001 0.003 0.005 0.005 0.004 0.003 0.003 0.002 0.002 0.002 0.001 0.001 0.001 0.001 0.001 0.001 0.001 0.001 0.001 0.001 0.001 0.001 0.001 0.002 0.004 0.011 0.019 0.025 0.034 0.046 0.050 0.048 0.042 0.030 0.022 0.014 0.009 0.008 0.007 0.006 0.005 0.004 0.002 0.001 0.001 0.000 0.000 0.000 0.000 0.000 0.000 0.000 0.000 0.000 0.000 0.000 0.000 0.000 0.000 0.000 0.000 0.000 0.000 0.000 0.000 0.000 0.000 0.000 0.000 0.000 0.000 0.000 0.000
0.000 0.000 0.000 0.000 0.001 0.003 0.005 0.005 0.005 0.003 0.003 0.002 0.002 0.002 0.002 0.001 0.001 0.001 0.001 0.001 0.001 0.001 0.001 0.001 0.001 0.001 0.001 0.001 0.003 0.007 0.014 0.019 0.026 0.039 0.051 0.054 0.051 0.044 0.035 0.022 0.012 0.009 0.008 0.007 0.007 0.007 0.005 0.002 0.001 0.001 0.000 0.000 0.000 0.000 0.000 0.000 0.000 0.000 0.000 0.000 0.000 0.000 0.000 0.000 0.000 0.000 0.000 0.000 0.000 0.000 0.000 0.000 0.000 0.000 0.000 0.000 0.000
0.000 0.000 0.000 0.000 0.001 0.003 0.005 0.005 0.005 0.003 0.003 0.002 0.002 0.002 0.002 0.001 0.001 0.001 0.001 0.001 0.001 0.001 0.001 0.001 0.001 0.001 0.001 0.001 0.002 0.006 0.012 0.015 0.019 0.028 0.042 0.052 0.053 0.050 0.045 0.035 0.021 0.014 0.010 0.008 0.008 0.009 0.009 0.006 0.003 0.001 0.001 0.000 0.000 0.000 0.000 0.000 0.000 0.000 0.000 0.000 0.000 0.000 0.000 0.000 0.000 0.000 0.000 0.000 0.000 0.000 0.000 0.000 0.000 0.000 0.000 0.000 0.000
0.000 0.000 0.000 0.000 0.000 0.002 0.003 0.004 0.004 0.003 0.002 0.002 0.002 0.002 0.002 0.001 0.001 0.001 0.001 0.001 0.001 0.001 0.001 0.001 0.001 0.001 0.001 0.001 0.003 0.006 0.010 0.012 0.014 0.018 0.026 0.039 0.048 0.049 0.047 0.043 0.035 0.026 0.018 0.012 0.010 0.014 0.019 0.017 0.011 0.004 0.002 0.001 0.001 0.000 0.000 0.000 0.000 0.000 0.000 0.000 0.000 0.000 0.000 0.000 0.000 0.000 0.000 0.000 0.000 0.000 0.000 0.000 0.000 0.000 0.000 0.000 0.000
0.000 0.000 0.000 0.000 0.000 0.001 0.001 0.002 0.002 0.002 0.002 0.002 0.002 0.002 0.001 0.001 0.001 0.000 0.000 0.000 0.001 0.001 0.001 0.001 0.002 0.001 0.001 0.001 0.004 0.006 0.008 0.009 0.010 0.013 0.016 0.023 0.035 0.044 0.046 0.046 0.044 0.041 0.031 0.018 0.018 0.045 0.065 0.062 0.044 0.019 0.006 0.003 0.001 0.001 0.001 0.000 0.000 0.000 0.000 0.000 0.000 0.000 0.000 0.000 0.000 0.000 0.000 0.000 0.000 0.000 0.000 0.000 0.000 0.000 0.000 0.000 0.000
0.000 0.000 0.000 0.000 0.000 0.000 0.000 0.000 0.001 0.001 0.001 0.001 0.001 0.001 0.000 0.000 0.000 0.000 0.000 0.000 0.000 0.000 0.001 0.001 0.002 0.002 0.002 0.003 0.005 0.006 0.007 0.008 0.009 0.010 0.013 0.017 0.023 0.034 0.044 0.049 0.050 0.049 0.038 0.026 0.045 0.124 0.152 0.146 0.110 0.055 0.023 0.009 0.004 0.003 0.002 0.001 0.000 0.000 0.000 0.000 0.000 0.000 0.000 0.000 0.000 0.000 0.000 0.000 0.000 0.000 0.000 0.000 0.000 0.000 0.000 0.000 0.000
0.000 0.000 0.000 0.000 0.000 0.000 0.000 0.000 0.000 0.000 0.000 0.000 0.000 0.000 0.000 0.000 0.000 0.000 0.000 0.000 0.000 0.000 0.000 0.001 0.001 0.002 0.002 0.004 0.006 0.006 0.006 0.007 0.008 0.008 0.011 0.014 0.018 0.026 0.038 0.049 0.055 0.054 0.042 0.037 0.095 0.209 0.233 0.222 0.178 0.103 0.048 0.021 0.012 0.009 0.006 0.003 0.001 0.000 0.000 0.000 0.000 0.000 0.000 0.000 0.000 0.000 0.000 0.000 0.000 0.000 0.000 0.000 0.000 0.000 0.000 0.000 0.000
0.000 0.000 0.000 0.000 0.000 0.000 0.000 0.000 0.000 0.000 0.000 0.000 0.000 0.000 0.000 0.000 0.000 0.000 0.000 0.000 0.000 0.000 0.001 0.001 0.001 0.002 0.004 0.006 0.006 0.006 0.006 0.006 0.007 0.007 0.008 0.011 0.015 0.021 0.031 0.045 0.054 0.053 0.038 0.088 0.230 0.313 0.325 0.300 0.238 0.147 0.077 0.044 0.035 0.027 0.016 0.007 0.003 0.001 0.000 0.000 0.000 0.000 0.000 0.000 0.000 0.000 0.000 0.000 0.000 0.000 0.000 0.000 0.000 0.000 0.000 0.000 0.000
0.000 0.000 0.000 0.000 0.000 0.000 0.000 0.000 0.000 0.000 0.000 0.000 0.000 0.000 0.000 0.000 0.000 0.000 0.000 0.000 0.000 0.001 0.001 0.001 0.001 0.002 0.005 0.007 0.006 0.006 0.006 0.006 0.006 0.006 0.007 0.009 0.012 0.016 0.023 0.032 0.042 0.039 0.069 0.314 0.520 0.509 0.447 0.391 0.319 0.221 0.139 0.095 0.066 0.041 0.023 0.011 0.005 0.002 0.001 0.000 0.000 0.000 0.000 0.000 0.000 0.000 0.000 0.000 0.000 0.000 0.000 0.000 0.000 0.000 0.000 0.000 0.000
0.000 0.000 0.000 0.000 0.000 0.000 0.000 0.000 0.000 0.000 0.000 0.000 0.000 0.000 0.000 0.000 0.000 0.000 0.000 0.000 0.000 0.001 0.001 0.001 0.001 0.003 0.005 0.007 0.006 0.006 0.006 0.006 0.006 0.005 0.006 0.007 0.009 0.012 0.016 0.021 0.027 0.043 0.247 0.637 0.767 0.723 0.623 0.499 0.376 0.272 0.193 0.136 0.085 0.047 0.025 0.013 0.006 0.003 0.001 0.000 0.000 0.000 0.000 0.000 0.000 0.000 0.000 0.000 0.000 0.000 0.000 0.000 0.000 0.000 0.000 0.000 0.000
0.000 0.000 0.000 0.000 0.000 0.000 0.000 0.000 0.000 0.000 0.000 0.000 0.000 0.000 0.000 0.000 0.000 0.000 0.000 0.000 0.001 0.001 0.001 0.001 0.001 0.003 0.006 0.006 0.006 0.005 0.005 0.006 0.006 0.005 0.005 0.005 0.007 0.009 0.012 0.016 0.026 0.119 0.451 0.791 0.879 0.820 0.701 0.554 0.404 0.301 0.214 0.139 0.083 0.047 0.025 0.013 0.006 0.003 0.001 0.000 0.000 0.000 0.000 0.000 0.000 0.000 0.000 0.000 0.000 0.000 0.000 0.000 0.000 0.000 0.000 0.000 0.000
0.000 0.000 0.000 0.000 0.000 0.000 0.000 0.000 0.000 0.000 0.000 0.000 0.000 0.000 0.000 0.000 0.000 0.000 0.000 0.000 0.001 0.001 0.001 0.001 0.002 0.004 0.005 0.006 0.005 0.005 0.006 0.006 0.006 0.004 0.004 0.004 0.006 0.007 0.009 0.014 0.049 0.211 0.566 0.844 0.906 0.856 0.720 0.560 0.410 0.295 0.203 0.131 0.080 0.046 0.025 0.013 0.006 0.003 0.001 0.000 0.000 0.000 0.000 0.000 0.000 0.000 0.000 0.000 0.000 0.000 0.000 0.000 0.000 0.000 0.000 0.000 0.000
0.000 0.000 0.000 0.000 0.000 0.000 0.000 0.000 0.000 0.000 0.000 0.000 0.000 0.000 0.000 0.000 0.000 0.000 0.000 0.001 0.001 0.001 0.001 0.001 0.004 0.005 0.005 0.005 0.005 0.005 0.006 0.006 0.005 0.004 0.004 0.004 0.005 0.006 0.008 0.019 0.083 0.284 0.623 0.878 0.902 0.844 0.715 0.555 0.404 0.282 0.188 0.120 0.073 0.043 0.024 0.013 0.007 0.003 0.001 0.000 0.000 0.000 0.000 0.000 0.000 0.000 0.000 0.000 0.000 0.000 0.000 0.000 0.000 0.000 0.000 0.000 0.000
0.000 0.000 0.000 0.000 0.000 0.000 0.000 0.000 0.000 0.000 0.000 0.000 0.000 0.000 0.000 0.000 0.000 0.000 0.000 0.001 0.001 0.001 0.001 0.003 0.006 0.007 0.006 0.005 0.004 0.005 0.006 0.006 0.005 0.004 0.004 0.004 0.005 0.006 0.013 0.041 0.139 0.367 0.667 0.836 0.877 0.801 0.685 0.536 0.382 0.262 0.173 0.110 0.067 0.040 0.023 0.012 0.007 0.003 0.001 0.000 0.000 0.000 0.000 0.000 0.000 0.000 0.000 0.000 0.000 0.000 0.000 0.000 0.000 0.000 0.000 0.000 0.000
0.000 0.000 0.000 0.000 0.000 0.000 0.000 0.000 0.000 0.000 0.000 0.000 0.000 0.000 0.000 0.000 0.000 0.000 0.001 0.001 0.001 0.001 0.002 0.006 0.010 0.010 0.009 0.008 0.006 0.006 0.006 0.006 0.005 0.005 0.005 0.005 0.009 0.022 0.054 0.123 0.257 0.452 0.655 0.736 0.763 0.703 0.612 0.486 0.347 0.235 0.154 0.097 0.059 0.035 0.021 0.011 0.006 0.003 0.001 0.000 0.000 0.000 0.000 0.000 0.000 0.000 0.000 0.000 0.000 0.000 0.000 0.000 0.000 0.000 0.000 0.000 0.000
