AvaFrame/avaframe/data/avaAlr/Outputs/r_avaflow/bo_results/bo_ascii/bo_hflow0072.asc
ncols 104
nrows 229
xllcenter 255202.08
yllcenter 377301.00
cellsize 20.00
NODATA_value -9999.000
[rows 102 to 135 of 229, columns 0 to 76 of 104]
0.000 0.000 0.000 0.001 0.003 0.003 0.002 0.002 0.002 0.003 0.003 0.002 0.001 0.001 0.001 0.001 0.001 0.001 0.001 0.001 0.001 0.001 0.002 0.038 0.054 0.014 0.007 0.004 0.004 0.004 0.003 0.002 0.001 0.001 0.001 0.001 0.002 0.006 0.005 0.002 0.001 0.000 0.000 0.000 0.000 0.000 0.000 0.000 0.000 0.000 0.000 0.000 0.000 0.000 0.000 0.000 0.000 0.000 0.000 0.000 0.000 0.000 0.000 0.000 0.000 0.000 0.000 0.000 0.000 0.000 0.000 0.000 0.000 0.000 0.000 0.000 0.000
0.000 0.000 0.000 0.001 0.002 0.002 0.002 0.002 0.002 0.003 0.003 0.002 0.001 0.001 0.001 0.001 0.001 0.001 0.001 0.001 0.001 0.001 0.003 0.044 0.056 0.010 0.005 0.005 0.004 0.004 0.004 0.003 0.002 0.001 0.001 0.001 0.002 0.007 0.006 0.002 0.001 0.000 0.000 0.000 0.000 0.000 0.000 0.000 0.000 0.000 0.000 0.000 0.000 0.000 0.000 0.000 0.000 0.000 0.000 0.000 0.000 0.000 0.000 0.000 0.000 0.000 0.000 0.000 0.000 0.000 0.000 0.000 0.000 0.000 0.000 0.000 0.000
0.000 0.000 0.000 0.001 0.002 0.002 0.002 0.002 0.001 0.002 0.003 0.003 0.002 0.001 0.001 0.001 0.001 0.001 0.001 0.001 0.001 0.001 0.004 0.044 0.063 0.010 0.004 0.004 0.004 0.005 0.005 0.003 0.002 0.001 0.001 0.001 0.003 0.008 0.006 0.002 0.001 0.001 0.000 0.000 0.000 0.000 0.000 0.000 0.000 0.000 0.000 0.000 0.000 0.000 0.000 0.000 0.000 0.000 0.000 0.000 0.000 0.000 0.000 0.000 0.000 0.000 0.000 0.000 0.000 0.000 0.000 0.000 0.000 0.000 0.000 0.000 0.000
0.000 0.000 0.000 0.001 0.002 0.002 0.002 0.002 0.002 0.001 0.002 0.003 0.003 0.001 0.001 0.001 0.001 0.001 0.001 0.001 0.001 0.001 0.004 0.042 0.065 0.011 0.004 0.004 0.004 0.005 0.005 0.004 0.003 0.002 0.001 0.001 0.004 0.008 0.004 0.002 0.001 0.001 0.000 0.000 0.000 0.000 0.000 0.000 0.000 0.000 0.000 0.000 0.000 0.000 0.000 0.000 0.000 0.000 0.000 0.000 0.000 0.000 0.000 0.000 0.000 0.000 0.000 0.000 0.000 0.000 0.000 0.000 0.000 0.000 0.000 0.000 0.000
0.000 0.000 0.000 0.001 0.002 0.002 0.002 0.002 0.002 0.002 0.001 0.002 0.003 0.003 0.001 0.001 0.001 0.001 0.001 0.001 0.001 0.001 0.005 0.034 0.063 0.019 0.004 0.003 0.003 0.005 0.005 0.005 0.004 0.002 0.001 0.001 0.006 0.006 0.002 0.001 0.001 0.001 0.001 0.000 0.000 0.000 0.000 0.000 0.000 0.000 0.000 0.000 0.000 0.000 0.000 0.000 0.000 0.000 0.000 0.000 0.000 0.000 0.000 0.000 0.000 0.000 0.000 0.000 0.000 0.000 0.000 0.000 0.000 0.000 0.000 0.000 0.000
0.000 0.000 0.000 0.001 0.002 0.002 0.002 0.002 0.002 0.002 0.001 0.001 0.002 0.003 0.002 0.001 0.001 0.001 0.001 0.001 0.001 0.001 0.004 0.019 0.063 0.045 0.004 0.003 0.003 0.004 0.006 0.005 0.005 0.003 0.002 0.003 0.007 0.005 0.002 0.001 0.001 0.001 0.001 0.000 0.000 0.000 0.000 0.000 0.000 0.000 0.000 0.000 0.000 0.000 0.000 0.000 0.000 0.000 0.000 0.000 0.000 0.000 0.000 0.000 0.000 0.000 0.000 0.000 0.000 0.000 0.000 0.000 0.000 0.000 0.000 0.000 0.000
0.000 0.000 0.000 0.001 0.001 0.002 0.002 0.002 0.002 0.002 0.001 0.001 0.001 0.002 0.003 0.002 0.001 0.001 0.001 0.001 0.001 0.002 0.003 0.010 0.051 0.066 0.018 0.003 0.002 0.004 0.006 0.006 0.005 0.004 0.003 0.004 0.007 0.004 0.002 0.001 0.001 0.001 0.001 0.001 0.000 0.000 0.000 0.000 0.000 0.000 0.000 0.000 0.000 0.000 0.000 0.000 0.000 0.000 0.000 0.000 0.000 0.000 0.000 0.000 0.000 0.000 0.000 0.000 0.000 0.000 0.000 0.000 0.000 0.000 0.000 0.000 0.000
0.000 0.000 0.000 0.001 0.001 0.001 0.001 0.001 0.001 0.001 0.001 0.001 0.001 0.001 0.002 0.002 0.002 0.001 0.001 0.001 0.001 0.002 0.003 0.009 0.039 0.064 0.034 0.007 0.003 0.003 0.006 0.007 0.005 0.004 0.004 0.005 0.008 0.005 0.002 0.001 0.001 0.001 0.001 0.001 0.000 0.000 0.000 0.000 0.000 0.000 0.000 0.000 0.000 0.000 0.000 0.000 0.000 0.000 0.000 0.000 0.000 0.000 0.000 0.000 0.000 0.000 0.000 0.000 0.000 0.000 0.000 0.000 0.000 0.000 0.000 0.000 0.000
0.000 0.000 0.000 0.000 0.001 0.001 0.001 0.001 0.001 0.001 0.001 0.001 0.001 0.002 0.002 0.002 0.002 0.002 0.001 0.001 0.001 0.002 0.003 0.008 0.036 0.060 0.041 0.013 0.004 0.003 0.005 0.007 0.006 0.004 0.003 0.004 0.009 0.006 0.002 0.001 0.001 0.001 0.001 0.001 0.000 0.000 0.000 0.000 0.000 0.000 0.000 0.000 0.000 0.000 0.000 0.000 0.000 0.000 0.000 0.000 0.000 0.000 0.000 0.000 0.000 0.000 0.000 0.000 0.000 0.000 0.000 0.000 0.000 0.000 0.000 0.000 0.000
0.000 0.000 0.000 0.000 0.001 0.001 0.001 0.001 0.001 0.001 0.001 0.002 0.002 0.002 0.002 0.002 0.002 0.002 0.002 0.002 0.002 0.003 0.003 0.008 0.027 0.052 0.047 0.022 0.007 0.003 0.004 0.007 0.007 0.005 0.003 0.004 0.009 0.009 0.002 0.001 0.001 0.001 0.001 0.001 0.000 0.000 0.000 0.000 0.000 0.000 0.000 0.000 0.000 0.000 0.000 0.000 0.000 0.000 0.000 0.000 0.000 0.000 0.000 0.000 0.000 0.000 0.000 0.000 0.000 0.000 0.000 0.000 0.000 0.000 0.000 0.000 0.000
0.000 0.000 0.000 0.000 0.001 0.001 0.001 0.001 0.002 0.002 0.003 0.003 0.003 0.002 0.002 0.001 0.001 0.001 0.001 0.002 0.002 0.003 0.004 0.007 0.016 0.038 0.049 0.037 0.016 0.004 0.003 0.006 0.007 0.005 0.004 0.003 0.008 0.011 0.004 0.001 0.001 0.001 0.000 0.000 0.000 0.000 0.000 0.000 0.000 0.000 0.000 0.000 0.000 0.000 0.000 0.000 0.000 0.000 0.000 0.000 0.000 0.000 0.000 0.000 0.000 0.000 0.000 0.000 0.000 0.000 0.000 0.000 0.000 0.000 0.000 0.000 0.000
0.000 0.000 0.000 0.000 0.001 0.001 0.001 0.002 0.004 0.004 0.004 0.003 0.003 0.002 0.002 0.002 0.001 0.001 0.001 0.002 0.002 0.003 0.004 0.006 0.010 0.019 0.035 0.049 0.039 0.010 0.004 0.005 0.006 0.006 0.005 0.004 0.006 0.011 0.006 0.002 0.001 0.001 0.000 0.000 0.000 0.000 0.000 0.000 0.000 0.000 0.000 0.000 0.000 0.000 0.000 0.000 0.000 0.000 0.000 0.000 0.000 0.000 0.000 0.000 0.000 0.000 0.000 0.000 0.000 0.000 0.000 0.000 0.000 0.000 0.000 0.000 0.000
0.000 0.000 0.000 0.000 0.001 0.001 0.003 0.009 0.014 0.012 0.005 0.003 0.002 0.002 0.002 0.002 0.001 0.001 0.001 0.001 0.002 0.003 0.004 0.005 0.008 0.012 0.019 0.039 0.049 0.026 0.008 0.005 0.006 0.007 0.005 0.004 0.005 0.010 0.009 0.002 0.001 0.001 0.000 0.000 0.000 0.000 0.000 0.000 0.000 0.000 0.000 0.000 0.000 0.000 0.000 0.000 0.000 0.000 0.000 0.000 0.000 0.000 0.000 0.000 0.000 0.000 0.000 0.000 0.000 0.000 0.000 0.000 0.000 0.000 0.000 0.000 0.000
0.000 0.000 0.000 0.000 0.001 0.002 0.008 0.017 0.021 0.020 0.010 0.004 0.003 0.002 0.002 0.002 0.002 0.001 0.001 0.001 0.001 0.002 0.003 0.005 0.007 0.010 0.013 0.024 0.036 0.034 0.020 0.008 0.007 0.007 0.005 0.004 0.004 0.007 0.011 0.005 0.001 0.001 0.000 0.000 0.000 0.000 0.000 0.000 0.000 0.000 0.000 0.000 0.000 0.000 0.000 0.000 0.000 0.000 0.000 0.000 0.000 0.000 0.000 0.000 0.000 0.000 0.000 0.000 0.000 0.000 0.000 0.000 0.000 0.000 0.000 0.000 0.000
0.000 0.000 0.000 0.000 0.001 0.004 0.010 0.016 0.019 0.020 0.015 0.008 0.004 0.003 0.002 0.002 0.001 0.001 0.001 0.001 0.001 0.001 0.002 0.003 0.005 0.007 0.009 0.017 0.030 0.033 0.028 0.016 0.011 0.010 0.007 0.004 0.004 0.005 0.010 0.008 0.003 0.001 0.001 0.000 0.000 0.000 0.000 0.000 0.000 0.000 0.000 0.000 0.000 0.000 0.000 0.000 0.000 0.000 0.000 0.000 0.000 0.000 0.000 0.000 0.000 0.000 0.000 0.000 0.000 0.000 0.000 0.000 0.000 0.000 0.000 0.000 0.000
0.000 0.000 0.000 0.000 0.002 0.004 0.008 0.012 0.013 0.013 0.012 0.008 0.005 0.003 0.002 0.001 0.001 0.001 0.001 0.001 0.001 0.001 0.001 0.002 0.003 0.003 0.006 0.014 0.027 0.034 0.034 0.028 0.018 0.014 0.012 0.007 0.004 0.005 0.008 0.010 0.006 0.002 0.001 0.001 0.000 0.000 0.000 0.000 0.000 0.000 0.000 0.000 0.000 0.000 0.000 0.000 0.000 0.000 0.000 0.000 0.000 0.000 0.000 0.000 0.000 0.000 0.000 0.000 0.000 0.000 0.000 0.000 0.000 0.000 0.000 0.000 0.000
0.000 0.000 0.000 0.000 0.002 0.004 0.006 0.007 0.006 0.006 0.006 0.005 0.003 0.002 0.001 0.001 0.001 0.001 0.001 0.001 0.001 0.001 0.001 0.002 0.002 0.002 0.005 0.011 0.021 0.033 0.039 0.040 0.031 0.019 0.016 0.012 0.007 0.005 0.007 0.009 0.008 0.004 0.002 0.001 0.001 0.000 0.000 0.000 0.000 0.000 0.000 0.000 0.000 0.000 0.000 0.000 0.000 0.000 0.000 0.000 0.000 0.000 0.000 0.000 0.000 0.000 0.000 0.000 0.000 0.000 0.000 0.000 0.000 0.000 0.000 0.000 0.000
0.000 0.000 0.000 0.000 0.001 0.004 0.005 0.005 0.004 0.003 0.003 0.003 0.003 0.002 0.001 0.001 0.001 0.001 0.001 0.001 0.001 0.001 0.001 0.001 0.001 0.002 0.003 0.006 0.015 0.028 0.036 0.042 0.042 0.032 0.023 0.019 0.012 0.008 0.008 0.009 0.008 0.006 0.003 0.002 0.001 0.001 0.000 0.000 0.000 0.000 0.000 0.000 0.000 0.000 0.000 0.000 0.000 0.000 0.000 0.000 0.000 0.000 0.000 0.000 0.000 0.000 0.000 0.000 0.000 0.000 0.000 0.000 0.000 0.000 0.000 0.000 0.000
0.000 0.000 0.000 0.000 0.001 0.003 0.004 0.005 0.004 0.003 0.003 0.003 0.002 0.002 0.001 0.001 0.001 0.001 0.001 0.001 0.001 0.001 0.001 0.001 0.001 0.001 0.002 0.003 0.007 0.018 0.027 0.034 0.041 0.042 0.035 0.029 0.021 0.014 0.012 0.010 0.007 0.006 0.005 0.003 0.002 0.001 0.001 0.001 0.000 0.000 0.000 0.000 0.000 0.000 0.000 0.000 0.000 0.000 0.000 0.000 0.000 0.000 0.000 0.000 0.000 0.000 0.000 0.000 0.000 0.000 0.000 0.000 0.000 0.000 0.000 0.000 0.000
0.000 0.000 0.000 0.000 0.001 0.003 0.005 0.005 0.004 0.003 0.002 0.002 0.002 0.001 0.001 0.001 0.001 0.001 0.001 0.001 0.001 0.001 0.001 0.001 0.001 0.001 0.001 0.002 0.004 0.010 0.018 0.024 0.032 0.041 0.043 0.040 0.033 0.024 0.018 0.012 0.008 0.007 0.006 0.005 0.004 0.003 0.002 0.001 0.001 0.000 0.000 0.000 0.000 0.000 0.000 0.000 0.000 0.000 0.000 0.000 0.000 0.000 0.000 0.000 0.000 0.000 0.000 0.000 0.000 0.000 0.000 0.000 0.000 0.000 0.000 0.000 0.000
0.000 0.000 0.000 0.000 0.001 0.003 0.005 0.005 0.004 0.003 0.002 0.002 0.002 0.002 0.001 0.001 0.001 0.001 0.001 0.001 0.001 0.001 0.001 0.001 0.001 0.001 0.001 0.001 0.003 0.007 0.013 0.017 0.023 0.034 0.043 0.044 0.040 0.034 0.028 0.019 0.011 0.008 0.007 0.006 0.005 0.005 0.004 0.002 0.001 0.001 0.000 0.000 0.000 0.000 0.000 0.000 0.000 0.000 0.000 0.000 0.000 0.000 0.000 0.000 0.000 0.000 0.000 0.000 0.000 0.000 0.000 0.000 0.000 0.000 0.000 0.000 0.000
0.000 0.000 0.000 0.000 0.001 0.003 0.005 0.005 0.004 0.003 0.002 0.002 0.002 0.002 0.002 0.001 0.001 0.001 0.001 0.001 0.001 0.001 0.001 0.001 0.001 0.001 0.001 0.001 0.002 0.005 0.011 0.014 0.016 0.023 0.034 0.041 0.041 0.038 0.036 0.030 0.019 0.012 0.009 0.007 0.007 0.007 0.007 0.005 0.002 0.001 0.001 0.000 0.000 0.000 0.000 0.000 0.000 0.000 0.000 0.000 0.000 0.000 0.000 0.000 0.000 0.000 0.000 0.000 0.000 0.000 0.000 0.000 0.000 0.000 0.000 0.000 0.000
0.000 0.000 0.000 0.000 0.001 0.003 0.004 0.004 0.004 0.003 0.003 0.002 0.002 0.002 0.002 0.001 0.001 0.001 0.001 0.001 0.001 0.001 0.001 0.001 0.001 0.001 0.001 0.001 0.002 0.006 0.009 0.011 0.012 0.015 0.020 0.029 0.036 0.038 0.038 0.037 0.031 0.024 0.016 0.010 0.009 0.013 0.017 0.016 0.010 0.004 0.002 0.001 0.001 0.000 0.000 0.000 0.000 0.000 0.000 0.000 0.000 0.000 0.000 0.000 0.000 0.000 0.000 0.000 0.000 0.000 0.000 0.000 0.000 0.000 0.000 0.000 0.000
0.000 0.000 0.000 0.000 0.000 0.002 0.003 0.003 0.003 0.003 0.002 0.002 0.002 0.002 0.002 0.001 0.001 0.001 0.001 0.001 0.001 0.001 0.001 0.001 0.001 0.001 0.001 0.001 0.003 0.006 0.008 0.009 0.010 0.011 0.014 0.018 0.027 0.035 0.039 0.041 0.040 0.038 0.029 0.017 0.017 0.042 0.060 0.058 0.042 0.018 0.007 0.003 0.001 0.001 0.001 0.000 0.000 0.000 0.000 0.000 0.000 0.000 0.000 0.000 0.000 0.000 0.000 0.000 0.000 0.000 0.000 0.000 0.000 0.000 0.000 0.000 0.000
0.000 0.000 0.000 0.000 0.000 0.001 0.002 0.002 0.002 0.002 0.002 0.002 0.002 0.002 0.002 0.001 0.001 0.001 0.001 0.001 0.001 0.001 0.001 0.001 0.001 0.001 0.001 0.002 0.004 0.006 0.006 0.007 0.008 0.009 0.011 0.014 0.020 0.030 0.039 0.044 0.047 0.047 0.037 0.025 0.042 0.116 0.142 0.138 0.107 0.055 0.023 0.009 0.004 0.003 0.002 0.001 0.001 0.000 0.000 0.000 0.000 0.000 0.000 0.000 0.000 0.000 0.000 0.000 0.000 0.000 0.000 0.000 0.000 0.000 0.000 0.000 0.000
0.000 0.000 0.000 0.000 0.000 0.000 0.001 0.002 0.002 0.002 0.002 0.002 0.002 0.002 0.002 0.001 0.001 0.001 0.001 0.000 0.000 0.001 0.001 0.001 0.001 0.001 0.002 0.004 0.005 0.006 0.006 0.006 0.007 0.008 0.010 0.013 0.016 0.024 0.035 0.045 0.052 0.052 0.042 0.038 0.092 0.200 0.228 0.220 0.181 0.107 0.048 0.021 0.013 0.011 0.008 0.004 0.002 0.001 0.000 0.000 0.000 0.000 0.000 0.000 0.000 0.000 0.000 0.000 0.000 0.000 0.000 0.000 0.000 0.000 0.000 0.000 0.000
0.000 0.000 0.000 0.000 0.000 0.000 0.000 0.000 0.000 0.001 0.001 0.001 0.001 0.001 0.001 0.001 0.000 0.000 0.000 0.000 0.000 0.000 0.000 0.001 0.001 0.002 0.004 0.006 0.006 0.005 0.005 0.006 0.006 0.006 0.008 0.010 0.013 0.019 0.028 0.042 0.052 0.052 0.042 0.094 0.226 0.307 0.324 0.305 0.250 0.158 0.080 0.045 0.037 0.032 0.020 0.009 0.004 0.002 0.000 0.000 0.000 0.000 0.000 0.000 0.000 0.000 0.000 0.000 0.000 0.000 0.000 0.000 0.000 0.000 0.000 0.000 0.000
0.000 0.000 0.000 0.000 0.000 0.000 0.000 0.000 0.000 0.000 0.000 0.000 0.000 0.000 0.000 0.000 0.000 0.000 0.000 0.000 0.000 0.001 0.001 0.001 0.001 0.002 0.005 0.006 0.006 0.005 0.005 0.006 0.006 0.006 0.006 0.008 0.010 0.014 0.020 0.030 0.041 0.040 0.081 0.322 0.503 0.499 0.459 0.406 0.328 0.229 0.150 0.104 0.074 0.048 0.027 0.014 0.007 0.003 0.001 0.000 0.000 0.000 0.000 0.000 0.000 0.000 0.000 0.000 0.000 0.000 0.000 0.000 0.000 0.000 0.000 0.000 0.000
0.000 0.000 0.000 0.000 0.000 0.000 0.000 0.000 0.000 0.000 0.000 0.000 0.000 0.000 0.000 0.000 0.000 0.000 0.000 0.000 0.000 0.001 0.001 0.001 0.001 0.003 0.006 0.007 0.006 0.005 0.005 0.006 0.006 0.005 0.005 0.006 0.008 0.011 0.014 0.019 0.025 0.050 0.266 0.631 0.721 0.698 0.623 0.503 0.389 0.289 0.215 0.149 0.092 0.053 0.029 0.016 0.008 0.003 0.001 0.000 0.000 0.000 0.000 0.000 0.000 0.000 0.000 0.000 0.000 0.000 0.000 0.000 0.000 0.000 0.000 0.000 0.000
0.000 0.000 0.000 0.000 0.000 0.000 0.000 0.000 0.000 0.000 0.000 0.000 0.000 0.000 0.000 0.000 0.000 0.000 0.000 0.000 0.001 0.001 0.001 0.001 0.002 0.004 0.006 0.007 0.006 0.005 0.005 0.006 0.005 0.005 0.004 0.005 0.006 0.008 0.010 0.014 0.026 0.129 0.461 0.792 0.836 0.800 0.702 0.550 0.415 0.305 0.220 0.152 0.096 0.055 0.030 0.016 0.008 0.004 0.001 0.000 0.000 0.000 0.000 0.000 0.000 0.000 0.000 0.000 0.000 0.000 0.000 0.000 0.000 0.000 0.000 0.000 0.000
0.000 0.000 0.000 0.000 0.000 0.000 0.000 0.000 0.000 0.000 0.000 0.000 0.000 0.000 0.000 0.000 0.000 0.000 0.000 0.000 0.001 0.001 0.001 0.001 0.002 0.005 0.006 0.006 0.005 0.005 0.005 0.006 0.005 0.004 0.004 0.004 0.005 0.006 0.008 0.013 0.051 0.212 0.558 0.849 0.897 0.853 0.726 0.559 0.419 0.305 0.213 0.142 0.088 0.052 0.029 0.016 0.008 0.004 0.001 0.000 0.000 0.000 0.000 0.000 0.000 0.000 0.000 0.000 0.000 0.000 0.000 0.000 0.000 0.000 0.000 0.000 0.000
0.000 0.000 0.000 0.000 0.000 0.000 0.000 0.000 0.000 0.000 0.000 0.000 0.000 0.000 0.000 0.000 0.000 0.000 0.000 0.001 0.001 0.001 0.001 0.001 0.004 0.006 0.005 0.005 0.005 0.005 0.006 0.006 0.005 0.004 0.004 0.004 0.004 0.005 0.007 0.019 0.084 0.275 0.620 0.876 0.911 0.842 0.722 0.555 0.409 0.292 0.199 0.129 0.081 0.049 0.028 0.016 0.008 0.004 0.001 0.000 0.000 0.000 0.000 0.000 0.000 0.000 0.000 0.000 0.000 0.000 0.000 0.000 0.000 0.000 0.000 0.000 0.000
0.000 0.000 0.000 0.000 0.000 0.000 0.000 0.000 0.000 0.000 0.000 0.000 0.000 0.000 0.000 0.000 0.000 0.000 0.000 0.001 0.001 0.001 0.001 0.003 0.006 0.007 0.006 0.005 0.004 0.005 0.006 0.006 0.005 0.004 0.004 0.004 0.004 0.006 0.013 0.041 0.139 0.367 0.669 0.842 0.860 0.802 0.690 0.532 0.384 0.267 0.179 0.116 0.072 0.044 0.026 0.015 0.008 0.004 0.002 0.000 0.000 0.000 0.000 0.000 0.000 0.000 0.000 0.000 0.000 0.000 0.000 0.000 0.000 0.000 0.000 0.000 0.000
0.000 0.000 0.000 0.000 0.000 0.000 0.000 0.000 0.000 0.000 0.000 0.000 0.000 0.000 0.000 0.000 0.000 0.000 0.001 0.001 0.001 0.001 0.002 0.006 0.009 0.010 0.009 0.008 0.006 0.005 0.006 0.006 0.005 0.004 0.004 0.005 0.009 0.022 0.055 0.127 0.266 0.475 0.672 0.775 0.774 0.721 0.618 0.480 0.344 0.237 0.157 0.101 0.064 0.039 0.024 0.013 0.007 0.003 0.001 0.000 0.000 0.000 0.000 0.000 0.000 0.000 0.000 0.000 0.000 0.000 0.000 0.000 0.000 0.000 0.000 0.000 0.000
