AvaFrame/avaframe/data/avaAlr/Outputs/r_avaflow/bo_results/bo_ascii/bo_hflow0062.asc
ncols 104
nrows 229
xllcenter 255202.08
yllcenter 377301.00
cellsize 20.00
NODATA_value -9999.000
[rows 102 to 135 of 229, columns 0 to 76 of 104]
0.000 0.000 0.000 0.002 0.004 0.005 0.004 0.003 0.004 0.005 0.005 0.003 0.002 0.001 0.001 0.001 0.001 0.001 0.001 0.001 0.001 0.001 0.004 0.055 0.078 0.027 0.011 0.006 0.005 0.005 0.005 0.003 0.002 0.001 0.001 0.001 0.003 0.009 0.008 0.003 0.001 0.000 0.000 0.000 0.000 0.000 0.000 0.000 0.000 0.000 0.000 0.000 0.000 0.000 0.000 0.000 0.000 0.000 0.000 0.000 0.000 0.000 0.000 0.000 0.000 0.000 0.000 0.000 0.000 0.000 0.000 0.000 0.000 0.000 0.000 0.000 0.000
0.000 0.000 0.000 0.001 0.004 0.004 0.003 0.003 0.003 0.004 0.005 0.003 0.002 0.001 0.001 0.001 0.001 0.001 0.001 0.001 0.001 0.001 0.006 0.068 0.079 0.017 0.009 0.006 0.006 0.006 0.006 0.004 0.003 0.002 0.001 0.001 0.003 0.009 0.008 0.003 0.001 0.000 0.000 0.000 0.000 0.000 0.000 0.000 0.000 0.000 0.000 0.000 0.000 0.000 0.000 0.000 0.000 0.000 0.000 0.000 0.000 0.000 0.000 0.000 0.000 0.000 0.000 0.000 0.000 0.000 0.000 0.000 0.000 0.000 0.000 0.000 0.000
0.000 0.000 0.000 0.001 0.003 0.003 0.003 0.003 0.002 0.003 0.004 0.004 0.002 0.001 0.001 0.001 0.001 0.001 0.001 0.001 0.001 0.001 0.007 0.068 0.084 0.016 0.007 0.005 0.005 0.006 0.006 0.005 0.004 0.002 0.001 0.002 0.004 0.008 0.006 0.002 0.001 0.000 0.000 0.000 0.000 0.000 0.000 0.000 0.000 0.000 0.000 0.000 0.000 0.000 0.000 0.000 0.000 0.000 0.000 0.000 0.000 0.000 0.000 0.000 0.000 0.000 0.000 0.000 0.000 0.000 0.000 0.000 0.000 0.000 0.000 0.000 0.000
0.000 0.000 0.000 0.001 0.003 0.003 0.003 0.003 0.002 0.002 0.003 0.005 0.004 0.002 0.001 0.001 0.001 0.001 0.001 0.001 0.001 0.001 0.008 0.063 0.086 0.019 0.006 0.005 0.005 0.006 0.006 0.006 0.006 0.003 0.002 0.002 0.004 0.006 0.004 0.002 0.001 0.000 0.000 0.000 0.000 0.000 0.000 0.000 0.000 0.000 0.000 0.000 0.000 0.000 0.000 0.000 0.000 0.000 0.000 0.000 0.000 0.000 0.000 0.000 0.000 0.000 0.000 0.000 0.000 0.000 0.000 0.000 0.000 0.000 0.000 0.000 0.000
0.000 0.000 0.000 0.001 0.003 0.003 0.003 0.003 0.003 0.002 0.002 0.003 0.005 0.004 0.002 0.001 0.001 0.001 0.001 0.001 0.001 0.002 0.008 0.052 0.086 0.029 0.005 0.004 0.004 0.006 0.007 0.007 0.007 0.005 0.002 0.002 0.004 0.003 0.002 0.001 0.001 0.000 0.000 0.000 0.000 0.000 0.000 0.000 0.000 0.000 0.000 0.000 0.000 0.000 0.000 0.000 0.000 0.000 0.000 0.000 0.000 0.000 0.000 0.000 0.000 0.000 0.000 0.000 0.000 0.000 0.000 0.000 0.000 0.000 0.000 0.000 0.000
0.000 0.000 0.000 0.001 0.002 0.003 0.003 0.003 0.003 0.003 0.002 0.002 0.003 0.004 0.003 0.002 0.001 0.001 0.001 0.001 0.001 0.002 0.006 0.031 0.087 0.061 0.008 0.003 0.004 0.005 0.007 0.007 0.008 0.006 0.003 0.003 0.004 0.003 0.001 0.001 0.001 0.001 0.000 0.000 0.000 0.000 0.000 0.000 0.000 0.000 0.000 0.000 0.000 0.000 0.000 0.000 0.000 0.000 0.000 0.000 0.000 0.000 0.000 0.000 0.000 0.000 0.000 0.000 0.000 0.000 0.000 0.000 0.000 0.000 0.000 0.000 0.000
0.000 0.000 0.000 0.001 0.002 0.002 0.003 0.003 0.003 0.002 0.002 0.002 0.002 0.003 0.004 0.003 0.002 0.001 0.001 0.001 0.001 0.002 0.005 0.015 0.072 0.086 0.027 0.004 0.003 0.004 0.008 0.008 0.008 0.007 0.005 0.005 0.005 0.003 0.001 0.001 0.001 0.001 0.001 0.001 0.000 0.000 0.000 0.000 0.000 0.000 0.000 0.000 0.000 0.000 0.000 0.000 0.000 0.000 0.000 0.000 0.000 0.000 0.000 0.000 0.000 0.000 0.000 0.000 0.000 0.000 0.000 0.000 0.000 0.000 0.000 0.000 0.000
0.000 0.000 0.000 0.001 0.002 0.002 0.002 0.002 0.002 0.002 0.002 0.001 0.002 0.002 0.003 0.003 0.002 0.002 0.001 0.001 0.001 0.002 0.004 0.012 0.055 0.085 0.049 0.011 0.004 0.004 0.007 0.009 0.008 0.008 0.006 0.006 0.006 0.003 0.001 0.001 0.001 0.000 0.000 0.001 0.000 0.000 0.000 0.000 0.000 0.000 0.000 0.000 0.000 0.000 0.000 0.000 0.000 0.000 0.000 0.000 0.000 0.000 0.000 0.000 0.000 0.000 0.000 0.000 0.000 0.000 0.000 0.000 0.000 0.000 0.000 0.000 0.000
0.000 0.000 0.000 0.001 0.002 0.002 0.002 0.002 0.001 0.001 0.001 0.002 0.002 0.002 0.003 0.003 0.003 0.002 0.002 0.002 0.002 0.003 0.004 0.011 0.048 0.080 0.060 0.020 0.007 0.004 0.006 0.009 0.009 0.007 0.006 0.006 0.007 0.005 0.001 0.001 0.001 0.000 0.000 0.000 0.000 0.000 0.000 0.000 0.000 0.000 0.000 0.000 0.000 0.000 0.000 0.000 0.000 0.000 0.000 0.000 0.000 0.000 0.000 0.000 0.000 0.000 0.000 0.000 0.000 0.000 0.000 0.000 0.000 0.000 0.000 0.000 0.000
0.000 0.000 0.000 0.000 0.002 0.002 0.002 0.002 0.001 0.001 0.002 0.003 0.003 0.003 0.002 0.002 0.002 0.002 0.002 0.003 0.003 0.004 0.005 0.010 0.037 0.072 0.068 0.035 0.011 0.005 0.005 0.009 0.010 0.007 0.005 0.005 0.008 0.008 0.002 0.001 0.001 0.000 0.000 0.000 0.000 0.000 0.000 0.000 0.000 0.000 0.000 0.000 0.000 0.000 0.000 0.000 0.000 0.000 0.000 0.000 0.000 0.000 0.000 0.000 0.000 0.000 0.000 0.000 0.000 0.000 0.000 0.000 0.000 0.000 0.000 0.000 0.000
0.000 0.000 0.000 0.000 0.001 0.002 0.002 0.002 0.002 0.003 0.003 0.004 0.004 0.003 0.002 0.002 0.002 0.002 0.002 0.003 0.003 0.004 0.005 0.009 0.023 0.055 0.071 0.056 0.025 0.007 0.005 0.008 0.009 0.008 0.006 0.005 0.008 0.010 0.004 0.001 0.001 0.001 0.000 0.000 0.000 0.000 0.000 0.000 0.000 0.000 0.000 0.000 0.000 0.000 0.000 0.000 0.000 0.000 0.000 0.000 0.000 0.000 0.000 0.000 0.000 0.000 0.000 0.000 0.000 0.000 0.000 0.000 0.000 0.000 0.000 0.000 0.000
0.000 0.000 0.000 0.000 0.001 0.002 0.002 0.003 0.005 0.006 0.005 0.004 0.003 0.003 0.002 0.002 0.002 0.002 0.002 0.002 0.003 0.004 0.005 0.008 0.015 0.031 0.054 0.072 0.056 0.017 0.007 0.007 0.009 0.009 0.007 0.006 0.008 0.012 0.007 0.002 0.001 0.001 0.001 0.000 0.000 0.000 0.000 0.000 0.000 0.000 0.000 0.000 0.000 0.000 0.000 0.000 0.000 0.000 0.000 0.000 0.000 0.000 0.000 0.000 0.000 0.000 0.000 0.000 0.000 0.000 0.000 0.000 0.000 0.000 0.000 0.000 0.000
0.000 0.000 0.000 0.000 0.001 0.002 0.004 0.011 0.017 0.015 0.007 0.004 0.003 0.003 0.003 0.002 0.002 0.002 0.002 0.002 0.003 0.004 0.005 0.007 0.011 0.018 0.032 0.058 0.069 0.040 0.015 0.009 0.009 0.009 0.008 0.006 0.007 0.011 0.011 0.003 0.001 0.001 0.001 0.000 0.000 0.000 0.000 0.000 0.000 0.000 0.000 0.000 0.000 0.000 0.000 0.000 0.000 0.000 0.000 0.000 0.000 0.000 0.000 0.000 0.000 0.000 0.000 0.000 0.000 0.000 0.000 0.000 0.000 0.000 0.000 0.000 0.000
0.000 0.000 0.000 0.000 0.001 0.003 0.009 0.019 0.024 0.023 0.013 0.006 0.004 0.003 0.003 0.003 0.002 0.002 0.002 0.002 0.002 0.003 0.004 0.006 0.009 0.014 0.020 0.036 0.053 0.054 0.035 0.015 0.011 0.010 0.008 0.006 0.006 0.010 0.014 0.007 0.002 0.001 0.001 0.001 0.000 0.000 0.000 0.000 0.000 0.000 0.000 0.000 0.000 0.000 0.000 0.000 0.000 0.000 0.000 0.000 0.000 0.000 0.000 0.000 0.000 0.000 0.000 0.000 0.000 0.000 0.000 0.000 0.000 0.000 0.000 0.000 0.000
0.000 0.000 0.000 0.000 0.001 0.004 0.011 0.019 0.022 0.022 0.018 0.010 0.006 0.004 0.003 0.002 0.002 0.002 0.002 0.002 0.002 0.002 0.003 0.005 0.007 0.009 0.014 0.025 0.044 0.053 0.049 0.029 0.017 0.014 0.011 0.007 0.006 0.008 0.013 0.012 0.005 0.002 0.001 0.001 0.000 0.000 0.000 0.000 0.000 0.000 0.000 0.000 0.000 0.000 0.000 0.000 0.000 0.000 0.000 0.000 0.000 0.000 0.000 0.000 0.000 0.000 0.000 0.000 0.000 0.000 0.000 0.000 0.000 0.000 0.000 0.000 0.000
0.000 0.000 0.000 0.000 0.002 0.005 0.010 0.013 0.014 0.015 0.014 0.010 0.006 0.003 0.002 0.002 0.001 0.001 0.001 0.001 0.002 0.002 0.002 0.003 0.004 0.005 0.010 0.020 0.038 0.051 0.052 0.044 0.027 0.020 0.017 0.011 0.007 0.007 0.011 0.015 0.010 0.004 0.002 0.001 0.001 0.000 0.000 0.000 0.000 0.000 0.000 0.000 0.000 0.000 0.000 0.000 0.000 0.000 0.000 0.000 0.000 0.000 0.000 0.000 0.000 0.000 0.000 0.000 0.000 0.000 0.000 0.000 0.000 0.000 0.000 0.000 0.000
0.000 0.000 0.000 0.000 0.002 0.005 0.007 0.008 0.007 0.007 0.007 0.006 0.004 0.003 0.002 0.001 0.001 0.001 0.001 0.001 0.002 0.002 0.002 0.003 0.003 0.004 0.007 0.014 0.027 0.043 0.052 0.053 0.043 0.030 0.024 0.018 0.010 0.008 0.011 0.015 0.013 0.007 0.003 0.001 0.001 0.001 0.000 0.000 0.000 0.000 0.000 0.000 0.000 0.000 0.000 0.000 0.000 0.000 0.000 0.000 0.000 0.000 0.000 0.000 0.000 0.000 0.000 0.000 0.000 0.000 0.000 0.000 0.000 0.000 0.000 0.000 0.000
0.000 0.000 0.000 0.000 0.001 0.004 0.006 0.006 0.005 0.004 0.004 0.004 0.003 0.002 0.002 0.002 0.001 0.001 0.001 0.001 0.002 0.002 0.002 0.002 0.003 0.003 0.004 0.008 0.017 0.032 0.045 0.054 0.056 0.047 0.035 0.027 0.017 0.013 0.013 0.014 0.013 0.010 0.006 0.003 0.002 0.001 0.001 0.000 0.000 0.000 0.000 0.000 0.000 0.000 0.000 0.000 0.000 0.000 0.000 0.000 0.000 0.000 0.000 0.000 0.000 0.000 0.000 0.000 0.000 0.000 0.000 0.000 0.000 0.000 0.000 0.000 0.000
0.000 0.000 0.000 0.000 0.001 0.003 0.005 0.005 0.004 0.003 0.003 0.003 0.003 0.002 0.002 0.001 0.001 0.001 0.001 0.001 0.002 0.002 0.002 0.002 0.002 0.002 0.003 0.005 0.010 0.021 0.034 0.046 0.056 0.058 0.049 0.038 0.029 0.022 0.019 0.015 0.013 0.011 0.009 0.006 0.004 0.002 0.001 0.001 0.000 0.000 0.000 0.000 0.000 0.000 0.000 0.000 0.000 0.000 0.000 0.000 0.000 0.000 0.000 0.000 0.000 0.000 0.000 0.000 0.000 0.000 0.000 0.000 0.000 0.000 0.000 0.000 0.000
0.000 0.000 0.000 0.000 0.001 0.002 0.004 0.004 0.004 0.003 0.003 0.003 0.002 0.002 0.002 0.001 0.001 0.001 0.001 0.001 0.001 0.002 0.002 0.002 0.001 0.001 0.002 0.003 0.006 0.013 0.023 0.033 0.046 0.055 0.056 0.051 0.045 0.038 0.030 0.020 0.014 0.012 0.011 0.009 0.008 0.006 0.003 0.002 0.001 0.000 0.000 0.000 0.000 0.000 0.000 0.000 0.000 0.000 0.000 0.000 0.000 0.000 0.000 0.000 0.000 0.000 0.000 0.000 0.000 0.000 0.000 0.000 0.000 0.000 0.000 0.000 0.000
0.000 0.000 0.000 0.000 0.000 0.001 0.003 0.003 0.003 0.002 0.002 0.002 0.002 0.001 0.001 0.001 0.001 0.001 0.001 0.001 0.001 0.001 0.001 0.002 0.001 0.001 0.001 0.002 0.003 0.008 0.015 0.023 0.031 0.044 0.056 0.060 0.060 0.057 0.049 0.030 0.017 0.013 0.012 0.011 0.010 0.010 0.007 0.003 0.002 0.001 0.000 0.000 0.000 0.000 0.000 0.000 0.000 0.000 0.000 0.000 0.000 0.000 0.000 0.000 0.000 0.000 0.000 0.000 0.000 0.000 0.000 0.000 0.000 0.000 0.000 0.000 0.000
0.000 0.000 0.000 0.000 0.000 0.000 0.001 0.001 0.001 0.001 0.001 0.001 0.001 0.001 0.000 0.000 0.000 0.000 0.000 0.000 0.001 0.001 0.001 0.002 0.002 0.001 0.001 0.002 0.003 0.006 0.012 0.017 0.022 0.032 0.048 0.063 0.068 0.069 0.063 0.046 0.027 0.018 0.014 0.012 0.012 0.013 0.012 0.007 0.003 0.001 0.001 0.000 0.000 0.000 0.000 0.000 0.000 0.000 0.000 0.000 0.000 0.000 0.000 0.000 0.000 0.000 0.000 0.000 0.000 0.000 0.000 0.000 0.000 0.000 0.000 0.000 0.000
0.000 0.000 0.000 0.000 0.000 0.000 0.000 0.000 0.000 0.000 0.000 0.000 0.000 0.000 0.000 0.000 0.000 0.000 0.000 0.000 0.000 0.001 0.001 0.001 0.002 0.001 0.001 0.002 0.003 0.006 0.011 0.014 0.017 0.023 0.036 0.055 0.068 0.070 0.067 0.056 0.042 0.031 0.022 0.016 0.015 0.019 0.023 0.020 0.012 0.004 0.002 0.001 0.000 0.000 0.000 0.000 0.000 0.000 0.000 0.000 0.000 0.000 0.000 0.000 0.000 0.000 0.000 0.000 0.000 0.000 0.000 0.000 0.000 0.000 0.000 0.000 0.000
0.000 0.000 0.000 0.000 0.000 0.000 0.000 0.000 0.000 0.000 0.000 0.000 0.000 0.000 0.000 0.000 0.000 0.000 0.000 0.000 0.000 0.000 0.001 0.001 0.002 0.002 0.001 0.002 0.004 0.007 0.009 0.011 0.013 0.016 0.023 0.036 0.053 0.063 0.064 0.059 0.053 0.045 0.036 0.025 0.023 0.045 0.067 0.065 0.046 0.019 0.007 0.002 0.001 0.001 0.000 0.000 0.000 0.000 0.000 0.000 0.000 0.000 0.000 0.000 0.000 0.000 0.000 0.000 0.000 0.000 0.000 0.000 0.000 0.000 0.000 0.000 0.000
0.000 0.000 0.000 0.000 0.000 0.000 0.000 0.000 0.000 0.000 0.000 0.000 0.000 0.000 0.000 0.000 0.000 0.000 0.000 0.000 0.000 0.000 0.001 0.001 0.001 0.001 0.002 0.003 0.005 0.007 0.008 0.009 0.011 0.013 0.016 0.022 0.031 0.045 0.055 0.059 0.058 0.056 0.048 0.036 0.047 0.121 0.159 0.152 0.115 0.057 0.022 0.008 0.003 0.002 0.001 0.001 0.000 0.000 0.000 0.000 0.000 0.000 0.000 0.000 0.000 0.000 0.000 0.000 0.000 0.000 0.000 0.000 0.000 0.000 0.000 0.000 0.000
0.000 0.000 0.000 0.000 0.000 0.000 0.000 0.000 0.000 0.000 0.000 0.000 0.000 0.000 0.000 0.000 0.000 0.000 0.000 0.000 0.000 0.000 0.001 0.001 0.001 0.001 0.002 0.004 0.006 0.007 0.007 0.008 0.009 0.010 0.013 0.017 0.022 0.031 0.044 0.056 0.061 0.062 0.057 0.050 0.096 0.205 0.236 0.227 0.179 0.099 0.045 0.019 0.010 0.006 0.004 0.002 0.001 0.000 0.000 0.000 0.000 0.000 0.000 0.000 0.000 0.000 0.000 0.000 0.000 0.000 0.000 0.000 0.000 0.000 0.000 0.000 0.000
0.000 0.000 0.000 0.000 0.000 0.000 0.000 0.000 0.000 0.000 0.000 0.000 0.000 0.000 0.000 0.000 0.000 0.000 0.000 0.000 0.000 0.000 0.001 0.001 0.001 0.002 0.003 0.006 0.006 0.006 0.007 0.007 0.008 0.008 0.010 0.013 0.017 0.024 0.034 0.049 0.060 0.063 0.057 0.092 0.219 0.302 0.315 0.292 0.228 0.137 0.071 0.038 0.026 0.018 0.010 0.004 0.002 0.000 0.000 0.000 0.000 0.000 0.000 0.000 0.000 0.000 0.000 0.000 0.000 0.000 0.000 0.000 0.000 0.000 0.000 0.000 0.000
0.000 0.000 0.000 0.000 0.000 0.000 0.000 0.000 0.000 0.000 0.000 0.000 0.000 0.000 0.000 0.000 0.000 0.000 0.000 0.000 0.000 0.001 0.001 0.001 0.001 0.002 0.004 0.006 0.006 0.006 0.006 0.007 0.007 0.007 0.008 0.010 0.013 0.019 0.026 0.038 0.053 0.059 0.080 0.293 0.501 0.505 0.447 0.373 0.290 0.196 0.123 0.080 0.053 0.031 0.016 0.007 0.003 0.001 0.000 0.000 0.000 0.000 0.000 0.000 0.000 0.000 0.000 0.000 0.000 0.000 0.000 0.000 0.000 0.000 0.000 0.000 0.000
0.000 0.000 0.000 0.000 0.000 0.000 0.000 0.000 0.000 0.000 0.000 0.000 0.000 0.000 0.000 0.000 0.000 0.000 0.000 0.000 0.000 0.001 0.001 0.001 0.001 0.002 0.005 0.006 0.006 0.006 0.006 0.007 0.007 0.006 0.006 0.008 0.010 0.014 0.020 0.028 0.039 0.056 0.227 0.602 0.743 0.712 0.624 0.483 0.350 0.247 0.172 0.113 0.067 0.036 0.018 0.008 0.004 0.001 0.000 0.000 0.000 0.000 0.000 0.000 0.000 0.000 0.000 0.000 0.000 0.000 0.000 0.000 0.000 0.000 0.000 0.000 0.000
0.000 0.000 0.000 0.000 0.000 0.000 0.000 0.000 0.000 0.000 0.000 0.000 0.000 0.000 0.000 0.000 0.000 0.000 0.000 0.000 0.001 0.001 0.001 0.001 0.001 0.003 0.005 0.006 0.006 0.006 0.006 0.007 0.006 0.005 0.005 0.006 0.008 0.010 0.014 0.019 0.030 0.105 0.413 0.777 0.866 0.836 0.718 0.544 0.387 0.271 0.183 0.117 0.068 0.036 0.018 0.009 0.004 0.001 0.000 0.000 0.000 0.000 0.000 0.000 0.000 0.000 0.000 0.000 0.000 0.000 0.000 0.000 0.000 0.000 0.000 0.000 0.000
0.000 0.000 0.000 0.000 0.000 0.000 0.000 0.000 0.000 0.000 0.000 0.000 0.000 0.000 0.000 0.000 0.000 0.000 0.000 0.000 0.001 0.001 0.001 0.001 0.002 0.004 0.005 0.006 0.006 0.005 0.006 0.007 0.006 0.005 0.004 0.005 0.006 0.008 0.010 0.016 0.040 0.175 0.528 0.828 0.891 0.859 0.741 0.561 0.397 0.273 0.179 0.111 0.065 0.035 0.018 0.008 0.004 0.001 0.000 0.000 0.000 0.000 0.000 0.000 0.000 0.000 0.000 0.000 0.000 0.000 0.000 0.000 0.000 0.000 0.000 0.000 0.000
0.000 0.000 0.000 0.000 0.000 0.000 0.000 0.000 0.000 0.000 0.000 0.000 0.000 0.000 0.000 0.000 0.000 0.000 0.000 0.001 0.001 0.001 0.001 0.001 0.004 0.005 0.006 0.005 0.005 0.005 0.007 0.007 0.006 0.005 0.004 0.005 0.005 0.007 0.009 0.017 0.065 0.244 0.589 0.847 0.908 0.853 0.734 0.560 0.394 0.265 0.170 0.104 0.060 0.033 0.017 0.009 0.004 0.001 0.000 0.000 0.000 0.000 0.000 0.000 0.000 0.000 0.000 0.000 0.000 0.000 0.000 0.000 0.000 0.000 0.000 0.000 0.000
0.000 0.000 0.000 0.000 0.000 0.000 0.000 0.000 0.000 0.000 0.000 0.000 0.000 0.000 0.000 0.000 0.000 0.000 0.000 0.001 0.001 0.001 0.001 0.003 0.006 0.007 0.007 0.006 0.005 0.006 0.007 0.007 0.006 0.005 0.004 0.004 0.005 0.007 0.013 0.034 0.118 0.334 0.622 0.800 0.837 0.795 0.696 0.542 0.379 0.252 0.159 0.096 0.055 0.030 0.016 0.008 0.004 0.001 0.000 0.000 0.000 0.000 0.000 0.000 0.000 0.000 0.000 0.000 0.000 0.000 0.000 0.000 0.000 0.000 0.000 0.000 0.000
0.000 0.000 0.000 0.000 0.000 0.000 0.000 0.000 0.000 0.000 0.000 0.000 0.000 0.000 0.000 0.000 0.000 0.000 0.001 0.001 0.001 0.001 0.002 0.007 0.010 0.011 0.010 0.009 0.007 0.007 0.007 0.007 0.006 0.006 0.005 0.006 0.009 0.018 0.042 0.098 0.220 0.425 0.618 0.725 0.741 0.698 0.611 0.491 0.349 0.230 0.144 0.086 0.049 0.027 0.015 0.007 0.003 0.001 0.000 0.000 0.000 0.000 0.000 0.000 0.000 0.000 0.000 0.000 0.000 0.000 0.000 0.000 0.000 0.000 0.000 0.000 0.000
