AvaFrame/avaframe/data/avaAlr/Outputs/r_avaflow/bo_results/bo_ascii/bo_tflow_max.asc
ncols 104
nrows 229
xllcenter 255202.08
yllcenter 377301.00
cellsize 20.00
NODATA_value -9999.000
[rows 99 to 131 of 229, columns 0 to 72 of 104]
0.000 0.000 0.000 36.618 82.501 104.393 119.908 126.878 129.154 131.314 119.782 97.761 75.682 54.613 34.817 20.756 11.466 8.441 15.917 190.205 3647.913 29562.734 56028.836 53601.172 37585.145 14356.421 4712.929 2310.152 1595.385 962.346 477.733 216.236 88.277 30.330 8.311 2.365 3.807 5.023 1.479 0.168 0.000 0.000 0.000 0.000 0.000 0.000 0.000 0.000 0.000 0.000 0.000 0.000 0.000 0.000 0.000 0.000 0.000 0.000 0.000 0.000 0.000 0.000 0.000 0.000 0.000 0.000 0.000 0.000 0.000 0.000 0.000 0.000 0.000
0.000 0.000 0.000 39.404 83.317 100.175 97.546 103.666 111.250 92.454 85.783 69.127 44.766 28.407 16.001 9.260 4.624 7.858 12.276 209.013 3432.730 24181.379 59720.559 68660.258 48365.328 18817.225 4795.019 2123.145 1644.498 1218.648 699.123 373.841 191.476 80.804 27.926 8.871 3.234 5.886 1.620 0.253 0.000 0.000 0.000 0.000 0.000 0.000 0.000 0.000 0.000 0.000 0.000 0.000 0.000 0.000 0.000 0.000 0.000 0.000 0.000 0.000 0.000 0.000 0.000 0.000 0.000 0.000 0.000 0.000 0.000 0.000 0.000 0.000 0.000
0.000 0.000 0.000 37.103 75.607 81.796 73.655 77.707 66.129 64.564 59.668 44.134 23.762 13.692 7.580 3.956 3.222 4.588 8.562 118.655 1974.214 14542.941 45936.066 61399.145 52289.730 22569.965 5300.226 2018.667 1582.312 1362.926 890.303 526.266 297.728 153.134 69.415 28.312 9.757 5.589 2.084 0.301 0.025 0.000 0.000 0.000 0.000 0.000 0.000 0.000 0.000 0.000 0.000 0.000 0.000 0.000 0.000 0.000 0.000 0.000 0.000 0.000 0.000 0.000 0.000 0.000 0.000 0.000 0.000 0.000 0.000 0.000 0.000 0.000 0.000
0.000 0.000 0.000 31.237 57.069 60.772 51.486 47.326 38.231 50.236 45.265 26.345 12.056 4.623 2.239 2.401 2.679 3.194 5.216 47.550 771.230 7483.964 31678.035 54437.301 53425.934 22830.055 5176.314 1914.276 1686.774 1429.048 1078.836 676.594 398.424 207.649 107.857 55.194 25.509 9.693 2.253 0.330 0.036 0.000 0.000 0.000 0.000 0.000 0.000 0.000 0.000 0.000 0.000 0.000 0.000 0.000 0.000 0.000 0.000 0.000 0.000 0.000 0.000 0.000 0.000 0.000 0.000 0.000 0.000 0.000 0.000 0.000 0.000 0.000 0.000
0.000 0.000 0.000 24.251 41.453 43.222 36.931 32.118 24.510 36.452 30.493 18.550 6.376 2.090 2.128 2.363 2.402 2.708 3.716 17.787 243.091 3089.763 20422.594 42704.047 45650.301 22516.535 4181.456 1803.791 1737.466 1603.196 1273.253 869.628 510.967 248.525 124.871 77.578 45.949 21.188 4.635 0.724 0.117 0.000 0.000 0.000 0.000 0.000 0.000 0.000 0.000 0.000 0.000 0.000 0.000 0.000 0.000 0.000 0.000 0.000 0.000 0.000 0.000 0.000 0.000 0.000 0.000 0.000 0.000 0.000 0.000 0.000 0.000 0.000 0.000
0.000 0.000 0.000 17.208 29.914 31.566 27.354 22.454 13.802 29.703 37.658 20.077 6.965 1.848 1.607 1.945 2.096 2.305 2.805 7.467 86.345 1594.626 17550.703 38226.426 40219.293 19202.217 2923.534 1561.620 1738.745 1866.020 1494.930 1141.673 667.622 293.353 135.751 90.506 61.676 28.167 5.703 1.071 0.273 0.000 0.000 0.000 0.000 0.000 0.000 0.000 0.000 0.000 0.000 0.000 0.000 0.000 0.000 0.000 0.000 0.000 0.000 0.000 0.000 0.000 0.000 0.000 0.000 0.000 0.000 0.000 0.000 0.000 0.000 0.000 0.000
0.000 0.000 0.000 11.704 20.783 22.012 19.165 14.901 11.265 10.349 31.541 37.084 14.729 4.162 1.408 1.660 1.747 1.940 2.236 3.806 47.636 1439.675 17476.891 38812.430 38962.809 15449.446 1918.229 1246.910 1789.032 2031.843 1662.816 1322.602 798.306 342.857 153.445 105.393 79.354 20.242 6.447 1.246 0.471 0.125 0.000 0.000 0.000 0.000 0.000 0.000 0.000 0.000 0.000 0.000 0.000 0.000 0.000 0.000 0.000 0.000 0.000 0.000 0.000 0.000 0.000 0.000 0.000 0.000 0.000 0.000 0.000 0.000 0.000 0.000 0.000
0.000 0.000 0.000 7.483 13.274 14.233 12.189 8.764 8.669 7.705 7.951 22.574 28.734 11.206 3.105 2.190 1.771 1.807 1.926 2.618 42.140 1382.062 18052.799 36984.145 39531.727 13509.746 1404.092 837.876 1545.270 1941.244 1830.273 1443.235 986.876 474.226 223.117 143.135 90.666 29.976 4.447 1.257 0.659 0.305 0.091 0.000 0.000 0.000 0.000 0.000 0.000 0.000 0.000 0.000 0.000 0.000 0.000 0.000 0.000 0.000 0.000 0.000 0.000 0.000 0.000 0.000 0.000 0.000 0.000 0.000 0.000 0.000 0.000 0.000 0.000
0.000 0.000 0.000 4.464 8.680 8.919 6.804 6.263 6.475 6.053 4.791 8.575 17.507 20.224 8.622 3.518 2.386 2.100 2.092 2.422 51.689 1630.293 17950.350 31823.281 35218.414 17291.844 1709.303 460.439 1107.129 1654.441 1771.559 1508.820 1130.456 674.140 383.980 248.721 106.095 32.260 3.297 0.923 0.633 0.438 0.202 0.000 0.000 0.000 0.000 0.000 0.000 0.000 0.000 0.000 0.000 0.000 0.000 0.000 0.000 0.000 0.000 0.000 0.000 0.000 0.000 0.000 0.000 0.000 0.000 0.000 0.000 0.000 0.000 0.000 0.000
0.000 0.000 0.000 2.784 5.683 6.706 5.488 4.488 4.065 3.529 2.810 4.223 8.969 14.002 14.547 8.785 4.514 3.042 2.598 2.693 70.896 1781.825 15798.783 27974.514 31552.812 17496.188 3228.744 326.763 633.201 1258.417 1650.406 1423.647 1176.518 834.101 642.472 464.095 192.570 39.764 3.771 0.565 0.432 0.429 0.271 0.093 0.000 0.000 0.000 0.000 0.000 0.000 0.000 0.000 0.000 0.000 0.000 0.000 0.000 0.000 0.000 0.000 0.000 0.000 0.000 0.000 0.000 0.000 0.000 0.000 0.000 0.000 0.000 0.000 0.000
0.000 0.000 0.000 1.983 4.597 5.028 4.617 3.814 2.298 3.313 3.929 4.225 5.431 7.766 10.825 10.248 6.995 5.038 4.004 3.785 73.541 1557.071 11531.120 23777.641 27642.367 20479.154 6714.247 644.270 396.195 895.657 1338.051 1420.190 1192.960 908.956 937.619 851.483 412.064 85.815 8.443 0.774 0.309 0.306 0.279 0.132 0.000 0.000 0.000 0.000 0.000 0.000 0.000 0.000 0.000 0.000 0.000 0.000 0.000 0.000 0.000 0.000 0.000 0.000 0.000 0.000 0.000 0.000 0.000 0.000 0.000 0.000 0.000 0.000 0.000
0.000 0.000 0.000 0.865 2.865 4.011 3.366 2.696 1.690 2.764 4.048 5.153 4.318 3.596 5.180 6.773 6.736 5.767 5.432 5.411 66.948 1199.043 8335.264 20913.764 26136.459 23292.895 11267.816 1684.376 418.162 630.112 1169.136 1469.366 1246.744 901.081 1046.780 1168.834 732.916 208.458 25.290 1.857 0.311 0.226 0.220 0.138 0.000 0.000 0.000 0.000 0.000 0.000 0.000 0.000 0.000 0.000 0.000 0.000 0.000 0.000 0.000 0.000 0.000 0.000 0.000 0.000 0.000 0.000 0.000 0.000 0.000 0.000 0.000 0.000 0.000
0.000 0.000 0.000 0.462 1.560 1.759 1.722 1.584 2.052 2.861 4.959 5.630 6.605 4.242 2.588 2.349 4.122 4.719 5.359 5.987 59.987 914.286 6181.001 17332.447 25034.527 24773.469 18075.105 4580.640 907.074 516.314 1016.122 1345.167 1294.275 1028.515 1044.686 1285.648 1009.750 392.837 57.411 4.207 0.683 0.258 0.177 0.118 0.000 0.000 0.000 0.000 0.000 0.000 0.000 0.000 0.000 0.000 0.000 0.000 0.000 0.000 0.000 0.000 0.000 0.000 0.000 0.000 0.000 0.000 0.000 0.000 0.000 0.000 0.000 0.000 0.000
0.000 0.000 0.000 0.306 1.232 1.833 2.363 2.871 3.476 5.333 8.042 8.191 6.275 3.805 2.375 1.205 1.962 2.985 3.958 5.255 54.289 748.426 4622.595 14251.536 23005.074 26259.102 22472.383 11219.484 2874.522 763.032 719.413 1201.960 1436.767 1294.677 1131.083 1168.191 1225.967 625.980 121.261 12.829 3.210 0.517 0.195 0.088 0.000 0.000 0.000 0.000 0.000 0.000 0.000 0.000 0.000 0.000 0.000 0.000 0.000 0.000 0.000 0.000 0.000 0.000 0.000 0.000 0.000 0.000 0.000 0.000 0.000 0.000 0.000 0.000 0.000
0.000 0.000 0.000 0.110 0.608 1.569 2.877 5.294 9.241 11.967 8.993 6.449 4.114 2.466 1.245 0.757 0.946 1.710 2.388 3.551 39.131 532.627 3221.178 10820.494 20005.018 26916.582 27456.240 22834.809 9540.693 2667.025 1007.559 959.774 1348.678 1355.682 1143.406 1273.108 1300.949 1053.177 296.118 27.875 7.075 1.693 0.282 0.080 0.000 0.000 0.000 0.000 0.000 0.000 0.000 0.000 0.000 0.000 0.000 0.000 0.000 0.000 0.000 0.000 0.000 0.000 0.000 0.000 0.000 0.000 0.000 0.000 0.000 0.000 0.000 0.000 0.000
0.000 0.000 0.000 0.000 0.240 1.156 5.630 9.464 12.530 12.290 7.333 4.056 2.476 1.159 0.824 0.623 0.531 0.969 1.346 2.036 19.276 308.179 2126.636 7947.140 15954.828 25773.818 30185.832 28546.395 19286.285 7752.521 3085.402 1440.384 1270.162 1320.084 1186.631 1130.980 1302.405 1465.911 634.946 83.033 9.857 3.996 0.890 0.142 0.000 0.000 0.000 0.000 0.000 0.000 0.000 0.000 0.000 0.000 0.000 0.000 0.000 0.000 0.000 0.000 0.000 0.000 0.000 0.000 0.000 0.000 0.000 0.000 0.000 0.000 0.000 0.000 0.000
0.000 0.000 0.000 0.000 0.232 1.903 4.220 3.975 2.739 6.815 9.014 2.938 1.390 0.796 0.591 0.453 0.398 0.600 0.739 1.060 8.417 138.985 1144.999 4164.156 10653.130 21768.793 34684.434 34813.727 25248.379 14837.191 6033.361 3283.573 1750.819 1406.581 1198.194 957.902 1015.698 1366.230 1055.744 265.483 23.545 7.093 2.187 0.475 0.091 0.000 0.000 0.000 0.000 0.000 0.000 0.000 0.000 0.000 0.000 0.000 0.000 0.000 0.000 0.000 0.000 0.000 0.000 0.000 0.000 0.000 0.000 0.000 0.000 0.000 0.000 0.000 0.000
0.000 0.000 0.000 0.052 0.345 1.271 1.482 0.741 0.183 0.417 2.341 2.902 1.040 0.562 0.213 0.309 0.412 0.398 0.432 0.540 3.142 42.939 463.426 1889.574 6470.195 17539.594 29242.176 38095.047 31704.609 25067.289 11223.771 6539.462 3572.779 2248.693 1499.962 906.280 727.575 1045.777 1368.260 632.116 117.452 12.085 4.499 1.321 0.311 0.000 0.000 0.000 0.000 0.000 0.000 0.000 0.000 0.000 0.000 0.000 0.000 0.000 0.000 0.000 0.000 0.000 0.000 0.000 0.000 0.000 0.000 0.000 0.000 0.000 0.000 0.000 0.000
0.000 0.000 0.000 0.000 0.398 1.215 0.795 0.320 0.048 0.015 0.208 0.341 0.337 0.320 0.224 0.270 0.254 0.268 0.290 0.343 1.363 14.019 141.061 816.242 3142.823 9150.363 19173.625 30599.012 34489.758 27968.779 16628.916 10731.507 6708.982 4111.522 2761.375 1363.910 648.665 663.026 1077.725 891.529 312.303 53.296 10.900 3.353 0.997 0.219 0.000 0.000 0.000 0.000 0.000 0.000 0.000 0.000 0.000 0.000 0.000 0.000 0.000 0.000 0.000 0.000 0.000 0.000 0.000 0.000 0.000 0.000 0.000 0.000 0.000 0.000 0.000
0.000 0.000 0.000 0.000 0.342 1.286 1.742 1.374 0.963 0.460 0.785 0.846 0.402 0.268 0.222 0.194 0.191 0.196 0.219 0.259 0.569 4.544 36.011 244.842 1022.960 3596.699 9226.096 18330.988 27435.973 25501.957 24280.594 16000.247 11588.835 7436.417 4762.776 2916.754 1271.048 532.188 719.980 800.673 480.812 193.141 51.922 11.489 3.217 0.893 0.187 0.000 0.000 0.000 0.000 0.000 0.000 0.000 0.000 0.000 0.000 0.000 0.000 0.000 0.000 0.000 0.000 0.000 0.000 0.000 0.000 0.000 0.000 0.000 0.000 0.000 0.000
0.000 0.000 0.000 0.000 0.211 0.906 1.408 1.668 1.259 0.844 0.561 0.479 0.332 0.269 0.204 0.183 0.170 0.160 0.172 0.214 0.282 1.491 9.633 58.311 293.671 1250.877 3802.118 10082.535 19462.037 24866.746 21712.812 19861.867 18575.930 13178.342 8732.322 5689.539 3627.976 1405.373 522.673 617.953 513.151 347.097 196.244 62.656 16.336 3.610 0.835 0.147 0.000 0.000 0.000 0.000 0.000 0.000 0.000 0.000 0.000 0.000 0.000 0.000 0.000 0.000 0.000 0.000 0.000 0.000 0.000 0.000 0.000 0.000 0.000 0.000 0.000
0.000 0.000 0.000 0.000 0.152 0.764 1.223 1.514 1.066 0.670 0.393 0.325 0.300 0.240 0.184 0.166 0.159 0.149 0.148 0.176 0.246 0.487 2.620 14.656 83.677 404.954 1776.547 5921.851 12359.306 17657.879 19757.949 19629.457 17668.885 17294.531 12977.602 9441.995 7091.263 4135.646 1611.592 605.948 462.347 395.816 349.776 202.191 74.950 17.348 2.639 0.421 0.049 0.000 0.000 0.000 0.000 0.000 0.000 0.000 0.000 0.000 0.000 0.000 0.000 0.000 0.000 0.000 0.000 0.000 0.000 0.000 0.000 0.000 0.000 0.000 0.000
0.000 0.000 0.000 0.000 0.157 0.776 1.228 1.416 1.044 0.585 0.274 0.297 0.313 0.227 0.167 0.147 0.145 0.138 0.136 0.143 0.173 0.201 0.804 3.683 20.729 115.699 719.174 3220.493 7551.268 13177.030 16502.973 14484.434 16152.349 15660.045 14128.746 13003.383 11614.520 8332.984 4554.969 1889.143 580.481 460.107 410.990 313.786 191.584 64.325 9.627 1.089 0.174 0.000 0.000 0.000 0.000 0.000 0.000 0.000 0.000 0.000 0.000 0.000 0.000 0.000 0.000 0.000 0.000 0.000 0.000 0.000 0.000 0.000 0.000 0.000 0.000
0.000 0.000 0.000 0.000 0.148 0.788 1.181 1.131 0.912 0.523 0.330 0.377 0.324 0.246 0.170 0.137 0.128 0.132 0.117 0.123 0.115 0.138 0.331 1.350 5.484 34.964 234.312 1317.228 4356.843 8352.562 11357.602 11329.108 10576.495 11867.517 13045.762 14480.957 15399.938 12633.866 8980.327 4789.256 2163.598 751.829 555.227 419.828 279.974 154.380 34.450 3.769 0.533 0.100 0.000 0.000 0.000 0.000 0.000 0.000 0.000 0.000 0.000 0.000 0.000 0.000 0.000 0.000 0.000 0.000 0.000 0.000 0.000 0.000 0.000 0.000 0.000
0.000 0.000 0.000 0.000 0.148 0.686 0.986 0.935 0.734 0.643 0.442 0.377 0.356 0.285 0.178 0.141 0.126 0.121 0.110 0.110 0.135 0.130 0.160 0.572 2.020 11.121 76.969 527.984 2186.599 4338.329 6914.471 7133.090 7107.050 7863.178 9681.258 13941.319 15239.421 15314.900 12036.231 8456.395 4929.178 2410.372 1064.879 555.776 385.531 249.250 84.123 12.254 1.386 0.265 0.000 0.000 0.000 0.000 0.000 0.000 0.000 0.000 0.000 0.000 0.000 0.000 0.000 0.000 0.000 0.000 0.000 0.000 0.000 0.000 0.000 0.000 0.000
0.000 0.000 0.000 0.000 0.113 0.564 0.808 0.738 0.820 0.609 0.458 0.372 0.344 0.280 0.183 0.139 0.130 0.119 0.115 0.115 0.119 0.144 0.130 0.257 0.931 3.943 31.697 226.475 997.732 2486.843 4140.133 5104.818 5056.616 5404.419 7862.751 11444.753 14525.134 14917.943 13420.126 10488.472 7742.274 4929.616 2618.673 1198.689 619.456 377.779 168.042 31.320 7.324 1.515 0.237 0.069 0.000 0.000 0.000 0.000 0.000 0.000 0.000 0.000 0.000 0.000 0.000 0.000 0.000 0.000 0.000 0.000 0.000 0.000 0.000 0.000 0.000
0.000 0.000 0.000 0.000 0.000 0.299 0.661 0.691 0.565 0.527 0.427 0.356 0.323 0.258 0.178 0.145 0.135 0.136 0.130 0.133 0.127 0.123 0.115 0.180 0.427 1.914 13.957 115.579 580.704 1570.043 2614.760 3624.142 3998.284 4772.937 6613.960 8827.392 11438.424 13136.434 12489.104 11009.200 8778.195 6234.839 3995.628 2278.909 1387.203 848.383 349.460 107.216 24.071 6.669 2.245 0.512 0.205 0.149 0.119 0.000 0.000 0.000 0.000 0.000 0.000 0.000 0.000 0.000 0.000 0.000 0.000 0.000 0.000 0.000 0.000 0.000 0.000
0.000 0.000 0.000 0.000 0.000 0.000 0.437 0.604 0.489 0.464 0.408 0.346 0.314 0.254 0.181 0.149 0.134 0.142 0.145 0.132 0.130 0.123 0.122 0.152 0.267 1.438 10.540 69.039 417.664 1037.085 1768.627 2536.522 3109.009 3935.052 5317.815 6914.265 8387.978 9815.953 10548.283 9964.766 8799.915 6878.278 4825.417 3492.431 2345.001 1617.806 837.408 277.654 58.038 9.759 2.599 2.670 2.171 1.793 0.933 0.268 0.047 0.000 0.000 0.000 0.000 0.000 0.000 0.000 0.000 0.000 0.000 0.000 0.000 0.000 0.000 0.000 0.000
0.000 0.000 0.000 0.000 0.000 0.000 0.310 0.674 0.454 0.382 0.419 0.380 0.330 0.287 0.212 0.155 0.144 0.144 0.149 0.124 0.115 0.127 0.128 0.132 0.330 1.875 10.396 71.649 362.323 829.201 1385.070 1952.882 2566.999 3084.760 3827.424 4513.271 5386.974 6661.050 7929.469 8606.689 8388.551 7102.583 5736.167 4623.347 3260.359 2127.111 1217.379 378.600 77.177 11.521 2.884 7.790 7.085 5.393 2.265 0.484 0.179 0.050 0.000 0.000 0.000 0.000 0.000 0.000 0.000 0.000 0.000 0.000 0.000 0.000 0.000 0.000 0.000
0.000 0.000 0.000 0.000 0.000 0.000 0.214 0.561 0.477 0.340 0.396 0.429 0.356 0.337 0.286 0.189 0.156 0.164 0.154 0.119 0.098 0.104 0.131 0.117 0.470 2.885 15.000 84.985 328.574 672.986 1013.669 1353.998 1547.110 1941.372 2322.069 2950.859 3703.194 4504.843 5627.653 6770.155 7517.314 7378.647 6791.878 6139.513 4741.338 2897.022 1264.384 433.660 84.041 15.436 13.732 10.474 8.586 2.253 0.411 0.337 0.216 0.238 0.050 0.000 0.000 0.000 0.000 0.000 0.000 0.000 0.000 0.000 0.000 0.000 0.000 0.000 0.000
0.000 0.000 0.000 0.000 0.000 0.000 0.142 0.416 0.484 0.352 0.362 0.384 0.380 0.395 0.346 0.249 0.171 0.147 0.136 0.090 0.052 0.000 0.098 0.114 0.889 4.713 24.940 96.895 281.063 529.939 753.580 959.042 1168.471 1197.790 1527.881 2112.104 2665.905 3317.872 4175.949 5191.214 6420.940 7177.315 7239.694 7590.494 6828.852 4449.276 1747.793 514.696 105.666 23.026 14.866 16.964 4.185 0.213 0.004 0.247 0.217 0.311 0.132 0.000 0.000 0.000 0.000 0.000 0.000 0.000 0.000 0.000 0.000 0.000 0.000 0.000 0.000
0.000 0.000 0.000 0.000 0.000 0.000 0.000 0.307 0.444 0.395 0.364 0.369 0.388 0.439 0.416 0.331 0.206 0.117 0.037 0.034 0.000 0.000 0.092 0.338 1.183 8.070 33.721 102.308 234.633 415.300 582.641 718.302 814.450 789.766 1004.986 1353.378 1873.424 2558.437 3214.000 4109.769 5326.856 6113.209 6977.875 7997.762 7193.484 5667.227 2674.058 823.929 163.360 29.682 16.923 9.932 0.884 0.020 0.001 0.000 0.075 0.170 0.116 0.000 0.000 0.000 0.000 0.000 0.000 0.000 0.000 0.000 0.000 0.000 0.000 0.000 0.000
0.000 0.000 0.000 0.000 0.000 0.000 0.000 0.113 0.278 0.341 0.353 0.385 0.378 0.408 0.439 0.343 0.169 0.026 0.000 0.000 0.000 0.000 0.097 0.710 3.185 14.568 39.556 96.714 196.298 342.126 491.143 599.350 627.081 533.814 617.508 926.947 1353.077 1808.638 2379.929 3181.745 4012.664 4508.365 6103.349 7554.688 6898.911 5783.116 3331.165 1163.067 277.617 52.200 7.705 0.583 0.020 0.006 0.000 0.024 0.241 0.132 0.066 0.000 0.000 0.000 0.000 0.000 0.000 0.000 0.000 0.000 0.000 0.000 0.000 0.000 0.000
