AvaFrame/avaframe/data/avaBowl/Avaflow_Input_old_s/DEM.asc
ncols        200
nrows        200
xllcorner    997.500000000000
yllcorner    -4997.500000000000
cellsize     25.000000000000
NODATA_value  -9999
[rows 57 to 75 of 200, columns 0 to 42 of 200]
2500 2500 2500 2500 2500 2500 2500 2500 2500 2500 2186.671142578125 2042.233642578125 1934.6019287109375 1845.3626708984375 1767.76025390625 1698.4078369140625 1635.3179931640625 1577.205322265625 1523.18115234375 1472.600341796875 1424.9766845703125 1379.9329833984375 1337.16943359375 1296.4427490234375 1257.5528564453125 1220.33203125 1184.6387939453125 1150.3519287109375 1117.36669921875 1085.592041015625 1054.9481201171875 1025.364501953125 996.7784423828125 969.13421630859375 942.38165283203125 916.4754638671875 891.37481689453125 867.04254150390625 843.44482421875 820.5506591796875 798.33172607421875 776.76177978515625 755.81683349609375
2500 2500 2500 2500 2500 2500 2500 2500 2500 2304.61572265625 2111.670166015625 1987.9697265625 1889.8360595703125 1806.3321533203125 1732.6669921875 1666.2283935546875 1605.4051513671875 1549.1187744140625 1496.605712890625 1447.3011474609375 1400.77294921875 1356.6824951171875 1314.7574462890625 1274.7755126953125 1236.5523681640625 1199.9327392578125 1164.78466796875 1130.994873046875 1098.465087890625 1067.109619140625 1036.8526611328125 1007.62774658203125 979.3751220703125 952.04168701171875 925.5794677734375 899.9453125 875.0999755859375 851.00787353515625 827.63641357421875 804.95574951171875 782.93853759765625 761.55963134765625 740.795654296875
2500 2500 2500 2500 2500 2500 2500 2500 2500 2200.7509765625 2050.361328125 1940.044677734375 1849.0968017578125 1770.23974609375 1699.890625 1635.96875 1577.1375732421875 1522.4776611328125 1471.3236083984375 1423.176025390625 1377.6475830078125 1334.4315185546875 1293.279296875 1253.986328125 1216.382080078125 1180.322021484375 1145.682861328125 1112.358154296875 1080.2552490234375 1049.2933349609375 1019.40045166015625 990.5133056640625 962.5751953125 935.53521728515625 909.34759521484375 883.97088623046875 859.36749267578125 835.5030517578125 812.3463134765625 789.868408203125 768.04302978515625 746.845703125 726.25396728515625
2500 2500 2500 2500 2500 2500 2500 2500 2339.376220703125 2126.268798828125 1997.705322265625 1896.9453125 1811.668701171875 1736.66845703125 1669.1571044921875 1607.4334716796875 1550.3685302734375 1497.16650390625 1447.24169921875 1400.147705078125 1355.5350341796875 1313.1239013671875 1272.6859130859375 1234.031982421875 1197.00341796875 1161.46533203125 1127.3018798828125 1094.4129638671875 1062.7109375 1032.118896484375 1002.56884765625 974.00030517578125 946.359130859375 919.5965576171875 893.66876220703125 868.53594970703125 844.161865234375 820.51348876953125 797.560546875 775.275390625 753.63232421875 732.60784912109375 712.18011474609375
2500 2500 2500 2500 2500 2500 2500 2500 2226.732666015625 2065.776611328125 1951.205810546875 1857.699462890625 1777.037353515625 1705.298828125 1640.2470703125 1580.4620361328125 1524.974365234375 1473.087158203125 1424.279296875 1378.1488037109375 1334.3778076171875 1292.7095947265625 1252.9334716796875 1214.87353515625 1178.3817138671875 1143.331298828125 1109.6134033203125 1077.1331787109375 1045.8077392578125 1015.5640869140625 986.33721923828125 958.06939697265625 930.708740234375 904.20867919921875 878.52691650390625 853.62518310546875 829.4686279296875 806.025390625 783.26617431640625 761.1641845703125 739.69464111328125 718.83465576171875 698.56304931640625
2500 2500 2500 2500 2500 2500 2500 2415.294677734375 2150.285888671875 2014.0216064453125 1909.4071044921875 1821.6380615234375 1744.81787109375 1675.8792724609375 1612.9825439453125 1554.920654296875 1500.850341796875 1450.15478515625 1402.3662109375 1357.119873046875 1314.124755859375 1273.144287109375 1233.982666015625 1196.4759521484375 1160.485107421875 1125.8912353515625 1092.591064453125 1060.494873046875 1029.52392578125 999.6083984375 970.6864013671875 942.70263671875 915.60736083984375 889.355712890625 863.9071044921875 839.224609375 815.27447509765625 792.02606201171875 769.450927734375 747.523193359375 726.21875 705.515380859375 685.392578125
2500 2500 2500 2500 2500 2500 2500 2268.59130859375 2089.29931640625 1968.4456787109375 1871.3704833984375 1788.2767333984375 1714.71337890625 1648.207763671875 1587.2158203125 1530.6961669921875 1477.9066162109375 1428.2957763671875 1381.440673828125 1337.0081787109375 1294.7303466796875 1254.3876953125 1215.7979736328125 1178.807373046875 1143.2852783203125 1109.1190185546875 1076.2110595703125 1044.47607421875 1013.8388671875 984.23284912109375 955.59881591796875 927.88360595703125 901.0394287109375 875.0230712890625 849.79547119140625 825.3209228515625 801.56689453125 778.5035400390625 756.103515625 734.34149169921875 713.1942138671875 692.64007568359375 672.6590576171875
2500 2500 2500 2500 2500 2500 2500 2185.874267578125 2037.6148681640625 1927.5709228515625 1836.448974609375 1757.251708984375 1686.4891357421875 1622.1190185546875 1562.8233642578125 1507.692138671875 1456.065185546875 1407.4456787109375 1361.4482421875 1317.7669677734375 1276.153564453125 1236.4039306640625 1198.34716796875 1161.8389892578125 1126.755615234375 1092.99072265625 1060.451416015625 1029.056396484375 998.73388671875 969.4200439453125 941.05804443359375 913.59686279296875 886.99041748046875 861.19708251953125 836.1790771484375 811.9019775390625 788.33416748046875 765.44671630859375 743.213134765625 721.60888671875 700.6112060546875 680.19915771484375 660.353271484375
2500 2500 2500 2500 2500 2500 2338.213134765625 2122.442138671875 1992.383056640625 1890.450927734375 1804.173095703125 1728.2811279296875 1659.955322265625 1597.4757080078125 1539.7005615234375 1485.825439453125 1435.25830078125 1387.5477294921875 1342.3406982421875 1299.3543701171875 1258.35791015625 1219.160400390625 1181.601318359375 1145.54443359375 1110.87255859375 1077.484619140625 1045.2921142578125 1014.2174072265625 984.191650390625 955.15374755859375 927.0489501953125 899.828125 873.4468994140625 847.864990234375 823.0458984375 798.9561767578125 775.5653076171875 752.84515380859375 730.76995849609375 709.3157958984375 688.4605712890625 668.1839599609375 648.46685791015625
2500 2500 2500 2500 2500 2500 2237.702392578125 2069.680419921875 1952.003662109375 1856.4356689453125 1774.1900634765625 1701.1414794921875 1634.9566650390625 1574.16259765625 1517.7576904296875 1465.024169921875 1415.4263916015625 1368.5517578125 1324.0748291015625 1281.7327880859375 1241.3101806640625 1202.627685546875 1165.5338134765625 1129.899658203125 1095.614013671875 1062.5804443359375 1030.7144775390625 999.941650390625 970.19610595703125 941.4189453125 913.55743408203125 886.564208984375 860.3963623046875 835.0150146484375 810.3846435546875 786.47296142578125 763.25018310546875 740.68902587890625 718.76446533203125 697.45318603515625 676.73370361328125 656.5860595703125 636.99169921875
2500 2500 2500 2500 2500 2500 2168.07373046875 2024.02734375 1915.47021484375 1825.0555419921875 1746.2261962890625 1675.6517333984375 1611.3634033203125 1552.0811767578125 1496.917236328125 1445.22509765625 1396.516845703125 1350.4130859375 1306.6119384765625 1264.868408203125 1224.9803466796875 1186.77880859375 1150.120361328125 1114.8826904296875 1080.9598388671875 1048.2596435546875 1016.7012939453125 986.21337890625 956.73236083984375 928.20166015625 900.5704345703125 873.79278564453125 847.82720947265625 822.635986328125 798.184814453125 774.442138671875 751.37908935546875 728.96923828125 707.18798828125 686.0126953125 665.42236328125 645.39764404296875 625.92022705078125
2500 2500 2500 2500 2500 2319.23779296875 2112.314453125 1983.5941162109375 1882.100341796875 1795.9581298828125 1720.0640869140625 1651.6634521484375 1589.06640625 1531.1475830078125 1477.1119384765625 1426.3729248046875 1378.483154296875 1333.0916748046875 1289.9173583984375 1248.7305908203125 1209.34130859375 1171.58935546875 1135.3388671875 1100.4732666015625 1066.8914794921875 1034.5052490234375 1003.23681640625 973.0177001953125 943.78662109375 915.489013671875 888.07568359375 861.502197265625 835.7283935546875 810.71759033203125 786.43646240234375 762.8543701171875 739.94317626953125 717.67706298828125 696.03216552734375 674.986328125 654.51904296875 634.611328125 615.245361328125
2500 2500 2500 2500 2500 2232.51171875 2065.057373046875 1947.2342529296875 1851.4053955078125 1768.8707275390625 1695.528076171875 1629.05224609375 1567.97265625 1511.2886962890625 1458.28271484375 1408.4185791015625 1361.2835693359375 1316.5516357421875 1273.9595947265625 1233.2916259765625 1194.367919921875 1157.036865234375 1121.1689453125 1086.6529541015625 1053.391845703125 1021.30126953125 990.30633544921875 960.3409423828125 931.34613037109375 903.26898193359375 876.0618896484375 849.68182373046875 824.08978271484375 799.25018310546875 775.13043212890625 751.7008056640625 728.9339599609375 706.80450439453125 685.289306640625 664.3665771484375 644.01641845703125 624.22015380859375 604.96044921875
2500 2500 2500 2500 2500 2169.58349609375 2023.7647705078125 1914.1885986328125 1823.0213623046875 1743.5775146484375 1672.4735107421875 1607.713623046875 1548.0020751953125 1492.4410400390625 1440.37744140625 1391.318359375 1344.8809814453125 1300.7606201171875 1258.7103271484375 1218.5262451171875 1180.037841796875 1143.1009521484375 1107.592041015625 1073.4044189453125 1040.4453125 1008.6331787109375 977.89617919921875 948.17041015625 919.39886474609375 891.53021240234375 864.5184326171875 838.3216552734375 812.90191650390625 788.224609375 764.258056640625 740.9732666015625 718.34344482421875 696.343994140625 674.9520263671875 654.14654541015625 633.9078369140625 614.2176513671875 595.05908203125
2500 2500 2500 2500 2336.675048828125 2118.48974609375 1986.994140625 1883.9237060546875 1796.668701171875 1719.90380859375 1650.77978515625 1587.5582275390625 1529.08544921875 1474.548828125 1423.35009765625 1375.0333251953125 1329.24169921875 1285.689453125 1244.1436767578125 1204.411376953125 1166.3302001953125 1129.7628173828125 1094.5908203125 1060.7120361328125 1028.0369873046875 996.4874267578125 965.99383544921875 936.49432373046875 907.9337158203125 880.26239013671875 853.4354248046875 827.41217041015625 802.15576171875 777.6324462890625 753.811279296875 730.6639404296875 708.16436767578125 686.288330078125 665.01361083984375 644.31951904296875 624.18682861328125 604.59765625 585.53533935546875
2500 2500 2500 2500 2251.404052734375 2074.941162109375 1953.83154296875 1856.04736328125 1772.1263427734375 1697.7064208984375 1630.3448486328125 1568.50927734375 1511.162353515625 1457.56298828125 1407.15966796875 1359.528564453125 1314.3355712890625 1271.3116455078125 1230.2362060546875 1190.9259033203125 1153.22607421875 1117.0050048828125 1082.1495361328125 1048.56103515625 1016.15362548828125 984.85150146484375 954.58746337890625 925.3016357421875 896.9404296875 869.45562744140625 842.8035888671875 816.94476318359375 791.84307861328125 767.46575927734375 743.782470703125 720.765625 698.38958740234375 676.630859375 655.467529296875 634.87933349609375 614.84747314453125 595.3543701171875 576.38360595703125
2500 2500 2500 2500 2190.686279296875 2036.8045654296875 1923.65380859375 1830.26123046875 1749.217041015625 1676.86572265625 1611.0821533203125 1550.5001220703125 1494.179443359375 1441.439697265625 1391.7694091796875 1344.772705078125 1300.1353759765625 1257.6031494140625 1216.9664306640625 1178.0506591796875 1140.7078857421875 1104.8118896484375 1070.2535400390625 1036.9381103515625 1004.78265380859375 973.71368408203125 943.6661376953125 914.58209228515625 886.4093017578125 859.100830078125 832.61431884765625 806.9111328125 781.9560546875 757.717041015625 734.16448974609375 711.27142333984375 689.0126953125 667.36529541015625 646.3077392578125 625.8201904296875 605.88409423828125 586.4822998046875 567.5986328125
2500 2500 2500 2409.584228515625 2141.81005859375 2002.8330078125 1896.0133056640625 1806.3321533203125 1727.79541015625 1657.2811279296875 1592.916748046875 1533.47265625 1478.0899658203125 1426.14013671875 1377.146484375 1330.7374267578125 1286.6163330078125 1244.5418701171875 1204.3148193359375 1165.76806640625 1128.7596435546875 1093.16845703125 1058.8892822265625 1025.8306884765625 993.912353515625 963.0631103515625 933.2198486328125 904.326171875 876.331298828125 849.1895751953125 822.85955810546875 797.3035888671875 772.48736572265625 748.37933349609375 724.95068359375 702.1749267578125 680.0274658203125 658.48565673828125 637.52850341796875 617.136474609375 597.2913818359375 577.976318359375 559.1754150390625
2500 2500 2500 2301.128173828125 2100.406494140625 1972.2216796875 1870.57568359375 1784.073974609375 1707.7406005859375 1638.8670654296875 1575.7840576171875 1517.3759765625 1462.8524169921875 1411.629638671875 1363.26123046875 1317.39697265625 1273.7557373046875 1232.1080322265625 1192.263427734375 1154.0616455078125 1117.36669921875 1082.0614013671875 1048.04443359375 1015.227294921875 983.53204345703125 952.8897705078125 923.23907470703125 894.52496337890625 866.6981201171875 839.7138671875 813.53179931640625 788.11505126953125 763.43011474609375 739.44610595703125 716.13482666015625 693.47015380859375 671.42816162109375 649.98651123046875 629.12451171875 608.8231201171875 589.06439208984375 569.83160400390625 551.10931396484375
