AvaFrame/avaframe/data/avaBowl/Avaflow_Input_old_s/DEM.asc
ncols        200
nrows        200
xllcorner    997.500000000000
yllcorner    -4997.500000000000
cellsize     25.000000000000
NODATA_value  -9999
[rows 0 to 18 of 200, columns 86 to 128 of 200]
2500 2500 2500 2500 2500 2439.378173828125 2382.526611328125 2349.417724609375 2325.93115234375 2308.492919921875 2295.549560546875 2286.282958984375 2280.227294921875 2277.12109375 2276.8408203125 2279.3759765625 2284.82568359375 2293.420654296875 2305.577880859375 2322.025390625 2344.115478515625 2374.800048828125 2423.84228515625 2500 2500 2500 2500 2500 2500 2500 2500 2500 2500 2500 2500 2500 2500 2500 2500 2500 2500 2500 2500
2258.80517578125 2226.96142578125 2200.542236328125 2178.208251953125 2159.155517578125 2142.858642578125 2128.9541015625 2117.181396484375 2107.348876953125 2099.31298828125 2092.968017578125 2088.235595703125 2085.060302734375 2083.40673828125 2083.256591796875 2084.608642578125 2087.477294921875 2091.89453125 2097.91162109375 2105.601806640625 2115.06494140625 2126.43603515625 2139.895751953125 2155.689208984375 2174.155029296875 2195.77978515625 2221.297607421875 2251.9072265625 2289.821533203125 2340.15625 2424.66748046875 2500 2500 2500 2500 2500 2500 2500 2500 2500 2500 2500 2500
2074.794189453125 2055.9560546875 2039.23974609375 2024.42138671875 2011.328369140625 1999.8250732421875 1989.803955078125 1981.17919921875 1973.8822021484375 1967.858154296875 1963.064208984375 1959.4678955078125 1957.045166015625 1955.7803955078125 1955.66552734375 1956.699951171875 1958.8900146484375 1962.25 1966.8021240234375 1972.5770263671875 1979.615478515625 1987.9697265625 1997.705322265625 2008.904296875 2021.6695556640625 2036.13037109375 2052.451171875 2070.84375 2091.58837890625 2115.06494140625 2141.81005859375 2172.6240234375 2208.795654296875 2252.664306640625 2309.474365234375 2399.12890625 2500 2500 2500 2500 2500 2500 2500
1950.2955322265625 1935.59765625 1922.3538818359375 1910.46630859375 1899.8541259765625 1890.450927734375 1882.2015380859375 1875.06005859375 1868.9888916015625 1863.95751953125 1859.94140625 1856.9215087890625 1854.8837890625 1853.8189697265625 1853.72216796875 1854.5931396484375 1856.4356689453125 1859.25830078125 1863.07373046875 1867.9002685546875 1873.76123046875 1880.6859130859375 1888.7103271484375 1897.8787841796875 1908.244140625 1919.8707275390625 1932.8360595703125 1947.2342529296875 1963.1806640625 1980.8179931640625 2000.3250732421875 2021.930908203125 2045.93505859375 2072.7412109375 2102.9169921875 2137.3017578125 2177.238525390625 2225.136474609375 2286.282958984375 2379.376708984375 2500 2500 2500
1850.15380859375 1837.674560546875 1826.3531494140625 1816.13232421875 1806.9632568359375 1798.8045654296875 1791.62158203125 1785.384765625 1780.0694580078125 1775.655517578125 1772.1263427734375 1769.4693603515625 1767.6749267578125 1766.7366943359375 1766.6514892578125 1767.4189453125 1769.041748046875 1771.5255126953125 1774.8792724609375 1779.1151123046875 1784.2486572265625 1790.29931640625 1797.291015625 1805.2518310546875 1814.2158203125 1824.22265625 1835.319580078125 1847.562255859375 1861.0164794921875 1875.760498046875 1891.88818359375 1909.512939453125 1928.773193359375 1949.8409423828125 1972.9326171875 1998.3277587890625 2026.3968505859375 2057.6484375 2092.814453125 2133.01904296875 2180.15625 2237.94091796875 2316.15234375
1764.35400390625 1753.3072509765625 1743.2470703125 1734.134521484375 1725.93603515625 1718.623046875 1712.170654296875 1706.55810546875 1701.767578125 1697.7843017578125 1694.5963134765625 1692.1943359375 1690.5711669921875 1689.7222900390625 1689.6451416015625 1690.339599609375 1691.8076171875 1694.0533447265625 1697.08349609375 1700.90673828125 1705.5347900390625 1710.9815673828125 1717.264404296875 1724.4034423828125 1732.422607421875 1741.349853515625 1751.2176513671875 1762.063720703125 1773.9317626953125 1786.873046875 1800.947021484375 1816.2237548828125 1832.78564453125 1850.731201171875 1870.1785888671875 1891.2718505859375 1914.1885986328125 1939.1524658203125 1966.4505615234375 1996.4625244140625 2029.70751953125 2066.9296875 2109.263427734375
1688.3350830078125 1678.3096923828125 1669.1571044921875 1660.8486328125 1653.359619140625 1646.6683349609375 1640.756103515625 1635.607177734375 1631.207763671875 1627.5465087890625 1624.6143798828125 1622.40380859375 1620.9095458984375 1620.1278076171875 1620.0567626953125 1620.6962890625 1622.0478515625 1624.11474609375 1626.902099609375 1630.416748046875 1634.667724609375 1639.665771484375 1645.424072265625 1651.9581298828125 1659.2860107421875 1667.4287109375 1676.4102783203125 1686.2586669921875 1697.005615234375 1708.687744140625 1721.3472900390625 1735.03271484375 1749.800048828125 1765.714599609375 1782.8529052734375 1801.3048095703125 1821.177490234375 1842.599853515625 1865.728759765625 1890.7586669921875 1917.9346923828125 1947.573486328125 1980.09619140625
1619.559814453125 1610.30908203125 1601.84912109375 1594.1578369140625 1587.2158203125 1581.0059814453125 1575.513671875 1570.72607421875 1566.6324462890625 1563.2236328125 1560.4921875 1558.43212890625 1557.0391845703125 1556.3104248046875 1556.2442626953125 1556.8404541015625 1558.100341796875 1560.026611328125 1562.623291015625 1565.8961181640625 1569.8521728515625 1574.5001220703125 1579.8505859375 1585.915771484375 1592.7100830078125 1600.25 1608.5545654296875 1617.6451416015625 1627.5465087890625 1638.28662109375 1649.8970947265625 1662.4141845703125 1675.8792724609375 1690.339599609375 1705.8494873046875 1722.471923828125 1740.2796630859375 1759.3583984375 1779.80908203125 1801.752197265625 1825.3333740234375 1850.731201171875 1878.16796875
1556.44287109375 1547.80517578125 1539.8958740234375 1532.697021484375 1526.1929931640625 1520.3699951171875 1515.2158203125 1510.719970703125 1506.8736572265625 1503.669189453125 1501.1005859375 1499.162841796875 1497.852294921875 1497.16650390625 1497.104248046875 1497.665283203125 1498.8507080078125 1500.6627197265625 1503.1048583984375 1506.181640625 1509.8990478515625 1514.2642822265625 1519.2860107421875 1524.974365234375 1531.3411865234375 1538.3997802734375 1546.1656494140625 1554.6561279296875 1563.8909912109375 1573.892578125 1584.685791015625 1596.29931640625 1608.764892578125 1622.1190185546875 1636.40283203125 1651.6634521484375 1667.954345703125 1685.3375244140625 1703.8843994140625 1723.6785888671875 1744.81787109375 1767.4189453125 1791.62158203125
1497.9146728515625 1489.7772216796875 1482.31884765625 1475.5245361328125 1469.3812255859375 1463.87744140625 1459.0029296875 1454.748779296875 1451.107666015625 1448.0732421875 1445.6400146484375 1443.803955078125 1442.56201171875 1441.912109375 1441.85302734375 1442.384765625 1443.5081787109375 1445.22509765625 1447.53857421875 1450.4525146484375 1453.9718017578125 1458.1026611328125 1462.8524169921875 1468.229736328125 1474.244140625 1480.9072265625 1488.231689453125 1496.2320556640625 1504.9246826171875 1514.32763671875 1524.461669921875 1535.349853515625 1547.017822265625 1559.494873046875 1572.8133544921875 1587.0103759765625 1602.1275634765625 1618.2120361328125 1635.3179931640625 1653.5072021484375 1672.851318359375 1693.4332275390625 1715.350341796875
1443.21240234375 1435.4930419921875 1428.412353515625 1421.957763671875 1416.1180419921875 1410.8834228515625 1406.2449951171875 1402.1953125 1398.72802734375 1395.83740234375 1393.51904296875 1391.7694091796875 1390.585693359375 1389.9661865234375 1389.909912109375 1390.416748046875 1391.4874267578125 1393.123779296875 1395.328125 1398.1038818359375 1401.45556640625 1405.38818359375 1409.908203125 1415.0230712890625 1420.740966796875 1427.07177734375 1434.0262451171875 1441.6168212890625 1449.857177734375 1458.7626953125 1468.350830078125 1478.640625 1489.653564453125 1501.4134521484375 1513.947265625 1527.28466796875 1541.45947265625 1556.5091552734375 1572.4764404296875 1589.4095458984375 1607.3634033203125 1626.401123046875 1646.5950927734375
1391.7694091796875 1384.406005859375 1377.6475830078125 1371.4832763671875 1365.9034423828125 1360.8995361328125 1356.4638671875 1352.58984375 1349.27197265625 1346.5052490234375 1344.285888671875 1342.6107177734375 1341.477294921875 1340.8839111328125 1340.830078125 1341.3154296875 1342.3406982421875 1343.907470703125 1346.017822265625 1348.6746826171875 1351.8819580078125 1355.644287109375 1359.9671630859375 1364.8568115234375 1370.32080078125 1376.3675537109375 1383.0062255859375 1390.247802734375 1398.1038818359375 1406.587890625 1415.7144775390625 1425.5001220703125 1435.962890625 1447.123046875 1459.0029296875 1471.62744140625 1485.024658203125 1499.225341796875 1514.2642822265625 1530.180419921875 1547.017822265625 1564.826171875 1583.6622314453125
1343.15087890625 1336.094970703125 1329.615478515625 1323.702880859375 1318.3486328125 1313.545166015625 1309.285888671875 1305.56494140625 1302.3773193359375 1299.71875 1297.5858154296875 1295.9754638671875 1294.8858642578125 1294.3155517578125 1294.263671875 1294.7303466796875 1295.7159423828125 1297.221923828125 1299.250244140625 1301.803466796875 1304.8848876953125 1308.4989013671875 1312.6500244140625 1317.3441162109375 1322.5875244140625 1328.3878173828125 1334.7532958984375 1341.6929931640625 1349.2176513671875 1357.338623046875 1366.0687255859375 1375.4222412109375 1385.4149169921875 1396.0638427734375 1407.388427734375 1419.409912109375 1432.1517333984375 1445.6400146484375 1459.90380859375 1474.9755859375 1490.8914794921875 1507.692138671875 1525.4232177734375
1297.01416015625 1290.227294921875 1283.9921875 1278.3004150390625 1273.144287109375 1268.5172119140625 1264.4130859375 1260.826904296875 1257.7540283203125 1255.1907958984375 1253.1339111328125 1251.5810546875 1250.5301513671875 1249.97998046875 1249.9300537109375 1250.3800048828125 1251.3306884765625 1252.7830810546875 1254.739013671875 1257.20068359375 1260.17138671875 1263.654541015625 1267.6546630859375 1272.1767578125 1277.2265625 1282.8106689453125 1288.9364013671875 1295.6121826171875 1302.84716796875 1310.6514892578125 1319.036376953125 1328.0145263671875 1337.5994873046875 1347.806396484375 1358.652099609375 1370.1549072265625 1382.3350830078125 1395.2149658203125 1408.8194580078125 1423.176025390625 1438.3150634765625 1454.2706298828125 1471.0806884765625
1253.0838623046875 1246.5347900390625 1240.5159912109375 1235.019775390625 1230.0394287109375 1225.5687255859375 1221.6025390625 1218.1361083984375 1215.1654052734375 1212.6868896484375 1210.6978759765625 1209.196044921875 1208.1795654296875 1207.6474609375 1207.59912109375 1208.034423828125 1208.953857421875 1210.3585205078125 1212.25 1214.63037109375 1217.50244140625 1220.869384765625 1224.7353515625 1229.1046142578125 1233.982666015625 1239.3751220703125 1245.288818359375 1251.731201171875 1258.7103271484375 1266.2354736328125 1274.3165283203125 1282.9647216796875 1292.1920166015625 1302.0120849609375 1312.439453125 1323.4903564453125 1335.182373046875 1347.5352783203125 1360.5703125 1374.311279296875 1388.784423828125 1404.0186767578125 1420.0462646484375
1211.13427734375 1204.79736328125 1198.9715576171875 1193.650146484375 1188.826904296875 1184.496337890625 1180.653564453125 1177.29443359375 1174.415283203125 1172.0128173828125 1170.0845947265625 1168.6285400390625 1167.64306640625 1167.127197265625 1167.080322265625 1167.5023193359375 1168.393798828125 1169.755615234375 1171.58935546875 1173.896728515625 1176.6802978515625 1179.9432373046875 1183.6888427734375 1187.9215087890625 1192.645751953125 1197.8671875 1203.591552734375 1209.8255615234375 1216.5767822265625 1223.853515625 1231.6644287109375 1240.0198974609375 1248.930419921875 1258.4083251953125 1268.4664306640625 1279.119140625 1290.38232421875 1302.27294921875 1314.8101806640625 1328.0145263671875 1341.908935546875 1356.5184326171875 1371.8709716796875
1170.977783203125 1164.8314208984375 1159.1793212890625 1154.0152587890625 1149.33349609375 1145.129150390625 1141.3978271484375 1138.135498046875 1135.3388671875 1133.005126953125 1131.1318359375 1129.7171630859375 1128.7596435546875 1128.2584228515625 1128.212890625 1128.6229248046875 1129.4891357421875 1130.812255859375 1132.59375 1134.835205078125 1137.5389404296875 1140.7078857421875 1144.34521484375 1148.45458984375 1153.0404052734375 1158.107666015625 1163.6617431640625 1169.7086181640625 1176.25537109375 1183.30908203125 1190.878173828125 1198.9715576171875 1207.59912109375 1216.7716064453125 1226.5008544921875 1236.7996826171875 1247.68212890625 1259.16357421875 1271.2608642578125 1283.9921875 1297.3778076171875 1311.43994140625 1326.2027587890625
1132.45654296875 1126.482666015625 1120.9876708984375 1115.966064453125 1111.41259765625 1107.32275390625 1103.6923828125 1100.5179443359375 1097.79638671875 1095.5250244140625 1093.70166015625 1092.3245849609375 1091.392578125 1090.904541015625 1090.8602294921875 1091.2593994140625 1092.1026611328125 1093.390625 1095.12451171875 1097.30615234375 1099.9375 1103.0211181640625 1106.56005859375 1110.5576171875 1115.01806640625 1119.9456787109375 1125.345458984375 1131.22314453125 1137.5848388671875 1144.4373779296875 1151.7882080078125 1159.6456298828125 1168.0184326171875 1176.91650390625 1186.3504638671875 1196.3321533203125 1206.8739013671875 1217.9898681640625 1229.6949462890625 1242.005615234375 1254.9398193359375 1268.5172119140625 1282.75927734375
1095.43603515625 1089.618896484375 1084.2669677734375 1079.3751220703125 1074.9385986328125 1070.953125 1067.4149169921875 1064.3206787109375 1061.6676025390625 1059.4532470703125 1057.675537109375 1056.332763671875 1055.4239501953125 1054.9481201171875 1054.9049072265625 1055.294189453125 1056.1163330078125 1057.3721923828125 1059.062744140625 1061.189697265625 1063.7548828125 1066.7606201171875 1070.2098388671875 1074.1055908203125 1078.4515380859375 1083.251953125 1088.511474609375 1094.235107421875 1100.4285888671875 1107.098388671875 1114.2510986328125 1121.8944091796875 1130.0364990234375 1138.686279296875 1147.853515625 1157.548828125 1167.7838134765625 1178.57080078125 1189.9237060546875 1201.8570556640625 1214.3873291015625 1227.531982421875 1241.3101806640625
