AvaFrame/avaframe/data/avaBowl/Avaflow_Input_old_s/DEM.asc
ncols        200
nrows        200
xllcorner    997.500000000000
yllcorner    -4997.500000000000
cellsize     25.000000000000
NODATA_value  -9999
[rows 171 to 189 of 200, columns 43 to 85 of 200]
1469.6845703125 1436.1978759765625 1404.3038330078125 1373.8671875 1344.772705078125 1316.92138671875 1290.227294921875 1264.615478515625 1240.0198974609375 1216.382080078125 1193.650146484375 1171.7774658203125 1150.722412109375 1130.4471435546875 1110.9176025390625 1092.1026611328125 1073.9739990234375 1056.5059814453125 1039.6746826171875 1023.45843505859375 1007.837158203125 992.79229736328125 978.306884765625 964.36492919921875 950.951904296875 938.0540771484375 925.65887451171875 913.75445556640625 902.329833984375 891.37481689453125 880.8798828125 870.83612060546875 861.2352294921875 852.0694580078125 843.3316650390625 835.0150146484375 827.11328125 819.62060546875 812.531494140625 805.8409423828125 799.544189453125 793.63690185546875 788.11505126953125
1514.2642822265625 1479.31396484375 1446.1143798828125 1414.5047607421875 1384.3499755859375 1355.5350341796875 1327.961181640625 1301.5426025390625 1276.2047119140625 1251.8814697265625 1228.5146484375 1206.052490234375 1184.44873046875 1163.6617431640625 1143.65380859375 1124.3909912109375 1105.842529296875 1087.980224609375 1070.7781982421875 1054.2130126953125 1038.2630615234375 1022.90826416015625 1008.13037109375 993.912353515625 980.238525390625 967.09423828125 954.46612548828125 942.34149169921875 930.708740234375 919.5570068359375 908.87615966796875 898.65679931640625 888.89013671875 879.56793212890625 870.68267822265625 862.22711181640625 854.1947021484375 846.57928466796875 839.3751220703125 832.57684326171875 826.17950439453125 820.1785888671875 814.56976318359375
1561.623779296875 1524.974365234375 1490.2723388671875 1457.3231201171875 1425.965576171875 1396.0638427734375 1367.5028076171875 1340.1832275390625 1314.0194091796875 1288.9364013671875 1264.868408203125 1241.7572021484375 1219.5509033203125 1198.203125 1177.6724853515625 1157.92138671875 1138.9158935546875 1120.6251220703125 1103.0211181640625 1086.078125 1069.772705078125 1054.0833740234375 1038.9901123046875 1024.474609375 1010.52020263671875 997.11114501953125 984.23284912109375 971.8720703125 960.0162353515625 948.65380859375 937.7740478515625 927.36688232421875 917.4229736328125 907.9337158203125 898.8909912109375 890.28729248046875 882.1156005859375 874.36932373046875 867.04254150390625 860.12957763671875 853.62518310546875 847.52459716796875 841.82330322265625
1612.207763671875 1573.55517578125 1537.1007080078125 1502.6033935546875 1469.866455078125 1438.7271728515625 1409.048583984375 1380.7144775390625 1353.625244140625 1327.694580078125 1302.84716796875 1279.016845703125 1256.1451416015625 1234.1800537109375 1213.0753173828125 1192.7891845703125 1173.2841796875 1154.526123046875 1136.484375 1119.1307373046875 1102.4395751953125 1086.3875732421875 1070.953125 1056.1163330078125 1041.8590087890625 1028.1644287109375 1015.016845703125 1002.40191650390625 990.30633544921875 978.7176513671875 967.6243896484375 957.015869140625 946.88214111328125 937.21405029296875 928.00286865234375 919.24066162109375 910.92010498046875 903.03411865234375 895.576416015625 888.541015625 881.92242431640625 875.71551513671875 869.9156494140625
1666.6033935546875 1625.54296875 1587.0103759765625 1550.6976318359375 1516.3587646484375 1483.7938232421875 1452.837158203125 1423.35009765625 1395.2149658203125 1368.3309326171875 1342.6107177734375 1317.9783935546875 1294.367431640625 1271.7186279296875 1249.97998046875 1229.1046142578125 1209.05078125 1189.780517578125 1171.260009765625 1153.4581298828125 1136.3468017578125 1119.900390625 1104.09521484375 1088.9100341796875 1074.32470703125 1060.3211669921875 1046.8826904296875 1033.9935302734375 1021.639404296875 1009.80706787109375 998.48406982421875 987.65911865234375 977.3214111328125 967.46124267578125 958.06939697265625 949.1373291015625 940.65716552734375 932.62164306640625 925.0238037109375 917.85748291015625 911.11676025390625 904.7962646484375 898.8909912109375
1725.6131591796875 1681.5869140625 1640.5379638671875 1602.057861328125 1565.8292236328125 1531.5992431640625 1499.162841796875 1468.350830078125 1439.021728515625 1411.0555419921875 1384.3499755859375 1358.81640625 1334.3778076171875 1310.966796875 1288.523681640625 1266.9954833984375 1246.3353271484375 1226.5008544921875 1207.4541015625 1189.1605224609375 1171.58935546875 1154.7119140625 1138.502685546875 1122.9378662109375 1107.99609375 1093.6572265625 1079.9031982421875 1066.717041015625 1054.0833740234375 1041.9876708984375 1030.416748046875 1019.3582763671875 1008.80084228515625 998.73388671875 989.1475830078125 980.03289794921875 971.38134765625 963.18511962890625 955.43695068359375 948.13018798828125 941.258544921875 934.8162841796875 928.7982177734375
1790.387451171875 1742.586669921875 1698.4078369140625 1657.2811279296875 1618.779296875 1582.571533203125 1548.3961181640625 1516.0411376953125 1485.33251953125 1456.125 1428.2957763671875 1401.739990234375 1376.3675537109375 1352.0997314453125 1328.8680419921875 1306.6119384765625 1285.27783203125 1264.81787109375 1245.189208984375 1226.3536376953125 1208.2763671875 1190.9259033203125 1174.2738037109375 1158.2939453125 1142.9627685546875 1128.2584228515625 1114.160888671875 1100.6519775390625 1087.714599609375 1075.3333740234375 1063.4937744140625 1052.1826171875 1041.3876953125 1031.0972900390625 1021.30126953125 1011.98956298828125 1003.1533203125 994.7840576171875 986.87408447265625 979.416259765625 972.40386962890625 965.83087158203125 959.69158935546875
1862.681396484375 1809.8551025390625 1761.640380859375 1717.1845703125 1675.8792724609375 1637.271728515625 1601.014404296875 1566.8333740234375 1534.5079345703125 1503.857421875 1474.731689453125 1447.0042724609375 1420.5672607421875 1395.328125 1371.2064208984375 1348.1319580078125 1326.04296875 1304.8848876953125 1284.609130859375 1265.172119140625 1246.5347900390625 1228.662109375 1211.522216796875 1195.086181640625 1179.327880859375 1164.2230224609375 1149.75 1135.8885498046875 1122.6202392578125 1109.9281005859375 1097.79638671875 1086.2108154296875 1075.157958984375 1064.62548828125 1054.6021728515625 1045.0772705078125 1036.0413818359375 1027.485107421875 1019.40045166015625 1011.77960205078125 1004.61541748046875 997.9014892578125 991.63165283203125
1945.4281005859375 1885.447265625 1831.7559814453125 1782.9400634765625 1738.0616455078125 1696.4609375 1657.652099609375 1621.26513671875 1587.0103759765625 1554.6561279296875 1524.0133056640625 1494.9254150390625 1467.2608642578125 1440.908447265625 1415.772216796875 1391.7694091796875 1368.8280029296875 1346.8846435546875 1325.88330078125 1305.7742919921875 1286.5133056640625 1268.0604248046875 1250.3800048828125 1233.439697265625 1217.2100830078125 1201.66455078125 1186.77880859375 1172.5306396484375 1158.899658203125 1145.867431640625 1133.4166259765625 1121.5316162109375 1110.1978759765625 1099.40185546875 1089.1314697265625 1079.3751220703125 1070.1224365234375 1061.363525390625 1053.0894775390625 1045.2921142578125 1037.9637451171875 1031.0972900390625 1024.6865234375
2044.2862548828125 1972.9326171875 1911.2088623046875 1856.338623046875 1806.6927490234375 1761.2171630859375 1719.18310546875 1680.06103515625 1643.45166015625 1609.04541015625 1576.595947265625 1545.903564453125 1516.8037109375 1489.1588134765625 1462.8524169921875 1437.7852783203125 1413.87158203125 1391.0364990234375 1369.21484375 1348.3489990234375 1328.3878173828125 1309.285888671875 1291.00244140625 1273.5009765625 1256.7481689453125 1240.7144775390625 1225.37255859375 1210.6978759765625 1196.667724609375 1183.2615966796875 1170.4605712890625 1158.2474365234375 1146.6060791015625 1135.5220947265625 1124.9818115234375 1114.972900390625 1105.4840087890625 1096.50439453125 1088.0244140625 1080.03515625 1072.5284423828125 1065.49658203125 1058.9327392578125
2173.580078125 2079.6728515625 2004.469970703125 1940.379638671875 1883.9237060546875 1833.160400390625 1786.873046875 1744.23876953125 1704.669921875 1667.72900390625 1633.0802001953125 1600.45849609375 1569.650634765625 1540.48193359375 1512.8070068359375 1486.5035400390625 1461.4674072265625 1437.60888671875 1414.8502197265625 1393.123779296875 1372.3697509765625 1352.535400390625 1333.5738525390625 1315.443115234375 1298.105712890625 1281.527587890625 1265.6783447265625 1250.5301513671875 1236.0577392578125 1222.23828125 1209.05078125 1196.4759521484375 1184.496337890625 1173.095703125 1162.2593994140625 1151.9736328125 1142.22607421875 1133.005126953125 1124.3001708984375 1116.1015625 1108.400146484375 1101.18798828125 1094.4573974609375
2435.3857421875 2227.419677734375 2121.615234375 2040.870361328125 1973.52587890625 1914.9359130859375 1862.681396484375 1815.310302734375 1771.8687744140625 1731.690185546875 1694.2860107421875 1659.2860107421875 1626.401123046875 1595.400634765625 1566.096923828125 1538.3348388671875 1511.9842529296875 1486.935302734375 1463.093505859375 1440.37744140625 1418.716064453125 1398.0472412109375 1378.3160400390625 1359.4737548828125 1341.477294921875 1324.2874755859375 1307.8695068359375 1292.1920166015625 1277.2265625 1262.947021484375 1249.3302001953125 1236.3544921875 1224.0003662109375 1212.25 1201.0870361328125 1190.496337890625 1180.464111328125 1170.977783203125 1162.0257568359375 1153.597412109375 1145.682861328125 1138.273193359375 1131.360107421875
2500 2500 2301.128173828125 2172.6240234375 2083.40673828125 2011.456298828125 1949.95458984375 1895.702880859375 1846.89208984375 1802.3790283203125 1761.386474609375 1723.3565673828125 1687.8731689453125 1654.615478515625 1623.3302001953125 1593.81298828125 1565.8961181640625 1539.4403076171875 1514.32763671875 1490.4580078125 1467.7452392578125 1446.1143798828125 1425.5001220703125 1405.8450927734375 1387.098388671875 1369.21484375 1352.1541748046875 1335.880126953125 1320.3602294921875 1305.56494140625 1291.4677734375 1278.0445556640625 1265.2733154296875 1253.1339111328125 1241.608154296875 1230.6793212890625 1220.33203125 1210.552490234375 1201.32763671875 1192.645751953125 1184.496337890625 1176.8692626953125 1169.755615234375
2500 2500 2500 2452.041748046875 2237.94091796875 2134.213134765625 2055.393310546875 1989.803955078125 1932.8360595703125 1882.100341796875 1836.1663818359375 1794.0963134765625 1755.2349853515625 1719.10302734375 1685.3375244140625 1653.6549072265625 1623.829345703125 1595.677001953125 1569.046142578125 1543.8096923828125 1519.8597412109375 1497.104248046875 1475.4635009765625 1454.868408203125 1435.25830078125 1416.5794677734375 1398.7847900390625 1381.8319091796875 1365.6829833984375 1350.304443359375 1335.6654052734375 1321.738525390625 1308.4989013671875 1295.923583984375 1283.9921875 1272.6859130859375 1261.9874267578125 1251.8814697265625 1242.3533935546875 1233.390380859375 1224.9803466796875 1217.1126708984375 1209.777099609375
2500 2500 2500 2500 2500 2333.641845703125 2197.427734375 2107.348876953125 2035.726318359375 1974.952392578125 1921.5970458984375 1873.76123046875 1830.26123046875 1790.29931640625 1753.3072509765625 1718.863037109375 1686.6427001953125 1656.3917236328125 1627.90478515625 1601.014404296875 1575.581298828125 1551.488037109375 1528.635009765625 1506.9365234375 1486.318603515625 1466.7164306640625 1448.0732421875 1430.3388671875 1413.4688720703125 1397.4234619140625 1382.167236328125 1367.6683349609375 1353.89794921875 1340.830078125 1328.441162109375 1316.7100830078125 1305.6173095703125 1295.145263671875 1285.27783203125 1276.0003662109375 1267.2996826171875 1259.16357421875 1251.5810546875
2500 2500 2500 2500 2500 2500 2500 2283.6669921875 2171.100341796875 2089.756103515625 2023.3712158203125 1966.33349609375 1915.8980712890625 1870.476318359375 1829.0491943359375 1790.9161376953125 1755.5706787109375 1722.6326904296875 1691.8076171875 1662.862060546875 1635.607177734375 1609.8876953125 1585.573974609375 1562.556640625 1540.742431640625 1520.051025390625 1500.41259765625 1481.7662353515625 1464.058349609375 1447.24169921875 1431.274169921875 1416.1180419921875 1401.739990234375 1388.1097412109375 1375.2000732421875 1362.986328125 1351.446533203125 1340.5604248046875 1330.309814453125 1320.6781005859375 1311.6502685546875 1303.212646484375 1295.352783203125
2500 2500 2500 2500 2500 2500 2500 2500 2500 2255.71533203125 2155.689208984375 2080.267822265625 2017.765625 1963.6466064453125 1915.5771484375 1872.1663818359375 1832.504638671875 1795.9581298828125 1762.063720703125 1730.470947265625 1700.90673828125 1673.153564453125 1647.0345458984375 1622.40380859375 1599.1392822265625 1577.1375732421875 1556.3104248046875 1536.5816650390625 1517.8848876953125 1500.1624755859375 1483.3634033203125 1467.4425048828125 1452.3597412109375 1438.07958984375 1424.56982421875 1411.802001953125 1399.75 1388.3907470703125 1377.7032470703125 1367.6683349609375 1358.268798828125 1349.4892578125 1341.3154296875
2500 2500 2500 2500 2500 2500 2500 2500 2500 2500 2406.8603515625 2242.51220703125 2149.75 2078.336669921875 2018.6737060546875 1966.8021240234375 1920.6253662109375 1878.8719482421875 1840.701171875 1805.521728515625 1772.8995361328125 1742.504150390625 1714.0770263671875 1687.4114990234375 1662.339599609375 1638.721923828125 1616.44189453125 1595.400634765625 1575.513671875 1556.7078857421875 1538.919921875 1522.0941162109375 1506.181640625 1491.1392822265625 1476.9285888671875 1463.5155029296875 1450.869384765625 1438.9627685546875 1427.77099609375 1417.27197265625 1407.4456787109375 1398.2740478515625 1389.740966796875
2500 2500 2500 2500 2500 2500 2500 2500 2500 2500 2500 2500 2392.529052734375 2241.784912109375 2152.796875 2083.85693359375 2026.1329345703125 1975.905517578125 1931.1854248046875 1890.7586669921875 1853.8189697265625 1819.7978515625 1788.2767333984375 1758.9365234375 1731.5274658203125 1705.8494873046875 1681.7396240234375 1659.06298828125 1637.70654296875 1617.5743408203125 1598.58447265625 1580.666015625 1563.757568359375 1547.80517578125 1532.76171875 1518.585205078125 1505.23876953125 1492.689208984375 1480.9072265625 1469.866455078125 1459.5433349609375 1449.9166259765625 1440.9674072265625
