AvaFrame/avaframe/data/avaBowl/Avaflow_Input_old_s/DEM.asc
ncols        200
nrows        200
xllcorner    997.500000000000
yllcorner    -4997.500000000000
cellsize     25.000000000000
NODATA_value  -9999
[rows 152 to 170 of 200, columns 129 to 171 of 200]
501.581878662109375 510.95501708984375 520.688232421875 530.7869873046875 541.25677490234375 552.10369873046875 563.33404541015625 574.95452880859375 586.9722900390625 599.39483642578125 612.23016357421875 625.48675537109375 639.173583984375 653.30023193359375 667.87689208984375 682.9144287109375 698.42431640625 714.41888427734375 730.9112548828125 747.91552734375 765.44671630859375 783.52105712890625 802.15576171875 821.36962890625 841.18267822265625 861.61663818359375 882.69512939453125 904.44366455078125 926.8900146484375 950.06451416015625 974.00030517578125 998.73388671875 1024.3052978515625 1050.7587890625 1078.143798828125 1106.51513671875 1135.934326171875 1166.4708251953125 1198.203125 1231.2210693359375 1265.627685546875 1301.5426025390625 1339.10595703125
518.19525146484375 527.6473388671875 537.46337890625 547.64886474609375 558.2095947265625 569.1517333984375 580.4818115234375 592.206787109375 604.3338623046875 616.8709716796875 629.82623291015625 643.20843505859375 657.02685546875 671.29144287109375 686.0126953125 701.2017822265625 716.8707275390625 733.03228759765625 749.70001220703125 766.88861083984375 784.61376953125 802.89215087890625 821.74200439453125 841.18267822265625 861.2352294921875 881.92242431640625 903.26898193359375 925.3016357421875 948.04962158203125 971.544921875 995.822509765625 1020.9208984375 1046.8826904296875 1073.7548828125 1101.5902099609375 1130.4471435546875 1160.391845703125 1191.4989013671875 1223.853515625 1257.5528564453125 1292.7095947265625 1329.4552001953125 1367.9443359375
535.2672119140625 544.80181884765625 554.70440673828125 564.9805908203125 575.636474609375 586.67828369140625 598.11279296875 609.94708251953125 622.18878173828125 634.8458251953125 647.92681884765625 661.4407958984375 675.39727783203125 689.806640625 704.6796875 720.028076171875 735.8642578125 752.20135498046875 769.0537109375 786.43646240234375 804.36590576171875 822.85955810546875 841.93634033203125 861.61663818359375 881.92242431640625 902.8775634765625 924.50799560546875 946.8419189453125 969.91015625 993.74639892578125 1018.3876953125 1043.875 1070.2535400390625 1097.573486328125 1125.8912353515625 1155.26953125 1185.7796630859375 1217.50244140625 1250.5301513671875 1284.9691162109375 1320.943115234375 1358.597412109375 1398.1038818359375
552.8096923828125 562.4306640625 572.423828125 582.79498291015625 593.5504150390625 604.69659423828125 616.240478515625 628.18939208984375 640.5511474609375 653.3341064453125 666.5469970703125 680.19915771484375 694.3006591796875 708.86212158203125 723.89471435546875 739.41058349609375 755.42266845703125 771.94476318359375 788.99151611328125 806.57891845703125 824.723876953125 843.44482421875 862.761474609375 882.69512939453125 903.26898193359375 924.50799560546875 946.4395751953125 969.0933837890625 992.5020751953125 1016.7012939453125 1041.73046875 1067.633056640625 1094.4573974609375 1122.25732421875 1151.093017578125 1181.0325927734375 1212.1529541015625 1244.5418701171875 1278.3004150390625 1313.545166015625 1350.4130859375 1389.065673828125 1429.6962890625
570.835693359375 580.54693603515625 590.63494873046875 601.1055908203125 611.96533203125 623.2208251953125 634.87933349609375 646.948486328125 659.43621826171875 672.35125732421875 685.70263671875 699.50006103515625 713.75390625 728.4752197265625 743.67572021484375 759.367919921875 775.5653076171875 792.2822265625 809.5340576171875 827.33746337890625 845.71014404296875 864.6712646484375 884.24163818359375 904.44366455078125 925.3016357421875 946.8419189453125 969.0933837890625 992.0875244140625 1015.85882568359375 1040.4453125 1065.8887939453125 1092.23583984375 1119.5380859375 1147.853515625 1177.2471923828125 1207.7926025390625 1239.573486328125 1272.6859130859375 1307.2406005859375 1343.366943359375 1381.2171630859375 1420.97265625 1462.8524169921875
589.3587646484375 599.1646728515625 609.35198974609375 619.9268798828125 630.89593505859375 642.26617431640625 654.04498291015625 666.24017333984375 678.8602294921875 691.91400146484375 705.410888671875 719.361083984375 733.77520751953125 748.664794921875 764.04205322265625 779.9200439453125 796.31280517578125 813.2353515625 830.7037353515625 848.7353515625 867.3487548828125 886.564208984375 906.4034423828125 926.8900146484375 948.04962158203125 969.91015625 992.5020751953125 1015.85882568359375 1040.01708984375 1065.0174560546875 1090.904541015625 1117.728271484375 1145.54443359375 1174.415283203125 1204.411376953125 1235.61279296875 1268.1112060546875 1302.0120849609375 1337.438232421875 1374.533447265625 1413.4688720703125 1454.449951171875 1497.7275390625
608.3935546875 618.29864501953125 628.590087890625 639.27435302734375 650.358154296875 661.8487548828125 673.75384521484375 686.08160400390625 698.84063720703125 712.040283203125 725.69024658203125 739.8011474609375 754.384033203125 769.450927734375 785.01458740234375 801.08856201171875 817.6876220703125 834.82733154296875 852.524658203125 870.7977294921875 889.66619873046875 909.15118408203125 929.275634765625 950.06451416015625 971.544921875 993.74639892578125 1016.7012939453125 1040.4453125 1065.0174560546875 1090.4610595703125 1116.8243408203125 1144.1607666015625 1172.5306396484375 1202.0015869140625 1232.650390625 1264.5648193359375 1297.845703125 1332.6097412109375 1368.9937744140625 1407.15966796875 1447.3011474609375 1489.653564453125 1534.5079345703125
627.9556884765625 637.96484375 648.3656005859375 659.16461181640625 670.368896484375 681.9859619140625 694.0238037109375 706.4908447265625 719.39617919921875 732.74932861328125 746.560546875 760.8406982421875 775.6015625 790.85546875 806.61578369140625 822.8968505859375 839.7138671875 857.0833740234375 875.0230712890625 893.55206298828125 912.69097900390625 932.46209716796875 952.8897705078125 974.00030517578125 995.822509765625 1018.3876953125 1041.73046875 1065.8887939453125 1090.904541015625 1116.8243408203125 1143.6998291015625 1171.58935546875 1200.557861328125 1230.6793212890625 1262.0379638671875 1294.7303466796875 1328.8680419921875 1364.58154296875 1402.0245361328125 1441.380615234375 1482.8717041015625 1526.7708740234375 1573.4202880859375
648.06182861328125 658.18023681640625 668.69580078125 679.61541748046875 690.94635009765625 702.69647216796875 714.87396240234375 727.4876708984375 740.54693603515625 754.06182861328125 768.04302978515625 782.5018310546875 797.450439453125 812.90191650390625 828.8701171875 845.3701171875 862.41796875 880.0308837890625 898.2275390625 917.02813720703125 936.454345703125 956.5299072265625 977.2803955078125 998.73388671875 1020.9208984375 1043.875 1067.633056640625 1092.23583984375 1117.728271484375 1144.1607666015625 1171.58935546875 1200.076904296875 1229.6949462890625 1260.5242919921875 1292.6578369140625 1326.2027587890625 1361.2835693359375 1398.0472412109375 1436.66796875 1477.3563232421875 1520.3699951171875 1566.030029296875 1614.745849609375
668.72991943359375 678.96319580078125 689.5994873046875 700.64593505859375 712.11016845703125 724.00030517578125 736.32489013671875 749.09307861328125 762.31475830078125 776.00030517578125 790.16082763671875 804.80828857421875 819.95538330078125 835.61572265625 851.80401611328125 868.53594970703125 885.828369140625 903.6995849609375 922.169189453125 941.258544921875 960.9906005859375 981.39044189453125 1002.48541259765625 1024.3052978515625 1046.8826904296875 1070.2535400390625 1094.4573974609375 1119.5380859375 1145.54443359375 1172.5306396484375 1200.557861328125 1229.6949462890625 1260.0201416015625 1291.623046875 1324.6064453125 1359.09033203125 1395.2149658203125 1433.1470947265625 1473.087158203125 1515.2791748046875 1560.026611328125 1607.713623046875 1658.840087890625
689.97930908203125 700.3333740234375 711.0966796875 722.2767333984375 733.88134765625 745.9190673828125 758.39874267578125 771.33001708984375 784.72308349609375 798.58880615234375 812.93896484375 827.785888671875 843.14306640625 859.024658203125 875.44622802734375 892.4241943359375 909.9764404296875 928.12213134765625 946.88214111328125 966.279052734375 986.33721923828125 1007.0833740234375 1028.546630859375 1050.7587890625 1073.7548828125 1097.573486328125 1122.25732421875 1147.853515625 1174.415283203125 1202.0015869140625 1230.6793212890625 1260.5242919921875 1291.623046875 1324.0748291015625 1357.9952392578125 1393.51904296875 1430.806396484375 1470.048583984375 1511.4783935546875 1555.3836669921875 1602.1275634765625 1652.1793212890625 1706.1644287109375
711.83056640625 722.3118896484375 733.2091064453125 744.52996826171875 756.28271484375 768.47613525390625 781.11956787109375 794.2230224609375 807.79730224609375 821.85369873046875 836.40447998046875 851.4627685546875 867.04254150390625 883.158935546875 899.828125 917.06756591796875 934.89617919921875 953.334228515625 972.40386962890625 992.12896728515625 1012.53570556640625 1033.6524658203125 1055.510498046875 1078.143798828125 1101.5902099609375 1125.8912353515625 1151.093017578125 1177.2471923828125 1204.411376953125 1232.650390625 1262.0379638671875 1292.6578369140625 1324.6064453125 1357.9952392578125 1392.954345703125 1429.637939453125 1468.229736328125 1508.9525146484375 1552.0811767578125 1597.960693359375 1647.0345458984375 1699.890625 1757.3359375
734.30609130859375 744.921630859375 755.96014404296875 767.42962646484375 779.33880615234375 791.69677734375 804.51336669921875 817.799072265625 831.56512451171875 845.823486328125 860.58697509765625 875.86944580078125 891.6856689453125 908.051513671875 924.984130859375 942.50201416015625 960.6251220703125 979.3751220703125 998.7755126953125 1018.851806640625 1039.6318359375 1061.146240234375 1083.428466796875 1106.51513671875 1130.4471435546875 1155.26953125 1181.0325927734375 1207.7926025390625 1235.61279296875 1264.5648193359375 1294.7303466796875 1326.2027587890625 1359.09033203125 1393.51904296875 1429.637939453125 1467.6241455078125 1507.692138671875 1550.105224609375 1595.193359375 1643.3787841796875 1695.2174072265625 1751.4681396484375 1813.2139892578125
757.4300537109375 768.1873779296875 779.3751220703125 791.00177001953125 803.0762939453125 815.6083984375 828.60833740234375 842.087158203125 856.05657958984375 870.52923583984375 885.5186767578125 901.0394287109375 917.1070556640625 933.738525390625 950.951904296875 968.766845703125 987.20458984375 1006.2882080078125 1026.042724609375 1046.49560546875 1067.6767578125 1089.618896484375 1112.358154296875 1135.934326171875 1160.391845703125 1185.7796630859375 1212.1529541015625 1239.573486328125 1268.1112060546875 1297.845703125 1328.8680419921875 1361.2835693359375 1395.2149658203125 1430.806396484375 1468.229736328125 1507.692138671875 1549.447509765625 1593.81298828125 1641.1927490234375 1692.116943359375 1747.3048095703125 1807.7752685546875 1875.06005859375
781.2286376953125 792.1358642578125 803.48150634765625 815.27447509765625 827.5242919921875 840.240966796875 853.4354248046875 867.11907958984375 881.3045654296875 896.0050048828125 911.2347412109375 927.00921630859375 943.34490966796875 960.259765625 977.77301025390625 995.90557861328125 1014.68017578125 1034.1214599609375 1054.2562255859375 1075.114013671875 1096.72705078125 1119.1307373046875 1142.3641357421875 1166.4708251953125 1191.4989013671875 1217.50244140625 1244.5418701171875 1272.6859130859375 1302.0120849609375 1332.6097412109375 1364.58154296875 1398.0472412109375 1433.1470947265625 1470.048583984375 1508.9525146484375 1550.105224609375 1593.81298828125 1640.4652099609375 1690.5711669921875 1744.81787109375 1804.173095703125 1870.079345703125 1944.8648681640625
805.730224609375 816.79620361328125 828.30926513671875 840.27862548828125 852.71435546875 865.62701416015625 879.028076171875 892.9296875 907.344970703125 922.28802490234375 937.7740478515625 953.8192138671875 970.44122314453125 987.65911865234375 1005.493408203125 1023.96649169921875 1043.1026611328125 1062.9283447265625 1083.4725341796875 1104.76708984375 1126.8466796875 1149.75 1173.5196533203125 1198.203125 1223.853515625 1250.5301513671875 1278.3004150390625 1307.2406005859375 1337.438232421875 1368.9937744140625 1402.0245361328125 1436.66796875 1473.087158203125 1511.4783935546875 1552.0811767578125 1595.193359375 1641.1927490234375 1690.5711669921875 1743.99072265625 1802.3790283203125 1867.10986328125 1940.379638671875 2026.1329345703125
830.9658203125 842.20025634765625 853.89093017578125 866.0477294921875 878.68109130859375 891.80224609375 905.42327880859375 919.5570068359375 934.21746826171875 949.41943359375 965.17913818359375 981.513916015625 998.4425048828125 1015.98516845703125 1034.1640625 1053.0030517578125 1072.5284423828125 1092.7686767578125 1113.755126953125 1135.5220947265625 1158.107666015625 1181.553955078125 1205.90771484375 1231.2210693359375 1257.5528564453125 1284.9691162109375 1313.545166015625 1343.366943359375 1374.533447265625 1407.15966796875 1441.380615234375 1477.3563232421875 1515.2791748046875 1555.3836669921875 1597.960693359375 1643.3787841796875 1692.116943359375 1744.81787109375 1802.3790283203125 1866.123046875 1938.150390625 2022.1925048828125 2126.268798828125
856.96923828125 868.3826904296875 880.26239013671875 892.61859130859375 905.46246337890625 918.80584716796875 932.6614990234375 947.04315185546875 961.96551513671875 977.444580078125 993.4974365234375 1010.14263916015625 1027.4002685546875 1045.2921142578125 1063.8419189453125 1083.0755615234375 1103.0211181640625 1123.709716796875 1145.17529296875 1167.4554443359375 1190.591796875 1214.63037109375 1239.623046875 1265.627685546875 1292.7095947265625 1320.943115234375 1350.4130859375 1381.2171630859375 1413.4688720703125 1447.3011474609375 1482.8717041015625 1520.3699951171875 1560.026611328125 1602.1275634765625 1647.0345458984375 1695.2174072265625 1747.3048095703125 1804.173095703125 1867.10986328125 1938.150390625 2020.88623046875 2122.93896484375 2268.59130859375
883.77752685546875 895.38165283203125 907.46270751953125 920.0316162109375 933.1002197265625 946.68096923828125 960.78753662109375 975.43450927734375 990.6375732421875 1006.4136962890625 1022.78131103515625 1039.76025390625 1057.3721923828125 1075.6405029296875 1094.5908203125 1114.2510986328125 1134.652099609375 1155.827392578125 1177.8143310546875 1200.654052734375 1224.392333984375 1249.080322265625 1274.7755126953125 1301.5426025390625 1329.4552001953125 1358.597412109375 1389.065673828125 1420.97265625 1454.449951171875 1489.653564453125 1526.7708740234375 1566.030029296875 1607.713623046875 1652.1793212890625 1699.890625 1751.4681396484375 1807.7752685546875 1870.079345703125 1940.379638671875 2022.1925048828125 2122.93896484375 2265.906005859375 2500
