AvaFrame/avaframe/data/avaKot/Avaflow_Input_Output_old/DEM_rec_20.asc
ncols        88
nrows        125
xllcorner    176963.431225062726
yllcorner    376270.315049720171
cellsize     20.000000000000
NODATA_value  -9999
[rows 42 to 62 of 125, columns 0 to 45 of 88]
-9999 -9999 -9999 -9999 -9999 -9999 -9999 1065.0079345703125 1064.9039306640625 1064.87353515625 1064.818115234375 1064.59326171875 1064.6107177734375 1064.472412109375 1063.97314453125 1063.63671875 1063.5545654296875 1063.4029541015625 1063.18310546875 1063.22216796875 1063.05322265625 1062.9632568359375 1062.7315673828125 1062.84814453125 1062.8074951171875 1062.6773681640625 1062.5968017578125 1062.70947265625 1062.5341796875 1062.484619140625 1062.393798828125 1062.3253173828125 1062.1162109375 1062.0909423828125 1062.01708984375 1061.9615478515625 1061.830322265625 1061.6102294921875 1061.4835205078125 1061.607421875 1061.8994140625 1061.5567626953125 1061.7398681640625 1063.751220703125 1063.523681640625 1063.620849609375
-9999 -9999 -9999 -9999 -9999 -9999 -9999 1065.56787109375 1065.3829345703125 1065.483642578125 1065.1888427734375 1064.8907470703125 1064.579345703125 1064.3626708984375 1063.8284912109375 1063.7498779296875 1063.5555419921875 1063.4490966796875 1063.5531005859375 1063.4266357421875 1063.556396484375 1063.5767822265625 1063.285888671875 1063.19091796875 1063.0948486328125 1063.0418701171875 1062.804931640625 1062.6484375 1062.5972900390625 1062.4871826171875 1062.4031982421875 1062.265869140625 1061.88720703125 1061.9461669921875 1061.7166748046875 1062.05615234375 1061.70361328125 1061.773681640625 1061.69384765625 1061.9200439453125 1062.1112060546875 1063.522216796875 1064.2874755859375 1063.6083984375 1063.472412109375 1063.296875
-9999 -9999 -9999 -9999 -9999 -9999 -9999 1065.6402587890625 1065.8212890625 1065.6068115234375 1065.3936767578125 1065.2794189453125 1064.6875 1064.5396728515625 1064.0408935546875 1063.88525390625 1063.9150390625 1063.944091796875 1064.1734619140625 1064.0447998046875 1063.972412109375 1064.438232421875 1063.549072265625 1063.222900390625 1063.0098876953125 1062.886962890625 1062.8804931640625 1062.70703125 1062.397705078125 1062.7401123046875 1062.99072265625 1062.8868408203125 1062.9984130859375 1062.8262939453125 1062.8568115234375 1062.548828125 1063.7159423828125 1065.54638671875 1065.602783203125 1065.4329833984375 1065.0855712890625 1063.9661865234375 1063.3663330078125 1063.4210205078125 1063.0809326171875 1062.817626953125
-9999 -9999 -9999 -9999 -9999 -9999 -9999 1066.0947265625 1065.951416015625 1065.7406005859375 1065.5821533203125 1065.2440185546875 1065.091064453125 1064.9202880859375 1064.822998046875 1064.5963134765625 1064.539306640625 1064.584228515625 1064.1529541015625 1064.6126708984375 1065.2420654296875 1065.2620849609375 1064.774658203125 1064.7781982421875 1064.0926513671875 1064.181640625 1064.0804443359375 1064.26171875 1064.4666748046875 1064.26806640625 1063.9337158203125 1063.5936279296875 1063.8359375 1063.9638671875 1064.258544921875 1065.2880859375 1065.5762939453125 1065.6282958984375 1071.5823974609375 1071.0010986328125 1069.401611328125 1067.631103515625 1064.0958251953125 1063.2552490234375 1066.7144775390625 1067.745361328125
-9999 -9999 -9999 -9999 -9999 -9999 1066.33837890625 1066.1353759765625 1066.031494140625 1065.855224609375 1065.746337890625 1065.3414306640625 1065.4364013671875 1065.4322509765625 1065.19091796875 1064.953857421875 1064.8416748046875 1064.6419677734375 1065.1318359375 1065.488525390625 1065.111572265625 1065.114501953125 1065.1058349609375 1065.0797119140625 1064.8538818359375 1064.691162109375 1064.2620849609375 1064.406982421875 1064.44677734375 1064.375 1063.9208984375 1063.585693359375 1063.714599609375 1064.8504638671875 1065.2022705078125 1069.244140625 1073.7913818359375 1076.2872314453125 1078.1256103515625 1077.8294677734375 1076.1788330078125 1072.651611328125 1073.021240234375 1073.9454345703125 1076.7135009765625 1079.3985595703125
-9999 -9999 -9999 -9999 -9999 -9999 1066.40625 1066.2593994140625 1066.1070556640625 1066.03076171875 1065.9345703125 1065.6920166015625 1065.9520263671875 1065.925537109375 1065.5107421875 1065.246826171875 1064.99072265625 1065.2818603515625 1065.72509765625 1065.6588134765625 1065.5623779296875 1065.4417724609375 1065.2591552734375 1064.8614501953125 1063.860595703125 1064.8109130859375 1064.7191162109375 1064.4677734375 1064.43505859375 1064.541259765625 1064.477783203125 1064.2418212890625 1065.2216796875 1065.9991455078125 1069.588134765625 1074.637939453125 1079.84814453125 1083.3349609375 1085.1029052734375 1085.5325927734375 1083.2530517578125 1082.041259765625 1083.375244140625 1084.19384765625 1087.143310546875 1089.9090576171875
-9999 -9999 -9999 -9999 -9999 -9999 1066.5028076171875 1066.4722900390625 1066.3115234375 1066.20654296875 1066.0521240234375 1066.126708984375 1066.23583984375 1066.55810546875 1065.9095458984375 1065.511962890625 1065.7142333984375 1066.0047607421875 1065.72314453125 1065.9150390625 1066.0003662109375 1065.701171875 1065.3157958984375 1064.947998046875 1065.01611328125 1065.00048828125 1064.74609375 1064.8076171875 1064.80029296875 1064.6458740234375 1064.1170654296875 1068.8282470703125 1072.6141357421875 1071.681396484375 1076.0701904296875 1082.0006103515625 1087.635986328125 1091.535400390625 1092.6114501953125 1094.6171875 1091.689697265625 1092.2962646484375 1094.8660888671875 1096.779296875 1098.326171875 1100.375
-9999 -9999 -9999 -9999 -9999 -9999 1066.567626953125 1066.4974365234375 1066.5091552734375 1066.4459228515625 1066.2659912109375 1066.3465576171875 1066.6380615234375 1067.3583984375 1066.397216796875 1066.5897216796875 1066.3282470703125 1066.8424072265625 1066.241455078125 1066.128173828125 1066.163818359375 1065.8140869140625 1065.9375 1065.7513427734375 1065.1513671875 1065.077392578125 1064.923828125 1064.683349609375 1065.451904296875 1067.0372314453125 1071.4639892578125 1077.6690673828125 1083.2730712890625 1081.6492919921875 1083.496826171875 1088.1142578125 1094.1536865234375 1099.880126953125 1100.15966796875 1103.6182861328125 1102.154052734375 1105.03125 1106.7420654296875 1108.5394287109375 1113.00732421875 1113.424072265625
-9999 -9999 -9999 -9999 -9999 1067.9351806640625 1066.993896484375 1067.472900390625 1067.328125 1067.6007080078125 1067.605712890625 1067.5806884765625 1067.669921875 1068.6396484375 1067.4730224609375 1067.12841796875 1066.810302734375 1066.448486328125 1066.3751220703125 1066.2996826171875 1066.2281494140625 1066.0294189453125 1066.067626953125 1065.8680419921875 1065.7840576171875 1065.5745849609375 1067.0616455078125 1073.156982421875 1077.9591064453125 1078.207275390625 1083.193115234375 1090.94921875 1094.1416015625 1094.9051513671875 1097.2423095703125 1100.903564453125 1102.749267578125 1106.9786376953125 1111.8292236328125 1113.7403564453125 1114.7940673828125 1119.123046875 1122.932861328125 1124.921142578125 1129.2117919921875 1130.8759765625
-9999 -9999 -9999 -9999 -9999 1068.4862060546875 1069.0797119140625 1069.52294921875 1069.796875 1069.730224609375 1069.75927734375 1070.8375244140625 1069.7225341796875 1070.2889404296875 1069.621826171875 1068.013916015625 1067.1768798828125 1066.797607421875 1066.5743408203125 1066.8394775390625 1066.5428466796875 1066.7047119140625 1066.62841796875 1067.4354248046875 1070.171875 1074.3607177734375 1079.7552490234375 1087.5606689453125 1093.529052734375 1094.161865234375 1095.8336181640625 1103.0745849609375 1106.6180419921875 1109.2769775390625 1111.8116455078125 1115.3724365234375 1117.3314208984375 1115.6300048828125 1120.7890625 1121.381591796875 1126.973388671875 1133.0048828125 1135.86669921875 1139.6473388671875 1144.2159423828125 1143.939453125
-9999 -9999 -9999 -9999 -9999 1070.93359375 1071.484130859375 1071.43994140625 1071.5079345703125 1071.7442626953125 1072.2010498046875 1073.31689453125 1073.5885009765625 1070.7747802734375 1071.663330078125 1069.8070068359375 1068.981689453125 1068.1961669921875 1067.52978515625 1067.3316650390625 1067.0870361328125 1072.1312255859375 1072.7469482421875 1076.19580078125 1085.0426025390625 1090.953369140625 1096.2384033203125 1102.3389892578125 1109.369873046875 1110.263427734375 1113.4691162109375 1118.2552490234375 1120.1025390625 1124.4075927734375 1127.526611328125 1131.2269287109375 1134.264404296875 1132.52392578125 1131.3974609375 1130.1737060546875 1141.527587890625 1149.7083740234375 1155.5684814453125 1155.67822265625 1164.756591796875 1158.9139404296875
-9999 -9999 -9999 -9999 -9999 1073.21533203125 1074.0302734375 1074.176513671875 1073.65283203125 1073.746826171875 1074.4288330078125 1074.8626708984375 1074.8670654296875 1072.253173828125 1073.590576171875 1072.292724609375 1071.6304931640625 1071.685546875 1070.0367431640625 1067.3238525390625 1070.169677734375 1079.053466796875 1085.8828125 1091.017822265625 1100.0548095703125 1107.8841552734375 1116.9990234375 1147.197265625 1125.7171630859375 1130.5638427734375 1131.5968017578125 1133.4765625 1133.5361328125 1138.742431640625 1145.579833984375 1149.2425537109375 1152.788818359375 1163.917724609375 1169.812255859375 1143.3680419921875 1151.1754150390625 1177.706787109375 1185.853759765625 1180.2784423828125 1178.4141845703125 1177.2216796875
-9999 -9999 -9999 -9999 -9999 1076.311767578125 1076.789306640625 1077.7359619140625 1076.8851318359375 1077.9066162109375 1077.660888671875 1077.804931640625 1077.455810546875 1072.21630859375 1076.6845703125 1076.2406005859375 1076.5579833984375 1076.689208984375 1073.79931640625 1074.0001220703125 1081.4246826171875 1088.9130859375 1093.4542236328125 1107.765869140625 1119.1282958984375 1128.978759765625 1144.9256591796875 1167.376953125 1143.6190185546875 1154.4427490234375 1158.1844482421875 1156.53662109375 1153.700927734375 1161.2838134765625 1162.5277099609375 1178.4871826171875 1173.541748046875 1188.14208984375 1187.1676025390625 1174.63134765625 1156.1353759765625 1198.33837890625 1198.9744873046875 1194.6185302734375 1194.6875 1196.2957763671875
-9999 -9999 -9999 -9999 1078.78564453125 1079.811767578125 1080.4957275390625 1081.51025390625 1080.81884765625 1080.9339599609375 1080.7308349609375 1080.4366455078125 1079.7327880859375 1076.0526123046875 1081.80908203125 1082.6007080078125 1082.6812744140625 1082.0426025390625 1082.410400390625 1085.779296875 1092.6104736328125 1100.4654541015625 1110.3599853515625 1123.309326171875 1139.134521484375 1153.5933837890625 1165.5858154296875 1173.9173583984375 1182.0626220703125 1186.7913818359375 1181.17138671875 1186.5986328125 1187.892822265625 1174.4063720703125 1197.4718017578125 1204.1607666015625 1204.480224609375 1204.2835693359375 1204.70361328125 1201.6492919921875 1188.3690185546875 1185.8843994140625 1207.8919677734375 1209.093017578125 1211.8109130859375 1211.2120361328125
-9999 -9999 -9999 -9999 1082.18505859375 1083.096435546875 1084.4168701171875 1085.231201171875 1084.0736083984375 1084.607421875 1084.488037109375 1083.352783203125 1082.622314453125 1079.5364990234375 1086.3480224609375 1088.552001953125 1088.7669677734375 1089.7891845703125 1092.2919921875 1096.56982421875 1103.58349609375 1112.171875 1123.3509521484375 1131.4345703125 1145.1533203125 1162.058837890625 1174.155517578125 1181.8514404296875 1189.9461669921875 1195.6890869140625 1199.2984619140625 1198.9075927734375 1201.16064453125 1192.289794921875 1202.8841552734375 1214.19873046875 1214.5625 1216.4320068359375 1215.185791015625 1213.2930908203125 1210.6678466796875 1202.680419921875 1200.643310546875 1222.255615234375 1222.6776123046875 1227.069091796875
-9999 -9999 -9999 -9999 1085.9619140625 1086.9775390625 1088.2786865234375 1089.3270263671875 1088.2740478515625 1088.385498046875 1088.153076171875 1087.0208740234375 1084.1763916015625 1086.0953369140625 1090.62255859375 1095.3770751953125 1095.88916015625 1096.9559326171875 1101.876708984375 1107.27197265625 1114.8985595703125 1125.1650390625 1136.9873046875 1153.86767578125 1164.7603759765625 1166.9315185546875 1179.2071533203125 1191.0013427734375 1199.0018310546875 1203.6761474609375 1208.45654296875 1211.1395263671875 1212.689697265625 1213.7083740234375 1215.4581298828125 1223.9405517578125 1227.0509033203125 1226.5198974609375 1227.4923095703125 1224.2177734375 1223.4627685546875 1222.6239013671875 1217.645751953125 1214.06787109375 1236.1376953125 1238.9412841796875
-9999 -9999 -9999 -9999 1089.2230224609375 1090.9622802734375 1092.7593994140625 1093.7213134765625 1093.35595703125 1092.6488037109375 1092.4326171875 1090.337158203125 1087.834228515625 1086.91259765625 1092.4490966796875 1100.4688720703125 1103.031982421875 1105.7835693359375 1112.9180908203125 1118.2076416015625 1126.1160888671875 1138.377197265625 1152.5296630859375 1165.7337646484375 1177.07373046875 1186.8221435546875 1195.09765625 1201.5189208984375 1208.0509033203125 1214.1038818359375 1217.927490234375 1221.171630859375 1225.1109619140625 1228.0406494140625 1228.2283935546875 1234.8612060546875 1237.400634765625 1238.2310791015625 1238.9339599609375 1236.9892578125 1235.658203125 1236.315673828125 1240.494140625 1239.1666259765625 1247.235595703125 1251.536376953125
-9999 -9999 -9999 1088.46337890625 1091.9871826171875 1095.1505126953125 1098.0482177734375 1098.257080078125 1098.450927734375 1097.9180908203125 1097.143310546875 1093.4578857421875 1090.519287109375 1095.0506591796875 1100.70361328125 1107.5078125 1109.71044921875 1115.310546875 1120.94580078125 1128.77880859375 1138.1380615234375 1149.2237548828125 1165.0030517578125 1177.414794921875 1190.033447265625 1197.5206298828125 1205.1756591796875 1213.038330078125 1218.755615234375 1224.2850341796875 1228.507080078125 1232.3858642578125 1236.5118408203125 1241.7125244140625 1242.2926025390625 1246.97802734375 1249.4393310546875 1250.7344970703125 1251.6627197265625 1250.7667236328125 1248.1285400390625 1246.0526123046875 1250.69580078125 1251.3714599609375 1258.5892333984375 1264.064697265625
-9999 -9999 -9999 1091.0433349609375 1094.6636962890625 1098.87744140625 1102.60546875 1103.1754150390625 1102.9217529296875 1103.51220703125 1098.9248046875 1095.9300537109375 1098.0565185546875 1103.6500244140625 1109.790283203125 1115.209228515625 1119.1771240234375 1125.2598876953125 1132.64111328125 1136.8311767578125 1147.4471435546875 1161.2899169921875 1176.3990478515625 1188.6068115234375 1199.0333251953125 1208.3328857421875 1215.4249267578125 1223.868896484375 1230.893798828125 1235.8731689453125 1240.53466796875 1244.5699462890625 1247.9283447265625 1254.4522705078125 1257.466064453125 1260.849365234375 1262.0740966796875 1264.418212890625 1265.1123046875 1264.5362548828125 1261.4552001953125 1259.4315185546875 1266.0045166015625 1262.47265625 1272.580322265625 1277.9415283203125
-9999 -9999 -9999 1093.8553466796875 1097.3529052734375 1101.1717529296875 1106.954833984375 1108.3798828125 1108.6453857421875 1106.7791748046875 1105.6141357421875 1104.2529296875 1110.719482421875 1113.9483642578125 1120.9344482421875 1124.3939208984375 1131.2509765625 1128.158203125 1136.6446533203125 1146.8486328125 1158.31103515625 1170.9085693359375 1188.4224853515625 1200.28271484375 1212.680419921875 1223.06396484375 1238.074462890625 1239.8740234375 1239.9168701171875 1247.7694091796875 1251.6187744140625 1257.2244873046875 1261.8304443359375 1267.779541015625 1273.4288330078125 1275.5096435546875 1275.515380859375 1277.8984375 1279.781494140625 1280.1085205078125 1275.8907470703125 1282.439208984375 1294.4124755859375 1289.9818115234375 1291.425537109375 1296.70556640625
-9999 -9999 -9999 1097.119384765625 1099.78955078125 1104.3504638671875 1109.24609375 1112.7882080078125 1113.512939453125 1111.9031982421875 1113.4505615234375 1114.64892578125 1121.82958984375 1128.1766357421875 1135.0260009765625 1136.7054443359375 1142.52392578125 1134.7691650390625 1148.1453857421875 1151.206298828125 1172.4951171875 1183.825439453125 1194.72900390625 1211.2391357421875 1224.267333984375 1237.24609375 1246.715576171875 1252.5020751953125 1252.5181884765625 1257.9676513671875 1263.996337890625 1270.764404296875 1278.746337890625 1289.51513671875 1289.47314453125 1291.678955078125 1291.6298828125 1292.7569580078125 1293.1790771484375 1297.1605224609375 1321.08740234375 1299.463623046875 1312.4967041015625 1306.0743408203125 1312.3475341796875 1315.2474365234375
