AvaFrame/avaframe/data/avaKot/Avaflow_Input_Output_old/DEM_rec_20.asc
ncols        88
nrows        125
xllcorner    176963.431225062726
yllcorner    376270.315049720171
cellsize     20.000000000000
NODATA_value  -9999
[rows 84 to 104 of 125, columns 0 to 45 of 88]
-9999 -9999 -9999 -9999 1411.7574462890625 1423.1717529296875 1427.5753173828125 1435.08837890625 1436.810302734375 1440.2408447265625 1452.927978515625 1446.2103271484375 1461.42333984375 1471.998046875 1472.3536376953125 1476.61083984375 1461.890625 1455.9129638671875 1475.0257568359375 1495.4954833984375 1513.53466796875 1537.0902099609375 1554.4515380859375 1560.3922119140625 1573.7818603515625 1605.6187744140625 1606.5936279296875 1619.099853515625 1626.2147216796875 1622.88232421875 1628.636474609375 1638.3348388671875 1643.192138671875 1647.7557373046875 1659.923583984375 1675.754150390625 1683.930908203125 1680.384765625 1672.3145751953125 1665.299560546875 1661.7872314453125 1657.810546875 1655.6290283203125 1651.1932373046875 1642.6748046875 1640.8292236328125
-9999 -9999 -9999 -9999 1428.552001953125 1444.3411865234375 1449.3983154296875 1453.470703125 1455.755126953125 1457.8299560546875 1471.6513671875 1468.99951171875 1478.943603515625 1494.4022216796875 1489.5106201171875 1495.3741455078125 1479.26123046875 1460.37890625 1482.494873046875 1501.564208984375 1526.3896484375 1539.020751953125 1559.601806640625 1574.56103515625 1588.266357421875 1621.229736328125 1630.4036865234375 1637.0341796875 1639.5125732421875 1638.3626708984375 1651.51416015625 1656.768798828125 1659.5445556640625 1662.6031494140625 1678.72802734375 1699.36279296875 1699.743408203125 1691.0020751953125 1686.744384765625 1679.530517578125 1679.7113037109375 1675.114990234375 1669.619873046875 1666.030029296875 1660.4022216796875 1651.9339599609375
-9999 -9999 -9999 -9999 1434.3916015625 1457.6099853515625 1464.956787109375 1468.4603271484375 1479.229736328125 1479.550048828125 1493.1123046875 1502.5574951171875 1509.492431640625 1515.3031005859375 1512.3720703125 1515.766357421875 1506.053466796875 1474.2041015625 1486.6075439453125 1528.611083984375 1537.29345703125 1551.9151611328125 1562.89111328125 1580.6202392578125 1605.396728515625 1621.2032470703125 1633.5531005859375 1644.9686279296875 1654.135498046875 1654.04248046875 1661.3414306640625 1673.5018310546875 1676.952392578125 1691.2550048828125 1701.9560546875 1714.710205078125 1713.83740234375 1707.1009521484375 1702.0167236328125 1697.303466796875 1695.2940673828125 1690.1507568359375 1688.512451171875 1683.1046142578125 1672.93359375 1662.1358642578125
-9999 -9999 -9999 -9999 -9999 1462.6036376953125 1482.634765625 1490.67626953125 1502.07421875 1510.2105712890625 1519.5003662109375 1525.6610107421875 1530.7623291015625 1532.989013671875 1536.26123046875 1531.5372314453125 1513.808837890625 1488.588134765625 1499.5301513671875 1516.2666015625 1538.2208251953125 1553.4434814453125 1574.991943359375 1595.5313720703125 1607.2821044921875 1621.1744384765625 1637.072265625 1653.147705078125 1665.36376953125 1670.45556640625 1676.45703125 1687.3970947265625 1696.99365234375 1718.64794921875 1726.9317626953125 1737.0137939453125 1731.363037109375 1719.51025390625 1715.0052490234375 1712.5394287109375 1709.5164794921875 1707.051513671875 1703.0521240234375 1695.3834228515625 1684.453369140625 1656.6051025390625
-9999 -9999 -9999 -9999 -9999 1497.1514892578125 1512.9722900390625 1513.9285888671875 1528.5694580078125 1541.17724609375 1540.5296630859375 1550.9337158203125 1548.907470703125 1560.3582763671875 1561.6143798828125 1560.3931884765625 1536.8590087890625 1515.5611572265625 1501.005859375 1525.7008056640625 1548.316650390625 1569.844482421875 1592.1981201171875 1617.36572265625 1621.2335205078125 1631.22900390625 1646.2764892578125 1663.567138671875 1678.1533203125 1685.774169921875 1689.5528564453125 1699.8651123046875 1723.2291259765625 1737.4871826171875 1746.4215087890625 1750.451171875 1739.79052734375 1730.68212890625 1729.26904296875 1727.68212890625 1725.34521484375 1720.8087158203125 1716.5543212890625 1705.4935302734375 1686.6373291015625 1666.87744140625
-9999 -9999 -9999 -9999 -9999 -9999 1502.8345947265625 1519.79931640625 1543.8165283203125 1558.1029052734375 1564.5140380859375 1567.0677490234375 1570.2791748046875 1578.0589599609375 1587.2908935546875 1591.3839111328125 1581.29150390625 1545.3846435546875 1507.6614990234375 1537.186279296875 1548.406494140625 1571.880615234375 1606.84228515625 1624.78515625 1638.4915771484375 1651.0396728515625 1659.9755859375 1676.5084228515625 1700.1448974609375 1713.522216796875 1717.826171875 1719.4178466796875 1725.6756591796875 1745.482421875 1759.5234375 1762.097900390625 1753.6748046875 1744.9893798828125 1739.94482421875 1739.602294921875 1733.82666015625 1730.4505615234375 1725.3447265625 1712.035400390625 1684.6998291015625 1694.416748046875
-9999 -9999 -9999 -9999 -9999 -9999 1498.5072021484375 1506.5572509765625 1557.5179443359375 1570.9937744140625 1583.2257080078125 1583.970458984375 1593.91748046875 1611.71337890625 1617.8768310546875 1609.284423828125 1609.775146484375 1580.6949462890625 1522.1231689453125 1538.640625 1556.8447265625 1579.722412109375 1601.934814453125 1625.405517578125 1645.2880859375 1667.5994873046875 1680.177490234375 1703.5350341796875 1718.05712890625 1729.6170654296875 1742.3411865234375 1747.2806396484375 1748.12353515625 1757.98095703125 1768.2049560546875 1775.6522216796875 1770.744873046875 1759.9429931640625 1751.3941650390625 1749.6756591796875 1745.8900146484375 1743.129638671875 1733.7369384765625 1707.305908203125 1706.874755859375 1713.3878173828125
-9999 -9999 -9999 -9999 -9999 -9999 -9999 1516.6951904296875 1540.1644287109375 1569.55908203125 1595.48876953125 1615.36376953125 1625.0682373046875 1635.037109375 1640.239013671875 1632.782470703125 1620.545166015625 1607.041748046875 1544.2513427734375 1543.4732666015625 1580.183837890625 1589.970703125 1604.1162109375 1621.57666015625 1657.2347412109375 1671.7891845703125 1697.0927734375 1707.3653564453125 1719.022705078125 1734.07958984375 1749.870849609375 1759.967529296875 1766.434326171875 1774.59326171875 1784.5562744140625 1789.5140380859375 1781.88037109375 1770.1630859375 1763.5302734375 1759.289794921875 1755.5357666015625 1750.8717041015625 1736.106689453125 1720.115966796875 1727.8966064453125 1731.3682861328125
-9999 -9999 -9999 -9999 -9999 -9999 -9999 1533.065673828125 1538.68505859375 1562.5745849609375 1587.656982421875 1619.68115234375 1637.8035888671875 1647.8946533203125 1650.6021728515625 1650.5343017578125 1644.924072265625 1639.668212890625 1602.3121337890625 1560.6248779296875 1582.2098388671875 1600.6895751953125 1613.2353515625 1643.0853271484375 1656.155029296875 1665.4588623046875 1689.9329833984375 1707.293701171875 1723.047119140625 1740.015380859375 1758.6214599609375 1770.706298828125 1779.9097900390625 1787.7744140625 1797.720703125 1799.6363525390625 1792.68798828125 1779.5267333984375 1775.8199462890625 1772.462158203125 1767.2154541015625 1759.701904296875 1744.511474609375 1736.7532958984375 1744.8189697265625 1748.914794921875
-9999 -9999 -9999 -9999 -9999 -9999 -9999 1569.132568359375 1544.7137451171875 1554.671630859375 1584.4515380859375 1611.759521484375 1644.81298828125 1648.6884765625 1659.40966796875 1663.236572265625 1656.274169921875 1634.9332275390625 1625.5660400390625 1573.5592041015625 1600.7276611328125 1615.2548828125 1631.6728515625 1640.48583984375 1653.9644775390625 1669.237548828125 1686.2373046875 1706.7384033203125 1735.2166748046875 1755.035400390625 1770.8966064453125 1781.2110595703125 1793.3460693359375 1803.747314453125 1807.5826416015625 1801.01611328125 1796.7239990234375 1791.0179443359375 1788.8897705078125 1784.1129150390625 1777.7801513671875 1766.26318359375 1759.5020751953125 1752.703369140625 1760.0281982421875 1768.47216796875
-9999 -9999 -9999 -9999 -9999 -9999 -9999 -9999 1582.914794921875 1559.8985595703125 1576.7083740234375 1606.913330078125 1617.6802978515625 1634.5145263671875 1659.216796875 1678.412109375 1673.47119140625 1652.5911865234375 1629.331787109375 1595.603759765625 1610.5963134765625 1633.0897216796875 1647.1497802734375 1653.264892578125 1658.323486328125 1671.6865234375 1686.9110107421875 1711.5704345703125 1751.6502685546875 1777.0657958984375 1784.7958984375 1792.7147216796875 1806.6328125 1814.115966796875 1816.593994140625 1809.208740234375 1805.634765625 1802.6072998046875 1800.697509765625 1796.1319580078125 1788.348388671875 1782.0880126953125 1776.9150390625 1773.111083984375 1786.037109375 1794.3704833984375
-9999 -9999 -9999 -9999 -9999 -9999 -9999 -9999 1601.05859375 1574.705810546875 1583.3072509765625 1600.228515625 1616.45166015625 1644.487060546875 1690.90234375 1691.1715087890625 1686.7977294921875 1672.8104248046875 1644.6324462890625 1629.31494140625 1612.0904541015625 1632.2640380859375 1651.134521484375 1669.0087890625 1675.6683349609375 1692.54345703125 1714.251708984375 1746.23291015625 1764.520263671875 1783.0517578125 1792.9390869140625 1804.27978515625 1818.056640625 1827.397216796875 1829.397216796875 1826.70703125 1817.1446533203125 1812.819091796875 1812.0372314453125 1807.3309326171875 1801.8834228515625 1797.58642578125 1793.2899169921875 1801.609130859375 1814.2396240234375 1817.3065185546875
-9999 -9999 -9999 -9999 -9999 -9999 -9999 -9999 -9999 1601.3160400390625 1593.79345703125 1611.1004638671875 1630.152587890625 1671.661376953125 1702.035400390625 1707.370849609375 1703.1854248046875 1701.9097900390625 1676.4781494140625 1640.927490234375 1625.552978515625 1643.3206787109375 1660.8914794921875 1687.7286376953125 1719.533203125 1744.333251953125 1752.7154541015625 1760.5892333984375 1767.73974609375 1787.132080078125 1801.1085205078125 1814.7249755859375 1832.7764892578125 1842.0853271484375 1840.69482421875 1834.850830078125 1829.0286865234375 1824.447021484375 1824.67578125 1821.0264892578125 1818.10791015625 1817.46826171875 1817.1121826171875 1818.22412109375 1837.1669921875 1839.16845703125
-9999 -9999 -9999 -9999 -9999 -9999 -9999 -9999 -9999 1609.3197021484375 1592.453369140625 1626.3040771484375 1650.0416259765625 1684.1881103515625 1712.040771484375 1719.7762451171875 1723.8355712890625 1719.358154296875 1693.767333984375 1653.9381103515625 1634.53662109375 1654.708251953125 1683.6759033203125 1709.7958984375 1732.1448974609375 1753.731689453125 1765.624267578125 1777.74609375 1782.072998046875 1788.22265625 1811.0943603515625 1826.75537109375 1841.7576904296875 1845.48828125 1844.5858154296875 1844.6689453125 1841.641357421875 1842.2921142578125 1840.1798095703125 1841.72705078125 1842.5211181640625 1839.2021484375 1839.2889404296875 1837.4718017578125 1846.1043701171875 1859.7943115234375
-9999 -9999 -9999 -9999 -9999 -9999 -9999 -9999 -9999 1629.233154296875 1600.865234375 1637.2886962890625 1661.343017578125 1693.910400390625 1717.597412109375 1726.897705078125 1731.72021484375 1728.1265869140625 1707.7481689453125 1692.147216796875 1645.8912353515625 1665.414794921875 1686.63671875 1714.073486328125 1742.83740234375 1764.8389892578125 1780.78759765625 1797.0184326171875 1798.511474609375 1809.338134765625 1821.3302001953125 1835.1673583984375 1844.0679931640625 1852.572998046875 1856.2288818359375 1856.7955322265625 1856.48193359375 1859.65625 1860.5914306640625 1863.9522705078125 1860.7122802734375 1857.1251220703125 1856.77099609375 1854.4393310546875 1859.6231689453125 1874.16357421875
-9999 -9999 -9999 -9999 -9999 -9999 -9999 -9999 -9999 -9999 1610.2095947265625 1656.0462646484375 1686.3236083984375 1704.037353515625 1726.487060546875 1739.3267822265625 1743.0123291015625 1737.482421875 1731.5908203125 1714.7200927734375 1662.35595703125 1671.0850830078125 1697.721435546875 1729.797119140625 1752.16552734375 1768.961669921875 1794.714111328125 1819.7254638671875 1825.4876708984375 1823.6815185546875 1828.417236328125 1843.6839599609375 1862.339111328125 1870.7044677734375 1868.52880859375 1869.2515869140625 1870.5560302734375 1872.7884521484375 1875.2508544921875 1878.36083984375 1876.0301513671875 1874.752685546875 1873.4422607421875 1871.525390625 1875.5029296875 1891.343505859375
-9999 -9999 -9999 -9999 -9999 -9999 -9999 -9999 -9999 -9999 1635.7711181640625 1672.8192138671875 1694.0849609375 1709.5653076171875 1743.3614501953125 1749.4036865234375 1751.150146484375 1751.404541015625 1746.1065673828125 1711.062744140625 1689.521240234375 1690.8253173828125 1713.8089599609375 1727.7105712890625 1747.0965576171875 1774.225830078125 1806.2213134765625 1832.7779541015625 1838.0614013671875 1837.12060546875 1842.66064453125 1853.769775390625 1870.764892578125 1879.855712890625 1880.431396484375 1884.1517333984375 1885.5621337890625 1887.76025390625 1890.9140625 1895.049560546875 1897.3192138671875 1895.8729248046875 1894.29541015625 1894.2015380859375 1891.0579833984375 1903.017578125
-9999 -9999 -9999 -9999 -9999 -9999 -9999 -9999 -9999 -9999 -9999 1681.082763671875 1702.7218017578125 1731.5631103515625 1744.2406005859375 1753.162841796875 1758.693359375 1761.4808349609375 1750.2218017578125 1739.7591552734375 1707.33154296875 1710.7215576171875 1735.170166015625 1741.1385498046875 1768.1448974609375 1791.09814453125 1812.322998046875 1831.84033203125 1845.305419921875 1850.5894775390625 1864.8111572265625 1873.20703125 1881.329345703125 1888.0853271484375 1892.7281494140625 1897.494384765625 1900.2640380859375 1903.5924072265625 1907.1444091796875 1912.3770751953125 1917.0155029296875 1918.6810302734375 1916.0084228515625 1910.651123046875 1908.2099609375 1917.587158203125
-9999 -9999 -9999 -9999 -9999 -9999 -9999 -9999 -9999 -9999 -9999 1688.8055419921875 1708.5208740234375 1727.8345947265625 1751.5611572265625 1761.7828369140625 1770.252685546875 1773.2188720703125 1760.2633056640625 1745.0467529296875 1729.1298828125 1727.7012939453125 1758.7412109375 1757.9156494140625 1781.621826171875 1798.558837890625 1825.3111572265625 1841.436279296875 1853.115966796875 1865.1605224609375 1875.7821044921875 1888.43701171875 1894.91552734375 1898.3900146484375 1903.684814453125 1910.54150390625 1915.8568115234375 1921.0626220703125 1926.698486328125 1929.2269287109375 1934.0238037109375 1940.48291015625 1936.5906982421875 1926.998779296875 1925.562744140625 1932.5643310546875
-9999 -9999 -9999 -9999 -9999 -9999 -9999 -9999 -9999 -9999 -9999 1696.30859375 1713.8289794921875 1732.9661865234375 1746.9404296875 1779.8004150390625 1795.7056884765625 1795.0301513671875 1781.7667236328125 1769.061279296875 1749.47021484375 1732.158935546875 1769.1036376953125 1775.7344970703125 1793.028076171875 1817.64892578125 1833.231689453125 1844.8372802734375 1860.2779541015625 1873.78271484375 1884.757080078125 1901.081298828125 1906.388427734375 1910.1982421875 1915.3114013671875 1922.8509521484375 1931.2554931640625 1937.6046142578125 1944.4613037109375 1948.042236328125 1956.3251953125 1964.003662109375 1959.322265625 1945.1451416015625 1944.9722900390625 1956.2191162109375
-9999 -9999 -9999 -9999 -9999 -9999 -9999 -9999 -9999 -9999 -9999 -9999 1725.4510498046875 1742.600830078125 1765.29248046875 1786.383056640625 1813.7742919921875 1821.3021240234375 1814.1346435546875 1786.9989013671875 1771.3262939453125 1750.8182373046875 1776.329345703125 1789.462646484375 1802.1832275390625 1833.731689453125 1851.0391845703125 1857.14892578125 1869.638427734375 1882.595703125 1899.8319091796875 1911.4703369140625 1916.6190185546875 1921.32421875 1927.41357421875 1935.0872802734375 1944.029052734375 1951.7213134765625 1957.9786376953125 1964.6812744140625 1973.58154296875 1983.70361328125 1979.2977294921875 1964.2525634765625 1963.2880859375 1980.0218505859375
