AvaFrame/avaframe/data/avaKot/Avaflow_Input_Output_old/DEM_rec_20.asc
ncols        88
nrows        125
xllcorner    176963.431225062726
yllcorner    376270.315049720171
cellsize     20.000000000000
NODATA_value  -9999
[rows 63 to 83 of 125, columns 0 to 45 of 88]
-9999 -9999 1099.8197021484375 1102.86328125 1103.8936767578125 1106.2437744140625 1111.2021484375 1116.69384765625 1120.4849853515625 1117.4000244140625 1122.5126953125 1124.955322265625 1133.475830078125 1139.3675537109375 1144.66064453125 1153.0531005859375 1161.2620849609375 1147.40234375 1160.78564453125 1165.7623291015625 1170.8466796875 1183.9356689453125 1200.3427734375 1218.3116455078125 1228.50634765625 1241.9945068359375 1253.8212890625 1263.234375 1266.7144775390625 1271.1488037109375 1276.8055419921875 1283.35986328125 1292.30517578125 1299.337646484375 1304.9637451171875 1308.5184326171875 1320.382568359375 1334.64404296875 1345.128173828125 1340.17041015625 1340.8321533203125 1331.37548828125 1318.984375 1324.9964599609375 1329.453369140625 1332.10107421875
-9999 -9999 1106.4654541015625 1108.913330078125 1109.3375244140625 1107.39990234375 1112.3699951171875 1119.1607666015625 1125.3707275390625 1124.583984375 1132.9017333984375 1135.93310546875 1144.6356201171875 1151.740478515625 1159.7425537109375 1165.4061279296875 1173.5784912109375 1163.0556640625 1167.0966796875 1176.4931640625 1191.322998046875 1197.270751953125 1213.100341796875 1220.8856201171875 1238.1627197265625 1250.6612548828125 1263.0162353515625 1274.615966796875 1280.1298828125 1284.475341796875 1290.4163818359375 1296.1104736328125 1303.1558837890625 1315.390869140625 1320.5985107421875 1325.8072509765625 1344.78662109375 1360.234375 1356.9384765625 1358.442138671875 1352.34326171875 1345.310791015625 1336.609130859375 1336.8343505859375 1343.3995361328125 1345.94970703125
-9999 -9999 1113.9647216796875 1116.6507568359375 1115.2265625 1118.4344482421875 1124.3809814453125 1129.4508056640625 1137.067626953125 1129.8486328125 1143.2706298828125 1149.480712890625 1158.80908203125 1169.90869140625 1175.4615478515625 1181.6922607421875 1188.43359375 1180.2325439453125 1183.814208984375 1195.38818359375 1209.0677490234375 1215.5003662109375 1228.0518798828125 1231.325927734375 1243.3499755859375 1258.6131591796875 1270.21240234375 1281.203857421875 1292.7236328125 1298.100830078125 1305.239013671875 1314.3690185546875 1322.580078125 1338.7308349609375 1338.826416015625 1356.2681884765625 1370.609619140625 1371.3233642578125 1367.4307861328125 1368.1270751953125 1362.6666259765625 1356.8035888671875 1353.6986083984375 1348.8851318359375 1356.3251953125 1361.9932861328125
-9999 -9999 1120.311279296875 1124.0302734375 1122.9326171875 1130.571533203125 1137.682861328125 1142.70703125 1150.2747802734375 1138.845703125 1158.8291015625 1167.4786376953125 1175.8507080078125 1181.5377197265625 1191.84619140625 1197.84375 1204.144287109375 1193.1241455078125 1200.5345458984375 1212.727783203125 1217.8197021484375 1229.4901123046875 1237.976806640625 1249.00927734375 1255.1695556640625 1269.1065673828125 1282.1500244140625 1293.602294921875 1304.845947265625 1311.9422607421875 1325.81884765625 1334.95068359375 1335.51953125 1351.77685546875 1363.4527587890625 1371.50830078125 1381.4530029296875 1384.1968994140625 1380.2252197265625 1379.0753173828125 1371.6893310546875 1367.6138916015625 1363.6142578125 1363.7578125 1368.724853515625 1374.2525634765625
-9999 1126.3963623046875 1128.4705810546875 1131.8695068359375 1138.16455078125 1143.5908203125 1150.9642333984375 1157.54541015625 1152.1456298828125 1149.009765625 1161.75244140625 1177.5762939453125 1195.3038330078125 1205.7322998046875 1208.10107421875 1216.2427978515625 1220.876708984375 1208.459716796875 1218.4525146484375 1226.3468017578125 1227.09423828125 1239.2379150390625 1252.0587158203125 1261.94970703125 1273.9287109375 1270.5831298828125 1294.50439453125 1317.4197998046875 1323.6055908203125 1330.5321044921875 1339.6575927734375 1348.7237548828125 1354.0125732421875 1361.236572265625 1375.8048095703125 1391.6126708984375 1397.279296875 1398.908935546875 1398.9403076171875 1394.0457763671875 1383.73974609375 1380.3153076171875 1374.4615478515625 1377.2021484375 1382.985107421875 1386.288818359375
-9999 1138.3251953125 1140.42138671875 1139.59130859375 1151.5675048828125 1158.8292236328125 1168.847900390625 1171.4989013671875 1163.3782958984375 1154.4891357421875 1161.32763671875 1179.92529296875 1193.369140625 1216.45068359375 1229.1375732421875 1230.960693359375 1230.8350830078125 1231.751953125 1236.4036865234375 1241.480224609375 1245.0810546875 1241.7550048828125 1263.816650390625 1275.04833984375 1292.2001953125 1304.577880859375 1320.9027099609375 1331.7423095703125 1336.58203125 1344.1309814453125 1353.2642822265625 1361.0360107421875 1370.4066162109375 1393.580810546875 1391.220703125 1407.444091796875 1412.6075439453125 1411.5921630859375 1411.8466796875 1407.048828125 1399.3331298828125 1391.059814453125 1390.2598876953125 1387.8985595703125 1397.6510009765625 1402.20263671875
-9999 1148.2978515625 1154.1002197265625 1157.14501953125 1158.293212890625 1169.680908203125 1182.0972900390625 1187.6060791015625 1183.952880859375 1170.91259765625 1171.086181640625 1181.62451171875 1222.1737060546875 1222.5281982421875 1237.906005859375 1242.21484375 1245.6683349609375 1253.537353515625 1254.3260498046875 1254.8673095703125 1266.713623046875 1271.05615234375 1275.9949951171875 1292.6673583984375 1306.3336181640625 1318.9609375 1335.6029052734375 1344.5833740234375 1350.9869384765625 1358.359619140625 1374.81591796875 1397.2020263671875 1406.1744384765625 1407.873291015625 1413.8536376953125 1423.7835693359375 1426.9683837890625 1426.3333740234375 1425.4693603515625 1420.228759765625 1413.9552001953125 1409.6070556640625 1403.8507080078125 1404.226318359375 1417.301025390625 1419.6768798828125
-9999 1159.509765625 1168.80029296875 1172.0675048828125 1166.2967529296875 1185.3453369140625 1195.1954345703125 1203.8472900390625 1215.500244140625 1213.5775146484375 1181.5504150390625 1190.1612548828125 1204.7242431640625 1217.9246826171875 1244.9578857421875 1252.122314453125 1260.609130859375 1266.7808837890625 1268.3394775390625 1268.306640625 1279.1697998046875 1286.9176025390625 1290.85595703125 1308.5556640625 1322.439453125 1330.5308837890625 1347.134033203125 1355.402587890625 1367.968017578125 1384.925537109375 1398.9420166015625 1409.701416015625 1418.650390625 1423.51953125 1429.6575927734375 1444.655517578125 1447.3946533203125 1444.978759765625 1440.429931640625 1440.2490234375 1433.940185546875 1431.013427734375 1428.6168212890625 1421.3604736328125 1435.0283203125 1436.8170166015625
1171.1898193359375 1176.890380859375 1183.90576171875 1189.2208251953125 1191.036865234375 1187.7896728515625 1207.654052734375 1218.1656494140625 1226.5548095703125 1208.6383056640625 1198.980224609375 1195.638916015625 1216.87255859375 1235.1064453125 1256.77685546875 1265.0426025390625 1276.127685546875 1283.4801025390625 1288.422119140625 1295.0606689453125 1301.7955322265625 1305.287841796875 1306.53466796875 1313.166748046875 1328.98388671875 1344.2086181640625 1357.8607177734375 1373.06396484375 1375.9837646484375 1392.7281494140625 1406.7630615234375 1418.5191650390625 1432.1060791015625 1446.374267578125 1451.4599609375 1466.7587890625 1468.61083984375 1463.8826904296875 1457.4505615234375 1455.07080078125 1449.90478515625 1448.088134765625 1442.1531982421875 1439.5916748046875 1451.029541015625 1452.1943359375
1183.9097900390625 1191.8961181640625 1197.91259765625 1207.133544921875 1213.520263671875 1212.5465087890625 1221.5587158203125 1228.989501953125 1237.6893310546875 1228.111328125 1239.8680419921875 1234.2735595703125 1255.776611328125 1270.5743408203125 1282.286865234375 1287.2864990234375 1293.035400390625 1300.018310546875 1308.361572265625 1308.0428466796875 1328.4937744140625 1330.23583984375 1341.3369140625 1334.9539794921875 1336.142822265625 1347.7989501953125 1369.79638671875 1384.74951171875 1395.296875 1395.9632568359375 1412.1588134765625 1432.88134765625 1455.1025390625 1476.5457763671875 1493.6219482421875 1484.5001220703125 1481.58740234375 1477.771484375 1473.6458740234375 1469.31982421875 1466.7772216796875 1463.7669677734375 1460.201416015625 1449.544189453125 1470.5789794921875 1470.920166015625
1198.5384521484375 1209.0362548828125 1209.9000244140625 1220.14794921875 1227.2987060546875 1231.1248779296875 1241.4097900390625 1242.51123046875 1251.12255859375 1257.3936767578125 1261.3084716796875 1252.58203125 1276.84375 1290.983154296875 1304.1080322265625 1304.193603515625 1310.7958984375 1316.5335693359375 1325.0072021484375 1334.8179931640625 1345.685302734375 1358.2120361328125 1367.225830078125 1368.65234375 1372.370849609375 1363.6815185546875 1374.302490234375 1393.1451416015625 1410.8966064453125 1421.9337158203125 1419.9609375 1441.5740966796875 1464.8155517578125 1490.87060546875 1507.1357421875 1499.1204833984375 1496.53271484375 1490.3778076171875 1488.4132080078125 1483.44384765625 1485.7530517578125 1485.4100341796875 1478.049560546875 1464.1263427734375 1490.5340576171875 1492.9564208984375
1215.3134765625 1224.9620361328125 1230.2100830078125 1233.9932861328125 1244.343994140625 1249.5054931640625 1255.7972412109375 1256.4464111328125 1262.3721923828125 1272.6033935546875 1277.2413330078125 1282.609375 1283.7183837890625 1300.818603515625 1314.32080078125 1320.3629150390625 1323.3753662109375 1331.779296875 1340.10888671875 1347.240234375 1363.3311767578125 1372.872802734375 1380.6114501953125 1387.8626708984375 1384.556884765625 1380.5413818359375 1389.7237548828125 1407.4576416015625 1431.3533935546875 1438.9072265625 1455.9207763671875 1460.1053466796875 1477.4981689453125 1509.043701171875 1515.8577880859375 1519.0721435546875 1512.430908203125 1506.854248046875 1503.6971435546875 1501.6734619140625 1503.36669921875 1505.624267578125 1486.3939208984375 1496.78125 1508.542724609375 1517.584228515625
1231.189208984375 1235.291259765625 1242.7879638671875 1251.2860107421875 1258.646484375 1264.22216796875 1266.9058837890625 1268.51708984375 1277.895263671875 1285.2733154296875 1292.5992431640625 1300.629638671875 1286.43115234375 1295.28369140625 1308.4747314453125 1310.0908203125 1333.7857666015625 1344.3927001953125 1354.6126708984375 1366.3931884765625 1377.6563720703125 1386.7001953125 1397.0396728515625 1402.5078125 1402.2503662109375 1403.630126953125 1419.760986328125 1434.6737060546875 1448.5504150390625 1475.7568359375 1486.5924072265625 1487.6441650390625 1496.1224365234375 1513.1395263671875 1526.8223876953125 1533.231689453125 1531.40380859375 1528.8360595703125 1524.190673828125 1518.408203125 1523.1456298828125 1520.5946044921875 1521.799560546875 1514.5322265625 1525.5980224609375 1532.98486328125
1245.5748291015625 1252.2021484375 1256.544921875 1265.0885009765625 1271.6875 1276.2818603515625 1280.4530029296875 1287.5941162109375 1292.4166259765625 1298.2037353515625 1305.373046875 1314.8800048828125 1321.4420166015625 1326.903564453125 1336.005859375 1330.8668212890625 1348.4329833984375 1354.7442626953125 1367.02001953125 1379.093994140625 1393.2325439453125 1401.9989013671875 1415.7041015625 1421.7818603515625 1421.220458984375 1426.54248046875 1425.1734619140625 1439.281005859375 1457.33837890625 1490.6387939453125 1505.1324462890625 1505.2904052734375 1500.7381591796875 1522.719482421875 1537.126708984375 1547.51123046875 1554.90771484375 1548.7042236328125 1543.7286376953125 1541.947998046875 1538.44287109375 1535.926513671875 1533.934814453125 1532.98388671875 1542.414794921875 1544.0631103515625
-9999 1264.652099609375 1270.4703369140625 1275.468994140625 1287.037353515625 1292.267822265625 1293.1380615234375 1304.61279296875 1311.99658203125 1319.1710205078125 1323.625244140625 1329.0753173828125 1337.296875 1342.0948486328125 1349.3681640625 1354.7718505859375 1356.8009033203125 1370.2889404296875 1381.898681640625 1392.3927001953125 1407.7371826171875 1428.6966552734375 1436.7286376953125 1440.08154296875 1442.8388671875 1448.081787109375 1457.3355712890625 1453.6751708984375 1463.4686279296875 1486.7918701171875 1509.5198974609375 1520.0338134765625 1519.9769287109375 1527.6995849609375 1543.6973876953125 1562.4234619140625 1570.5653076171875 1565.6737060546875 1560.8446044921875 1557.0067138671875 1553.03515625 1553.126953125 1544.263671875 1543.5416259765625 1555.252197265625 1553.5067138671875
-9999 1274.767822265625 1287.379150390625 1293.33984375 1301.3218994140625 1307.31787109375 1307.374755859375 1321.9002685546875 1327.873779296875 1333.539794921875 1342.92578125 1347.203125 1352.43359375 1356.3314208984375 1364.0423583984375 1371.111083984375 1374.0487060546875 1377.67578125 1398.694580078125 1412.6895751953125 1424.1533203125 1443.9888916015625 1459.518310546875 1459.8062744140625 1465.4619140625 1476.6966552734375 1483.2945556640625 1475.2373046875 1472.1439208984375 1492.431884765625 1511.753662109375 1529.825439453125 1536.369140625 1547.0814208984375 1567.21044921875 1576.078125 1580.71923828125 1577.630126953125 1574.197265625 1571.408447265625 1568.3160400390625 1566.6627197265625 1563.019775390625 1555.234130859375 1566.555419921875 1563.2464599609375
-9999 -9999 1302.0401611328125 1309.2021484375 1313.3985595703125 1322.915283203125 1328.224853515625 1328.9844970703125 1344.5098876953125 1353.85791015625 1358.263671875 1367.15380859375 1371.7725830078125 1375.513916015625 1382.2259521484375 1391.312744140625 1379.5660400390625 1383.07958984375 1402.785400390625 1416.9114990234375 1432.8125 1452.1571044921875 1471.739501953125 1479.3779296875 1489.74169921875 1496.586181640625 1495.3343505859375 1488.65869140625 1503.111083984375 1514.972900390625 1525.232177734375 1544.116455078125 1553.120361328125 1568.4766845703125 1578.830078125 1588.8507080078125 1591.8819580078125 1594.29150390625 1592.9869384765625 1588.03369140625 1584.4200439453125 1578.4937744140625 1580.440673828125 1571.3905029296875 1579.924560546875 1575.365966796875
-9999 -9999 1315.2471923828125 1325.8631591796875 1332.4990234375 1343.4844970703125 1352.14794921875 1362.8543701171875 1354.6044921875 1374.7015380859375 1380.990478515625 1385.66064453125 1390.12890625 1394.053466796875 1400.021728515625 1405.74951171875 1381.8499755859375 1395.840087890625 1411.0889892578125 1429.746826171875 1448.5609130859375 1468.7919921875 1480.86328125 1493.27490234375 1504.10986328125 1511.7396240234375 1513.0064697265625 1513.837890625 1533.290771484375 1537.72705078125 1548.0369873046875 1562.711181640625 1580.4267578125 1586.356689453125 1596.6182861328125 1601.8719482421875 1608.019775390625 1616.614013671875 1609.8404541015625 1605.841552734375 1600.7274169921875 1594.8602294921875 1591.9317626953125 1590.8843994140625 1593.873291015625 1586.3651123046875
-9999 -9999 1331.081787109375 1339.5662841796875 1351.955810546875 1355.1448974609375 1370.2955322265625 1380.2646484375 1385.6455078125 1384.5369873046875 1395.8873291015625 1400.1973876953125 1405.828369140625 1413.2059326171875 1413.3421630859375 1421.8753662109375 1403.7989501953125 1410.061279296875 1434.0513916015625 1448.2821044921875 1462.1094970703125 1477.51708984375 1496.574462890625 1514.236572265625 1521.9315185546875 1540.81591796875 1544.715576171875 1541.3402099609375 1559.222412109375 1572.11865234375 1570.2122802734375 1579.0152587890625 1599.182373046875 1601.09130859375 1609.81201171875 1625.8251953125 1635.570556640625 1632.3970947265625 1630.0789794921875 1624.2415771484375 1617.560791015625 1610.026611328125 1606.32177734375 1604.4102783203125 1605.50927734375 1594.876708984375
-9999 -9999 -9999 1358.2059326171875 1371.509765625 1380.8333740234375 1388.4107666015625 1395.768798828125 1403.4849853515625 1407.529296875 1411.880859375 1416.9840087890625 1421.1427001953125 1427.9908447265625 1432.3350830078125 1436.484619140625 1437.331787109375 1434.793212890625 1453.42236328125 1471.1517333984375 1491.813232421875 1500.7939453125 1525.2008056640625 1537.6065673828125 1542.8289794921875 1557.9161376953125 1564.174560546875 1579.8619384765625 1589.8955078125 1595.4012451171875 1594.0091552734375 1594.9866943359375 1605.66650390625 1616.1715087890625 1623.55712890625 1639.9215087890625 1651.4228515625 1652.0428466796875 1649.7005615234375 1643.336669921875 1633.5828857421875 1628.5408935546875 1619.4669189453125 1617.66064453125 1614.1917724609375 1607.1265869140625
-9999 -9999 -9999 1352.8414306640625 1386.6973876953125 1400.8553466796875 1403.4188232421875 1415.919921875 1419.6622314453125 1423.9512939453125 1421.7322998046875 1437.0311279296875 1439.750244140625 1445.41650390625 1451.190185546875 1457.391845703125 1455.4947509765625 1446.8922119140625 1465.82421875 1476.146240234375 1503.6761474609375 1527.7734375 1530.664794921875 1548.3447265625 1565.986083984375 1575.8232421875 1591.136962890625 1590.5023193359375 1605.9407958984375 1607.179931640625 1609.4984130859375 1617.4222412109375 1623.2388916015625 1630.3760986328125 1639.5615234375 1654.73388671875 1671.0654296875 1670.227294921875 1664.779296875 1655.5732421875 1646.459228515625 1641.463623046875 1637.4300537109375 1634.1295166015625 1627.4061279296875 1628.396728515625
