AvaFrame/avaframe/data/avaKot/Avaflow_Input_Output_old/DEM_rec_20.asc
ncols        88
nrows        125
xllcorner    176963.431225062726
yllcorner    376270.315049720171
cellsize     20.000000000000
NODATA_value  -9999
[rows 21 to 41 of 125, columns 0 to 45 of 88]
-9999 -9999 -9999 -9999 -9999 -9999 -9999 -9999 -9999 -9999 -9999 -9999 -9999 -9999 -9999 -9999 -9999 -9999 -9999 -9999 -9999 -9999 -9999 -9999 1061.4676513671875 1061.177734375 1061.33154296875 1061.4287109375 1060.658203125 1060.6470947265625 1060.3792724609375 1060.412109375 1060.0201416015625 1060.154052734375 1060.152587890625 1059.84521484375 1058.66162109375 1057.1834716796875 1057.0208740234375 1056.93994140625 1056.6552734375 1059.911865234375 1059.7938232421875 1059.782958984375 1059.7843017578125 1059.5479736328125
-9999 -9999 -9999 -9999 -9999 -9999 -9999 -9999 -9999 -9999 -9999 -9999 -9999 -9999 -9999 -9999 -9999 -9999 -9999 -9999 -9999 -9999 -9999 1059.0860595703125 1058.978515625 1058.8951416015625 1058.8125 1058.6356201171875 1058.51123046875 1058.2978515625 1058.1748046875 1057.9901123046875 1057.7423095703125 1057.541748046875 1057.3726806640625 1057.2589111328125 1057.1739501953125 1057.180419921875 1058.4847412109375 1060.398193359375 1060.29638671875 1059.909423828125 1059.7203369140625 1059.7635498046875 1059.644775390625 1059.4195556640625
-9999 -9999 -9999 -9999 -9999 -9999 -9999 -9999 -9999 -9999 -9999 -9999 -9999 -9999 -9999 -9999 -9999 -9999 -9999 -9999 -9999 -9999 1060.83837890625 1060.292724609375 1059.8712158203125 1059.5794677734375 1058.8138427734375 1058.588134765625 1058.9315185546875 1058.5550537109375 1058.2708740234375 1057.994140625 1058.144287109375 1058.928955078125 1059.768798828125 1060.383544921875 1059.6031494140625 1060.7164306640625 1060.6614990234375 1060.4273681640625 1060.2896728515625 1060.0811767578125 1059.96630859375 1059.824462890625 1059.330322265625 1059.472900390625
-9999 -9999 -9999 -9999 -9999 -9999 -9999 -9999 -9999 -9999 -9999 -9999 -9999 -9999 -9999 -9999 -9999 -9999 -9999 -9999 -9999 1062.393798828125 1062.03564453125 1061.76611328125 1061.5655517578125 1061.336181640625 1061.0460205078125 1061.0015869140625 1060.822265625 1061.50927734375 1061.5018310546875 1061.4239501953125 1061.3148193359375 1060.7921142578125 1061.0123291015625 1060.966552734375 1060.7667236328125 1060.711669921875 1060.4835205078125 1060.4334716796875 1060.2430419921875 1060.0631103515625 1059.861328125 1059.7130126953125 1059.7862548828125 1059.6080322265625
-9999 -9999 -9999 -9999 -9999 -9999 -9999 -9999 -9999 -9999 -9999 -9999 -9999 -9999 -9999 -9999 -9999 -9999 -9999 -9999 1062.8612060546875 1062.6295166015625 1062.3653564453125 1062.1053466796875 1061.939453125 1061.79052734375 1061.5677490234375 1061.8494873046875 1061.919921875 1061.718017578125 1061.48388671875 1061.256103515625 1061.0364990234375 1060.932373046875 1060.9873046875 1060.914794921875 1060.640869140625 1060.40283203125 1060.400390625 1060.427734375 1060.3160400390625 1060.1171875 1059.96142578125 1059.8876953125 1059.7308349609375 1059.3760986328125
-9999 -9999 -9999 -9999 -9999 -9999 -9999 -9999 -9999 -9999 -9999 -9999 -9999 -9999 -9999 -9999 -9999 -9999 -9999 1062.99169921875 1062.8570556640625 1062.644287109375 1062.550048828125 1062.4320068359375 1062.177490234375 1062.11474609375 1062.1029052734375 1062.05029296875 1061.9698486328125 1061.691650390625 1061.658935546875 1061.5836181640625 1061.373291015625 1061.3419189453125 1061.103515625 1061.181396484375 1060.9578857421875 1060.7646484375 1060.47119140625 1060.4605712890625 1060.3299560546875 1060.3804931640625 1060.195556640625 1059.735595703125 1059.8701171875 1059.63671875
-9999 -9999 -9999 -9999 -9999 -9999 -9999 -9999 -9999 -9999 -9999 -9999 -9999 -9999 -9999 -9999 -9999 -9999 1063.368896484375 1063.335205078125 1062.9444580078125 1062.7396240234375 1062.4093017578125 1062.3026123046875 1062.3033447265625 1062.109130859375 1062.2186279296875 1062.21484375 1062.0059814453125 1061.80224609375 1061.7110595703125 1061.454345703125 1061.3714599609375 1061.2664794921875 1061.1156005859375 1061.04248046875 1060.8695068359375 1060.8756103515625 1060.80615234375 1060.6295166015625 1060.619384765625 1060.3406982421875 1060.0582275390625 1060.0399169921875 1059.8212890625 1059.7861328125
-9999 -9999 -9999 -9999 -9999 -9999 -9999 -9999 -9999 -9999 -9999 -9999 -9999 -9999 -9999 -9999 -9999 1063.4041748046875 1063.0443115234375 1063.01611328125 1063.0933837890625 1062.8369140625 1062.489501953125 1062.4320068359375 1062.4154052734375 1062.339111328125 1062.3316650390625 1062.1595458984375 1062.0142822265625 1061.7919921875 1061.5296630859375 1061.203125 1061.1318359375 1060.8729248046875 1060.7760009765625 1060.72802734375 1060.6466064453125 1060.4427490234375 1060.2213134765625 1060.1781005859375 1060.15966796875 1060.278564453125 1060.18896484375 1059.98583984375 1059.9937744140625 1059.7496337890625
-9999 -9999 -9999 -9999 -9999 -9999 -9999 -9999 -9999 -9999 -9999 -9999 -9999 -9999 -9999 -9999 1063.406494140625 1063.2860107421875 1063.0206298828125 1062.89599609375 1062.94287109375 1062.864013671875 1062.4964599609375 1062.4102783203125 1062.34619140625 1062.115966796875 1061.899169921875 1062.0999755859375 1062.060546875 1061.848876953125 1061.6236572265625 1061.57861328125 1061.53759765625 1061.300048828125 1061.21923828125 1060.987060546875 1060.8856201171875 1060.8795166015625 1060.8814697265625 1060.720703125 1060.4169921875 1060.3077392578125 1060.1448974609375 1060.068603515625 1059.9251708984375 1059.782470703125
-9999 -9999 -9999 -9999 -9999 -9999 -9999 -9999 -9999 -9999 -9999 -9999 -9999 -9999 -9999 1063.4840087890625 1063.387451171875 1063.250244140625 1063.1136474609375 1062.7657470703125 1062.763916015625 1062.900146484375 1062.721923828125 1062.5616455078125 1062.4232177734375 1062.2464599609375 1062.2431640625 1061.9320068359375 1061.81884765625 1061.7587890625 1061.810791015625 1061.701171875 1061.6129150390625 1061.361572265625 1061.2867431640625 1061.17041015625 1061.12744140625 1060.7913818359375 1060.4930419921875 1060.55859375 1060.483642578125 1060.46875 1060.29296875 1060.270263671875 1060.06982421875 1060.0213623046875
-9999 -9999 -9999 -9999 -9999 -9999 -9999 -9999 -9999 -9999 -9999 -9999 -9999 -9999 1063.501708984375 1063.1475830078125 1063.4189453125 1063.1348876953125 1063.2274169921875 1062.7799072265625 1062.5863037109375 1062.6156005859375 1062.615966796875 1062.5091552734375 1062.2557373046875 1062.1646728515625 1061.9986572265625 1062.156005859375 1061.92919921875 1061.6923828125 1061.77685546875 1061.68115234375 1061.4862060546875 1061.278564453125 1061.258544921875 1061.134765625 1061.0321044921875 1060.849853515625 1060.813232421875 1060.4935302734375 1060.326416015625 1060.05322265625 1060.063232421875 1059.899658203125 1059.7301025390625 1059.9207763671875
-9999 -9999 -9999 -9999 -9999 -9999 -9999 -9999 -9999 -9999 -9999 -9999 -9999 1063.265869140625 1063.1197509765625 1063.1910400390625 1062.9451904296875 1062.872314453125 1063.031494140625 1063.0897216796875 1062.8819580078125 1062.3748779296875 1062.2332763671875 1062.17724609375 1062.0557861328125 1061.8543701171875 1061.6951904296875 1061.6180419921875 1061.455810546875 1061.501220703125 1061.5452880859375 1061.550048828125 1061.4329833984375 1061.3759765625 1061.2039794921875 1061.0723876953125 1061.034912109375 1060.745361328125 1060.4866943359375 1060.4112548828125 1060.5699462890625 1060.4088134765625 1060.241455078125 1060.107177734375 1059.9779052734375 1059.7886962890625
-9999 -9999 -9999 -9999 -9999 -9999 -9999 -9999 -9999 -9999 -9999 -9999 -9999 1063.0546875 1062.9178466796875 1062.6744384765625 1062.803466796875 1063.025146484375 1062.903076171875 1062.8485107421875 1062.7562255859375 1062.694091796875 1062.421630859375 1062.335205078125 1062.2744140625 1062.2156982421875 1062.1416015625 1062.015380859375 1061.9437255859375 1061.8380126953125 1061.6383056640625 1061.333984375 1061.3306884765625 1061.285888671875 1061.1854248046875 1061.0264892578125 1060.857421875 1060.790771484375 1060.6817626953125 1060.430908203125 1060.494873046875 1060.436279296875 1060.3258056640625 1060.0360107421875 1059.849853515625 1059.7476806640625
-9999 -9999 -9999 -9999 -9999 -9999 -9999 -9999 -9999 -9999 -9999 -9999 1063.98876953125 1064.0635986328125 1063.9853515625 1063.6971435546875 1062.609619140625 1062.7694091796875 1062.7930908203125 1062.7288818359375 1062.6746826171875 1062.787109375 1062.4937744140625 1062.27001953125 1062.1888427734375 1062.2376708984375 1062.221923828125 1062.0164794921875 1061.9063720703125 1061.6549072265625 1061.5321044921875 1061.2974853515625 1061.303466796875 1061.0753173828125 1061.082763671875 1060.8721923828125 1060.7564697265625 1060.7884521484375 1060.66162109375 1060.2073974609375 1060.2918701171875 1060.1788330078125 1060.0311279296875 1059.8140869140625 1059.626708984375 1059.5360107421875
-9999 -9999 -9999 -9999 -9999 -9999 -9999 -9999 -9999 -9999 -9999 1063.9683837890625 1063.760009765625 1064.07373046875 1063.8028564453125 1063.5618896484375 1063.4853515625 1062.352783203125 1062.396728515625 1062.77734375 1062.636474609375 1062.3211669921875 1062.573486328125 1062.603759765625 1062.47265625 1061.98583984375 1061.7978515625 1061.9774169921875 1061.8460693359375 1061.7562255859375 1061.61962890625 1061.411865234375 1061.448486328125 1061.5498046875 1061.2342529296875 1061.0091552734375 1060.825927734375 1060.7279052734375 1060.7357177734375 1060.6182861328125 1060.2239990234375 1060.038818359375 1059.885986328125 1059.8023681640625 1059.8675537109375 1060.3934326171875
-9999 -9999 -9999 -9999 -9999 -9999 -9999 -9999 -9999 -9999 1064.01708984375 1064.0352783203125 1063.8270263671875 1063.4556884765625 1063.345947265625 1063.126220703125 1063.0474853515625 1063.0218505859375 1062.3504638671875 1062.2454833984375 1062.36962890625 1062.4698486328125 1062.4735107421875 1061.985107421875 1062.18359375 1061.8885498046875 1061.601318359375 1061.5650634765625 1061.585693359375 1061.5595703125 1061.44873046875 1061.39697265625 1061.450439453125 1061.3349609375 1061.0877685546875 1060.9791259765625 1060.8126220703125 1060.72607421875 1060.60546875 1060.1954345703125 1060.3612060546875 1060.3172607421875 1060.6146240234375 1060.4205322265625 1060.3177490234375 1059.8680419921875
-9999 -9999 -9999 -9999 -9999 -9999 -9999 -9999 -9999 1064.0078125 1064.046875 1064.1927490234375 1064.1640625 1063.882080078125 1063.217041015625 1063.09375 1063.1011962890625 1062.86083984375 1062.690185546875 1062.5609130859375 1062.189208984375 1062.050537109375 1062.0418701171875 1062.1727294921875 1062.1539306640625 1062.1610107421875 1061.9715576171875 1061.9678955078125 1062.030517578125 1061.69873046875 1061.4376220703125 1061.40185546875 1061.31005859375 1061.122314453125 1060.7852783203125 1061.0438232421875 1061.03271484375 1061.003173828125 1060.98974609375 1060.931884765625 1060.734130859375 1060.872802734375 1060.647216796875 1060.384765625 1060.034912109375 1060.660888671875
-9999 -9999 -9999 -9999 -9999 -9999 -9999 -9999 1064.2264404296875 1064.06591796875 1064.198974609375 1064.1688232421875 1063.8682861328125 1063.7335205078125 1063.5189208984375 1063.383544921875 1063.384521484375 1063.1824951171875 1062.8800048828125 1062.798583984375 1062.592529296875 1062.6243896484375 1062.197509765625 1062.4302978515625 1062.173095703125 1062.0848388671875 1062.0201416015625 1062.013916015625 1061.9132080078125 1061.66259765625 1061.8343505859375 1061.6295166015625 1061.46826171875 1061.1689453125 1061.315185546875 1061.5030517578125 1061.41357421875 1061.31298828125 1061.2203369140625 1061.12841796875 1060.833984375 1060.4371337890625 1060.3499755859375 1060.396728515625 1060.8966064453125 1061.08642578125
-9999 -9999 -9999 -9999 -9999 -9999 -9999 -9999 1064.3397216796875 1064.2572021484375 1064.232666015625 1064.0047607421875 1063.6729736328125 1063.8922119140625 1063.9217529296875 1063.5714111328125 1063.3680419921875 1063.164306640625 1062.6953125 1062.890380859375 1064.1373291015625 1064.0313720703125 1063.925537109375 1063.484375 1063.1273193359375 1062.7327880859375 1062.4046630859375 1062.3135986328125 1062.306396484375 1062.0357666015625 1061.7490234375 1061.574462890625 1061.3143310546875 1061.564453125 1061.5224609375 1061.303955078125 1061.188232421875 1060.98876953125 1060.7742919921875 1060.579345703125 1060.8062744140625 1060.8709716796875 1060.6947021484375 1061.0419921875 1061.2462158203125 1062.2354736328125
-9999 -9999 -9999 -9999 -9999 -9999 -9999 -9999 1064.37548828125 1064.2464599609375 1063.94677734375 1063.867431640625 1064.154052734375 1064.138916015625 1063.80517578125 1063.6195068359375 1063.697509765625 1063.471435546875 1063.6981201171875 1063.59912109375 1063.531982421875 1063.39404296875 1063.4310302734375 1063.34228515625 1063.3292236328125 1063.04931640625 1062.72705078125 1062.6549072265625 1062.648193359375 1062.592041015625 1062.380859375 1061.8375244140625 1061.6817626953125 1061.6395263671875 1061.5380859375 1061.2735595703125 1061.074462890625 1060.98876953125 1061.1693115234375 1061.2525634765625 1060.933837890625 1061.189453125 1061.492919921875 1061.3040771484375 1061.630859375 1063.756103515625
-9999 -9999 -9999 -9999 -9999 -9999 -9999 -9999 1064.27197265625 1064.2847900390625 1064.3795166015625 1064.2061767578125 1064.0806884765625 1064.0164794921875 1063.8494873046875 1064.0672607421875 1063.5810546875 1063.5438232421875 1063.7772216796875 1063.4881591796875 1063.2283935546875 1063.1593017578125 1063.108642578125 1062.9151611328125 1062.90234375 1063.1090087890625 1063.077880859375 1062.718017578125 1062.5885009765625 1062.46240234375 1062.5965576171875 1062.453369140625 1062.163330078125 1061.773193359375 1061.39697265625 1061.742919921875 1061.4058837890625 1061.5830078125 1061.386962890625 1061.1783447265625 1061.6865234375 1061.6912841796875 1061.6607666015625 1061.4532470703125 1063.582275390625 1063.6925048828125
