AvaFrame/avaframe/data/avaGar/Avaflow_Input_Output_s/DEM.asc
ncols        130
nrows        97
xllcorner    247320.745355147723
yllcorner    350697.455563890748
cellsize     20.000000000000
NODATA_value  -9999
[rows 63 to 83 of 97, columns 48 to 95 of 130]
1532.9390869140625 1520.2247314453125 1507.2347412109375 1495.2847900390625 1486.68310546875 1479.5401611328125 1469.2125244140625 1468.396728515625 1462.5823974609375 1459.222412109375 1459.673095703125 1459.0872802734375 1452.596435546875 1438.5567626953125 1423.11083984375 1409.82958984375 1400.8154296875 1394.2257080078125 1382.9432373046875 1376.8115234375 1375.490234375 1371.4830322265625 1361.2508544921875 1353.3658447265625 1354.6397705078125 1352.6929931640625 1349.8955078125 1344.8018798828125 1341.0648193359375 1337.6004638671875 1331.7838134765625 1327.9737548828125 1326.507568359375 1321.3499755859375 1314.675537109375 1311.9659423828125 1305.1826171875 1301.7198486328125 1293.96240234375 1288.841796875 1282.333740234375 1276.6016845703125 1271.1649169921875 1266.7977294921875 1263.73388671875 1258.5899658203125 1256.1759033203125 1255.4052734375
1516.9683837890625 1513.4044189453125 1501.9415283203125 1490.4500732421875 1479.4058837890625 1470.7977294921875 1462.93408203125 1457.3604736328125 1452.2696533203125 1445.3468017578125 1443.9796142578125 1444.3096923828125 1445.28564453125 1438.133056640625 1422.7149658203125 1407.506103515625 1394.310791015625 1385.641357421875 1377.7513427734375 1368.386962890625 1361.964111328125 1357.31787109375 1352.7222900390625 1345.685791015625 1347.701171875 1345.81591796875 1343.7003173828125 1340.624267578125 1335.26318359375 1330.593017578125 1325.2039794921875 1320.5374755859375 1318.70751953125 1314.89892578125 1309.264404296875 1304.2930908203125 1301.7095947265625 1294.9222412109375 1289.9388427734375 1284.590576171875 1280.7235107421875 1274.4202880859375 1271.0137939453125 1264.91943359375 1260.4805908203125 1256.4278564453125 1254.11083984375 1252.9166259765625
1514.70458984375 1498.26806640625 1491.480712890625 1488.3651123046875 1479.1568603515625 1466.6790771484375 1456.40478515625 1449.00927734375 1443.2518310546875 1436.2919921875 1429.572021484375 1428.5286865234375 1430.598388671875 1434.7083740234375 1424.625244140625 1410.3271484375 1394.989990234375 1381.2454833984375 1370.754150390625 1363.11279296875 1356.497314453125 1348.37158203125 1339.3013916015625 1337.31396484375 1338.279052734375 1337.3421630859375 1335.3685302734375 1333.5758056640625 1329.36181640625 1324.320556640625 1318.6982421875 1314.34716796875 1311.5521240234375 1308.0272216796875 1304.1173095703125 1298.1812744140625 1293.512939453125 1290.8426513671875 1285.7760009765625 1280.8656005859375 1277.70703125 1273.2041015625 1267.2640380859375 1262.4130859375 1258.7947998046875 1255.5426025390625 1252.6497802734375 1250.6405029296875
1513.712890625 1500.6990966796875 1486.7723388671875 1473.01220703125 1469.788818359375 1462.17236328125 1455.381103515625 1445.086669921875 1436.262939453125 1429.7283935546875 1422.0714111328125 1415.0714111328125 1415.5478515625 1419.9344482421875 1421.83642578125 1413.3416748046875 1396.9393310546875 1382.3028564453125 1369.0799560546875 1357.780029296875 1350.3048095703125 1345.2298583984375 1337.3701171875 1329.9306640625 1330.0113525390625 1330.046630859375 1327.8897705078125 1325.4405517578125 1323.380859375 1318.5693359375 1312.5277099609375 1309.188232421875 1303.55712890625 1301.8072509765625 1299.53857421875 1294.052978515625 1289.5150146484375 1285.8681640625 1279.0108642578125 1275.5751953125 1273.0318603515625 1270.60205078125 1266.0216064453125 1260.8140869140625 1257.20166015625 1254.2218017578125 1251.376953125 1247.8240966796875
1518.0281982421875 1509.5074462890625 1496.2147216796875 1481.028564453125 1464 1450.49658203125 1438.1524658203125 1429.60888671875 1428.4375 1425.1949462890625 1416.3853759765625 1410.0753173828125 1403.5103759765625 1403.8182373046875 1406.28125 1407.6063232421875 1398.7723388671875 1387.308349609375 1375.0609130859375 1360.8436279296875 1346.608642578125 1338.4156494140625 1332.2879638671875 1324.72900390625 1322.6197509765625 1322.0640869140625 1320.032470703125 1320.3614501953125 1316.4171142578125 1312.93115234375 1305.904052734375 1303.32421875 1298.96923828125 1295.7020263671875 1292.6407470703125 1289.6632080078125 1286.95458984375 1281.4298095703125 1276.0159912109375 1272.0079345703125 1267.5439453125 1264.974609375 1262.5233154296875 1259.04150390625 1256.0047607421875 1252.9454345703125 1254.748046875 1246.182373046875
1530.8004150390625 1518.02587890625 1502.889892578125 1489.1378173828125 1473.4212646484375 1463.450927734375 1452.5203857421875 1438.67333984375 1423.083740234375 1411.893310546875 1414.615234375 1404.9241943359375 1397.4542236328125 1390.9593505859375 1390.295654296875 1392.2391357421875 1388.8201904296875 1379.90380859375 1369.7076416015625 1358.142822265625 1347.4581298828125 1336.68310546875 1327.93994140625 1319.5985107421875 1314.9813232421875 1314.754638671875 1314.8170166015625 1312.2017822265625 1309.882080078125 1307.4322509765625 1302.3800048828125 1297.6097412109375 1293.7252197265625 1290.49267578125 1286.11083984375 1284.710693359375 1281.6094970703125 1277.099365234375 1272.941650390625 1269.5439453125 1265.1861572265625 1261.6834716796875 1258.6705322265625 1256.6297607421875 1254.358154296875 1251.6708984375 1252.882568359375 1246.3277587890625
1539.817138671875 1524.9796142578125 1508.0111083984375 1492.892578125 1487.7802734375 1478.6258544921875 1462.9285888671875 1447.1246337890625 1430.5098876953125 1415.2333984375 1399.6697998046875 1403.7896728515625 1393.2032470703125 1387.6009521484375 1380.4537353515625 1377.0240478515625 1378.210693359375 1371.8255615234375 1362.9810791015625 1351.7852783203125 1340.574462890625 1330.84033203125 1321.309326171875 1315.6231689453125 1310.4859619140625 1308.583984375 1307.200439453125 1305.1881103515625 1303.804931640625 1300.415283203125 1296.7196044921875 1294.0421142578125 1288.99951171875 1285.889404296875 1282.778564453125 1280.8125 1278.184326171875 1274.473388671875 1270.5081787109375 1264.9356689453125 1263.1273193359375 1261.588134765625 1257.449462890625 1254.4635009765625 1252.5101318359375 1250.3248291015625 1247.98828125 1243.1873779296875
1543.2071533203125 1528.867431640625 1514.2294921875 1499.3687744140625 1490.484130859375 1486.599609375 1473.30908203125 1456.637939453125 1441.0562744140625 1422.7115478515625 1404.745849609375 1388.609130859375 1392.4957275390625 1381.9217529296875 1375.689208984375 1368.8590087890625 1364.7686767578125 1361.977783203125 1353.4886474609375 1344.9962158203125 1335.479248046875 1325.4244384765625 1317.715576171875 1312.2723388671875 1306.2281494140625 1303.4466552734375 1300.718994140625 1298.9945068359375 1297.7120361328125 1294.9884033203125 1291.2113037109375 1288.213623046875 1285.5849609375 1280.4208984375 1278.7515869140625 1275.7366943359375 1274.913818359375 1270.445556640625 1267.3880615234375 1262.64404296875 1259.0224609375 1257.4822998046875 1255.2716064453125 1253.0283203125 1250.995361328125 1248.9931640625 1246.644775390625 1243.4486083984375
1544.8631591796875 1532.4149169921875 1517.97509765625 1502.96044921875 1494.2122802734375 1489.862060546875 1477.8052978515625 1461.633544921875 1445.4541015625 1428.591552734375 1410.531982421875 1392.750244140625 1379.1285400390625 1379.9705810546875 1371.4283447265625 1365.626220703125 1358.4476318359375 1354.0703125 1346.018798828125 1338.6572265625 1331.1766357421875 1324.243408203125 1316.104248046875 1309.9632568359375 1303.9122314453125 1299.031005859375 1295.77880859375 1292.5570068359375 1291.4605712890625 1289.420654296875 1286.3291015625 1283.640380859375 1280.474853515625 1277.2784423828125 1273.63623046875 1271.2052001953125 1268.9158935546875 1267.9228515625 1263.803466796875 1259.6771240234375 1255.206298828125 1255.00146484375 1253.0299072265625 1251.023193359375 1248.92041015625 1246.2757568359375 1243.1177978515625 1241.97265625
1544.69775390625 1530.7401123046875 1516.8883056640625 1503.3966064453125 1495.6214599609375 1489.8427734375 1479.3377685546875 1464.2620849609375 1449.73193359375 1432.0064697265625 1413.3232421875 1396.10791015625 1379.2369384765625 1369.4136962890625 1368.736328125 1361.989501953125 1355.144287109375 1348.208740234375 1344.0850830078125 1337.3128662109375 1329.1275634765625 1322.4522705078125 1316.0740966796875 1309.4876708984375 1303.021484375 1296.7967529296875 1292.109130859375 1288.5042724609375 1286.296142578125 1285.6905517578125 1280.9996337890625 1280.7275390625 1276.01416015625 1273.899169921875 1272.7591552734375 1268.5587158203125 1266.1197509765625 1264.2945556640625 1260.77099609375 1257.0723876953125 1253.79736328125 1251.9326171875 1250.467529296875 1248.5113525390625 1244.8304443359375 1241.9429931640625 1243.5562744140625 1242.8475341796875
1541.0362548828125 1526.744140625 1513.6951904296875 1502.5499267578125 1494.0023193359375 1486.8909912109375 1475.4244384765625 1462.36572265625 1449.6304931640625 1434.58642578125 1419.04736328125 1403.4580078125 1386.720947265625 1370.73193359375 1359.2171630859375 1354.6253662109375 1349.5245361328125 1341.2965087890625 1336.4901123046875 1334.992919921875 1328.588134765625 1321.6640625 1314.9754638671875 1308.4017333984375 1301.8837890625 1295.36865234375 1290.048828125 1285.2003173828125 1282.45703125 1279.938232421875 1280.1943359375 1275.3974609375 1271.7015380859375 1268.8101806640625 1268.4462890625 1265.040771484375 1262.052490234375 1259.6273193359375 1257.07666015625 1254.4830322265625 1251.736328125 1249.734130859375 1247.9761962890625 1244.791015625 1242.578857421875 1243.642578125 1243.187744140625 1242.8870849609375
1537.6502685546875 1522.6048583984375 1511.4796142578125 1500.1690673828125 1490.6190185546875 1482.1910400390625 1471.9180908203125 1459.892822265625 1445.4527587890625 1431.8779296875 1416.025390625 1400.467529296875 1386.628173828125 1371.7242431640625 1364.4853515625 1356.8209228515625 1349.462646484375 1342.2685546875 1336.340087890625 1329.03564453125 1323.0489501953125 1321.197021484375 1314.031982421875 1307.4476318359375 1301.328369140625 1294.9434814453125 1289.2801513671875 1284.7384033203125 1281.769287109375 1278.752685546875 1275.6778564453125 1273.4376220703125 1268.6094970703125 1267.07373046875 1265.4246826171875 1262.3101806640625 1259.7982177734375 1256.5731201171875 1254.42236328125 1251.95947265625 1249.3385009765625 1247.0093994140625 1243.843994140625 1244.6400146484375 1243.7869873046875 1243.2845458984375 1243.10400390625 1242.8175048828125
1531.9864501953125 1517.265380859375 1508.3685302734375 1499.2177734375 1486.7861328125 1476.45654296875 1467.6226806640625 1454.9891357421875 1439.5616455078125 1425.5748291015625 1410.84814453125 1395.215087890625 1379.4937744140625 1367.8651123046875 1360.0792236328125 1353.8065185546875 1346.1795654296875 1338.802734375 1332.4124755859375 1326.8236083984375 1321.948974609375 1317.769287109375 1313.1295166015625 1305.523681640625 1301.5032958984375 1296.5135498046875 1290.471923828125 1285.5302734375 1281.5924072265625 1278.2705078125 1274.7886962890625 1271.1710205078125 1267.9813232421875 1265.3388671875 1262.55859375 1259.9354248046875 1257.4071044921875 1255.0667724609375 1252.71875 1250.2818603515625 1247.418701171875 1244.1497802734375 1244.7532958984375 1243.986572265625 1243.65478515625 1243.2705078125 1243.100830078125 1243.6451416015625
1527.8966064453125 1514.2020263671875 1503.7965087890625 1494.9183349609375 1483.267333984375 1471.931640625 1462.848876953125 1447.404296875 1431.5853271484375 1418.0098876953125 1405.521728515625 1389.2332763671875 1372.2860107421875 1359.064697265625 1361.314208984375 1350.3408203125 1343.7510986328125 1337.12060546875 1330.3544921875 1324.2254638671875 1318.371826171875 1313.5408935546875 1308.931640625 1303.991943359375 1299.079833984375 1294.5816650390625 1290.239501953125 1284.5322265625 1280.03759765625 1277.142333984375 1273.749267578125 1270.29931640625 1266.984375 1263.9066162109375 1261.0474853515625 1258.66748046875 1256.109130859375 1253.4932861328125 1250.962646484375 1248.795166015625 1247.6849365234375 1244.3392333984375 1244.358642578125 1243.8692626953125 1243.8040771484375 1243.7626953125 1243.6746826171875 1244.899658203125
1522.4202880859375 1508.744384765625 1498.8538818359375 1489.4224853515625 1476.6436767578125 1467.0596923828125 1455.2586669921875 1439.361328125 1424.0068359375 1411.134765625 1399.093017578125 1383.3046875 1366.4453125 1352.990234375 1350.7978515625 1351.1552734375 1343.686279296875 1334.9542236328125 1329.178466796875 1322.66259765625 1316.4417724609375 1310.7750244140625 1305.70458984375 1300.7802734375 1295.8720703125 1291.342529296875 1287.3638916015625 1281.7755126953125 1278.1275634765625 1275.0406494140625 1271.5965576171875 1269.19873046875 1266.031005859375 1262.8948974609375 1259.94873046875 1257.414794921875 1255.03759765625 1252.6619873046875 1250.60205078125 1248.919921875 1244.310546875 1244.8035888671875 1244.44384765625 1244.12744140625 1243.9017333984375 1244.0028076171875 1245.1866455078125 1245.7861328125
1512.8193359375 1502.2537841796875 1491.98974609375 1478.8922119140625 1466.015380859375 1458.8306884765625 1444.52783203125 1430.0166015625 1414.9849853515625 1401.9610595703125 1389.5911865234375 1378.3201904296875 1362.263427734375 1346.6123046875 1340.7757568359375 1338.9163818359375 1337.143310546875 1331.3533935546875 1327.242431640625 1321.0220947265625 1315.27001953125 1309.871337890625 1303.427001953125 1297.9014892578125 1292.8359375 1288.5677490234375 1284.10400390625 1279.5467529296875 1274.85009765625 1272.1708984375 1270.1114501953125 1266.69873046875 1265.0950927734375 1262.07421875 1259.2232666015625 1256.6982421875 1254.30615234375 1251.96142578125 1250.4508056640625 1249.8663330078125 1245.3438720703125 1245.1412353515625 1245.206787109375 1245.1904296875 1245.2838134765625 1245.061767578125 1245.861328125 1245.901611328125
-9999 1494.2362060546875 1483.1328125 1469.2412109375 1455.8338623046875 1446.19775390625 1431.8175048828125 1418.4957275390625 1404.239990234375 1390.8544921875 1379.61669921875 1370.2803955078125 1359.35302734375 1343.52734375 1335.6280517578125 1331.3673095703125 1327.2166748046875 1321.4417724609375 1322.5357666015625 1321.00634765625 1313.48291015625 1306.1055908203125 1301.1837158203125 1295.177490234375 1290.052001953125 1285.1990966796875 1280.655517578125 1277.2718505859375 1272.9583740234375 1269.1522216796875 1267.0260009765625 1265.0987548828125 1263.3436279296875 1260.90625 1257.3460693359375 1256.05712890625 1253.85009765625 1251.9019775390625 1249.038330078125 1245.0341796875 1245.527099609375 1245.9696044921875 1245.698974609375 1245.4984130859375 1245.3597412109375 1245.355224609375 1246.2540283203125 1246.7752685546875
-9999 -9999 -9999 -9999 1446.76123046875 1433.1558837890625 1419.7548828125 1406.8021240234375 1391.9683837890625 1378.533935546875 1369.6104736328125 1360.301513671875 1350.8721923828125 1341.0068359375 1331.298828125 1327.4744873046875 1321.6527099609375 1315.84814453125 1312.9178466796875 1311.7652587890625 1307.4205322265625 1300.82568359375 1296.6729736328125 1291.694580078125 1286.5589599609375 1281.6990966796875 1277.4171142578125 1274.3134765625 1270.8275146484375 1267.09326171875 1264.032470703125 1262.785400390625 1260.3250732421875 1259.26318359375 1258.5660400390625 1258.32763671875 1252.6700439453125 1250.72216796875 1245.5404052734375 1247.4254150390625 1246.3670654296875 1246.4871826171875 1245.9759521484375 1245.93505859375 1245.774658203125 1246.0931396484375 1246.5556640625 1248.3189697265625
-9999 -9999 -9999 -9999 -9999 -9999 1409.12353515625 1395.939208984375 1381.5670166015625 1368.43408203125 1359.142822265625 1350.06298828125 1344.3714599609375 1336.203125 1330.5301513671875 1321.942138671875 1317.89990234375 1313.0643310546875 1309.604248046875 1301.6988525390625 1297.0545654296875 1295.16552734375 1292.190673828125 1287.885009765625 1282.8748779296875 1278.6156005859375 1274.231201171875 1270.4000244140625 1268.1279296875 1265.53662109375 1262.185302734375 1260.028076171875 1258.3817138671875 1256.822509765625 1252.70751953125 1252.62939453125 1250.3831787109375 1248.68505859375 1245.330810546875 1247.2801513671875 1247.4837646484375 1246.7996826171875 1247.009033203125 1247.1826171875 1246.8887939453125 1247.224609375 1247.7176513671875 1249.6983642578125
-9999 -9999 -9999 -9999 -9999 -9999 -9999 -9999 1374.340087890625 1363.4453125 1352.523193359375 1343.993896484375 1336.5997314453125 1332.06005859375 1327.8079833984375 1322.1527099609375 1313.1319580078125 1310.8453369140625 1305.0771484375 1296.810546875 1290.7166748046875 1289.109130859375 1286.974853515625 1282.9822998046875 1278.5489501953125 1275.210693359375 1271.2735595703125 1266.884521484375 1263.6748046875 1262.71142578125 1260.5882568359375 1257.644775390625 1256.28759765625 1255.107666015625 1252.875244140625 1250.380615234375 1249.0264892578125 1248.395263671875 1245.7135009765625 1247.2747802734375 1247.126708984375 1247.6326904296875 1247.712890625 1248.446044921875 1248.55322265625 1248.710693359375 1250.0391845703125 1251.1865234375
-9999 -9999 -9999 -9999 -9999 -9999 -9999 -9999 -9999 -9999 1347.24169921875 1338.1065673828125 1331.94091796875 1328.223388671875 1325.6580810546875 1319.122314453125 1311.9298095703125 1304.2998046875 1297.2364501953125 1291.7430419921875 1285.60888671875 1283.4822998046875 1281.27294921875 1279.3470458984375 1274.9000244140625 1271.2647705078125 1267.69921875 1263.0609130859375 1260.647216796875 1259.17333984375 1258.2879638671875 1255.7149658203125 1254.143310546875 1252.608154296875 1251.010986328125 1249.663818359375 1248.468505859375 1248.1041259765625 1246.02392578125 1247.3843994140625 1247.3060302734375 1248.03564453125 1249.6282958984375 1250.412109375 1250.943603515625 1251.350830078125 1252.85693359375 1252.8323974609375
