AvaFrame/avaframe/data/avaGar/Avaflow_Input_Output_s/DEM.asc
ncols        130
nrows        97
xllcorner    247320.745355147723
yllcorner    350697.455563890748
cellsize     20.000000000000
NODATA_value  -9999
[rows 21 to 41 of 97, columns 0 to 47 of 130]
-9999 2354.443603515625 2380.293701171875 2375.510498046875 2405.364501953125 2455.64111328125 2467.174072265625 2473.9267578125 2471.366943359375 2459.399658203125 2449.9443359375 2441.34033203125 2431.6806640625 2427.442626953125 2400.442138671875 2378.124755859375 2362.521240234375 2346.251953125 2323.275634765625 2306.749267578125 2290.498779296875 2276.341796875 2261.11865234375 2242.189208984375 2231.08251953125 2222.407958984375 2214.539794921875 2202.8623046875 2194.95263671875 2185.733154296875 2176.87158203125 2164.216796875 2153.796142578125 2145.054931640625 2140.279052734375 2145.947265625 2161.534912109375 2182.464111328125 2168.197509765625 2154.86572265625 2128.683349609375 2112.125732421875 2090.2099609375 2069.826171875 2068.067626953125 2042.4017333984375 2032.342529296875 2051.93115234375
2367.435302734375 2369.9453125 2395.515380859375 2398.096435546875 2413.822998046875 2445.988037109375 2472.614501953125 2472.394775390625 2474.4150390625 2462.96630859375 2453.45703125 2445.77734375 2438.713134765625 2428.743408203125 2399.45751953125 2375.15234375 2358.146484375 2341.20556640625 2325.080078125 2309.262939453125 2294.841796875 2277.00927734375 2254.39453125 2240.01904296875 2227.404052734375 2215.9794921875 2206.18603515625 2197.1572265625 2187.03369140625 2176.814208984375 2167.201416015625 2159.552001953125 2146.721435546875 2135.5869140625 2126.493408203125 2121.25048828125 2119.26123046875 2126.962890625 2137.75634765625 2134.166259765625 2119.85693359375 2083.416015625 2065.016357421875 2043.68017578125 2044.1607666015625 2020.2056884765625 2001.3690185546875 2035.488037109375
2382.23486328125 2382.44970703125 2401.19873046875 2416.982421875 2409.02001953125 2429.429931640625 2453.154296875 2457.4873046875 2462.186767578125 2458.437744140625 2457.262451171875 2450.703857421875 2442.670166015625 2430.63720703125 2396.072265625 2378.27978515625 2361.800048828125 2345.255615234375 2328.94482421875 2313.948486328125 2294.794189453125 2271.245361328125 2247.638427734375 2233.67822265625 2222.032958984375 2211.163818359375 2200.639404296875 2190.448486328125 2180.96240234375 2169.981201171875 2159.124755859375 2149.37060546875 2141.03369140625 2132.263916015625 2118.649658203125 2108.62646484375 2103.786376953125 2095.9111328125 2088.35791015625 2089.03466796875 2076.71826171875 2055.85107421875 2038.6751708984375 2021.1129150390625 2009.2550048828125 2000.529052734375 1978.3363037109375 2003.6243896484375
2395.94189453125 2400.735595703125 2418.595458984375 2439.146240234375 2429.0263671875 2438.4345703125 2435.52490234375 2431.88525390625 2434.408203125 2438.04736328125 2433.35693359375 2439.944580078125 2443.13671875 2412.1923828125 2393.90576171875 2376.77197265625 2357.13818359375 2342.455322265625 2326.50634765625 2308.493408203125 2284.0693359375 2263.11474609375 2247.79833984375 2233.689208984375 2219.60205078125 2206.862548828125 2195.210693359375 2184.40185546875 2175.391845703125 2166.205810546875 2156.1083984375 2142.404541015625 2131.37451171875 2122.464111328125 2114.85107421875 2103.353515625 2089.20458984375 2084.812255859375 2075.883056640625 2066.445556640625 2059.832275390625 2049.77099609375 2035.22021484375 2019.8853759765625 2003.2532958984375 1986.876708984375 1971.5452880859375 1955.7796630859375
2410.070556640625 2417.641357421875 2431.598876953125 2447.6396484375 2442.69482421875 2425.373779296875 2418.83447265625 2419.099609375 2413.563232421875 2415.949951171875 2406.815185546875 2409.6630859375 2419.35107421875 2415.51953125 2389.427734375 2369.188720703125 2351.513427734375 2333.060302734375 2321.184814453125 2300.076171875 2281.198486328125 2262.186767578125 2246.904052734375 2232.983154296875 2219.114990234375 2205.997314453125 2193.826171875 2182.029296875 2171.20458984375 2163.461181640625 2154.327392578125 2144.66259765625 2130.455810546875 2116.60400390625 2104.9140625 2096.91552734375 2086.7822265625 2071.197265625 2065.708984375 2055.132080078125 2042.75 2045.146728515625 2037.03125 2023.281982421875 2007.9000244140625 1993.3109130859375 1978.5906982421875 1955.47705078125
-9999 2434.969970703125 2450.683349609375 2458.939208984375 2448.698974609375 2422.28759765625 2405.434326171875 2390.2373046875 2393.694580078125 2402.165283203125 2384.316162109375 2400.410400390625 2403.20654296875 2398.951171875 2387.731689453125 2363.642333984375 2340.89404296875 2320.623779296875 2307.153564453125 2289.001220703125 2274.464599609375 2260.6162109375 2246.5654296875 2232.177978515625 2219.54345703125 2207.26953125 2194.705322265625 2183.030517578125 2171.61328125 2159.898193359375 2149.41162109375 2139.4892578125 2129.338623046875 2117.044921875 2104.977783203125 2091.858642578125 2078.205322265625 2070.507080078125 2057.0712890625 2038.9739990234375 2031.14794921875 2023.3800048828125 2035.2293701171875 2025.3975830078125 2011.8074951171875 1998.808349609375 1982.96142578125 1952.2413330078125
-9999 2450.196044921875 2454.762939453125 2441.79931640625 2429.6298828125 2418.579833984375 2394.06591796875 2382.72705078125 2367.5029296875 2364.023681640625 2363.348876953125 2369.81982421875 2377.85986328125 2378.83837890625 2373.077392578125 2355.764404296875 2338.95458984375 2322.2431640625 2307.093994140625 2294.09619140625 2274.957763671875 2259.013916015625 2245.464599609375 2232.7041015625 2218.760986328125 2206.148193359375 2193.860107421875 2181.46533203125 2169.458740234375 2157.93212890625 2146.189208984375 2135.640625 2125.85205078125 2116.38916015625 2107.296142578125 2091.438720703125 2077.58984375 2063.334716796875 2049.699951171875 2036.501953125 2018.5145263671875 2003.0626220703125 1997.0146484375 1996.4490966796875 2014.302490234375 2003.2130126953125 1982.014892578125 1955.7427978515625
-9999 2464.427001953125 2452.2568359375 2429.675048828125 2401.076416015625 2387.211669921875 2376.90673828125 2371.959716796875 2360.26806640625 2343.962646484375 2342.588134765625 2360.19482421875 2366.143798828125 2362.4287109375 2365.446533203125 2350.65576171875 2338.0146484375 2333.60498046875 2314.795654296875 2298.96142578125 2281.18896484375 2262.795654296875 2247.958984375 2235.809814453125 2220.226318359375 2206.64501953125 2193.6025390625 2180.626708984375 2168.0576171875 2155.990234375 2144.692138671875 2133.87744140625 2123.3671875 2114.5205078125 2108.05517578125 2096.469482421875 2081.32080078125 2068.89208984375 2053.161376953125 2033.9215087890625 2020.0980224609375 2003.05029296875 1992.2713623046875 1972.7255859375 1960.0595703125 1980.13720703125 1968.961669921875 1948.30810546875
-9999 -9999 2447.90869140625 2418.051513671875 2400.745361328125 2381.773681640625 2365.713623046875 2351.084228515625 2345.536376953125 2332.431396484375 2321.879638671875 2333.58154296875 2340.220947265625 2336.80908203125 2350.43798828125 2338.453857421875 2330.12646484375 2315.022705078125 2318.6806640625 2301.823486328125 2286.13037109375 2270.326171875 2257.23193359375 2244.888427734375 2232.595947265625 2214.87548828125 2200.6455078125 2184.957275390625 2171.852294921875 2158.053466796875 2144.920654296875 2133.05810546875 2121.87060546875 2112.81640625 2105.35498046875 2100.95458984375 2086.56298828125 2075.569091796875 2055.341552734375 2040.3363037109375 2024.9522705078125 2011.943603515625 1999.385009765625 1969.2392578125 1947.8466796875 1942.3515625 1972.5950927734375 1952.484619140625
-9999 -9999 2438.619384765625 2416.908447265625 2401.375 2385.6865234375 2366.00390625 2348.845703125 2328.616455078125 2313.537841796875 2299.55810546875 2290.411376953125 2291.182373046875 2298.012451171875 2320.1064453125 2317.095947265625 2317.45654296875 2301.309326171875 2300.07275390625 2303.125 2290.9501953125 2280.151611328125 2267.247802734375 2250.826904296875 2237.801513671875 2223.450927734375 2208.005615234375 2193.988525390625 2180.251220703125 2166.464599609375 2150.60546875 2139.34521484375 2127.984619140625 2118.38916015625 2107.2666015625 2096.0830078125 2090.0400390625 2077.61767578125 2060.139404296875 2046.650146484375 2032.0809326171875 2014.7694091796875 1995.82177734375 1975.1109619140625 1940.978271484375 1907.0849609375 1936.473388671875 1947.3984375
-9999 -9999 2447.311279296875 2417.416015625 2403.40771484375 2384.42919921875 2366.17822265625 2347.174072265625 2331.491943359375 2317.1220703125 2302.0126953125 2282.23779296875 2276.694580078125 2274.478759765625 2287.681640625 2315.423828125 2311.598388671875 2295.94140625 2275.5908203125 2283.63720703125 2292.408203125 2282.842529296875 2273.60400390625 2260.18505859375 2246.673095703125 2232.372314453125 2218.292724609375 2206.04541015625 2192.6962890625 2175.843017578125 2159.45947265625 2146.866943359375 2133.2431640625 2118.252197265625 2105.350830078125 2095.85791015625 2080.520751953125 2071.22900390625 2057.658935546875 2041.5679931640625 2033.0142822265625 2021.66943359375 2006.336669921875 1981.01806640625 1943.8338623046875 1910.8126220703125 1887.4283447265625 1903.7493896484375
-9999 -9999 -9999 2415.7197265625 2398.361328125 2381.7998046875 2364.87890625 2347.476318359375 2332.6748046875 2319.3427734375 2302.398681640625 2280.4189453125 2260.9765625 2259.0419921875 2270.558349609375 2290.93359375 2291.041015625 2266.4775390625 2257.7958984375 2265.1298828125 2271.87060546875 2274.683837890625 2270.824951171875 2265.48681640625 2256.360107421875 2245.772216796875 2232.6064453125 2217.574462890625 2203.8505859375 2187.557373046875 2171.6904296875 2154.70458984375 2136.8759765625 2122.801513671875 2107.536376953125 2088.82177734375 2069.619384765625 2055.12939453125 2034.186279296875 2015.6197509765625 2002.2537841796875 1998.8868408203125 1994.11083984375 1959.170166015625 1937.1077880859375 1913.676025390625 1897.1754150390625 1867.928955078125
-9999 -9999 -9999 2417.667236328125 2402.643310546875 2384.926513671875 2367.502197265625 2351.503173828125 2337.24755859375 2321.7080078125 2300.078369140625 2283.15087890625 2263.71875 2242.223876953125 2251.109130859375 2266.14404296875 2253.956787109375 2256.52880859375 2240.3291015625 2247.595947265625 2248.20751953125 2244.25732421875 2242.378662109375 2245.12353515625 2252.605224609375 2248.593017578125 2237.0009765625 2218.491455078125 2203.922119140625 2196.460205078125 2184.2880859375 2164.567138671875 2147.30419921875 2131.62744140625 2114.69775390625 2098.091552734375 2086.1904296875 2073.624267578125 2054.451171875 2038.49365234375 2020.878662109375 1995.3433837890625 1957.5357666015625 1951.3428955078125 1942.957763671875 1916.2769775390625 1883.3349609375 1857.0169677734375
-9999 -9999 -9999 2420.280517578125 2404.4482421875 2386.64501953125 2370.885009765625 2354.819091796875 2337.158447265625 2317.21142578125 2300.383056640625 2285.40087890625 2255.048828125 2226.912841796875 2232.49609375 2269.943603515625 2253.022705078125 2230.830322265625 2216.0927734375 2208.71484375 2221.116455078125 2223.092529296875 2223.53173828125 2231.51904296875 2232.3935546875 2236.94091796875 2222.207275390625 2209.720703125 2189.62841796875 2164.30419921875 2153.539306640625 2160.67138671875 2153.84912109375 2142.166015625 2118.531982421875 2091.974365234375 2090.780029296875 2083.572021484375 2060.232177734375 2043.6285400390625 2019.3212890625 2001.0958251953125 1978.882568359375 1965.215576171875 1924.1568603515625 1895.837646484375 1882.837158203125 1855.9171142578125
-9999 -9999 -9999 -9999 2403.47607421875 2387.11572265625 2374.6865234375 2360.457763671875 2338.7919921875 2315.88525390625 2298.9775390625 2276.123779296875 2245.3720703125 2217.612060546875 2211.849853515625 2244.538330078125 2248.78076171875 2230.379638671875 2211.065185546875 2194.82421875 2183.9931640625 2183.2333984375 2185.42626953125 2197.34521484375 2223.903564453125 2226.8037109375 2210.775390625 2194.468017578125 2178.835693359375 2163.9765625 2147.14453125 2128.529296875 2114.460693359375 2099.352294921875 2086.693115234375 2070.319091796875 2066.3427734375 2070.290283203125 2062.698974609375 2048.50439453125 2030.146484375 2009.683837890625 1982.837890625 1963.352783203125 1912.6005859375 1890.7998046875 1869.4215087890625 1850.6904296875
-9999 -9999 -9999 -9999 2360.806884765625 2363.799560546875 2371.62060546875 2359.441650390625 2327.70654296875 2308.08935546875 2287.1826171875 2258.707763671875 2235.008544921875 2205.742431640625 2194.3017578125 2221.59814453125 2226.9375 2226.02197265625 2208.233154296875 2189.891845703125 2172.783203125 2160.70654296875 2158.531494140625 2173.083740234375 2188.779541015625 2200.28369140625 2212.20556640625 2197.28125 2189.120361328125 2173.142822265625 2155.736328125 2133.528564453125 2118.144775390625 2098.68212890625 2081.987060546875 2067.0361328125 2049.71435546875 2031.1654052734375 2035.2113037109375 2042.24267578125 2014.597412109375 1986.4349365234375 1951.5574951171875 1926.5548095703125 1906.626953125 1893.0634765625 1873.144287109375 1858.2244873046875
-9999 -9999 -9999 -9999 2319.62744140625 2315.684326171875 2335.322265625 2353.680908203125 2330.681640625 2314.22998046875 2277.66650390625 2253.852783203125 2222.642578125 2201.478271484375 2182.84423828125 2181.19140625 2205.476806640625 2219.636962890625 2206.548828125 2190.467529296875 2174.019287109375 2157.17724609375 2139.717529296875 2132.7197265625 2137.691650390625 2158.09326171875 2155.549072265625 2133.716552734375 2139.219482421875 2144.15380859375 2142.265380859375 2136.49853515625 2123.9423828125 2106.928955078125 2091.81494140625 2073.093505859375 2048.437255859375 2034.6588134765625 2008.3424072265625 1996.7833251953125 1984.1669921875 1957.9903564453125 1941.5699462890625 1927.7850341796875 1912.18798828125 1899.8714599609375 1881.642333984375 1864.31689453125
-9999 -9999 -9999 -9999 -9999 2298.220703125 2284.16162109375 2328.29248046875 2329.638916015625 2317.674072265625 2264.845947265625 2238.878662109375 2219.174072265625 2201.8525390625 2182.300537109375 2165.869873046875 2191.10205078125 2200.337646484375 2212.491455078125 2199.097900390625 2187.55126953125 2165.495849609375 2141.079833984375 2119.345458984375 2104.1767578125 2092.352783203125 2114.5693359375 2101.8095703125 2110.586181640625 2124.66650390625 2137.901123046875 2096.965576171875 2110.6640625 2103.6435546875 2085.19970703125 2065.749267578125 2051.463623046875 2030.2281494140625 1998.7293701171875 1983.0010986328125 1959.831787109375 1946.4571533203125 1936.3177490234375 1924.1783447265625 1911.8822021484375 1907.4652099609375 1895.537109375 1874.2410888671875
-9999 -9999 -9999 -9999 -9999 2279.344482421875 2272.455078125 2256.069091796875 2257.635009765625 2277.213623046875 2248.49951171875 2235.50390625 2219.4228515625 2203.415771484375 2178.155517578125 2153.72021484375 2167.607421875 2180.47021484375 2207.409912109375 2206.349365234375 2185.49365234375 2165.6181640625 2140.881103515625 2123.783447265625 2107.64794921875 2090.287841796875 2071.020751953125 2057.955078125 2085.570068359375 2074.623046875 2091.833740234375 2063.29296875 2089.356689453125 2076.180419921875 2062.939208984375 2029.4124755859375 2021.314453125 2006.870849609375 1980.221923828125 1973.331298828125 1960.5172119140625 1947.042236328125 1935.7755126953125 1923.560546875 1912.8707275390625 1907.2191162109375 1902.322509765625 1884.5596923828125
-9999 -9999 -9999 -9999 -9999 2282.55517578125 2265.493896484375 2245.423828125 2231.39306640625 2221.127685546875 2217.198974609375 2227.65478515625 2207.8134765625 2207.099365234375 2182.58740234375 2144.81103515625 2153.1982421875 2169.237060546875 2184.010009765625 2182.319580078125 2173.781494140625 2156.778564453125 2141.6162109375 2126.373046875 2114.873046875 2094.377197265625 2079.61083984375 2061.32080078125 2035.46875 2025.3836669921875 2049.10986328125 2035.1937255859375 2053.1875 2042.1737060546875 2027.66259765625 2004.6995849609375 1994.3990478515625 1981.755126953125 1969.176513671875 1962.306396484375 1954.765869140625 1944.116943359375 1939.1793212890625 1927.240478515625 1913.0224609375 1904.8099365234375 1901.0576171875 1883.40234375
-9999 -9999 -9999 -9999 -9999 -9999 2269.438720703125 2250.85888671875 2232.6259765625 2215.332275390625 2198.15966796875 2183.260009765625 2162.9169921875 2149.275390625 2175.04248046875 2141.329345703125 2136.85986328125 2140.496337890625 2159.983154296875 2146.063232421875 2146.52783203125 2136.616455078125 2130.659423828125 2122.091064453125 2112.952392578125 2099.801025390625 2078.75634765625 2060.642578125 2043.8408203125 2029.417724609375 2003.7755126953125 1998.0609130859375 2014.2294921875 2016.432861328125 2015.1981201171875 1992.2271728515625 1985.4420166015625 1975.0313720703125 1961.0272216796875 1952.6282958984375 1945.6002197265625 1936.406494140625 1935.2691650390625 1932.32958984375 1916.0330810546875 1903.1607666015625 1892.7550048828125 1881.6893310546875
