AvaFrame/avaframe/data/avaGar/Avaflow_Input_Output_s/DEM.asc
ncols        130
nrows        97
xllcorner    247320.745355147723
yllcorner    350697.455563890748
cellsize     20.000000000000
NODATA_value  -9999
[rows 42 to 62 of 97, columns 48 to 95 of 130]
1863.376953125 1846.64599609375 1831.07080078125 1812.7608642578125 1793.9688720703125 1777.215576171875 1758.73974609375 1734.6783447265625 1729.731689453125 1709.5411376953125 1686.55126953125 1662.937744140625 1644.916748046875 1628.2236328125 1613.9637451171875 1596.061279296875 1581.0972900390625 1562.232421875 1554.101806640625 1555.156005859375 1569.91748046875 1559.26318359375 1546.0389404296875 1533.660400390625 1522.413818359375 1512.17578125 1505.2510986328125 1501.0980224609375 1494.197021484375 1484.6995849609375 1486.0635986328125 1485.5606689453125 1479.0509033203125 1467.710205078125 1455.9373779296875 1443.6378173828125 1436.0787353515625 1425.44091796875 1415.892333984375 1408.3955078125 1401.0184326171875 1391.2667236328125 1379.0687255859375 1372.4033203125 1365.8935546875 1353.8768310546875 1352.9949951171875 1350.7740478515625
1861.4698486328125 1846.1170654296875 1830.817626953125 1814.735107421875 1800.34130859375 1782.9542236328125 1764.8546142578125 1740.8431396484375 1717.77783203125 1699.9359130859375 1680.2578125 1660.40673828125 1642.7508544921875 1626.3099365234375 1611.2799072265625 1596.1341552734375 1582.2301025390625 1564.6456298828125 1546.4444580078125 1539.9251708984375 1547.062744140625 1548.5697021484375 1533.6385498046875 1522.4901123046875 1511.915771484375 1501.5389404296875 1492.5565185546875 1484.6630859375 1479.6522216796875 1470.54150390625 1471.8983154296875 1471.125 1467.9365234375 1459.97998046875 1449.958984375 1439.4014892578125 1425.7142333984375 1417.0771484375 1407.5758056640625 1400.9063720703125 1394.322021484375 1386.936279296875 1379.8907470703125 1367.72021484375 1360.17236328125 1353.384521484375 1344.4735107421875 1340.91015625
1851.3016357421875 1838.7152099609375 1825.0428466796875 1812.5372314453125 1800.5509033203125 1787.7325439453125 1771.3240966796875 1748.099853515625 1724.855224609375 1705.794189453125 1684.5660400390625 1663.9718017578125 1645.79638671875 1630.5751953125 1617.618408203125 1601.3446044921875 1584.058837890625 1562.986083984375 1546.1656494140625 1530.7489013671875 1532.325927734375 1530.9271240234375 1520.355712890625 1511.86767578125 1502.0621337890625 1492.185791015625 1482.711181640625 1475.02099609375 1466.2205810546875 1458.7340087890625 1456.1044921875 1457.6319580078125 1453.618896484375 1450.1119384765625 1441.270263671875 1431.031494140625 1420.4669189453125 1409.1005859375 1399.8583984375 1393.083740234375 1387.0216064453125 1380.3323974609375 1374.97119140625 1367.4757080078125 1354.6871337890625 1349.3033447265625 1338.9608154296875 1336.8284912109375
1839.65185546875 1829.2421875 1817.9061279296875 1808.5360107421875 1796.6114501953125 1780.2301025390625 1763.385498046875 1746.7274169921875 1724.9449462890625 1705.2440185546875 1680.1024169921875 1662.168212890625 1649.6517333984375 1634.706298828125 1617.6767578125 1600.562255859375 1590.1512451171875 1561.816162109375 1540.498046875 1525.041748046875 1519.4114990234375 1522.5242919921875 1512.5616455078125 1503.2584228515625 1494.2958984375 1484.255615234375 1474.362060546875 1464.4061279296875 1458.11669921875 1448.9498291015625 1442.726318359375 1442.3350830078125 1440.0732421875 1437.434814453125 1432.5845947265625 1423.1383056640625 1411.9052734375 1401.0914306640625 1392.162353515625 1385.436767578125 1380.3551025390625 1373.49853515625 1367.1357421875 1357.7818603515625 1348.8238525390625 1341.025146484375 1337.3170166015625 1330.7808837890625
1830.0037841796875 1819.67822265625 1810.143798828125 1800.1326904296875 1789.186767578125 1769.263427734375 1754.0115966796875 1737.6552734375 1719.37109375 1691.979736328125 1669.0556640625 1651.801513671875 1639.5941162109375 1629.4722900390625 1612.55908203125 1593.6429443359375 1575.853759765625 1555.9061279296875 1539.1783447265625 1523.3568115234375 1511.4998779296875 1509.6678466796875 1506.4078369140625 1497.5745849609375 1488.4317626953125 1479.2132568359375 1468.93115234375 1458.141845703125 1449.2161865234375 1441.255126953125 1432.4676513671875 1427.9813232421875 1425.69384765625 1423.4688720703125 1420.3099365234375 1412.371337890625 1402.59619140625 1393.56396484375 1384.9512939453125 1376.852294921875 1370.4593505859375 1364.6383056640625 1356.5870361328125 1347.760498046875 1340.913818359375 1334.4078369140625 1338.227294921875 1326.68310546875
1815.84765625 1808.4114990234375 1800.4239501953125 1789.5992431640625 1776.5107421875 1761.4459228515625 1745.0499267578125 1723.873046875 1701.34765625 1679.2060546875 1660.2823486328125 1641.0865478515625 1624.675048828125 1614.4381103515625 1602.392822265625 1586.4449462890625 1568.7266845703125 1549.3897705078125 1534.1337890625 1519.2529296875 1505.420166015625 1498.0843505859375 1499.8748779296875 1491.489501953125 1482.7056884765625 1475.7205810546875 1470.81396484375 1460.274169921875 1447.9266357421875 1434.5338134765625 1425.2711181640625 1415.51806640625 1411.836669921875 1409.543212890625 1404.60595703125 1396.808349609375 1392.0079345703125 1383.039794921875 1374.8248291015625 1368.296142578125 1361.588623046875 1354.7890625 1349.079833984375 1344.2457275390625 1338.129638671875 1329.8179931640625 1327.4359130859375 1322.8466796875
1795.66162109375 1784.0289306640625 1786.6109619140625 1775.7308349609375 1764.48828125 1751.0592041015625 1729.027099609375 1704.3345947265625 1688.40771484375 1672.98486328125 1653.0367431640625 1636.349365234375 1617.3040771484375 1598.7357177734375 1589.9459228515625 1574.7664794921875 1558.546875 1544.4166259765625 1528.525390625 1511.3226318359375 1502.6131591796875 1490.126220703125 1488.2969970703125 1484.02685546875 1476.6103515625 1468.41845703125 1463.5499267578125 1461.865234375 1448.9503173828125 1434.9564208984375 1420.7825927734375 1409.2169189453125 1401.8238525390625 1396.0260009765625 1390.048583984375 1381.9664306640625 1377.5921630859375 1375.283447265625 1367.960693359375 1358.0986328125 1349.9681396484375 1347.7125244140625 1344.2406005859375 1339.63525390625 1331.91357421875 1320.9581298828125 1318.7615966796875 1323.9437255859375
1759.36376953125 1768.3135986328125 1770.0025634765625 1757.5203857421875 1743.092041015625 1719.610595703125 1703.30859375 1686.6431884765625 1672.027587890625 1657.230224609375 1638.7109375 1619.1531982421875 1601.185791015625 1589.3193359375 1574.7674560546875 1567.5670166015625 1555.138916015625 1539.3367919921875 1517.0361328125 1499.276123046875 1493.4537353515625 1486.474365234375 1476.673583984375 1477.8043212890625 1469.455078125 1462.1065673828125 1455.2183837890625 1454.5543212890625 1448.8023681640625 1435.2017822265625 1420.60009765625 1406.43017578125 1394.6851806640625 1385.9869384765625 1377.2034912109375 1372.0523681640625 1365.1824951171875 1360.299560546875 1354.3111572265625 1346.707763671875 1340.406494140625 1338.3240966796875 1335.0089111328125 1329.9696044921875 1321.2933349609375 1312.66259765625 1313.1114501953125 1318.4891357421875
1731.0023193359375 1745.15869140625 1729.7781982421875 1705.9150390625 1706.89501953125 1695.6971435546875 1680.1314697265625 1661.292724609375 1649.2713623046875 1632.8321533203125 1622.1173095703125 1606.7939453125 1589.4072265625 1574.5810546875 1564.69921875 1554.986572265625 1547.0391845703125 1531.1875 1507.0634765625 1492.4818115234375 1481.2210693359375 1478.7293701171875 1470.8673095703125 1464.7215576171875 1461.671630859375 1454.5936279296875 1448.169677734375 1442.839599609375 1440.858642578125 1433.4384765625 1421.711669921875 1407.749755859375 1393.207275390625 1381.19140625 1369.7127685546875 1360.9786376953125 1353.8878173828125 1346.406005859375 1340.259033203125 1334.56884765625 1332.7099609375 1328.3917236328125 1320.396484375 1318.02880859375 1310.7078857421875 1306.571533203125 1307.3902587890625 1308.8289794921875
1714.3631591796875 1713.995361328125 1697.1456298828125 1665.876220703125 1668.8775634765625 1665.28515625 1658.46337890625 1638.670654296875 1627.5430908203125 1616.76904296875 1606.837890625 1591.9061279296875 1577.822021484375 1563.6402587890625 1548.133544921875 1538.9271240234375 1533.4893798828125 1511.628173828125 1496.2374267578125 1481.44384765625 1471.044921875 1468.4085693359375 1466.0543212890625 1456.549560546875 1454.515869140625 1447.145751953125 1440.9166259765625 1435.2774658203125 1431.2059326171875 1424.743896484375 1417.232666015625 1408.7723388671875 1397.526123046875 1382.9281005859375 1368.143798828125 1355.676513671875 1346.5523681640625 1338.0396728515625 1328.765380859375 1324.425537109375 1322.0977783203125 1315.1446533203125 1306.858642578125 1301.9376220703125 1299.62841796875 1300.4730224609375 1300.9759521484375 1301.2904052734375
1698.3983154296875 1681.9483642578125 1666.81201171875 1645.2733154296875 1635.8609619140625 1637.046142578125 1620.8990478515625 1616.1612548828125 1604.477783203125 1591.3253173828125 1584.7115478515625 1572.9029541015625 1565.4429931640625 1555.282958984375 1540.45849609375 1524.3065185546875 1509.43505859375 1497.4337158203125 1487.518798828125 1471.9261474609375 1460.2491455078125 1459.9791259765625 1457.1143798828125 1452.8095703125 1441.6956787109375 1440.4764404296875 1433.5087890625 1427.3924560546875 1422.37109375 1417.1014404296875 1409.5113525390625 1400.5908203125 1392.4091796875 1381.4456787109375 1369.0782470703125 1354.2208251953125 1341.153076171875 1332.3681640625 1323.2349853515625 1315.182861328125 1307.93505859375 1301.237060546875 1295.4725341796875 1292.92138671875 1293.3564453125 1295.5479736328125 1296.9215087890625 1295.0321044921875
1686.483154296875 1663.515625 1650.1859130859375 1631.380126953125 1617.9136962890625 1610.525390625 1600.2451171875 1593.2923583984375 1581.0164794921875 1571.098876953125 1567.6270751953125 1558.1868896484375 1551.951416015625 1544.3951416015625 1535.993896484375 1523.1527099609375 1507.681884765625 1493.5469970703125 1479.3919677734375 1467.46728515625 1453.399658203125 1448.790283203125 1448.3856201171875 1444.7462158203125 1437.4981689453125 1431.5152587890625 1426.797607421875 1419.5037841796875 1414.6170654296875 1406.66943359375 1399.784912109375 1391.7772216796875 1382.519775390625 1371.9859619140625 1361.18408203125 1350.793212890625 1336.8521728515625 1325.876708984375 1318.1375732421875 1310.5272216796875 1302.1904296875 1294.4686279296875 1289.6968994140625 1288.638671875 1290.07470703125 1290.660400390625 1292.415283203125 1290.7083740234375
1657.047607421875 1642.250244140625 1633.529296875 1617.13818359375 1601.9932861328125 1596.71630859375 1586.868896484375 1574.7056884765625 1564.291015625 1554.64501953125 1547.6947021484375 1540.7156982421875 1532.2333984375 1528.8834228515625 1522.556640625 1515.446533203125 1505.885009765625 1491.16455078125 1475.0811767578125 1460.1934814453125 1444.749267578125 1438.2384033203125 1438.7989501953125 1436.250732421875 1431.230224609375 1422.9154052734375 1420.52978515625 1412.579833984375 1405.60107421875 1398.312744140625 1388.91796875 1380.508056640625 1371.3876953125 1361.6517333984375 1350.3109130859375 1339.469482421875 1331.3814697265625 1322.4053955078125 1313.58251953125 1305.9091796875 1298.51806640625 1290.9454345703125 1286.3148193359375 1285.8536376953125 1286.8929443359375 1287.51220703125 1286.32861328125 1286.5494384765625
1649.8289794921875 1634.4853515625 1616.586669921875 1601.0704345703125 1591.69775390625 1581.0223388671875 1572.8876953125 1563.0023193359375 1551.8218994140625 1544.3880615234375 1534.180419921875 1526.4976806640625 1522.4451904296875 1511.2088623046875 1504.6278076171875 1498.182373046875 1494.8809814453125 1482.7369384765625 1467.1435546875 1453.3455810546875 1439.3057861328125 1429.7213134765625 1429.5167236328125 1427.5419921875 1422.3143310546875 1419.5068359375 1410.7978515625 1407.8125 1399.0743408203125 1391.5250244140625 1382.839111328125 1373.1055908203125 1362.875 1351.575927734375 1340.7530517578125 1332.7877197265625 1324.8355712890625 1317.1697998046875 1310.044677734375 1303.2667236328125 1295.8887939453125 1288.4842529296875 1283.5845947265625 1283.507080078125 1283.214111328125 1282.7601318359375 1282.436767578125 1282.5855712890625
1643.5318603515625 1630.8607177734375 1610.56689453125 1591.234130859375 1578.644287109375 1568.321533203125 1560.8385009765625 1550.6702880859375 1540.237060546875 1526.8699951171875 1525.152099609375 1514.97265625 1510.0733642578125 1501.8287353515625 1490.3560791015625 1483.3824462890625 1481.1602783203125 1473.1380615234375 1461.4205322265625 1447.5894775390625 1434.33935546875 1421.5540771484375 1419.9090576171875 1418.3421630859375 1413.4122314453125 1409.7659912109375 1406.6929931640625 1399.2684326171875 1392.46826171875 1385.5589599609375 1377.9200439453125 1369.733154296875 1360.5592041015625 1351.1497802734375 1341.7232666015625 1331.7618408203125 1322.1070556640625 1314.223388671875 1307.3448486328125 1301.038818359375 1294.4302978515625 1287.862060546875 1282.644287109375 1281.567626953125 1280.0096435546875 1279.908447265625 1280.0389404296875 1279.487548828125
1626.85107421875 1616.2230224609375 1602.54833984375 1579.9879150390625 1564.1519775390625 1554.2032470703125 1548.540771484375 1540.2265625 1528.334716796875 1517.4256591796875 1506.8531494140625 1495.8238525390625 1490.2562255859375 1485.7650146484375 1476.90380859375 1465.7236328125 1466.06396484375 1464.6402587890625 1453.10302734375 1440.8720703125 1428.386474609375 1415.4105224609375 1410.56396484375 1408.8360595703125 1403.75830078125 1401.5069580078125 1397.8175048828125 1393.550048828125 1387.541015625 1379.8653564453125 1372.859619140625 1364.2742919921875 1355.62890625 1347.5615234375 1338.9552001953125 1330.769775390625 1323.8026123046875 1315.6602783203125 1307.14697265625 1301.71875 1292.828369140625 1287.3927001953125 1283.70849609375 1281.1617431640625 1277.2645263671875 1275.980224609375 1275.1800537109375 1274.8836669921875
1612.2545166015625 1599.5201416015625 1586.9132080078125 1570.756591796875 1552.4305419921875 1540.8359375 1536.1519775390625 1530.273193359375 1520.0341796875 1507.939208984375 1497.095947265625 1487.203369140625 1474.185302734375 1466.838623046875 1459.8197021484375 1454.121337890625 1448.07373046875 1453.438720703125 1445.8912353515625 1433.925048828125 1423.2379150390625 1410.150634765625 1401.9898681640625 1399.6876220703125 1394.3818359375 1392.0247802734375 1390.43115234375 1385.4669189453125 1380.34033203125 1374.5732421875 1367.1895751953125 1360.9166259765625 1352.1295166015625 1343.787109375 1335.8909912109375 1327.3994140625 1320.3155517578125 1311.3826904296875 1304.3240966796875 1298.025634765625 1292.773193359375 1288.485595703125 1283.6134033203125 1279.4913330078125 1274.56005859375 1273.0020751953125 1272.05615234375 1271.375
1603.4696044921875 1572.942138671875 1562.8863525390625 1548.359375 1533.009033203125 1526.7303466796875 1519.8675537109375 1517.4071044921875 1512.761962890625 1500.62353515625 1489.0439453125 1477.90673828125 1468.0931396484375 1456.132080078125 1448.4136962890625 1441.204345703125 1432.437255859375 1438.5086669921875 1436.80224609375 1427.8465576171875 1415.6632080078125 1407.0557861328125 1394.9437255859375 1391.2459716796875 1385.8438720703125 1382.705322265625 1381.2760009765625 1377.758056640625 1372.72119140625 1368.521484375 1361.791748046875 1355.736083984375 1349.1439208984375 1339.569580078125 1332.2413330078125 1326.351806640625 1316.945556640625 1309.0501708984375 1301.4759521484375 1295.08251953125 1290.047119140625 1284.362060546875 1280.0184326171875 1276.904296875 1272.6365966796875 1269.94775390625 1268.504150390625 1267.8563232421875
1588.7337646484375 1560.927001953125 1539.43115234375 1527.2109375 1515.7139892578125 1510.8270263671875 1506.9913330078125 1503.9952392578125 1503.775146484375 1499.3963623046875 1485.19873046875 1471.1822509765625 1460.017822265625 1449.717529296875 1439.064697265625 1431.32080078125 1423.4326171875 1423.1669921875 1422.2899169921875 1419.156494140625 1409.124267578125 1396.710693359375 1388.663330078125 1382.6207275390625 1379.23046875 1373.5797119140625 1370.774658203125 1369.746826171875 1364.449951171875 1360.2249755859375 1356.134521484375 1348.6776123046875 1345.220458984375 1339.291748046875 1330.0047607421875 1321.22216796875 1315.2874755859375 1307.4078369140625 1299.755126953125 1292.596923828125 1286.619384765625 1281.4483642578125 1278.2476806640625 1273.9229736328125 1270.4107666015625 1266.79638671875 1265.807861328125 1264.6158447265625
1567.1141357421875 1550.38037109375 1532.970947265625 1517.57080078125 1503.9364013671875 1498.3154296875 1493.6925048828125 1491.0870361328125 1487.868896484375 1490.3017578125 1481.8427734375 1467.3538818359375 1453.5245361328125 1442.194580078125 1432.4423828125 1424.276123046875 1415.7958984375 1407.022216796875 1406.444580078125 1405.77783203125 1399.629638671875 1389.484130859375 1377.7921142578125 1371.7135009765625 1371.1617431640625 1368.048095703125 1362.810302734375 1360.6290283203125 1357.447021484375 1352.4853515625 1347.4818115234375 1345.421875 1337.784423828125 1332.919921875 1327.843017578125 1319.8338623046875 1310.4110107421875 1305.1588134765625 1298.56005859375 1291.671630859375 1284.877685546875 1279.72900390625 1274.634765625 1270.884521484375 1268.083251953125 1265.1312255859375 1263.4468994140625 1261.6441650390625
1556.6575927734375 1543.102783203125 1526.785400390625 1508.661865234375 1497.6214599609375 1485.087158203125 1481.6248779296875 1479.55859375 1474.1439208984375 1474.4010009765625 1474.974853515625 1465.3890380859375 1450.8465576171875 1436.05224609375 1425.14111328125 1416.725341796875 1408.367919921875 1398.239013671875 1392.395751953125 1390.561767578125 1389.5653076171875 1379.583251953125 1369.52001953125 1361.7786865234375 1362.270751953125 1360.958251953125 1356.85009765625 1351.850341796875 1349.8665771484375 1344.513427734375 1340.2626953125 1336.4510498046875 1334.87548828125 1326.4925537109375 1321.739501953125 1316.9666748046875 1311.012451171875 1301.16455078125 1294.9490966796875 1289.7904052734375 1283.2232666015625 1277.3387451171875 1272.974609375 1269.0751953125 1266.3570556640625 1263.4288330078125 1259.67626953125 1258.2890625
