AvaFrame/avaframe/data/avaGar/Avaflow_Input_Output_s/DEM.asc
ncols        130
nrows        97
xllcorner    247320.745355147723
yllcorner    350697.455563890748
cellsize     20.000000000000
NODATA_value  -9999
[rows 0 to 20 of 97, columns 0 to 47 of 130]
-9999.0 -9999 -9999 -9999 -9999 -9999 -9999 -9999 -9999 -9999 -9999 -9999 -9999 -9999 -9999 -9999 -9999 -9999 -9999 -9999 -9999 -9999 -9999 -9999 -9999 -9999 -9999 -9999 -9999 -9999 -9999 -9999 -9999 -9999 -9999 2398.630615234375 2386.310546875 2301.156005859375 2273.3505859375 2260.92431640625 2248.07763671875 2234.015869140625 2219.962158203125 -9999 -9999 -9999 -9999 -9999
-9999 -9999 -9999 -9999 -9999 -9999 -9999 -9999 -9999 -9999 -9999 -9999 -9999 -9999 -9999 -9999 -9999 -9999 -9999 -9999 -9999 -9999 -9999 -9999 -9999 -9999 2473.78466796875 2473.941162109375 2494.3173828125 2547.072998046875 2507.43701171875 2447.411376953125 2396.58251953125 2384.5673828125 2402.084228515625 2364.710205078125 2305.68408203125 2277.7666015625 2266.10107421875 2253.979736328125 2241.788818359375 2229.2734375 2216.002197265625 2202.73193359375 2189.637451171875 -9999 -9999 -9999
-9999 -9999 -9999 -9999 -9999 -9999 -9999 -9999 -9999 -9999 -9999 -9999 -9999 -9999 -9999 -9999 -9999 -9999 2501.83349609375 2616.661376953125 2666.7021484375 2619.2392578125 2597.920654296875 2576.456298828125 2583.849853515625 2499.799072265625 2453.74853515625 2453.039794921875 2520.283203125 2466.19287109375 2427.7568359375 2384.618408203125 2362.816650390625 2377.521728515625 2381.8544921875 2330.217041015625 2288.818359375 2274.890625 2260.763916015625 2247.4755859375 2234.982421875 2223.116455078125 2211.11376953125 2198.53076171875 2185.69775390625 2173.08203125 2160.540771484375 -9999
-9999 -9999 -9999 -9999 -9999 -9999 -9999 -9999 -9999 -9999 -9999 -9999 -9999 -9999 -9999 -9999 2437.5556640625 2532.864501953125 2555.04638671875 2631.40576171875 2646.72705078125 2620.283447265625 2588.598876953125 2524.268310546875 2564.77880859375 2490.54541015625 2439.552734375 2439.286865234375 2436.4765625 2422.4609375 2383.28759765625 2368.375732421875 2354.418701171875 2349.89794921875 2328.427001953125 2303.701416015625 2289.6708984375 2275.740966796875 2262.281005859375 2248.31689453125 2234.09033203125 2219.9931640625 2205.986572265625 2193.752685546875 2181.802001953125 2169.684814453125 2157.83154296875 2145.70068359375
-9999 -9999 -9999 -9999 -9999 -9999 -9999 -9999 -9999 -9999 -9999 -9999 -9999 2353.65576171875 2367.21044921875 2380.23681640625 2457.6708984375 2578.53759765625 2583.418212890625 2612.703369140625 2617.264404296875 2621.69873046875 2571.4833984375 2478.106689453125 2518.5107421875 2463.18701171875 2427.99658203125 2421.46923828125 2403.91796875 2389.989990234375 2375.49072265625 2361.06494140625 2346.669921875 2332.649169921875 2318.75537109375 2304.226318359375 2289.439453125 2275.651611328125 2261.68505859375 2247.70556640625 2234.00634765625 2220.308837890625 2206.50048828125 2193.50341796875 2181.254150390625 2168.905029296875 2157.12841796875 2145.61376953125
-9999 -9999 -9999 -9999 -9999 -9999 -9999 -9999 -9999 -9999 2327.120849609375 2339.15234375 2349.2978515625 2361.5712890625 2373.63037109375 2387.48046875 2510.753662109375 2566.58251953125 2618.635986328125 2576.376953125 2607.491943359375 2613.58203125 2543.21484375 2473.55517578125 2429.178955078125 2417.06298828125 2414.364013671875 2407.983154296875 2398.685791015625 2386.24169921875 2373.093505859375 2359.340576171875 2344.9736328125 2330.738525390625 2316.47509765625 2302.5146484375 2288.4609375 2274.63818359375 2260.69970703125 2247.043701171875 2233.361572265625 2219.983642578125 2207.108642578125 2194.4443359375 2182.20458984375 2170.040771484375 2158.246826171875 2146.81884765625
-9999 -9999 -9999 -9999 -9999 -9999 -9999 -9999 2305.9755859375 2321.674072265625 2335.113037109375 2347.724853515625 2356.966796875 2367.56103515625 2381.080078125 2393.90283203125 2509.705322265625 2552.769775390625 2618.789306640625 2573.7060546875 2557.287841796875 2591.25048828125 2525.625732421875 2457.093017578125 2406.65283203125 2402.122802734375 2402.1708984375 2396.1484375 2388.38623046875 2377.887451171875 2366.891357421875 2354.38818359375 2341.806396484375 2328.546875 2314.95263671875 2301.06103515625 2287.262939453125 2273.652587890625 2260.4267578125 2246.18115234375 2232.651123046875 2218.5419921875 2205.4580078125 2193.52685546875 2181.528564453125 2169.620361328125 2158.41015625 2147.961669921875
-9999 -9999 -9999 -9999 -9999 2277.321044921875 2290.148193359375 2304.94970703125 2312.45166015625 2325.716796875 2340.720947265625 2356.61962890625 2366.52685546875 2374.92138671875 2388.288818359375 2401.31201171875 2509.80126953125 2549.640380859375 2599.67724609375 2576.69775390625 2532.90576171875 2544.7412109375 2523.49462890625 2449.962158203125 2401.0634765625 2385.72509765625 2388.060791015625 2384.396728515625 2376.71435546875 2368.635498046875 2357.90185546875 2347.6318359375 2335.6337890625 2323.022705078125 2310.3115234375 2297.505615234375 2284.14892578125 2270.40771484375 2256.307861328125 2242.75634765625 2230.004150390625 2216.982421875 2204.025390625 2191.531494140625 2179.236083984375 2167.693603515625 2157.00830078125 2147.921630859375
-9999 -9999 -9999 -9999 -9999 2288.040283203125 2300.01513671875 2316.8271484375 2325.05908203125 2332.8251953125 2345.300048828125 2359.56005859375 2373.888916015625 2384.14111328125 2395.353515625 2417.94189453125 2522.924560546875 2552.71240234375 2595.325439453125 2558.75048828125 2528.2998046875 2486.04248046875 2512.95556640625 2438.12255859375 2396.4150390625 2370.90966796875 2369.28466796875 2372.724365234375 2365.6416015625 2357.531005859375 2349.673095703125 2338.689208984375 2328.384765625 2316.300537109375 2304.19189453125 2292.01904296875 2279.981201171875 2266.681640625 2253.01904296875 2239.59423828125 2226.34619140625 2214.085205078125 2202.467529296875 2190.638916015625 2178.8623046875 2167.20556640625 2156.5986328125 2148.51708984375
-9999 -9999 -9999 -9999 -9999 2296.0087890625 2308.147216796875 2326.430908203125 2340.699951171875 2350.801025390625 2356.82421875 2368.246826171875 2380.60791015625 2392.3671875 2403.556884765625 2484.894287109375 2522.879150390625 2556.409423828125 2572.0126953125 2548.963134765625 2522.49267578125 2479.277099609375 2436.27783203125 2383.578857421875 2370.09912109375 2359.69873046875 2350.487548828125 2355.260498046875 2355.79443359375 2347.1875 2338.849365234375 2329.96875 2319.50927734375 2308.30029296875 2296.979736328125 2284.75146484375 2273.508056640625 2261.239501953125 2248.708984375 2235.87255859375 2223.4365234375 2209.973876953125 2198.3779296875 2187.3740234375 2176.6435546875 2165.982177734375 2156.459716796875 2149.328125
-9999 -9999 -9999 -9999 2296.530517578125 2309.39697265625 2334.697265625 2341.545166015625 2355.3310546875 2365.19140625 2375.238037109375 2380.550048828125 2388.135009765625 2397.094970703125 2414.920654296875 2488.271484375 2526.040771484375 2542.135498046875 2526.229736328125 2549.29345703125 2524.52294921875 2498.989013671875 2416.344970703125 2376.480224609375 2356.8017578125 2342.6708984375 2340.1376953125 2333.875244140625 2346.271240234375 2338.27001953125 2328.803466796875 2320.59912109375 2311.365234375 2301.4921875 2290.3447265625 2278.635986328125 2267.03125 2255.800537109375 2244.695556640625 2232.37646484375 2220.159423828125 2208.0908203125 2196.40869140625 2185.1220703125 2174.088134765625 2163.840576171875 2155.90771484375 2147.74951171875
-9999 -9999 -9999 -9999 2302.92822265625 2322.262939453125 2341.24169921875 2354.773681640625 2363.80029296875 2375.619140625 2386.68994140625 2391.47998046875 2398.658447265625 2423.909423828125 2429.439697265625 2486.1357421875 2499.16748046875 2471.75048828125 2476.319580078125 2463.71435546875 2479.47119140625 2476.034912109375 2409.79052734375 2376.86279296875 2359.183837890625 2335.24755859375 2323.296142578125 2316.861572265625 2332.76806640625 2329.7685546875 2322.79833984375 2311.56201171875 2302.959228515625 2294.12255859375 2284.321533203125 2273.671630859375 2262.4443359375 2250.795654296875 2239.111083984375 2228.020751953125 2216.7314453125 2204.917724609375 2193.542236328125 2183.059326171875 2172.625244140625 2162.5185546875 2153.33447265625 2144.285888671875
-9999 -9999 -9999 -9999 2292.2451171875 2328.96728515625 2349.611083984375 2363.61669921875 2373.48876953125 2385.555908203125 2397.36279296875 2405.848388671875 2413.44580078125 2445.38818359375 2450.607177734375 2483.051513671875 2486.95654296875 2419.77734375 2413.825439453125 2408.631591796875 2412.22021484375 2396.042724609375 2383.159912109375 2369.4970703125 2347.75537109375 2326.423828125 2311.965576171875 2301.759521484375 2311.68115234375 2321.3291015625 2318.879150390625 2303.2509765625 2294.491943359375 2286.5341796875 2277.947998046875 2268.6142578125 2259.48583984375 2248.531982421875 2234.557373046875 2224.2353515625 2213.661376953125 2202.88330078125 2191.90283203125 2181.384033203125 2171.175048828125 2161.789306640625 2152.941162109375 2147.69677734375
-9999 -9999 -9999 2295.011962890625 2314.28076171875 2339.956787109375 2355.539794921875 2367.803466796875 2383.91748046875 2398.678466796875 2413.6865234375 2421.401611328125 2446.755859375 2439.113037109375 2424.993896484375 2417.229736328125 2409.05859375 2399.20849609375 2386.244873046875 2378.362060546875 2388.78271484375 2379.290771484375 2363.04541015625 2352.4775390625 2339.27685546875 2324.206298828125 2312.333984375 2294.058349609375 2300.661376953125 2307.663818359375 2297.985595703125 2290.98876953125 2285.257080078125 2280.954345703125 2272.94482421875 2263.29736328125 2257.5732421875 2246.81689453125 2236.6337890625 2221.1748046875 2209.665771484375 2201.69384765625 2191.15771484375 2181.883544921875 2171.68359375 2163.4462890625 2156.851318359375 2153.808349609375
-9999 -9999 -9999 2307.78466796875 2336.474853515625 2354.3056640625 2369.284423828125 2392.26171875 2404.30126953125 2408.25 2423.66162109375 2436.4609375 2432.35986328125 2419.735595703125 2410.412353515625 2404.152587890625 2396.688232421875 2389.411376953125 2375.285888671875 2360.05126953125 2353.727783203125 2349.146484375 2349.91064453125 2339.637451171875 2327.10888671875 2325.549560546875 2298.65283203125 2278.749755859375 2271.848876953125 2295.730712890625 2283.74560546875 2271.138671875 2285.430419921875 2279.64697265625 2268.89990234375 2257.28125 2245.334228515625 2240.280029296875 2231.720458984375 2215.64697265625 2209.21630859375 2203.663330078125 2193.9794921875 2186.32275390625 2177.7734375 2171.185302734375 2166.963623046875 2162.291259765625
-9999 -9999 -9999 2322.974853515625 2349.006103515625 2369.271484375 2383.27099609375 2400.521240234375 2414.970947265625 2420.116455078125 2433.9169921875 2434.390625 2421.501708984375 2410.79052734375 2400.400634765625 2392.727294921875 2386.12158203125 2380.026123046875 2373.08203125 2359.971435546875 2340.875 2325.396240234375 2337.5390625 2322.06640625 2307.81201171875 2292.548828125 2275.5654296875 2262.478759765625 2268.247314453125 2282.28759765625 2262.87353515625 2249.90625 2278.203369140625 2270.103515625 2264.281494140625 2250.779052734375 2234.293701171875 2225.919189453125 2223.20458984375 2216.143798828125 2207.732666015625 2201.62890625 2195.313232421875 2189.2568359375 2182.810791015625 2178.17626953125 2172.395263671875 2170.4345703125
-9999 -9999 2305.65625 2311.437255859375 2343.318115234375 2386.874755859375 2401.3212890625 2413.038818359375 2426.48583984375 2433.583740234375 2440.4150390625 2428.447998046875 2416.904052734375 2409.484619140625 2400.476806640625 2391.959228515625 2382.6416015625 2374.267578125 2360.181396484375 2346.362548828125 2340.374267578125 2315.600341796875 2306.79248046875 2294.74658203125 2284.9345703125 2277.16943359375 2262.221435546875 2253.04296875 2237.02587890625 2238.2119140625 2245.099365234375 2237.423583984375 2235.65087890625 2243.37646484375 2260.8408203125 2247.357177734375 2229.726318359375 2213.270751953125 2206.853271484375 2203.7216796875 2193.636962890625 2187.694580078125 2198.566650390625 2191.594482421875 2187.014892578125 2183.044921875 2179.28955078125 2175.623779296875
-9999 -9999 2319.027099609375 2325.360595703125 2364.105224609375 2401.659423828125 2416.421142578125 2426.656494140625 2435.77490234375 2448.672607421875 2439.0263671875 2426.15869140625 2419.363525390625 2412.486572265625 2401.699462890625 2390.498046875 2380.89013671875 2368.27001953125 2357.16943359375 2340.8466796875 2324.512451171875 2308.677490234375 2293.36865234375 2284.604736328125 2272.870361328125 2260.69580078125 2249.204345703125 2238.4423828125 2228.33251953125 2218.678466796875 2214.257568359375 2207.761474609375 2208.685791015625 2207.431884765625 2214.61083984375 2224.7958984375 2226.73486328125 2211.81591796875 2195.45654296875 2182.302734375 2176.55859375 2172.7900390625 2179.404296875 2176.92041015625 2189.559814453125 2172.83837890625 2171.953125 2180.314453125
-9999 -9999 2332.23095703125 2338.2236328125 2378.983642578125 2417.2314453125 2430.417724609375 2443.777099609375 2446.111083984375 2453.919921875 2439.4560546875 2430.31689453125 2420.489990234375 2412.673095703125 2402.623779296875 2397.07763671875 2386.42041015625 2364.14306640625 2341.21337890625 2329.919677734375 2315.087158203125 2302.13623046875 2291.55859375 2272.19873046875 2262.4990234375 2252.149169921875 2242.07275390625 2229.40185546875 2219.8662109375 2210.394775390625 2200.55126953125 2195.40185546875 2192.0224609375 2190.152099609375 2195.529541015625 2213.72412109375 2223.1884765625 2207.147216796875 2189.325927734375 2173.711181640625 2159.792724609375 2156.4306640625 2157.41552734375 2158.662109375 2167.20166015625 2156.694091796875 2149.7099609375 2171.76025390625
-9999 2333.75048828125 2340.758056640625 2352.9755859375 2415.47119140625 2431.2744140625 2441.3984375 2453.18701171875 2460.866455078125 2454.68115234375 2443.82763671875 2433.50244140625 2424.024658203125 2415.33984375 2408.656982421875 2402.34619140625 2386.4404296875 2358.65576171875 2333.6298828125 2316.408447265625 2306.15234375 2294.354248046875 2280.95166015625 2265.89599609375 2252.641357421875 2239.1083984375 2232.398193359375 2222.314208984375 2211.483642578125 2201.747314453125 2191.49853515625 2182.0654296875 2175.207763671875 2173.716064453125 2177.87060546875 2203.7822265625 2206.7568359375 2204.46044921875 2189.039306640625 2172.069091796875 2155.311279296875 2135.755615234375 2124.883056640625 2126.951416015625 2115.603759765625 2111.258544921875 2114.6220703125 2119.420654296875
-9999 2345.397216796875 2362.5517578125 2363.049560546875 2408.960205078125 2440.38037109375 2459.908447265625 2461.925537109375 2465.702880859375 2456.861083984375 2446.326171875 2437.36669921875 2427.3076171875 2419.900146484375 2411.037841796875 2405.736328125 2358.826416015625 2341.632080078125 2324.579833984375 2309.83984375 2296.5908203125 2288.127685546875 2276.049072265625 2250.52685546875 2240.080078125 2232.90576171875 2221.218017578125 2214.056640625 2203.698974609375 2194.477294921875 2183.193359375 2172.806396484375 2163.332275390625 2159.017822265625 2156.851318359375 2170.60498046875 2179.19873046875 2193.14453125 2182.05908203125 2172.435302734375 2151.609130859375 2132.67724609375 2111.491455078125 2100.947509765625 2093.66357421875 2070.85693359375 2052.4658203125 2075.09814453125
